bin_start_us,bin_end_us,bin_mid_us,pdf_per_us,probability,count
250.0,255.0,252.5,2.0787982e-05,0.00010393991,0
350.0,355.0,352.5,1.22474e-06,6.1237e-06,0
380.0,385.0,382.5,0.009085326,0.04542663,0
385.0,390.0,387.5,0.007850802,0.03925401,0
390.0,395.0,392.5,0.001471318,0.00735659,0
395.0,400.0,397.5,0.0013822936,0.006911468,0
400.0,405.0,402.5,0.0017062994,0.008531497,0
405.0,410.0,407.5,0.0015405738,0.007702869,0
410.0,415.0,412.5,0.0013720344,0.006860172,0
415.0,420.0,417.5,0.000452418,0.00226209,0
420.0,425.0,422.5,0.0005380452,0.002690226,0
425.0,430.0,427.5,0.0006015916,0.003007958,0
430.0,435.0,432.5,0.0007304414,0.003652207,0
435.0,440.0,437.5,0.0007912412,0.003956206,0
440.0,445.0,442.5,0.0008690982,0.004345491,0
445.0,450.0,447.5,0.0007934524,0.003967262,0
450.0,455.0,452.5,0.0007563724,0.003781862,0
455.0,460.0,457.5,0.000800737,0.004003685,0
460.0,465.0,462.5,0.0007317722,0.003658861,0
465.0,470.0,467.5,0.0006152534,0.003076267,0
470.0,475.0,472.5,0.0006256396,0.003128198,0
475.0,480.0,477.5,0.0006806324,0.003403162,0
480.0,485.0,482.5,0.0005615812,0.002807906,0
485.0,490.0,487.5,0.0005479774,0.002739887,0
490.0,495.0,492.5,0.0005640058,0.002820029,0
495.0,500.0,497.5,0.0005698226,0.002849113,0
500.0,505.0,502.5,0.0005752126,0.002876063,0
505.0,510.0,507.5,0.0005111322,0.002555661,0
510.0,515.0,512.5,0.0005523872,0.002761936,0
515.0,520.0,517.5,0.0005357978,0.002678989,0
520.0,525.0,522.5,0.000825748,0.00412874,0
525.0,530.0,527.5,0.0005021994,0.002510997,0
530.0,535.0,532.5,0.0005129604,0.002564802,0
535.0,540.0,537.5,0.000564784,0.00282392,0
540.0,545.0,542.5,0.0005658418,0.002829209,0
545.0,550.0,547.5,0.0005116496,0.002558248,0
550.0,555.0,552.5,0.00050704296,0.0025352148,0
555.0,560.0,557.5,0.0004941896,0.002470948,0
560.0,565.0,562.5,0.0005085398,0.002542699,0
565.0,570.0,567.5,0.00049379456,0.0024689728,0
570.0,575.0,572.5,0.0004968071,0.0024840355,0
575.0,580.0,577.5,0.00052697462,0.0026348731,0
580.0,585.0,582.5,0.0006210144,0.003105072,0
585.0,590.0,587.5,0.0005552462,0.002776231,0
590.0,595.0,592.5,0.0005561538,0.002780769,0
595.0,600.0,597.5,0.0005181342,0.002590671,0
600.0,605.0,602.5,0.000533439,0.002667195,0
605.0,610.0,607.5,0.0005773464,0.002886732,0
610.0,615.0,612.5,0.0006205364,0.003102682,0
615.0,620.0,617.5,0.000661746,0.00330873,0
620.0,625.0,622.5,0.0006089162,0.003044581,0
625.0,630.0,627.5,0.0005669984,0.002834992,0
630.0,635.0,632.5,0.0006676378,0.003338189,0
635.0,640.0,637.5,0.0006549164,0.003274582,0
640.0,645.0,642.5,0.0007220046,0.003610023,0
645.0,650.0,647.5,0.00083314,0.0041657,0
650.0,655.0,652.5,0.0008258342,0.004129171,0
655.0,660.0,657.5,0.0008068158,0.004034079,0
660.0,665.0,662.5,0.0006849828,0.003424914,0
665.0,670.0,667.5,0.000784832,0.00392416,0
670.0,675.0,672.5,0.0006674146,0.003337073,0
675.0,680.0,677.5,0.000662398,0.00331199,0
680.0,685.0,682.5,0.0005450074,0.002725037,0
685.0,690.0,687.5,0.0005447164,0.002723582,0
690.0,695.0,692.5,0.0005237222,0.002618611,0
695.0,700.0,697.5,0.000587981,0.002939905,0
700.0,705.0,702.5,0.0006010792,0.003005396,0
705.0,710.0,707.5,0.0006158018,0.003079009,0
710.0,715.0,712.5,0.0006533466,0.003266733,0
715.0,720.0,717.5,0.00061032,0.0030516,0
720.0,725.0,722.5,0.0006178214,0.003089107,0
725.0,730.0,727.5,0.0006540336,0.003270168,0
730.0,735.0,732.5,0.0006424564,0.003212282,0
735.0,740.0,737.5,0.0007142598,0.003571299,0
740.0,745.0,742.5,0.0006781762,0.003390881,0
745.0,750.0,747.5,0.0006354736,0.003177368,0
750.0,755.0,752.5,0.0006236754,0.003118377,0
755.0,760.0,757.5,0.000632361,0.003161805,0
760.0,765.0,762.5,0.000655133,0.003275665,0
765.0,770.0,767.5,0.000634328,0.00317164,0
770.0,775.0,772.5,0.0006078428,0.003039214,0
775.0,780.0,777.5,0.0005813434,0.002906717,0
780.0,785.0,782.5,0.0005716416,0.002858208,0
785.0,790.0,787.5,0.0005208174,0.002604087,0
790.0,795.0,792.5,0.000556179,0.002780895,0
795.0,800.0,797.5,0.0004739062,0.002369531,0
800.0,805.0,802.5,0.0004924918,0.002462459,0
805.0,810.0,807.5,0.000430728,0.00215364,0
810.0,815.0,812.5,0.0004283366,0.002141683,0
815.0,820.0,817.5,0.0005040476,0.002520238,0
820.0,825.0,822.5,0.0004611898,0.002305949,0
825.0,830.0,827.5,0.0004885194,0.002442597,0
830.0,835.0,832.5,0.000548377,0.002741885,0
835.0,840.0,837.5,0.0007130158,0.003565079,0
840.0,845.0,842.5,0.0007017606,0.003508803,0
845.0,850.0,847.5,0.0006671766,0.003335883,0
850.0,855.0,852.5,0.0007316508,0.003658254,0
855.0,860.0,857.5,0.0011034122,0.005517061,0
860.0,865.0,862.5,0.0009167924,0.004583962,0
865.0,870.0,867.5,0.00038407392,0.0019203696,0
870.0,875.0,872.5,0.00030012878,0.0015006439,0
875.0,880.0,877.5,0.00024009358,0.0012004679,0
880.0,885.0,882.5,0.00017046504,0.0008523252,0
885.0,890.0,887.5,0.00014470278,0.0007235139,0
890.0,895.0,892.5,0.00014302264,0.0007151132,0
895.0,900.0,897.5,0.00019120718,0.0009560359,0
900.0,905.0,902.5,0.00022111208,0.0011055604,0
905.0,910.0,907.5,0.00030423902,0.0015211951,0
910.0,915.0,912.5,0.0003653534,0.001826767,0
915.0,920.0,917.5,0.0004920342,0.002460171,0
920.0,925.0,922.5,0.0004830794,0.002415397,0
925.0,930.0,927.5,0.0004665014,0.002332507,0
930.0,935.0,932.5,0.0004920338,0.002460169,0
935.0,940.0,937.5,0.0004784711,0.0023923555,0
940.0,945.0,942.5,0.0004816854,0.002408427,0
945.0,950.0,947.5,0.00043887274,0.0021943637,0
950.0,955.0,952.5,0.0004235552,0.002117776,0
955.0,960.0,957.5,0.0004202554,0.002101277,0
960.0,965.0,962.5,0.0004129302,0.002064651,0
965.0,970.0,967.5,0.000427308,0.00213654,0
970.0,975.0,972.5,0.0004151078,0.002075539,0
975.0,980.0,977.5,0.0004005636,0.002002818,0
980.0,985.0,982.5,0.00039678692,0.0019839346,0
985.0,990.0,987.5,0.0003465252,0.001732626,0
990.0,995.0,992.5,0.0003951424,0.001975712,0
995.0,1000.0,997.5,0.0003257012,0.001628506,0
1000.0,1005.0,1002.5,0.00037795272,0.0018897636,0
1005.0,1010.0,1007.5,0.0003748578,0.001874289,0
1010.0,1015.0,1012.5,0.0003929734,0.001964867,0
1015.0,1020.0,1017.5,0.000405307,0.002026535,0
1020.0,1025.0,1022.5,0.0003690002,0.001845001,0
1025.0,1030.0,1027.5,0.0003675644,0.001837822,0
1030.0,1035.0,1032.5,0.00034885996,0.0017442998,0
1035.0,1040.0,1037.5,0.00034260882,0.0017130441,0
1040.0,1045.0,1042.5,0.00034485528,0.0017242764,0
1045.0,1050.0,1047.5,0.00034179148,0.0017089574,0
1050.0,1055.0,1052.5,0.0003659243,0.0018296215,0
1055.0,1060.0,1057.5,0.0002948001,0.0014740005,0
1060.0,1065.0,1062.5,0.0003543081,0.0017715405,0
1065.0,1070.0,1067.5,0.00035048096,0.0017524048,0
1070.0,1075.0,1072.5,0.00034104836,0.0017052418,0
1075.0,1080.0,1077.5,0.00041990502,0.0020995251,0
1080.0,1085.0,1082.5,0.0003788906,0.001894453,0
1085.0,1090.0,1087.5,0.0003366704,0.001683352,0
1090.0,1095.0,1092.5,0.0003521524,0.001760762,0
1095.0,1100.0,1097.5,0.000365711,0.001828555,0
1100.0,1105.0,1102.5,0.0003697342,0.001848671,0
1105.0,1110.0,1107.5,0.0003621838,0.001810919,0
1110.0,1115.0,1112.5,0.00038081024,0.0019040512,0
1115.0,1120.0,1117.5,0.0003606616,0.001803308,0
1120.0,1125.0,1122.5,0.00041064348,0.0020532174,0
1125.0,1130.0,1127.5,0.000374495,0.001872475,0
1130.0,1135.0,1132.5,0.00036393052,0.0018196526,0
1135.0,1140.0,1137.5,0.00036337494,0.0018168747,0
1140.0,1145.0,1142.5,0.00034062034,0.0017031017,0
1145.0,1150.0,1147.5,0.0003623732,0.001811866,0
1150.0,1155.0,1152.5,0.0003449226,0.001724613,0
1155.0,1160.0,1157.5,0.00029987912,0.0014993956,0
1160.0,1165.0,1162.5,0.00032524082,0.0016262041,0
1165.0,1170.0,1167.5,0.0002850616,0.001425308,0
1170.0,1175.0,1172.5,0.00030436052,0.0015218026,0
1175.0,1180.0,1177.5,0.00033251752,0.0016625876,0
1180.0,1185.0,1182.5,0.000277246,0.00138623,0
1185.0,1190.0,1187.5,0.00033710094,0.0016855047,0
1190.0,1195.0,1192.5,0.0003608656,0.001804328,0
1195.0,1200.0,1197.5,0.0003785232,0.001892616,0
1200.0,1205.0,1202.5,0.0003812624,0.001906312,0
1205.0,1210.0,1207.5,0.0004186688,0.002093344,0
1210.0,1215.0,1212.5,0.00041802674,0.0020901337,0
1215.0,1220.0,1217.5,0.00036130872,0.0018065436,0
1220.0,1225.0,1222.5,0.0004645928,0.002322964,0
1225.0,1230.0,1227.5,0.0003851268,0.001925634,0
1230.0,1235.0,1232.5,0.000362003,0.001810015,0
1235.0,1240.0,1237.5,0.0004129696,0.002064848,0
1240.0,1245.0,1242.5,0.000398703,0.001993515,0
1245.0,1250.0,1247.5,0.00038723204,0.0019361602,0
1250.0,1255.0,1252.5,0.0003615204,0.001807602,0
1255.0,1260.0,1257.5,0.00037023832,0.0018511916,0
1260.0,1265.0,1262.5,0.0003244934,0.001622467,0
1265.0,1270.0,1267.5,0.00032890898,0.0016445449,0
1270.0,1275.0,1272.5,0.00026812654,0.0013406327,0
1275.0,1280.0,1277.5,0.0003025696,0.001512848,0
1280.0,1285.0,1282.5,0.0003093004,0.001546502,0
1285.0,1290.0,1287.5,0.0002722092,0.001361046,0
1290.0,1295.0,1292.5,0.000268969,0.001344845,0
1295.0,1300.0,1297.5,0.00028080488,0.0014040244,0
1300.0,1305.0,1302.5,0.0003003098,0.001501549,0
1305.0,1310.0,1307.5,0.0002666574,0.001333287,0
1310.0,1315.0,1312.5,0.00033230276,0.0016615138,0
1315.0,1320.0,1317.5,0.00030212444,0.0015106222,0
1320.0,1325.0,1322.5,0.0003575292,0.001787646,0
1325.0,1330.0,1327.5,0.00036792834,0.0018396417,0
1330.0,1335.0,1332.5,0.0003519718,0.001759859,0
1335.0,1340.0,1337.5,0.0003903716,0.001951858,0
1340.0,1345.0,1342.5,0.000314089,0.001570445,0
1345.0,1350.0,1347.5,0.00026065098,0.0013032549,0
1350.0,1355.0,1352.5,0.00019915074,0.0009957537,0
1355.0,1360.0,1357.5,0.00019573632,0.0009786816,0
1360.0,1365.0,1362.5,0.00011173262,0.0005586631,0
1365.0,1370.0,1367.5,0.00013923426,0.0006961713,0
1370.0,1375.0,1372.5,0.0001330976,0.000665488,0
1375.0,1380.0,1377.5,0.00015463022,0.0007731511,0
1380.0,1385.0,1382.5,0.00017924742,0.0008962371,0
1385.0,1390.0,1387.5,0.0001567753,0.0007838765,0
1390.0,1395.0,1392.5,0.000216349,0.001081745,0
1395.0,1400.0,1397.5,0.00023744284,0.0011872142,0
1400.0,1405.0,1402.5,0.00021508902,0.0010754451,0
1405.0,1410.0,1407.5,0.00021155698,0.0010577849,0
1410.0,1415.0,1412.5,0.00022733246,0.0011366623,0
1415.0,1420.0,1417.5,0.00024379984,0.0012189992,0
1420.0,1425.0,1422.5,0.00021949494,0.0010974747,0
1425.0,1430.0,1427.5,0.0002491222,0.001245611,0
1430.0,1435.0,1432.5,0.0002108254,0.001054127,0
1435.0,1440.0,1437.5,0.0002080821,0.0010404105,0
1440.0,1445.0,1442.5,0.00022401286,0.0011200643,0
1445.0,1450.0,1447.5,0.00023089536,0.0011544768,0
1450.0,1455.0,1452.5,0.00024545512,0.0012272756,0
1455.0,1460.0,1457.5,0.00021811918,0.0010905959,0
1460.0,1465.0,1462.5,0.0002004838,0.001002419,0
1465.0,1470.0,1467.5,0.00021778808,0.0010889404,0
1470.0,1475.0,1472.5,0.00023106258,0.0011553129,0
1475.0,1480.0,1477.5,0.00017926194,0.0008963097,0
1480.0,1485.0,1482.5,0.0002024511,0.0010122555,0
1485.0,1490.0,1487.5,0.0002532957,0.0012664785,0
1490.0,1495.0,1492.5,0.00024221712,0.0012110856,0
1495.0,1500.0,1497.5,0.00024452012,0.0012226006,0
1500.0,1505.0,1502.5,0.00023931942,0.0011965971,0
1505.0,1510.0,1507.5,0.0002472283,0.0012361415,0
1510.0,1515.0,1512.5,0.00021625734,0.0010812867,0
1515.0,1520.0,1517.5,0.00017732132,0.0008866066,0
1520.0,1525.0,1522.5,0.00021868676,0.0010934338,0
1525.0,1530.0,1527.5,0.00016384632,0.0008192316,0
1530.0,1535.0,1532.5,0.00017774852,0.0008887426,0
1535.0,1540.0,1537.5,0.00015545396,0.00077726982,0
1540.0,1545.0,1542.5,0.00016304882,0.0008152441,0
1545.0,1550.0,1547.5,0.00018959542,0.0009479771,0
1550.0,1555.0,1552.5,0.00018869248,0.0009434624,0
1555.0,1560.0,1557.5,0.00021409026,0.0010704513,0
1560.0,1565.0,1562.5,0.00022475952,0.0011237976,0
1565.0,1570.0,1567.5,0.00021199444,0.0010599722,0
1570.0,1575.0,1572.5,0.00021784278,0.0010892139,0
1575.0,1580.0,1577.5,0.00020690928,0.0010345464,0
1580.0,1585.0,1582.5,0.0001777289,0.0008886445,0
1585.0,1590.0,1587.5,0.00019877604,0.0009938802,0
1590.0,1595.0,1592.5,0.00019757434,0.0009878717,0
1595.0,1600.0,1597.5,0.00019876372,0.0009938186,0
1600.0,1605.0,1602.5,0.00021437174,0.0010718587,0
1605.0,1610.0,1607.5,0.000196166,0.00098083,0
1610.0,1615.0,1612.5,0.00021590614,0.0010795307,0
1615.0,1620.0,1617.5,0.00023299938,0.0011649969,0
1620.0,1625.0,1622.5,0.00023741942,0.0011870971,0
1625.0,1630.0,1627.5,0.00020831242,0.0010415621,0
1630.0,1635.0,1632.5,0.00019924804,0.0009962402,0
1635.0,1640.0,1637.5,0.00019607344,0.0009803672,0
1640.0,1645.0,1642.5,0.00017453096,0.0008726548,0
1645.0,1650.0,1647.5,0.00018465518,0.0009232759,0
1650.0,1655.0,1652.5,0.00018805294,0.0009402647,0
1655.0,1660.0,1657.5,0.0001989613,0.0009948065,0
1660.0,1665.0,1662.5,0.0002166105,0.0010830525,0
1665.0,1670.0,1667.5,0.00020528274,0.0010264137,0
1670.0,1675.0,1672.5,0.00021151988,0.0010575994,0
1675.0,1680.0,1677.5,0.0002275645,0.0011378225,0
1680.0,1685.0,1682.5,0.00019255824,0.0009627912,0
1685.0,1690.0,1687.5,0.00022573474,0.0011286737,0
1690.0,1695.0,1692.5,0.00021414118,0.0010707059,0
1695.0,1700.0,1697.5,0.00023910572,0.0011955286,0
1700.0,1705.0,1702.5,0.00021784126,0.0010892063,0
1705.0,1710.0,1707.5,0.00021539746,0.0010769873,0
1710.0,1715.0,1712.5,0.00020680126,0.0010340063,0
1715.0,1720.0,1717.5,0.00020422442,0.0010211221,0
1720.0,1725.0,1722.5,0.00019718148,0.0009859074,0
1725.0,1730.0,1727.5,0.00022376586,0.0011188293,0
1730.0,1735.0,1732.5,0.00020830536,0.0010415268,0
1735.0,1740.0,1737.5,0.00018838828,0.0009419414,0
1740.0,1745.0,1742.5,0.00019509428,0.0009754714,0
1745.0,1750.0,1747.5,0.0001812639,0.0009063195,0
1750.0,1755.0,1752.5,0.0001622068,0.000811034,0
1755.0,1760.0,1757.5,0.00016412416,0.0008206208,0
1760.0,1765.0,1762.5,0.0001580259,0.0007901295,0
1765.0,1770.0,1767.5,0.00016104062,0.0008052031,0
1770.0,1775.0,1772.5,0.00017905618,0.0008952809,0
1775.0,1780.0,1777.5,0.00017218954,0.0008609477,0
1780.0,1785.0,1782.5,0.00017437992,0.0008718996,0
1785.0,1790.0,1787.5,0.00017205308,0.0008602654,0
1790.0,1795.0,1792.5,0.00018794358,0.0009397179,0
1795.0,1800.0,1797.5,0.00017464702,0.0008732351,0
1800.0,1805.0,1802.5,0.0001868375,0.0009341875,0
1805.0,1810.0,1807.5,0.00019881502,0.0009940751,0
1810.0,1815.0,1812.5,0.0002288589,0.0011442945,0
1815.0,1820.0,1817.5,0.00021167086,0.0010583543,0
1820.0,1825.0,1822.5,0.00017084658,0.0008542329,0
1825.0,1830.0,1827.5,0.00016258864,0.0008129432,0
1830.0,1835.0,1832.5,0.00015738112,0.0007869056,0
1835.0,1840.0,1837.5,0.00013086056,0.0006543028,0
1840.0,1845.0,1842.5,0.00011686896,0.0005843448,0
1845.0,1850.0,1847.5,0.0001175021,0.0005875105,0
1850.0,1855.0,1852.5,0.00011753874,0.0005876937,0
1855.0,1860.0,1857.5,0.00014044778,0.0007022389,0
1860.0,1865.0,1862.5,0.0001295498,0.000647749,0
1865.0,1870.0,1867.5,0.00012099658,0.0006049829,0
1870.0,1875.0,1872.5,0.0001636049,0.0008180245,0
1875.0,1880.0,1877.5,0.0001611934,0.000805967,0
1880.0,1885.0,1882.5,0.00015031184,0.0007515592,0
1885.0,1890.0,1887.5,0.00011808416,0.0005904208,0
1890.0,1895.0,1892.5,0.00012415172,0.0006207586,0
1895.0,1900.0,1897.5,0.00011705378,0.0005852689,0
1900.0,1905.0,1902.5,0.00017686322,0.0008843161,0
1905.0,1910.0,1907.5,0.00013885946,0.0006942973,0
1910.0,1915.0,1912.5,0.00013997386,0.0006998693,0
1915.0,1920.0,1917.5,0.00015591434,0.00077957172,0
1920.0,1925.0,1922.5,0.00012045642,0.0006022821,0
1925.0,1930.0,1927.5,9.853188e-05,0.0004926594,0
1930.0,1935.0,1932.5,0.00012672464,0.0006336232,0
1935.0,1940.0,1937.5,0.00014757716,0.0007378858,0
1940.0,1945.0,1942.5,0.00014243818,0.0007121909,0
1945.0,1950.0,1947.5,0.00014006662,0.0007003331,0
1950.0,1955.0,1952.5,0.00011723712,0.0005861856,0
1955.0,1960.0,1957.5,0.00012193652,0.0006096826,0
1960.0,1965.0,1962.5,0.00013195794,0.0006597897,0
1965.0,1970.0,1967.5,0.000133161,0.000665805,0
1970.0,1975.0,1972.5,0.00015260736,0.0007630368,0
1975.0,1980.0,1977.5,0.00013127496,0.0006563748,0
1980.0,1985.0,1982.5,0.0001207937,0.0006039685,0
1985.0,1990.0,1987.5,0.00011713992,0.0005856996,0
1990.0,1995.0,1992.5,0.00012306276,0.0006153138,0
1995.0,2000.0,1997.5,0.00011930542,0.00059652712,0
2000.0,2005.0,2002.5,0.00010375082,0.0005187541,0
2005.0,2010.0,2007.5,0.0001281336,0.000640668,0
2010.0,2015.0,2012.5,0.00010717128,0.0005358564,0
2015.0,2020.0,2017.5,0.0001169301,0.0005846505,0
2020.0,2025.0,2022.5,0.0001073561,0.00053678052,0
2025.0,2030.0,2027.5,0.0001022799,0.0005113995,0
2030.0,2035.0,2032.5,0.0001170374,0.000585187,0
2035.0,2040.0,2037.5,0.00013520818,0.00067604092,0
2040.0,2045.0,2042.5,0.00011335768,0.0005667884,0
2045.0,2050.0,2047.5,0.00012162962,0.0006081481,0
2050.0,2055.0,2052.5,0.00010227158,0.0005113579,0
2055.0,2060.0,2057.5,0.00013292988,0.0006646494,0
2060.0,2065.0,2062.5,0.00010743544,0.0005371772,0
2065.0,2070.0,2067.5,0.00011947926,0.0005973963,0
2070.0,2075.0,2072.5,0.00012905626,0.0006452813,0
2075.0,2080.0,2077.5,0.00011555608,0.0005777804,0
2080.0,2085.0,2082.5,0.00011441182,0.0005720591,0
2085.0,2090.0,2087.5,0.00011299016,0.00056495082,0
2090.0,2095.0,2092.5,0.00012292378,0.0006146189,0
2095.0,2100.0,2097.5,9.6141504e-05,0.00048070752,0
2100.0,2105.0,2102.5,0.00011450178,0.0005725089,0
2105.0,2110.0,2107.5,0.00010362762,0.0005181381,0
2110.0,2115.0,2112.5,0.0001133611,0.0005668055,0
2115.0,2120.0,2117.5,8.668426e-05,0.0004334213,0
2120.0,2125.0,2122.5,0.0001010654,0.000505327,0
2125.0,2130.0,2127.5,0.00010476902,0.0005238451,0
2130.0,2135.0,2132.5,0.00010598816,0.0005299408,0
2135.0,2140.0,2137.5,0.00012040514,0.0006020257,0
2140.0,2145.0,2142.5,9.120738e-05,0.0004560369,0
2145.0,2150.0,2147.5,0.00011416298,0.0005708149,0
2150.0,2155.0,2152.5,0.00010983318,0.0005491659,0
2155.0,2160.0,2157.5,0.00011379302,0.0005689651,0
2160.0,2165.0,2162.5,9.8554044e-05,0.00049277022,0
2165.0,2170.0,2167.5,0.0001099671,0.0005498355,0
2170.0,2175.0,2172.5,0.00012582506,0.0006291253,0
2175.0,2180.0,2177.5,0.00012451906,0.0006225953,0
2180.0,2185.0,2182.5,0.00012531564,0.0006265782,0
2185.0,2190.0,2187.5,0.00013992126,0.00069960632,0
2190.0,2195.0,2192.5,0.0001013906,0.000506953,0
2195.0,2200.0,2197.5,0.00010590578,0.00052952892,0
2200.0,2205.0,2202.5,0.00012787865,0.00063939327,0
2205.0,2210.0,2207.5,9.719948e-05,0.0004859974,0
2210.0,2215.0,2212.5,0.00010377022,0.0005188511,0
2215.0,2220.0,2217.5,9.9890324e-05,0.00049945162,0
2220.0,2225.0,2222.5,9.995524e-05,0.0004997762,0
2225.0,2230.0,2227.5,0.00010575894,0.0005287947,0
2230.0,2235.0,2232.5,0.00010483672,0.0005241836,0
2235.0,2240.0,2237.5,0.00010486392,0.0005243196,0
2240.0,2245.0,2242.5,0.0001085828,0.000542914,0
2245.0,2250.0,2247.5,9.862754e-05,0.0004931377,0
2250.0,2255.0,2252.5,0.00011785692,0.0005892846,0
2255.0,2260.0,2257.5,8.039944e-05,0.0004019972,0
2260.0,2265.0,2262.5,9.9933044e-05,0.00049966522,0
2265.0,2270.0,2267.5,9.2438324e-05,0.00046219162,0
2270.0,2275.0,2272.5,9.893676e-05,0.0004946838,0
2275.0,2280.0,2277.5,0.00011235804,0.0005617902,0
2280.0,2285.0,2282.5,0.00011986964,0.0005993482,0
2285.0,2290.0,2287.5,0.00012098896,0.0006049448,0
2290.0,2295.0,2292.5,9.009804e-05,0.0004504902,0
2295.0,2300.0,2297.5,9.254164e-05,0.0004627082,0
2300.0,2305.0,2302.5,0.00011341516,0.0005670758,0
2305.0,2310.0,2307.5,8.6322244e-05,0.00043161122,0
2310.0,2315.0,2312.5,0.0001045387,0.00052269352,0
2315.0,2320.0,2317.5,0.00010124954,0.0005062477,0
2320.0,2325.0,2322.5,8.645666e-05,0.0004322833,0
2325.0,2330.0,2327.5,7.170522e-05,0.0003585261,0
2330.0,2335.0,2332.5,7.539072e-05,0.0003769536,0
2335.0,2340.0,2337.5,7.9046684e-05,0.00039523342,0
2340.0,2345.0,2342.5,7.907772e-05,0.0003953886,0
2345.0,2350.0,2347.5,0.00011557178,0.0005778589,0
2350.0,2355.0,2352.5,8.74478e-05,0.000437239,0
2355.0,2360.0,2357.5,9.386674e-05,0.0004693337,0
2360.0,2365.0,2362.5,9.738464e-05,0.0004869232,0
2365.0,2370.0,2367.5,8.4065644e-05,0.00042032822,0
2370.0,2375.0,2372.5,0.00010366054,0.0005183027,0
2375.0,2380.0,2377.5,8.745054e-05,0.0004372527,0
2380.0,2385.0,2382.5,9.64167e-05,0.0004820835,0
2385.0,2390.0,2387.5,7.3097e-05,0.000365485,0
2390.0,2395.0,2392.5,8.018716e-05,0.0004009358,0
2395.0,2400.0,2397.5,8.773334e-05,0.0004386667,0
2400.0,2405.0,2402.5,6.9308064e-05,0.00034654032,0
2405.0,2410.0,2407.5,9.865492e-05,0.0004932746,0
2410.0,2415.0,2412.5,7.551564e-05,0.0003775782,0
2415.0,2420.0,2417.5,8.416634e-05,0.0004208317,0
2420.0,2425.0,2422.5,8.16321e-05,0.0004081605,0
2425.0,2430.0,2427.5,8.041984e-05,0.0004020992,0
2430.0,2435.0,2432.5,9.009028e-05,0.0004504514,0
2435.0,2440.0,2437.5,7.6627604e-05,0.00038313802,0
2440.0,2445.0,2442.5,9.142188e-05,0.0004571094,0
2445.0,2450.0,2447.5,7.8944724e-05,0.00039472362,0
2450.0,2455.0,2452.5,8.994216e-05,0.0004497108,0
2455.0,2460.0,2457.5,8.397212e-05,0.0004198606,0
2460.0,2465.0,2462.5,9.723186e-05,0.0004861593,0
2465.0,2470.0,2467.5,7.1470676e-05,0.00035735338,0
2470.0,2475.0,2472.5,8.048522e-05,0.0004024261,0
2475.0,2480.0,2477.5,7.41354e-05,0.000370677,0
2480.0,2485.0,2482.5,6.9383924e-05,0.00034691962,0
2485.0,2490.0,2487.5,8.3861884e-05,0.00041930942,0
2490.0,2495.0,2492.5,8.5129804e-05,0.00042564902,0
2495.0,2500.0,2497.5,7.0611218e-05,0.00035305609,0
2500.0,2505.0,2502.5,7.058878e-05,0.0003529439,0
2505.0,2510.0,2507.5,7.4395644e-05,0.00037197822,0
2510.0,2515.0,2512.5,7.810822e-05,0.0003905411,0
2515.0,2520.0,2517.5,6.5684384e-05,0.00032842192,0
2520.0,2525.0,2522.5,6.93782e-05,0.000346891,0
2525.0,2530.0,2527.5,7.4573024e-05,0.00037286512,0
2530.0,2535.0,2532.5,8.1564854e-05,0.00040782427,0
2535.0,2540.0,2537.5,7.1671864e-05,0.00035835932,0
2540.0,2545.0,2542.5,8.173316e-05,0.0004086658,0
2545.0,2550.0,2547.5,7.4045e-05,0.000370225,0
2550.0,2555.0,2552.5,6.219934e-05,0.0003109967,0
2555.0,2560.0,2557.5,7.6826e-05,0.00038413,0
2560.0,2565.0,2562.5,6.3308364e-05,0.00031654182,0
2565.0,2570.0,2567.5,6.810116e-05,0.0003405058,0
2570.0,2575.0,2572.5,7.1985844e-05,0.00035992922,0
2575.0,2580.0,2577.5,6.207386e-05,0.0003103693,0
2580.0,2585.0,2582.5,7.415028e-05,0.0003707514,0
2585.0,2590.0,2587.5,7.1990446e-05,0.00035995223,0
2590.0,2595.0,2592.5,8.907774e-05,0.0004453887,0
2595.0,2600.0,2597.5,6.9380164e-05,0.00034690082,0
2600.0,2605.0,2602.5,6.80416e-05,0.000340208,0
2605.0,2610.0,2607.5,6.0640024e-05,0.00030320012,0
2610.0,2615.0,2612.5,8.9987e-05,0.000449935,0
2615.0,2620.0,2617.5,7.562016e-05,0.0003781008,0
2620.0,2625.0,2622.5,7.319218e-05,0.0003659609,0
2625.0,2630.0,2627.5,5.474327e-05,0.00027371635,0
2630.0,2635.0,2632.5,6.71665e-05,0.0003358325,0
2635.0,2640.0,2637.5,6.849854e-05,0.0003424927,0
2640.0,2645.0,2642.5,7.0473284e-05,0.00035236642,0
2645.0,2650.0,2647.5,6.69668e-05,0.000334834,0
2650.0,2655.0,2652.5,7.310472e-05,0.0003655236,0
2655.0,2660.0,2657.5,7.188884e-05,0.0003594442,0
2660.0,2665.0,2662.5,7.1797924e-05,0.00035898962,0
2665.0,2670.0,2667.5,6.5846846e-05,0.00032923423,0
2670.0,2675.0,2672.5,6.925716e-05,0.0003462858,0
2675.0,2680.0,2677.5,9.012562e-05,0.0004506281,0
2680.0,2685.0,2682.5,5.8423986e-05,0.00029211993,0
2685.0,2690.0,2687.5,8.019478e-05,0.0004009739,0
2690.0,2695.0,2692.5,8.1349024e-05,0.00040674512,0
2695.0,2700.0,2697.5,7.794288e-05,0.0003897144,0
2700.0,2705.0,2702.5,7.1840138e-05,0.00035920069,0
2705.0,2710.0,2707.5,7.552804e-05,0.0003776402,0
2710.0,2715.0,2712.5,5.7431394e-05,0.00028715697,0
2715.0,2720.0,2717.5,6.5890844e-05,0.00032945422,0
2720.0,2725.0,2722.5,7.5521804e-05,0.00037760902,0
2725.0,2730.0,2727.5,4.7550366e-05,0.00023775183,0
2730.0,2735.0,2732.5,7.409864e-05,0.0003704932,0
2735.0,2740.0,2737.5,6.7039084e-05,0.00033519542,0
2740.0,2745.0,2742.5,5.2424224e-05,0.00026212112,0
2745.0,2750.0,2747.5,7.6924364e-05,0.00038462182,0
2750.0,2755.0,2752.5,6.5746886e-05,0.00032873443,0
2755.0,2760.0,2757.5,7.315662e-05,0.0003657831,0
2760.0,2765.0,2762.5,6.08286e-05,0.000304143,0
2765.0,2770.0,2767.5,7.449818e-05,0.0003724909,0
2770.0,2775.0,2772.5,6.304044e-05,0.0003152022,0
2775.0,2780.0,2777.5,6.934614e-05,0.0003467307,0
2780.0,2785.0,2782.5,8.0460424e-05,0.00040230212,0
2785.0,2790.0,2787.5,6.821958e-05,0.0003410979,0
2790.0,2795.0,2792.5,6.0051566e-05,0.00030025783,0
2795.0,2800.0,2797.5,7.784046e-05,0.0003892023,0
2800.0,2805.0,2802.5,6.9245184e-05,0.00034622592,0
2805.0,2810.0,2807.5,6.089576e-05,0.0003044788,0
2810.0,2815.0,2812.5,6.21958e-05,0.000310979,0
2815.0,2820.0,2817.5,7.295408e-05,0.0003647704,0
2820.0,2825.0,2822.5,7.5551004e-05,0.00037775502,0
2825.0,2830.0,2827.5,8.2784078e-05,0.00041392039,0
2830.0,2835.0,2832.5,6.566282e-05,0.0003283141,0
2835.0,2840.0,2837.5,7.311312e-05,0.0003655656,0
2840.0,2845.0,2842.5,5.6015524e-05,0.00028007762,0
2845.0,2850.0,2847.5,6.712506e-05,0.0003356253,0
2850.0,2855.0,2852.5,6.4288964e-05,0.00032144482,0
2855.0,2860.0,2857.5,5.356044e-05,0.0002678022,0
2860.0,2865.0,2862.5,5.3651194e-05,0.00026825597,0
2865.0,2870.0,2867.5,6.567014e-05,0.0003283507,0
2870.0,2875.0,2872.5,6.4567684e-05,0.00032283842,0
2875.0,2880.0,2877.5,6.7056304e-05,0.00033528152,0
2880.0,2885.0,2882.5,5.7057056e-05,0.00028528528,0
2885.0,2890.0,2887.5,6.843446e-05,0.0003421723,0
2890.0,2895.0,2892.5,5.346572e-05,0.0002673286,0
2895.0,2900.0,2897.5,6.5654344e-05,0.00032827172,0
2900.0,2905.0,2902.5,7.316368e-05,0.0003658184,0
2905.0,2910.0,2907.5,8.650846e-05,0.0004325423,0
2910.0,2915.0,2912.5,7.3546838e-05,0.00036773419,0
2915.0,2920.0,2917.5,6.825808e-05,0.0003412904,0
2920.0,2925.0,2922.5,5.7267254e-05,0.00028633627,0
2925.0,2930.0,2927.5,7.4411774e-05,0.00037205887,0
2930.0,2935.0,2932.5,7.541102e-05,0.0003770551,0
2935.0,2940.0,2937.5,4.985206e-05,0.0002492603,0
2940.0,2945.0,2942.5,6.080544e-05,0.0003040272,0
2945.0,2950.0,2947.5,5.020744e-05,0.0002510372,0
2950.0,2955.0,2952.5,5.345196e-05,0.0002672598,0
2955.0,2960.0,2957.5,5.352296e-05,0.0002676148,0
2960.0,2965.0,2962.5,5.835632e-05,0.0002917816,0
2965.0,2970.0,2967.5,4.999342e-05,0.0002499671,0
2970.0,2975.0,2972.5,6.318758e-05,0.0003159379,0
2975.0,2980.0,2977.5,4.256973e-05,0.00021284865,0
2980.0,2985.0,2982.5,6.462602e-05,0.0003231301,0
2985.0,2990.0,2987.5,5.596348e-05,0.0002798174,0
2990.0,2995.0,2992.5,5.3558524e-05,0.00026779262,0
2995.0,3000.0,2997.5,5.8458924e-05,0.00029229462,0
3000.0,3005.0,3002.5,5.361388e-05,0.0002680694,0
3005.0,3010.0,3007.5,6.0895864e-05,0.00030447932,0
3010.0,3015.0,3012.5,4.60459e-05,0.0002302295,0
3015.0,3020.0,3017.5,6.2103424e-05,0.00031051712,0
3020.0,3025.0,3022.5,5.478902e-05,0.0002739451,0
3025.0,3030.0,3027.5,6.110176e-05,0.0003055088,0
3030.0,3035.0,3032.5,6.2138104e-05,0.00031069052,0
3035.0,3040.0,3037.5,4.2935314e-05,0.00021467657,0
3040.0,3045.0,3042.5,3.912013e-05,0.00019560065,0
3045.0,3050.0,3047.5,6.604988e-05,0.0003302494,0
3050.0,3055.0,3052.5,5.964358e-05,0.0002982179,0
3055.0,3060.0,3057.5,5.582388e-05,0.0002791194,0
3060.0,3065.0,3062.5,4.631745e-05,0.00023158725,0
3065.0,3070.0,3067.5,4.4937072e-05,0.00022468536,0
3070.0,3075.0,3072.5,5.218866e-05,0.0002609433,0
3075.0,3080.0,3077.5,5.601152e-05,0.0002800576,0
3080.0,3085.0,3082.5,4.8648194e-05,0.00024324097,0
3085.0,3090.0,3087.5,7.5462774e-05,0.00037731387,0
3090.0,3095.0,3092.5,5.2465444e-05,0.00026232722,0
3095.0,3100.0,3097.5,5.842644e-05,0.0002921322,0
3100.0,3105.0,3102.5,4.99047e-05,0.0002495235,0
3105.0,3110.0,3107.5,5.232166e-05,0.0002616083,0
3110.0,3115.0,3112.5,3.8969944e-05,0.00019484972,0
3115.0,3120.0,3117.5,6.117956e-05,0.0003058978,0
3120.0,3125.0,3122.5,4.867218e-05,0.0002433609,0
3125.0,3130.0,3127.5,5.2571144e-05,0.00026285572,0
3130.0,3135.0,3132.5,4.8814104e-05,0.00024407052,0
3135.0,3140.0,3137.5,3.1743738e-05,0.00015871869,0
3140.0,3145.0,3142.5,4.993374e-05,0.0002496687,0
3145.0,3150.0,3147.5,6.102276e-05,0.0003051138,0
3150.0,3155.0,3152.5,4.8762286e-05,0.00024381143,0
3155.0,3160.0,3157.5,5.226476e-05,0.0002613238,0
3160.0,3165.0,3162.5,6.33681e-05,0.0003168405,0
3165.0,3170.0,3167.5,4.246644e-05,0.0002123322,0
3170.0,3175.0,3172.5,5.1420638e-05,0.00025710319,0
3175.0,3180.0,3177.5,5.6006314e-05,0.00028003157,0
3180.0,3185.0,3182.5,4.9959684e-05,0.00024979842,0
3185.0,3190.0,3187.5,4.990578e-05,0.0002495289,0
3190.0,3195.0,3192.5,5.36268e-05,0.000268134,0
3195.0,3200.0,3197.5,4.980156e-05,0.0002490078,0
3200.0,3205.0,3202.5,4.0336e-05,0.00020168,0
3205.0,3210.0,3207.5,5.463574e-05,0.0002731787,0
3210.0,3215.0,3212.5,4.1470272e-05,0.00020735136,0
3215.0,3220.0,3217.5,5.2484744e-05,0.00026242372,0
3220.0,3225.0,3222.5,5.604492e-05,0.0002802246,0
3225.0,3230.0,3227.5,6.4323e-05,0.000321615,0
3230.0,3235.0,3232.5,5.353742e-05,0.0002676871,0
3235.0,3240.0,3237.5,5.128398e-05,0.0002564199,0
3240.0,3245.0,3242.5,4.8967604e-05,0.00024483802,0
3245.0,3250.0,3247.5,4.528205e-05,0.00022641025,0
3250.0,3255.0,3252.5,5.731364e-05,0.0002865682,0
3255.0,3260.0,3257.5,6.214036e-05,0.0003107018,0
3260.0,3265.0,3262.5,6.345968e-05,0.0003172984,0
3265.0,3270.0,3267.5,6.2244634e-05,0.00031122317,0
3270.0,3275.0,3272.5,5.11914e-05,0.000255957,0
3275.0,3280.0,3277.5,4.8625834e-05,0.00024312917,0
3280.0,3285.0,3282.5,5.2332164e-05,0.00026166082,0
3285.0,3290.0,3287.5,4.2604264e-05,0.00021302132,0
3290.0,3295.0,3292.5,4.854828e-05,0.0002427414,0
3295.0,3300.0,3297.5,3.530512e-05,0.0001765256,0
3300.0,3305.0,3302.5,4.507164e-05,0.0002253582,0
3305.0,3310.0,3307.5,4.7548468e-05,0.00023774234,0
3310.0,3315.0,3312.5,5.978488e-05,0.0002989244,0
3315.0,3320.0,3317.5,4.3877364e-05,0.00021938682,0
3320.0,3325.0,3322.5,3.5192808e-05,0.00017596404,0
3325.0,3330.0,3327.5,3.901352e-05,0.0001950676,0
3330.0,3335.0,3332.5,5.245534e-05,0.0002622767,0
3335.0,3340.0,3337.5,5.1199074e-05,0.00025599537,0
3340.0,3345.0,3342.5,5.62048e-05,0.000281024,0
3345.0,3350.0,3347.5,5.4894324e-05,0.00027447162,0
3350.0,3355.0,3352.5,5.8484338e-05,0.00029242169,0
3355.0,3360.0,3357.5,4.981526e-05,0.0002490763,0
3360.0,3365.0,3362.5,4.275366e-05,0.0002137683,0
3365.0,3370.0,3367.5,5.7290484e-05,0.00028645242,0
3370.0,3375.0,3372.5,3.29151e-05,0.0001645755,0
3375.0,3380.0,3377.5,5.011092e-05,0.0002505546,0
3380.0,3385.0,3382.5,5.8707818e-05,0.00029353909,0
3385.0,3390.0,3387.5,4.139082e-05,0.0002069541,0
3390.0,3395.0,3392.5,3.1592414e-05,0.00015796207,0
3395.0,3400.0,3397.5,5.985428e-05,0.0002992714,0
3400.0,3405.0,3402.5,3.6677112e-05,0.00018338556,0
3405.0,3410.0,3407.5,4.2631794e-05,0.00021315897,0
3410.0,3415.0,3412.5,5.0026004e-05,0.00025013002,0
3415.0,3420.0,3417.5,5.22974e-05,0.000261487,0
3420.0,3425.0,3422.5,5.0047874e-05,0.00025023937,0
3425.0,3430.0,3427.5,3.770018e-05,0.0001885009,0
3430.0,3435.0,3432.5,5.7295324e-05,0.00028647662,0
3435.0,3440.0,3437.5,4.740548e-05,0.0002370274,0
3440.0,3445.0,3442.5,4.1481866e-05,0.00020740933,0
3445.0,3450.0,3447.5,2.7953022e-05,0.00013976511,0
3450.0,3455.0,3452.5,4.626762e-05,0.0002313381,0
3455.0,3460.0,3457.5,2.8086426e-05,0.00014043213,0
3460.0,3465.0,3462.5,3.7999826e-05,0.00018999913,0
3465.0,3470.0,3467.5,3.7761786e-05,0.00018880893,0
3470.0,3475.0,3472.5,5.220466e-05,0.0002610233,0
3475.0,3480.0,3477.5,4.750458e-05,0.0002375229,0
3480.0,3485.0,3482.5,5.973232e-05,0.0002986616,0
3485.0,3490.0,3487.5,4.502448e-05,0.0002251224,0
3490.0,3495.0,3492.5,5.6230206e-05,0.00028115103,0
3495.0,3500.0,3497.5,4.999784e-05,0.0002499892,0
3500.0,3505.0,3502.5,5.2506818e-05,0.00026253409,0
3505.0,3510.0,3507.5,3.646482e-05,0.0001823241,0
3510.0,3515.0,3512.5,3.4057494e-05,0.00017028747,0
3515.0,3520.0,3517.5,3.90181e-05,0.0001950905,0
3520.0,3525.0,3522.5,5.8392874e-05,0.00029196437,0
3525.0,3530.0,3527.5,4.375576e-05,0.0002187788,0
3530.0,3535.0,3532.5,3.6498884e-05,0.00018249442,0
3535.0,3540.0,3537.5,3.658446e-05,0.0001829223,0
3540.0,3545.0,3542.5,4.7553004e-05,0.00023776502,0
3545.0,3550.0,3547.5,4.5145906e-05,0.00022572953,0
3550.0,3555.0,3552.5,4.746258e-05,0.0002373129,0
3555.0,3560.0,3557.5,4.1555364e-05,0.00020777682,0
3560.0,3565.0,3562.5,4.3924318e-05,0.00021962159,0
3565.0,3570.0,3567.5,4.2743566e-05,0.00021371783,0
3570.0,3575.0,3572.5,4.3653316e-05,0.00021826658,0
3575.0,3580.0,3577.5,4.9931214e-05,0.00024965607,0
3580.0,3585.0,3582.5,4.6290986e-05,0.00023145493,0
3585.0,3590.0,3587.5,4.7413198e-05,0.00023706599,0
3590.0,3595.0,3592.5,3.532886e-05,0.0001766443,0
3595.0,3600.0,3597.5,3.421944e-05,0.0001710972,0
3600.0,3605.0,3602.5,3.533562e-05,0.0001766781,0
3605.0,3610.0,3607.5,4.030202e-05,0.0002015101,0
3610.0,3615.0,3612.5,5.032076e-05,0.0002516038,0
3615.0,3620.0,3617.5,3.901615e-05,0.00019508075,0
3620.0,3625.0,3622.5,4.513768e-05,0.0002256884,0
3625.0,3630.0,3627.5,4.1596564e-05,0.00020798282,0
3630.0,3635.0,3632.5,4.3836864e-05,0.00021918432,0
3635.0,3640.0,3637.5,3.647218e-05,0.0001823609,0
3640.0,3645.0,3642.5,4.370027e-05,0.00021850135,0
3645.0,3650.0,3647.5,5.128324e-05,0.0002564162,0
3650.0,3655.0,3652.5,3.758583e-05,0.00018792915,0
3655.0,3660.0,3657.5,4.7562394e-05,0.00023781197,0
3660.0,3665.0,3662.5,4.490542e-05,0.0002245271,0
3665.0,3670.0,3667.5,4.995904e-05,0.0002497952,0
3670.0,3675.0,3672.5,4.271012e-05,0.0002135506,0
3675.0,3680.0,3677.5,4.5009904e-05,0.00022504952,0
3680.0,3685.0,3682.5,4.259072e-05,0.0002129536,0
3685.0,3690.0,3687.5,3.29363e-05,0.0001646815,0
3690.0,3695.0,3692.5,4.8856604e-05,0.00024428302,0
3695.0,3700.0,3697.5,3.172894e-05,0.0001586447,0
3700.0,3705.0,3702.5,3.04049e-05,0.0001520245,0
3705.0,3710.0,3707.5,4.1240604e-05,0.00020620302,0
3710.0,3715.0,3712.5,3.525582e-05,0.0001762791,0
3715.0,3720.0,3717.5,3.4148656e-05,0.00017074328,0
3720.0,3725.0,3722.5,3.6518586e-05,0.00018259293,0
3725.0,3730.0,3727.5,3.6490014e-05,0.00018245007,0
3730.0,3735.0,3732.5,4.7614384e-05,0.00023807192,0
3735.0,3740.0,3737.5,4.8781324e-05,0.00024390662,0
3740.0,3745.0,3742.5,4.5070134e-05,0.00022535067,0
3745.0,3750.0,3747.5,3.175376e-05,0.0001587688,0
3750.0,3755.0,3752.5,4.3953304e-05,0.00021976652,0
3755.0,3760.0,3757.5,3.899622e-05,0.0001949811,0
3760.0,3765.0,3762.5,4.3874484e-05,0.00021937242,0
3765.0,3770.0,3767.5,3.516221e-05,0.00017581105,0
3770.0,3775.0,3772.5,4.145844e-05,0.0002072922,0
3775.0,3780.0,3777.5,4.1408098e-05,0.00020704049,0
3780.0,3785.0,3782.5,3.1929206e-05,0.00015964603,0
3785.0,3790.0,3787.5,4.1299094e-05,0.00020649547,0
3790.0,3795.0,3792.5,3.528894e-05,0.0001764447,0
3795.0,3800.0,3797.5,4.6242874e-05,0.00023121437,0
3800.0,3805.0,3802.5,3.781314e-05,0.0001890657,0
3805.0,3810.0,3807.5,4.2572914e-05,0.00021286457,0
3810.0,3815.0,3812.5,3.6592852e-05,0.00018296426,0
3815.0,3820.0,3817.5,5.712948e-05,0.0002856474,0
3820.0,3825.0,3822.5,5.0093144e-05,0.00025046572,0
3825.0,3830.0,3827.5,4.0170884e-05,0.00020085442,0
3830.0,3835.0,3832.5,4.7509584e-05,0.00023754792,0
3835.0,3840.0,3837.5,5.11363e-05,0.0002556815,0
3840.0,3845.0,3842.5,4.2884154e-05,0.00021442077,0
3845.0,3850.0,3847.5,4.280749e-05,0.00021403745,0
3850.0,3855.0,3852.5,4.9908284e-05,0.00024954142,0
3855.0,3860.0,3857.5,4.1409614e-05,0.00020704807,0
3860.0,3865.0,3862.5,3.1761084e-05,0.00015880542,0
3865.0,3870.0,3867.5,5.376456e-05,0.0002688228,0
3870.0,3875.0,3872.5,3.9065708e-05,0.00019532854,0
3875.0,3880.0,3877.5,4.0113452e-05,0.00020056726,0
3880.0,3885.0,3882.5,4.881842e-05,0.0002440921,0
3885.0,3890.0,3887.5,3.7606828e-05,0.00018803414,0
3890.0,3895.0,3892.5,3.5386894e-05,0.00017693447,0
3895.0,3900.0,3897.5,2.9235254e-05,0.00014617627,0
3900.0,3905.0,3902.5,4.1432494e-05,0.00020716247,0
3905.0,3910.0,3907.5,3.5402734e-05,0.00017701367,0
3910.0,3915.0,3912.5,3.050429e-05,0.00015252145,0
3915.0,3920.0,3917.5,4.8666774e-05,0.00024333387,0
3920.0,3925.0,3922.5,5.2218114e-05,0.00026109057,0
3925.0,3930.0,3927.5,2.911911e-05,0.00014559555,0
3930.0,3935.0,3932.5,3.6622266e-05,0.00018311133,0
3935.0,3940.0,3937.5,3.535536e-05,0.0001767768,0
3940.0,3945.0,3942.5,4.63252e-05,0.000231626,0
3945.0,3950.0,3947.5,3.1669398e-05,0.00015834699,0
3950.0,3955.0,3952.5,4.2605054e-05,0.00021302527,0
3955.0,3960.0,3957.5,4.146898e-05,0.0002073449,0
3960.0,3965.0,3962.5,2.5621614e-05,0.00012810807,0
3965.0,3970.0,3967.5,3.79109e-05,0.0001895545,0
3970.0,3975.0,3972.5,3.416122e-05,0.0001708061,0
3975.0,3980.0,3977.5,3.158838e-05,0.0001579419,0
3980.0,3985.0,3982.5,2.6842354e-05,0.00013421177,0
3985.0,3990.0,3987.5,4.275382e-05,0.0002137691,0
3990.0,3995.0,3992.5,3.052914e-05,0.0001526457,0
3995.0,4000.0,3997.5,3.659648e-05,0.0001829824,0
4000.0,4005.0,4002.5,4.851166e-05,0.0002425583,0
4005.0,4010.0,4007.5,4.5154e-05,0.00022577,0
4010.0,4015.0,4012.5,4.522234e-05,0.0002261117,0
4015.0,4020.0,4017.5,4.0155694e-05,0.00020077847,0
4020.0,4025.0,4022.5,4.0245474e-05,0.00020122737,0
4025.0,4030.0,4027.5,3.412242e-05,0.0001706121,0
4030.0,4035.0,4032.5,4.3743804e-05,0.00021871902,0
4035.0,4040.0,4037.5,2.6932218e-05,0.00013466109,0
4040.0,4045.0,4042.5,3.917234e-05,0.0001958617,0
4045.0,4050.0,4047.5,4.5248494e-05,0.00022624247,0
4050.0,4055.0,4052.5,2.5537206e-05,0.00012768603,0
4055.0,4060.0,4057.5,3.4044434e-05,0.00017022217,0
4060.0,4065.0,4062.5,3.404084e-05,0.0001702042,0
4065.0,4070.0,4067.5,5.0111264e-05,0.00025055632,0
4070.0,4075.0,4072.5,3.5398286e-05,0.00017699143,0
4075.0,4080.0,4077.5,2.924598e-05,0.0001462299,0
4080.0,4085.0,4082.5,3.6592486e-05,0.00018296243,0
4085.0,4090.0,4087.5,4.762396e-05,0.0002381198,0
4090.0,4095.0,4092.5,3.0272656e-05,0.00015136328,0
4095.0,4100.0,4097.5,4.2598418e-05,0.00021299209,0
4100.0,4105.0,4102.5,3.775528e-05,0.0001887764,0
4105.0,4110.0,4107.5,3.147764e-05,0.0001573882,0
4110.0,4115.0,4112.5,2.673221e-05,0.00013366105,0
4115.0,4120.0,4117.5,5.1198326e-05,0.00025599163,0
4120.0,4125.0,4122.5,4.5090966e-05,0.00022545483,0
4125.0,4130.0,4127.5,3.1529794e-05,0.00015764897,0
4130.0,4135.0,4132.5,3.88721e-05,0.0001943605,0
4135.0,4140.0,4137.5,2.805123e-05,0.00014025615,0
4140.0,4145.0,4142.5,3.0548768e-05,0.00015274384,0
4145.0,4150.0,4147.5,3.5484248e-05,0.00017742124,0
4150.0,4155.0,4152.5,3.654814e-05,0.0001827407,0
4155.0,4160.0,4157.5,3.645534e-05,0.0001822767,0
4160.0,4165.0,4162.5,3.7648834e-05,0.00018824417,0
4165.0,4170.0,4167.5,3.1678184e-05,0.00015839092,0
4170.0,4175.0,4172.5,2.3134296e-05,0.00011567148,0
4175.0,4180.0,4177.5,4.015194e-05,0.0002007597,0
4180.0,4185.0,4182.5,3.6602466e-05,0.00018301233,0
4185.0,4190.0,4187.5,2.3085894e-05,0.00011542947,0
4190.0,4195.0,4192.5,4.252622e-05,0.0002126311,0
4195.0,4200.0,4197.5,4.0132e-05,0.00020066,0
4200.0,4205.0,4202.5,4.487118e-05,0.0002243559,0
4205.0,4210.0,4207.5,5.480474e-05,0.0002740237,0
4210.0,4215.0,4212.5,4.0102274e-05,0.00020051137,0
4215.0,4220.0,4217.5,4.1552774e-05,0.00020776387,0
4220.0,4225.0,4222.5,3.2799384e-05,0.00016399692,0
4225.0,4230.0,4227.5,2.9106434e-05,0.00014553217,0
4230.0,4235.0,4232.5,3.546898e-05,0.0001773449,0
4235.0,4240.0,4237.5,2.4313054e-05,0.00012156527,0
4240.0,4245.0,4242.5,3.1675304e-05,0.00015837652,0
4245.0,4250.0,4247.5,3.7767654e-05,0.00018883827,0
4250.0,4255.0,4252.5,3.6459928e-05,0.00018229964,0
4255.0,4260.0,4257.5,3.910802e-05,0.0001955401,0
4260.0,4265.0,4262.5,3.049924e-05,0.0001524962,0
4265.0,4270.0,4267.5,3.65627e-05,0.0001828135,0
4270.0,4275.0,4272.5,3.6546614e-05,0.00018273307,0
4275.0,4280.0,4277.5,3.640819e-05,0.00018204095,0
4280.0,4285.0,4282.5,4.008811e-05,0.00020044055,0
4285.0,4290.0,4287.5,3.174644e-05,0.0001587322,0
4290.0,4295.0,4292.5,3.5240754e-05,0.00017620377,0
4295.0,4300.0,4297.5,3.8762496e-05,0.00019381248,0
4300.0,4305.0,4302.5,2.6844896e-05,0.00013422448,0
4305.0,4310.0,4307.5,3.0450874e-05,0.00015225437,0
4310.0,4315.0,4312.5,4.642974e-05,0.0002321487,0
4315.0,4320.0,4317.5,4.3999954e-05,0.00021999977,0
4320.0,4325.0,4322.5,3.6510326e-05,0.00018255163,0
4325.0,4330.0,4327.5,3.0493074e-05,0.00015246537,0
4330.0,4335.0,4332.5,3.054958e-05,0.0001527479,0
4335.0,4340.0,4337.5,5.1127586e-05,0.00025563793,0
4340.0,4345.0,4342.5,3.7863754e-05,0.00018931877,0
4345.0,4350.0,4347.5,2.6629414e-05,0.00013314707,0
4350.0,4355.0,4352.5,2.680026e-05,0.0001340013,0
4355.0,4360.0,4357.5,3.2820474e-05,0.00016410237,0
4360.0,4365.0,4362.5,4.009234e-05,0.0002004617,0
4365.0,4370.0,4367.5,3.521751e-05,0.00017608755,0
4370.0,4375.0,4372.5,2.794822e-05,0.0001397411,0
4375.0,4380.0,4377.5,3.4039012e-05,0.00017019506,0
4380.0,4385.0,4382.5,3.036386e-05,0.0001518193,0
4385.0,4390.0,4387.5,2.800696e-05,0.0001400348,0
4390.0,4395.0,4392.5,3.2953154e-05,0.00016476577,0
4395.0,4400.0,4397.5,2.93334e-05,0.000146667,0
4400.0,4405.0,4402.5,3.1720154e-05,0.00015860077,0
4405.0,4410.0,4407.5,1.697619e-05,8.488095e-05,0
4410.0,4415.0,4412.5,3.2984754e-05,0.00016492377,0
4415.0,4420.0,4417.5,3.276016e-05,0.0001638008,0
4420.0,4425.0,4422.5,3.400786e-05,0.0001700393,0
4425.0,4430.0,4427.5,3.2816e-05,0.00016408,0
4430.0,4435.0,4432.5,4.7425264e-05,0.00023712632,0
4435.0,4440.0,4437.5,3.533031e-05,0.00017665155,0
4440.0,4445.0,4442.5,3.155124e-05,0.0001577562,0
4445.0,4450.0,4447.5,3.2797136e-05,0.00016398568,0
4450.0,4455.0,4452.5,3.4152756e-05,0.00017076378,0
4455.0,4460.0,4457.5,4.7446324e-05,0.00023723162,0
4460.0,4465.0,4462.5,3.4139194e-05,0.00017069597,0
4465.0,4470.0,4467.5,3.5307534e-05,0.00017653767,0
4470.0,4475.0,4472.5,3.397039e-05,0.00016985195,0
4475.0,4480.0,4477.5,3.76148e-05,0.000188074,0
4480.0,4485.0,4482.5,3.29621e-05,0.0001648105,0
4485.0,4490.0,4487.5,2.3091688e-05,0.00011545844,0
4490.0,4495.0,4492.5,3.0426154e-05,0.00015213077,0
4495.0,4500.0,4497.5,3.17109e-05,0.0001585545,0
4500.0,4505.0,4502.5,3.4167694e-05,0.00017083847,0
4505.0,4510.0,4507.5,2.3257094e-05,0.00011628547,0
4510.0,4515.0,4512.5,3.413696e-05,0.0001706848,0
4515.0,4520.0,4517.5,2.68804e-05,0.000134402,0
4520.0,4525.0,4522.5,3.153984e-05,0.0001576992,0
4525.0,4530.0,4527.5,3.53316e-05,0.000176658,0
4530.0,4535.0,4532.5,2.546894e-05,0.0001273447,0
4535.0,4540.0,4537.5,3.284732e-05,0.0001642366,0
4540.0,4545.0,4542.5,2.3199606e-05,0.00011599803,0
4545.0,4550.0,4547.5,3.7905938e-05,0.00018952969,0
4550.0,4555.0,4552.5,2.920031e-05,0.00014600155,0
4555.0,4560.0,4557.5,3.1728344e-05,0.00015864172,0
4560.0,4565.0,4562.5,2.9403514e-05,0.00014701757,0
4565.0,4570.0,4567.5,3.2937546e-05,0.00016468773,0
4570.0,4575.0,4572.5,2.1884096e-05,0.00010942048,0
4575.0,4580.0,4577.5,2.3076202e-05,0.00011538101,0
4580.0,4585.0,4582.5,2.4438206e-05,0.00012219103,0
4585.0,4590.0,4587.5,3.6442234e-05,0.00018221117,0
4590.0,4595.0,4592.5,3.176208e-05,0.0001588104,0
4595.0,4600.0,4597.5,2.8074788e-05,0.00014037394,0
4600.0,4605.0,4602.5,2.9274208e-05,0.00014637104,0
4605.0,4610.0,4607.5,3.0414314e-05,0.00015207157,0
4610.0,4615.0,4612.5,3.8965634e-05,0.00019482817,0
4615.0,4620.0,4617.5,1.936569e-05,9.682845e-05,0
4620.0,4625.0,4622.5,2.5642794e-05,0.00012821397,0
4625.0,4630.0,4627.5,3.904474e-05,0.0001952237,0
4630.0,4635.0,4632.5,3.2958366e-05,0.00016479183,0
4635.0,4640.0,4637.5,1.3473526e-05,6.736763e-05,0
4640.0,4645.0,4642.5,1.8171512e-05,9.085756e-05,0
4645.0,4650.0,4647.5,3.1762634e-05,0.00015881317,0
4650.0,4655.0,4652.5,2.1817294e-05,0.00010908647,0
4655.0,4660.0,4657.5,2.5556954e-05,0.00012778477,0
4660.0,4665.0,4662.5,2.1907228e-05,0.00010953614,0
4665.0,4670.0,4667.5,1.9480502e-05,9.740251e-05,0
4670.0,4675.0,4672.5,2.1870336e-05,0.00010935168,0
4675.0,4680.0,4677.5,3.0775894e-05,0.00015387947,0
4680.0,4685.0,4682.5,1.0888754e-05,5.444377e-05,0
4685.0,4690.0,4687.5,2.941185e-05,0.00014705925,0
4690.0,4695.0,4692.5,3.3128134e-05,0.00016564067,0
4695.0,4700.0,4697.5,3.178178e-05,0.0001589089,0
4700.0,4705.0,4702.5,3.7987652e-05,0.00018993826,0
4705.0,4710.0,4707.5,2.555418e-05,0.0001277709,0
4710.0,4715.0,4712.5,3.5348214e-05,0.00017674107,0
4715.0,4720.0,4717.5,3.167764e-05,0.0001583882,0
4720.0,4725.0,4722.5,3.1519916e-05,0.00015759958,0
4725.0,4730.0,4727.5,3.655656e-05,0.0001827828,0
4730.0,4735.0,4732.5,3.278384e-05,0.0001639192,0
4735.0,4740.0,4737.5,2.5865218e-05,0.00012932609,0
4740.0,4745.0,4742.5,4.0228694e-05,0.00020114347,0
4745.0,4750.0,4747.5,3.1677194e-05,0.00015838597,0
4750.0,4755.0,4752.5,3.526878e-05,0.0001763439,0
4755.0,4760.0,4757.5,3.5372066e-05,0.00017686033,0
4760.0,4765.0,4762.5,2.812714e-05,0.0001406357,0
4765.0,4770.0,4767.5,3.283538e-05,0.0001641769,0
4770.0,4775.0,4772.5,2.4394246e-05,0.00012197123,0
4775.0,4780.0,4777.5,3.2914574e-05,0.00016457287,0
4780.0,4785.0,4782.5,3.0347194e-05,0.00015173597,0
4785.0,4790.0,4787.5,2.5621748e-05,0.00012810874,0
4790.0,4795.0,4792.5,3.0452174e-05,0.00015226087,0
4795.0,4800.0,4797.5,3.1652798e-05,0.00015826399,0
4800.0,4805.0,4802.5,3.6447314e-05,0.00018223657,0
4805.0,4810.0,4807.5,3.275242e-05,0.0001637621,0
4810.0,4815.0,4812.5,3.295498e-05,0.0001647749,0
4815.0,4820.0,4817.5,2.3210256e-05,0.00011605128,0
4820.0,4825.0,4822.5,2.9306306e-05,0.00014653153,0
4825.0,4830.0,4827.5,4.4041994e-05,0.00022020997,0
4830.0,4835.0,4832.5,2.8075228e-05,0.00014037614,0
4835.0,4840.0,4837.5,4.1411514e-05,0.00020705757,0
4840.0,4845.0,4842.5,2.4310874e-05,0.00012155437,0
4845.0,4850.0,4847.5,2.6886366e-05,0.00013443183,0
4850.0,4855.0,4852.5,2.3193706e-05,0.00011596853,0
4855.0,4860.0,4857.5,2.801626e-05,0.0001400813,0
4860.0,4865.0,4862.5,2.3242668e-05,0.00011621334,0
4865.0,4870.0,4867.5,2.6941614e-05,0.00013470807,0
4870.0,4875.0,4872.5,2.4231934e-05,0.00012115967,0
4875.0,4880.0,4877.5,2.443288e-05,0.0001221644,0
4880.0,4885.0,4882.5,3.048534e-05,0.0001524267,0
4885.0,4890.0,4887.5,3.163572e-05,0.0001581786,0
4890.0,4895.0,4892.5,1.5903374e-05,7.951687e-05,0
4895.0,4900.0,4897.5,3.0545882e-05,0.00015272941,0
4900.0,4905.0,4902.5,2.8028626e-05,0.00014014313,0
4905.0,4910.0,4907.5,2.934276e-05,0.0001467138,0
4910.0,4915.0,4912.5,2.310122e-05,0.0001155061,0
4915.0,4920.0,4917.5,1.8186906e-05,9.093453e-05,0
4920.0,4925.0,4922.5,2.542559e-05,0.00012712795,0
4925.0,4930.0,4927.5,2.1837636e-05,0.00010918818,0
4930.0,4935.0,4932.5,2.0752596e-05,0.00010376298,0
4935.0,4940.0,4937.5,2.421415e-05,0.00012107075,0
4940.0,4945.0,4942.5,2.5683646e-05,0.00012841823,0
4945.0,4950.0,4947.5,1.948262e-05,9.74131e-05,0
4950.0,4955.0,4952.5,1.9566828e-05,9.783414e-05,0
4955.0,4960.0,4957.5,2.6724896e-05,0.00013362448,0
4960.0,4965.0,4962.5,2.564592e-05,0.0001282296,0
4965.0,4970.0,4967.5,3.263002e-05,0.0001631501,0
4970.0,4975.0,4972.5,2.676008e-05,0.0001338004,0
4975.0,4980.0,4977.5,4.0349906e-05,0.00020174953,0
4980.0,4985.0,4982.5,2.6867716e-05,0.00013433858,0
4985.0,4990.0,4987.5,2.68751e-05,0.0001343755,0
4990.0,4995.0,4992.5,1.225342e-05,6.12671e-05,0
4995.0,5000.0,4997.5,3.041578e-05,0.0001520789,0
5000.0,5005.0,5002.5,2.8021648e-05,0.00014010824,0
5005.0,5010.0,5007.5,2.1926946e-05,0.00010963473,0
5010.0,5015.0,5012.5,2.0780186e-05,0.00010390093,0
5015.0,5020.0,5017.5,2.072338e-05,0.0001036169,0
5020.0,5025.0,5022.5,2.1978306e-05,0.00010989153,0
5025.0,5030.0,5027.5,1.4626126e-05,7.313063e-05,0
5030.0,5035.0,5032.5,3.294716e-05,0.0001647358,0
5035.0,5040.0,5037.5,3.1724534e-05,0.00015862267,0
5040.0,5045.0,5042.5,2.6844488e-05,0.00013422244,0
5045.0,5050.0,5047.5,2.4501334e-05,0.00012250667,0
5050.0,5055.0,5052.5,1.9474042e-05,9.737021e-05,0
5055.0,5060.0,5057.5,2.684438e-05,0.0001342219,0
5060.0,5065.0,5062.5,3.047228e-05,0.0001523614,0
5065.0,5070.0,5067.5,1.704916e-05,8.52458e-05,0
5070.0,5075.0,5072.5,2.0702014e-05,0.00010351007,0
5075.0,5080.0,5077.5,2.9364042e-05,0.00014682021,0
5080.0,5085.0,5082.5,3.56378e-05,0.000178189,0
5085.0,5090.0,5087.5,1.722612e-05,8.61306e-05,0
5090.0,5095.0,5092.5,2.918488e-05,0.0001459244,0
5095.0,5100.0,5097.5,2.5613566e-05,0.00012806783,0
5100.0,5105.0,5102.5,1.9389726e-05,9.694863e-05,0
5105.0,5110.0,5107.5,1.71301e-05,8.56505e-05,0
5110.0,5115.0,5112.5,1.2311736e-05,6.155868e-05,0
5115.0,5120.0,5117.5,2.6946874e-05,0.00013473437,0
5120.0,5125.0,5122.5,2.195506e-05,0.0001097753,0
5125.0,5130.0,5127.5,2.2001448e-05,0.00011000724,0
5130.0,5135.0,5132.5,2.561826e-05,0.0001280913,0
5135.0,5140.0,5137.5,1.9525328e-05,9.762664e-05,0
5140.0,5145.0,5142.5,1.9625786e-05,9.812893e-05,0
5145.0,5150.0,5147.5,1.950824e-05,9.75412e-05,0
5150.0,5155.0,5152.5,1.5955566e-05,7.977783e-05,0
5155.0,5160.0,5157.5,1.461978e-05,7.30989e-05,0
5160.0,5165.0,5162.5,1.8159534e-05,9.079767e-05,0
5165.0,5170.0,5167.5,2.5642064e-05,0.00012821032,0
5170.0,5175.0,5172.5,2.1947034e-05,0.00010973517,0
5175.0,5180.0,5177.5,2.0746486e-05,0.00010373243,0
5180.0,5185.0,5182.5,1.9429894e-05,9.714947e-05,0
5185.0,5190.0,5187.5,2.4497126e-05,0.00012248563,0
5190.0,5195.0,5192.5,2.076999e-05,0.00010384995,0
5195.0,5200.0,5197.5,1.817651e-05,9.088255e-05,0
5200.0,5205.0,5202.5,2.0706114e-05,0.00010353057,0
5205.0,5210.0,5207.5,3.312268e-05,0.0001656134,0
5210.0,5215.0,5212.5,2.551088e-05,0.0001275544,0
5215.0,5220.0,5217.5,1.8309202e-05,9.154601e-05,0
5220.0,5225.0,5222.5,2.0760974e-05,0.00010380487,0
5225.0,5230.0,5227.5,2.207536e-05,0.0001103768,0
5230.0,5235.0,5232.5,2.80211e-05,0.0001401055,0
5235.0,5240.0,5237.5,2.4355954e-05,0.00012177977,0
5240.0,5245.0,5242.5,2.084799e-05,0.00010423995,0
5245.0,5250.0,5247.5,1.8246696e-05,9.123348e-05,0
5250.0,5255.0,5252.5,1.7156806e-05,8.578403e-05,0
5255.0,5260.0,5257.5,1.9559576e-05,9.779788e-05,0
5260.0,5265.0,5262.5,1.955116e-05,9.77558e-05,0
5265.0,5270.0,5267.5,2.3258736e-05,0.00011629368,0
5270.0,5275.0,5272.5,1.840309e-05,9.201545e-05,0
5275.0,5280.0,5277.5,3.052626e-05,0.0001526313,0
5280.0,5285.0,5282.5,1.5951406e-05,7.975703e-05,0
5285.0,5290.0,5287.5,2.32245e-05,0.0001161225,0
5290.0,5295.0,5292.5,2.56015e-05,0.0001280075,0
5295.0,5300.0,5297.5,1.9579374e-05,9.789687e-05,0
5300.0,5305.0,5302.5,3.4358104e-05,0.00017179052,0
5305.0,5310.0,5307.5,2.6794794e-05,0.00013397397,0
5310.0,5315.0,5312.5,2.0755036e-05,0.00010377518,0
5315.0,5320.0,5317.5,1.7019e-05,8.5095e-05,0
5320.0,5325.0,5322.5,1.964601e-05,9.823005e-05,0
5325.0,5330.0,5327.5,2.074976e-05,0.0001037488,0
5330.0,5335.0,5332.5,2.555841e-05,0.00012779205,0
5335.0,5340.0,5337.5,1.944854e-05,9.72427e-05,0
5340.0,5345.0,5342.5,8.566816e-06,4.283408e-05,0
5345.0,5350.0,5347.5,2.0681336e-05,0.00010340668,0
5350.0,5355.0,5352.5,2.0731106e-05,0.00010365553,0
5355.0,5360.0,5357.5,2.0846242e-05,0.00010423121,0
5360.0,5365.0,5362.5,2.3064848e-05,0.00011532424,0
5365.0,5370.0,5367.5,2.5480762e-05,0.00012740381,0
5370.0,5375.0,5372.5,2.9213756e-05,0.00014606878,0
5375.0,5380.0,5377.5,2.0895606e-05,0.00010447803,0
5380.0,5385.0,5382.5,2.8067646e-05,0.00014033823,0
5385.0,5390.0,5387.5,2.442372e-05,0.0001221186,0
5390.0,5395.0,5392.5,1.9611126e-05,9.805563e-05,0
5395.0,5400.0,5397.5,2.68211e-05,0.0001341055,0
5400.0,5405.0,5402.5,1.4759832e-05,7.379916e-05,0
5405.0,5410.0,5407.5,2.3300122e-05,0.00011650061,0
5410.0,5415.0,5412.5,1.7060474e-05,8.530237e-05,0
5415.0,5420.0,5417.5,1.5971026e-05,7.985513e-05,0
5420.0,5425.0,5422.5,2.6935574e-05,0.00013467787,0
5425.0,5430.0,5427.5,2.6957574e-05,0.00013478787,0
5430.0,5435.0,5432.5,2.1956706e-05,0.00010978353,0
5435.0,5440.0,5437.5,1.4665994e-05,7.332997e-05,0
5440.0,5445.0,5442.5,2.0782106e-05,0.00010391053,0
5445.0,5450.0,5447.5,2.202132e-05,0.0001101066,0
5450.0,5455.0,5452.5,2.091559e-05,0.00010457795,0
5455.0,5460.0,5457.5,2.6996906e-05,0.00013498453,0
5460.0,5465.0,5462.5,2.0836768e-05,0.00010418384,0
5465.0,5470.0,5467.5,2.198038e-05,0.0001099019,0
5470.0,5475.0,5472.5,1.8519366e-05,9.259683e-05,0
5475.0,5480.0,5477.5,1.5945214e-05,7.972607e-05,0
5480.0,5485.0,5482.5,7.284422e-06,3.642211e-05,0
5485.0,5490.0,5487.5,2.5648294e-05,0.00012824147,0
5490.0,5495.0,5492.5,1.1003062e-05,5.501531e-05,0
5495.0,5500.0,5497.5,1.9622434e-05,9.811217e-05,0
5500.0,5505.0,5502.5,1.7134314e-05,8.567157e-05,0
5505.0,5510.0,5507.5,2.065674e-05,0.0001032837,0
5510.0,5515.0,5512.5,2.0962094e-05,0.00010481047,0
5515.0,5520.0,5517.5,2.5678146e-05,0.00012839073,0
5520.0,5525.0,5522.5,1.095021e-05,5.475105e-05,0
5525.0,5530.0,5527.5,1.832428e-05,9.16214e-05,0
5530.0,5535.0,5532.5,2.3177774e-05,0.00011588887,0
5535.0,5540.0,5537.5,8.568996e-06,4.284498e-05,0
5540.0,5545.0,5542.5,2.2039486e-05,0.00011019743,0
5545.0,5550.0,5547.5,2.3304898e-05,0.00011652449,0
5550.0,5555.0,5552.5,1.950475e-05,9.752375e-05,0
5555.0,5560.0,5557.5,1.0985846e-05,5.492923e-05,0
5560.0,5565.0,5562.5,1.474337e-05,7.371685e-05,0
5565.0,5570.0,5567.5,2.085712e-05,0.0001042856,0
5570.0,5575.0,5572.5,2.564454e-05,0.0001282227,0
5575.0,5580.0,5577.5,2.8083114e-05,0.00014041557,0
5580.0,5585.0,5582.5,1.60228e-05,8.0114e-05,0
5585.0,5590.0,5587.5,1.2256584e-05,6.128292e-05,0
5590.0,5595.0,5592.5,1.350164e-05,6.75082e-05,0
5595.0,5600.0,5597.5,1.573303e-05,7.866515e-05,0
5600.0,5605.0,5602.5,1.581316e-05,7.90658e-05,0
5605.0,5610.0,5607.5,2.6861586e-05,0.00013430793,0
5610.0,5615.0,5612.5,1.8332646e-05,9.166323e-05,0
5615.0,5620.0,5617.5,1.5888556e-05,7.944278e-05,0
5620.0,5625.0,5622.5,2.0673474e-05,0.00010336737,0
5625.0,5630.0,5627.5,2.199804e-05,0.0001099902,0
5630.0,5635.0,5632.5,9.849582e-06,4.924791e-05,0
5635.0,5640.0,5637.5,1.9500574e-05,9.750287e-05,0
5640.0,5645.0,5642.5,1.970117e-05,9.850585e-05,0
5645.0,5650.0,5647.5,2.329362e-05,0.0001164681,0
5650.0,5655.0,5652.5,2.570953e-05,0.00012854765,0
5655.0,5660.0,5657.5,1.955132e-05,9.77566e-05,0
5660.0,5665.0,5662.5,1.098178e-05,5.49089e-05,0
5665.0,5670.0,5667.5,1.954933e-05,9.774665e-05,0
5670.0,5675.0,5672.5,1.8321414e-05,9.160707e-05,0
5675.0,5680.0,5677.5,2.450328e-05,0.0001225164,0
5680.0,5685.0,5682.5,1.8255006e-05,9.127503e-05,0
5685.0,5690.0,5687.5,1.726103e-05,8.630515e-05,0
5690.0,5695.0,5692.5,2.322624e-05,0.0001161312,0
5695.0,5700.0,5697.5,1.8406984e-05,9.203492e-05,0
5700.0,5705.0,5702.5,1.7102446e-05,8.551223e-05,0
5705.0,5710.0,5707.5,2.2147382e-05,0.00011073691,0
5710.0,5715.0,5712.5,2.0747494e-05,0.00010373747,0
5715.0,5720.0,5717.5,2.209282e-05,0.0001104641,0
5720.0,5725.0,5722.5,1.7005056e-05,8.502528e-05,0
5725.0,5730.0,5727.5,1.463818e-05,7.31909e-05,0
5730.0,5735.0,5732.5,2.066535e-05,0.00010332675,0
5735.0,5740.0,5737.5,1.952504e-05,9.76252e-05,0
5740.0,5745.0,5742.5,1.471828e-05,7.35914e-05,0
5745.0,5750.0,5747.5,1.21786e-05,6.0893e-05,0
5750.0,5755.0,5752.5,7.338006e-06,3.669003e-05,0
5755.0,5760.0,5757.5,2.083132e-05,0.0001041566,0
5760.0,5765.0,5762.5,1.9621214e-05,9.810607e-05,0
5765.0,5770.0,5767.5,2.1988824e-05,0.00010994412,0
5770.0,5775.0,5772.5,1.572926e-05,7.86463e-05,0
5775.0,5780.0,5777.5,8.545092e-06,4.272546e-05,0
5780.0,5785.0,5782.5,3.305267e-05,0.00016526335,0
5785.0,5790.0,5787.5,2.307202e-05,0.0001153601,0
5790.0,5795.0,5792.5,1.470293e-05,7.351465e-05,0
5795.0,5800.0,5797.5,1.8320666e-05,9.160333e-05,0
5800.0,5805.0,5802.5,1.0944842e-05,5.472421e-05,0
5805.0,5810.0,5807.5,1.8448256e-05,9.224128e-05,0
5810.0,5815.0,5812.5,1.9592126e-05,9.796063e-05,0
5815.0,5820.0,5817.5,1.3393482e-05,6.696741e-05,0
5820.0,5825.0,5822.5,1.8336234e-05,9.168117e-05,0
5825.0,5830.0,5827.5,1.5942936e-05,7.971468e-05,0
5830.0,5835.0,5832.5,1.4660622e-05,7.330311e-05,0
5835.0,5840.0,5837.5,2.3091036e-05,0.00011545518,0
5840.0,5845.0,5842.5,1.469947e-05,7.349735e-05,0
5845.0,5850.0,5847.5,2.1937714e-05,0.00010968857,0
5850.0,5855.0,5852.5,2.1991706e-05,0.00010995853,0
5855.0,5860.0,5857.5,2.813022e-05,0.0001406511,0
5860.0,5865.0,5862.5,1.717826e-05,8.58913e-05,0
5865.0,5870.0,5867.5,7.293152e-06,3.646576e-05,0
5870.0,5875.0,5872.5,1.5875e-05,7.9375e-05,0
5875.0,5880.0,5877.5,6.124626e-06,3.062313e-05,0
5880.0,5885.0,5882.5,1.4568486e-05,7.284243e-05,0
5885.0,5890.0,5887.5,1.586262e-05,7.93131e-05,0
5890.0,5895.0,5892.5,1.349464e-05,6.74732e-05,0
5895.0,5900.0,5897.5,1.591814e-05,7.95907e-05,0
5900.0,5905.0,5902.5,1.3558706e-05,6.779353e-05,0
5905.0,5910.0,5907.5,1.583705e-05,7.918525e-05,0
5910.0,5915.0,5912.5,1.471746e-05,7.35873e-05,0
5915.0,5920.0,5917.5,1.5863966e-05,7.931983e-05,0
5920.0,5925.0,5922.5,1.0996676e-05,5.498338e-05,0
5925.0,5930.0,5927.5,1.4731482e-05,7.365741e-05,0
5930.0,5935.0,5932.5,1.5864062e-05,7.932031e-05,0
5935.0,5940.0,5937.5,1.4559346e-05,7.279673e-05,0
5940.0,5945.0,5942.5,1.5905016e-05,7.952508e-05,0
5945.0,5950.0,5947.5,1.1061336e-05,5.530668e-05,0
5950.0,5955.0,5952.5,1.589856e-05,7.94928e-05,0
5955.0,5960.0,5957.5,7.298156e-06,3.649078e-05,0
5960.0,5965.0,5962.5,1.2406846e-05,6.203423e-05,0
5965.0,5970.0,5967.5,1.590139e-05,7.950695e-05,0
5970.0,5975.0,5972.5,1.330606e-05,6.65303e-05,0
5975.0,5980.0,5977.5,1.835392e-05,9.17696e-05,0
5980.0,5985.0,5982.5,1.2234314e-05,6.117157e-05,0
5985.0,5990.0,5987.5,2.0849234e-05,0.00010424617,0
5990.0,5995.0,5992.5,9.64178e-06,4.82089e-05,0
5995.0,6000.0,5997.5,1.0980202e-05,5.490101e-05,0
6000.0,6005.0,6002.5,1.585841e-05,7.929205e-05,0
6005.0,6010.0,6007.5,1.9604176e-05,9.802088e-05,0
6010.0,6015.0,6012.5,2.2002154e-05,0.00011001077,0
6015.0,6020.0,6017.5,1.2186678e-05,6.093339e-05,0
6020.0,6025.0,6022.5,2.0843228e-05,0.00010421614,0
6025.0,6030.0,6027.5,1.8352794e-05,9.176397e-05,0
6030.0,6035.0,6032.5,9.743566e-06,4.871783e-05,0
6035.0,6040.0,6037.5,1.7146846e-05,8.573423e-05,0
6040.0,6045.0,6042.5,1.2254956e-05,6.127478e-05,0
6045.0,6050.0,6047.5,1.3442126e-05,6.721063e-05,0
6050.0,6055.0,6052.5,1.589898e-05,7.94949e-05,0
6055.0,6060.0,6057.5,1.7220062e-05,8.610031e-05,0
6060.0,6065.0,6062.5,1.7017396e-05,8.508698e-05,0
6065.0,6070.0,6067.5,1.72239e-05,8.61195e-05,0
6070.0,6075.0,6072.5,1.9587414e-05,9.793707e-05,0
6075.0,6080.0,6077.5,2.3391176e-05,0.00011695588,0
6080.0,6085.0,6082.5,1.469537e-05,7.347685e-05,0
6085.0,6090.0,6087.5,1.331346e-05,6.65673e-05,0
6090.0,6095.0,6092.5,1.1057514e-05,5.528757e-05,0
6095.0,6100.0,6097.5,1.9621336e-05,9.810668e-05,0
6100.0,6105.0,6102.5,1.7261902e-05,8.630951e-05,0
6105.0,6110.0,6107.5,1.5991416e-05,7.995708e-05,0
6110.0,6115.0,6112.5,8.60504e-06,4.30252e-05,0
6115.0,6120.0,6117.5,1.3345054e-05,6.672527e-05,0
6120.0,6125.0,6122.5,1.7174762e-05,8.587381e-05,0
6125.0,6130.0,6127.5,9.802954e-06,4.901477e-05,0
6130.0,6135.0,6132.5,1.3357836e-05,6.678918e-05,0
6135.0,6140.0,6137.5,1.3548366e-05,6.774183e-05,0
6140.0,6145.0,6142.5,1.579668e-05,7.89834e-05,0
6145.0,6150.0,6147.5,1.3626942e-05,6.813471e-05,0
6150.0,6155.0,6152.5,1.950146e-05,9.75073e-05,0
6155.0,6160.0,6157.5,9.752296e-06,4.876148e-05,0
6160.0,6165.0,6162.5,9.78358e-06,4.89179e-05,0
6165.0,6170.0,6167.5,1.8355396e-05,9.177698e-05,0
6170.0,6175.0,6172.5,1.2315992e-05,6.157996e-05,0
6175.0,6180.0,6177.5,1.836632e-05,9.18316e-05,0
6180.0,6185.0,6182.5,1.5954356e-05,7.977178e-05,0
6185.0,6190.0,6187.5,1.1024226e-05,5.512113e-05,0
6190.0,6195.0,6192.5,1.5795654e-05,7.897827e-05,0
6195.0,6200.0,6197.5,1.5867104e-05,7.933552e-05,0
6200.0,6205.0,6202.5,7.314152e-06,3.657076e-05,0
6205.0,6210.0,6207.5,9.832946e-06,4.916473e-05,0
6210.0,6215.0,6212.5,2.081226e-05,0.0001040613,0
6215.0,6220.0,6217.5,1.345397e-05,6.726985e-05,0
6220.0,6225.0,6222.5,1.7083694e-05,8.541847e-05,0
6225.0,6230.0,6227.5,1.5900494e-05,7.950247e-05,0
6230.0,6235.0,6232.5,1.83824e-05,9.1912e-05,0
6235.0,6240.0,6237.5,1.218855e-05,6.094275e-05,0
6240.0,6245.0,6242.5,8.633126e-06,4.316563e-05,0
6245.0,6250.0,6247.5,1.8521362e-05,9.260681e-05,0
6250.0,6255.0,6252.5,1.0997462e-05,5.498731e-05,0
6255.0,6260.0,6257.5,9.803956e-06,4.901978e-05,0
6260.0,6265.0,6262.5,9.686002e-06,4.843001e-05,0
6265.0,6270.0,6267.5,1.0999282e-05,5.499641e-05,0
6270.0,6275.0,6272.5,9.75205e-06,4.876025e-05,0
6275.0,6280.0,6277.5,1.8218022e-05,9.109011e-05,0
6280.0,6285.0,6282.5,1.4597576e-05,7.298788e-05,0
6285.0,6290.0,6287.5,9.818614e-06,4.909307e-05,0
6290.0,6295.0,6292.5,1.218943e-05,6.094715e-05,0
6295.0,6300.0,6297.5,1.8285214e-05,9.142607e-05,0
6300.0,6305.0,6302.5,1.0950202e-05,5.475101e-05,0
6305.0,6310.0,6307.5,1.2226266e-05,6.113133e-05,0
6310.0,6315.0,6312.5,1.0963188e-05,5.481594e-05,0
6315.0,6320.0,6317.5,9.788266e-06,4.894133e-05,0
6320.0,6325.0,6322.5,1.828354e-05,9.14177e-05,0
6325.0,6330.0,6327.5,9.774648e-06,4.887324e-05,0
6330.0,6335.0,6332.5,1.4660846e-05,7.330423e-05,0
6335.0,6340.0,6337.5,1.4574286e-05,7.287143e-05,0
6340.0,6345.0,6342.5,1.5955586e-05,7.977793e-05,0
6345.0,6350.0,6347.5,1.2195856e-05,6.097928e-05,0
6350.0,6355.0,6352.5,1.5909826e-05,7.954913e-05,0
6355.0,6360.0,6357.5,1.2242586e-05,6.121293e-05,0
6360.0,6365.0,6362.5,1.46015e-05,7.30075e-05,0
6365.0,6370.0,6367.5,1.0944196e-05,5.472098e-05,0
6370.0,6375.0,6372.5,1.2363102e-05,6.181551e-05,0
6375.0,6380.0,6377.5,1.0992646e-05,5.496323e-05,0
6380.0,6385.0,6382.5,9.794302e-06,4.897151e-05,0
6385.0,6390.0,6387.5,7.326136e-06,3.663068e-05,0
6390.0,6395.0,6392.5,1.7066666e-05,8.533333e-05,0
6395.0,6400.0,6397.5,1.4627896e-05,7.313948e-05,0
6400.0,6405.0,6402.5,8.592046e-06,4.296023e-05,0
6405.0,6410.0,6407.5,9.743558e-06,4.871779e-05,0
6410.0,6415.0,6412.5,8.547616e-06,4.273808e-05,0
6415.0,6420.0,6417.5,1.826198e-05,9.13099e-05,0
6420.0,6425.0,6422.5,1.4582002e-05,7.291001e-05,0
6425.0,6430.0,6427.5,1.592256e-05,7.96128e-05,0
6430.0,6435.0,6432.5,1.7084632e-05,8.542316e-05,0
6435.0,6440.0,6437.5,1.715743e-05,8.578715e-05,0
6440.0,6445.0,6442.5,1.4706542e-05,7.353271e-05,0
6445.0,6450.0,6447.5,1.090771e-05,5.453855e-05,0
6450.0,6455.0,6452.5,8.617138e-06,4.308569e-05,0
6455.0,6460.0,6457.5,1.7113602e-05,8.556801e-05,0
6460.0,6465.0,6462.5,1.585234e-05,7.92617e-05,0
6465.0,6470.0,6467.5,1.0979068e-05,5.489534e-05,0
6470.0,6475.0,6472.5,9.739226e-06,4.869613e-05,0
6475.0,6480.0,6477.5,1.0932236e-05,5.466118e-05,0
6480.0,6485.0,6482.5,1.0977092e-05,5.488546e-05,0
6485.0,6490.0,6487.5,1.830738e-05,9.15369e-05,0
6490.0,6495.0,6492.5,1.0927336e-05,5.463668e-05,0
6495.0,6500.0,6497.5,7.368102e-06,3.684051e-05,0
6500.0,6505.0,6502.5,8.623752e-06,4.311876e-05,0
6505.0,6510.0,6507.5,2.0746246e-05,0.00010373123,0
6510.0,6515.0,6512.5,1.2170896e-05,6.085448e-05,0
6515.0,6520.0,6517.5,1.708368e-05,8.54184e-05,0
6520.0,6525.0,6522.5,2.198268e-05,0.0001099134,0
6525.0,6530.0,6527.5,1.700715e-05,8.503575e-05,0
6530.0,6535.0,6532.5,4.901962e-06,2.450981e-05,0
6535.0,6540.0,6537.5,1.957016e-05,9.78508e-05,0
6540.0,6545.0,6542.5,1.0985846e-05,5.492923e-05,0
6545.0,6550.0,6547.5,8.565772e-06,4.282886e-05,0
6550.0,6555.0,6552.5,3.656116e-06,1.828058e-05,0
6555.0,6560.0,6557.5,9.68624e-06,4.84312e-05,0
6560.0,6565.0,6562.5,1.2206974e-05,6.103487e-05,0
6565.0,6570.0,6567.5,1.333459e-05,6.667295e-05,0
6570.0,6575.0,6572.5,7.297698e-06,3.648849e-05,0
6575.0,6580.0,6577.5,8.540542e-06,4.270271e-05,0
6580.0,6585.0,6582.5,1.4618844e-05,7.309422e-05,0
6585.0,6590.0,6587.5,9.702176e-06,4.851088e-05,0
6590.0,6595.0,6592.5,1.5789842e-05,7.894921e-05,0
6595.0,6600.0,6597.5,1.3412714e-05,6.706357e-05,0
6600.0,6605.0,6602.5,1.3374282e-05,6.687141e-05,0
6605.0,6610.0,6607.5,8.512618e-06,4.256309e-05,0
6610.0,6615.0,6612.5,7.383466e-06,3.691733e-05,0
6615.0,6620.0,6617.5,6.187404e-06,3.093702e-05,0
6620.0,6625.0,6622.5,9.75954e-06,4.87977e-05,0
6625.0,6630.0,6627.5,1.711763e-05,8.558815e-05,0
6630.0,6635.0,6632.5,1.3455406e-05,6.727703e-05,0
6635.0,6640.0,6637.5,6.100428e-06,3.050214e-05,0
6640.0,6645.0,6642.5,7.365362e-06,3.682681e-05,0
6645.0,6650.0,6647.5,1.3359496e-05,6.679748e-05,0
6650.0,6655.0,6652.5,9.78376e-06,4.89188e-05,0
6655.0,6660.0,6657.5,6.1352e-06,3.0676e-05,0
6660.0,6665.0,6662.5,8.491512e-06,4.245756e-05,0
6665.0,6670.0,6667.5,1.1018434e-05,5.509217e-05,0
6670.0,6675.0,6672.5,7.275048e-06,3.637524e-05,0
6675.0,6680.0,6677.5,9.696186e-06,4.848093e-05,0
6680.0,6685.0,6682.5,1.0980256e-05,5.490128e-05,0
6685.0,6690.0,6687.5,7.341196e-06,3.670598e-05,0
6690.0,6695.0,6692.5,6.14936e-06,3.07468e-05,0
6695.0,6700.0,6697.5,9.741196e-06,4.870598e-05,0
6700.0,6705.0,6702.5,9.806566e-06,4.903283e-05,0
6705.0,6710.0,6707.5,7.344256e-06,3.672128e-05,0
6710.0,6715.0,6712.5,1.2303734e-05,6.151867e-05,0
6715.0,6720.0,6717.5,1.9640102e-05,9.820051e-05,0
6720.0,6725.0,6722.5,9.87996e-06,4.93998e-05,0
6725.0,6730.0,6727.5,1.4748816e-05,7.374408e-05,0
6730.0,6735.0,6732.5,9.819574e-06,4.909787e-05,0
6735.0,6740.0,6737.5,8.549802e-06,4.274901e-05,0
6740.0,6745.0,6742.5,9.733746e-06,4.866873e-05,0
6745.0,6750.0,6747.5,1.9498568e-05,9.749284e-05,0
6750.0,6755.0,6752.5,8.683136e-06,4.341568e-05,0
6755.0,6760.0,6757.5,9.696194e-06,4.848097e-05,0
6760.0,6765.0,6762.5,6.14848e-06,3.07424e-05,0
6765.0,6770.0,6767.5,8.56982e-06,4.28491e-05,0
6770.0,6775.0,6772.5,6.124626e-06,3.062313e-05,0
6775.0,6780.0,6777.5,1.587605e-05,7.938025e-05,0
6780.0,6785.0,6782.5,6.142272e-06,3.071136e-05,0
6785.0,6790.0,6787.5,9.78075e-06,4.890375e-05,0
6790.0,6795.0,6792.5,1.6016592e-05,8.008296e-05,0
6795.0,6800.0,6797.5,2.44948e-06,1.22474e-05,0
6800.0,6805.0,6802.5,1.468102e-05,7.34051e-05,0
6805.0,6810.0,6807.5,8.521558e-06,4.260779e-05,0
6810.0,6815.0,6812.5,1.0961976e-05,5.480988e-05,0
6815.0,6820.0,6817.5,1.1020396e-05,5.510198e-05,0
6820.0,6825.0,6822.5,1.3439556e-05,6.719778e-05,0
6825.0,6830.0,6827.5,6.18136e-06,3.09068e-05,0
6830.0,6835.0,6832.5,1.34426e-05,6.7213e-05,0
6835.0,6840.0,6837.5,1.222672e-05,6.11336e-05,0
6840.0,6845.0,6842.5,1.205546e-06,6.02773e-06,0
6845.0,6850.0,6847.5,1.2195332e-05,6.097666e-05,0
6850.0,6855.0,6852.5,9.86178e-06,4.93089e-05,0
6855.0,6860.0,6857.5,8.556116e-06,4.278058e-05,0
6860.0,6865.0,6862.5,9.774096e-06,4.887048e-05,0
6865.0,6870.0,6867.5,1.22547e-05,6.12735e-05,0
6870.0,6875.0,6872.5,6.14936e-06,3.07468e-05,0
6875.0,6880.0,6877.5,9.77322e-06,4.88661e-05,0
6880.0,6885.0,6882.5,1.3357262e-05,6.678631e-05,0
6885.0,6890.0,6887.5,9.880512e-06,4.940256e-05,0
6890.0,6895.0,6892.5,4.911782e-06,2.455891e-05,0
6895.0,6900.0,6897.5,9.836596e-06,4.918298e-05,0
6900.0,6905.0,6902.5,1.225694e-05,6.12847e-05,0
6905.0,6910.0,6907.5,1.2291606e-05,6.145803e-05,0
6910.0,6915.0,6912.5,6.099232e-06,3.049616e-05,0
6915.0,6920.0,6917.5,8.425756e-06,4.212878e-05,0
6920.0,6925.0,6922.5,1.1063306e-05,5.531653e-05,0
6925.0,6930.0,6927.5,1.466402e-05,7.33201e-05,0
6930.0,6935.0,6932.5,9.7865e-06,4.89325e-05,0
6935.0,6940.0,6937.5,8.553582e-06,4.276791e-05,0
6940.0,6945.0,6942.5,9.746298e-06,4.873149e-05,0
6945.0,6950.0,6947.5,4.88179e-06,2.440895e-05,0
6950.0,6955.0,6952.5,1.104081e-05,5.520405e-05,0
6955.0,6960.0,6957.5,1.1031306e-05,5.515653e-05,0
6960.0,6965.0,6962.5,8.542722e-06,4.271361e-05,0
6965.0,6970.0,6967.5,6.104506e-06,3.052253e-05,0
6970.0,6975.0,6972.5,6.106784e-06,3.053392e-05,0
6975.0,6980.0,6977.5,1.3425192e-05,6.712596e-05,0
6980.0,6985.0,6982.5,1.2120962e-05,6.060481e-05,0
6985.0,6990.0,6987.5,7.277874e-06,3.638937e-05,0
6990.0,6995.0,6992.5,1.706774e-05,8.53387e-05,0
6995.0,7000.0,6997.5,1.352727e-05,6.763635e-05,0
7000.0,7005.0,7002.5,1.089496e-05,5.44748e-05,0
7005.0,7010.0,7007.5,4.87298e-06,2.43649e-05,0
7010.0,7015.0,7012.5,1.2184122e-05,6.092061e-05,0
7015.0,7020.0,7017.5,3.69325e-06,1.846625e-05,0
7020.0,7025.0,7022.5,1.3393776e-05,6.696888e-05,0
7025.0,7030.0,7027.5,1.352011e-05,6.760055e-05,0
7030.0,7035.0,7032.5,8.605648e-06,4.302824e-05,0
7035.0,7040.0,7037.5,6.150442e-06,3.075221e-05,0
7040.0,7045.0,7042.5,1.3562902e-05,6.781451e-05,0
7045.0,7050.0,7047.5,1.2126016e-05,6.063008e-05,0
7050.0,7055.0,7052.5,9.888682e-06,4.944341e-05,0
7055.0,7060.0,7057.5,1.22474e-06,6.1237e-06,0
7060.0,7065.0,7062.5,1.4652814e-05,7.326407e-05,0
7065.0,7070.0,7067.5,6.097262e-06,3.048631e-05,0
7070.0,7075.0,7072.5,6.206754e-06,3.103377e-05,0
7075.0,7080.0,7077.5,2.420466e-06,1.210233e-05,0
7080.0,7085.0,7082.5,1.1003946e-05,5.501973e-05,0
7085.0,7090.0,7087.5,6.150442e-06,3.075221e-05,0
7090.0,7095.0,7092.5,8.48878e-06,4.24439e-05,0
7095.0,7100.0,7097.5,1.107779e-05,5.538895e-05,0
7100.0,7105.0,7102.5,9.880818e-06,4.940409e-05,0
7105.0,7110.0,7107.5,8.488974e-06,4.244487e-05,0
7110.0,7115.0,7112.5,7.38139e-06,3.690695e-05,0
7115.0,7120.0,7117.5,9.743558e-06,4.871779e-05,0
7120.0,7125.0,7122.5,1.5900806e-05,7.950403e-05,0
7125.0,7130.0,7127.5,9.746602e-06,4.873301e-05,0
7130.0,7135.0,7132.5,1.0939022e-05,5.469511e-05,0
7135.0,7140.0,7137.5,6.061226e-06,3.030613e-05,0
7140.0,7145.0,7142.5,3.69325e-06,1.846625e-05,0
7145.0,7150.0,7147.5,3.63802e-06,1.81901e-05,0
7150.0,7155.0,7152.5,9.87432e-06,4.93716e-05,0
7155.0,7160.0,7157.5,4.884956e-06,2.442478e-05,0
7160.0,7165.0,7162.5,4.91799e-06,2.458995e-05,0
7165.0,7170.0,7167.5,4.843566e-06,2.421783e-05,0
7170.0,7175.0,7172.5,7.285966e-06,3.642983e-05,0
7175.0,7180.0,7177.5,4.880856e-06,2.440428e-05,0
7180.0,7185.0,7182.5,7.394376e-06,3.697188e-05,0
7185.0,7190.0,7187.5,6.117972e-06,3.058986e-05,0
7190.0,7195.0,7192.5,9.735716e-06,4.867858e-05,0
7195.0,7200.0,7197.5,1.224004e-05,6.12002e-05,0
7200.0,7205.0,7202.5,8.529736e-06,4.264868e-05,0
7205.0,7210.0,7207.5,6.18354e-06,3.09177e-05,0
7210.0,7215.0,7212.5,7.267976e-06,3.633988e-05,0
7215.0,7220.0,7217.5,4.899886e-06,2.449943e-05,0
7220.0,7225.0,7222.5,3.69325e-06,1.846625e-05,0
7225.0,7230.0,7227.5,7.230686e-06,3.615343e-05,0
7230.0,7235.0,7232.5,3.688132e-06,1.844066e-05,0
7235.0,7240.0,7237.5,4.84138e-06,2.42069e-05,0
7240.0,7245.0,7242.5,4.890066e-06,2.445033e-05,0
7245.0,7250.0,7247.5,1.218943e-05,6.094715e-05,0
7250.0,7255.0,7252.5,1.0945534e-05,5.472767e-05,0
7255.0,7260.0,7257.5,1.0987492e-05,5.493746e-05,0
7260.0,7265.0,7262.5,1.587154e-05,7.93577e-05,0
7265.0,7270.0,7267.5,9.858304e-06,4.929152e-05,0
7270.0,7275.0,7272.5,6.119516e-06,3.059758e-05,0
7275.0,7280.0,7277.5,1.710607e-05,8.553035e-05,0
7280.0,7285.0,7282.5,6.098778e-06,3.049389e-05,0
7285.0,7290.0,7287.5,9.748116e-06,4.874058e-05,0
7290.0,7295.0,7292.5,1.2150836e-05,6.075418e-05,0
7295.0,7300.0,7297.5,7.29201e-06,3.646005e-05,0
7300.0,7305.0,7302.5,4.918622e-06,2.459311e-05,0
7305.0,7310.0,7307.5,1.1070542e-05,5.535271e-05,0
7310.0,7315.0,7312.5,4.9268e-06,2.4634e-05,0
7315.0,7320.0,7317.5,6.082202e-06,3.041101e-05,0
7320.0,7325.0,7322.5,6.15665e-06,3.078325e-05,0
7325.0,7330.0,7327.5,9.748268e-06,4.874134e-05,0
7330.0,7335.0,7332.5,8.5912e-06,4.2956e-05,0
7335.0,7340.0,7337.5,7.296028e-06,3.648014e-05,0
7340.0,7345.0,7342.5,4.840506e-06,2.420253e-05,0
7345.0,7350.0,7347.5,7.293046e-06,3.646523e-05,0
7350.0,7355.0,7352.5,7.27897e-06,3.639485e-05,0
7355.0,7360.0,7357.5,7.357086e-06,3.678543e-05,0
7360.0,7365.0,7362.5,9.83087e-06,4.915435e-05,0
7365.0,7370.0,7367.5,7.375182e-06,3.687591e-05,0
7370.0,7375.0,7372.5,4.86276e-06,2.43138e-05,0
7375.0,7380.0,7377.5,1.094811e-05,5.474055e-05,0
7380.0,7385.0,7382.5,6.066336e-06,3.033168e-05,0
7385.0,7390.0,7387.5,8.51763e-06,4.258815e-05,0
7390.0,7395.0,7392.5,4.826666e-06,2.413333e-05,0
7395.0,7400.0,7397.5,1.2178562e-05,6.089281e-05,0
7400.0,7405.0,7402.5,6.131256e-06,3.065628e-05,0
7405.0,7410.0,7407.5,3.64313e-06,1.821565e-05,0
7410.0,7415.0,7412.5,2.436494e-06,1.218247e-05,0
7415.0,7420.0,7417.5,4.880692e-06,2.440346e-05,0
7420.0,7425.0,7422.5,4.84464e-06,2.42232e-05,0
7425.0,7430.0,7427.5,4.91799e-06,2.458995e-05,0
7430.0,7435.0,7432.5,1.4605856e-05,7.302928e-05,0
7435.0,7440.0,7437.5,9.773514e-06,4.886757e-05,0
7440.0,7445.0,7442.5,7.27024e-06,3.63512e-05,0
7445.0,7450.0,7447.5,1.098737e-05,5.493685e-05,0
7450.0,7455.0,7452.5,6.159816e-06,3.079908e-05,0
7455.0,7460.0,7457.5,4.83678e-06,2.41839e-05,0
7460.0,7465.0,7462.5,9.7255e-06,4.86275e-05,0
7465.0,7470.0,7467.5,6.201636e-06,3.100818e-05,0
7470.0,7475.0,7472.5,9.764722e-06,4.882361e-05,0
7475.0,7480.0,7477.5,4.84138e-06,2.42069e-05,0
7480.0,7485.0,7482.5,8.498336e-06,4.249168e-05,0
7490.0,7495.0,7492.5,1.2238342e-05,6.119171e-05,0
7495.0,7500.0,7497.5,1.22474e-06,6.1237e-06,0
7500.0,7505.0,7502.5,9.653886e-06,4.826943e-05,0
7505.0,7510.0,7507.5,4.899886e-06,2.449943e-05,0
7510.0,7515.0,7512.5,6.074514e-06,3.037257e-05,0
7515.0,7520.0,7517.5,7.38139e-06,3.690695e-05,0
7520.0,7525.0,7522.5,8.613826e-06,4.306913e-05,0
7525.0,7530.0,7527.5,4.843566e-06,2.421783e-05,0
7530.0,7535.0,7532.5,8.575904e-06,4.287952e-05,0
7535.0,7540.0,7537.5,4.976896e-06,2.488448e-05,0
7540.0,7545.0,7542.5,4.903052e-06,2.451526e-05,0
7545.0,7550.0,7547.5,1.472513e-05,7.362565e-05,0
7550.0,7555.0,7552.5,3.62788e-06,1.81394e-05,0
7555.0,7560.0,7557.5,8.467494e-06,4.233747e-05,0
7560.0,7565.0,7562.5,6.105432e-06,3.052716e-05,0
7565.0,7570.0,7567.5,1.225728e-05,6.12864e-05,0
7570.0,7575.0,7572.5,2.420466e-06,1.210233e-05,0
7575.0,7580.0,7577.5,8.491356e-06,4.245678e-05,0
7580.0,7585.0,7582.5,6.200546e-06,3.100273e-05,0
7585.0,7590.0,7587.5,1.208534e-05,6.04267e-05,0
7590.0,7595.0,7592.5,7.32145e-06,3.660725e-05,0
7595.0,7600.0,7597.5,3.720156e-06,1.860078e-05,0
7600.0,7605.0,7602.5,4.8695e-06,2.43475e-05,0
7605.0,7610.0,7607.5,7.394376e-06,3.697188e-05,0
7610.0,7615.0,7612.5,2.431376e-06,1.215688e-05,0
7615.0,7620.0,7617.5,8.556626e-06,4.278313e-05,0
7620.0,7625.0,7622.5,1.21492e-06,6.0746e-06,0
7625.0,7630.0,7627.5,7.323972e-06,3.661986e-05,0
7630.0,7635.0,7632.5,6.0875e-06,3.04375e-05,0
7635.0,7640.0,7637.5,6.118418e-06,3.059209e-05,0
7640.0,7645.0,7642.5,1.225433e-05,6.127165e-05,0
7645.0,7650.0,7647.5,8.524896e-06,4.262448e-05,0
7650.0,7655.0,7652.5,4.918622e-06,2.459311e-05,0
7655.0,7660.0,7657.5,2.431376e-06,1.215688e-05,0
7660.0,7665.0,7662.5,6.080032e-06,3.040016e-05,0
7665.0,7670.0,7667.5,3.668938e-06,1.834469e-05,0
7670.0,7675.0,7672.5,1.218006e-05,6.09003e-05,0
7675.0,7680.0,7677.5,6.19874e-06,3.09937e-05,0
7680.0,7685.0,7682.5,8.528192e-06,4.264096e-05,0
7685.0,7690.0,7687.5,4.85076e-06,2.42538e-05,0
7690.0,7695.0,7692.5,9.788446e-06,4.894223e-05,0
7695.0,7700.0,7697.5,3.711986e-06,1.855993e-05,0
7700.0,7705.0,7702.5,6.040366e-06,3.020183e-05,0
7705.0,7710.0,7707.5,7.37431e-06,3.687155e-05,0
7710.0,7715.0,7712.5,8.5048e-06,4.2524e-05,0
7715.0,7720.0,7717.5,7.306942e-06,3.653471e-05,0
7720.0,7725.0,7722.5,7.389086e-06,3.694543e-05,0
7725.0,7730.0,7727.5,3.655026e-06,1.827513e-05,0
7730.0,7735.0,7732.5,6.058592e-06,3.029296e-05,0
7735.0,7740.0,7737.5,1.256756e-06,6.28378e-06,0
7740.0,7745.0,7742.5,6.164934e-06,3.082467e-05,0
7745.0,7750.0,7747.5,4.85805e-06,2.429025e-05,0
7750.0,7755.0,7752.5,4.83678e-06,2.41839e-05,0
7755.0,7760.0,7757.5,6.117972e-06,3.058986e-05,0
7760.0,7765.0,7762.5,4.912872e-06,2.456436e-05,0
7765.0,7770.0,7767.5,3.64476e-06,1.82238e-05,0
7770.0,7775.0,7772.5,7.316884e-06,3.658442e-05,0
7775.0,7780.0,7777.5,6.109696e-06,3.054848e-05,0
7780.0,7785.0,7782.5,4.8876e-06,2.4438e-05,0
7785.0,7790.0,7787.5,4.912872e-06,2.456436e-05,0
7790.0,7795.0,7792.5,3.629842e-06,1.814921e-05,0
7795.0,7800.0,7797.5,4.903052e-06,2.451526e-05,0
7800.0,7805.0,7802.5,6.034148e-06,3.017074e-05,0
7805.0,7810.0,7807.5,8.536816e-06,4.268408e-05,0
7810.0,7815.0,7812.5,6.066336e-06,3.033168e-05,0
7815.0,7820.0,7817.5,8.560094e-06,4.280047e-05,0
7820.0,7825.0,7822.5,8.56264e-06,4.28132e-05,0
7825.0,7830.0,7827.5,6.076582e-06,3.038291e-05,0
7830.0,7835.0,7832.5,2.436494e-06,1.218247e-05,0
7835.0,7840.0,7837.5,6.059682e-06,3.029841e-05,0
7845.0,7850.0,7847.5,4.884956e-06,2.442478e-05,0
7850.0,7855.0,7852.5,2.463392e-06,1.231696e-05,0
7855.0,7860.0,7857.5,4.876656e-06,2.438328e-05,0
7860.0,7865.0,7862.5,3.661234e-06,1.830617e-05,0
7865.0,7870.0,7867.5,3.706236e-06,1.853118e-05,0
7870.0,7875.0,7872.5,6.085956e-06,3.042978e-05,0
7875.0,7880.0,7877.5,1.256756e-06,6.28378e-06,0
7880.0,7885.0,7882.5,3.6282e-06,1.8141e-05,0
7885.0,7890.0,7887.5,3.63331e-06,1.816655e-05,0
7890.0,7895.0,7892.5,6.129736e-06,3.064868e-05,0
7895.0,7900.0,7897.5,7.326136e-06,3.663068e-05,0
7900.0,7905.0,7902.5,6.18774e-06,3.09387e-05,0
7905.0,7910.0,7907.5,6.040366e-06,3.020183e-05,0
7910.0,7915.0,7912.5,6.058486e-06,3.029243e-05,0
7915.0,7920.0,7917.5,7.363294e-06,3.681647e-05,0
7920.0,7925.0,7922.5,4.893678e-06,2.446839e-05,0
7925.0,7930.0,7927.5,6.169636e-06,3.084818e-05,0
7930.0,7935.0,7932.5,4.880856e-06,2.440428e-05,0
7935.0,7940.0,7937.5,4.890066e-06,2.445033e-05,0
7940.0,7945.0,7942.5,4.90817e-06,2.454085e-05,0
7945.0,7950.0,7947.5,8.51979e-06,4.259895e-05,0
7950.0,7955.0,7952.5,6.129442e-06,3.064721e-05,0
7955.0,7960.0,7957.5,2.488404e-06,1.244202e-05,0
7960.0,7965.0,7962.5,3.720156e-06,1.860078e-05,0
7965.0,7970.0,7967.5,4.894776e-06,2.447388e-05,0
7970.0,7975.0,7972.5,4.876656e-06,2.438328e-05,0
7975.0,7980.0,7977.5,4.825446e-06,2.412723e-05,0
7980.0,7985.0,7982.5,6.076582e-06,3.038291e-05,0
7990.0,7995.0,7992.5,7.362352e-06,3.681176e-05,0
7995.0,8000.0,7997.5,7.35664e-06,3.67832e-05,0
8000.0,8005.0,8002.5,4.82438e-06,2.41219e-05,0
8005.0,8010.0,8007.5,3.63802e-06,1.81901e-05,0
8010.0,8015.0,8012.5,7.375182e-06,3.687591e-05,0
8015.0,8020.0,8017.5,8.55902e-06,4.27951e-05,0
8020.0,8025.0,8022.5,2.463392e-06,1.231696e-05,0
8025.0,8030.0,8027.5,1.1042322e-05,5.521161e-05,0
8030.0,8035.0,8032.5,4.86058e-06,2.43029e-05,0
8035.0,8040.0,8037.5,3.73826e-06,1.86913e-05,0
8040.0,8045.0,8042.5,1.206636e-06,6.03318e-06,0
8045.0,8050.0,8047.5,2.51352e-06,1.25676e-05,0
8050.0,8055.0,8052.5,1.1069514e-05,5.534757e-05,0
8055.0,8060.0,8057.5,9.767756e-06,4.883878e-05,0
8065.0,8070.0,8067.5,9.7963e-06,4.89815e-05,0
8070.0,8075.0,8072.5,4.886598e-06,2.443299e-05,0
8075.0,8080.0,8077.5,4.88179e-06,2.440895e-05,0
8080.0,8085.0,8082.5,9.794654e-06,4.897327e-05,0
8085.0,8090.0,8087.5,2.41328e-06,1.20664e-05,0
8090.0,8095.0,8092.5,3.661234e-06,1.830617e-05,0
8095.0,8100.0,8097.5,6.118418e-06,3.059209e-05,0
8100.0,8105.0,8102.5,4.869946e-06,2.434973e-05,0
8105.0,8110.0,8107.5,6.093242e-06,3.046621e-05,0
8110.0,8115.0,8112.5,7.3441e-06,3.67205e-05,0
8115.0,8120.0,8117.5,7.299862e-06,3.649931e-05,0
8120.0,8125.0,8122.5,3.636922e-06,1.818461e-05,0
8125.0,8130.0,8127.5,7.2843e-06,3.64215e-05,0
8130.0,8135.0,8132.5,4.88914e-06,2.44457e-05,0
8135.0,8140.0,8137.5,7.345174e-06,3.672587e-05,0
8140.0,8145.0,8142.5,6.066336e-06,3.033168e-05,0
8145.0,8150.0,8147.5,7.299862e-06,3.649931e-05,0
8150.0,8155.0,8152.5,7.363294e-06,3.681647e-05,0
8155.0,8160.0,8157.5,3.668938e-06,1.834469e-05,0
8160.0,8165.0,8162.5,4.894776e-06,2.447388e-05,0
8165.0,8170.0,8167.5,4.893232e-06,2.446616e-05,0
8170.0,8175.0,8172.5,8.588034e-06,4.294017e-05,0
8175.0,8180.0,8177.5,4.85097e-06,2.425485e-05,0
8180.0,8185.0,8182.5,7.281134e-06,3.640567e-05,0
8185.0,8190.0,8187.5,4.89835e-06,2.449175e-05,0
8190.0,8195.0,8192.5,3.646296e-06,1.823148e-05,0
8195.0,8200.0,8197.5,6.119516e-06,3.059758e-05,0
8200.0,8205.0,8202.5,4.891716e-06,2.445858e-05,0
8205.0,8210.0,8207.5,1.22474e-06,6.1237e-06,0
8210.0,8215.0,8212.5,4.868502e-06,2.434251e-05,0
8215.0,8220.0,8217.5,2.431376e-06,1.215688e-05,0
8220.0,8225.0,8222.5,3.645206e-06,1.822603e-05,0
8225.0,8230.0,8227.5,3.63802e-06,1.81901e-05,0
8230.0,8235.0,8232.5,3.674974e-06,1.837487e-05,0
8235.0,8240.0,8237.5,4.883858e-06,2.441929e-05,0
8240.0,8245.0,8242.5,1.22474e-06,6.1237e-06,0
8245.0,8250.0,8247.5,4.869946e-06,2.434973e-05,0
8250.0,8255.0,8252.5,7.298156e-06,3.649078e-05,0
8255.0,8260.0,8257.5,4.930976e-06,2.465488e-05,0
8260.0,8265.0,8262.5,3.620022e-06,1.810011e-05,0
8265.0,8270.0,8267.5,4.903052e-06,2.451526e-05,0
8270.0,8275.0,8272.5,1.206636e-06,6.03318e-06,0
8275.0,8280.0,8277.5,1.206636e-06,6.03318e-06,0
8280.0,8285.0,8282.5,2.471676e-06,1.235838e-05,0
8285.0,8290.0,8287.5,7.3379e-06,3.66895e-05,0
8290.0,8295.0,8292.5,6.040362e-06,3.020181e-05,0
8295.0,8300.0,8297.5,2.436494e-06,1.218247e-05,0
8300.0,8305.0,8302.5,2.462302e-06,1.231151e-05,0
8305.0,8310.0,8307.5,4.849774e-06,2.424887e-05,0
8310.0,8315.0,8312.5,6.119516e-06,3.059758e-05,0
8315.0,8320.0,8317.5,3.706236e-06,1.853118e-05,0
8320.0,8325.0,8322.5,6.0875e-06,3.04375e-05,0
8325.0,8330.0,8327.5,2.430286e-06,1.215143e-05,0
8330.0,8335.0,8332.5,4.843566e-06,2.421783e-05,0
8335.0,8340.0,8337.5,6.060128e-06,3.030064e-05,0
8340.0,8345.0,8342.5,2.431376e-06,1.215688e-05,0
8345.0,8350.0,8347.5,1.211754e-06,6.05877e-06,0
8350.0,8355.0,8352.5,2.431376e-06,1.215688e-05,0
8355.0,8360.0,8357.5,2.481496e-06,1.240748e-05,0
8360.0,8365.0,8362.5,1.204674e-06,6.02337e-06,0
8365.0,8370.0,8367.5,4.935076e-06,2.467538e-05,0
8370.0,8375.0,8372.5,3.67422e-06,1.83711e-05,0
8375.0,8380.0,8377.5,3.656116e-06,1.828058e-05,0
8380.0,8385.0,8382.5,2.41328e-06,1.20664e-05,0
8385.0,8390.0,8387.5,4.963e-06,2.4815e-05,0
8390.0,8395.0,8392.5,3.63802e-06,1.81901e-05,0
8395.0,8400.0,8397.5,6.136374e-06,3.068187e-05,0
8400.0,8405.0,8402.5,4.963e-06,2.4815e-05,0
8405.0,8410.0,8407.5,2.41328e-06,1.20664e-05,0
8410.0,8415.0,8412.5,3.623936e-06,1.811968e-05,0
8415.0,8420.0,8417.5,3.618826e-06,1.809413e-05,0
8420.0,8425.0,8422.5,3.688132e-06,1.844066e-05,0
8425.0,8430.0,8427.5,4.875582e-06,2.437791e-05,0
8430.0,8435.0,8432.5,3.667856e-06,1.833928e-05,0
8435.0,8440.0,8437.5,4.925702e-06,2.462851e-05,0
8440.0,8445.0,8442.5,4.82654e-06,2.41327e-05,0
8445.0,8450.0,8447.5,3.688132e-06,1.844066e-05,0
8450.0,8455.0,8452.5,7.333338e-06,3.666669e-05,0
8460.0,8465.0,8462.5,6.110248e-06,3.055124e-05,0
8465.0,8470.0,8467.5,1.206636e-06,6.03318e-06,0
8470.0,8475.0,8472.5,7.31315e-06,3.656575e-05,0
8475.0,8480.0,8477.5,8.49094e-06,4.24547e-05,0
8480.0,8485.0,8482.5,6.067216e-06,3.033608e-05,0
8485.0,8490.0,8487.5,6.10653e-06,3.053265e-05,0
8490.0,8495.0,8492.5,3.611746e-06,1.805873e-05,0
8495.0,8500.0,8497.5,6.15154e-06,3.07577e-05,0
8500.0,8505.0,8502.5,3.678312e-06,1.839156e-05,0
8505.0,8510.0,8507.5,1.256756e-06,6.28378e-06,0
8510.0,8515.0,8512.5,2.44948e-06,1.22474e-05,0
8515.0,8520.0,8517.5,4.893678e-06,2.446839e-05,0
8520.0,8525.0,8522.5,2.41328e-06,1.20664e-05,0
8525.0,8530.0,8527.5,2.41328e-06,1.20664e-05,0
8530.0,8535.0,8532.5,1.206636e-06,6.03318e-06,0
8535.0,8540.0,8537.5,4.91799e-06,2.458995e-05,0
8545.0,8550.0,8547.5,8.532776e-06,4.266388e-05,0
8550.0,8555.0,8552.5,3.620022e-06,1.810011e-05,0
8555.0,8560.0,8557.5,6.111632e-06,3.055816e-05,0
8560.0,8565.0,8562.5,1.206636e-06,6.03318e-06,0
8565.0,8570.0,8567.5,1.205546e-06,6.02773e-06,0
8570.0,8575.0,8572.5,1.205546e-06,6.02773e-06,0
8575.0,8580.0,8577.5,4.822402e-06,2.411201e-05,0
8580.0,8585.0,8582.5,3.6199e-06,1.80995e-05,0
8585.0,8590.0,8587.5,4.871036e-06,2.435518e-05,0
8590.0,8595.0,8592.5,1.205546e-06,6.02773e-06,0
8595.0,8600.0,8597.5,6.137456e-06,3.068728e-05,0
8600.0,8605.0,8602.5,2.413386e-06,1.206693e-05,0
8605.0,8610.0,8607.5,9.680032e-06,4.840016e-05,0
8610.0,8615.0,8612.5,3.64204e-06,1.82102e-05,0
8615.0,8620.0,8617.5,4.845056e-06,2.422528e-05,0
8620.0,8625.0,8622.5,3.646296e-06,1.823148e-05,0
8625.0,8630.0,8627.5,6.060422e-06,3.030211e-05,0
8630.0,8635.0,8632.5,1.205546e-06,6.02773e-06,0
8635.0,8640.0,8637.5,3.645206e-06,1.822603e-05,0
8640.0,8645.0,8642.5,1.22474e-06,6.1237e-06,0
8645.0,8650.0,8647.5,3.668938e-06,1.834469e-05,0
8650.0,8655.0,8652.5,6.063596e-06,3.031798e-05,0
8655.0,8660.0,8657.5,4.884956e-06,2.442478e-05,0
8660.0,8665.0,8662.5,3.656116e-06,1.828058e-05,0
8665.0,8670.0,8667.5,2.481496e-06,1.240748e-05,0
8670.0,8675.0,8672.5,4.88179e-06,2.440895e-05,0
8675.0,8680.0,8677.5,6.114806e-06,3.057403e-05,0
8680.0,8685.0,8682.5,3.618826e-06,1.809413e-05,0
8685.0,8690.0,8687.5,4.875582e-06,2.437791e-05,0
8690.0,8695.0,8692.5,2.412182e-06,1.206091e-05,0
8695.0,8700.0,8697.5,4.901962e-06,2.450981e-05,0
8700.0,8705.0,8702.5,1.22474e-06,6.1237e-06,0
8705.0,8710.0,8707.5,2.463392e-06,1.231696e-05,0
8710.0,8715.0,8712.5,3.617736e-06,1.808868e-05,0
8715.0,8720.0,8717.5,1.204674e-06,6.02337e-06,0
8720.0,8725.0,8722.5,2.431376e-06,1.215688e-05,0
8725.0,8730.0,8727.5,7.335282e-06,3.667641e-05,0
8730.0,8735.0,8732.5,1.206636e-06,6.03318e-06,0
8735.0,8740.0,8737.5,6.15154e-06,3.07577e-05,0
8740.0,8745.0,8742.5,1.206636e-06,6.03318e-06,0
8745.0,8750.0,8747.5,1.206636e-06,6.03318e-06,0
8750.0,8755.0,8752.5,7.23654e-06,3.61827e-05,0
8755.0,8760.0,8757.5,3.719066e-06,1.859533e-05,0
8760.0,8765.0,8762.5,2.44948e-06,1.22474e-05,0
8765.0,8770.0,8767.5,1.206636e-06,6.03318e-06,0
8770.0,8775.0,8772.5,1.256756e-06,6.28378e-06,0
8775.0,8780.0,8777.5,7.288842e-06,3.644421e-05,0
8780.0,8785.0,8782.5,4.880856e-06,2.440428e-05,0
8785.0,8790.0,8787.5,1.22474e-06,6.1237e-06,0
8790.0,8795.0,8792.5,2.431376e-06,1.215688e-05,0
8795.0,8800.0,8797.5,4.936726e-06,2.468363e-05,0
8800.0,8805.0,8802.5,2.46851e-06,1.234255e-05,0
8805.0,8810.0,8807.5,1.22474e-06,6.1237e-06,0
8810.0,8815.0,8812.5,6.25176e-06,3.12588e-05,0
8815.0,8820.0,8817.5,4.894776e-06,2.447388e-05,0
8820.0,8825.0,8822.5,2.405102e-06,1.202551e-05,0
8825.0,8830.0,8827.5,7.30333e-06,3.651665e-05,0
8830.0,8835.0,8832.5,9.69332e-06,4.84666e-05,0
8835.0,8840.0,8837.5,7.323972e-06,3.661986e-05,0
8840.0,8845.0,8842.5,2.51352e-06,1.25676e-05,0
8845.0,8850.0,8847.5,4.950014e-06,2.475007e-05,0
8850.0,8855.0,8852.5,4.837984e-06,2.418992e-05,0
8855.0,8860.0,8857.5,1.256756e-06,6.28378e-06,0
8860.0,8865.0,8862.5,6.085956e-06,3.042978e-05,0
8865.0,8870.0,8867.5,4.893678e-06,2.446839e-05,0
8875.0,8880.0,8877.5,1.256756e-06,6.28378e-06,0
8880.0,8885.0,8882.5,1.211754e-06,6.05877e-06,0
8885.0,8890.0,8887.5,2.463392e-06,1.231696e-05,0
8890.0,8895.0,8892.5,2.463392e-06,1.231696e-05,0
8895.0,8900.0,8897.5,4.85805e-06,2.429025e-05,0
8900.0,8905.0,8902.5,7.290042e-06,3.645021e-05,0
8905.0,8910.0,8907.5,2.488404e-06,1.244202e-05,0
8910.0,8915.0,8912.5,3.688132e-06,1.844066e-05,0
8920.0,8925.0,8922.5,3.654154e-06,1.827077e-05,0
8925.0,8930.0,8927.5,1.22474e-06,6.1237e-06,0
8930.0,8935.0,8932.5,7.4123e-06,3.70615e-05,0
8940.0,8945.0,8942.5,1.198466e-06,5.99233e-06,0
8945.0,8950.0,8947.5,1.256756e-06,6.28378e-06,0
8950.0,8955.0,8952.5,3.64204e-06,1.82102e-05,0
8955.0,8960.0,8957.5,2.44948e-06,1.22474e-05,0
8960.0,8965.0,8962.5,4.88179e-06,2.440895e-05,0
8965.0,8970.0,8967.5,3.641168e-06,1.820584e-05,0
8970.0,8975.0,8972.5,3.64313e-06,1.821565e-05,0
8975.0,8980.0,8977.5,3.63802e-06,1.81901e-05,0
8980.0,8985.0,8982.5,2.462302e-06,1.231151e-05,0
8985.0,8990.0,8987.5,4.84464e-06,2.42232e-05,0
8990.0,8995.0,8992.5,2.436494e-06,1.218247e-05,0
8995.0,9000.0,8997.5,3.668938e-06,1.834469e-05,0
9000.0,9005.0,9002.5,1.206636e-06,6.03318e-06,0
9005.0,9010.0,9007.5,4.86787e-06,2.433935e-05,0
9010.0,9015.0,9012.5,3.718194e-06,1.859097e-05,0
9015.0,9020.0,9017.5,3.670036e-06,1.835018e-05,0
9020.0,9025.0,9022.5,3.720156e-06,1.860078e-05,0
9025.0,9030.0,9027.5,6.149996e-06,3.074998e-05,0
9035.0,9040.0,9037.5,3.720156e-06,1.860078e-05,0
9040.0,9045.0,9042.5,3.69325e-06,1.846625e-05,0
9045.0,9050.0,9047.5,2.463392e-06,1.231696e-05,0
9050.0,9055.0,9052.5,2.51352e-06,1.25676e-05,0
9055.0,9060.0,9057.5,2.421556e-06,1.210778e-05,0
9060.0,9065.0,9062.5,3.641594e-06,1.820797e-05,0
9065.0,9070.0,9067.5,3.63802e-06,1.81901e-05,0
9070.0,9075.0,9072.5,2.41328e-06,1.20664e-05,0
9075.0,9080.0,9077.5,4.842476e-06,2.421238e-05,0
9090.0,9095.0,9092.5,2.462302e-06,1.231151e-05,0
9095.0,9100.0,9097.5,4.86276e-06,2.43138e-05,0
9100.0,9105.0,9102.5,1.206636e-06,6.03318e-06,0
9105.0,9110.0,9107.5,7.27298e-06,3.63649e-05,0
9110.0,9115.0,9112.5,3.656116e-06,1.828058e-05,0
9115.0,9120.0,9117.5,4.8366e-06,2.4183e-05,0
9120.0,9125.0,9122.5,2.412182e-06,1.206091e-05,0
9125.0,9130.0,9127.5,3.617954e-06,1.808977e-05,0
9130.0,9135.0,9132.5,4.944896e-06,2.472448e-05,0
9135.0,9140.0,9137.5,1.22474e-06,6.1237e-06,0
9140.0,9145.0,9142.5,1.256756e-06,6.28378e-06,0
9145.0,9150.0,9147.5,2.463392e-06,1.231696e-05,0
9150.0,9155.0,9152.5,2.421556e-06,1.210778e-05,0
9155.0,9160.0,9157.5,3.680256e-06,1.840128e-05,0
9165.0,9170.0,9167.5,1.206636e-06,6.03318e-06,0
9170.0,9175.0,9172.5,4.861662e-06,2.430831e-05,0
9180.0,9185.0,9182.5,2.41328e-06,1.20664e-05,0
9185.0,9190.0,9187.5,2.412182e-06,1.206091e-05,0
9190.0,9195.0,9192.5,2.429414e-06,1.214707e-05,0
9195.0,9200.0,9197.5,2.41839e-06,1.209195e-05,0
9200.0,9205.0,9202.5,1.22474e-06,6.1237e-06,0
9205.0,9210.0,9207.5,3.720156e-06,1.860078e-05,0
9210.0,9215.0,9212.5,6.105432e-06,3.052716e-05,0
9215.0,9220.0,9217.5,4.911782e-06,2.455891e-05,0
9220.0,9225.0,9222.5,2.431376e-06,1.215688e-05,0
9225.0,9230.0,9227.5,6.164934e-06,3.082467e-05,0
9230.0,9235.0,9232.5,4.84464e-06,2.42232e-05,0
9235.0,9240.0,9237.5,2.471676e-06,1.235838e-05,0
9240.0,9245.0,9242.5,1.206636e-06,6.03318e-06,0
9245.0,9250.0,9247.5,1.22474e-06,6.1237e-06,0
9250.0,9255.0,9252.5,1.206636e-06,6.03318e-06,0
9255.0,9260.0,9257.5,1.256756e-06,6.28378e-06,0
9260.0,9265.0,9262.5,1.256756e-06,6.28378e-06,0
9265.0,9270.0,9267.5,2.43966e-06,1.21983e-05,0
9270.0,9275.0,9272.5,2.41839e-06,1.209195e-05,0
9275.0,9280.0,9277.5,1.256756e-06,6.28378e-06,0
9285.0,9290.0,9287.5,3.73826e-06,1.86913e-05,0
9290.0,9295.0,9292.5,3.64313e-06,1.821565e-05,0
9295.0,9300.0,9297.5,1.206636e-06,6.03318e-06,0
9300.0,9305.0,9302.5,1.206636e-06,6.03318e-06,0
9305.0,9310.0,9307.5,3.636476e-06,1.818238e-05,0
9310.0,9315.0,9312.5,1.204674e-06,6.02337e-06,0
9315.0,9320.0,9317.5,1.205546e-06,6.02773e-06,0
9320.0,9325.0,9322.5,3.686596e-06,1.843298e-05,0
9325.0,9330.0,9327.5,2.41839e-06,1.209195e-05,0
9330.0,9335.0,9332.5,2.471676e-06,1.235838e-05,0
9335.0,9340.0,9337.5,4.882986e-06,2.441493e-05,0
9340.0,9345.0,9342.5,3.688132e-06,1.844066e-05,0
9345.0,9350.0,9347.5,3.655026e-06,1.827513e-05,0
9350.0,9355.0,9352.5,2.46851e-06,1.234255e-05,0
9355.0,9360.0,9357.5,1.22474e-06,6.1237e-06,0
9360.0,9365.0,9362.5,1.21492e-06,6.0746e-06,0
9365.0,9370.0,9367.5,3.656116e-06,1.828058e-05,0
9370.0,9375.0,9372.5,2.431376e-06,1.215688e-05,0
9375.0,9380.0,9377.5,1.206636e-06,6.03318e-06,0
9380.0,9385.0,9382.5,2.463392e-06,1.231696e-05,0
9385.0,9390.0,9387.5,6.131256e-06,3.065628e-05,0
9390.0,9395.0,9392.5,1.22474e-06,6.1237e-06,0
9395.0,9400.0,9397.5,2.4703e-06,1.23515e-05,0
9400.0,9405.0,9402.5,1.206636e-06,6.03318e-06,0
9405.0,9410.0,9407.5,3.668938e-06,1.834469e-05,0
9410.0,9415.0,9412.5,2.463392e-06,1.231696e-05,0
9415.0,9420.0,9417.5,3.688132e-06,1.844066e-05,0
9425.0,9430.0,9427.5,2.481496e-06,1.240748e-05,0
9430.0,9435.0,9432.5,3.625034e-06,1.812517e-05,0
9435.0,9440.0,9437.5,1.256756e-06,6.28378e-06,0
9440.0,9445.0,9442.5,2.412182e-06,1.206091e-05,0
9450.0,9455.0,9452.5,3.668938e-06,1.834469e-05,0
9455.0,9460.0,9457.5,4.912872e-06,2.456436e-05,0
9460.0,9465.0,9462.5,1.198466e-06,5.99233e-06,0
9465.0,9470.0,9467.5,1.22474e-06,6.1237e-06,0
9470.0,9475.0,9472.5,1.206636e-06,6.03318e-06,0
9480.0,9485.0,9482.5,1.206636e-06,6.03318e-06,0
9485.0,9490.0,9487.5,3.6282e-06,1.8141e-05,0
9490.0,9495.0,9492.5,3.77026e-06,1.88513e-05,0
9495.0,9500.0,9497.5,2.431376e-06,1.215688e-05,0
9505.0,9510.0,9507.5,3.688132e-06,1.844066e-05,0
9510.0,9515.0,9512.5,1.256756e-06,6.28378e-06,0
9515.0,9520.0,9517.5,2.481496e-06,1.240748e-05,0
9520.0,9525.0,9522.5,2.412182e-06,1.206091e-05,0
9525.0,9530.0,9527.5,3.69325e-06,1.846625e-05,0
9530.0,9535.0,9532.5,1.22474e-06,6.1237e-06,0
9540.0,9545.0,9542.5,3.628752e-06,1.814376e-05,0
9545.0,9550.0,9547.5,1.206636e-06,6.03318e-06,0
9550.0,9555.0,9552.5,3.706236e-06,1.853118e-05,0
9560.0,9565.0,9562.5,2.51352e-06,1.25676e-05,0
9565.0,9570.0,9567.5,1.206636e-06,6.03318e-06,0
9575.0,9580.0,9577.5,1.21492e-06,6.0746e-06,0
9580.0,9585.0,9582.5,3.687042e-06,1.843521e-05,0
9590.0,9595.0,9592.5,1.211754e-06,6.05877e-06,0
9595.0,9600.0,9597.5,1.211754e-06,6.05877e-06,0
9600.0,9605.0,9602.5,1.22474e-06,6.1237e-06,0
9610.0,9615.0,9612.5,2.412182e-06,1.206091e-05,0
9615.0,9620.0,9617.5,2.463392e-06,1.231696e-05,0
9620.0,9625.0,9622.5,1.205546e-06,6.02773e-06,0
9630.0,9635.0,9632.5,1.263664e-06,6.31832e-06,0
9635.0,9640.0,9637.5,2.41022e-06,1.20511e-05,0
9640.0,9645.0,9642.5,3.670036e-06,1.835018e-05,0
9645.0,9650.0,9647.5,3.680964e-06,1.840482e-05,0
9650.0,9655.0,9652.5,1.22474e-06,6.1237e-06,0
9655.0,9660.0,9657.5,1.21492e-06,6.0746e-06,0
9660.0,9665.0,9662.5,1.21492e-06,6.0746e-06,0
9665.0,9670.0,9667.5,4.831654e-06,2.415827e-05,0
9670.0,9675.0,9672.5,1.206636e-06,6.03318e-06,0
9675.0,9680.0,9677.5,2.46143e-06,1.230715e-05,0
9680.0,9685.0,9682.5,1.205546e-06,6.02773e-06,0
9690.0,9695.0,9692.5,1.22474e-06,6.1237e-06,0
9695.0,9700.0,9697.5,1.206636e-06,6.03318e-06,0
9705.0,9710.0,9707.5,1.206636e-06,6.03318e-06,0
9710.0,9715.0,9712.5,2.41022e-06,1.20511e-05,0
9715.0,9720.0,9717.5,2.481496e-06,1.240748e-05,0
9720.0,9725.0,9722.5,1.22474e-06,6.1237e-06,0
9730.0,9735.0,9732.5,1.211754e-06,6.05877e-06,0
9735.0,9740.0,9737.5,4.861662e-06,2.430831e-05,0
9745.0,9750.0,9747.5,2.51352e-06,1.25676e-05,0
9750.0,9755.0,9752.5,4.86787e-06,2.433935e-05,0
9755.0,9760.0,9757.5,2.481496e-06,1.240748e-05,0
9760.0,9765.0,9762.5,1.21492e-06,6.0746e-06,0
9765.0,9770.0,9767.5,2.412182e-06,1.206091e-05,0
9770.0,9775.0,9772.5,2.462302e-06,1.231151e-05,0
9775.0,9780.0,9777.5,1.256756e-06,6.28378e-06,0
9780.0,9785.0,9782.5,1.22474e-06,6.1237e-06,0
9790.0,9795.0,9792.5,2.52042e-06,1.26021e-05,0
9795.0,9800.0,9797.5,3.706236e-06,1.853118e-05,0
9810.0,9815.0,9812.5,1.22474e-06,6.1237e-06,0
9815.0,9820.0,9817.5,2.463392e-06,1.231696e-05,0
9820.0,9825.0,9822.5,1.22474e-06,6.1237e-06,0
9830.0,9835.0,9832.5,3.666976e-06,1.833488e-05,0
9835.0,9840.0,9837.5,3.706236e-06,1.853118e-05,0
9840.0,9845.0,9842.5,2.463392e-06,1.231696e-05,0
9845.0,9850.0,9847.5,1.22474e-06,6.1237e-06,0
9850.0,9855.0,9852.5,1.22474e-06,6.1237e-06,0
9855.0,9860.0,9857.5,2.481496e-06,1.240748e-05,0
9865.0,9870.0,9867.5,1.256756e-06,6.28378e-06,0
9870.0,9875.0,9872.5,2.463392e-06,1.231696e-05,0
9875.0,9880.0,9877.5,1.22474e-06,6.1237e-06,0
9880.0,9885.0,9882.5,3.72844e-06,1.86422e-05,0
9885.0,9890.0,9887.5,2.429414e-06,1.214707e-05,0
9890.0,9895.0,9892.5,1.198466e-06,5.99233e-06,0
9895.0,9900.0,9897.5,1.206636e-06,6.03318e-06,0
9905.0,9910.0,9907.5,3.72844e-06,1.86422e-05,0
9910.0,9915.0,9912.5,1.22474e-06,6.1237e-06,0
9915.0,9920.0,9917.5,3.661234e-06,1.830617e-05,0
9920.0,9925.0,9922.5,1.21492e-06,6.0746e-06,0
9935.0,9940.0,9937.5,3.630136e-06,1.815068e-05,0
9950.0,9955.0,9952.5,1.21492e-06,6.0746e-06,0
9960.0,9965.0,9962.5,1.22474e-06,6.1237e-06,0
9965.0,9970.0,9967.5,3.73826e-06,1.86913e-05,0
9970.0,9975.0,9972.5,1.256756e-06,6.28378e-06,0
9980.0,9985.0,9982.5,1.22474e-06,6.1237e-06,0
9985.0,9990.0,9987.5,1.256756e-06,6.28378e-06,0
9995.0,10000.0,9997.5,1.22474e-06,6.1237e-06,0
10000.0,10005.0,10002.5,2.481496e-06,1.240748e-05,0
10015.0,10020.0,10017.5,1.256756e-06,6.28378e-06,0
10025.0,10030.0,10027.5,3.668938e-06,1.834469e-05,0
10030.0,10035.0,10032.5,2.52042e-06,1.26021e-05,0
10045.0,10050.0,10047.5,2.43966e-06,1.21983e-05,0
10050.0,10055.0,10052.5,1.22474e-06,6.1237e-06,0
10055.0,10060.0,10057.5,2.420466e-06,1.210233e-05,0
10060.0,10065.0,10062.5,2.51352e-06,1.25676e-05,0
10065.0,10070.0,10067.5,2.431376e-06,1.215688e-05,0
10070.0,10075.0,10072.5,2.421556e-06,1.210778e-05,0
10075.0,10080.0,10077.5,6.15154e-06,3.07577e-05,0
10080.0,10085.0,10082.5,1.256756e-06,6.28378e-06,0
10085.0,10090.0,10087.5,1.256756e-06,6.28378e-06,0
10095.0,10100.0,10097.5,1.256756e-06,6.28378e-06,0
10100.0,10105.0,10102.5,1.256756e-06,6.28378e-06,0
10105.0,10110.0,10107.5,2.41839e-06,1.209195e-05,0
10115.0,10120.0,10117.5,2.471676e-06,1.235838e-05,0
10125.0,10130.0,10127.5,4.894776e-06,2.447388e-05,0
10135.0,10140.0,10137.5,3.64313e-06,1.821565e-05,0
10140.0,10145.0,10142.5,1.256756e-06,6.28378e-06,0
10155.0,10160.0,10157.5,1.22474e-06,6.1237e-06,0
10160.0,10165.0,10162.5,2.431376e-06,1.215688e-05,0
10165.0,10170.0,10167.5,2.471676e-06,1.235838e-05,0
10170.0,10175.0,10172.5,1.204674e-06,6.02337e-06,0
10175.0,10180.0,10177.5,1.22474e-06,6.1237e-06,0
10180.0,10185.0,10182.5,2.52042e-06,1.26021e-05,0
10185.0,10190.0,10187.5,1.22474e-06,6.1237e-06,0
10195.0,10200.0,10197.5,1.211754e-06,6.05877e-06,0
10200.0,10205.0,10202.5,3.69325e-06,1.846625e-05,0
10205.0,10210.0,10207.5,1.21492e-06,6.0746e-06,0
10210.0,10215.0,10212.5,2.481496e-06,1.240748e-05,0
10225.0,10230.0,10227.5,2.431376e-06,1.215688e-05,0
10235.0,10240.0,10237.5,1.21492e-06,6.0746e-06,0
10240.0,10245.0,10242.5,2.481496e-06,1.240748e-05,0
10245.0,10250.0,10247.5,1.206636e-06,6.03318e-06,0
10250.0,10255.0,10252.5,1.205546e-06,6.02773e-06,0
10255.0,10260.0,10257.5,1.22474e-06,6.1237e-06,0
10260.0,10265.0,10262.5,1.256756e-06,6.28378e-06,0
10265.0,10270.0,10267.5,1.206636e-06,6.03318e-06,0
10270.0,10275.0,10272.5,1.256756e-06,6.28378e-06,0
10275.0,10280.0,10277.5,1.22474e-06,6.1237e-06,0
10280.0,10285.0,10282.5,1.22474e-06,6.1237e-06,0
10290.0,10295.0,10292.5,3.706236e-06,1.853118e-05,0
10295.0,10300.0,10297.5,1.22474e-06,6.1237e-06,0
10310.0,10315.0,10312.5,1.256756e-06,6.28378e-06,0
10315.0,10320.0,10317.5,1.21492e-06,6.0746e-06,0
10325.0,10330.0,10327.5,3.718194e-06,1.859097e-05,0
10330.0,10335.0,10332.5,2.416428e-06,1.208214e-05,0
10335.0,10340.0,10337.5,3.720156e-06,1.860078e-05,0
10340.0,10345.0,10342.5,1.22474e-06,6.1237e-06,0
10345.0,10350.0,10347.5,1.256756e-06,6.28378e-06,0
10355.0,10360.0,10357.5,2.46143e-06,1.230715e-05,0
10370.0,10375.0,10372.5,1.22474e-06,6.1237e-06,0
10390.0,10395.0,10392.5,1.22474e-06,6.1237e-06,0
10400.0,10405.0,10402.5,1.256756e-06,6.28378e-06,0
10410.0,10415.0,10412.5,1.256756e-06,6.28378e-06,0
10420.0,10425.0,10422.5,1.256756e-06,6.28378e-06,0
10425.0,10430.0,10427.5,2.462302e-06,1.231151e-05,0
10430.0,10435.0,10432.5,1.256756e-06,6.28378e-06,0
10435.0,10440.0,10437.5,3.674056e-06,1.837028e-05,0
10440.0,10445.0,10442.5,1.22474e-06,6.1237e-06,0
10445.0,10450.0,10447.5,2.455222e-06,1.227611e-05,0
10450.0,10455.0,10452.5,1.211754e-06,6.05877e-06,0
10460.0,10465.0,10462.5,1.22474e-06,6.1237e-06,0
10465.0,10470.0,10467.5,1.22474e-06,6.1237e-06,0
10475.0,10480.0,10477.5,2.431376e-06,1.215688e-05,0
10480.0,10485.0,10482.5,1.256756e-06,6.28378e-06,0
10485.0,10490.0,10487.5,2.51352e-06,1.25676e-05,0
10495.0,10500.0,10497.5,1.22474e-06,6.1237e-06,0
10500.0,10505.0,10502.5,1.256756e-06,6.28378e-06,0
10510.0,10515.0,10512.5,1.205546e-06,6.02773e-06,0
10520.0,10525.0,10522.5,2.478584e-06,1.239292e-05,0
10530.0,10535.0,10532.5,1.204674e-06,6.02337e-06,0
10535.0,10540.0,10537.5,1.256756e-06,6.28378e-06,0
10540.0,10545.0,10542.5,1.198466e-06,5.99233e-06,0
10545.0,10550.0,10547.5,2.41131e-06,1.205655e-05,0
10550.0,10555.0,10552.5,2.51352e-06,1.25676e-05,0
10555.0,10560.0,10557.5,1.22474e-06,6.1237e-06,0
10565.0,10570.0,10567.5,2.430286e-06,1.215143e-05,0
10570.0,10575.0,10572.5,1.198466e-06,5.99233e-06,0
10580.0,10585.0,10582.5,1.21492e-06,6.0746e-06,0
10585.0,10590.0,10587.5,1.206636e-06,6.03318e-06,0
10595.0,10600.0,10597.5,2.481496e-06,1.240748e-05,0
10605.0,10610.0,10607.5,1.206636e-06,6.03318e-06,0
10615.0,10620.0,10617.5,2.463392e-06,1.231696e-05,0
10640.0,10645.0,10642.5,2.44948e-06,1.22474e-05,0
10645.0,10650.0,10647.5,1.206636e-06,6.03318e-06,0
10650.0,10655.0,10652.5,1.256756e-06,6.28378e-06,0
10655.0,10660.0,10657.5,1.256756e-06,6.28378e-06,0
10660.0,10665.0,10662.5,2.430286e-06,1.215143e-05,0
10665.0,10670.0,10667.5,1.22474e-06,6.1237e-06,0
10675.0,10680.0,10677.5,1.211754e-06,6.05877e-06,0
10700.0,10705.0,10702.5,3.656116e-06,1.828058e-05,0
10705.0,10710.0,10707.5,1.206636e-06,6.03318e-06,0
10710.0,10715.0,10712.5,1.22474e-06,6.1237e-06,0
10715.0,10720.0,10717.5,1.22474e-06,6.1237e-06,0
10720.0,10725.0,10722.5,1.21492e-06,6.0746e-06,0
10725.0,10730.0,10727.5,1.256756e-06,6.28378e-06,0
10730.0,10735.0,10732.5,1.22474e-06,6.1237e-06,0
10755.0,10760.0,10757.5,2.481496e-06,1.240748e-05,0
10760.0,10765.0,10762.5,1.22474e-06,6.1237e-06,0
10765.0,10770.0,10767.5,1.211754e-06,6.05877e-06,0
10775.0,10780.0,10777.5,1.22474e-06,6.1237e-06,0
10780.0,10785.0,10782.5,1.204674e-06,6.02337e-06,0
10790.0,10795.0,10792.5,1.205546e-06,6.02773e-06,0
10800.0,10805.0,10802.5,1.22474e-06,6.1237e-06,0
10810.0,10815.0,10812.5,2.44948e-06,1.22474e-05,0
10820.0,10825.0,10822.5,1.256756e-06,6.28378e-06,0
10825.0,10830.0,10827.5,1.256756e-06,6.28378e-06,0
10830.0,10835.0,10832.5,4.93881e-06,2.469405e-05,0
10835.0,10840.0,10837.5,2.462302e-06,1.231151e-05,0
10860.0,10865.0,10862.5,6.136076e-06,3.068038e-05,0
10865.0,10870.0,10867.5,1.256756e-06,6.28378e-06,0
10885.0,10890.0,10887.5,1.256756e-06,6.28378e-06,0
10890.0,10895.0,10892.5,1.22474e-06,6.1237e-06,0
10905.0,10910.0,10907.5,1.256756e-06,6.28378e-06,0
10910.0,10915.0,10912.5,2.43966e-06,1.21983e-05,0
10920.0,10925.0,10922.5,1.204674e-06,6.02337e-06,0
10925.0,10930.0,10927.5,1.256756e-06,6.28378e-06,0
10935.0,10940.0,10937.5,1.211754e-06,6.05877e-06,0
10960.0,10965.0,10962.5,1.204674e-06,6.02337e-06,0
10965.0,10970.0,10967.5,2.463392e-06,1.231696e-05,0
10975.0,10980.0,10977.5,2.44948e-06,1.22474e-05,0
10995.0,11000.0,10997.5,3.69325e-06,1.846625e-05,0
11010.0,11015.0,11012.5,1.256756e-06,6.28378e-06,0
11015.0,11020.0,11017.5,1.256756e-06,6.28378e-06,0
11020.0,11025.0,11022.5,1.22474e-06,6.1237e-06,0
11025.0,11030.0,11027.5,1.22474e-06,6.1237e-06,0
11030.0,11035.0,11032.5,1.21492e-06,6.0746e-06,0
11040.0,11045.0,11042.5,1.205546e-06,6.02773e-06,0
11050.0,11055.0,11052.5,1.22474e-06,6.1237e-06,0
11055.0,11060.0,11057.5,1.256756e-06,6.28378e-06,0
11080.0,11085.0,11082.5,2.463392e-06,1.231696e-05,0
11085.0,11090.0,11087.5,2.431376e-06,1.215688e-05,0
11090.0,11095.0,11092.5,2.481496e-06,1.240748e-05,0
11095.0,11100.0,11097.5,3.777184e-06,1.888592e-05,0
11100.0,11105.0,11102.5,2.462302e-06,1.231151e-05,0
11105.0,11110.0,11107.5,1.256756e-06,6.28378e-06,0
11110.0,11115.0,11112.5,1.256756e-06,6.28378e-06,0
11125.0,11130.0,11127.5,1.206636e-06,6.03318e-06,0
11135.0,11140.0,11137.5,1.198466e-06,5.99233e-06,0
11150.0,11155.0,11152.5,2.481496e-06,1.240748e-05,0
11165.0,11170.0,11167.5,1.256756e-06,6.28378e-06,0
11170.0,11175.0,11172.5,1.22474e-06,6.1237e-06,0
11180.0,11185.0,11182.5,3.706236e-06,1.853118e-05,0
11190.0,11195.0,11192.5,1.211754e-06,6.05877e-06,0
11195.0,11200.0,11197.5,1.22474e-06,6.1237e-06,0
11200.0,11205.0,11202.5,1.256756e-06,6.28378e-06,0
11210.0,11215.0,11212.5,1.256756e-06,6.28378e-06,0
11230.0,11235.0,11232.5,2.462302e-06,1.231151e-05,0
11250.0,11255.0,11252.5,1.22474e-06,6.1237e-06,0
11260.0,11265.0,11262.5,1.22474e-06,6.1237e-06,0
11265.0,11270.0,11267.5,1.256756e-06,6.28378e-06,0
11275.0,11280.0,11277.5,1.22474e-06,6.1237e-06,0
11285.0,11290.0,11287.5,1.263664e-06,6.31832e-06,0
11290.0,11295.0,11292.5,2.429414e-06,1.214707e-05,0
11295.0,11300.0,11297.5,1.256756e-06,6.28378e-06,0
11300.0,11305.0,11302.5,2.429414e-06,1.214707e-05,0
11310.0,11315.0,11312.5,1.21492e-06,6.0746e-06,0
11315.0,11320.0,11317.5,1.22474e-06,6.1237e-06,0
11345.0,11350.0,11347.5,1.22474e-06,6.1237e-06,0
11350.0,11355.0,11352.5,2.481496e-06,1.240748e-05,0
11365.0,11370.0,11367.5,1.206636e-06,6.03318e-06,0
11375.0,11380.0,11377.5,1.256756e-06,6.28378e-06,0
11385.0,11390.0,11387.5,1.21492e-06,6.0746e-06,0
11390.0,11395.0,11392.5,1.256756e-06,6.28378e-06,0
11405.0,11410.0,11407.5,2.404012e-06,1.202006e-05,0
11410.0,11415.0,11412.5,2.471676e-06,1.235838e-05,0
11420.0,11425.0,11422.5,1.22474e-06,6.1237e-06,0
11430.0,11435.0,11432.5,1.205546e-06,6.02773e-06,0
11435.0,11440.0,11437.5,1.22474e-06,6.1237e-06,0
11440.0,11445.0,11442.5,1.256756e-06,6.28378e-06,0
11450.0,11455.0,11452.5,1.256756e-06,6.28378e-06,0
11455.0,11460.0,11457.5,1.205546e-06,6.02773e-06,0
11460.0,11465.0,11462.5,1.205546e-06,6.02773e-06,0
11465.0,11470.0,11467.5,1.256756e-06,6.28378e-06,0
11480.0,11485.0,11482.5,2.44948e-06,1.22474e-05,0
11525.0,11530.0,11527.5,1.256756e-06,6.28378e-06,0
11595.0,11600.0,11597.5,1.205546e-06,6.02773e-06,0
11600.0,11605.0,11602.5,1.21492e-06,6.0746e-06,0
11610.0,11615.0,11612.5,1.256756e-06,6.28378e-06,0
11625.0,11630.0,11627.5,1.21492e-06,6.0746e-06,0
11665.0,11670.0,11667.5,1.256756e-06,6.28378e-06,0
11680.0,11685.0,11682.5,1.256756e-06,6.28378e-06,0
11685.0,11690.0,11687.5,1.21492e-06,6.0746e-06,0
11705.0,11710.0,11707.5,1.256756e-06,6.28378e-06,0
11730.0,11735.0,11732.5,1.256756e-06,6.28378e-06,0
11775.0,11780.0,11777.5,1.256756e-06,6.28378e-06,0
11805.0,11810.0,11807.5,2.471676e-06,1.235838e-05,0
11820.0,11825.0,11822.5,1.256756e-06,6.28378e-06,0
11830.0,11835.0,11832.5,2.51352e-06,1.25676e-05,0
11850.0,11855.0,11852.5,1.22474e-06,6.1237e-06,0
11875.0,11880.0,11877.5,1.211754e-06,6.05877e-06,0
11880.0,11885.0,11882.5,1.256756e-06,6.28378e-06,0
11890.0,11895.0,11892.5,2.51352e-06,1.25676e-05,0
11900.0,11905.0,11902.5,1.21492e-06,6.0746e-06,0
11935.0,11940.0,11937.5,1.256756e-06,6.28378e-06,0
11950.0,11955.0,11952.5,1.256756e-06,6.28378e-06,0
12000.0,12005.0,12002.5,1.256756e-06,6.28378e-06,0
12005.0,12010.0,12007.5,1.256756e-06,6.28378e-06,0
12015.0,12020.0,12017.5,3.668938e-06,1.834469e-05,0
12070.0,12075.0,12072.5,1.256756e-06,6.28378e-06,0
12090.0,12095.0,12092.5,1.21492e-06,6.0746e-06,0
12100.0,12105.0,12102.5,1.256756e-06,6.28378e-06,0
12105.0,12110.0,12107.5,1.256756e-06,6.28378e-06,0
12125.0,12130.0,12127.5,1.256756e-06,6.28378e-06,0
12145.0,12150.0,12147.5,1.22474e-06,6.1237e-06,0
12165.0,12170.0,12167.5,1.256756e-06,6.28378e-06,0
12170.0,12175.0,12172.5,1.198466e-06,5.99233e-06,0
12190.0,12195.0,12192.5,1.22474e-06,6.1237e-06,0
12195.0,12200.0,12197.5,1.21492e-06,6.0746e-06,0
12200.0,12205.0,12202.5,1.256756e-06,6.28378e-06,0
12205.0,12210.0,12207.5,1.205546e-06,6.02773e-06,0
12225.0,12230.0,12227.5,2.478584e-06,1.239292e-05,0
12265.0,12270.0,12267.5,1.256756e-06,6.28378e-06,0
12270.0,12275.0,12272.5,1.256756e-06,6.28378e-06,0
12275.0,12280.0,12277.5,2.431376e-06,1.215688e-05,0
12285.0,12290.0,12287.5,1.206636e-06,6.03318e-06,0
12295.0,12300.0,12297.5,1.22474e-06,6.1237e-06,0
12300.0,12305.0,12302.5,2.471676e-06,1.235838e-05,0
12315.0,12320.0,12317.5,2.488404e-06,1.244202e-05,0
12320.0,12325.0,12322.5,3.661234e-06,1.830617e-05,0
12350.0,12355.0,12352.5,1.22474e-06,6.1237e-06,0
12355.0,12360.0,12357.5,1.211754e-06,6.05877e-06,0
12365.0,12370.0,12367.5,1.256756e-06,6.28378e-06,0
12375.0,12380.0,12377.5,1.22474e-06,6.1237e-06,0
12385.0,12390.0,12387.5,1.206636e-06,6.03318e-06,0
12400.0,12405.0,12402.5,1.256756e-06,6.28378e-06,0
12405.0,12410.0,12407.5,1.256756e-06,6.28378e-06,0
12420.0,12425.0,12422.5,1.256756e-06,6.28378e-06,0
12435.0,12440.0,12437.5,2.455222e-06,1.227611e-05,0
12450.0,12455.0,12452.5,1.211754e-06,6.05877e-06,0
12475.0,12480.0,12477.5,1.22474e-06,6.1237e-06,0
12495.0,12500.0,12497.5,1.256756e-06,6.28378e-06,0
12520.0,12525.0,12522.5,2.430286e-06,1.215143e-05,0
12555.0,12560.0,12557.5,1.198466e-06,5.99233e-06,0
12590.0,12595.0,12592.5,1.256756e-06,6.28378e-06,0
12595.0,12600.0,12597.5,1.256756e-06,6.28378e-06,0
12605.0,12610.0,12607.5,1.22474e-06,6.1237e-06,0
12625.0,12630.0,12627.5,1.256756e-06,6.28378e-06,0
12635.0,12640.0,12637.5,2.413386e-06,1.206693e-05,0
12655.0,12660.0,12657.5,1.22474e-06,6.1237e-06,0
12670.0,12675.0,12672.5,1.21492e-06,6.0746e-06,0
12680.0,12685.0,12682.5,1.256756e-06,6.28378e-06,0
12715.0,12720.0,12717.5,1.263664e-06,6.31832e-06,0
12740.0,12745.0,12742.5,1.263664e-06,6.31832e-06,0
12755.0,12760.0,12757.5,1.22474e-06,6.1237e-06,0
12795.0,12800.0,12797.5,1.256756e-06,6.28378e-06,0
12800.0,12805.0,12802.5,1.198466e-06,5.99233e-06,0
12825.0,12830.0,12827.5,1.206636e-06,6.03318e-06,0
12835.0,12840.0,12837.5,1.211754e-06,6.05877e-06,0
12845.0,12850.0,12847.5,1.21492e-06,6.0746e-06,0
12865.0,12870.0,12867.5,1.22474e-06,6.1237e-06,0
12870.0,12875.0,12872.5,1.206636e-06,6.03318e-06,0
12890.0,12895.0,12892.5,1.22474e-06,6.1237e-06,0
12895.0,12900.0,12897.5,1.256756e-06,6.28378e-06,0
12900.0,12905.0,12902.5,1.21492e-06,6.0746e-06,0
12905.0,12910.0,12907.5,1.256756e-06,6.28378e-06,0
12925.0,12930.0,12927.5,1.256756e-06,6.28378e-06,0
12930.0,12935.0,12932.5,2.488404e-06,1.244202e-05,0
12985.0,12990.0,12987.5,1.204674e-06,6.02337e-06,0
13000.0,13005.0,13002.5,1.256756e-06,6.28378e-06,0
13045.0,13050.0,13047.5,3.77026e-06,1.88513e-05,0
13075.0,13080.0,13077.5,1.22474e-06,6.1237e-06,0
13085.0,13090.0,13087.5,1.256756e-06,6.28378e-06,0
13125.0,13130.0,13127.5,1.256756e-06,6.28378e-06,0
13150.0,13155.0,13152.5,1.22474e-06,6.1237e-06,0
13155.0,13160.0,13157.5,1.22474e-06,6.1237e-06,0
13165.0,13170.0,13167.5,1.256756e-06,6.28378e-06,0
13190.0,13195.0,13192.5,1.256756e-06,6.28378e-06,0
13235.0,13240.0,13237.5,1.256756e-06,6.28378e-06,0
13245.0,13250.0,13247.5,1.256756e-06,6.28378e-06,0
13290.0,13295.0,13292.5,1.22474e-06,6.1237e-06,0
13295.0,13300.0,13297.5,1.256756e-06,6.28378e-06,0
13365.0,13370.0,13367.5,1.204674e-06,6.02337e-06,0
13455.0,13460.0,13457.5,1.21492e-06,6.0746e-06,0
13510.0,13515.0,13512.5,1.206636e-06,6.03318e-06,0
13530.0,13535.0,13532.5,1.211754e-06,6.05877e-06,0
13590.0,13595.0,13592.5,1.206636e-06,6.03318e-06,0
13640.0,13645.0,13642.5,1.205546e-06,6.02773e-06,0
13665.0,13670.0,13667.5,1.21492e-06,6.0746e-06,0
13715.0,13720.0,13717.5,2.46143e-06,1.230715e-05,0
13720.0,13725.0,13722.5,1.256756e-06,6.28378e-06,0
13730.0,13735.0,13732.5,1.256756e-06,6.28378e-06,0
13820.0,13825.0,13822.5,1.256756e-06,6.28378e-06,0
13840.0,13845.0,13842.5,2.430286e-06,1.215143e-05,0
13865.0,13870.0,13867.5,1.22474e-06,6.1237e-06,0
13910.0,13915.0,13912.5,1.198466e-06,5.99233e-06,0
13950.0,13955.0,13952.5,1.256756e-06,6.28378e-06,0
14090.0,14095.0,14092.5,1.205546e-06,6.02773e-06,0
14280.0,14285.0,14282.5,1.256756e-06,6.28378e-06,0
14285.0,14290.0,14287.5,1.256756e-06,6.28378e-06,0
14395.0,14400.0,14397.5,1.22474e-06,6.1237e-06,0
14405.0,14410.0,14407.5,1.256756e-06,6.28378e-06,0
14565.0,14570.0,14567.5,1.256756e-06,6.28378e-06,0
14585.0,14590.0,14587.5,1.206636e-06,6.03318e-06,0
14725.0,14730.0,14727.5,1.256756e-06,6.28378e-06,0
14730.0,14735.0,14732.5,1.205546e-06,6.02773e-06,0
14815.0,14820.0,14817.5,1.256756e-06,6.28378e-06,0
14840.0,14845.0,14842.5,1.211754e-06,6.05877e-06,0
14870.0,14875.0,14872.5,1.21492e-06,6.0746e-06,0
14900.0,14905.0,14902.5,1.211754e-06,6.05877e-06,0
14910.0,14915.0,14912.5,1.211754e-06,6.05877e-06,0
15055.0,15060.0,15057.5,1.263664e-06,6.31832e-06,0
15190.0,15195.0,15192.5,1.211754e-06,6.05877e-06,0
15345.0,15350.0,15347.5,1.21492e-06,6.0746e-06,0
15540.0,15545.0,15542.5,1.211754e-06,6.05877e-06,0
15610.0,15615.0,15612.5,1.22474e-06,6.1237e-06,0
15640.0,15645.0,15642.5,1.21492e-06,6.0746e-06,0
15675.0,15680.0,15677.5,1.263664e-06,6.31832e-06,0
15785.0,15790.0,15787.5,1.204674e-06,6.02337e-06,0
15880.0,15885.0,15882.5,1.21492e-06,6.0746e-06,0
15900.0,15905.0,15902.5,1.263664e-06,6.31832e-06,0
16085.0,16090.0,16087.5,1.22474e-06,6.1237e-06,0
16125.0,16130.0,16127.5,1.256756e-06,6.28378e-06,0
16275.0,16280.0,16277.5,1.206636e-06,6.03318e-06,0
17950.0,17955.0,17952.5,1.206636e-06,6.03318e-06,0
18850.0,18855.0,18852.5,1.21492e-06,6.0746e-06,0
20370.0,20375.0,20372.5,1.205546e-06,6.02773e-06,0
22535.0,22540.0,22537.5,1.263664e-06,6.31832e-06,0
24965.0,24970.0,24967.5,1.198466e-06,5.99233e-06,0
