bin_start_us,bin_end_us,bin_mid_us,pdf_per_us,probability,count
210.0,215.0,212.5,3.99182e-05,0.000199591,0
215.0,220.0,217.5,2.512158e-05,0.0001256079,0
220.0,225.0,222.5,5.537582e-05,0.0002768791,0
225.0,230.0,227.5,2.482574e-05,0.0001241287,0
230.0,235.0,232.5,8.352816e-05,0.0004176408,0
235.0,240.0,237.5,6.214554e-05,0.0003107277,0
240.0,245.0,242.5,5.710298e-05,0.0002855149,0
245.0,250.0,247.5,8.760812e-05,0.0004380406,0
250.0,255.0,252.5,6.270812e-05,0.0003135406,0
255.0,260.0,257.5,8.498844e-05,0.0004249422,0
260.0,265.0,262.5,6.162232e-05,0.0003081116,0
265.0,270.0,267.5,7.227464e-05,0.0003613732,0
270.0,275.0,272.5,4.636862e-05,0.0002318431,0
275.0,280.0,277.5,7.130088e-05,0.0003565044,0
280.0,285.0,282.5,4.624922e-05,0.0002312461,0
285.0,290.0,287.5,4.295338e-05,0.0002147669,0
290.0,295.0,292.5,6.171146e-05,0.0003085573,0
295.0,300.0,297.5,0.00010415294,0.0005207647,0
300.0,305.0,302.5,7.300962e-05,0.0003650481,0
305.0,310.0,307.5,7.433884e-05,0.0003716942,0
310.0,315.0,312.5,9.14668e-05,0.000457334,0
315.0,320.0,317.5,4.06006e-05,0.000203003,0
320.0,325.0,322.5,2.823008e-05,0.0001411504,0
325.0,330.0,327.5,3.698248e-05,0.0001849124,0
330.0,335.0,332.5,4.58379e-05,0.0002291895,0
335.0,340.0,337.5,6.369494e-05,0.0003184747,0
340.0,345.0,342.5,0.0007845072,0.003922536,0
345.0,350.0,347.5,0.0007814196,0.003907098,0
350.0,355.0,352.5,0.0006668908,0.003334454,0
355.0,360.0,357.5,0.0004873554,0.002436777,0
360.0,365.0,362.5,0.00072336148,0.0036168074,0
365.0,370.0,367.5,0.00060435744,0.0030217872,0
370.0,375.0,372.5,0.0005840246,0.002920123,0
375.0,380.0,377.5,0.0002133425,0.0010667125,0
380.0,385.0,382.5,0.00028152066,0.0014076033,0
385.0,390.0,387.5,0.00023246078,0.0011623039,0
390.0,395.0,392.5,0.00029829092,0.0014914546,0
395.0,400.0,397.5,0.0002066342,0.001033171,0
400.0,405.0,402.5,0.00018123962,0.0009061981,0
405.0,410.0,407.5,0.0003724246,0.001862123,0
410.0,415.0,412.5,0.00015966682,0.0007983341,0
415.0,420.0,417.5,0.00026044386,0.0013022193,0
420.0,425.0,422.5,0.00027719026,0.0013859513,0
425.0,430.0,427.5,0.00024850098,0.0012425049,0
430.0,435.0,432.5,0.0001710503,0.0008552515,0
435.0,440.0,437.5,0.00021634904,0.0010817452,0
440.0,445.0,442.5,0.00022498118,0.0011249059,0
445.0,450.0,447.5,0.00015906256,0.0007953128,0
450.0,455.0,452.5,0.0002883303,0.0014416515,0
455.0,460.0,457.5,0.00017041248,0.0008520624,0
460.0,465.0,462.5,0.00017463354,0.0008731677,0
465.0,470.0,467.5,0.00018634208,0.0009317104,0
470.0,475.0,472.5,0.013526014,0.06763007,0
475.0,480.0,477.5,0.00022116074,0.0011058037,0
480.0,485.0,482.5,0.0001438537,0.0007192685,0
485.0,490.0,487.5,0.00029390238,0.0014695119,0
490.0,495.0,492.5,0.0002744176,0.001372088,0
495.0,500.0,497.5,0.00016733398,0.0008366699,0
500.0,505.0,502.5,0.00023714714,0.0011857357,0
505.0,510.0,507.5,0.00029750912,0.0014875456,0
510.0,515.0,512.5,0.00023930134,0.0011965067,0
515.0,520.0,517.5,0.00035070632,0.0017535316,0
520.0,525.0,522.5,0.0002108291,0.0010541455,0
525.0,530.0,527.5,0.00021233226,0.0010616613,0
530.0,535.0,532.5,0.00015748458,0.0007874229,0
535.0,540.0,537.5,0.00019864592,0.0009932296,0
540.0,545.0,542.5,0.00024199966,0.0012099983,0
545.0,550.0,547.5,0.0002766691,0.0013833455,0
550.0,555.0,552.5,0.00025558634,0.0012779317,0
555.0,560.0,557.5,0.00023695372,0.0011847686,0
560.0,565.0,562.5,0.00024695512,0.0012347756,0
565.0,570.0,567.5,0.00022442792,0.0011221396,0
570.0,575.0,572.5,0.00023250234,0.0011625117,0
575.0,580.0,577.5,0.0001420981,0.0007104905,0
580.0,585.0,582.5,0.00015976952,0.0007988476,0
585.0,590.0,587.5,0.00023481184,0.0011740592,0
590.0,595.0,592.5,0.00018132292,0.0009066146,0
595.0,600.0,597.5,0.00020019244,0.0010009622,0
600.0,605.0,602.5,0.0011436294,0.005718147,0
605.0,610.0,607.5,0.00016600514,0.0008300257,0
610.0,615.0,612.5,0.0006194886,0.003097443,0
615.0,620.0,617.5,0.00014195866,0.0007097933,0
620.0,625.0,622.5,0.00029076894,0.0014538447,0
625.0,630.0,627.5,0.00014233832,0.0007116916,0
630.0,635.0,632.5,0.00022076924,0.0011038462,0
635.0,640.0,637.5,0.00014503924,0.0007251962,0
640.0,645.0,642.5,0.00019198112,0.0009599056,0
645.0,650.0,647.5,0.00017284698,0.0008642349,0
650.0,655.0,652.5,0.00019258604,0.0009629302,0
655.0,660.0,657.5,0.000273928,0.00136964,0
660.0,665.0,662.5,0.00017797798,0.0008898899,0
665.0,670.0,667.5,0.00025225348,0.0012612674,0
670.0,675.0,672.5,0.00019430972,0.0009715486,0
675.0,680.0,677.5,0.00023698672,0.0011849336,0
680.0,685.0,682.5,0.0002478393,0.0012391965,0
685.0,690.0,687.5,0.00025512782,0.0012756391,0
690.0,695.0,692.5,0.00024004214,0.0012002107,0
695.0,700.0,697.5,0.00022932406,0.0011466203,0
700.0,705.0,702.5,0.00019984822,0.0009992411,0
705.0,710.0,707.5,0.0002436896,0.001218448,0
710.0,715.0,712.5,0.00027897998,0.0013948999,0
715.0,720.0,717.5,0.00023917126,0.0011958563,0
720.0,725.0,722.5,0.00023718804,0.0011859402,0
725.0,730.0,727.5,0.00021840292,0.0010920146,0
730.0,735.0,732.5,0.00024722828,0.0012361414,0
735.0,740.0,737.5,0.00025390328,0.0012695164,0
740.0,745.0,742.5,0.0025407938,0.012703969,0
745.0,750.0,747.5,0.0001807868,0.000903934,0
750.0,755.0,752.5,0.0001617471,0.0008087355,0
755.0,760.0,757.5,0.00018691166,0.0009345583,0
760.0,765.0,762.5,0.00020494992,0.0010247496,0
765.0,770.0,767.5,0.00016270552,0.0008135276,0
770.0,775.0,772.5,0.00023654228,0.0011827114,0
775.0,780.0,777.5,0.00022483944,0.0011241972,0
780.0,785.0,782.5,0.00028292704,0.0014146352,0
785.0,790.0,787.5,0.00019074528,0.0009537264,0
790.0,795.0,792.5,0.00023052764,0.0011526382,0
795.0,800.0,797.5,0.0001792525,0.0008962625,0
800.0,805.0,802.5,0.00018850828,0.0009425414,0
805.0,810.0,807.5,0.00015405992,0.0007702996,0
810.0,815.0,812.5,0.00021014798,0.0010507399,0
815.0,820.0,817.5,0.00012215664,0.0006107832,0
820.0,825.0,822.5,0.00014320028,0.0007160014,0
825.0,830.0,827.5,0.00010461236,0.0005230618,0
830.0,835.0,832.5,0.00012716108,0.0006358054,0
835.0,840.0,837.5,0.00027593928,0.0013796964,0
840.0,845.0,842.5,0.00017358702,0.0008679351,0
845.0,850.0,847.5,0.00016606418,0.0008303209,0
850.0,855.0,852.5,0.0001505089,0.0007525445,0
855.0,860.0,857.5,0.0001755068,0.000877534,0
860.0,865.0,862.5,0.00023971274,0.0011985637,0
865.0,870.0,867.5,0.00020995296,0.0010497648,0
870.0,875.0,872.5,0.000381664,0.00190832,0
875.0,880.0,877.5,0.0001029201,0.0005146005,0
880.0,885.0,882.5,0.0001928032,0.000964016,0
885.0,890.0,887.5,9.565542e-05,0.0004782771,0
890.0,895.0,892.5,0.00017466962,0.0008733481,0
895.0,900.0,897.5,0.00018460454,0.0009230227,0
900.0,905.0,902.5,0.0001598694,0.000799347,0
905.0,910.0,907.5,0.00016255536,0.0008127768,0
910.0,915.0,912.5,0.00050772788,0.0025386394,0
915.0,920.0,917.5,0.00014520682,0.0007260341,0
920.0,925.0,922.5,0.00020920792,0.0010460396,0
925.0,930.0,927.5,0.00015515232,0.0007757616,0
930.0,935.0,932.5,0.00011084048,0.0005542024,0
935.0,940.0,937.5,0.00016232374,0.0008116187,0
940.0,945.0,942.5,0.00016536562,0.0008268281,0
945.0,950.0,947.5,0.00010844354,0.0005422177,0
950.0,955.0,952.5,0.00015293196,0.0007646598,0
955.0,960.0,957.5,0.00016232798,0.0008116399,0
960.0,965.0,962.5,0.00015970954,0.0007985477,0
965.0,970.0,967.5,0.00012194576,0.0006097288,0
970.0,975.0,972.5,0.00017930256,0.0008965128,0
975.0,980.0,977.5,0.00017491904,0.0008745952,0
980.0,985.0,982.5,0.0001989695,0.0009948475,0
985.0,990.0,987.5,0.0001675311,0.0008376555,0
990.0,995.0,992.5,0.00018382228,0.0009191114,0
995.0,1000.0,997.5,0.00011542978,0.0005771489,0
1000.0,1005.0,1002.5,0.000377734,0.00188867,0
1005.0,1010.0,1007.5,0.00033416784,0.0016708392,0
1010.0,1015.0,1012.5,0.00029592764,0.0014796382,0
1015.0,1020.0,1017.5,0.00027399422,0.0013699711,0
1020.0,1025.0,1022.5,0.00026206362,0.0013103181,0
1025.0,1030.0,1027.5,0.00035823524,0.0017911762,0
1030.0,1035.0,1032.5,0.00020829554,0.0010414777,0
1035.0,1040.0,1037.5,0.00025856904,0.0012928452,0
1040.0,1045.0,1042.5,8.506402e-05,0.0004253201,0
1045.0,1050.0,1047.5,0.0003184045,0.0015920225,0
1050.0,1055.0,1052.5,0.00024379582,0.0012189791,0
1055.0,1060.0,1057.5,0.00017507266,0.0008753633,0
1060.0,1065.0,1062.5,0.00019653862,0.0009826931,0
1065.0,1070.0,1067.5,0.00015450636,0.0007725318,0
1070.0,1075.0,1072.5,0.0001226224,0.000613112,0
1075.0,1080.0,1077.5,0.00014149038,0.0007074519,0
1080.0,1085.0,1082.5,9.788386e-05,0.0004894193,0
1085.0,1090.0,1087.5,0.00013638306,0.0006819153,0
1090.0,1095.0,1092.5,0.00012337844,0.0006168922,0
1095.0,1100.0,1097.5,0.0001596067,0.0007980335,0
1100.0,1105.0,1102.5,0.00012083842,0.0006041921,0
1105.0,1110.0,1107.5,0.00012957448,0.0006478724,0
1110.0,1115.0,1112.5,0.00018698392,0.0009349196,0
1115.0,1120.0,1117.5,0.00012838162,0.0006419081,0
1120.0,1125.0,1122.5,0.0001670317,0.0008351585,0
1125.0,1130.0,1127.5,0.00017743076,0.0008871538,0
1130.0,1135.0,1132.5,0.00023178124,0.0011589062,0
1135.0,1140.0,1137.5,0.00013144286,0.0006572143,0
1140.0,1145.0,1142.5,0.00025333172,0.0012666586,0
1145.0,1150.0,1147.5,0.00017576984,0.0008788492,0
1150.0,1155.0,1152.5,0.00022207796,0.0011103898,0
1155.0,1160.0,1157.5,0.00017943992,0.0008971996,0
1160.0,1165.0,1162.5,0.00022265174,0.0011132587,0
1165.0,1170.0,1167.5,0.0001931878,0.000965939,0
1170.0,1175.0,1172.5,0.00013428768,0.0006714384,0
1175.0,1180.0,1177.5,0.00016753158,0.0008376579,0
1180.0,1185.0,1182.5,0.00020283678,0.0010141839,0
1185.0,1190.0,1187.5,0.00014630528,0.0007315264,0
1190.0,1195.0,1192.5,0.0001349239,0.0006746195,0
1195.0,1200.0,1197.5,0.00013542382,0.0006771191,0
1200.0,1205.0,1202.5,0.00015406994,0.0007703497,0
1205.0,1210.0,1207.5,0.00019558364,0.0009779182,0
1210.0,1215.0,1212.5,0.0001859578,0.000929789,0
1215.0,1220.0,1217.5,8.40667e-05,0.0004203335,0
1220.0,1225.0,1222.5,0.0001633121,0.0008165605,0
1225.0,1230.0,1227.5,9.82134e-05,0.000491067,0
1230.0,1235.0,1232.5,0.00021808586,0.0010904293,0
1235.0,1240.0,1237.5,0.00015451234,0.0007725617,0
1240.0,1245.0,1242.5,0.00013714922,0.0006857461,0
1245.0,1250.0,1247.5,0.0001063058,0.000531529,0
1250.0,1255.0,1252.5,0.00020056376,0.0010028188,0
1255.0,1260.0,1257.5,0.00014731136,0.0007365568,0
1260.0,1265.0,1262.5,0.00014483114,0.0007241557,0
1265.0,1270.0,1267.5,0.00024360798,0.0012180399,0
1270.0,1275.0,1272.5,0.00014190836,0.0007095418,0
1275.0,1280.0,1277.5,0.0002026114,0.001013057,0
1280.0,1285.0,1282.5,0.00019107026,0.0009553513,0
1285.0,1290.0,1287.5,0.00011085432,0.0005542716,0
1290.0,1295.0,1292.5,0.00017893958,0.0008946979,0
1295.0,1300.0,1297.5,0.00019516296,0.0009758148,0
1300.0,1305.0,1302.5,0.00011573158,0.0005786579,0
1305.0,1310.0,1307.5,0.00015156726,0.0007578363,0
1310.0,1315.0,1312.5,0.00018280536,0.0009140268,0
1315.0,1320.0,1317.5,0.00013723556,0.0006861778,0
1320.0,1325.0,1322.5,0.00011163246,0.0005581623,0
1325.0,1330.0,1327.5,0.00014964102,0.0007482051,0
1330.0,1335.0,1332.5,0.0001326127,0.0006630635,0
1335.0,1340.0,1337.5,0.00013418078,0.0006709039,0
1340.0,1345.0,1342.5,0.00012800488,0.0006400244,0
1345.0,1350.0,1347.5,0.0001295223,0.0006476115,0
1350.0,1355.0,1352.5,0.00010835248,0.0005417624,0
1355.0,1360.0,1357.5,0.00016923474,0.0008461737,0
1360.0,1365.0,1362.5,0.00010485408,0.0005242704,0
1365.0,1370.0,1367.5,0.00010430644,0.0005215322,0
1370.0,1375.0,1372.5,9.91664e-05,0.000495832,0
1375.0,1380.0,1377.5,0.00019037936,0.0009518968,0
1380.0,1385.0,1382.5,0.00015193982,0.0007596991,0
1385.0,1390.0,1387.5,0.00024270374,0.0012135187,0
1390.0,1395.0,1392.5,0.00011402858,0.0005701429,0
1395.0,1400.0,1397.5,0.00016866252,0.0008433126,0
1400.0,1405.0,1402.5,0.00010087464,0.0005043732,0
1405.0,1410.0,1407.5,0.00013442492,0.0006721246,0
1410.0,1415.0,1412.5,0.00016261008,0.0008130504,0
1415.0,1420.0,1417.5,0.00016744888,0.0008372444,0
1420.0,1425.0,1422.5,0.00019981546,0.0009990773,0
1425.0,1430.0,1427.5,0.00016000974,0.0008000487,0
1430.0,1435.0,1432.5,0.00011199944,0.0005599972,0
1435.0,1440.0,1437.5,0.00012565314,0.0006282657,0
1440.0,1445.0,1442.5,0.00011395564,0.0005697782,0
1445.0,1450.0,1447.5,0.00011557492,0.0005778746,0
1450.0,1455.0,1452.5,0.00014233568,0.0007116784,0
1455.0,1460.0,1457.5,0.00014836028,0.0007418014,0
1460.0,1465.0,1462.5,0.00011785388,0.0005892694,0
1465.0,1470.0,1467.5,0.00013970052,0.0006985026,0
1470.0,1475.0,1472.5,0.00018491196,0.0009245598,0
1475.0,1480.0,1477.5,0.00017016006,0.0008508003,0
1480.0,1485.0,1482.5,9.56913e-05,0.0004784565,0
1485.0,1490.0,1487.5,0.00013957412,0.0006978706,0
1490.0,1495.0,1492.5,0.00011302962,0.0005651481,0
1495.0,1500.0,1497.5,0.00015485594,0.0007742797,0
1500.0,1505.0,1502.5,0.00013762124,0.0006881062,0
1505.0,1510.0,1507.5,0.00015944194,0.0007972097,0
1510.0,1515.0,1512.5,0.00015864982,0.0007932491,0
1515.0,1520.0,1517.5,0.0001979689,0.0009898445,0
1520.0,1525.0,1522.5,0.00016428302,0.0008214151,0
1525.0,1530.0,1527.5,0.00013207336,0.0006603668,0
1530.0,1535.0,1532.5,0.00011764648,0.0005882324,0
1535.0,1540.0,1537.5,0.0001541604,0.000770802,0
1540.0,1545.0,1542.5,0.00016729992,0.0008364996,0
1545.0,1550.0,1547.5,0.00016068574,0.0008034287,0
1550.0,1555.0,1552.5,0.00018761538,0.0009380769,0
1555.0,1560.0,1557.5,0.00010755642,0.0005377821,0
1560.0,1565.0,1562.5,0.0001127199,0.0005635995,0
1565.0,1570.0,1567.5,0.00015129428,0.0007564714,0
1570.0,1575.0,1572.5,0.0001550431,0.0007752155,0
1575.0,1580.0,1577.5,0.00016356914,0.0008178457,0
1580.0,1585.0,1582.5,0.00016809954,0.0008404977,0
1585.0,1590.0,1587.5,0.00016867858,0.0008433929,0
1590.0,1595.0,1592.5,0.00018730168,0.0009365084,0
1595.0,1600.0,1597.5,0.00016555162,0.0008277581,0
1600.0,1605.0,1602.5,0.0001342263,0.0006711315,0
1605.0,1610.0,1607.5,0.00017544276,0.0008772138,0
1610.0,1615.0,1612.5,0.00016940428,0.0008470214,0
1615.0,1620.0,1617.5,0.00012438006,0.0006219003,0
1620.0,1625.0,1622.5,0.00016628768,0.0008314384,0
1625.0,1630.0,1627.5,0.0001538544,0.000769272,0
1630.0,1635.0,1632.5,0.00011228342,0.0005614171,0
1635.0,1640.0,1637.5,0.00010553386,0.0005276693,0
1640.0,1645.0,1642.5,0.00010920442,0.0005460221,0
1645.0,1650.0,1647.5,7.953824e-05,0.0003976912,0
1650.0,1655.0,1652.5,9.611534e-05,0.0004805767,0
1655.0,1660.0,1657.5,0.00014593876,0.0007296938,0
1660.0,1665.0,1662.5,7.504132e-05,0.0003752066,0
1665.0,1670.0,1667.5,0.00022951558,0.0011475779,0
1670.0,1675.0,1672.5,0.00016073356,0.0008036678,0
1675.0,1680.0,1677.5,0.0002170304,0.001085152,0
1680.0,1685.0,1682.5,0.00021392264,0.0010696132,0
1685.0,1690.0,1687.5,0.00013872072,0.0006936036,0
1690.0,1695.0,1692.5,0.00016826508,0.0008413254,0
1695.0,1700.0,1697.5,0.0001746318,0.000873159,0
1700.0,1705.0,1702.5,0.00020430632,0.0010215316,0
1705.0,1710.0,1707.5,0.0001826924,0.000913462,0
1710.0,1715.0,1712.5,0.00015749466,0.0007874733,0
1715.0,1720.0,1717.5,0.00010699832,0.0005349916,0
1720.0,1725.0,1722.5,0.00011710208,0.0005855104,0
1725.0,1730.0,1727.5,0.00017102656,0.0008551328,0
1730.0,1735.0,1732.5,0.0001292274,0.000646137,0
1735.0,1740.0,1737.5,9.366366e-05,0.0004683183,0
1740.0,1745.0,1742.5,0.00018091732,0.0009045866,0
1745.0,1750.0,1747.5,0.00016815538,0.0008407769,0
1750.0,1755.0,1752.5,6.559936e-05,0.0003279968,0
1755.0,1760.0,1757.5,0.0001523524,0.000761762,0
1760.0,1765.0,1762.5,0.00015312502,0.0007656251,0
1765.0,1770.0,1767.5,9.021746e-05,0.0004510873,0
1770.0,1775.0,1772.5,0.0001442851,0.0007214255,0
1775.0,1780.0,1777.5,0.00010071062,0.0005035531,0
1780.0,1785.0,1782.5,0.0002085947,0.0010429735,0
1785.0,1790.0,1787.5,0.0001370397,0.0006851985,0
1790.0,1795.0,1792.5,0.0001628031,0.0008140155,0
1795.0,1800.0,1797.5,0.00012006122,0.0006003061,0
1800.0,1805.0,1802.5,0.0001214243,0.0006071215,0
1805.0,1810.0,1807.5,0.00019343358,0.0009671679,0
1810.0,1815.0,1812.5,0.00011567874,0.0005783937,0
1815.0,1820.0,1817.5,0.00010224792,0.0005112396,0
1820.0,1825.0,1822.5,0.0001606195,0.0008030975,0
1825.0,1830.0,1827.5,0.00018102546,0.0009051273,0
1830.0,1835.0,1832.5,0.00012347778,0.0006173889,0
1835.0,1840.0,1837.5,0.00012973128,0.0006486564,0
1840.0,1845.0,1842.5,0.00018882944,0.0009441472,0
1845.0,1850.0,1847.5,0.00018945782,0.0009472891,0
1850.0,1855.0,1852.5,0.0001983986,0.000991993,0
1855.0,1860.0,1857.5,8.631214e-05,0.0004315607,0
1860.0,1865.0,1862.5,9.643704e-05,0.0004821852,0
1865.0,1870.0,1867.5,0.0001081255,0.0005406275,0
1870.0,1875.0,1872.5,0.00015076428,0.0007538214,0
1875.0,1880.0,1877.5,0.00018700346,0.0009350173,0
1880.0,1885.0,1882.5,0.00013523336,0.0006761668,0
1885.0,1890.0,1887.5,0.0001512078,0.000756039,0
1890.0,1895.0,1892.5,0.00011093696,0.0005546848,0
1895.0,1900.0,1897.5,0.00011788836,0.0005894418,0
1900.0,1905.0,1902.5,0.00014247876,0.0007123938,0
1905.0,1910.0,1907.5,0.00012405508,0.0006202754,0
1910.0,1915.0,1912.5,0.0001338298,0.000669149,0
1915.0,1920.0,1917.5,0.00012863438,0.0006431719,0
1920.0,1925.0,1922.5,0.00010194934,0.0005097467,0
1925.0,1930.0,1927.5,0.00013600436,0.0006800218,0
1930.0,1935.0,1932.5,8.651218e-05,0.0004325609,0
1935.0,1940.0,1937.5,0.00012873838,0.0006436919,0
1940.0,1945.0,1942.5,0.0001523376,0.000761688,0
1945.0,1950.0,1947.5,0.00012441864,0.0006220932,0
1950.0,1955.0,1952.5,0.00014478258,0.0007239129,0
1955.0,1960.0,1957.5,0.00013148278,0.0006574139,0
1960.0,1965.0,1962.5,0.00012302786,0.0006151393,0
1965.0,1970.0,1967.5,0.000143669,0.000718345,0
1970.0,1975.0,1972.5,0.00014388158,0.0007194079,0
1975.0,1980.0,1977.5,0.00011683582,0.0005841791,0
1980.0,1985.0,1982.5,0.0001104402,0.000552201,0
1985.0,1990.0,1987.5,9.588904e-05,0.0004794452,0
1990.0,1995.0,1992.5,9.910016e-05,0.0004955008,0
1995.0,2000.0,1997.5,0.00017244834,0.0008622417,0
2000.0,2005.0,2002.5,0.0001336786,0.000668393,0
2005.0,2010.0,2007.5,0.00020307252,0.0010153626,0
2010.0,2015.0,2012.5,0.00012699842,0.0006349921,0
2015.0,2020.0,2017.5,0.00010296306,0.0005148153,0
2020.0,2025.0,2022.5,0.00010243996,0.0005121998,0
2025.0,2030.0,2027.5,0.00010877704,0.0005438852,0
2030.0,2035.0,2032.5,8.402358e-05,0.0004201179,0
2035.0,2040.0,2037.5,0.0001647196,0.000823598,0
2040.0,2045.0,2042.5,0.0001079144,0.000539572,0
2045.0,2050.0,2047.5,0.00010464394,0.0005232197,0
2050.0,2055.0,2052.5,0.00013376488,0.0006688244,0
2055.0,2060.0,2057.5,0.0001610946,0.000805473,0
2060.0,2065.0,2062.5,0.00013875546,0.0006937773,0
2065.0,2070.0,2067.5,0.00013570508,0.0006785254,0
2070.0,2075.0,2072.5,0.00012568124,0.0006284062,0
2075.0,2080.0,2077.5,9.104966e-05,0.0004552483,0
2080.0,2085.0,2082.5,0.0001083507,0.0005417535,0
2085.0,2090.0,2087.5,0.00012628016,0.0006314008,0
2090.0,2095.0,2092.5,0.00011057078,0.0005528539,0
2095.0,2100.0,2097.5,0.0001593694,0.000796847,0
2100.0,2105.0,2102.5,0.00011687978,0.0005843989,0
2105.0,2110.0,2107.5,0.00010534744,0.0005267372,0
2110.0,2115.0,2112.5,0.0001057812,0.000528906,0
2115.0,2120.0,2117.5,0.00013633704,0.0006816852,0
2120.0,2125.0,2122.5,0.0001410757,0.0007053785,0
2125.0,2130.0,2127.5,9.697748e-05,0.0004848874,0
2130.0,2135.0,2132.5,0.00012432266,0.0006216133,0
2135.0,2140.0,2137.5,7.656622e-05,0.0003828311,0
2140.0,2145.0,2142.5,0.00018249126,0.0009124563,0
2145.0,2150.0,2147.5,0.00012150016,0.0006075008,0
2150.0,2155.0,2152.5,0.00011958926,0.0005979463,0
2155.0,2160.0,2157.5,0.00016371402,0.0008185701,0
2160.0,2165.0,2162.5,0.0002035912,0.001017956,0
2165.0,2170.0,2167.5,0.00012923744,0.0006461872,0
2170.0,2175.0,2172.5,0.0001291128,0.000645564,0
2175.0,2180.0,2177.5,0.00011574824,0.0005787412,0
2180.0,2185.0,2182.5,0.00012731374,0.0006365687,0
2185.0,2190.0,2187.5,0.0001909459,0.0009547295,0
2190.0,2195.0,2192.5,0.000151458,0.00075729,0
2195.0,2200.0,2197.5,0.00010835426,0.0005417713,0
2200.0,2205.0,2202.5,0.00012792542,0.0006396271,0
2205.0,2210.0,2207.5,0.0001173474,0.000586737,0
2210.0,2215.0,2212.5,0.00010220802,0.0005110401,0
2215.0,2220.0,2217.5,0.00012050472,0.0006025236,0
2220.0,2225.0,2222.5,0.00016812096,0.0008406048,0
2225.0,2230.0,2227.5,0.00015399126,0.0007699563,0
2230.0,2235.0,2232.5,0.00015008792,0.0007504396,0
2235.0,2240.0,2237.5,0.00018601056,0.0009300528,0
2240.0,2245.0,2242.5,0.00014338724,0.0007169362,0
2245.0,2250.0,2247.5,0.00012695238,0.0006347619,0
2250.0,2255.0,2252.5,9.90639e-05,0.0004953195,0
2255.0,2260.0,2257.5,8.273174e-05,0.0004136587,0
2260.0,2265.0,2262.5,0.00012091188,0.0006045594,0
2265.0,2270.0,2267.5,0.00015119842,0.0007559921,0
2270.0,2275.0,2272.5,0.00011815708,0.0005907854,0
2275.0,2280.0,2277.5,9.463154e-05,0.0004731577,0
2280.0,2285.0,2282.5,0.00017791566,0.0008895783,0
2285.0,2290.0,2287.5,0.00013237378,0.0006618689,0
2290.0,2295.0,2292.5,8.346852e-05,0.0004173426,0
2295.0,2300.0,2297.5,0.00012951176,0.0006475588,0
2300.0,2305.0,2302.5,0.0001323955,0.0006619775,0
2305.0,2310.0,2307.5,0.00015850434,0.0007925217,0
2310.0,2315.0,2312.5,0.00012264234,0.0006132117,0
2315.0,2320.0,2317.5,8.045922e-05,0.0004022961,0
2320.0,2325.0,2322.5,0.0001561998,0.000780999,0
2325.0,2330.0,2327.5,0.00014723686,0.0007361843,0
2330.0,2335.0,2332.5,0.00015338426,0.0007669213,0
2335.0,2340.0,2337.5,0.00014105876,0.0007052938,0
2340.0,2345.0,2342.5,9.027756e-05,0.0004513878,0
2345.0,2350.0,2347.5,0.000117442,0.00058721,0
2350.0,2355.0,2352.5,0.00015345862,0.0007672931,0
2355.0,2360.0,2357.5,0.00018325682,0.0009162841,0
2360.0,2365.0,2362.5,0.0001101766,0.000550883,0
2365.0,2370.0,2367.5,0.00013469196,0.0006734598,0
2370.0,2375.0,2372.5,0.00013352546,0.0006676273,0
2375.0,2380.0,2377.5,0.00014750772,0.0007375386,0
2380.0,2385.0,2382.5,0.00010132076,0.0005066038,0
2385.0,2390.0,2387.5,8.532328e-05,0.0004266164,0
2390.0,2395.0,2392.5,0.00011552458,0.0005776229,0
2395.0,2400.0,2397.5,0.0001364557,0.0006822785,0
2400.0,2405.0,2402.5,7.922408e-05,0.0003961204,0
2405.0,2410.0,2407.5,0.00011303814,0.0005651907,0
2410.0,2415.0,2412.5,0.00016874828,0.0008437414,0
2415.0,2420.0,2417.5,9.77508e-05,0.000488754,0
2420.0,2425.0,2422.5,0.00014765976,0.0007382988,0
2425.0,2430.0,2427.5,5.253942e-05,0.0002626971,0
2430.0,2435.0,2432.5,0.00011140348,0.0005570174,0
2435.0,2440.0,2437.5,8.376766e-05,0.0004188383,0
2440.0,2445.0,2442.5,0.0001063621,0.0005318105,0
2445.0,2450.0,2447.5,9.233454e-05,0.0004616727,0
2450.0,2455.0,2452.5,9.758296e-05,0.0004879148,0
2455.0,2460.0,2457.5,0.00015998742,0.0007999371,0
2460.0,2465.0,2462.5,8.905014e-05,0.0004452507,0
2465.0,2470.0,2467.5,0.00011781718,0.0005890859,0
2470.0,2475.0,2472.5,9.127602e-05,0.0004563801,0
2475.0,2480.0,2477.5,0.00010239014,0.0005119507,0
2480.0,2485.0,2482.5,4.51638e-05,0.000225819,0
2485.0,2490.0,2487.5,0.00013385596,0.0006692798,0
2490.0,2495.0,2492.5,9.125706e-05,0.0004562853,0
2495.0,2500.0,2497.5,0.00012851916,0.0006425958,0
2500.0,2505.0,2502.5,0.00015243766,0.0007621883,0
2505.0,2510.0,2507.5,9.281884e-05,0.0004640942,0
2510.0,2515.0,2512.5,9.945672e-05,0.0004972836,0
2515.0,2520.0,2517.5,0.00010783354,0.0005391677,0
2520.0,2525.0,2522.5,0.00016402448,0.0008201224,0
2525.0,2530.0,2527.5,0.00012673258,0.0006336629,0
2530.0,2535.0,2532.5,0.00012643668,0.0006321834,0
2535.0,2540.0,2537.5,0.00013117016,0.0006558508,0
2540.0,2545.0,2542.5,0.00013920842,0.0006960421,0
2545.0,2550.0,2547.5,0.00013367384,0.0006683692,0
2550.0,2555.0,2552.5,0.00013595692,0.0006797846,0
2555.0,2560.0,2557.5,0.00014872042,0.0007436021,0
2560.0,2565.0,2562.5,0.00011461306,0.0005730653,0
2565.0,2570.0,2567.5,0.00011889952,0.0005944976,0
2570.0,2575.0,2572.5,7.821964e-05,0.0003910982,0
2575.0,2580.0,2577.5,0.00011641944,0.0005820972,0
2580.0,2585.0,2582.5,7.050162e-05,0.0003525081,0
2585.0,2590.0,2587.5,0.00012757358,0.0006378679,0
2590.0,2595.0,2592.5,0.00010702478,0.0005351239,0
2595.0,2600.0,2597.5,4.21917e-05,0.0002109585,0
2600.0,2605.0,2602.5,8.783272e-05,0.0004391636,0
2605.0,2610.0,2607.5,5.482752e-05,0.0002741376,0
2610.0,2615.0,2612.5,9.261706e-05,0.0004630853,0
2615.0,2620.0,2617.5,8.836702e-05,0.0004418351,0
2620.0,2625.0,2622.5,8.962242e-05,0.0004481121,0
2625.0,2630.0,2627.5,9.812024e-05,0.0004906012,0
2630.0,2635.0,2632.5,6.729736e-05,0.0003364868,0
2635.0,2640.0,2637.5,0.00014811676,0.0007405838,0
2640.0,2645.0,2642.5,0.0001487751,0.0007438755,0
2645.0,2650.0,2647.5,0.00012719154,0.0006359577,0
2650.0,2655.0,2652.5,0.00011002566,0.0005501283,0
2655.0,2660.0,2657.5,9.648388e-05,0.0004824194,0
2660.0,2665.0,2662.5,0.00016711318,0.0008355659,0
2665.0,2670.0,2667.5,9.7096e-05,0.00048548,0
2670.0,2675.0,2672.5,0.00012141132,0.0006070566,0
2675.0,2680.0,2677.5,0.0001348295,0.0006741475,0
2680.0,2685.0,2682.5,6.78582e-05,0.000339291,0
2685.0,2690.0,2687.5,0.00010467096,0.0005233548,0
2690.0,2695.0,2692.5,0.00013130454,0.0006565227,0
2695.0,2700.0,2697.5,0.00011726302,0.0005863151,0
2700.0,2705.0,2702.5,6.794344e-05,0.0003397172,0
2705.0,2710.0,2707.5,0.0001594463,0.0007972315,0
2710.0,2715.0,2712.5,0.000143451,0.000717255,0
2715.0,2720.0,2717.5,9.845042e-05,0.0004922521,0
2720.0,2725.0,2722.5,0.00010126296,0.0005063148,0
2725.0,2730.0,2727.5,0.00013538746,0.0006769373,0
2730.0,2735.0,2732.5,0.00015754762,0.0007877381,0
2735.0,2740.0,2737.5,0.00010021824,0.0005010912,0
2740.0,2745.0,2742.5,6.18101e-05,0.0003090505,0
2745.0,2750.0,2747.5,0.00015034798,0.0007517399,0
2750.0,2755.0,2752.5,8.381678e-05,0.0004190839,0
2755.0,2760.0,2757.5,7.998022e-05,0.0003999011,0
2760.0,2765.0,2762.5,0.00013024366,0.0006512183,0
2765.0,2770.0,2767.5,0.00011793012,0.0005896506,0
2770.0,2775.0,2772.5,8.961964e-05,0.0004480982,0
2775.0,2780.0,2777.5,9.495312e-05,0.0004747656,0
2780.0,2785.0,2782.5,5.74146e-05,0.000287073,0
2785.0,2790.0,2787.5,9.602356e-05,0.0004801178,0
2790.0,2795.0,2792.5,9.30743e-05,0.0004653715,0
2795.0,2800.0,2797.5,4.928462e-05,0.0002464231,0
2800.0,2805.0,2802.5,0.00012507664,0.0006253832,0
2805.0,2810.0,2807.5,0.00010779392,0.0005389696,0
2810.0,2815.0,2812.5,0.00011072254,0.0005536127,0
2815.0,2820.0,2817.5,0.00010833862,0.0005416931,0
2820.0,2825.0,2822.5,0.00016530648,0.0008265324,0
2825.0,2830.0,2827.5,6.651718e-05,0.0003325859,0
2830.0,2835.0,2832.5,0.00010386714,0.0005193357,0
2835.0,2840.0,2837.5,0.00011224732,0.0005612366,0
2840.0,2845.0,2842.5,4.57885e-05,0.0002289425,0
2845.0,2850.0,2847.5,5.936466e-05,0.0002968233,0
2850.0,2855.0,2852.5,8.09377e-05,0.0004046885,0
2855.0,2860.0,2857.5,6.68753e-05,0.0003343765,0
2860.0,2865.0,2862.5,9.487416e-05,0.0004743708,0
2865.0,2870.0,2867.5,0.00011892488,0.0005946244,0
2870.0,2875.0,2872.5,0.0001093162,0.000546581,0
2875.0,2880.0,2877.5,0.00011378896,0.0005689448,0
2880.0,2885.0,2882.5,0.00012573064,0.0006286532,0
2885.0,2890.0,2887.5,0.00010846106,0.0005423053,0
2890.0,2895.0,2892.5,0.00017938852,0.0008969426,0
2895.0,2900.0,2897.5,0.00010871412,0.0005435706,0
2900.0,2905.0,2902.5,8.640562e-05,0.0004320281,0
2905.0,2910.0,2907.5,9.110704e-05,0.0004555352,0
2910.0,2915.0,2912.5,7.89977e-05,0.0003949885,0
2915.0,2920.0,2917.5,6.398226e-05,0.0003199113,0
2920.0,2925.0,2922.5,7.910922e-05,0.0003955461,0
2925.0,2930.0,2927.5,6.17504e-05,0.000308752,0
2930.0,2935.0,2932.5,8.51012e-05,0.000425506,0
2935.0,2940.0,2937.5,0.00011560914,0.0005780457,0
2940.0,2945.0,2942.5,7.07621e-05,0.0003538105,0
2945.0,2950.0,2947.5,7.695836e-05,0.0003847918,0
2950.0,2955.0,2952.5,0.00012051576,0.0006025788,0
2955.0,2960.0,2957.5,0.00010277386,0.0005138693,0
2960.0,2965.0,2962.5,7.693418e-05,0.0003846709,0
2965.0,2970.0,2967.5,0.00011029648,0.0005514824,0
2970.0,2975.0,2972.5,0.00010189782,0.0005094891,0
2975.0,2980.0,2977.5,0.00013203906,0.0006601953,0
2980.0,2985.0,2982.5,0.00010272746,0.0005136373,0
2985.0,2990.0,2987.5,0.00010388638,0.0005194319,0
2990.0,2995.0,2992.5,0.0001439069,0.0007195345,0
2995.0,3000.0,2997.5,8.642094e-05,0.0004321047,0
3000.0,3005.0,3002.5,0.00012000542,0.0006000271,0
3005.0,3010.0,3007.5,0.00010698842,0.0005349421,0
3010.0,3015.0,3012.5,6.25593e-05,0.0003127965,0
3015.0,3020.0,3017.5,0.0001180144,0.000590072,0
3020.0,3025.0,3022.5,0.00011939706,0.0005969853,0
3025.0,3030.0,3027.5,6.234312e-05,0.0003117156,0
3030.0,3035.0,3032.5,6.233218e-05,0.0003116609,0
3035.0,3040.0,3037.5,9.115392e-05,0.0004557696,0
3040.0,3045.0,3042.5,4.77989e-05,0.0002389945,0
3045.0,3050.0,3047.5,0.00011291874,0.0005645937,0
3050.0,3055.0,3052.5,0.0001208353,0.0006041765,0
3055.0,3060.0,3057.5,0.0001094042,0.000547021,0
3060.0,3065.0,3062.5,9.368752e-05,0.0004684376,0
3065.0,3070.0,3067.5,0.00010962058,0.0005481029,0
3070.0,3075.0,3072.5,7.67451e-05,0.0003837255,0
3075.0,3080.0,3077.5,4.560546e-05,0.0002280273,0
3080.0,3085.0,3082.5,8.360246e-05,0.0004180123,0
3085.0,3090.0,3087.5,0.00010497316,0.0005248658,0
3090.0,3095.0,3092.5,8.89146e-05,0.000444573,0
3095.0,3100.0,3097.5,9.585078e-05,0.0004792539,0
3100.0,3105.0,3102.5,0.00013379794,0.0006689897,0
3105.0,3110.0,3107.5,0.0001245897,0.0006229485,0
3110.0,3115.0,3112.5,7.55912e-05,0.000377956,0
3115.0,3120.0,3117.5,9.148216e-05,0.0004574108,0
3120.0,3125.0,3122.5,7.321854e-05,0.0003660927,0
3125.0,3130.0,3127.5,9.222032e-05,0.0004611016,0
3130.0,3135.0,3132.5,0.00011717042,0.0005858521,0
3135.0,3140.0,3137.5,0.00016418542,0.0008209271,0
3140.0,3145.0,3142.5,8.03815e-05,0.0004019075,0
3145.0,3150.0,3147.5,0.00011769946,0.0005884973,0
3150.0,3155.0,3152.5,8.015986e-05,0.0004007993,0
3155.0,3160.0,3157.5,0.0001385289,0.0006926445,0
3160.0,3165.0,3162.5,0.0001040356,0.000520178,0
3165.0,3170.0,3167.5,7.585408e-05,0.0003792704,0
3170.0,3175.0,3172.5,8.43544e-05,0.000421772,0
3175.0,3180.0,3177.5,0.0001226847,0.0006134235,0
3180.0,3185.0,3182.5,0.00011660954,0.0005830477,0
3185.0,3190.0,3187.5,0.00013493644,0.0006746822,0
3190.0,3195.0,3192.5,0.00010217638,0.0005108819,0
3195.0,3200.0,3197.5,6.266486e-05,0.0003133243,0
3200.0,3205.0,3202.5,7.472606e-05,0.0003736303,0
3205.0,3210.0,3207.5,5.850866e-05,0.0002925433,0
3210.0,3215.0,3212.5,6.264236e-05,0.0003132118,0
3215.0,3220.0,3217.5,0.00011917058,0.0005958529,0
3220.0,3225.0,3222.5,6.667982e-05,0.0003333991,0
3225.0,3230.0,3227.5,9.939282e-05,0.0004969641,0
3230.0,3235.0,3232.5,6.553484e-05,0.0003276742,0
3235.0,3240.0,3237.5,7.615e-05,0.00038075,0
3240.0,3245.0,3242.5,0.0001078091,0.0005390455,0
3245.0,3250.0,3247.5,0.0001037041,0.0005185205,0
3250.0,3255.0,3252.5,9.470952e-05,0.0004735476,0
3255.0,3260.0,3257.5,6.17702e-05,0.000308851,0
3260.0,3265.0,3262.5,3.701682e-05,0.0001850841,0
3265.0,3270.0,3267.5,6.934946e-05,0.0003467473,0
3270.0,3275.0,3272.5,9.317098e-05,0.0004658549,0
3275.0,3280.0,3277.5,7.296748e-05,0.0003648374,0
3280.0,3285.0,3282.5,8.492832e-05,0.0004246416,0
3285.0,3290.0,3287.5,7.831114e-05,0.0003915557,0
3290.0,3295.0,3292.5,0.00011126204,0.0005563102,0
3295.0,3300.0,3297.5,0.00012604944,0.0006302472,0
3300.0,3305.0,3302.5,0.00010303908,0.0005151954,0
3305.0,3310.0,3307.5,0.00010268352,0.0005134176,0
3310.0,3315.0,3312.5,8.009426e-05,0.0004004713,0
3315.0,3320.0,3317.5,0.00012293944,0.0006146972,0
3320.0,3325.0,3322.5,8.24954e-05,0.000412477,0
3325.0,3330.0,3327.5,0.00014795026,0.0007397513,0
3330.0,3335.0,3332.5,6.246874e-05,0.0003123437,0
3335.0,3340.0,3337.5,7.051958e-05,0.0003525979,0
3340.0,3345.0,3342.5,8.354872e-05,0.0004177436,0
3345.0,3350.0,3347.5,7.189498e-05,0.0003594749,0
3350.0,3355.0,3352.5,7.138474e-05,0.0003569237,0
3355.0,3360.0,3357.5,6.868786e-05,0.0003434393,0
3360.0,3365.0,3362.5,8.286678e-05,0.0004143339,0
3365.0,3370.0,3367.5,8.168724e-05,0.0004084362,0
3370.0,3375.0,3372.5,0.00012626804,0.0006313402,0
3375.0,3380.0,3377.5,8.205372e-05,0.0004102686,0
3380.0,3385.0,3382.5,9.09215e-05,0.0004546075,0
3385.0,3390.0,3387.5,4.755648e-05,0.0002377824,0
3390.0,3395.0,3392.5,7.549648e-05,0.0003774824,0
3395.0,3400.0,3397.5,8.293886e-05,0.0004146943,0
3400.0,3405.0,3402.5,0.0001015931,0.0005079655,0
3405.0,3410.0,3407.5,9.250588e-05,0.0004625294,0
3410.0,3415.0,3412.5,0.00012088872,0.0006044436,0
3415.0,3420.0,3417.5,5.589936e-05,0.0002794968,0
3420.0,3425.0,3422.5,8.64555e-05,0.0004322775,0
3425.0,3430.0,3427.5,0.00011918322,0.0005959161,0
3430.0,3435.0,3432.5,0.0001123362,0.000561681,0
3435.0,3440.0,3437.5,7.247504e-05,0.0003623752,0
3440.0,3445.0,3442.5,7.4572e-05,0.00037286,0
3445.0,3450.0,3447.5,0.0001531221,0.0007656105,0
3450.0,3455.0,3452.5,3.855422e-05,0.0001927711,0
3455.0,3460.0,3457.5,7.631768e-05,0.0003815884,0
3460.0,3465.0,3462.5,0.00010634076,0.0005317038,0
3465.0,3470.0,3467.5,0.00013644198,0.0006822099,0
3470.0,3475.0,3472.5,8.861688e-05,0.0004430844,0
3475.0,3480.0,3477.5,9.346508e-05,0.0004673254,0
3480.0,3485.0,3482.5,0.00010888362,0.0005444181,0
3485.0,3490.0,3487.5,0.00010682742,0.0005341371,0
3490.0,3495.0,3492.5,7.199548e-05,0.0003599774,0
3495.0,3500.0,3497.5,7.6815e-05,0.000384075,0
3500.0,3505.0,3502.5,4.729288e-05,0.0002364644,0
3505.0,3510.0,3507.5,8.91408e-05,0.000445704,0
3510.0,3515.0,3512.5,8.420102e-05,0.0004210051,0
3515.0,3520.0,3517.5,7.866308e-05,0.0003933154,0
3520.0,3525.0,3522.5,0.00011731186,0.0005865593,0
3525.0,3530.0,3527.5,6.527112e-05,0.0003263556,0
3530.0,3535.0,3532.5,9.027196e-05,0.0004513598,0
3535.0,3540.0,3537.5,0.00012619822,0.0006309911,0
3540.0,3545.0,3542.5,9.67697e-05,0.0004838485,0
3545.0,3550.0,3547.5,5.754466e-05,0.0002877233,0
3550.0,3555.0,3552.5,7.825658e-05,0.0003912829,0
3555.0,3560.0,3557.5,0.00010911128,0.0005455564,0
3560.0,3565.0,3562.5,0.00013406616,0.0006703308,0
3565.0,3570.0,3567.5,7.123268e-05,0.0003561634,0
3570.0,3575.0,3572.5,0.0001029743,0.0005148715,0
3575.0,3580.0,3577.5,5.646496e-05,0.0002823248,0
3580.0,3585.0,3582.5,0.00011047176,0.0005523588,0
3585.0,3590.0,3587.5,5.304248e-05,0.0002652124,0
3590.0,3595.0,3592.5,7.850202e-05,0.0003925101,0
3595.0,3600.0,3597.5,0.00010550608,0.0005275304,0
3600.0,3605.0,3602.5,3.984488e-05,0.0001992244,0
3605.0,3610.0,3607.5,7.191158e-05,0.0003595579,0
3610.0,3615.0,3612.5,5.897256e-05,0.0002948628,0
3615.0,3620.0,3617.5,0.00010260528,0.0005130264,0
3620.0,3625.0,3622.5,0.00012703302,0.0006351651,0
3625.0,3630.0,3627.5,5.350172e-05,0.0002675086,0
3630.0,3635.0,3632.5,7.153298e-05,0.0003576649,0
3635.0,3640.0,3637.5,8.644764e-05,0.0004322382,0
3640.0,3645.0,3642.5,7.171982e-05,0.0003585991,0
3645.0,3650.0,3647.5,0.00010984342,0.0005492171,0
3650.0,3655.0,3652.5,0.00012857088,0.0006428544,0
3655.0,3660.0,3657.5,0.0001513957,0.0007569785,0
3660.0,3665.0,3662.5,7.748878e-05,0.0003874439,0
3665.0,3670.0,3667.5,0.00010402436,0.0005201218,0
3670.0,3675.0,3672.5,0.00013158938,0.0006579469,0
3675.0,3680.0,3677.5,6.284682e-05,0.0003142341,0
3680.0,3685.0,3682.5,6.411476e-05,0.0003205738,0
3685.0,3690.0,3687.5,6.78842e-05,0.000339421,0
3690.0,3695.0,3692.5,4.085906e-05,0.0002042953,0
3695.0,3700.0,3697.5,0.00010149122,0.0005074561,0
3700.0,3705.0,3702.5,7.95703e-05,0.0003978515,0
3705.0,3710.0,3707.5,0.00010663336,0.0005331668,0
3710.0,3715.0,3712.5,0.00011227986,0.0005613993,0
3715.0,3720.0,3717.5,0.000104652,0.00052326,0
3720.0,3725.0,3722.5,9.233418e-05,0.0004616709,0
3725.0,3730.0,3727.5,8.115826e-05,0.0004057913,0
3730.0,3735.0,3732.5,0.00010899816,0.0005449908,0
3735.0,3740.0,3737.5,8.426598e-05,0.0004213299,0
3740.0,3745.0,3742.5,6.92874e-05,0.000346437,0
3745.0,3750.0,3747.5,0.00011363924,0.0005681962,0
3750.0,3755.0,3752.5,6.846666e-05,0.0003423333,0
3755.0,3760.0,3757.5,8.609544e-05,0.0004304772,0
3760.0,3765.0,3762.5,6.88875e-05,0.0003444375,0
3765.0,3770.0,3767.5,5.65613e-05,0.0002828065,0
3770.0,3775.0,3772.5,9.024266e-05,0.0004512133,0
3775.0,3780.0,3777.5,0.0001281761,0.0006408805,0
3780.0,3785.0,3782.5,6.159834e-05,0.0003079917,0
3785.0,3790.0,3787.5,6.466646e-05,0.0003233323,0
3790.0,3795.0,3792.5,9.87419e-05,0.0004937095,0
3795.0,3800.0,3797.5,7.416392e-05,0.0003708196,0
3800.0,3805.0,3802.5,0.0001238468,0.000619234,0
3805.0,3810.0,3807.5,8.046268e-05,0.0004023134,0
3810.0,3815.0,3812.5,0.00012848856,0.0006424428,0
3815.0,3820.0,3817.5,0.00014909932,0.0007454966,0
3820.0,3825.0,3822.5,0.00010128742,0.0005064371,0
3825.0,3830.0,3827.5,0.00016318926,0.0008159463,0
3830.0,3835.0,3832.5,7.082864e-05,0.0003541432,0
3835.0,3840.0,3837.5,0.00010184868,0.0005092434,0
3840.0,3845.0,3842.5,8.471316e-05,0.0004235658,0
3845.0,3850.0,3847.5,0.00010118132,0.0005059066,0
3850.0,3855.0,3852.5,9.764384e-05,0.0004882192,0
3855.0,3860.0,3857.5,6.651136e-05,0.0003325568,0
3860.0,3865.0,3862.5,5.758646e-05,0.0002879323,0
3865.0,3870.0,3867.5,6.663342e-05,0.0003331671,0
3870.0,3875.0,3872.5,7.580128e-05,0.0003790064,0
3875.0,3880.0,3877.5,6.815056e-05,0.0003407528,0
3880.0,3885.0,3882.5,9.418952e-05,0.0004709476,0
3885.0,3890.0,3887.5,0.00010022334,0.0005011167,0
3890.0,3895.0,3892.5,6.858854e-05,0.0003429427,0
3895.0,3900.0,3897.5,7.593534e-05,0.0003796767,0
3900.0,3905.0,3902.5,6.93616e-05,0.000346808,0
3905.0,3910.0,3907.5,0.00012502024,0.0006251012,0
3910.0,3915.0,3912.5,9.483184e-05,0.0004741592,0
3915.0,3920.0,3917.5,0.00014301598,0.0007150799,0
3920.0,3925.0,3922.5,4.927464e-05,0.0002463732,0
3925.0,3930.0,3927.5,4.490636e-05,0.0002245318,0
3930.0,3935.0,3932.5,9.06564e-05,0.000453282,0
3935.0,3940.0,3937.5,9.377e-05,0.00046885,0
3940.0,3945.0,3942.5,0.00010113262,0.0005056631,0
3945.0,3950.0,3947.5,8.304578e-05,0.0004152289,0
3950.0,3955.0,3952.5,8.445508e-05,0.0004222754,0
3955.0,3960.0,3957.5,6.175932e-05,0.0003087966,0
3960.0,3965.0,3962.5,8.579032e-05,0.0004289516,0
3965.0,3970.0,3967.5,9.341704e-05,0.0004670852,0
3970.0,3975.0,3972.5,8.095932e-05,0.0004047966,0
3975.0,3980.0,3977.5,0.00012253224,0.0006126612,0
3980.0,3985.0,3982.5,0.0001210536,0.000605268,0
3985.0,3990.0,3987.5,0.00012228706,0.0006114353,0
3990.0,3995.0,3992.5,0.00013224892,0.0006612446,0
3995.0,4000.0,3997.5,7.333476e-05,0.0003666738,0
4000.0,4005.0,4002.5,3.42249e-05,0.0001711245,0
4005.0,4010.0,4007.5,8.452336e-05,0.0004226168,0
4010.0,4015.0,4012.5,5.28735e-05,0.0002643675,0
4015.0,4020.0,4017.5,6.86149e-05,0.0003430745,0
4020.0,4025.0,4022.5,0.00014362178,0.0007181089,0
4025.0,4030.0,4027.5,7.40246e-05,0.000370123,0
4030.0,4035.0,4032.5,5.500566e-05,0.0002750283,0
4035.0,4040.0,4037.5,0.00012515908,0.0006257954,0
4040.0,4045.0,4042.5,8.956274e-05,0.0004478137,0
4045.0,4050.0,4047.5,3.558888e-05,0.0001779444,0
4050.0,4055.0,4052.5,0.00010166984,0.0005083492,0
4055.0,4060.0,4057.5,6.821226e-05,0.0003410613,0
4060.0,4065.0,4062.5,0.00011260638,0.0005630319,0
4065.0,4070.0,4067.5,5.031218e-05,0.0002515609,0
4070.0,4075.0,4072.5,5.01577e-05,0.0002507885,0
4075.0,4080.0,4077.5,8.061924e-05,0.0004030962,0
4080.0,4085.0,4082.5,0.00014365336,0.0007182668,0
4085.0,4090.0,4087.5,3.5434e-05,0.00017717,0
4090.0,4095.0,4092.5,7.718272e-05,0.0003859136,0
4095.0,4100.0,4097.5,6.842516e-05,0.0003421258,0
4100.0,4105.0,4102.5,0.00013559382,0.0006779691,0
4105.0,4110.0,4107.5,9.428072e-05,0.0004714036,0
4110.0,4115.0,4112.5,9.072324e-05,0.0004536162,0
4115.0,4120.0,4117.5,9.156136e-05,0.0004578068,0
4120.0,4125.0,4122.5,5.565084e-05,0.0002782542,0
4125.0,4130.0,4127.5,5.859866e-05,0.0002929933,0
4130.0,4135.0,4132.5,7.265558e-05,0.0003632779,0
4135.0,4140.0,4137.5,7.747548e-05,0.0003873774,0
4140.0,4145.0,4142.5,0.00011626254,0.0005813127,0
4145.0,4150.0,4147.5,0.00010157016,0.0005078508,0
4150.0,4155.0,4152.5,3.992048e-05,0.0001996024,0
4155.0,4160.0,4157.5,9.313218e-05,0.0004656609,0
4160.0,4165.0,4162.5,8.633694e-05,0.0004316847,0
4165.0,4170.0,4167.5,3.49327e-05,0.0001746635,0
4170.0,4175.0,4172.5,0.00010221428,0.0005110714,0
4175.0,4180.0,4177.5,0.00013872468,0.0006936234,0
4180.0,4185.0,4182.5,5.685838e-05,0.0002842919,0
4185.0,4190.0,4187.5,7.43991e-05,0.0003719955,0
4190.0,4195.0,4192.5,8.154396e-05,0.0004077198,0
4195.0,4200.0,4197.5,9.233622e-05,0.0004616811,0
4200.0,4205.0,4202.5,0.0001376404,0.000688202,0
4205.0,4210.0,4207.5,6.805602e-05,0.0003402801,0
4210.0,4215.0,4212.5,0.0001001888,0.000500944,0
4215.0,4220.0,4217.5,7.038672e-05,0.0003519336,0
4220.0,4225.0,4222.5,8.484954e-05,0.0004242477,0
4225.0,4230.0,4227.5,4.949908e-05,0.0002474954,0
4230.0,4235.0,4232.5,6.503074e-05,0.0003251537,0
4235.0,4240.0,4237.5,5.353756e-05,0.0002676878,0
4240.0,4245.0,4242.5,9.437488e-05,0.0004718744,0
4245.0,4250.0,4247.5,8.74658e-05,0.000437329,0
4250.0,4255.0,4252.5,9.627712e-05,0.0004813856,0
4255.0,4260.0,4257.5,6.100208e-05,0.0003050104,0
4260.0,4265.0,4262.5,0.00010130598,0.0005065299,0
4265.0,4270.0,4267.5,9.713896e-05,0.0004856948,0
4270.0,4275.0,4272.5,0.00010634934,0.0005317467,0
4275.0,4280.0,4277.5,9.9343e-05,0.000496715,0
4280.0,4285.0,4282.5,0.00011109868,0.0005554934,0
4285.0,4290.0,4287.5,4.193422e-05,0.0002096711,0
4290.0,4295.0,4292.5,6.51158e-05,0.000325579,0
4295.0,4300.0,4297.5,5.919922e-05,0.0002959961,0
4300.0,4305.0,4302.5,8.34382e-05,0.000417191,0
4305.0,4310.0,4307.5,8.608522e-05,0.0004304261,0
4310.0,4315.0,4312.5,0.00010354016,0.0005177008,0
4315.0,4320.0,4317.5,8.26211e-05,0.0004131055,0
4320.0,4325.0,4322.5,0.00012405854,0.0006202927,0
4325.0,4330.0,4327.5,7.232276e-05,0.0003616138,0
4330.0,4335.0,4332.5,9.056646e-05,0.0004528323,0
4335.0,4340.0,4337.5,0.00010718976,0.0005359488,0
4340.0,4345.0,4342.5,6.579858e-05,0.0003289929,0
4345.0,4350.0,4347.5,9.275028e-05,0.0004637514,0
4350.0,4355.0,4352.5,4.602382e-05,0.0002301191,0
4355.0,4360.0,4357.5,7.44532e-05,0.000372266,0
4360.0,4365.0,4362.5,9.938354e-05,0.0004969177,0
4365.0,4370.0,4367.5,9.801442e-05,0.0004900721,0
4370.0,4375.0,4372.5,9.376598e-05,0.0004688299,0
4375.0,4380.0,4377.5,4.430176e-05,0.0002215088,0
4380.0,4385.0,4382.5,8.106204e-05,0.0004053102,0
4385.0,4390.0,4387.5,0.00012816028,0.0006408014,0
4390.0,4395.0,4392.5,8.477326e-05,0.0004238663,0
4395.0,4400.0,4397.5,6.108738e-05,0.0003054369,0
4400.0,4405.0,4402.5,9.413308e-05,0.0004706654,0
4405.0,4410.0,4407.5,6.167394e-05,0.0003083697,0
4410.0,4415.0,4412.5,9.312556e-05,0.0004656278,0
4415.0,4420.0,4417.5,0.00012113936,0.0006056968,0
4420.0,4425.0,4422.5,7.8866e-05,0.00039433,0
4425.0,4430.0,4427.5,7.806624e-05,0.0003903312,0
4430.0,4435.0,4432.5,6.516366e-05,0.0003258183,0
4435.0,4440.0,4437.5,7.827778e-05,0.0003913889,0
4440.0,4445.0,4442.5,8.203396e-05,0.0004101698,0
4445.0,4450.0,4447.5,8.61039e-05,0.0004305195,0
4450.0,4455.0,4452.5,0.00011171332,0.0005585666,0
4455.0,4460.0,4457.5,9.133518e-05,0.0004566759,0
4460.0,4465.0,4462.5,8.91806e-05,0.000445903,0
4465.0,4470.0,4467.5,0.00010944808,0.0005472404,0
4470.0,4475.0,4472.5,7.602686e-05,0.0003801343,0
4475.0,4480.0,4477.5,7.865594e-05,0.0003932797,0
4480.0,4485.0,4482.5,7.882088e-05,0.0003941044,0
4485.0,4490.0,4487.5,9.190146e-05,0.0004595073,0
4490.0,4495.0,4492.5,6.503946e-05,0.0003251973,0
4495.0,4500.0,4497.5,0.00011305536,0.0005652768,0
4500.0,4505.0,4502.5,8.690746e-05,0.0004345373,0
4505.0,4510.0,4507.5,0.00010621914,0.0005310957,0
4510.0,4515.0,4512.5,5.01722e-05,0.000250861,0
4515.0,4520.0,4517.5,5.27009e-05,0.0002635045,0
4520.0,4525.0,4522.5,0.00012054178,0.0006027089,0
4525.0,4530.0,4527.5,6.746138e-05,0.0003373069,0
4530.0,4535.0,4532.5,7.349586e-05,0.0003674793,0
4535.0,4540.0,4537.5,5.14341e-05,0.0002571705,0
4540.0,4545.0,4542.5,8.039454e-05,0.0004019727,0
4545.0,4550.0,4547.5,3.632984e-05,0.0001816492,0
4550.0,4555.0,4552.5,0.0001163889,0.0005819445,0
4555.0,4560.0,4557.5,7.666112e-05,0.0003833056,0
4560.0,4565.0,4562.5,0.00012661278,0.0006330639,0
4565.0,4570.0,4567.5,8.917458e-05,0.0004458729,0
4570.0,4575.0,4572.5,0.00010573078,0.0005286539,0
4575.0,4580.0,4577.5,5.695032e-05,0.0002847516,0
4580.0,4585.0,4582.5,6.604042e-05,0.0003302021,0
4585.0,4590.0,4587.5,7.734302e-05,0.0003867151,0
4590.0,4595.0,4592.5,6.791186e-05,0.0003395593,0
4595.0,4600.0,4597.5,8.674796e-05,0.0004337398,0
4600.0,4605.0,4602.5,0.00011137928,0.0005568964,0
4605.0,4610.0,4607.5,5.068314e-05,0.0002534157,0
4610.0,4615.0,4612.5,0.0001120423,0.0005602115,0
4615.0,4620.0,4617.5,0.00011809714,0.0005904857,0
4620.0,4625.0,4622.5,4.125868e-05,0.0002062934,0
4625.0,4630.0,4627.5,6.936926e-05,0.0003468463,0
4630.0,4635.0,4632.5,5.343796e-05,0.0002671898,0
4635.0,4640.0,4637.5,0.00010032774,0.0005016387,0
4640.0,4645.0,4642.5,0.00010827188,0.0005413594,0
4645.0,4650.0,4647.5,7.58284e-05,0.000379142,0
4650.0,4655.0,4652.5,5.342804e-05,0.0002671402,0
4655.0,4660.0,4657.5,9.780962e-05,0.0004890481,0
4660.0,4665.0,4662.5,6.177592e-05,0.0003088796,0
4665.0,4670.0,4667.5,9.448628e-05,0.0004724314,0
4670.0,4675.0,4672.5,4.41579e-05,0.0002207895,0
4675.0,4680.0,4677.5,0.0001277486,0.000638743,0
4680.0,4685.0,4682.5,0.00015719602,0.0007859801,0
4685.0,4690.0,4687.5,0.0001014562,0.000507281,0
4690.0,4695.0,4692.5,7.228374e-05,0.0003614187,0
4695.0,4700.0,4697.5,6.656394e-05,0.0003328197,0
4700.0,4705.0,4702.5,8.03795e-05,0.0004018975,0
4705.0,4710.0,4707.5,8.789168e-05,0.0004394584,0
4710.0,4715.0,4712.5,9.66678e-05,0.000483339,0
4715.0,4720.0,4717.5,6.902204e-05,0.0003451102,0
4720.0,4725.0,4722.5,0.00010550784,0.0005275392,0
4725.0,4730.0,4727.5,5.651232e-05,0.0002825616,0
4730.0,4735.0,4732.5,0.00010063774,0.0005031887,0
4735.0,4740.0,4737.5,0.0001470878,0.000735439,0
4740.0,4745.0,4742.5,5.342956e-05,0.0002671478,0
4745.0,4750.0,4747.5,7.483866e-05,0.0003741933,0
4750.0,4755.0,4752.5,8.233462e-05,0.0004116731,0
4755.0,4760.0,4757.5,7.533438e-05,0.0003766719,0
4760.0,4765.0,4762.5,9.50328e-05,0.000475164,0
4765.0,4770.0,4767.5,6.634372e-05,0.0003317186,0
4770.0,4775.0,4772.5,7.491742e-05,0.0003745871,0
4775.0,4780.0,4777.5,7.943376e-05,0.0003971688,0
4780.0,4785.0,4782.5,8.766566e-05,0.0004383283,0
4785.0,4790.0,4787.5,0.00010110296,0.0005055148,0
4790.0,4795.0,4792.5,4.801724e-05,0.0002400862,0
4795.0,4800.0,4797.5,4.080086e-05,0.0002040043,0
4800.0,4805.0,4802.5,0.00011504746,0.0005752373,0
4805.0,4810.0,4807.5,0.0001062638,0.000531319,0
4810.0,4815.0,4812.5,6.550476e-05,0.0003275238,0
4815.0,4820.0,4817.5,9.79346e-05,0.000489673,0
4820.0,4825.0,4822.5,7.088142e-05,0.0003544071,0
4825.0,4830.0,4827.5,4.586704e-05,0.0002293352,0
4830.0,4835.0,4832.5,0.00010170006,0.0005085003,0
4835.0,4840.0,4837.5,7.250566e-05,0.0003625283,0
4840.0,4845.0,4842.5,4.786466e-05,0.0002393233,0
4845.0,4850.0,4847.5,3.291308e-05,0.0001645654,0
4850.0,4855.0,4852.5,5.399648e-05,0.0002699824,0
4855.0,4860.0,4857.5,2.219552e-05,0.0001109776,0
4860.0,4865.0,4862.5,8.74624e-05,0.000437312,0
4865.0,4870.0,4867.5,8.99579e-05,0.0004497895,0
4870.0,4875.0,4872.5,5.694636e-05,0.0002847318,0
4875.0,4880.0,4877.5,5.21694e-05,0.000260847,0
4880.0,4885.0,4882.5,6.405012e-05,0.0003202506,0
4885.0,4890.0,4887.5,7.943936e-05,0.0003971968,0
4890.0,4895.0,4892.5,5.93325e-05,0.0002966625,0
4895.0,4900.0,4897.5,9.773178e-05,0.0004886589,0
4900.0,4905.0,4902.5,6.94036e-05,0.000347018,0
4905.0,4910.0,4907.5,7.23324e-05,0.000361662,0
4910.0,4915.0,4912.5,0.00012559902,0.0006279951,0
4915.0,4920.0,4917.5,7.490814e-05,0.0003745407,0
4920.0,4925.0,4922.5,7.225922e-05,0.0003612961,0
4925.0,4930.0,4927.5,0.00011478162,0.0005739081,0
4930.0,4935.0,4932.5,6.97069e-05,0.0003485345,0
4935.0,4940.0,4937.5,7.777224e-05,0.0003888612,0
4940.0,4945.0,4942.5,0.0001337278,0.000668639,0
4945.0,4950.0,4947.5,7.804906e-05,0.0003902453,0
4950.0,4955.0,4952.5,7.252166e-05,0.0003626083,0
4955.0,4960.0,4957.5,7.28109e-05,0.0003640545,0
4960.0,4965.0,4962.5,6.190644e-05,0.0003095322,0
4965.0,4970.0,4967.5,8.428142e-05,0.0004214071,0
4970.0,4975.0,4972.5,0.00012904368,0.0006452184,0
4975.0,4980.0,4977.5,9.335358e-05,0.0004667679,0
4980.0,4985.0,4982.5,4.660902e-05,0.0002330451,0
4985.0,4990.0,4987.5,9.05609e-05,0.0004528045,0
4990.0,4995.0,4992.5,5.640778e-05,0.0002820389,0
4995.0,5000.0,4997.5,6.861016e-05,0.0003430508,0
5000.0,5005.0,5002.5,8.032936e-05,0.0004016468,0
5005.0,5010.0,5007.5,7.173822e-05,0.0003586911,0
5010.0,5015.0,5012.5,6.586598e-05,0.0003293299,0
5015.0,5020.0,5017.5,9.222102e-05,0.0004611051,0
5020.0,5025.0,5022.5,0.00014428682,0.0007214341,0
5025.0,5030.0,5027.5,5.789358e-05,0.0002894679,0
5030.0,5035.0,5032.5,8.81883e-05,0.0004409415,0
5035.0,5040.0,5037.5,3.836792e-05,0.0001918396,0
5040.0,5045.0,5042.5,6.208626e-05,0.0003104313,0
5045.0,5050.0,5047.5,6.340854e-05,0.0003170427,0
5050.0,5055.0,5052.5,6.955004e-05,0.0003477502,0
5055.0,5060.0,5057.5,4.630978e-05,0.0002315489,0
5060.0,5065.0,5062.5,4.262834e-05,0.0002131417,0
5065.0,5070.0,5067.5,5.84212e-05,0.000292106,0
5070.0,5075.0,5072.5,9.093016e-05,0.0004546508,0
5075.0,5080.0,5077.5,9.935706e-05,0.0004967853,0
5080.0,5085.0,5082.5,0.00010044378,0.0005022189,0
5085.0,5090.0,5087.5,6.569328e-05,0.0003284664,0
5090.0,5095.0,5092.5,6.74685e-05,0.0003373425,0
5095.0,5100.0,5097.5,0.00010442518,0.0005221259,0
5100.0,5105.0,5102.5,6.974806e-05,0.0003487403,0
5105.0,5110.0,5107.5,9.48371e-05,0.0004741855,0
5110.0,5115.0,5112.5,4.117176e-05,0.0002058588,0
5115.0,5120.0,5117.5,6.066896e-05,0.0003033448,0
5120.0,5125.0,5122.5,7.514736e-05,0.0003757368,0
5125.0,5130.0,5127.5,7.23155e-05,0.0003615775,0
5130.0,5135.0,5132.5,5.306824e-05,0.0002653412,0
5135.0,5140.0,5137.5,6.164834e-05,0.0003082417,0
5140.0,5145.0,5142.5,9.129296e-05,0.0004564648,0
5145.0,5150.0,5147.5,7.899844e-05,0.0003949922,0
5150.0,5155.0,5152.5,6.235576e-05,0.0003117788,0
5155.0,5160.0,5157.5,7.976838e-05,0.0003988419,0
5160.0,5165.0,5162.5,0.00010783172,0.0005391586,0
5165.0,5170.0,5167.5,0.00010390906,0.0005195453,0
5170.0,5175.0,5172.5,6.837682e-05,0.0003418841,0
5175.0,5180.0,5177.5,0.00013920852,0.0006960426,0
5180.0,5185.0,5182.5,3.87152e-05,0.000193576,0
5185.0,5190.0,5187.5,6.8796e-05,0.00034398,0
5190.0,5195.0,5192.5,3.158648e-05,0.0001579324,0
5195.0,5200.0,5197.5,9.5863e-05,0.000479315,0
5200.0,5205.0,5202.5,8.38798e-05,0.000419399,0
5205.0,5210.0,5207.5,6.066372e-05,0.0003033186,0
5210.0,5215.0,5212.5,5.833196e-05,0.0002916598,0
5215.0,5220.0,5217.5,6.245024e-05,0.0003122512,0
5220.0,5225.0,5222.5,7.40077e-05,0.0003700385,0
5225.0,5230.0,5227.5,4.974102e-05,0.0002487051,0
5230.0,5235.0,5232.5,8.493514e-05,0.0004246757,0
5235.0,5240.0,5237.5,0.00010545694,0.0005272847,0
5240.0,5245.0,5242.5,8.398738e-05,0.0004199369,0
5245.0,5250.0,5247.5,0.00013079334,0.0006539667,0
5250.0,5255.0,5252.5,7.979134e-05,0.0003989567,0
5255.0,5260.0,5257.5,6.884948e-05,0.0003442474,0
5260.0,5265.0,5262.5,0.00010813628,0.0005406814,0
5265.0,5270.0,5267.5,3.47195e-05,0.0001735975,0
5270.0,5275.0,5272.5,4.656928e-05,0.0002328464,0
5275.0,5280.0,5277.5,5.660754e-05,0.0002830377,0
5280.0,5285.0,5282.5,5.4816e-05,0.00027408,0
5285.0,5290.0,5287.5,0.00012368772,0.0006184386,0
5290.0,5295.0,5292.5,6.30903e-05,0.0003154515,0
5295.0,5300.0,5297.5,6.919256e-05,0.0003459628,0
5300.0,5305.0,5302.5,4.993554e-05,0.0002496777,0
5305.0,5310.0,5307.5,6.586632e-05,0.0003293316,0
5310.0,5315.0,5312.5,6.620756e-05,0.0003310378,0
5315.0,5320.0,5317.5,3.31084e-05,0.000165542,0
5320.0,5325.0,5322.5,8.624454e-05,0.0004312227,0
5325.0,5330.0,5327.5,8.45015e-05,0.0004225075,0
5330.0,5335.0,5332.5,8.688406e-05,0.0004344203,0
5335.0,5340.0,5337.5,3.604454e-05,0.0001802227,0
5340.0,5345.0,5342.5,5.432712e-05,0.0002716356,0
5345.0,5350.0,5347.5,6.386172e-05,0.0003193086,0
5350.0,5355.0,5352.5,7.217164e-05,0.0003608582,0
5355.0,5360.0,5357.5,6.43533e-05,0.0003217665,0
5360.0,5365.0,5362.5,0.00011706016,0.0005853008,0
5365.0,5370.0,5367.5,7.469398e-05,0.0003734699,0
5370.0,5375.0,5372.5,5.007192e-05,0.0002503596,0
5375.0,5380.0,5377.5,6.08534e-05,0.000304267,0
5380.0,5385.0,5382.5,2.447782e-05,0.0001223891,0
5385.0,5390.0,5387.5,5.91955e-05,0.0002959775,0
5390.0,5395.0,5392.5,0.00010658442,0.0005329221,0
5395.0,5400.0,5397.5,8.235226e-05,0.0004117613,0
5400.0,5405.0,5402.5,8.71326e-05,0.000435663,0
5405.0,5410.0,5407.5,2.746444e-05,0.0001373222,0
5410.0,5415.0,5412.5,6.58838e-05,0.000329419,0
5415.0,5420.0,5417.5,8.00941e-05,0.0004004705,0
5420.0,5425.0,5422.5,0.00010771096,0.0005385548,0
5425.0,5430.0,5427.5,7.051944e-05,0.0003525972,0
5430.0,5435.0,5432.5,6.961784e-05,0.0003480892,0
5435.0,5440.0,5437.5,6.631048e-05,0.0003315524,0
5440.0,5445.0,5442.5,4.421658e-05,0.0002210829,0
5445.0,5450.0,5447.5,7.958558e-05,0.0003979279,0
5450.0,5455.0,5452.5,6.616986e-05,0.0003308493,0
5455.0,5460.0,5457.5,8.23868e-05,0.000411934,0
5460.0,5465.0,5462.5,8.343606e-05,0.0004171803,0
5465.0,5470.0,5467.5,9.474062e-05,0.0004737031,0
5470.0,5475.0,5472.5,9.252504e-05,0.0004626252,0
5475.0,5480.0,5477.5,4.61506e-05,0.000230753,0
5480.0,5485.0,5482.5,3.05031e-05,0.0001525155,0
5485.0,5490.0,5487.5,0.0001076048,0.000538024,0
5490.0,5495.0,5492.5,5.003982e-05,0.0002501991,0
5495.0,5500.0,5497.5,6.663342e-05,0.0003331671,0
5500.0,5505.0,5502.5,6.981922e-05,0.0003490961,0
5505.0,5510.0,5507.5,4.509584e-05,0.0002254792,0
5510.0,5515.0,5512.5,6.402836e-05,0.0003201418,0
5515.0,5520.0,5517.5,0.00010229602,0.0005114801,0
5520.0,5525.0,5522.5,7.533332e-05,0.0003766666,0
5525.0,5530.0,5527.5,0.00010911146,0.0005455573,0
5530.0,5535.0,5532.5,6.845048e-05,0.0003422524,0
5535.0,5540.0,5537.5,7.282162e-05,0.0003641081,0
5540.0,5545.0,5542.5,7.784494e-05,0.0003892247,0
5545.0,5550.0,5547.5,5.62835e-05,0.0002814175,0
5550.0,5555.0,5552.5,2.549824e-05,0.0001274912,0
5555.0,5560.0,5557.5,9.098114e-05,0.0004549057,0
5560.0,5565.0,5562.5,4.313892e-05,0.0002156946,0
5565.0,5570.0,5567.5,8.750616e-05,0.0004375308,0
5570.0,5575.0,5572.5,6.806162e-05,0.0003403081,0
5575.0,5580.0,5577.5,4.25078e-05,0.000212539,0
5580.0,5585.0,5582.5,5.642908e-05,0.0002821454,0
5585.0,5590.0,5587.5,3.441842e-05,0.0001720921,0
5590.0,5595.0,5592.5,5.708028e-05,0.0002854014,0
5595.0,5600.0,5597.5,5.19512e-05,0.000259756,0
5600.0,5605.0,5602.5,7.105244e-05,0.0003552622,0
5605.0,5610.0,5607.5,5.690362e-05,0.0002845181,0
5610.0,5615.0,5612.5,8.651076e-05,0.0004325538,0
5615.0,5620.0,5617.5,2.066596e-05,0.0001033298,0
5620.0,5625.0,5622.5,9.490688e-05,0.0004745344,0
5625.0,5630.0,5627.5,8.51428e-05,0.000425714,0
5630.0,5635.0,5632.5,0.00010310416,0.0005155208,0
5635.0,5640.0,5637.5,9.068742e-05,0.0004534371,0
5640.0,5645.0,5642.5,5.98671e-05,0.0002993355,0
5645.0,5650.0,5647.5,0.00012000262,0.0006000131,0
5650.0,5655.0,5652.5,6.85775e-05,0.0003428875,0
5655.0,5660.0,5657.5,4.832392e-05,0.0002416196,0
5660.0,5665.0,5662.5,0.00011920618,0.0005960309,0
5665.0,5670.0,5667.5,5.802236e-05,0.0002901118,0
5670.0,5675.0,5672.5,7.237754e-05,0.0003618877,0
5675.0,5680.0,5677.5,4.815176e-05,0.0002407588,0
5680.0,5685.0,5682.5,6.68356e-05,0.000334178,0
5685.0,5690.0,5687.5,0.00011602078,0.0005801039,0
5690.0,5695.0,5692.5,5.120584e-05,0.0002560292,0
5695.0,5700.0,5697.5,7.858708e-05,0.0003929354,0
5700.0,5705.0,5702.5,7.29439e-05,0.0003647195,0
5705.0,5710.0,5707.5,6.581304e-05,0.0003290652,0
5710.0,5715.0,5712.5,6.132692e-05,0.0003066346,0
5715.0,5720.0,5717.5,0.00013017256,0.0006508628,0
5720.0,5725.0,5722.5,6.946532e-05,0.0003473266,0
5725.0,5730.0,5727.5,6.563476e-05,0.0003281738,0
5730.0,5735.0,5732.5,6.164834e-05,0.0003082417,0
5735.0,5740.0,5737.5,6.642734e-05,0.0003321367,0
5740.0,5745.0,5742.5,7.265694e-05,0.0003632847,0
5745.0,5750.0,5747.5,3.595722e-05,0.0001797861,0
5750.0,5755.0,5752.5,6.654064e-05,0.0003327032,0
5755.0,5760.0,5757.5,8.253522e-05,0.0004126761,0
5760.0,5765.0,5762.5,9.294692e-05,0.0004647346,0
5765.0,5770.0,5767.5,0.0001052278,0.000526139,0
5770.0,5775.0,5772.5,5.110612e-05,0.0002555306,0
5775.0,5780.0,5777.5,5.535868e-05,0.0002767934,0
5780.0,5785.0,5782.5,5.196624e-05,0.0002598312,0
5785.0,5790.0,5787.5,6.034158e-05,0.0003017079,0
5790.0,5795.0,5792.5,5.871548e-05,0.0002935774,0
5795.0,5800.0,5797.5,6.319518e-05,0.0003159759,0
5800.0,5805.0,5802.5,5.875972e-05,0.0002937986,0
5805.0,5810.0,5807.5,7.22133e-05,0.0003610665,0
5810.0,5815.0,5812.5,4.005568e-05,0.0002002784,0
5815.0,5820.0,5817.5,0.0001148989,0.0005744945,0
5820.0,5825.0,5822.5,7.348914e-05,0.0003674457,0
5825.0,5830.0,5827.5,0.00011236828,0.0005618414,0
5830.0,5835.0,5832.5,8.655688e-05,0.0004327844,0
5835.0,5840.0,5837.5,9.048522e-05,0.0004524261,0
5840.0,5845.0,5842.5,5.239678e-05,0.0002619839,0
5845.0,5850.0,5847.5,8.7755e-05,0.000438775,0
5850.0,5855.0,5852.5,7.784084e-05,0.0003892042,0
5855.0,5860.0,5857.5,6.00392e-05,0.000300196,0
5860.0,5865.0,5862.5,5.060622e-05,0.0002530311,0
5865.0,5870.0,5867.5,7.23415e-05,0.0003617075,0
5870.0,5875.0,5872.5,5.54548e-05,0.000277274,0
5875.0,5880.0,5877.5,8.405366e-05,0.0004202683,0
5880.0,5885.0,5882.5,8.347316e-05,0.0004173658,0
5885.0,5890.0,5887.5,0.00014910716,0.0007455358,0
5890.0,5895.0,5892.5,8.508188e-05,0.0004254094,0
5895.0,5900.0,5897.5,5.32833e-05,0.0002664165,0
5900.0,5905.0,5902.5,4.318166e-05,0.0002159083,0
5905.0,5910.0,5907.5,6.235622e-05,0.0003117811,0
5910.0,5915.0,5912.5,4.795824e-05,0.0002397912,0
5915.0,5920.0,5917.5,9.879678e-05,0.0004939839,0
5920.0,5925.0,5922.5,0.00010159944,0.0005079972,0
5925.0,5930.0,5927.5,6.003854e-05,0.0003001927,0
5930.0,5935.0,5932.5,0.00010871644,0.0005435822,0
5935.0,5940.0,5937.5,4.017132e-05,0.0002008566,0
5940.0,5945.0,5942.5,6.485362e-05,0.0003242681,0
5945.0,5950.0,5947.5,9.191418e-05,0.0004595709,0
5950.0,5955.0,5952.5,4.45897e-05,0.0002229485,0
5955.0,5960.0,5957.5,7.570012e-05,0.0003785006,0
5960.0,5965.0,5962.5,7.950134e-05,0.0003975067,0
5965.0,5970.0,5967.5,6.257396e-05,0.0003128698,0
5970.0,5975.0,5972.5,3.946026e-05,0.0001973013,0
5975.0,5980.0,5977.5,3.023342e-05,0.0001511671,0
5980.0,5985.0,5982.5,3.86734e-05,0.000193367,0
5985.0,5990.0,5987.5,7.587264e-05,0.0003793632,0
5990.0,5995.0,5992.5,8.364272e-05,0.0004182136,0
5995.0,6000.0,5997.5,4.343254e-05,0.0002171627,0
6000.0,6005.0,6002.5,7.404238e-05,0.0003702119,0
6005.0,6010.0,6007.5,6.457954e-05,0.0003228977,0
6010.0,6015.0,6012.5,4.970392e-05,0.0002485196,0
6015.0,6020.0,6017.5,7.89002e-05,0.000394501,0
6020.0,6025.0,6022.5,5.48199e-05,0.0002740995,0
6025.0,6030.0,6027.5,6.473668e-05,0.0003236834,0
6030.0,6035.0,6032.5,5.831912e-05,0.0002915956,0
6035.0,6040.0,6037.5,7.68372e-05,0.000384186,0
6040.0,6045.0,6042.5,7.911052e-05,0.0003955526,0
6045.0,6050.0,6047.5,6.438582e-05,0.0003219291,0
6050.0,6055.0,6052.5,7.019758e-05,0.0003509879,0
6055.0,6060.0,6057.5,9.017256e-05,0.0004508628,0
6060.0,6065.0,6062.5,9.247332e-05,0.0004623666,0
6065.0,6070.0,6067.5,7.210006e-05,0.0003605003,0
6070.0,6075.0,6072.5,7.809668e-05,0.0003904834,0
6075.0,6080.0,6077.5,8.6021e-05,0.000430105,0
6080.0,6085.0,6082.5,6.086286e-05,0.0003043143,0
6085.0,6090.0,6087.5,3.684244e-05,0.0001842122,0
6090.0,6095.0,6092.5,7.963136e-05,0.0003981568,0
6095.0,6100.0,6097.5,5.063528e-05,0.0002531764,0
6100.0,6105.0,6102.5,6.123334e-05,0.0003061667,0
6105.0,6110.0,6107.5,3.56851e-05,0.0001784255,0
6110.0,6115.0,6112.5,9.142954e-05,0.0004571477,0
6115.0,6120.0,6117.5,7.100028e-05,0.0003550014,0
6120.0,6125.0,6122.5,9.170848e-05,0.0004585424,0
6125.0,6130.0,6127.5,0.00011458914,0.0005729457,0
6130.0,6135.0,6132.5,6.333698e-05,0.0003166849,0
6135.0,6140.0,6137.5,9.006058e-05,0.0004503029,0
6140.0,6145.0,6142.5,0.00011194384,0.0005597192,0
6145.0,6150.0,6147.5,0.00010729708,0.0005364854,0
6150.0,6155.0,6152.5,6.184806e-05,0.0003092403,0
6155.0,6160.0,6157.5,9.316026e-05,0.0004658013,0
6160.0,6165.0,6162.5,4.55708e-05,0.000227854,0
6165.0,6170.0,6167.5,8.033332e-05,0.0004016666,0
6170.0,6175.0,6172.5,5.764624e-05,0.0002882312,0
6175.0,6180.0,6177.5,6.318728e-05,0.0003159364,0
6180.0,6185.0,6182.5,8.449586e-05,0.0004224793,0
6185.0,6190.0,6187.5,7.779618e-05,0.0003889809,0
6190.0,6195.0,6192.5,7.183062e-05,0.0003591531,0
6195.0,6200.0,6197.5,2.967044e-05,0.0001483522,0
6200.0,6205.0,6202.5,3.338052e-05,0.0001669026,0
6205.0,6210.0,6207.5,4.416288e-05,0.0002208144,0
6210.0,6215.0,6212.5,8.602182e-05,0.0004301091,0
6215.0,6220.0,6217.5,7.102316e-05,0.0003551158,0
6220.0,6225.0,6222.5,7.846298e-05,0.0003923149,0
6225.0,6230.0,6227.5,7.480602e-05,0.0003740301,0
6230.0,6235.0,6232.5,3.587238e-05,0.0001793619,0
6235.0,6240.0,6237.5,9.371278e-05,0.0004685639,0
6240.0,6245.0,6242.5,4.77398e-05,0.000238699,0
6245.0,6250.0,6247.5,5.152264e-05,0.0002576132,0
6250.0,6255.0,6252.5,7.55025e-05,0.0003775125,0
6255.0,6260.0,6257.5,7.278466e-05,0.0003639233,0
6260.0,6265.0,6262.5,8.125624e-05,0.0004062812,0
6265.0,6270.0,6267.5,5.370488e-05,0.0002685244,0
6270.0,6275.0,6272.5,8.160136e-05,0.0004080068,0
6275.0,6280.0,6277.5,0.00010708346,0.0005354173,0
6280.0,6285.0,6282.5,5.685608e-05,0.0002842804,0
6285.0,6290.0,6287.5,3.791794e-05,0.0001895897,0
6290.0,6295.0,6292.5,3.772564e-05,0.0001886282,0
6295.0,6300.0,6297.5,9.01665e-05,0.0004508325,0
6300.0,6305.0,6302.5,7.227082e-05,0.0003613541,0
6305.0,6310.0,6307.5,5.246752e-05,0.0002623376,0
6310.0,6315.0,6312.5,5.353362e-05,0.0002676681,0
6315.0,6320.0,6317.5,8.475686e-05,0.0004237843,0
6320.0,6325.0,6322.5,6.910482e-05,0.0003455241,0
6325.0,6330.0,6327.5,5.890758e-05,0.0002945379,0
6330.0,6335.0,6332.5,5.215848e-05,0.0002607924,0
6335.0,6340.0,6337.5,6.303652e-05,0.0003151826,0
6340.0,6345.0,6342.5,5.496206e-05,0.0002748103,0
6345.0,6350.0,6347.5,0.00011351678,0.0005675839,0
6350.0,6355.0,6352.5,0.00010104348,0.0005052174,0
6355.0,6360.0,6357.5,0.0001061576,0.000530788,0
6360.0,6365.0,6362.5,5.123944e-05,0.0002561972,0
6365.0,6370.0,6367.5,0.00010611112,0.0005305556,0
6370.0,6375.0,6372.5,4.870944e-05,0.0002435472,0
6375.0,6380.0,6377.5,7.258164e-05,0.0003629082,0
6380.0,6385.0,6382.5,2.381524e-05,0.0001190762,0
6385.0,6390.0,6387.5,6.299432e-05,0.0003149716,0
6390.0,6395.0,6392.5,6.90094e-05,0.000345047,0
6395.0,6400.0,6397.5,6.406552e-05,0.0003203276,0
6400.0,6405.0,6402.5,8.440116e-05,0.0004220058,0
6405.0,6410.0,6407.5,8.681632e-05,0.0004340816,0
6410.0,6415.0,6412.5,4.251708e-05,0.0002125854,0
6415.0,6420.0,6417.5,6.535376e-05,0.0003267688,0
6420.0,6425.0,6422.5,0.00010029488,0.0005014744,0
6425.0,6430.0,6427.5,3.209582e-05,0.0001604791,0
6430.0,6435.0,6432.5,5.977954e-05,0.0002988977,0
6435.0,6440.0,6437.5,7.379818e-05,0.0003689909,0
6440.0,6445.0,6442.5,9.548558e-05,0.0004774279,0
6445.0,6450.0,6447.5,7.261472e-05,0.0003630736,0
6450.0,6455.0,6452.5,4.459454e-05,0.0002229727,0
6455.0,6460.0,6457.5,6.460314e-05,0.0003230157,0
6460.0,6465.0,6462.5,7.349988e-05,0.0003674994,0
6465.0,6470.0,6467.5,4.351982e-05,0.0002175991,0
6470.0,6475.0,6472.5,4.008822e-05,0.0002004411,0
6475.0,6480.0,6477.5,8.500372e-05,0.0004250186,0
6480.0,6485.0,6482.5,3.392566e-05,0.0001696283,0
6485.0,6490.0,6487.5,7.364202e-05,0.0003682101,0
6490.0,6495.0,6492.5,5.469636e-05,0.0002734818,0
6495.0,6500.0,6497.5,7.180602e-05,0.0003590301,0
6500.0,6505.0,6502.5,8.337724e-05,0.0004168862,0
6505.0,6510.0,6507.5,6.729226e-05,0.0003364613,0
6510.0,6515.0,6512.5,7.039334e-05,0.0003519667,0
6515.0,6520.0,6517.5,0.00013285524,0.0006642762,0
6520.0,6525.0,6522.5,7.85536e-05,0.000392768,0
6525.0,6530.0,6527.5,3.59312e-05,0.000179656,0
6530.0,6535.0,6532.5,3.597724e-05,0.0001798862,0
6535.0,6540.0,6537.5,4.474048e-05,0.0002237024,0
6540.0,6545.0,6542.5,9.185614e-05,0.0004592807,0
6545.0,6550.0,6547.5,3.57487e-05,0.0001787435,0
6550.0,6555.0,6552.5,5.80987e-05,0.0002904935,0
6555.0,6560.0,6557.5,9.985368e-05,0.0004992684,0
6560.0,6565.0,6562.5,5.400036e-05,0.0002700018,0
6565.0,6570.0,6567.5,6.180246e-05,0.0003090123,0
6570.0,6575.0,6572.5,6.562216e-05,0.0003281108,0
6575.0,6580.0,6577.5,5.586206e-05,0.0002793103,0
6580.0,6585.0,6582.5,3.482182e-05,0.0001741091,0
6585.0,6590.0,6587.5,6.767548e-05,0.0003383774,0
6590.0,6595.0,6592.5,9.484154e-05,0.0004742077,0
6595.0,6600.0,6597.5,8.145466e-05,0.0004072733,0
6600.0,6605.0,6602.5,5.693004e-05,0.0002846502,0
6605.0,6610.0,6607.5,5.911002e-05,0.0002955501,0
6610.0,6615.0,6612.5,4.166272e-05,0.0002083136,0
6615.0,6620.0,6617.5,2.847798e-05,0.0001423899,0
6620.0,6625.0,6622.5,5.286036e-05,0.0002643018,0
6625.0,6630.0,6627.5,3.316278e-05,0.0001658139,0
6630.0,6635.0,6632.5,5.880356e-05,0.0002940178,0
6635.0,6640.0,6637.5,5.745404e-05,0.0002872702,0
6640.0,6645.0,6642.5,5.816946e-05,0.0002908473,0
6645.0,6650.0,6647.5,0.00013359588,0.0006679794,0
6650.0,6655.0,6652.5,7.424568e-05,0.0003712284,0
6655.0,6660.0,6657.5,5.421642e-05,0.0002710821,0
6660.0,6665.0,6662.5,7.63014e-05,0.000381507,0
6665.0,6670.0,6667.5,5.521866e-05,0.0002760933,0
6670.0,6675.0,6672.5,4.951706e-05,0.0002475853,0
6675.0,6680.0,6677.5,8.125832e-05,0.0004062916,0
6680.0,6685.0,6682.5,6.843952e-05,0.0003421976,0
6685.0,6690.0,6687.5,6.665124e-05,0.0003332562,0
6690.0,6695.0,6692.5,5.346442e-05,0.0002673221,0
6695.0,6700.0,6697.5,4.674528e-05,0.0002337264,0
6700.0,6705.0,6702.5,6.802114e-05,0.0003401057,0
6705.0,6710.0,6707.5,6.0115e-05,0.000300575,0
6710.0,6715.0,6712.5,4.699296e-05,0.0002349648,0
6715.0,6720.0,6717.5,4.28787e-05,0.0002143935,0
6720.0,6725.0,6722.5,6.78199e-05,0.0003390995,0
6725.0,6730.0,6727.5,5.737536e-05,0.0002868768,0
6730.0,6735.0,6732.5,4.9586e-05,0.00024793,0
6735.0,6740.0,6737.5,0.00010907738,0.0005453869,0
6740.0,6745.0,6742.5,5.08044e-05,0.000254022,0
6745.0,6750.0,6747.5,0.00010317528,0.0005158764,0
6750.0,6755.0,6752.5,7.129816e-05,0.0003564908,0
6755.0,6760.0,6757.5,5.761694e-05,0.0002880847,0
6760.0,6765.0,6762.5,0.00010846446,0.0005423223,0
6765.0,6770.0,6767.5,9.08828e-05,0.000454414,0
6770.0,6775.0,6772.5,9.311878e-05,0.0004655939,0
6775.0,6780.0,6777.5,6.242778e-05,0.0003121389,0
6780.0,6785.0,6782.5,0.00010788998,0.0005394499,0
6785.0,6790.0,6787.5,3.503956e-05,0.0001751978,0
6790.0,6795.0,6792.5,8.371438e-05,0.0004185719,0
6795.0,6800.0,6797.5,7.151828e-05,0.0003575914,0
6800.0,6805.0,6802.5,7.133274e-05,0.0003566637,0
6805.0,6810.0,6807.5,6.80439e-05,0.0003402195,0
6810.0,6815.0,6812.5,4.793646e-05,0.0002396823,0
6815.0,6820.0,6817.5,9.160842e-05,0.0004580421,0
6820.0,6825.0,6822.5,6.78211e-05,0.0003391055,0
6825.0,6830.0,6827.5,4.460528e-05,0.0002230264,0
6830.0,6835.0,6832.5,3.296524e-05,0.0001648262,0
6835.0,6840.0,6837.5,5.520598e-05,0.0002760299,0
6840.0,6845.0,6842.5,0.00012387802,0.0006193901,0
6845.0,6850.0,6847.5,7.05222e-05,0.000352611,0
6850.0,6855.0,6852.5,8.976966e-05,0.0004488483,0
6855.0,6860.0,6857.5,5.797888e-05,0.0002898944,0
6860.0,6865.0,6862.5,5.437486e-05,0.0002718743,0
6865.0,6870.0,6867.5,9.237758e-05,0.0004618879,0
6870.0,6875.0,6872.5,0.0001091114,0.000545557,0
6875.0,6880.0,6877.5,7.600556e-05,0.0003800278,0
6880.0,6885.0,6882.5,3.377292e-05,0.0001688646,0
6885.0,6890.0,6887.5,6.97806e-05,0.000348903,0
6890.0,6895.0,6892.5,6.68361e-05,0.0003341805,0
6895.0,6900.0,6897.5,5.303268e-05,0.0002651634,0
6900.0,6905.0,6902.5,2.117954e-05,0.0001058977,0
6905.0,6910.0,6907.5,6.791466e-05,0.0003395733,0
6910.0,6915.0,6912.5,5.101026e-05,0.0002550513,0
6915.0,6920.0,6917.5,6.494366e-05,0.0003247183,0
6920.0,6925.0,6922.5,9.868242e-05,0.0004934121,0
6925.0,6930.0,6927.5,2.245034e-05,0.0001122517,0
6930.0,6935.0,6932.5,9.717586e-05,0.0004858793,0
6935.0,6940.0,6937.5,7.767314e-05,0.0003883657,0
6940.0,6945.0,6942.5,6.774894e-05,0.0003387447,0
6945.0,6950.0,6947.5,9.30793e-05,0.0004653965,0
6950.0,6955.0,6952.5,3.56697e-05,0.0001783485,0
6955.0,6960.0,6957.5,0.00012259304,0.0006129652,0
6960.0,6965.0,6962.5,4.555774e-05,0.0002277887,0
6965.0,6970.0,6967.5,4.162926e-05,0.0002081463,0
6970.0,6975.0,6972.5,4.314192e-05,0.0002157096,0
6975.0,6980.0,6977.5,0.0001084027,0.0005420135,0
6980.0,6985.0,6982.5,5.501822e-05,0.0002750911,0
6985.0,6990.0,6987.5,7.104708e-05,0.0003552354,0
6990.0,6995.0,6992.5,5.064996e-05,0.0002532498,0
6995.0,7000.0,6997.5,5.060892e-05,0.0002530446,0
7000.0,7005.0,7002.5,6.555336e-05,0.0003277668,0
7005.0,7010.0,7007.5,5.913638e-05,0.0002956819,0
7010.0,7015.0,7012.5,9.031566e-05,0.0004515783,0
7015.0,7020.0,7017.5,5.069622e-05,0.0002534811,0
7020.0,7025.0,7022.5,0.00010755522,0.0005377761,0
7025.0,7030.0,7027.5,0.00011463326,0.0005731663,0
7030.0,7035.0,7032.5,7.845902e-05,0.0003922951,0
7035.0,7040.0,7037.5,5.739062e-05,0.0002869531,0
7040.0,7045.0,7042.5,8.956268e-05,0.0004478134,0
7045.0,7050.0,7047.5,6.959314e-05,0.0003479657,0
7050.0,7055.0,7052.5,4.357612e-05,0.0002178806,0
7055.0,7060.0,7057.5,5.087834e-05,0.0002543917,0
7060.0,7065.0,7062.5,4.286122e-05,0.0002143061,0
7065.0,7070.0,7067.5,7.020828e-05,0.0003510414,0
7070.0,7075.0,7072.5,0.00012403454,0.0006201727,0
7075.0,7080.0,7077.5,8.248834e-05,0.0004124417,0
7080.0,7085.0,7082.5,3.373214e-05,0.0001686607,0
7085.0,7090.0,7087.5,7.570408e-05,0.0003785204,0
7090.0,7095.0,7092.5,6.240188e-05,0.0003120094,0
7095.0,7100.0,7097.5,6.440496e-05,0.0003220248,0
7100.0,7105.0,7102.5,8.740296e-05,0.0004370148,0
7105.0,7110.0,7107.5,4.630534e-05,0.0002315267,0
7110.0,7115.0,7112.5,6.396924e-05,0.0003198462,0
7115.0,7120.0,7117.5,4.593312e-05,0.0002296656,0
7120.0,7125.0,7122.5,7.660566e-05,0.0003830283,0
7125.0,7130.0,7127.5,7.423958e-05,0.0003711979,0
7130.0,7135.0,7132.5,6.422848e-05,0.0003211424,0
7135.0,7140.0,7137.5,5.237856e-05,0.0002618928,0
7140.0,7145.0,7142.5,0.000103203,0.000516015,0
7145.0,7150.0,7147.5,7.16663e-05,0.0003583315,0
7150.0,7155.0,7152.5,7.41496e-05,0.000370748,0
7155.0,7160.0,7157.5,0.0001370825,0.0006854125,0
7160.0,7165.0,7162.5,6.199414e-05,0.0003099707,0
7165.0,7170.0,7167.5,7.112142e-05,0.0003556071,0
7170.0,7175.0,7172.5,5.712246e-05,0.0002856123,0
7175.0,7180.0,7177.5,3.888108e-05,0.0001944054,0
7180.0,7185.0,7182.5,4.521362e-05,0.0002260681,0
7185.0,7190.0,7187.5,3.369684e-05,0.0001684842,0
7190.0,7195.0,7192.5,7.543088e-05,0.0003771544,0
7195.0,7200.0,7197.5,4.911088e-05,0.0002455544,0
7200.0,7205.0,7202.5,5.407262e-05,0.0002703631,0
7205.0,7210.0,7207.5,7.659094e-05,0.0003829547,0
7210.0,7215.0,7212.5,7.54162e-05,0.000377081,0
7215.0,7220.0,7217.5,1.688768e-05,8.44384e-05,0
7220.0,7225.0,7222.5,3.897914e-05,0.0001948957,0
7225.0,7230.0,7227.5,3.472558e-05,0.0001736279,0
7230.0,7235.0,7232.5,5.95394e-05,0.000297697,0
7235.0,7240.0,7237.5,5.692824e-05,0.0002846412,0
7240.0,7245.0,7242.5,3.190312e-05,0.0001595156,0
7245.0,7250.0,7247.5,2.456306e-05,0.0001228153,0
7250.0,7255.0,7252.5,0.00010148058,0.0005074029,0
7255.0,7260.0,7257.5,8.575538e-05,0.0004287769,0
7260.0,7265.0,7262.5,5.860048e-05,0.0002930024,0
7265.0,7270.0,7267.5,0.00011155734,0.0005577867,0
7270.0,7275.0,7272.5,3.060824e-05,0.0001530412,0
7275.0,7280.0,7277.5,3.850386e-05,0.0001925193,0
7280.0,7285.0,7282.5,4.062684e-05,0.0002031342,0
7285.0,7290.0,7287.5,5.259702e-05,0.0002629851,0
7290.0,7295.0,7292.5,0.0001239139,0.0006195695,0
7295.0,7300.0,7297.5,9.493684e-05,0.0004746842,0
7300.0,7305.0,7302.5,6.774874e-05,0.0003387437,0
7305.0,7310.0,7307.5,7.581312e-05,0.0003790656,0
7310.0,7315.0,7312.5,0.000156663,0.000783315,0
7315.0,7320.0,7317.5,6.345624e-05,0.0003172812,0
7320.0,7325.0,7322.5,0.00010474928,0.0005237464,0
7325.0,7330.0,7327.5,7.6449e-05,0.000382245,0
7330.0,7335.0,7332.5,5.961374e-05,0.0002980687,0
7335.0,7340.0,7337.5,4.623958e-05,0.0002311979,0
7340.0,7345.0,7342.5,5.730946e-05,0.0002865473,0
7345.0,7350.0,7347.5,3.815224e-05,0.0001907612,0
7350.0,7355.0,7352.5,8.09862e-05,0.000404931,0
7355.0,7360.0,7357.5,1.999618e-05,9.99809e-05,0
7360.0,7365.0,7362.5,0.0001024743,0.0005123715,0
7365.0,7370.0,7367.5,6.924028e-05,0.0003462014,0
7370.0,7375.0,7372.5,1.722776e-05,8.61388e-05,0
7375.0,7380.0,7377.5,2.32051e-05,0.0001160255,0
7380.0,7385.0,7382.5,8.61326e-05,0.000430663,0
7390.0,7395.0,7392.5,7.052612e-05,0.0003526306,0
7395.0,7400.0,7397.5,9.110968e-05,0.0004555484,0
7400.0,7405.0,7402.5,3.452598e-05,0.0001726299,0
7405.0,7410.0,7407.5,3.212718e-05,0.0001606359,0
7410.0,7415.0,7412.5,7.311334e-05,0.0003655667,0
7415.0,7420.0,7417.5,7.720976e-05,0.0003860488,0
7420.0,7425.0,7422.5,6.041644e-05,0.0003020822,0
7425.0,7430.0,7427.5,8.163986e-05,0.0004081993,0
7430.0,7435.0,7432.5,2.325304e-05,0.0001162652,0
7435.0,7440.0,7437.5,6.831924e-05,0.0003415962,0
7440.0,7445.0,7442.5,4.483406e-05,0.0002241703,0
7445.0,7450.0,7447.5,5.029352e-05,0.0002514676,0
7450.0,7455.0,7452.5,4.405628e-05,0.0002202814,0
7455.0,7460.0,7457.5,3.733112e-05,0.0001866556,0
7460.0,7465.0,7462.5,5.219538e-05,0.0002609769,0
7465.0,7470.0,7467.5,7.677244e-05,0.0003838622,0
7470.0,7475.0,7472.5,9.94172e-05,0.000497086,0
7475.0,7480.0,7477.5,6.46403e-05,0.0003232015,0
7480.0,7485.0,7482.5,8.468886e-05,0.0004234443,0
7485.0,7490.0,7487.5,9.069752e-05,0.0004534876,0
7490.0,7495.0,7492.5,6.417038e-05,0.0003208519,0
7495.0,7500.0,7497.5,6.631288e-05,0.0003315644,0
7500.0,7505.0,7502.5,3.650236e-05,0.0001825118,0
7505.0,7510.0,7507.5,6.606226e-05,0.0003303113,0
7510.0,7515.0,7512.5,3.602338e-05,0.0001801169,0
7515.0,7520.0,7517.5,5.599086e-05,0.0002799543,0
7520.0,7525.0,7522.5,8.969912e-05,0.0004484956,0
7525.0,7530.0,7527.5,0.00010543102,0.0005271551,0
7530.0,7535.0,7532.5,4.906576e-05,0.0002453288,0
7535.0,7540.0,7537.5,0.00010352738,0.0005176369,0
7540.0,7545.0,7542.5,7.017172e-05,0.0003508586,0
7545.0,7550.0,7547.5,4.390936e-05,0.0002195468,0
7550.0,7555.0,7552.5,8.190506e-05,0.0004095253,0
7555.0,7560.0,7557.5,3.960642e-05,0.0001980321,0
7560.0,7565.0,7562.5,5.347326e-05,0.0002673663,0
7565.0,7570.0,7567.5,6.393084e-05,0.0003196542,0
7570.0,7575.0,7572.5,9.535478e-05,0.0004767739,0
7575.0,7580.0,7577.5,7.469978e-05,0.0003734989,0
7580.0,7585.0,7582.5,3.769922e-05,0.0001884961,0
7585.0,7590.0,7587.5,7.653656e-05,0.0003826828,0
7590.0,7595.0,7592.5,5.954e-05,0.0002977,0
7595.0,7600.0,7597.5,3.045556e-05,0.0001522778,0
7600.0,7605.0,7602.5,0.00011002264,0.0005501132,0
7605.0,7610.0,7607.5,8.627076e-05,0.0004313538,0
7610.0,7615.0,7612.5,6.006988e-05,0.0003003494,0
7615.0,7620.0,7617.5,6.928668e-05,0.0003464334,0
7620.0,7625.0,7622.5,6.219324e-05,0.0003109662,0
7625.0,7630.0,7627.5,3.122018e-05,0.0001561009,0
7630.0,7635.0,7632.5,2.646628e-05,0.0001323314,0
7635.0,7640.0,7637.5,8.274696e-05,0.0004137348,0
7640.0,7645.0,7642.5,4.095428e-05,0.0002047714,0
7645.0,7650.0,7647.5,5.076784e-05,0.0002538392,0
7650.0,7655.0,7652.5,3.43965e-05,0.0001719825,0
7655.0,7660.0,7657.5,4.61506e-05,0.000230753,0
7660.0,7665.0,7662.5,5.644004e-05,0.0002822002,0
7665.0,7670.0,7667.5,6.857438e-05,0.0003428719,0
7670.0,7675.0,7672.5,5.569192e-05,0.0002784596,0
7675.0,7680.0,7677.5,5.447196e-05,0.0002723598,0
7680.0,7685.0,7682.5,2.426722e-05,0.0001213361,0
7685.0,7690.0,7687.5,7.072532e-05,0.0003536266,0
7690.0,7695.0,7692.5,3.866304e-05,0.0001933152,0
7695.0,7700.0,7697.5,3.540798e-05,0.0001770399,0
7700.0,7705.0,7702.5,9.628724e-05,0.0004814362,0
7705.0,7710.0,7707.5,4.310608e-05,0.0002155304,0
7710.0,7715.0,7712.5,7.701944e-05,0.0003850972,0
7715.0,7720.0,7717.5,4.178246e-05,0.0002089123,0
7720.0,7725.0,7722.5,3.57589e-05,0.0001787945,0
7725.0,7730.0,7727.5,6.447614e-05,0.0003223807,0
7730.0,7735.0,7732.5,4.3005e-05,0.000215025,0
7735.0,7740.0,7737.5,3.347954e-05,0.0001673977,0
7740.0,7745.0,7742.5,6.305206e-05,0.0003152603,0
7745.0,7750.0,7747.5,4.103438e-05,0.0002051719,0
7750.0,7755.0,7752.5,7.32405e-05,0.0003662025,0
7755.0,7760.0,7757.5,0.00010081618,0.0005040809,0
7760.0,7765.0,7762.5,8.694546e-05,0.0004347273,0
7765.0,7770.0,7767.5,0.00010459328,0.0005229664,0
7770.0,7775.0,7772.5,6.684472e-05,0.0003342236,0
7775.0,7780.0,7777.5,5.371812e-05,0.0002685906,0
7780.0,7785.0,7782.5,4.915456e-05,0.0002457728,0
7785.0,7790.0,7787.5,4.69355e-05,0.0002346775,0
7790.0,7795.0,7792.5,5.89029e-05,0.0002945145,0
7795.0,7800.0,7797.5,3.743772e-05,0.0001871886,0
7800.0,7805.0,7802.5,4.475172e-05,0.0002237586,0
7805.0,7810.0,7807.5,8.145108e-05,0.0004072554,0
7810.0,7815.0,7812.5,3.927096e-05,0.0001963548,0
7815.0,7820.0,7817.5,5.813368e-05,0.0002906684,0
7820.0,7825.0,7822.5,6.105096e-05,0.0003052548,0
7825.0,7830.0,7827.5,5.10951e-05,0.0002554755,0
7830.0,7835.0,7832.5,0.00012788572,0.0006394286,0
7835.0,7840.0,7837.5,5.293844e-05,0.0002646922,0
7840.0,7845.0,7842.5,5.89165e-05,0.0002945825,0
7845.0,7850.0,7847.5,6.378366e-05,0.0003189183,0
7850.0,7855.0,7852.5,6.536184e-05,0.0003268092,0
7855.0,7860.0,7857.5,5.096642e-05,0.0002548321,0
7860.0,7865.0,7862.5,3.670966e-05,0.0001835483,0
7865.0,7870.0,7867.5,6.233868e-05,0.0003116934,0
7870.0,7875.0,7872.5,6.185e-05,0.00030925,0
7875.0,7880.0,7877.5,4.122858e-05,0.0002061429,0
7880.0,7885.0,7882.5,3.452598e-05,0.0001726299,0
7885.0,7890.0,7887.5,7.906916e-05,0.0003953458,0
7890.0,7895.0,7892.5,5.15239e-05,0.0002576195,0
7895.0,7900.0,7897.5,5.075098e-05,0.0002537549,0
7900.0,7905.0,7902.5,6.415244e-05,0.0003207622,0
7905.0,7910.0,7907.5,4.714452e-05,0.0002357226,0
7910.0,7915.0,7912.5,3.01976e-05,0.000150988,0
7915.0,7920.0,7917.5,4.476218e-05,0.0002238109,0
7920.0,7925.0,7922.5,4.388414e-05,0.0002194207,0
7925.0,7930.0,7927.5,4.877712e-05,0.0002438856,0
7930.0,7935.0,7932.5,6.641916e-05,0.0003320958,0
7935.0,7940.0,7937.5,4.369404e-05,0.0002184702,0
7940.0,7945.0,7942.5,5.896828e-05,0.0002948414,0
7945.0,7950.0,7947.5,3.707834e-05,0.0001853917,0
7950.0,7955.0,7952.5,7.249326e-05,0.0003624663,0
7955.0,7960.0,7957.5,6.46186e-05,0.000323093,0
7960.0,7965.0,7962.5,3.85429e-05,0.0001927145,0
7965.0,7970.0,7967.5,5.921504e-05,0.0002960752,0
7970.0,7975.0,7972.5,7.299226e-05,0.0003649613,0
7975.0,7980.0,7977.5,8.625482e-05,0.0004312741,0
7980.0,7985.0,7982.5,4.705534e-05,0.0002352767,0
7985.0,7990.0,7987.5,4.531468e-05,0.0002265734,0
7990.0,7995.0,7992.5,6.189386e-05,0.0003094693,0
7995.0,8000.0,7997.5,6.262328e-05,0.0003131164,0
8000.0,8005.0,8002.5,3.561754e-05,0.0001780877,0
8005.0,8010.0,8007.5,7.274386e-05,0.0003637193,0
8010.0,8015.0,8012.5,7.406908e-05,0.0003703454,0
8015.0,8020.0,8017.5,4.051116e-05,0.0002025558,0
8020.0,8025.0,8022.5,6.230888e-05,0.0003115444,0
8025.0,8030.0,8027.5,6.329616e-05,0.0003164808,0
8030.0,8035.0,8032.5,6.84014e-05,0.000342007,0
8035.0,8040.0,8037.5,3.195052e-05,0.0001597526,0
8040.0,8045.0,8042.5,2.82425e-05,0.0001412125,0
8045.0,8050.0,8047.5,2.563516e-05,0.0001281758,0
8050.0,8055.0,8052.5,3.788012e-05,0.0001894006,0
8055.0,8060.0,8057.5,7.788238e-05,0.0003894119,0
8060.0,8065.0,8062.5,3.984856e-05,0.0001992428,0
8065.0,8070.0,8067.5,7.70209e-05,0.0003851045,0
8070.0,8075.0,8072.5,7.176314e-05,0.0003588157,0
8075.0,8080.0,8077.5,5.22933e-05,0.0002614665,0
8080.0,8085.0,8082.5,6.820494e-05,0.0003410247,0
8085.0,8090.0,8087.5,7.037158e-05,0.0003518579,0
8090.0,8095.0,8092.5,7.27008e-06,3.63504e-05,0
8095.0,8100.0,8097.5,4.984154e-05,0.0002492077,0
8100.0,8105.0,8102.5,3.061004e-05,0.0001530502,0
8105.0,8110.0,8107.5,4.07951e-05,0.0002039755,0
8110.0,8115.0,8112.5,2.52042e-05,0.000126021,0
8115.0,8120.0,8117.5,6.424208e-05,0.0003212104,0
8120.0,8125.0,8122.5,6.694528e-05,0.0003347264,0
8125.0,8130.0,8127.5,5.940232e-05,0.0002970116,0
8130.0,8135.0,8132.5,1.888434e-05,9.44217e-05,0
8135.0,8140.0,8137.5,0.00010063568,0.0005031784,0
8140.0,8145.0,8142.5,5.734852e-05,0.0002867426,0
8145.0,8150.0,8147.5,3.502856e-05,0.0001751428,0
8150.0,8155.0,8152.5,5.158786e-05,0.0002579393,0
8155.0,8160.0,8157.5,4.975186e-05,0.0002487593,0
8160.0,8165.0,8162.5,5.00663e-05,0.0002503315,0
8165.0,8170.0,8167.5,0.00011820248,0.0005910124,0
8170.0,8175.0,8172.5,4.26541e-05,0.0002132705,0
8175.0,8180.0,8177.5,9.76057e-05,0.0004880285,0
8180.0,8185.0,8182.5,4.378622e-05,0.0002189311,0
8185.0,8190.0,8187.5,6.600938e-05,0.0003300469,0
8190.0,8195.0,8192.5,1.481022e-05,7.40511e-05,0
8195.0,8200.0,8197.5,8.811122e-05,0.0004405561,0
8200.0,8205.0,8202.5,4.883028e-05,0.0002441514,0
8205.0,8210.0,8207.5,2.039064e-05,0.0001019532,0
8210.0,8215.0,8212.5,4.197026e-05,0.0002098513,0
8215.0,8220.0,8217.5,4.07333e-05,0.0002036665,0
8220.0,8225.0,8222.5,9.37905e-05,0.0004689525,0
8225.0,8230.0,8227.5,4.789692e-05,0.0002394846,0
8230.0,8235.0,8232.5,4.988578e-05,0.0002494289,0
8235.0,8240.0,8237.5,9.27285e-05,0.0004636425,0
8240.0,8245.0,8242.5,5.90628e-05,0.000295314,0
8245.0,8250.0,8247.5,9.30052e-05,0.000465026,0
8250.0,8255.0,8252.5,7.62387e-05,0.0003811935,0
8255.0,8260.0,8257.5,6.71823e-05,0.0003359115,0
8260.0,8265.0,8262.5,5.136942e-05,0.0002568471,0
8265.0,8270.0,8267.5,6.916822e-05,0.0003458411,0
8270.0,8275.0,8272.5,3.658738e-05,0.0001829369,0
8275.0,8280.0,8277.5,6.82397e-05,0.0003411985,0
8280.0,8285.0,8282.5,3.43465e-05,0.0001717325,0
8285.0,8290.0,8287.5,4.515246e-05,0.0002257623,0
8290.0,8295.0,8292.5,3.482182e-05,0.0001741091,0
8295.0,8300.0,8297.5,3.698248e-05,0.0001849124,0
8300.0,8305.0,8302.5,3.869558e-05,0.0001934779,0
8305.0,8310.0,8307.5,3.7222e-05,0.00018611,0
8310.0,8315.0,8312.5,5.185354e-05,0.0002592677,0
8315.0,8320.0,8317.5,6.780802e-05,0.0003390401,0
8320.0,8325.0,8322.5,7.120272e-05,0.0003560136,0
8325.0,8330.0,8327.5,5.525488e-05,0.0002762744,0
8330.0,8335.0,8332.5,2.962046e-05,0.0001481023,0
8335.0,8340.0,8337.5,5.73402e-05,0.000286701,0
8340.0,8345.0,8342.5,1.420008e-05,7.10004e-05,0
8345.0,8350.0,8347.5,1.80231e-05,9.01155e-05,0
8350.0,8355.0,8352.5,2.033626e-05,0.0001016813,0
8355.0,8360.0,8357.5,3.632574e-05,0.0001816287,0
8360.0,8365.0,8362.5,9.10332e-06,4.55166e-05,0
8365.0,8370.0,8367.5,1.547036e-05,7.73518e-05,0
8370.0,8375.0,8372.5,2.269272e-05,0.0001134636,0
8375.0,8380.0,8377.5,5.561892e-05,0.0002780946,0
8380.0,8385.0,8382.5,1.486022e-05,7.43011e-05,0
8385.0,8390.0,8387.5,1.596756e-05,7.98378e-05,0
8390.0,8395.0,8392.5,2.0866e-05,0.00010433,0
8395.0,8400.0,8397.5,9.66184e-06,4.83092e-05,0
8400.0,8405.0,8402.5,2.503834e-05,0.0001251917,0
8405.0,8410.0,8407.5,2.294756e-05,0.0001147378,0
8410.0,8415.0,8412.5,2.33034e-05,0.000116517,0
8415.0,8420.0,8417.5,8.08734e-06,4.04367e-05,0
8420.0,8425.0,8422.5,3.577078e-05,0.0001788539,0
8425.0,8430.0,8427.5,4.97884e-06,2.48942e-05,0
8430.0,8435.0,8432.5,1.693192e-05,8.46596e-05,0
8435.0,8440.0,8437.5,2.4262e-05,0.00012131,0
8440.0,8445.0,8442.5,8.08734e-06,4.04367e-05,0
8445.0,8450.0,8447.5,1.80231e-05,9.01155e-05,0
8450.0,8455.0,8452.5,6.93e-06,3.465e-05,0
8455.0,8460.0,8457.5,9.66184e-06,4.83092e-05,0
8460.0,8465.0,8462.5,1.501734e-05,7.50867e-05,0
8465.0,8470.0,8467.5,2.16723e-05,0.0001083615,0
8470.0,8475.0,8472.5,7.27008e-06,3.63504e-05,0
8475.0,8480.0,8477.5,1.719066e-05,8.59533e-05,0
8480.0,8485.0,8482.5,6.474474e-05,0.0003237237,0
8485.0,8490.0,8487.5,1.978906e-05,9.89453e-05,0
8490.0,8495.0,8492.5,7.27008e-06,3.63504e-05,0
8500.0,8505.0,8502.5,2.970406e-05,0.0001485203,0
8505.0,8510.0,8507.5,1.970214e-05,9.85107e-05,0
8510.0,8515.0,8512.5,3.101408e-05,0.0001550704,0
8515.0,8520.0,8517.5,8.08734e-06,4.04367e-05,0
8520.0,8525.0,8522.5,3.400276e-05,0.0001700138,0
8525.0,8530.0,8527.5,8.08734e-06,4.04367e-05,0
8530.0,8535.0,8532.5,8.08734e-06,4.04367e-05,0
8535.0,8540.0,8537.5,8.08734e-06,4.04367e-05,0
8545.0,8550.0,8547.5,1.567748e-05,7.83874e-05,0
8550.0,8555.0,8552.5,2.94156e-05,0.000147078,0
8560.0,8565.0,8562.5,3.306046e-05,0.0001653023,0
8565.0,8570.0,8567.5,1.243206e-05,6.21603e-05,0
8570.0,8575.0,8572.5,2.085948e-05,0.0001042974,0
8575.0,8580.0,8577.5,1.306618e-05,6.53309e-05,0
8585.0,8590.0,8587.5,2.012914e-05,0.0001006457,0
8590.0,8595.0,8592.5,2.033626e-05,0.0001016813,0
8595.0,8600.0,8597.5,3.514648e-05,0.0001757324,0
8600.0,8605.0,8602.5,2.101216e-05,0.0001050608,0
8605.0,8610.0,8607.5,1.535742e-05,7.67871e-05,0
8610.0,8615.0,8612.5,1.736296e-05,8.68148e-05,0
8615.0,8620.0,8617.5,2.33034e-05,0.000116517,0
8620.0,8625.0,8622.5,8.08734e-06,4.04367e-05,0
8625.0,8630.0,8627.5,1.617468e-05,8.08734e-05,0
8630.0,8635.0,8632.5,1.567748e-05,7.83874e-05,0
8635.0,8640.0,8637.5,7.88022e-06,3.94011e-05,0
8640.0,8645.0,8642.5,2.768494e-05,0.0001384247,0
8650.0,8655.0,8652.5,1.617468e-05,8.08734e-05,0
8655.0,8660.0,8657.5,2.318548e-05,0.0001159274,0
8660.0,8665.0,8662.5,1.831318e-05,9.15659e-05,0
8665.0,8670.0,8667.5,2.085948e-05,0.0001042974,0
8670.0,8675.0,8672.5,8.08734e-06,4.04367e-05,0
8675.0,8680.0,8677.5,2.09464e-05,0.000104732,0
8680.0,8685.0,8682.5,1.454016e-05,7.27008e-05,0
8690.0,8695.0,8692.5,2.117954e-05,0.0001058977,0
8695.0,8700.0,8697.5,6.93e-06,3.465e-05,0
8705.0,8710.0,8707.5,3.158648e-05,0.0001579324,0
8710.0,8715.0,8712.5,1.659184e-05,8.29592e-05,0
8715.0,8720.0,8717.5,1.54118e-05,7.7059e-05,0
8720.0,8725.0,8722.5,6.93e-06,3.465e-05,0
8730.0,8735.0,8732.5,7.27008e-06,3.63504e-05,0
8735.0,8740.0,8737.5,2.147016e-05,0.0001073508,0
8740.0,8745.0,8742.5,1.754206e-05,8.77103e-05,0
8745.0,8750.0,8747.5,3.291308e-05,0.0001645654,0
8750.0,8755.0,8752.5,2.497502e-05,0.0001248751,0
8760.0,8765.0,8762.5,1.567748e-05,7.83874e-05,0
8765.0,8770.0,8767.5,2.274044e-05,0.0001137022,0
8770.0,8775.0,8772.5,8.08734e-06,4.04367e-05,0
8775.0,8780.0,8777.5,6.93e-06,3.465e-05,0
8785.0,8790.0,8787.5,4.97884e-06,2.48942e-05,0
8790.0,8795.0,8792.5,1.043296e-05,5.21648e-05,0
8795.0,8800.0,8797.5,1.85203e-05,9.26015e-05,0
8800.0,8805.0,8802.5,4.97884e-06,2.48942e-05,0
8805.0,8810.0,8807.5,4.97884e-06,2.48942e-05,0
8810.0,8815.0,8812.5,7.27008e-06,3.63504e-05,0
8815.0,8820.0,8817.5,6.93e-06,3.465e-05,0
8820.0,8825.0,8822.5,1.63734e-05,8.1867e-05,0
8825.0,8830.0,8827.5,2.23418e-05,0.000111709,0
8830.0,8835.0,8832.5,3.292944e-05,0.0001646472,0
8835.0,8840.0,8837.5,4.97884e-06,2.48942e-05,0
8840.0,8845.0,8842.5,1.224892e-05,6.12446e-05,0
8845.0,8850.0,8847.5,7.59014e-06,3.79507e-05,0
8850.0,8855.0,8852.5,1.043296e-05,5.21648e-05,0
8855.0,8860.0,8857.5,1.420008e-05,7.10004e-05,0
8865.0,8870.0,8867.5,2.904028e-05,0.0001452014,0
8870.0,8875.0,8872.5,1.698354e-05,8.49177e-05,0
8880.0,8885.0,8882.5,1.386002e-05,6.93001e-05,0
8885.0,8890.0,8887.5,1.85203e-05,9.26015e-05,0
8890.0,8895.0,8892.5,4.97884e-06,2.48942e-05,0
8900.0,8905.0,8902.5,1.501734e-05,7.50867e-05,0
8905.0,8910.0,8907.5,9.10332e-06,4.55166e-05,0
8910.0,8915.0,8912.5,3.127282e-05,0.0001563641,0
8920.0,8925.0,8922.5,2.927182e-05,0.0001463591,0
8925.0,8930.0,8927.5,7.27008e-06,3.63504e-05,0
8930.0,8935.0,8932.5,9.66184e-06,4.83092e-05,0
8935.0,8940.0,8937.5,1.669346e-05,8.34673e-05,0
8940.0,8945.0,8942.5,1.953628e-05,9.76814e-05,0
8945.0,8950.0,8947.5,1.190884e-05,5.95442e-05,0
8950.0,8955.0,8952.5,2.451512e-05,0.0001225756,0
8955.0,8960.0,8957.5,8.08734e-06,4.04367e-05,0
8960.0,8965.0,8962.5,1.190884e-05,5.95442e-05,0
8965.0,8970.0,8967.5,2.934984e-05,0.0001467492,0
8970.0,8975.0,8972.5,1.190884e-05,5.95442e-05,0
8980.0,8985.0,8982.5,1.603332e-05,8.01666e-05,0
8985.0,8990.0,8987.5,4.477398e-05,0.0002238699,0
8995.0,9000.0,8997.5,1.464068e-05,7.32034e-05,0
9000.0,9005.0,9002.5,1.501734e-05,7.50867e-05,0
9005.0,9010.0,9007.5,5.50206e-06,2.75103e-05,0
9010.0,9015.0,9012.5,4.97884e-06,2.48942e-05,0
9015.0,9020.0,9017.5,1.659184e-05,8.29592e-05,0
9025.0,9030.0,9027.5,1.688768e-05,8.44384e-05,0
9030.0,9035.0,9032.5,8.08734e-06,4.04367e-05,0
9035.0,9040.0,9037.5,1.535742e-05,7.67871e-05,0
9040.0,9045.0,9042.5,8.08734e-06,4.04367e-05,0
9045.0,9050.0,9047.5,1.547036e-05,7.73518e-05,0
9050.0,9055.0,9052.5,2.425362e-05,0.0001212681,0
9055.0,9060.0,9057.5,9.95768e-06,4.97884e-05,0
9060.0,9065.0,9062.5,7.88022e-06,3.94011e-05,0
9065.0,9070.0,9067.5,1.190884e-05,5.95442e-05,0
9070.0,9075.0,9072.5,2.147016e-05,0.0001073508,0
9080.0,9085.0,9082.5,5.50206e-06,2.75103e-05,0
9085.0,9090.0,9087.5,7.59014e-06,3.79507e-05,0
9090.0,9095.0,9092.5,9.10332e-06,4.55166e-05,0
9095.0,9100.0,9097.5,1.043296e-05,5.21648e-05,0
9110.0,9115.0,9112.5,2.3744e-05,0.00011872,0
9120.0,9125.0,9122.5,6.93e-06,3.465e-05,0
9135.0,9140.0,9137.5,4.97884e-06,2.48942e-05,0
9140.0,9145.0,9142.5,2.534112e-05,0.0001267056,0
9145.0,9150.0,9147.5,4.97884e-06,2.48942e-05,0
9150.0,9155.0,9152.5,6.93e-06,3.465e-05,0
9165.0,9170.0,9167.5,1.831318e-05,9.15659e-05,0
9170.0,9175.0,9172.5,1.770304e-05,8.85152e-05,0
9175.0,9180.0,9177.5,3.387772e-05,0.0001693886,0
9180.0,9185.0,9182.5,2.70248e-05,0.000135124,0
9185.0,9190.0,9187.5,2.68525e-05,0.0001342625,0
9190.0,9195.0,9192.5,1.876516e-05,9.38258e-05,0
9195.0,9200.0,9197.5,2.079e-05,0.00010395,0
9205.0,9210.0,9207.5,1.63734e-05,8.1867e-05,0
9210.0,9215.0,9212.5,4.333244e-05,0.0002166622,0
9215.0,9220.0,9217.5,3.424176e-05,0.0001712088,0
9220.0,9225.0,9222.5,1.386002e-05,6.93001e-05,0
9225.0,9230.0,9227.5,1.659184e-05,8.29592e-05,0
9230.0,9235.0,9232.5,3.480642e-05,0.0001740321,0
9240.0,9245.0,9242.5,3.490502e-05,0.0001745251,0
9245.0,9250.0,9247.5,9.66184e-06,4.83092e-05,0
9255.0,9260.0,9257.5,3.360116e-05,0.0001680058,0
9260.0,9265.0,9262.5,1.953628e-05,9.76814e-05,0
9265.0,9270.0,9267.5,4.97884e-06,2.48942e-05,0
9270.0,9275.0,9272.5,5.50206e-06,2.75103e-05,0
9280.0,9285.0,9282.5,2.935038e-05,0.0001467519,0
9285.0,9290.0,9287.5,9.95768e-06,4.97884e-05,0
9290.0,9295.0,9292.5,4.305814e-05,0.0002152907,0
9295.0,9300.0,9297.5,9.10332e-06,4.55166e-05,0
9300.0,9305.0,9302.5,4.97884e-06,2.48942e-05,0
9305.0,9310.0,9307.5,1.386002e-05,6.93001e-05,0
9310.0,9315.0,9312.5,1.999618e-05,9.99809e-05,0
9320.0,9325.0,9322.5,8.08734e-06,4.04367e-05,0
9330.0,9335.0,9332.5,1.408216e-05,7.04108e-05,0
9340.0,9345.0,9342.5,1.224892e-05,6.12446e-05,0
9345.0,9350.0,9347.5,1.719066e-05,8.59533e-05,0
9355.0,9360.0,9357.5,8.08734e-06,4.04367e-05,0
9360.0,9365.0,9362.5,3.196834e-05,0.0001598417,0
9365.0,9370.0,9367.5,2.386192e-05,0.0001193096,0
9370.0,9375.0,9372.5,1.85203e-05,9.26015e-05,0
9380.0,9385.0,9382.5,1.481022e-05,7.40511e-05,0
9390.0,9395.0,9392.5,1.190884e-05,5.95442e-05,0
9400.0,9405.0,9402.5,8.08734e-06,4.04367e-05,0
9405.0,9410.0,9407.5,4.06506e-05,0.000203253,0
9410.0,9415.0,9412.5,3.398916e-05,0.0001699458,0
9415.0,9420.0,9417.5,2.115352e-05,0.0001057676,0
9420.0,9425.0,9422.5,7.27008e-06,3.63504e-05,0
9425.0,9430.0,9427.5,7.88022e-06,3.94011e-05,0
9435.0,9440.0,9437.5,2.031228e-05,0.0001015614,0
9440.0,9445.0,9442.5,7.88022e-06,3.94011e-05,0
9445.0,9450.0,9447.5,6.93e-06,3.465e-05,0
9450.0,9455.0,9452.5,2.68896e-05,0.000134448,0
9455.0,9460.0,9457.5,8.08734e-06,4.04367e-05,0
9460.0,9465.0,9462.5,3.867546e-05,0.0001933773,0
9465.0,9470.0,9467.5,2.542804e-05,0.0001271402,0
9470.0,9475.0,9472.5,8.08734e-06,4.04367e-05,0
9475.0,9480.0,9477.5,1.770304e-05,8.85152e-05,0
9480.0,9485.0,9482.5,4.262708e-05,0.0002131354,0
9485.0,9490.0,9487.5,9.10332e-06,4.55166e-05,0
9490.0,9495.0,9492.5,2.501926e-05,0.0001250963,0
9495.0,9500.0,9497.5,1.978906e-05,9.89453e-05,0
9500.0,9505.0,9502.5,2.391354e-05,0.0001195677,0
9505.0,9510.0,9507.5,1.043296e-05,5.21648e-05,0
9510.0,9515.0,9512.5,8.08734e-06,4.04367e-05,0
9515.0,9520.0,9517.5,9.10332e-06,4.55166e-05,0
9520.0,9525.0,9522.5,2.135224e-05,0.0001067612,0
9525.0,9530.0,9527.5,1.80231e-05,9.01155e-05,0
9530.0,9535.0,9532.5,2.68525e-05,0.0001342625,0
9535.0,9540.0,9537.5,2.073928e-05,0.0001036964,0
9540.0,9545.0,9542.5,2.135224e-05,0.0001067612,0
9545.0,9550.0,9547.5,1.243206e-05,6.21603e-05,0
9550.0,9555.0,9552.5,1.535742e-05,7.67871e-05,0
9555.0,9560.0,9557.5,2.391354e-05,0.0001195677,0
9560.0,9565.0,9562.5,1.576044e-05,7.88022e-05,0
9570.0,9575.0,9572.5,8.08734e-06,4.04367e-05,0
9575.0,9580.0,9577.5,1.698354e-05,8.49177e-05,0
9580.0,9585.0,9582.5,1.754206e-05,8.77103e-05,0
9590.0,9595.0,9592.5,2.157068e-05,0.0001078534,0
9595.0,9600.0,9597.5,1.04809e-05,5.24045e-05,0
9610.0,9615.0,9612.5,3.252686e-05,0.0001626343,0
9615.0,9620.0,9617.5,1.043296e-05,5.21648e-05,0
9620.0,9625.0,9622.5,7.88022e-06,3.94011e-05,0
9625.0,9630.0,9627.5,1.80231e-05,9.01155e-05,0
9630.0,9635.0,9632.5,1.85203e-05,9.26015e-05,0
9635.0,9640.0,9637.5,4.97884e-06,2.48942e-05,0
9640.0,9645.0,9642.5,1.501734e-05,7.50867e-05,0
9645.0,9650.0,9647.5,1.698354e-05,8.49177e-05,0
9650.0,9655.0,9652.5,1.043296e-05,5.21648e-05,0
9655.0,9660.0,9657.5,9.66184e-06,4.83092e-05,0
9665.0,9670.0,9667.5,1.408216e-05,7.04108e-05,0
9670.0,9675.0,9672.5,1.285906e-05,6.42953e-05,0
9675.0,9680.0,9677.5,9.66184e-06,4.83092e-05,0
9680.0,9685.0,9682.5,1.736296e-05,8.68148e-05,0
9685.0,9690.0,9687.5,1.659184e-05,8.29592e-05,0
9690.0,9695.0,9692.5,6.93e-06,3.465e-05,0
9700.0,9705.0,9702.5,7.59014e-06,3.79507e-05,0
9710.0,9715.0,9712.5,7.59014e-06,3.79507e-05,0
9715.0,9720.0,9717.5,1.596756e-05,7.98378e-05,0
9725.0,9730.0,9727.5,2.157068e-05,0.0001078534,0
9740.0,9745.0,9742.5,1.306618e-05,6.53309e-05,0
9745.0,9750.0,9747.5,1.736296e-05,8.68148e-05,0
9750.0,9755.0,9752.5,9.66184e-06,4.83092e-05,0
9755.0,9760.0,9757.5,1.63734e-05,8.1867e-05,0
9760.0,9765.0,9762.5,2.344476e-05,0.0001172238,0
9770.0,9775.0,9772.5,1.464068e-05,7.32034e-05,0
9775.0,9780.0,9777.5,2.0866e-05,0.00010433,0
9780.0,9785.0,9782.5,7.88022e-06,3.94011e-05,0
9795.0,9800.0,9797.5,8.08734e-06,4.04367e-05,0
9800.0,9805.0,9802.5,1.85203e-05,9.26015e-05,0
9810.0,9815.0,9812.5,7.88022e-06,3.94011e-05,0
9815.0,9820.0,9817.5,2.4262e-05,0.00012131,0
9825.0,9830.0,9827.5,1.408216e-05,7.04108e-05,0
9830.0,9835.0,9832.5,4.97884e-06,2.48942e-05,0
9835.0,9840.0,9837.5,1.190884e-05,5.95442e-05,0
9840.0,9845.0,9842.5,1.51503e-05,7.57515e-05,0
9845.0,9850.0,9847.5,3.513856e-05,0.0001756928,0
9850.0,9855.0,9852.5,3.9927e-05,0.000199635,0
9855.0,9860.0,9857.5,1.04809e-05,5.24045e-05,0
9860.0,9865.0,9862.5,1.043296e-05,5.21648e-05,0
9870.0,9875.0,9872.5,9.10332e-06,4.55166e-05,0
9880.0,9885.0,9882.5,1.501734e-05,7.50867e-05,0
9885.0,9890.0,9887.5,1.961952e-05,9.80976e-05,0
9890.0,9895.0,9892.5,3.903526e-05,0.0001951763,0
9895.0,9900.0,9897.5,2.943958e-05,0.0001471979,0
9900.0,9905.0,9902.5,7.88022e-06,3.94011e-05,0
9905.0,9910.0,9907.5,2.7796e-05,0.00013898,0
9910.0,9915.0,9912.5,2.697222e-05,0.0001348611,0
9915.0,9920.0,9917.5,2.680636e-05,0.0001340318,0
9920.0,9925.0,9922.5,2.463304e-05,0.0001231652,0
9925.0,9930.0,9927.5,7.88022e-06,3.94011e-05,0
9930.0,9935.0,9932.5,4.97884e-06,2.48942e-05,0
9940.0,9945.0,9942.5,2.965802e-05,0.0001482901,0
9945.0,9950.0,9947.5,9.66184e-06,4.83092e-05,0
9950.0,9955.0,9952.5,2.323764e-05,0.0001161882,0
9960.0,9965.0,9962.5,3.113146e-05,0.0001556573,0
9965.0,9970.0,9967.5,2.0866e-05,0.00010433,0
9970.0,9975.0,9972.5,2.426722e-05,0.0001213361,0
9975.0,9980.0,9977.5,1.51503e-05,7.57515e-05,0
9980.0,9985.0,9982.5,1.464068e-05,7.32034e-05,0
9985.0,9990.0,9987.5,1.04809e-05,5.24045e-05,0
10000.0,10005.0,10002.5,4.97884e-06,2.48942e-05,0
10005.0,10010.0,10007.5,7.59014e-06,3.79507e-05,0
10015.0,10020.0,10017.5,9.66184e-06,4.83092e-05,0
10025.0,10030.0,10027.5,4.880818e-05,0.0002440409,0
10030.0,10035.0,10032.5,7.27008e-06,3.63504e-05,0
10035.0,10040.0,10037.5,8.08734e-06,4.04367e-05,0
10045.0,10050.0,10047.5,1.953628e-05,9.76814e-05,0
10055.0,10060.0,10057.5,3.105068e-05,0.0001552534,0
10060.0,10065.0,10062.5,1.774918e-05,8.87459e-05,0
10075.0,10080.0,10077.5,1.576044e-05,7.88022e-05,0
10080.0,10085.0,10082.5,3.266378e-05,0.0001633189,0
10085.0,10090.0,10087.5,6.93e-06,3.465e-05,0
10090.0,10095.0,10092.5,7.59014e-06,3.79507e-05,0
10095.0,10100.0,10097.5,1.043296e-05,5.21648e-05,0
10105.0,10110.0,10107.5,2.26275e-05,0.0001131375,0
10110.0,10115.0,10112.5,6.93e-06,3.465e-05,0
10120.0,10125.0,10122.5,2.547672e-05,0.0001273836,0
10125.0,10130.0,10127.5,2.05194e-05,0.000102597,0
10130.0,10135.0,10132.5,9.66184e-06,4.83092e-05,0
10135.0,10140.0,10137.5,1.408216e-05,7.04108e-05,0
10140.0,10145.0,10142.5,3.455362e-05,0.0001727681,0
10145.0,10150.0,10147.5,8.08734e-06,4.04367e-05,0
10150.0,10155.0,10152.5,2.664538e-05,0.0001332269,0
10155.0,10160.0,10157.5,1.567748e-05,7.83874e-05,0
10165.0,10170.0,10167.5,9.66184e-06,4.83092e-05,0
10175.0,10180.0,10177.5,8.08734e-06,4.04367e-05,0
10180.0,10185.0,10182.5,1.85203e-05,9.26015e-05,0
10185.0,10190.0,10187.5,9.66184e-06,4.83092e-05,0
10190.0,10195.0,10192.5,1.831318e-05,9.15659e-05,0
10195.0,10200.0,10197.5,1.774918e-05,8.87459e-05,0
10200.0,10205.0,10202.5,7.59014e-06,3.79507e-05,0
10205.0,10210.0,10207.5,7.27008e-06,3.63504e-05,0
10210.0,10215.0,10212.5,7.88022e-06,3.94011e-05,0
10225.0,10230.0,10227.5,1.596756e-05,7.98378e-05,0
10230.0,10235.0,10232.5,1.804502e-05,9.02251e-05,0
10235.0,10240.0,10237.5,1.909146e-05,9.54573e-05,0
10240.0,10245.0,10242.5,1.770304e-05,8.85152e-05,0
10245.0,10250.0,10247.5,1.452014e-05,7.26007e-05,0
10255.0,10260.0,10257.5,1.30922e-05,6.5461e-05,0
10265.0,10270.0,10267.5,2.457368e-05,0.0001228684,0
10270.0,10275.0,10272.5,5.50206e-06,2.75103e-05,0
10280.0,10285.0,10282.5,1.51503e-05,7.57515e-05,0
10295.0,10300.0,10297.5,7.27008e-06,3.63504e-05,0
10300.0,10305.0,10302.5,1.603332e-05,8.01666e-05,0
10305.0,10310.0,10307.5,1.408216e-05,7.04108e-05,0
10310.0,10315.0,10312.5,4.562944e-05,0.0002281472,0
10315.0,10320.0,10317.5,1.51639e-05,7.58195e-05,0
10320.0,10325.0,10322.5,2.065236e-05,0.0001032618,0
10325.0,10330.0,10327.5,7.88022e-06,3.94011e-05,0
10330.0,10335.0,10332.5,1.770304e-05,8.85152e-05,0
10335.0,10340.0,10337.5,6.93e-06,3.465e-05,0
10340.0,10345.0,10342.5,1.043296e-05,5.21648e-05,0
10345.0,10350.0,10347.5,1.659184e-05,8.29592e-05,0
10350.0,10355.0,10352.5,2.74165e-05,0.0001370825,0
10355.0,10360.0,10357.5,8.08734e-06,4.04367e-05,0
10360.0,10365.0,10362.5,1.043296e-05,5.21648e-05,0
10365.0,10370.0,10367.5,6.93e-06,3.465e-05,0
10370.0,10375.0,10372.5,1.535742e-05,7.67871e-05,0
10380.0,10385.0,10382.5,7.27008e-06,3.63504e-05,0
10385.0,10390.0,10387.5,2.32051e-05,0.0001160255,0
10390.0,10395.0,10392.5,6.93e-06,3.465e-05,0
10395.0,10400.0,10397.5,7.27008e-06,3.63504e-05,0
10405.0,10410.0,10407.5,5.50206e-06,2.75103e-05,0
10420.0,10425.0,10422.5,1.698354e-05,8.49177e-05,0
10425.0,10430.0,10427.5,1.535742e-05,7.67871e-05,0
10430.0,10435.0,10432.5,2.364348e-05,0.0001182174,0
10435.0,10440.0,10437.5,2.426722e-05,0.0001213361,0
10440.0,10445.0,10442.5,9.10332e-06,4.55166e-05,0
10450.0,10455.0,10452.5,1.603332e-05,8.01666e-05,0
10455.0,10460.0,10457.5,1.043296e-05,5.21648e-05,0
10460.0,10465.0,10462.5,2.344476e-05,0.0001172238,0
10465.0,10470.0,10467.5,2.191076e-05,0.0001095538,0
10475.0,10480.0,10477.5,4.97884e-06,2.48942e-05,0
10485.0,10490.0,10487.5,1.043296e-05,5.21648e-05,0
10490.0,10495.0,10492.5,3.179214e-05,0.0001589607,0
10495.0,10500.0,10497.5,9.66184e-06,4.83092e-05,0
10505.0,10510.0,10507.5,3.634562e-05,0.0001817281,0
10520.0,10525.0,10522.5,2.813608e-05,0.0001406804,0
10525.0,10530.0,10527.5,2.00948e-05,0.000100474,0
10530.0,10535.0,10532.5,7.59014e-06,3.79507e-05,0
10535.0,10540.0,10537.5,2.569516e-05,0.0001284758,0
10540.0,10545.0,10542.5,1.043296e-05,5.21648e-05,0
10545.0,10550.0,10547.5,1.486022e-05,7.43011e-05,0
10550.0,10555.0,10552.5,2.86396e-05,0.000143198,0
10555.0,10560.0,10557.5,4.97884e-06,2.48942e-05,0
10560.0,10565.0,10562.5,3.60163e-05,0.0001800815,0
10565.0,10570.0,10567.5,1.224892e-05,6.12446e-05,0
10570.0,10575.0,10572.5,9.10332e-06,4.55166e-05,0
10575.0,10580.0,10577.5,1.820664e-05,9.10332e-05,0
10580.0,10585.0,10582.5,3.658804e-05,0.0001829402,0
10585.0,10590.0,10587.5,1.486022e-05,7.43011e-05,0
10590.0,10595.0,10592.5,2.68525e-05,0.0001342625,0
10595.0,10600.0,10597.5,2.919812e-05,0.0001459906,0
10605.0,10610.0,10607.5,9.10332e-06,4.55166e-05,0
10610.0,10615.0,10612.5,1.774918e-05,8.87459e-05,0
10615.0,10620.0,10617.5,1.35894e-05,6.7947e-05,0
10620.0,10625.0,10622.5,1.547036e-05,7.73518e-05,0
10625.0,10630.0,10627.5,8.08734e-06,4.04367e-05,0
10630.0,10635.0,10632.5,6.93e-06,3.465e-05,0
10635.0,10640.0,10637.5,1.774918e-05,8.87459e-05,0
10640.0,10645.0,10642.5,9.66184e-06,4.83092e-05,0
10645.0,10650.0,10647.5,3.626948e-05,0.0001813474,0
10650.0,10655.0,10652.5,4.97884e-06,2.48942e-05,0
10655.0,10660.0,10657.5,6.93e-06,3.465e-05,0
10670.0,10675.0,10672.5,7.59014e-06,3.79507e-05,0
10675.0,10680.0,10677.5,1.576044e-05,7.88022e-05,0
10680.0,10685.0,10682.5,9.95768e-06,4.97884e-05,0
10685.0,10690.0,10687.5,1.285906e-05,6.42953e-05,0
10690.0,10695.0,10692.5,9.10332e-06,4.55166e-05,0
10700.0,10705.0,10702.5,2.289756e-05,0.0001144878,0
10705.0,10710.0,10707.5,7.27008e-06,3.63504e-05,0
10710.0,10715.0,10712.5,7.88022e-06,3.94011e-05,0
10715.0,10720.0,10717.5,4.97884e-06,2.48942e-05,0
10720.0,10725.0,10722.5,4.97884e-06,2.48942e-05,0
10725.0,10730.0,10727.5,1.54118e-05,7.7059e-05,0
10730.0,10735.0,10732.5,2.362346e-05,0.0001181173,0
10735.0,10740.0,10737.5,3.503132e-05,0.0001751566,0
10740.0,10745.0,10742.5,1.596756e-05,7.98378e-05,0
10745.0,10750.0,10747.5,7.27008e-06,3.63504e-05,0
10750.0,10755.0,10752.5,5.50206e-06,2.75103e-05,0
10755.0,10760.0,10757.5,8.08734e-06,4.04367e-05,0
10760.0,10765.0,10762.5,4.97884e-06,2.48942e-05,0
10765.0,10770.0,10767.5,9.66184e-06,4.83092e-05,0
10770.0,10775.0,10772.5,4.97884e-06,2.48942e-05,0
10800.0,10805.0,10802.5,6.93e-06,3.465e-05,0
10805.0,10810.0,10807.5,7.88022e-06,3.94011e-05,0
10810.0,10815.0,10812.5,2.26275e-05,0.0001131375,0
10820.0,10825.0,10822.5,1.408216e-05,7.04108e-05,0
10825.0,10830.0,10827.5,9.66184e-06,4.83092e-05,0
10830.0,10835.0,10832.5,5.50206e-06,2.75103e-05,0
10840.0,10845.0,10842.5,6.93e-06,3.465e-05,0
10845.0,10850.0,10847.5,9.66184e-06,4.83092e-05,0
10850.0,10855.0,10852.5,7.59014e-06,3.79507e-05,0
10860.0,10865.0,10862.5,7.27008e-06,3.63504e-05,0
10865.0,10870.0,10867.5,1.043296e-05,5.21648e-05,0
10870.0,10875.0,10872.5,2.187546e-05,0.0001093773,0
10875.0,10880.0,10877.5,2.085948e-05,0.0001042974,0
10885.0,10890.0,10887.5,4.97884e-06,2.48942e-05,0
10890.0,10895.0,10892.5,9.95768e-06,4.97884e-05,0
10900.0,10905.0,10902.5,1.719066e-05,8.59533e-05,0
10905.0,10910.0,10907.5,5.50206e-06,2.75103e-05,0
10915.0,10920.0,10917.5,9.10332e-06,4.55166e-05,0
10925.0,10930.0,10927.5,1.501734e-05,7.50867e-05,0
10930.0,10935.0,10932.5,1.256898e-05,6.28449e-05,0
10935.0,10940.0,10937.5,6.93e-06,3.465e-05,0
10940.0,10945.0,10942.5,7.59014e-06,3.79507e-05,0
10960.0,10965.0,10962.5,4.97884e-06,2.48942e-05,0
10965.0,10970.0,10967.5,1.464068e-05,7.32034e-05,0
10980.0,10985.0,10982.5,7.88022e-06,3.94011e-05,0
10990.0,10995.0,10992.5,2.05194e-05,0.000102597,0
10995.0,11000.0,10997.5,1.486022e-05,7.43011e-05,0
11000.0,11005.0,11002.5,2.0866e-05,0.00010433,0
11005.0,11010.0,11007.5,3.210526e-05,0.0001605263,0
11010.0,11015.0,11012.5,1.719066e-05,8.59533e-05,0
11015.0,11020.0,11017.5,4.97884e-06,2.48942e-05,0
11025.0,11030.0,11027.5,4.299236e-05,0.0002149618,0
11030.0,11035.0,11032.5,5.50206e-06,2.75103e-05,0
11035.0,11040.0,11037.5,7.27008e-06,3.63504e-05,0
11040.0,11045.0,11042.5,9.66184e-06,4.83092e-05,0
11045.0,11050.0,11047.5,3.429488e-05,0.0001714744,0
11060.0,11065.0,11062.5,3.200088e-05,0.0001600044,0
11065.0,11070.0,11067.5,1.736296e-05,8.68148e-05,0
11075.0,11080.0,11077.5,7.88022e-06,3.94011e-05,0
11080.0,11085.0,11082.5,1.464068e-05,7.32034e-05,0
11085.0,11090.0,11087.5,2.434092e-05,0.0001217046,0
11090.0,11095.0,11092.5,1.043296e-05,5.21648e-05,0
11100.0,11105.0,11102.5,2.101216e-05,0.0001050608,0
11105.0,11110.0,11107.5,8.08734e-06,4.04367e-05,0
11110.0,11115.0,11112.5,1.501734e-05,7.50867e-05,0
11115.0,11120.0,11117.5,2.579038e-05,0.0001289519,0
11125.0,11130.0,11127.5,8.08734e-06,4.04367e-05,0
11130.0,11135.0,11132.5,7.88022e-06,3.94011e-05,0
11135.0,11140.0,11137.5,7.59014e-06,3.79507e-05,0
11145.0,11150.0,11147.5,1.85203e-05,9.26015e-05,0
11150.0,11155.0,11152.5,9.66184e-06,4.83092e-05,0
11165.0,11170.0,11167.5,2.20803e-05,0.0001104015,0
11170.0,11175.0,11172.5,1.51503e-05,7.57515e-05,0
11175.0,11180.0,11177.5,3.256326e-05,0.0001628163,0
11180.0,11185.0,11182.5,7.88022e-06,3.94011e-05,0
11185.0,11190.0,11187.5,4.97884e-06,2.48942e-05,0
11195.0,11200.0,11197.5,2.00948e-05,0.000100474,0
11200.0,11205.0,11202.5,1.306618e-05,6.53309e-05,0
11205.0,11210.0,11207.5,3.72442e-05,0.000186221,0
11210.0,11215.0,11212.5,2.033626e-05,0.0001016813,0
11215.0,11220.0,11217.5,1.693192e-05,8.46596e-05,0
11220.0,11225.0,11222.5,8.08734e-06,4.04367e-05,0
11225.0,11230.0,11227.5,1.535742e-05,7.67871e-05,0
11230.0,11235.0,11232.5,4.97884e-06,2.48942e-05,0
11235.0,11240.0,11237.5,3.784954e-05,0.0001892477,0
11250.0,11255.0,11252.5,9.10332e-06,4.55166e-05,0
11255.0,11260.0,11257.5,7.27008e-06,3.63504e-05,0
11260.0,11265.0,11262.5,1.51503e-05,7.57515e-05,0
11265.0,11270.0,11267.5,1.54118e-05,7.7059e-05,0
11270.0,11275.0,11272.5,6.93e-06,3.465e-05,0
11275.0,11280.0,11277.5,1.736296e-05,8.68148e-05,0
11280.0,11285.0,11282.5,1.408216e-05,7.04108e-05,0
11285.0,11290.0,11287.5,9.66184e-06,4.83092e-05,0
11290.0,11295.0,11292.5,1.043296e-05,5.21648e-05,0
11295.0,11300.0,11297.5,8.08734e-06,4.04367e-05,0
11300.0,11305.0,11302.5,9.66184e-06,4.83092e-05,0
11305.0,11310.0,11307.5,8.08734e-06,4.04367e-05,0
11320.0,11325.0,11322.5,3.494816e-05,0.0001747408,0
11325.0,11330.0,11327.5,1.481022e-05,7.40511e-05,0
11335.0,11340.0,11337.5,1.693192e-05,8.46596e-05,0
11340.0,11345.0,11342.5,2.4262e-05,0.00012131,0
11360.0,11365.0,11362.5,9.66184e-06,4.83092e-05,0
11370.0,11375.0,11372.5,7.27008e-06,3.63504e-05,0
11375.0,11380.0,11377.5,1.043296e-05,5.21648e-05,0
11380.0,11385.0,11382.5,2.091386e-05,0.0001045693,0
11385.0,11390.0,11387.5,9.66184e-06,4.83092e-05,0
11390.0,11395.0,11392.5,1.596756e-05,7.98378e-05,0
11400.0,11405.0,11402.5,1.567748e-05,7.83874e-05,0
11405.0,11410.0,11407.5,6.93e-06,3.465e-05,0
11410.0,11415.0,11412.5,1.63734e-05,8.1867e-05,0
11420.0,11425.0,11422.5,4.97884e-06,2.48942e-05,0
11425.0,11430.0,11427.5,1.420008e-05,7.10004e-05,0
11430.0,11435.0,11432.5,7.27008e-06,3.63504e-05,0
11435.0,11440.0,11437.5,2.33034e-05,0.000116517,0
11440.0,11445.0,11442.5,1.596756e-05,7.98378e-05,0
11445.0,11450.0,11447.5,1.659184e-05,8.29592e-05,0
11460.0,11465.0,11462.5,7.27008e-06,3.63504e-05,0
11470.0,11475.0,11472.5,9.95768e-06,4.97884e-05,0
11480.0,11485.0,11482.5,4.97884e-06,2.48942e-05,0
11490.0,11495.0,11492.5,9.10332e-06,4.55166e-05,0
11510.0,11515.0,11512.5,5.50206e-06,2.75103e-05,0
11515.0,11520.0,11517.5,9.10332e-06,4.55166e-05,0
11525.0,11530.0,11527.5,1.043296e-05,5.21648e-05,0
11535.0,11540.0,11537.5,5.50206e-06,2.75103e-05,0
11550.0,11555.0,11552.5,3.438132e-05,0.0001719066,0
11560.0,11565.0,11562.5,8.08734e-06,4.04367e-05,0
11565.0,11570.0,11567.5,2.921744e-05,0.0001460872,0
11570.0,11575.0,11572.5,4.97884e-06,2.48942e-05,0
11575.0,11580.0,11577.5,1.190884e-05,5.95442e-05,0
11580.0,11585.0,11582.5,1.386002e-05,6.93001e-05,0
11590.0,11595.0,11592.5,7.88022e-06,3.94011e-05,0
11595.0,11600.0,11597.5,1.481022e-05,7.40511e-05,0
11605.0,11610.0,11607.5,3.062066e-05,0.0001531033,0
11615.0,11620.0,11617.5,1.693192e-05,8.46596e-05,0
11625.0,11630.0,11627.5,7.88022e-06,3.94011e-05,0
11630.0,11635.0,11632.5,9.10332e-06,4.55166e-05,0
11635.0,11640.0,11637.5,5.50206e-06,2.75103e-05,0
11640.0,11645.0,11642.5,6.93e-06,3.465e-05,0
11645.0,11650.0,11647.5,2.323764e-05,0.0001161882,0
11650.0,11655.0,11652.5,9.10332e-06,4.55166e-05,0
11655.0,11660.0,11657.5,6.93e-06,3.465e-05,0
11660.0,11665.0,11662.5,1.736296e-05,8.68148e-05,0
11665.0,11670.0,11667.5,7.27008e-06,3.63504e-05,0
11670.0,11675.0,11672.5,2.4202e-05,0.00012101,0
11675.0,11680.0,11677.5,8.08734e-06,4.04367e-05,0
11685.0,11690.0,11687.5,1.04809e-05,5.24045e-05,0
11690.0,11695.0,11692.5,8.08734e-06,4.04367e-05,0
11695.0,11700.0,11697.5,2.269044e-05,0.0001134522,0
11710.0,11715.0,11712.5,1.80231e-05,9.01155e-05,0
11715.0,11720.0,11717.5,5.50206e-06,2.75103e-05,0
11720.0,11725.0,11722.5,9.10332e-06,4.55166e-05,0
11725.0,11730.0,11727.5,2.21695e-05,0.0001108475,0
11735.0,11740.0,11737.5,1.420008e-05,7.10004e-05,0
11740.0,11745.0,11742.5,9.10332e-06,4.55166e-05,0
11745.0,11750.0,11747.5,1.978906e-05,9.89453e-05,0
11750.0,11755.0,11752.5,1.043296e-05,5.21648e-05,0
11755.0,11760.0,11757.5,8.08734e-06,4.04367e-05,0
11760.0,11765.0,11762.5,7.88022e-06,3.94011e-05,0
11770.0,11775.0,11772.5,9.10332e-06,4.55166e-05,0
11780.0,11785.0,11782.5,7.27008e-06,3.63504e-05,0
11790.0,11795.0,11792.5,4.97884e-06,2.48942e-05,0
11795.0,11800.0,11797.5,1.85203e-05,9.26015e-05,0
11810.0,11815.0,11812.5,8.08734e-06,4.04367e-05,0
11820.0,11825.0,11822.5,3.05621e-05,0.0001528105,0
11825.0,11830.0,11827.5,3.872604e-05,0.0001936302,0
11830.0,11835.0,11832.5,4.97884e-06,2.48942e-05,0
11855.0,11860.0,11857.5,8.08734e-06,4.04367e-05,0
11860.0,11865.0,11862.5,1.285906e-05,6.42953e-05,0
11865.0,11870.0,11867.5,1.535742e-05,7.67871e-05,0
11885.0,11890.0,11887.5,1.659184e-05,8.29592e-05,0
11890.0,11895.0,11892.5,1.876516e-05,9.38258e-05,0
11895.0,11900.0,11897.5,2.24856e-05,0.000112428,0
11905.0,11910.0,11907.5,2.187546e-05,0.0001093773,0
11910.0,11915.0,11912.5,4.97884e-06,2.48942e-05,0
11920.0,11925.0,11922.5,2.09464e-05,0.000104732,0
11925.0,11930.0,11927.5,1.659184e-05,8.29592e-05,0
11940.0,11945.0,11942.5,6.93e-06,3.465e-05,0
11945.0,11950.0,11947.5,1.932368e-05,9.66184e-05,0
11950.0,11955.0,11952.5,1.535742e-05,7.67871e-05,0
11955.0,11960.0,11957.5,1.306618e-05,6.53309e-05,0
11965.0,11970.0,11967.5,2.996932e-05,0.0001498466,0
11975.0,11980.0,11977.5,8.08734e-06,4.04367e-05,0
11980.0,11985.0,11982.5,1.043296e-05,5.21648e-05,0
11985.0,11990.0,11987.5,8.08734e-06,4.04367e-05,0
11990.0,11995.0,11992.5,1.883886e-05,9.41943e-05,0
11995.0,12000.0,11997.5,1.30922e-05,6.5461e-05,0
12000.0,12005.0,12002.5,7.27008e-06,3.63504e-05,0
12005.0,12010.0,12007.5,2.919812e-05,0.0001459906,0
12010.0,12015.0,12012.5,9.66184e-06,4.83092e-05,0
12020.0,12025.0,12022.5,4.97884e-06,2.48942e-05,0
12025.0,12030.0,12027.5,1.51503e-05,7.57515e-05,0
12030.0,12035.0,12032.5,1.043296e-05,5.21648e-05,0
12040.0,12045.0,12042.5,2.874622e-05,0.0001437311,0
12045.0,12050.0,12047.5,8.08734e-06,4.04367e-05,0
12050.0,12055.0,12052.5,6.93e-06,3.465e-05,0
12060.0,12065.0,12062.5,9.10332e-06,4.55166e-05,0
12065.0,12070.0,12067.5,1.820664e-05,9.10332e-05,0
12075.0,12080.0,12077.5,8.08734e-06,4.04367e-05,0
12090.0,12095.0,12092.5,1.043296e-05,5.21648e-05,0
12095.0,12100.0,12097.5,9.10332e-06,4.55166e-05,0
12100.0,12105.0,12102.5,2.664538e-05,0.0001332269,0
12105.0,12110.0,12107.5,2.762362e-05,0.0001381181,0
12110.0,12115.0,12112.5,9.10332e-06,4.55166e-05,0
12115.0,12120.0,12117.5,1.535742e-05,7.67871e-05,0
12120.0,12125.0,12122.5,3.291308e-05,0.0001645654,0
12125.0,12130.0,12127.5,1.04809e-05,5.24045e-05,0
12130.0,12135.0,12132.5,7.88022e-06,3.94011e-05,0
12135.0,12140.0,12137.5,2.033626e-05,0.0001016813,0
12150.0,12155.0,12152.5,7.27008e-06,3.63504e-05,0
12155.0,12160.0,12157.5,1.85203e-05,9.26015e-05,0
12170.0,12175.0,12172.5,1.452014e-05,7.26007e-05,0
12175.0,12180.0,12177.5,7.88022e-06,3.94011e-05,0
12185.0,12190.0,12187.5,9.66184e-06,4.83092e-05,0
12190.0,12195.0,12192.5,1.408216e-05,7.04108e-05,0
12195.0,12200.0,12197.5,7.27008e-06,3.63504e-05,0
12200.0,12205.0,12202.5,1.51503e-05,7.57515e-05,0
12205.0,12210.0,12207.5,1.576044e-05,7.88022e-05,0
12215.0,12220.0,12217.5,2.935038e-05,0.0001467519,0
12220.0,12225.0,12222.5,5.50206e-06,2.75103e-05,0
12225.0,12230.0,12227.5,1.306618e-05,6.53309e-05,0
12230.0,12235.0,12232.5,7.27008e-06,3.63504e-05,0
12235.0,12240.0,12237.5,1.190884e-05,5.95442e-05,0
12240.0,12245.0,12242.5,4.97884e-06,2.48942e-05,0
12245.0,12250.0,12247.5,2.583652e-05,0.0001291826,0
12255.0,12260.0,12257.5,1.043296e-05,5.21648e-05,0
12260.0,12265.0,12262.5,8.08734e-06,4.04367e-05,0
12265.0,12270.0,12267.5,1.754206e-05,8.77103e-05,0
12280.0,12285.0,12282.5,6.93e-06,3.465e-05,0
12285.0,12290.0,12287.5,4.97884e-06,2.48942e-05,0
12290.0,12295.0,12292.5,1.63734e-05,8.1867e-05,0
12295.0,12300.0,12297.5,1.596756e-05,7.98378e-05,0
12305.0,12310.0,12307.5,1.603332e-05,8.01666e-05,0
12310.0,12315.0,12312.5,2.823008e-05,0.0001411504,0
12315.0,12320.0,12317.5,6.93e-06,3.465e-05,0
12320.0,12325.0,12322.5,2.260748e-05,0.0001130374,0
12335.0,12340.0,12337.5,1.736296e-05,8.68148e-05,0
12345.0,12350.0,12347.5,7.27008e-06,3.63504e-05,0
12350.0,12355.0,12352.5,7.88022e-06,3.94011e-05,0
12355.0,12360.0,12357.5,1.481022e-05,7.40511e-05,0
12365.0,12370.0,12367.5,7.27008e-06,3.63504e-05,0
12375.0,12380.0,12377.5,1.043296e-05,5.21648e-05,0
12380.0,12385.0,12382.5,8.08734e-06,4.04367e-05,0
12385.0,12390.0,12387.5,1.464068e-05,7.32034e-05,0
12390.0,12395.0,12392.5,7.59014e-06,3.79507e-05,0
12395.0,12400.0,12397.5,8.08734e-06,4.04367e-05,0
12405.0,12410.0,12407.5,1.306618e-05,6.53309e-05,0
12410.0,12415.0,12412.5,9.10332e-06,4.55166e-05,0
12415.0,12420.0,12417.5,7.27008e-06,3.63504e-05,0
12425.0,12430.0,12427.5,1.63734e-05,8.1867e-05,0
12430.0,12435.0,12432.5,9.66184e-06,4.83092e-05,0
12435.0,12440.0,12437.5,8.08734e-06,4.04367e-05,0
12440.0,12445.0,12442.5,4.97884e-06,2.48942e-05,0
12450.0,12455.0,12452.5,8.08734e-06,4.04367e-05,0
12465.0,12470.0,12467.5,4.97884e-06,2.48942e-05,0
12470.0,12475.0,12472.5,1.043296e-05,5.21648e-05,0
12475.0,12480.0,12477.5,8.08734e-06,4.04367e-05,0
12490.0,12495.0,12492.5,8.08734e-06,4.04367e-05,0
12495.0,12500.0,12497.5,9.66184e-06,4.83092e-05,0
12500.0,12505.0,12502.5,7.27008e-06,3.63504e-05,0
12525.0,12530.0,12527.5,1.603332e-05,8.01666e-05,0
12530.0,12535.0,12532.5,1.486022e-05,7.43011e-05,0
12535.0,12540.0,12537.5,1.999618e-05,9.99809e-05,0
12540.0,12545.0,12542.5,1.256898e-05,6.28449e-05,0
12555.0,12560.0,12557.5,1.593502e-05,7.96751e-05,0
12560.0,12565.0,12562.5,2.036228e-05,0.0001018114,0
12565.0,12570.0,12567.5,1.481022e-05,7.40511e-05,0
12570.0,12575.0,12572.5,2.0866e-05,0.00010433,0
12575.0,12580.0,12577.5,1.501734e-05,7.50867e-05,0
12580.0,12585.0,12582.5,9.66184e-06,4.83092e-05,0
12585.0,12590.0,12587.5,1.481022e-05,7.40511e-05,0
12590.0,12595.0,12592.5,7.88022e-06,3.94011e-05,0
12595.0,12600.0,12597.5,1.452014e-05,7.26007e-05,0
12600.0,12605.0,12602.5,4.97884e-06,2.48942e-05,0
12605.0,12610.0,12607.5,1.420008e-05,7.10004e-05,0
12610.0,12615.0,12612.5,1.659184e-05,8.29592e-05,0
12615.0,12620.0,12617.5,3.118362e-05,0.0001559181,0
12620.0,12625.0,12622.5,6.93e-06,3.465e-05,0
12625.0,12630.0,12627.5,1.54118e-05,7.7059e-05,0
12630.0,12635.0,12632.5,1.932368e-05,9.66184e-05,0
12635.0,12640.0,12637.5,9.66184e-06,4.83092e-05,0
12640.0,12645.0,12642.5,6.93e-06,3.465e-05,0
12645.0,12650.0,12647.5,5.50206e-06,2.75103e-05,0
12650.0,12655.0,12652.5,1.501734e-05,7.50867e-05,0
12655.0,12660.0,12657.5,7.59014e-06,3.79507e-05,0
12660.0,12665.0,12662.5,7.27008e-06,3.63504e-05,0
12665.0,12670.0,12667.5,9.10332e-06,4.55166e-05,0
12680.0,12685.0,12682.5,1.04809e-05,5.24045e-05,0
12690.0,12695.0,12692.5,8.08734e-06,4.04367e-05,0
12695.0,12700.0,12697.5,8.08734e-06,4.04367e-05,0
12700.0,12705.0,12702.5,1.617468e-05,8.08734e-05,0
12705.0,12710.0,12707.5,6.93e-06,3.465e-05,0
12710.0,12715.0,12712.5,6.93e-06,3.465e-05,0
12715.0,12720.0,12717.5,1.617468e-05,8.08734e-05,0
12720.0,12725.0,12722.5,4.97884e-06,2.48942e-05,0
12750.0,12755.0,12752.5,1.285906e-05,6.42953e-05,0
12760.0,12765.0,12762.5,1.043296e-05,5.21648e-05,0
12765.0,12770.0,12767.5,1.659184e-05,8.29592e-05,0
12770.0,12775.0,12772.5,7.27008e-06,3.63504e-05,0
12785.0,12790.0,12787.5,9.10332e-06,4.55166e-05,0
12800.0,12805.0,12802.5,3.36706e-05,0.000168353,0
12805.0,12810.0,12807.5,9.10332e-06,4.55166e-05,0
12810.0,12815.0,12812.5,7.88022e-06,3.94011e-05,0
12815.0,12820.0,12817.5,8.08734e-06,4.04367e-05,0
12825.0,12830.0,12827.5,9.66184e-06,4.83092e-05,0
12835.0,12840.0,12837.5,1.420008e-05,7.10004e-05,0
12845.0,12850.0,12847.5,7.27008e-06,3.63504e-05,0
12855.0,12860.0,12857.5,1.659184e-05,8.29592e-05,0
12860.0,12865.0,12862.5,3.529124e-05,0.0001764562,0
12870.0,12875.0,12872.5,9.10332e-06,4.55166e-05,0
12885.0,12890.0,12887.5,1.63734e-05,8.1867e-05,0
12900.0,12905.0,12902.5,7.27008e-06,3.63504e-05,0
12905.0,12910.0,12907.5,7.27008e-06,3.63504e-05,0
12915.0,12920.0,12917.5,8.08734e-06,4.04367e-05,0
12930.0,12935.0,12932.5,7.27008e-06,3.63504e-05,0
12935.0,12940.0,12937.5,9.66184e-06,4.83092e-05,0
12940.0,12945.0,12942.5,7.27008e-06,3.63504e-05,0
12950.0,12955.0,12952.5,7.88022e-06,3.94011e-05,0
12955.0,12960.0,12957.5,6.93e-06,3.465e-05,0
12960.0,12965.0,12962.5,7.27008e-06,3.63504e-05,0
12975.0,12980.0,12977.5,2.091386e-05,0.0001045693,0
12980.0,12985.0,12982.5,8.08734e-06,4.04367e-05,0
12985.0,12990.0,12987.5,7.88022e-06,3.94011e-05,0
12995.0,13000.0,12997.5,7.27008e-06,3.63504e-05,0
13000.0,13005.0,13002.5,2.853654e-05,0.0001426827,0
13005.0,13010.0,13007.5,1.51639e-05,7.58195e-05,0
13010.0,13015.0,13012.5,8.08734e-06,4.04367e-05,0
13015.0,13020.0,13017.5,7.88022e-06,3.94011e-05,0
13025.0,13030.0,13027.5,7.88022e-06,3.94011e-05,0
13030.0,13035.0,13032.5,1.043296e-05,5.21648e-05,0
13035.0,13040.0,13037.5,7.27008e-06,3.63504e-05,0
13045.0,13050.0,13047.5,1.043296e-05,5.21648e-05,0
13050.0,13055.0,13052.5,1.770304e-05,8.85152e-05,0
13055.0,13060.0,13057.5,8.08734e-06,4.04367e-05,0
13060.0,13065.0,13062.5,8.08734e-06,4.04367e-05,0
13065.0,13070.0,13067.5,9.95768e-06,4.97884e-05,0
13075.0,13080.0,13077.5,2.00948e-05,0.000100474,0
13085.0,13090.0,13087.5,9.66184e-06,4.83092e-05,0
13090.0,13095.0,13092.5,7.27008e-06,3.63504e-05,0
13095.0,13100.0,13097.5,9.10332e-06,4.55166e-05,0
13100.0,13105.0,13102.5,7.88022e-06,3.94011e-05,0
13105.0,13110.0,13107.5,8.08734e-06,4.04367e-05,0
13120.0,13125.0,13122.5,4.97884e-06,2.48942e-05,0
13125.0,13130.0,13127.5,7.88022e-06,3.94011e-05,0
13130.0,13135.0,13132.5,1.452014e-05,7.26007e-05,0
13135.0,13140.0,13137.5,1.481022e-05,7.40511e-05,0
13140.0,13145.0,13142.5,4.97884e-06,2.48942e-05,0
13155.0,13160.0,13157.5,9.10332e-06,4.55166e-05,0
13160.0,13165.0,13162.5,7.27008e-06,3.63504e-05,0
13165.0,13170.0,13167.5,9.66184e-06,4.83092e-05,0
13175.0,13180.0,13177.5,6.93e-06,3.465e-05,0
13180.0,13185.0,13182.5,2.344476e-05,0.0001172238,0
13185.0,13190.0,13187.5,9.10332e-06,4.55166e-05,0
13190.0,13195.0,13192.5,1.85203e-05,9.26015e-05,0
13210.0,13215.0,13212.5,1.567748e-05,7.83874e-05,0
13215.0,13220.0,13217.5,1.043296e-05,5.21648e-05,0
13245.0,13250.0,13247.5,1.043296e-05,5.21648e-05,0
13255.0,13260.0,13257.5,6.93e-06,3.465e-05,0
13265.0,13270.0,13267.5,7.88022e-06,3.94011e-05,0
13270.0,13275.0,13272.5,7.88022e-06,3.94011e-05,0
13280.0,13285.0,13282.5,7.27008e-06,3.63504e-05,0
13290.0,13295.0,13292.5,9.66184e-06,4.83092e-05,0
13310.0,13315.0,13312.5,8.08734e-06,4.04367e-05,0
13315.0,13320.0,13317.5,1.831318e-05,9.15659e-05,0
13320.0,13325.0,13322.5,1.54118e-05,7.7059e-05,0
13325.0,13330.0,13327.5,7.88022e-06,3.94011e-05,0
13340.0,13345.0,13342.5,1.460538e-05,7.30269e-05,0
13350.0,13355.0,13352.5,9.66184e-06,4.83092e-05,0
13355.0,13360.0,13357.5,1.693192e-05,8.46596e-05,0
13360.0,13365.0,13362.5,1.460538e-05,7.30269e-05,0
13375.0,13380.0,13377.5,7.88022e-06,3.94011e-05,0
13380.0,13385.0,13382.5,4.97884e-06,2.48942e-05,0
13385.0,13390.0,13387.5,6.93e-06,3.465e-05,0
13395.0,13400.0,13397.5,1.51503e-05,7.57515e-05,0
13400.0,13405.0,13402.5,6.93e-06,3.465e-05,0
13410.0,13415.0,13412.5,4.97884e-06,2.48942e-05,0
13415.0,13420.0,13417.5,7.27008e-06,3.63504e-05,0
13425.0,13430.0,13427.5,9.10332e-06,4.55166e-05,0
13430.0,13435.0,13432.5,6.93e-06,3.465e-05,0
13435.0,13440.0,13437.5,4.97884e-06,2.48942e-05,0
13445.0,13450.0,13447.5,1.043296e-05,5.21648e-05,0
13460.0,13465.0,13462.5,1.224892e-05,6.12446e-05,0
13465.0,13470.0,13467.5,1.596756e-05,7.98378e-05,0
13470.0,13475.0,13472.5,1.420008e-05,7.10004e-05,0
13475.0,13480.0,13477.5,1.953628e-05,9.76814e-05,0
13480.0,13485.0,13482.5,6.93e-06,3.465e-05,0
13490.0,13495.0,13492.5,1.719066e-05,8.59533e-05,0
13500.0,13505.0,13502.5,7.27008e-06,3.63504e-05,0
13510.0,13515.0,13512.5,8.08734e-06,4.04367e-05,0
13520.0,13525.0,13522.5,1.043296e-05,5.21648e-05,0
13525.0,13530.0,13527.5,1.876516e-05,9.38258e-05,0
13535.0,13540.0,13537.5,7.27008e-06,3.63504e-05,0
13540.0,13545.0,13542.5,9.10332e-06,4.55166e-05,0
13545.0,13550.0,13547.5,7.27008e-06,3.63504e-05,0
13550.0,13555.0,13552.5,1.481022e-05,7.40511e-05,0
13560.0,13565.0,13562.5,3.493984e-05,0.0001746992,0
13575.0,13580.0,13577.5,1.917892e-05,9.58946e-05,0
13590.0,13595.0,13592.5,4.97884e-06,2.48942e-05,0
13595.0,13600.0,13597.5,4.97884e-06,2.48942e-05,0
13600.0,13605.0,13602.5,8.08734e-06,4.04367e-05,0
13610.0,13615.0,13612.5,9.10332e-06,4.55166e-05,0
13615.0,13620.0,13617.5,1.306618e-05,6.53309e-05,0
13620.0,13625.0,13622.5,2.00948e-05,0.000100474,0
13640.0,13645.0,13642.5,8.08734e-06,4.04367e-05,0
13645.0,13650.0,13647.5,1.454016e-05,7.27008e-05,0
13650.0,13655.0,13652.5,1.043296e-05,5.21648e-05,0
13660.0,13665.0,13662.5,1.35894e-05,6.7947e-05,0
13665.0,13670.0,13667.5,1.51503e-05,7.57515e-05,0
13675.0,13680.0,13677.5,6.93e-06,3.465e-05,0
13690.0,13695.0,13692.5,2.318548e-05,0.0001159274,0
13700.0,13705.0,13702.5,4.97884e-06,2.48942e-05,0
13715.0,13720.0,13717.5,2.0866e-05,0.00010433,0
13720.0,13725.0,13722.5,1.932368e-05,9.66184e-05,0
13725.0,13730.0,13727.5,7.27008e-06,3.63504e-05,0
13730.0,13735.0,13732.5,1.593502e-05,7.96751e-05,0
13735.0,13740.0,13737.5,2.272802e-05,0.0001136401,0
13740.0,13745.0,13742.5,4.97884e-06,2.48942e-05,0
13745.0,13750.0,13747.5,4.97884e-06,2.48942e-05,0
13750.0,13755.0,13752.5,4.97884e-06,2.48942e-05,0
13755.0,13760.0,13757.5,8.08734e-06,4.04367e-05,0
13765.0,13770.0,13767.5,4.97884e-06,2.48942e-05,0
13770.0,13775.0,13772.5,7.27008e-06,3.63504e-05,0
13775.0,13780.0,13777.5,1.698354e-05,8.49177e-05,0
13785.0,13790.0,13787.5,2.786848e-05,0.0001393424,0
13790.0,13795.0,13792.5,8.08734e-06,4.04367e-05,0
13795.0,13800.0,13797.5,1.043296e-05,5.21648e-05,0
13800.0,13805.0,13802.5,1.043296e-05,5.21648e-05,0
13805.0,13810.0,13807.5,2.25209e-05,0.0001126045,0
13815.0,13820.0,13817.5,6.93e-06,3.465e-05,0
13820.0,13825.0,13822.5,6.93e-06,3.465e-05,0
13830.0,13835.0,13832.5,8.08734e-06,4.04367e-05,0
13850.0,13855.0,13852.5,7.27008e-06,3.63504e-05,0
13865.0,13870.0,13867.5,1.043296e-05,5.21648e-05,0
13880.0,13885.0,13882.5,7.88022e-06,3.94011e-05,0
13885.0,13890.0,13887.5,1.501734e-05,7.50867e-05,0
13905.0,13910.0,13907.5,6.93e-06,3.465e-05,0
13910.0,13915.0,13912.5,9.66184e-06,4.83092e-05,0
13915.0,13920.0,13917.5,1.831318e-05,9.15659e-05,0
13920.0,13925.0,13922.5,4.97884e-06,2.48942e-05,0
13935.0,13940.0,13937.5,1.043296e-05,5.21648e-05,0
13940.0,13945.0,13942.5,2.349914e-05,0.0001174957,0
13945.0,13950.0,13947.5,7.27008e-06,3.63504e-05,0
13955.0,13960.0,13957.5,7.27008e-06,3.63504e-05,0
13960.0,13965.0,13962.5,9.10332e-06,4.55166e-05,0
13965.0,13970.0,13967.5,6.93e-06,3.465e-05,0
13970.0,13975.0,13972.5,7.88022e-06,3.94011e-05,0
13975.0,13980.0,13977.5,8.08734e-06,4.04367e-05,0
13985.0,13990.0,13987.5,8.08734e-06,4.04367e-05,0
13990.0,13995.0,13992.5,1.338228e-05,6.69114e-05,0
13995.0,14000.0,13997.5,2.00948e-05,0.000100474,0
14005.0,14010.0,14007.5,7.27008e-06,3.63504e-05,0
14010.0,14015.0,14012.5,1.659184e-05,8.29592e-05,0
14020.0,14025.0,14022.5,1.693192e-05,8.46596e-05,0
14025.0,14030.0,14027.5,1.719066e-05,8.59533e-05,0
14040.0,14045.0,14042.5,9.10332e-06,4.55166e-05,0
14045.0,14050.0,14047.5,1.285906e-05,6.42953e-05,0
14050.0,14055.0,14052.5,8.08734e-06,4.04367e-05,0
14060.0,14065.0,14062.5,7.88022e-06,3.94011e-05,0
14070.0,14075.0,14072.5,2.69262e-05,0.000134631,0
14080.0,14085.0,14082.5,9.66184e-06,4.83092e-05,0
14090.0,14095.0,14092.5,8.08734e-06,4.04367e-05,0
14095.0,14100.0,14097.5,8.08734e-06,4.04367e-05,0
14105.0,14110.0,14107.5,7.27008e-06,3.63504e-05,0
14110.0,14115.0,14112.5,2.329202e-05,0.0001164601,0
14115.0,14120.0,14117.5,5.50206e-06,2.75103e-05,0
14130.0,14135.0,14132.5,7.27008e-06,3.63504e-05,0
14145.0,14150.0,14147.5,2.146962e-05,0.0001073481,0
14150.0,14155.0,14152.5,1.043296e-05,5.21648e-05,0
14160.0,14165.0,14162.5,9.66184e-06,4.83092e-05,0
14170.0,14175.0,14172.5,1.719066e-05,8.59533e-05,0
14180.0,14185.0,14182.5,8.08734e-06,4.04367e-05,0
14185.0,14190.0,14187.5,1.535742e-05,7.67871e-05,0
14200.0,14205.0,14202.5,4.97884e-06,2.48942e-05,0
14210.0,14215.0,14212.5,7.88022e-06,3.94011e-05,0
14225.0,14230.0,14227.5,1.917892e-05,9.58946e-05,0
14230.0,14235.0,14232.5,1.35894e-05,6.7947e-05,0
14235.0,14240.0,14237.5,7.27008e-06,3.63504e-05,0
14245.0,14250.0,14247.5,1.408216e-05,7.04108e-05,0
14255.0,14260.0,14257.5,4.97884e-06,2.48942e-05,0
14265.0,14270.0,14267.5,1.043296e-05,5.21648e-05,0
14275.0,14280.0,14277.5,1.535742e-05,7.67871e-05,0
14280.0,14285.0,14282.5,6.93e-06,3.465e-05,0
14285.0,14290.0,14287.5,1.85203e-05,9.26015e-05,0
14290.0,14295.0,14292.5,7.27008e-06,3.63504e-05,0
14310.0,14315.0,14312.5,5.50206e-06,2.75103e-05,0
14320.0,14325.0,14322.5,4.97884e-06,2.48942e-05,0
14325.0,14330.0,14327.5,2.463304e-05,0.0001231652,0
14330.0,14335.0,14332.5,1.831318e-05,9.15659e-05,0
14335.0,14340.0,14337.5,8.08734e-06,4.04367e-05,0
14355.0,14360.0,14357.5,9.10332e-06,4.55166e-05,0
14365.0,14370.0,14367.5,9.10332e-06,4.55166e-05,0
14370.0,14375.0,14372.5,1.043296e-05,5.21648e-05,0
14375.0,14380.0,14377.5,7.27008e-06,3.63504e-05,0
14380.0,14385.0,14382.5,8.08734e-06,4.04367e-05,0
14385.0,14390.0,14387.5,2.569516e-05,0.0001284758,0
14390.0,14395.0,14392.5,8.08734e-06,4.04367e-05,0
14400.0,14405.0,14402.5,2.463304e-05,0.0001231652,0
14415.0,14420.0,14417.5,9.10332e-06,4.55166e-05,0
14425.0,14430.0,14427.5,9.10332e-06,4.55166e-05,0
14430.0,14435.0,14432.5,7.27008e-06,3.63504e-05,0
14435.0,14440.0,14437.5,6.93e-06,3.465e-05,0
14440.0,14445.0,14442.5,8.08734e-06,4.04367e-05,0
14445.0,14450.0,14447.5,1.043296e-05,5.21648e-05,0
14450.0,14455.0,14452.5,1.043296e-05,5.21648e-05,0
14460.0,14465.0,14462.5,1.63734e-05,8.1867e-05,0
14470.0,14475.0,14472.5,8.08734e-06,4.04367e-05,0
14480.0,14485.0,14482.5,1.452014e-05,7.26007e-05,0
14485.0,14490.0,14487.5,7.27008e-06,3.63504e-05,0
14515.0,14520.0,14517.5,6.93e-06,3.465e-05,0
14520.0,14525.0,14522.5,4.97884e-06,2.48942e-05,0
14525.0,14530.0,14527.5,1.63734e-05,8.1867e-05,0
14535.0,14540.0,14537.5,7.27008e-06,3.63504e-05,0
14540.0,14545.0,14542.5,3.772564e-05,0.0001886282,0
14545.0,14550.0,14547.5,1.603332e-05,8.01666e-05,0
14555.0,14560.0,14557.5,7.27008e-06,3.63504e-05,0
14565.0,14570.0,14567.5,6.93e-06,3.465e-05,0
14570.0,14575.0,14572.5,7.27008e-06,3.63504e-05,0
14580.0,14585.0,14582.5,3.455362e-05,0.0001727681,0
14585.0,14590.0,14587.5,1.190884e-05,5.95442e-05,0
14590.0,14595.0,14592.5,1.481022e-05,7.40511e-05,0
14595.0,14600.0,14597.5,1.043296e-05,5.21648e-05,0
14600.0,14605.0,14602.5,1.953628e-05,9.76814e-05,0
14605.0,14610.0,14607.5,1.770304e-05,8.85152e-05,0
14635.0,14640.0,14637.5,9.95768e-06,4.97884e-05,0
14675.0,14680.0,14677.5,7.27008e-06,3.63504e-05,0
14680.0,14685.0,14682.5,1.85203e-05,9.26015e-05,0
14690.0,14695.0,14692.5,9.66184e-06,4.83092e-05,0
14695.0,14700.0,14697.5,6.93e-06,3.465e-05,0
14710.0,14715.0,14712.5,2.26275e-05,0.0001131375,0
14725.0,14730.0,14727.5,1.535742e-05,7.67871e-05,0
14730.0,14735.0,14732.5,1.464068e-05,7.32034e-05,0
14735.0,14740.0,14737.5,1.719066e-05,8.59533e-05,0
14745.0,14750.0,14747.5,1.698354e-05,8.49177e-05,0
14755.0,14760.0,14757.5,4.97884e-06,2.48942e-05,0
14775.0,14780.0,14777.5,8.08734e-06,4.04367e-05,0
14780.0,14785.0,14782.5,2.664538e-05,0.0001332269,0
14785.0,14790.0,14787.5,7.88022e-06,3.94011e-05,0
14795.0,14800.0,14797.5,9.66184e-06,4.83092e-05,0
14805.0,14810.0,14807.5,1.831318e-05,9.15659e-05,0
14810.0,14815.0,14812.5,1.698354e-05,8.49177e-05,0
14820.0,14825.0,14822.5,9.66184e-06,4.83092e-05,0
14825.0,14830.0,14827.5,7.88022e-06,3.94011e-05,0
14830.0,14835.0,14832.5,8.08734e-06,4.04367e-05,0
14835.0,14840.0,14837.5,9.10332e-06,4.55166e-05,0
14850.0,14855.0,14852.5,1.719066e-05,8.59533e-05,0
14865.0,14870.0,14867.5,1.51503e-05,7.57515e-05,0
14870.0,14875.0,14872.5,1.043296e-05,5.21648e-05,0
14875.0,14880.0,14877.5,9.10332e-06,4.55166e-05,0
14885.0,14890.0,14887.5,4.97884e-06,2.48942e-05,0
14890.0,14895.0,14892.5,9.66184e-06,4.83092e-05,0
14910.0,14915.0,14912.5,7.27008e-06,3.63504e-05,0
14915.0,14920.0,14917.5,4.97884e-06,2.48942e-05,0
14920.0,14925.0,14922.5,1.043296e-05,5.21648e-05,0
14930.0,14935.0,14932.5,4.97884e-06,2.48942e-05,0
14935.0,14940.0,14937.5,7.88022e-06,3.94011e-05,0
14945.0,14950.0,14947.5,6.93e-06,3.465e-05,0
14965.0,14970.0,14967.5,7.59014e-06,3.79507e-05,0
14970.0,14975.0,14972.5,4.97884e-06,2.48942e-05,0
14975.0,14980.0,14977.5,9.10332e-06,4.55166e-05,0
14980.0,14985.0,14982.5,1.452014e-05,7.26007e-05,0
14985.0,14990.0,14987.5,8.08734e-06,4.04367e-05,0
14995.0,15000.0,14997.5,9.66184e-06,4.83092e-05,0
15010.0,15015.0,15012.5,1.770304e-05,8.85152e-05,0
15015.0,15020.0,15017.5,7.27008e-06,3.63504e-05,0
15025.0,15030.0,15027.5,7.59014e-06,3.79507e-05,0
15045.0,15050.0,15047.5,7.27008e-06,3.63504e-05,0
15050.0,15055.0,15052.5,8.08734e-06,4.04367e-05,0
15055.0,15060.0,15057.5,1.63734e-05,8.1867e-05,0
15060.0,15065.0,15062.5,1.754206e-05,8.77103e-05,0
15090.0,15095.0,15092.5,5.50206e-06,2.75103e-05,0
15100.0,15105.0,15102.5,7.88022e-06,3.94011e-05,0
15110.0,15115.0,15112.5,9.10332e-06,4.55166e-05,0
15130.0,15135.0,15132.5,1.876516e-05,9.38258e-05,0
15145.0,15150.0,15147.5,2.00948e-05,0.000100474,0
15150.0,15155.0,15152.5,2.646628e-05,0.0001323314,0
15160.0,15165.0,15162.5,6.93e-06,3.465e-05,0
15185.0,15190.0,15187.5,8.08734e-06,4.04367e-05,0
15195.0,15200.0,15197.5,9.66184e-06,4.83092e-05,0
15205.0,15210.0,15207.5,7.27008e-06,3.63504e-05,0
15220.0,15225.0,15222.5,9.10332e-06,4.55166e-05,0
15230.0,15235.0,15232.5,1.043296e-05,5.21648e-05,0
15260.0,15265.0,15262.5,6.93e-06,3.465e-05,0
15270.0,15275.0,15272.5,5.50206e-06,2.75103e-05,0
15280.0,15285.0,15282.5,1.596756e-05,7.98378e-05,0
15285.0,15290.0,15287.5,5.50206e-06,2.75103e-05,0
15290.0,15295.0,15292.5,1.820664e-05,9.10332e-05,0
15295.0,15300.0,15297.5,4.97884e-06,2.48942e-05,0
15310.0,15315.0,15312.5,8.08734e-06,4.04367e-05,0
15320.0,15325.0,15322.5,9.66184e-06,4.83092e-05,0
15325.0,15330.0,15327.5,4.97884e-06,2.48942e-05,0
15340.0,15345.0,15342.5,8.08734e-06,4.04367e-05,0
15345.0,15350.0,15347.5,6.93e-06,3.465e-05,0
15350.0,15355.0,15352.5,9.66184e-06,4.83092e-05,0
15355.0,15360.0,15357.5,8.08734e-06,4.04367e-05,0
15365.0,15370.0,15367.5,7.88022e-06,3.94011e-05,0
15375.0,15380.0,15377.5,4.97884e-06,2.48942e-05,0
15380.0,15385.0,15382.5,9.10332e-06,4.55166e-05,0
15390.0,15395.0,15392.5,1.243206e-05,6.21603e-05,0
15395.0,15400.0,15397.5,7.27008e-06,3.63504e-05,0
15400.0,15405.0,15402.5,9.10332e-06,4.55166e-05,0
15405.0,15410.0,15407.5,1.693192e-05,8.46596e-05,0
15420.0,15425.0,15422.5,1.043296e-05,5.21648e-05,0
15435.0,15440.0,15437.5,7.88022e-06,3.94011e-05,0
15440.0,15445.0,15442.5,8.08734e-06,4.04367e-05,0
15445.0,15450.0,15447.5,4.97884e-06,2.48942e-05,0
15450.0,15455.0,15452.5,6.93e-06,3.465e-05,0
15455.0,15460.0,15457.5,2.242038e-05,0.0001121019,0
15460.0,15465.0,15462.5,6.93e-06,3.465e-05,0
15465.0,15470.0,15467.5,9.66184e-06,4.83092e-05,0
15475.0,15480.0,15477.5,9.66184e-06,4.83092e-05,0
15480.0,15485.0,15482.5,5.50206e-06,2.75103e-05,0
15485.0,15490.0,15487.5,1.043296e-05,5.21648e-05,0
15500.0,15505.0,15502.5,9.10332e-06,4.55166e-05,0
15520.0,15525.0,15522.5,1.603332e-05,8.01666e-05,0
15525.0,15530.0,15527.5,1.464068e-05,7.32034e-05,0
15535.0,15540.0,15537.5,8.08734e-06,4.04367e-05,0
15540.0,15545.0,15542.5,9.66184e-06,4.83092e-05,0
15550.0,15555.0,15552.5,8.08734e-06,4.04367e-05,0
15555.0,15560.0,15557.5,9.66184e-06,4.83092e-05,0
15565.0,15570.0,15567.5,9.10332e-06,4.55166e-05,0
15590.0,15595.0,15592.5,4.97884e-06,2.48942e-05,0
15595.0,15600.0,15597.5,5.50206e-06,2.75103e-05,0
15610.0,15615.0,15612.5,6.93e-06,3.465e-05,0
15615.0,15620.0,15617.5,1.043296e-05,5.21648e-05,0
15630.0,15635.0,15632.5,4.97884e-06,2.48942e-05,0
15635.0,15640.0,15637.5,4.97884e-06,2.48942e-05,0
15655.0,15660.0,15657.5,8.08734e-06,4.04367e-05,0
15665.0,15670.0,15667.5,1.693192e-05,8.46596e-05,0
15675.0,15680.0,15677.5,9.10332e-06,4.55166e-05,0
15690.0,15695.0,15692.5,7.27008e-06,3.63504e-05,0
15700.0,15705.0,15702.5,9.10332e-06,4.55166e-05,0
15725.0,15730.0,15727.5,1.043296e-05,5.21648e-05,0
15750.0,15755.0,15752.5,1.85203e-05,9.26015e-05,0
15755.0,15760.0,15757.5,9.66184e-06,4.83092e-05,0
15770.0,15775.0,15772.5,7.27008e-06,3.63504e-05,0
15805.0,15810.0,15807.5,3.651434e-05,0.0001825717,0
15815.0,15820.0,15817.5,1.770304e-05,8.85152e-05,0
15830.0,15835.0,15832.5,8.08734e-06,4.04367e-05,0
15835.0,15840.0,15837.5,8.08734e-06,4.04367e-05,0
15840.0,15845.0,15842.5,7.27008e-06,3.63504e-05,0
15845.0,15850.0,15847.5,1.043296e-05,5.21648e-05,0
15875.0,15880.0,15877.5,1.043296e-05,5.21648e-05,0
15890.0,15895.0,15892.5,9.66184e-06,4.83092e-05,0
15900.0,15905.0,15902.5,2.21695e-05,0.0001108475,0
15920.0,15925.0,15922.5,8.08734e-06,4.04367e-05,0
15940.0,15945.0,15942.5,4.97884e-06,2.48942e-05,0
15945.0,15950.0,15947.5,7.27008e-06,3.63504e-05,0
15950.0,15955.0,15952.5,5.50206e-06,2.75103e-05,0
15965.0,15970.0,15967.5,6.93e-06,3.465e-05,0
15970.0,15975.0,15972.5,6.93e-06,3.465e-05,0
15975.0,15980.0,15977.5,6.93e-06,3.465e-05,0
15980.0,15985.0,15982.5,6.93e-06,3.465e-05,0
16000.0,16005.0,16002.5,7.27008e-06,3.63504e-05,0
16005.0,16010.0,16007.5,1.719066e-05,8.59533e-05,0
16010.0,16015.0,16012.5,9.66184e-06,4.83092e-05,0
16020.0,16025.0,16022.5,4.97884e-06,2.48942e-05,0
16025.0,16030.0,16027.5,1.464068e-05,7.32034e-05,0
16030.0,16035.0,16032.5,6.93e-06,3.465e-05,0
16035.0,16040.0,16037.5,9.10332e-06,4.55166e-05,0
16045.0,16050.0,16047.5,8.08734e-06,4.04367e-05,0
16050.0,16055.0,16052.5,9.66184e-06,4.83092e-05,0
16060.0,16065.0,16062.5,1.454016e-05,7.27008e-05,0
16070.0,16075.0,16072.5,4.97884e-06,2.48942e-05,0
16080.0,16085.0,16082.5,9.10332e-06,4.55166e-05,0
16085.0,16090.0,16087.5,7.27008e-06,3.63504e-05,0
16090.0,16095.0,16092.5,7.27008e-06,3.63504e-05,0
16095.0,16100.0,16097.5,1.535742e-05,7.67871e-05,0
16100.0,16105.0,16102.5,9.10332e-06,4.55166e-05,0
16110.0,16115.0,16112.5,9.66184e-06,4.83092e-05,0
16115.0,16120.0,16117.5,9.10332e-06,4.55166e-05,0
16120.0,16125.0,16122.5,1.243206e-05,6.21603e-05,0
16125.0,16130.0,16127.5,8.08734e-06,4.04367e-05,0
16130.0,16135.0,16132.5,1.043296e-05,5.21648e-05,0
16165.0,16170.0,16167.5,8.08734e-06,4.04367e-05,0
16170.0,16175.0,16172.5,7.27008e-06,3.63504e-05,0
16175.0,16180.0,16177.5,7.27008e-06,3.63504e-05,0
16190.0,16195.0,16192.5,8.08734e-06,4.04367e-05,0
16210.0,16215.0,16212.5,7.27008e-06,3.63504e-05,0
16215.0,16220.0,16217.5,9.66184e-06,4.83092e-05,0
16225.0,16230.0,16227.5,1.481022e-05,7.40511e-05,0
16240.0,16245.0,16242.5,1.420008e-05,7.10004e-05,0
16250.0,16255.0,16252.5,9.10332e-06,4.55166e-05,0
16270.0,16275.0,16272.5,7.88022e-06,3.94011e-05,0
16275.0,16280.0,16277.5,1.043296e-05,5.21648e-05,0
16280.0,16285.0,16282.5,8.08734e-06,4.04367e-05,0
16290.0,16295.0,16292.5,9.10332e-06,4.55166e-05,0
16295.0,16300.0,16297.5,7.27008e-06,3.63504e-05,0
16300.0,16305.0,16302.5,9.10332e-06,4.55166e-05,0
16310.0,16315.0,16312.5,9.10332e-06,4.55166e-05,0
16315.0,16320.0,16317.5,7.88022e-06,3.94011e-05,0
16320.0,16325.0,16322.5,9.10332e-06,4.55166e-05,0
16325.0,16330.0,16327.5,1.736296e-05,8.68148e-05,0
16330.0,16335.0,16332.5,8.08734e-06,4.04367e-05,0
16335.0,16340.0,16337.5,9.66184e-06,4.83092e-05,0
16350.0,16355.0,16352.5,1.043296e-05,5.21648e-05,0
16360.0,16365.0,16362.5,1.454016e-05,7.27008e-05,0
16370.0,16375.0,16372.5,7.27008e-06,3.63504e-05,0
16380.0,16385.0,16382.5,9.66184e-06,4.83092e-05,0
16390.0,16395.0,16392.5,1.719066e-05,8.59533e-05,0
16405.0,16410.0,16407.5,7.88022e-06,3.94011e-05,0
16440.0,16445.0,16442.5,1.876516e-05,9.38258e-05,0
16445.0,16450.0,16447.5,9.66184e-06,4.83092e-05,0
16455.0,16460.0,16457.5,1.043296e-05,5.21648e-05,0
16460.0,16465.0,16462.5,6.93e-06,3.465e-05,0
16470.0,16475.0,16472.5,1.043296e-05,5.21648e-05,0
16480.0,16485.0,16482.5,1.420008e-05,7.10004e-05,0
16485.0,16490.0,16487.5,1.535742e-05,7.67871e-05,0
16505.0,16510.0,16507.5,6.93e-06,3.465e-05,0
16530.0,16535.0,16532.5,1.501734e-05,7.50867e-05,0
16550.0,16555.0,16552.5,1.617468e-05,8.08734e-05,0
16555.0,16560.0,16557.5,7.59014e-06,3.79507e-05,0
16575.0,16580.0,16577.5,7.88022e-06,3.94011e-05,0
16580.0,16585.0,16582.5,1.306618e-05,6.53309e-05,0
16590.0,16595.0,16592.5,8.08734e-06,4.04367e-05,0
16595.0,16600.0,16597.5,1.719066e-05,8.59533e-05,0
16600.0,16605.0,16602.5,1.454016e-05,7.27008e-05,0
16615.0,16620.0,16617.5,4.97884e-06,2.48942e-05,0
16625.0,16630.0,16627.5,9.66184e-06,4.83092e-05,0
16635.0,16640.0,16637.5,1.603332e-05,8.01666e-05,0
16640.0,16645.0,16642.5,6.93e-06,3.465e-05,0
16650.0,16655.0,16652.5,9.66184e-06,4.83092e-05,0
16670.0,16675.0,16672.5,8.08734e-06,4.04367e-05,0
16675.0,16680.0,16677.5,1.958422e-05,9.79211e-05,0
16680.0,16685.0,16682.5,2.115352e-05,0.0001057676,0
16700.0,16705.0,16702.5,8.08734e-06,4.04367e-05,0
16745.0,16750.0,16747.5,8.08734e-06,4.04367e-05,0
16750.0,16755.0,16752.5,1.043296e-05,5.21648e-05,0
16755.0,16760.0,16757.5,9.10332e-06,4.55166e-05,0
16780.0,16785.0,16782.5,6.93e-06,3.465e-05,0
16785.0,16790.0,16787.5,7.27008e-06,3.63504e-05,0
16815.0,16820.0,16817.5,1.043296e-05,5.21648e-05,0
16825.0,16830.0,16827.5,1.35894e-05,6.7947e-05,0
16830.0,16835.0,16832.5,1.501734e-05,7.50867e-05,0
16835.0,16840.0,16837.5,8.08734e-06,4.04367e-05,0
16840.0,16845.0,16842.5,2.646628e-05,0.0001323314,0
16850.0,16855.0,16852.5,1.481022e-05,7.40511e-05,0
16855.0,16860.0,16857.5,6.93e-06,3.465e-05,0
16860.0,16865.0,16862.5,8.08734e-06,4.04367e-05,0
16875.0,16880.0,16877.5,4.97884e-06,2.48942e-05,0
16885.0,16890.0,16887.5,1.043296e-05,5.21648e-05,0
16890.0,16895.0,16892.5,9.10332e-06,4.55166e-05,0
16905.0,16910.0,16907.5,1.54118e-05,7.7059e-05,0
16915.0,16920.0,16917.5,7.88022e-06,3.94011e-05,0
16920.0,16925.0,16922.5,1.617468e-05,8.08734e-05,0
16925.0,16930.0,16927.5,8.08734e-06,4.04367e-05,0
16930.0,16935.0,16932.5,4.97884e-06,2.48942e-05,0
16950.0,16955.0,16952.5,1.698354e-05,8.49177e-05,0
16955.0,16960.0,16957.5,9.66184e-06,4.83092e-05,0
16970.0,16975.0,16972.5,1.596756e-05,7.98378e-05,0
16985.0,16990.0,16987.5,8.08734e-06,4.04367e-05,0
16990.0,16995.0,16992.5,8.08734e-06,4.04367e-05,0
16995.0,17000.0,16997.5,1.043296e-05,5.21648e-05,0
17035.0,17040.0,17037.5,1.719066e-05,8.59533e-05,0
17060.0,17065.0,17062.5,1.501734e-05,7.50867e-05,0
17095.0,17100.0,17097.5,4.97884e-06,2.48942e-05,0
17105.0,17110.0,17107.5,6.93e-06,3.465e-05,0
17115.0,17120.0,17117.5,7.27008e-06,3.63504e-05,0
17120.0,17125.0,17122.5,7.27008e-06,3.63504e-05,0
17135.0,17140.0,17137.5,8.08734e-06,4.04367e-05,0
17145.0,17150.0,17147.5,7.27008e-06,3.63504e-05,0
17155.0,17160.0,17157.5,8.08734e-06,4.04367e-05,0
17160.0,17165.0,17162.5,7.27008e-06,3.63504e-05,0
17165.0,17170.0,17167.5,1.464068e-05,7.32034e-05,0
17170.0,17175.0,17172.5,8.08734e-06,4.04367e-05,0
17175.0,17180.0,17177.5,8.08734e-06,4.04367e-05,0
17185.0,17190.0,17187.5,8.08734e-06,4.04367e-05,0
17205.0,17210.0,17207.5,9.66184e-06,4.83092e-05,0
17230.0,17235.0,17232.5,1.698354e-05,8.49177e-05,0
17255.0,17260.0,17257.5,6.93e-06,3.465e-05,0
17260.0,17265.0,17262.5,8.08734e-06,4.04367e-05,0
17280.0,17285.0,17282.5,1.576044e-05,7.88022e-05,0
17300.0,17305.0,17302.5,8.08734e-06,4.04367e-05,0
17315.0,17320.0,17317.5,4.97884e-06,2.48942e-05,0
17325.0,17330.0,17327.5,9.66184e-06,4.83092e-05,0
17360.0,17365.0,17362.5,7.27008e-06,3.63504e-05,0
17370.0,17375.0,17372.5,9.10332e-06,4.55166e-05,0
17375.0,17380.0,17377.5,6.93e-06,3.465e-05,0
17380.0,17385.0,17382.5,6.93e-06,3.465e-05,0
17395.0,17400.0,17397.5,9.10332e-06,4.55166e-05,0
17440.0,17445.0,17442.5,9.10332e-06,4.55166e-05,0
17485.0,17490.0,17487.5,1.043296e-05,5.21648e-05,0
17490.0,17495.0,17492.5,7.27008e-06,3.63504e-05,0
17495.0,17500.0,17497.5,1.63734e-05,8.1867e-05,0
17515.0,17520.0,17517.5,7.88022e-06,3.94011e-05,0
17525.0,17530.0,17527.5,1.043296e-05,5.21648e-05,0
17535.0,17540.0,17537.5,9.66184e-06,4.83092e-05,0
17555.0,17560.0,17557.5,8.08734e-06,4.04367e-05,0
17575.0,17580.0,17577.5,6.93e-06,3.465e-05,0
17595.0,17600.0,17597.5,7.88022e-06,3.94011e-05,0
17600.0,17605.0,17602.5,7.27008e-06,3.63504e-05,0
17610.0,17615.0,17612.5,6.93e-06,3.465e-05,0
17615.0,17620.0,17617.5,9.66184e-06,4.83092e-05,0
17620.0,17625.0,17622.5,4.97884e-06,2.48942e-05,0
17630.0,17635.0,17632.5,7.27008e-06,3.63504e-05,0
17640.0,17645.0,17642.5,9.10332e-06,4.55166e-05,0
17645.0,17650.0,17647.5,1.043296e-05,5.21648e-05,0
17655.0,17660.0,17657.5,9.10332e-06,4.55166e-05,0
17660.0,17665.0,17662.5,1.464068e-05,7.32034e-05,0
17675.0,17680.0,17677.5,7.59014e-06,3.79507e-05,0
17680.0,17685.0,17682.5,9.66184e-06,4.83092e-05,0
17690.0,17695.0,17692.5,6.93e-06,3.465e-05,0
17710.0,17715.0,17712.5,4.97884e-06,2.48942e-05,0
17715.0,17720.0,17717.5,8.08734e-06,4.04367e-05,0
17720.0,17725.0,17722.5,6.93e-06,3.465e-05,0
17730.0,17735.0,17732.5,8.08734e-06,4.04367e-05,0
17750.0,17755.0,17752.5,1.043296e-05,5.21648e-05,0
17760.0,17765.0,17762.5,1.043296e-05,5.21648e-05,0
17765.0,17770.0,17767.5,1.043296e-05,5.21648e-05,0
17795.0,17800.0,17797.5,7.27008e-06,3.63504e-05,0
17800.0,17805.0,17802.5,1.932368e-05,9.66184e-05,0
17835.0,17840.0,17837.5,7.27008e-06,3.63504e-05,0
17865.0,17870.0,17867.5,9.10332e-06,4.55166e-05,0
17870.0,17875.0,17872.5,1.043296e-05,5.21648e-05,0
17875.0,17880.0,17877.5,9.66184e-06,4.83092e-05,0
17880.0,17885.0,17882.5,4.97884e-06,2.48942e-05,0
17885.0,17890.0,17887.5,9.66184e-06,4.83092e-05,0
17900.0,17905.0,17902.5,9.10332e-06,4.55166e-05,0
17905.0,17910.0,17907.5,7.88022e-06,3.94011e-05,0
17915.0,17920.0,17917.5,8.08734e-06,4.04367e-05,0
17925.0,17930.0,17927.5,7.27008e-06,3.63504e-05,0
17930.0,17935.0,17932.5,6.93e-06,3.465e-05,0
17940.0,17945.0,17942.5,4.97884e-06,2.48942e-05,0
17945.0,17950.0,17947.5,1.043296e-05,5.21648e-05,0
17950.0,17955.0,17952.5,8.08734e-06,4.04367e-05,0
17970.0,17975.0,17972.5,1.501734e-05,7.50867e-05,0
17975.0,17980.0,17977.5,7.27008e-06,3.63504e-05,0
17990.0,17995.0,17992.5,7.88022e-06,3.94011e-05,0
17995.0,18000.0,17997.5,9.10332e-06,4.55166e-05,0
18000.0,18005.0,18002.5,1.043296e-05,5.21648e-05,0
18005.0,18010.0,18007.5,7.27008e-06,3.63504e-05,0
18065.0,18070.0,18067.5,6.93e-06,3.465e-05,0
18080.0,18085.0,18082.5,6.93e-06,3.465e-05,0
18085.0,18090.0,18087.5,8.08734e-06,4.04367e-05,0
18090.0,18095.0,18092.5,7.27008e-06,3.63504e-05,0
18095.0,18100.0,18097.5,4.97884e-06,2.48942e-05,0
18170.0,18175.0,18172.5,4.97884e-06,2.48942e-05,0
18200.0,18205.0,18202.5,9.10332e-06,4.55166e-05,0
18210.0,18215.0,18212.5,8.08734e-06,4.04367e-05,0
18220.0,18225.0,18222.5,6.93e-06,3.465e-05,0
18230.0,18235.0,18232.5,6.93e-06,3.465e-05,0
18240.0,18245.0,18242.5,1.953628e-05,9.76814e-05,0
18245.0,18250.0,18247.5,9.10332e-06,4.55166e-05,0
18250.0,18255.0,18252.5,7.27008e-06,3.63504e-05,0
18265.0,18270.0,18267.5,1.953628e-05,9.76814e-05,0
18280.0,18285.0,18282.5,9.10332e-06,4.55166e-05,0
18285.0,18290.0,18287.5,4.97884e-06,2.48942e-05,0
18290.0,18295.0,18292.5,7.27008e-06,3.63504e-05,0
18310.0,18315.0,18312.5,6.93e-06,3.465e-05,0
18330.0,18335.0,18332.5,1.043296e-05,5.21648e-05,0
18350.0,18355.0,18352.5,9.10332e-06,4.55166e-05,0
18380.0,18385.0,18382.5,9.10332e-06,4.55166e-05,0
18400.0,18405.0,18402.5,6.93e-06,3.465e-05,0
18410.0,18415.0,18412.5,1.043296e-05,5.21648e-05,0
18420.0,18425.0,18422.5,7.88022e-06,3.94011e-05,0
18425.0,18430.0,18427.5,6.93e-06,3.465e-05,0
18430.0,18435.0,18432.5,1.501734e-05,7.50867e-05,0
18435.0,18440.0,18437.5,1.043296e-05,5.21648e-05,0
18450.0,18455.0,18452.5,1.719066e-05,8.59533e-05,0
18480.0,18485.0,18482.5,7.88022e-06,3.94011e-05,0
18490.0,18495.0,18492.5,9.10332e-06,4.55166e-05,0
18505.0,18510.0,18507.5,8.08734e-06,4.04367e-05,0
18525.0,18530.0,18527.5,9.10332e-06,4.55166e-05,0
18540.0,18545.0,18542.5,8.08734e-06,4.04367e-05,0
18545.0,18550.0,18547.5,4.97884e-06,2.48942e-05,0
18555.0,18560.0,18557.5,9.66184e-06,4.83092e-05,0
18590.0,18595.0,18592.5,9.66184e-06,4.83092e-05,0
18605.0,18610.0,18607.5,9.10332e-06,4.55166e-05,0
18610.0,18615.0,18612.5,7.27008e-06,3.63504e-05,0
18615.0,18620.0,18617.5,1.420008e-05,7.10004e-05,0
18625.0,18630.0,18627.5,8.08734e-06,4.04367e-05,0
18640.0,18645.0,18642.5,7.27008e-06,3.63504e-05,0
18660.0,18665.0,18662.5,9.10332e-06,4.55166e-05,0
18665.0,18670.0,18667.5,7.88022e-06,3.94011e-05,0
18670.0,18675.0,18672.5,4.97884e-06,2.48942e-05,0
18700.0,18705.0,18702.5,9.66184e-06,4.83092e-05,0
18715.0,18720.0,18717.5,8.08734e-06,4.04367e-05,0
18725.0,18730.0,18727.5,1.043296e-05,5.21648e-05,0
18740.0,18745.0,18742.5,7.88022e-06,3.94011e-05,0
18815.0,18820.0,18817.5,9.10332e-06,4.55166e-05,0
18835.0,18840.0,18837.5,7.27008e-06,3.63504e-05,0
18850.0,18855.0,18852.5,7.27008e-06,3.63504e-05,0
18865.0,18870.0,18867.5,8.08734e-06,4.04367e-05,0
18870.0,18875.0,18872.5,6.93e-06,3.465e-05,0
18910.0,18915.0,18912.5,6.93e-06,3.465e-05,0
18915.0,18920.0,18917.5,1.719066e-05,8.59533e-05,0
18965.0,18970.0,18967.5,7.27008e-06,3.63504e-05,0
18985.0,18990.0,18987.5,2.00948e-05,0.000100474,0
18990.0,18995.0,18992.5,6.93e-06,3.465e-05,0
19020.0,19025.0,19022.5,8.08734e-06,4.04367e-05,0
19035.0,19040.0,19037.5,7.88022e-06,3.94011e-05,0
19070.0,19075.0,19072.5,7.59014e-06,3.79507e-05,0
19100.0,19105.0,19102.5,1.603332e-05,8.01666e-05,0
19130.0,19135.0,19132.5,8.08734e-06,4.04367e-05,0
19135.0,19140.0,19137.5,6.93e-06,3.465e-05,0
19150.0,19155.0,19152.5,7.27008e-06,3.63504e-05,0
19155.0,19160.0,19157.5,4.97884e-06,2.48942e-05,0
19200.0,19205.0,19202.5,1.043296e-05,5.21648e-05,0
19215.0,19220.0,19217.5,6.93e-06,3.465e-05,0
19220.0,19225.0,19222.5,7.88022e-06,3.94011e-05,0
19225.0,19230.0,19227.5,7.27008e-06,3.63504e-05,0
19230.0,19235.0,19232.5,6.93e-06,3.465e-05,0
19245.0,19250.0,19247.5,6.93e-06,3.465e-05,0
19280.0,19285.0,19282.5,8.08734e-06,4.04367e-05,0
19290.0,19295.0,19292.5,7.27008e-06,3.63504e-05,0
19300.0,19305.0,19302.5,8.08734e-06,4.04367e-05,0
19320.0,19325.0,19322.5,4.97884e-06,2.48942e-05,0
19335.0,19340.0,19337.5,4.97884e-06,2.48942e-05,0
19345.0,19350.0,19347.5,1.306618e-05,6.53309e-05,0
19355.0,19360.0,19357.5,2.412066e-05,0.0001206033,0
19365.0,19370.0,19367.5,8.08734e-06,4.04367e-05,0
19380.0,19385.0,19382.5,1.043296e-05,5.21648e-05,0
19430.0,19435.0,19432.5,9.10332e-06,4.55166e-05,0
19490.0,19495.0,19492.5,9.10332e-06,4.55166e-05,0
19520.0,19525.0,19522.5,7.27008e-06,3.63504e-05,0
19545.0,19550.0,19547.5,1.043296e-05,5.21648e-05,0
19565.0,19570.0,19567.5,8.08734e-06,4.04367e-05,0
19570.0,19575.0,19572.5,8.08734e-06,4.04367e-05,0
19580.0,19585.0,19582.5,7.88022e-06,3.94011e-05,0
19595.0,19600.0,19597.5,8.08734e-06,4.04367e-05,0
19605.0,19610.0,19607.5,8.08734e-06,4.04367e-05,0
19610.0,19615.0,19612.5,6.93e-06,3.465e-05,0
19645.0,19650.0,19647.5,8.08734e-06,4.04367e-05,0
19660.0,19665.0,19662.5,8.08734e-06,4.04367e-05,0
19665.0,19670.0,19667.5,7.27008e-06,3.63504e-05,0
19690.0,19695.0,19692.5,7.27008e-06,3.63504e-05,0
19710.0,19715.0,19712.5,8.08734e-06,4.04367e-05,0
19750.0,19755.0,19752.5,7.27008e-06,3.63504e-05,0
19770.0,19775.0,19772.5,6.93e-06,3.465e-05,0
19795.0,19800.0,19797.5,6.93e-06,3.465e-05,0
19840.0,19845.0,19842.5,1.754206e-05,8.77103e-05,0
19870.0,19875.0,19872.5,7.88022e-06,3.94011e-05,0
19875.0,19880.0,19877.5,9.66184e-06,4.83092e-05,0
19890.0,19895.0,19892.5,9.10332e-06,4.55166e-05,0
19925.0,19930.0,19927.5,8.08734e-06,4.04367e-05,0
19930.0,19935.0,19932.5,6.93e-06,3.465e-05,0
19955.0,19960.0,19957.5,9.10332e-06,4.55166e-05,0
19990.0,19995.0,19992.5,6.93e-06,3.465e-05,0
20000.0,20005.0,20002.5,9.66184e-06,4.83092e-05,0
20025.0,20030.0,20027.5,1.576044e-05,7.88022e-05,0
20060.0,20065.0,20062.5,4.97884e-06,2.48942e-05,0
20155.0,20160.0,20157.5,7.88022e-06,3.94011e-05,0
20170.0,20175.0,20172.5,7.27008e-06,3.63504e-05,0
20190.0,20195.0,20192.5,8.08734e-06,4.04367e-05,0
20220.0,20225.0,20222.5,1.043296e-05,5.21648e-05,0
20260.0,20265.0,20262.5,6.93e-06,3.465e-05,0
20265.0,20270.0,20267.5,9.66184e-06,4.83092e-05,0
20270.0,20275.0,20272.5,8.08734e-06,4.04367e-05,0
20275.0,20280.0,20277.5,7.88022e-06,3.94011e-05,0
20315.0,20320.0,20317.5,8.08734e-06,4.04367e-05,0
20330.0,20335.0,20332.5,8.08734e-06,4.04367e-05,0
20350.0,20355.0,20352.5,9.10332e-06,4.55166e-05,0
20375.0,20380.0,20377.5,8.08734e-06,4.04367e-05,0
20390.0,20395.0,20392.5,1.043296e-05,5.21648e-05,0
20420.0,20425.0,20422.5,9.10332e-06,4.55166e-05,0
20435.0,20440.0,20437.5,8.08734e-06,4.04367e-05,0
20460.0,20465.0,20462.5,8.08734e-06,4.04367e-05,0
20475.0,20480.0,20477.5,1.043296e-05,5.21648e-05,0
20480.0,20485.0,20482.5,7.27008e-06,3.63504e-05,0
20525.0,20530.0,20527.5,1.719066e-05,8.59533e-05,0
20560.0,20565.0,20562.5,8.08734e-06,4.04367e-05,0
20635.0,20640.0,20637.5,7.27008e-06,3.63504e-05,0
20665.0,20670.0,20667.5,8.08734e-06,4.04367e-05,0
20730.0,20735.0,20732.5,6.93e-06,3.465e-05,0
20735.0,20740.0,20737.5,1.043296e-05,5.21648e-05,0
20740.0,20745.0,20742.5,8.08734e-06,4.04367e-05,0
20745.0,20750.0,20747.5,8.08734e-06,4.04367e-05,0
20770.0,20775.0,20772.5,8.08734e-06,4.04367e-05,0
20775.0,20780.0,20777.5,6.93e-06,3.465e-05,0
20780.0,20785.0,20782.5,7.88022e-06,3.94011e-05,0
20850.0,20855.0,20852.5,7.27008e-06,3.63504e-05,0
20870.0,20875.0,20872.5,6.93e-06,3.465e-05,0
20885.0,20890.0,20887.5,1.043296e-05,5.21648e-05,0
20895.0,20900.0,20897.5,7.88022e-06,3.94011e-05,0
20915.0,20920.0,20917.5,6.93e-06,3.465e-05,0
20945.0,20950.0,20947.5,6.93e-06,3.465e-05,0
20950.0,20955.0,20952.5,7.27008e-06,3.63504e-05,0
20980.0,20985.0,20982.5,9.10332e-06,4.55166e-05,0
21030.0,21035.0,21032.5,9.66184e-06,4.83092e-05,0
21035.0,21040.0,21037.5,9.10332e-06,4.55166e-05,0
21085.0,21090.0,21087.5,7.27008e-06,3.63504e-05,0
21140.0,21145.0,21142.5,8.08734e-06,4.04367e-05,0
21145.0,21150.0,21147.5,8.08734e-06,4.04367e-05,0
21215.0,21220.0,21217.5,9.66184e-06,4.83092e-05,0
21255.0,21260.0,21257.5,1.306618e-05,6.53309e-05,0
21310.0,21315.0,21312.5,9.10332e-06,4.55166e-05,0
21315.0,21320.0,21317.5,9.10332e-06,4.55166e-05,0
21345.0,21350.0,21347.5,1.754206e-05,8.77103e-05,0
21375.0,21380.0,21377.5,8.08734e-06,4.04367e-05,0
21380.0,21385.0,21382.5,9.10332e-06,4.55166e-05,0
21385.0,21390.0,21387.5,1.043296e-05,5.21648e-05,0
21420.0,21425.0,21422.5,8.08734e-06,4.04367e-05,0
21435.0,21440.0,21437.5,7.27008e-06,3.63504e-05,0
21465.0,21470.0,21467.5,1.043296e-05,5.21648e-05,0
21490.0,21495.0,21492.5,9.66184e-06,4.83092e-05,0
21530.0,21535.0,21532.5,7.27008e-06,3.63504e-05,0
21605.0,21610.0,21607.5,9.66184e-06,4.83092e-05,0
21625.0,21630.0,21627.5,7.88022e-06,3.94011e-05,0
21640.0,21645.0,21642.5,9.66184e-06,4.83092e-05,0
21660.0,21665.0,21662.5,6.93e-06,3.465e-05,0
21670.0,21675.0,21672.5,8.08734e-06,4.04367e-05,0
21685.0,21690.0,21687.5,8.08734e-06,4.04367e-05,0
21715.0,21720.0,21717.5,9.66184e-06,4.83092e-05,0
21815.0,21820.0,21817.5,7.27008e-06,3.63504e-05,0
21865.0,21870.0,21867.5,9.66184e-06,4.83092e-05,0
21910.0,21915.0,21912.5,2.194736e-05,0.0001097368,0
21920.0,21925.0,21922.5,1.043296e-05,5.21648e-05,0
21980.0,21985.0,21982.5,8.08734e-06,4.04367e-05,0
22035.0,22040.0,22037.5,8.08734e-06,4.04367e-05,0
22045.0,22050.0,22047.5,9.66184e-06,4.83092e-05,0
22050.0,22055.0,22052.5,9.66184e-06,4.83092e-05,0
22070.0,22075.0,22072.5,6.93e-06,3.465e-05,0
22080.0,22085.0,22082.5,9.10332e-06,4.55166e-05,0
22085.0,22090.0,22087.5,6.93e-06,3.465e-05,0
22155.0,22160.0,22157.5,9.10332e-06,4.55166e-05,0
22245.0,22250.0,22247.5,7.88022e-06,3.94011e-05,0
22250.0,22255.0,22252.5,9.10332e-06,4.55166e-05,0
22315.0,22320.0,22317.5,1.043296e-05,5.21648e-05,0
22345.0,22350.0,22347.5,6.93e-06,3.465e-05,0
22360.0,22365.0,22362.5,8.08734e-06,4.04367e-05,0
22375.0,22380.0,22377.5,9.66184e-06,4.83092e-05,0
22500.0,22505.0,22502.5,1.043296e-05,5.21648e-05,0
22540.0,22545.0,22542.5,1.043296e-05,5.21648e-05,0
22550.0,22555.0,22552.5,7.27008e-06,3.63504e-05,0
22570.0,22575.0,22572.5,1.876516e-05,9.38258e-05,0
22665.0,22670.0,22667.5,8.08734e-06,4.04367e-05,0
22670.0,22675.0,22672.5,8.08734e-06,4.04367e-05,0
22715.0,22720.0,22717.5,1.043296e-05,5.21648e-05,0
22760.0,22765.0,22762.5,1.659184e-05,8.29592e-05,0
22820.0,22825.0,22822.5,6.93e-06,3.465e-05,0
22885.0,22890.0,22887.5,7.88022e-06,3.94011e-05,0
22945.0,22950.0,22947.5,2.00948e-05,0.000100474,0
22990.0,22995.0,22992.5,9.10332e-06,4.55166e-05,0
23005.0,23010.0,23007.5,6.93e-06,3.465e-05,0
23175.0,23180.0,23177.5,1.617468e-05,8.08734e-05,0
23280.0,23285.0,23282.5,6.93e-06,3.465e-05,0
23335.0,23340.0,23337.5,8.08734e-06,4.04367e-05,0
23340.0,23345.0,23342.5,7.27008e-06,3.63504e-05,0
23350.0,23355.0,23352.5,8.08734e-06,4.04367e-05,0
23385.0,23390.0,23387.5,6.93e-06,3.465e-05,0
23495.0,23500.0,23497.5,1.501734e-05,7.50867e-05,0
23505.0,23510.0,23507.5,1.932368e-05,9.66184e-05,0
23515.0,23520.0,23517.5,8.08734e-06,4.04367e-05,0
23615.0,23620.0,23617.5,1.603332e-05,8.01666e-05,0
23620.0,23625.0,23622.5,8.08734e-06,4.04367e-05,0
23850.0,23855.0,23852.5,9.10332e-06,4.55166e-05,0
23900.0,23905.0,23902.5,9.10332e-06,4.55166e-05,0
23920.0,23925.0,23922.5,7.27008e-06,3.63504e-05,0
23945.0,23950.0,23947.5,9.10332e-06,4.55166e-05,0
23960.0,23965.0,23962.5,9.10332e-06,4.55166e-05,0
24080.0,24085.0,24082.5,8.08734e-06,4.04367e-05,0
24145.0,24150.0,24147.5,8.08734e-06,4.04367e-05,0
24160.0,24165.0,24162.5,8.08734e-06,4.04367e-05,0
24275.0,24280.0,24277.5,4.97884e-06,2.48942e-05,0
24325.0,24330.0,24327.5,6.93e-06,3.465e-05,0
24355.0,24360.0,24357.5,6.93e-06,3.465e-05,0
24365.0,24370.0,24367.5,1.043296e-05,5.21648e-05,0
24395.0,24400.0,24397.5,8.08734e-06,4.04367e-05,0
24460.0,24465.0,24462.5,7.27008e-06,3.63504e-05,0
24560.0,24565.0,24562.5,8.08734e-06,4.04367e-05,0
24625.0,24630.0,24627.5,9.10332e-06,4.55166e-05,0
24630.0,24635.0,24632.5,1.043296e-05,5.21648e-05,0
24770.0,24775.0,24772.5,6.93e-06,3.465e-05,0
24850.0,24855.0,24852.5,1.043296e-05,5.21648e-05,0
24875.0,24880.0,24877.5,7.27008e-06,3.63504e-05,0
25035.0,25040.0,25037.5,6.93e-06,3.465e-05,0
25130.0,25135.0,25132.5,6.93e-06,3.465e-05,0
25370.0,25375.0,25372.5,8.08734e-06,4.04367e-05,0
25495.0,25500.0,25497.5,8.08734e-06,4.04367e-05,0
25630.0,25635.0,25632.5,7.27008e-06,3.63504e-05,0
25680.0,25685.0,25682.5,6.93e-06,3.465e-05,0
25690.0,25695.0,25692.5,8.08734e-06,4.04367e-05,0
25755.0,25760.0,25757.5,7.27008e-06,3.63504e-05,0
25790.0,25795.0,25792.5,9.10332e-06,4.55166e-05,0
25895.0,25900.0,25897.5,9.10332e-06,4.55166e-05,0
25920.0,25925.0,25922.5,6.93e-06,3.465e-05,0
25935.0,25940.0,25937.5,6.93e-06,3.465e-05,0
25990.0,25995.0,25992.5,9.66184e-06,4.83092e-05,0
25995.0,26000.0,25997.5,8.08734e-06,4.04367e-05,0
26075.0,26080.0,26077.5,8.08734e-06,4.04367e-05,0
26125.0,26130.0,26127.5,1.043296e-05,5.21648e-05,0
26130.0,26135.0,26132.5,8.08734e-06,4.04367e-05,0
26185.0,26190.0,26187.5,6.93e-06,3.465e-05,0
26230.0,26235.0,26232.5,8.08734e-06,4.04367e-05,0
26365.0,26370.0,26367.5,6.93e-06,3.465e-05,0
26440.0,26445.0,26442.5,6.93e-06,3.465e-05,0
26465.0,26470.0,26467.5,8.08734e-06,4.04367e-05,0
26495.0,26500.0,26497.5,9.10332e-06,4.55166e-05,0
26525.0,26530.0,26527.5,6.93e-06,3.465e-05,0
26585.0,26590.0,26587.5,7.27008e-06,3.63504e-05,0
26605.0,26610.0,26607.5,9.10332e-06,4.55166e-05,0
26810.0,26815.0,26812.5,9.10332e-06,4.55166e-05,0
26925.0,26930.0,26927.5,7.88022e-06,3.94011e-05,0
27060.0,27065.0,27062.5,8.08734e-06,4.04367e-05,0
27210.0,27215.0,27212.5,9.10332e-06,4.55166e-05,0
27405.0,27410.0,27407.5,6.93e-06,3.465e-05,0
27815.0,27820.0,27817.5,8.08734e-06,4.04367e-05,0
28395.0,28400.0,28397.5,7.27008e-06,3.63504e-05,0
28465.0,28470.0,28467.5,8.08734e-06,4.04367e-05,0
28590.0,28595.0,28592.5,7.88022e-06,3.94011e-05,0
28895.0,28900.0,28897.5,9.10332e-06,4.55166e-05,0
29430.0,29435.0,29432.5,8.08734e-06,4.04367e-05,0
29930.0,29935.0,29932.5,8.08734e-06,4.04367e-05,0
30275.0,30280.0,30277.5,8.08734e-06,4.04367e-05,0
30505.0,30510.0,30507.5,8.08734e-06,4.04367e-05,0
