bin_start_us,bin_end_us,bin_mid_us,pdf_per_us,probability,count
250.0,255.0,252.5,2.0310239e-05,0.00010155119,16
255.0,260.0,257.5,5.9661327e-05,0.00029830663,47
260.0,265.0,262.5,3.9351088e-05,0.00019675544,31
265.0,270.0,267.5,5.9661327e-05,0.00029830663,47
270.0,275.0,272.5,5.4583767e-05,0.00027291884,43
275.0,280.0,277.5,6.2200107e-05,0.00031100053,49
280.0,285.0,282.5,4.5698038e-05,0.00022849019,36
285.0,290.0,287.5,3.6812308e-05,0.00018406154,29
290.0,295.0,292.5,4.8236817e-05,0.00024118409,38
295.0,300.0,297.5,5.5853157e-05,0.00027926578,44
300.0,305.0,302.5,5.0775597e-05,0.00025387799,40
305.0,310.0,307.5,5.0775597e-05,0.00025387799,40
310.0,315.0,312.5,4.6967427e-05,0.00023483714,37
315.0,320.0,317.5,6.3469497e-05,0.00031734748,50
320.0,325.0,322.5,4.6967427e-05,0.00023483714,37
325.0,330.0,327.5,4.9506207e-05,0.00024753104,39
330.0,335.0,332.5,4.8236817e-05,0.00024118409,38
335.0,340.0,337.5,6.7277666e-05,0.00033638833,53
340.0,345.0,342.5,3.8081698e-05,0.00019040849,30
345.0,350.0,347.5,5.2044987e-05,0.00026022494,41
350.0,355.0,352.5,6.6008276e-05,0.00033004138,52
355.0,360.0,357.5,3.4273528e-05,0.00017136764,27
360.0,365.0,362.5,4.8236817e-05,0.00024118409,38
365.0,370.0,367.5,4.0620478e-05,0.00020310239,32
370.0,375.0,372.5,4.1889868e-05,0.00020944934,33
375.0,380.0,377.5,4.6967427e-05,0.00023483714,37
380.0,385.0,382.5,0.0021071873,0.010535936,1660
385.0,390.0,387.5,0.001793648,0.0089682399,1413
390.0,395.0,392.5,0.00051029475,0.0025514738,402
395.0,400.0,397.5,0.00053060499,0.002653025,418
400.0,405.0,402.5,0.00047602122,0.0023801061,375
405.0,410.0,407.5,0.00042651502,0.0021325751,336
410.0,415.0,412.5,0.00040874356,0.0020437178,322
415.0,420.0,417.5,0.00022468202,0.0011234101,177
420.0,425.0,422.5,0.00025514738,0.0012757369,201
425.0,430.0,427.5,0.0002272208,0.001136104,179
430.0,435.0,432.5,0.000201833,0.001009165,159
435.0,440.0,437.5,0.00020056361,0.001002818,158
440.0,445.0,442.5,0.00019294727,0.00096473635,152
445.0,450.0,447.5,0.00023864531,0.0011932265,188
450.0,455.0,452.5,0.00024626165,0.0012313082,194
455.0,460.0,457.5,0.00022975958,0.0011487979,181
460.0,465.0,462.5,0.00023483714,0.0011741857,185
465.0,470.0,467.5,0.00021325751,0.0010662875,168
470.0,475.0,472.5,0.00022595141,0.001129757,178
475.0,480.0,477.5,0.00027291884,0.0013645942,215
480.0,485.0,482.5,0.00019548605,0.00097743025,154
485.0,490.0,487.5,0.00019040849,0.00095204245,150
490.0,495.0,492.5,0.00019421666,0.0009710833,153
495.0,500.0,497.5,0.00015232679,0.00076163396,120
500.0,505.0,502.5,0.0001891391,0.0009456955,149
505.0,510.0,507.5,0.00015359618,0.00076798091,121
510.0,515.0,512.5,0.00017898398,0.0008949199,141
515.0,520.0,517.5,0.00018533093,0.00092665465,146
520.0,525.0,522.5,0.014831552,0.07415776,11684
525.0,530.0,527.5,0.00020944934,0.0010472467,165
530.0,535.0,532.5,0.00018533093,0.00092665465,146
535.0,540.0,537.5,0.00020691056,0.0010345528,163
540.0,545.0,542.5,0.00023737592,0.0011868796,187
545.0,550.0,547.5,0.00020817995,0.0010408997,164
550.0,555.0,552.5,0.00018279215,0.00091396075,144
555.0,560.0,557.5,0.00022341263,0.0011170631,176
560.0,565.0,562.5,0.00021071873,0.0010535936,166
565.0,570.0,567.5,0.00021579629,0.0010789814,170
570.0,575.0,572.5,0.00020691056,0.0010345528,163
575.0,580.0,577.5,0.00020437178,0.0010218589,161
580.0,585.0,582.5,0.00021198812,0.0010599406,167
585.0,590.0,587.5,0.00017390642,0.0008695321,137
590.0,595.0,592.5,0.00019167788,0.0009583894,151
595.0,600.0,597.5,0.00018152276,0.0009076138,143
600.0,605.0,602.5,0.00018152276,0.0009076138,143
605.0,610.0,607.5,0.00020310239,0.0010155119,160
610.0,615.0,612.5,0.00019294727,0.00096473635,152
615.0,620.0,617.5,0.00016502069,0.00082510346,130
620.0,625.0,622.5,0.00019675544,0.0009837772,155
625.0,630.0,627.5,0.00019294727,0.00096473635,152
630.0,635.0,632.5,0.00019040849,0.00095204245,150
635.0,640.0,637.5,0.00019548605,0.00097743025,154
640.0,645.0,642.5,0.00022341263,0.0011170631,176
645.0,650.0,647.5,0.00022849019,0.0011424509,180
650.0,655.0,652.5,0.00020944934,0.0010472467,165
655.0,660.0,657.5,0.00036685369,0.0018342685,289
660.0,665.0,662.5,0.00029576785,0.0014788393,233
665.0,670.0,667.5,0.0019650156,0.0098250781,1548
670.0,675.0,672.5,0.00028434334,0.0014217167,224
675.0,680.0,677.5,0.00015359618,0.00076798091,121
680.0,685.0,682.5,0.00026022494,0.0013011247,205
685.0,690.0,687.5,0.00017517581,0.00087587905,138
690.0,695.0,692.5,0.0001891391,0.0009456955,149
695.0,700.0,697.5,0.00018786971,0.00093934855,148
700.0,705.0,702.5,0.00022087385,0.0011043692,174
705.0,710.0,707.5,0.00018025337,0.00090126685,142
710.0,715.0,712.5,0.00019548605,0.00097743025,154
715.0,720.0,717.5,0.0001764452,0.000882226,139
720.0,725.0,722.5,0.00028307395,0.0014153698,223
725.0,730.0,727.5,0.00031353931,0.0015676966,247
730.0,735.0,732.5,0.00018279215,0.00091396075,144
735.0,740.0,737.5,0.0002145269,0.0010726345,169
740.0,745.0,742.5,0.00020310239,0.0010155119,160
745.0,750.0,747.5,0.00023610653,0.0011805326,186
750.0,755.0,752.5,0.00019929422,0.0009964711,157
755.0,760.0,757.5,0.00022468202,0.0011234101,177
760.0,765.0,762.5,0.00016502069,0.00082510346,130
765.0,770.0,767.5,0.00019929422,0.0009964711,157
770.0,775.0,772.5,0.0001891391,0.0009456955,149
775.0,780.0,777.5,0.00016755947,0.00083779735,132
780.0,785.0,782.5,0.0001891391,0.0009456955,149
785.0,790.0,787.5,0.00018660032,0.0009330016,147
790.0,795.0,792.5,0.00019548605,0.00097743025,154
795.0,800.0,797.5,0.00017771459,0.00088857295,140
800.0,805.0,802.5,0.0001637513,0.00081875651,129
805.0,810.0,807.5,0.00019802483,0.00099012415,156
810.0,815.0,812.5,0.00037066186,0.0018533093,292
815.0,820.0,817.5,0.0040442763,0.020221382,3186
820.0,825.0,822.5,0.00015359618,0.00076798091,121
825.0,830.0,827.5,0.00018152276,0.0009076138,143
830.0,835.0,832.5,0.00019675544,0.0009837772,155
835.0,840.0,837.5,0.00020944934,0.0010472467,165
840.0,845.0,842.5,0.00018025337,0.00090126685,142
845.0,850.0,847.5,0.00021579629,0.0010789814,170
850.0,855.0,852.5,0.00018025337,0.00090126685,142
855.0,860.0,857.5,0.00023229836,0.0011614918,183
860.0,865.0,862.5,0.00022849019,0.0011424509,180
865.0,870.0,867.5,0.00013963289,0.00069816446,110
870.0,875.0,872.5,0.00014344106,0.00071720531,113
875.0,880.0,877.5,0.00012693899,0.00063469497,100
880.0,885.0,882.5,0.00013074716,0.00065373581,103
885.0,890.0,887.5,0.00013709411,0.00068547056,108
890.0,895.0,892.5,0.00014978801,0.00074894006,118
895.0,900.0,897.5,0.00012820838,0.00064104192,101
900.0,905.0,902.5,0.00014090228,0.00070451141,111
905.0,910.0,907.5,0.0001383635,0.00069181751,109
910.0,915.0,912.5,0.00012059204,0.00060296022,95
915.0,920.0,917.5,0.0001510574,0.00075528701,119
920.0,925.0,922.5,0.00014217167,0.00071085836,112
925.0,930.0,927.5,0.00015359618,0.00076798091,121
930.0,935.0,932.5,0.00012186143,0.00060930717,96
935.0,940.0,937.5,0.00016502069,0.00082510346,130
940.0,945.0,942.5,0.00014597984,0.00072989921,115
945.0,950.0,947.5,0.00023102897,0.0011551448,182
950.0,955.0,952.5,0.00017517581,0.00087587905,138
955.0,960.0,957.5,0.00020056361,0.001002818,158
960.0,965.0,962.5,0.0016260885,0.0081304425,1281
965.0,970.0,967.5,0.00016882886,0.0008441443,133
970.0,975.0,972.5,0.00016248191,0.00081240956,128
975.0,980.0,977.5,0.00011170631,0.00055853157,88
980.0,985.0,982.5,0.00012059204,0.00060296022,95
985.0,990.0,987.5,0.00014090228,0.00070451141,111
990.0,995.0,992.5,0.00013455533,0.00067277666,106
995.0,1000.0,997.5,0.00014851862,0.00074259311,117
1000.0,1005.0,1002.5,0.00014217167,0.00071085836,112
1005.0,1010.0,1007.5,0.00013074716,0.00065373581,103
1010.0,1015.0,1012.5,0.00017517581,0.00087587905,138
1015.0,1020.0,1017.5,0.00014978801,0.00074894006,118
1020.0,1025.0,1022.5,0.0001510574,0.00075528701,119
1025.0,1030.0,1027.5,0.00011932265,0.00059661327,94
1030.0,1035.0,1032.5,0.0001383635,0.00069181751,109
1035.0,1040.0,1037.5,0.00011424509,0.00057122547,90
1040.0,1045.0,1042.5,0.00012313082,0.00061565412,97
1045.0,1050.0,1047.5,0.00013709411,0.00068547056,108
1050.0,1055.0,1052.5,0.00013201655,0.00066008276,104
1055.0,1060.0,1057.5,0.00011805326,0.00059026632,93
1060.0,1065.0,1062.5,9.7743025e-05,0.00048871512,77
1065.0,1070.0,1067.5,0.00015740435,0.00078702176,124
1070.0,1075.0,1072.5,0.00011043692,0.00055218462,87
1075.0,1080.0,1077.5,0.00013582472,0.00067912361,107
1080.0,1085.0,1082.5,0.00012313082,0.00061565412,97
1085.0,1090.0,1087.5,0.00010282058,0.00051410292,81
1090.0,1095.0,1092.5,0.00012820838,0.00064104192,101
1095.0,1100.0,1097.5,0.00014090228,0.00070451141,111
1100.0,1105.0,1102.5,0.0019624768,0.0098123842,1546
1105.0,1110.0,1107.5,0.00013074716,0.00065373581,103
1110.0,1115.0,1112.5,0.00022468202,0.0011234101,177
1115.0,1120.0,1117.5,0.00012693899,0.00063469497,100
1120.0,1125.0,1122.5,0.00018533093,0.00092665465,146
1125.0,1130.0,1127.5,0.00014471045,0.00072355226,114
1130.0,1135.0,1132.5,0.0001510574,0.00075528701,119
1135.0,1140.0,1137.5,0.00013709411,0.00068547056,108
1140.0,1145.0,1142.5,0.00012059204,0.00060296022,95
1145.0,1150.0,1147.5,0.00018279215,0.00091396075,144
1150.0,1155.0,1152.5,0.00014090228,0.00070451141,111
1155.0,1160.0,1157.5,0.00015867374,0.00079336871,125
1160.0,1165.0,1162.5,0.00011424509,0.00057122547,90
1165.0,1170.0,1167.5,0.00012820838,0.00064104192,101
1170.0,1175.0,1172.5,0.00012820838,0.00064104192,101
1175.0,1180.0,1177.5,0.00012820838,0.00064104192,101
1180.0,1185.0,1182.5,0.00015867374,0.00079336871,125
1185.0,1190.0,1187.5,0.00012693899,0.00063469497,100
1190.0,1195.0,1192.5,0.00014471045,0.00072355226,114
1195.0,1200.0,1197.5,0.00011043692,0.00055218462,87
1200.0,1205.0,1202.5,0.00015740435,0.00078702176,124
1205.0,1210.0,1207.5,0.00012059204,0.00060296022,95
1210.0,1215.0,1212.5,0.00014978801,0.00074894006,118
1215.0,1220.0,1217.5,0.00012313082,0.00061565412,97
1220.0,1225.0,1222.5,0.00013328594,0.00066642971,105
1225.0,1230.0,1227.5,0.00015613496,0.00078067481,123
1230.0,1235.0,1232.5,0.00010535936,0.00052679682,83
1235.0,1240.0,1237.5,0.00013709411,0.00068547056,108
1240.0,1245.0,1242.5,0.00015359618,0.00076798091,121
1245.0,1250.0,1247.5,0.0010764427,0.0053822133,848
1250.0,1255.0,1252.5,0.00013963289,0.00069816446,110
1255.0,1260.0,1257.5,0.00019167788,0.0009583894,151
1260.0,1265.0,1262.5,0.00013074716,0.00065373581,103
1265.0,1270.0,1267.5,0.00015867374,0.00079336871,125
1270.0,1275.0,1272.5,0.00013455533,0.00067277666,106
1275.0,1280.0,1277.5,0.00011551448,0.00057757242,91
1280.0,1285.0,1282.5,0.0001256696,0.00062834802,99
1285.0,1290.0,1287.5,0.0001129757,0.00056487852,89
1290.0,1295.0,1292.5,0.00013074716,0.00065373581,103
1295.0,1300.0,1297.5,0.00010789814,0.00053949072,85
1300.0,1305.0,1302.5,0.00014344106,0.00071720531,113
1305.0,1310.0,1307.5,0.00017390642,0.0008695321,137
1310.0,1315.0,1312.5,0.00012693899,0.00063469497,100
1315.0,1320.0,1317.5,0.00013455533,0.00067277666,106
1320.0,1325.0,1322.5,0.00010155119,0.00050775597,80
1325.0,1330.0,1327.5,9.7743025e-05,0.00048871512,77
1330.0,1335.0,1332.5,0.00013074716,0.00065373581,103
1335.0,1340.0,1337.5,0.00010535936,0.00052679682,83
1340.0,1345.0,1342.5,9.5204245e-05,0.00047602122,75
1345.0,1350.0,1347.5,0.00013709411,0.00068547056,108
1350.0,1355.0,1352.5,0.00010282058,0.00051410292,81
1355.0,1360.0,1357.5,0.0001383635,0.00069181751,109
1360.0,1365.0,1362.5,0.0001129757,0.00056487852,89
1365.0,1370.0,1367.5,0.0001129757,0.00056487852,89
1370.0,1375.0,1372.5,0.00013709411,0.00068547056,108
1375.0,1380.0,1377.5,0.00013074716,0.00065373581,103
1380.0,1385.0,1382.5,0.00013201655,0.00066008276,104
1385.0,1390.0,1387.5,0.00013328594,0.00066642971,105
1390.0,1395.0,1392.5,0.00047729061,0.0023864531,376
1395.0,1400.0,1397.5,0.00022214324,0.0011107162,175
1400.0,1405.0,1402.5,0.00011932265,0.00059661327,94
1405.0,1410.0,1407.5,0.00034654345,0.0017327173,273
1410.0,1415.0,1412.5,0.00013328594,0.00066642971,105
1415.0,1420.0,1417.5,9.9012415e-05,0.00049506207,78
1420.0,1425.0,1422.5,0.00012313082,0.00061565412,97
1425.0,1430.0,1427.5,0.00011043692,0.00055218462,87
1430.0,1435.0,1432.5,0.00013074716,0.00065373581,103
1435.0,1440.0,1437.5,0.00013455533,0.00067277666,106
1440.0,1445.0,1442.5,0.00013328594,0.00066642971,105
1445.0,1450.0,1447.5,0.00010916753,0.00054583767,86
1450.0,1455.0,1452.5,0.00014090228,0.00070451141,111
1455.0,1460.0,1457.5,8.3779735e-05,0.00041889868,66
1460.0,1465.0,1462.5,0.00011424509,0.00057122547,90
1465.0,1470.0,1467.5,0.00011170631,0.00055853157,88
1470.0,1475.0,1472.5,0.00011932265,0.00059661327,94
1475.0,1480.0,1477.5,0.00011043692,0.00055218462,87
1480.0,1485.0,1482.5,0.00011932265,0.00059661327,94
1485.0,1490.0,1487.5,0.00010408997,0.00052044987,82
1490.0,1495.0,1492.5,0.00012693899,0.00063469497,100
1495.0,1500.0,1497.5,0.00010916753,0.00054583767,86
1500.0,1505.0,1502.5,0.00012947777,0.00064738886,102
1505.0,1510.0,1507.5,0.00012820838,0.00064104192,101
1510.0,1515.0,1512.5,0.00011932265,0.00059661327,94
1515.0,1520.0,1517.5,0.00012313082,0.00061565412,97
1520.0,1525.0,1522.5,0.00012059204,0.00060296022,95
1525.0,1530.0,1527.5,0.00011678387,0.00058391937,92
1530.0,1535.0,1532.5,0.00010408997,0.00052044987,82
1535.0,1540.0,1537.5,0.00021579629,0.0010789814,170
1540.0,1545.0,1542.5,0.00017898398,0.0008949199,141
1545.0,1550.0,1547.5,0.00015232679,0.00076163396,120
1550.0,1555.0,1552.5,0.00026403311,0.0013201655,208
1555.0,1560.0,1557.5,0.00012313082,0.00061565412,97
1560.0,1565.0,1562.5,9.1396075e-05,0.00045698038,72
1565.0,1570.0,1567.5,0.00013074716,0.00065373581,103
1570.0,1575.0,1572.5,9.6473635e-05,0.00048236817,76
1575.0,1580.0,1577.5,0.00010535936,0.00052679682,83
1580.0,1585.0,1582.5,0.00011678387,0.00058391937,92
1585.0,1590.0,1587.5,0.0001129757,0.00056487852,89
1590.0,1595.0,1592.5,8.3779735e-05,0.00041889868,66
1595.0,1600.0,1597.5,0.00012186143,0.00060930717,96
1600.0,1605.0,1602.5,0.0001256696,0.00062834802,99
1605.0,1610.0,1607.5,0.00010789814,0.00053949072,85
1610.0,1615.0,1612.5,0.00012820838,0.00064104192,101
1615.0,1620.0,1617.5,0.00010789814,0.00053949072,85
1620.0,1625.0,1622.5,0.00012059204,0.00060296022,95
1625.0,1630.0,1627.5,0.00012313082,0.00061565412,97
1630.0,1635.0,1632.5,0.00010408997,0.00052044987,82
1635.0,1640.0,1637.5,0.00011805326,0.00059026632,93
1640.0,1645.0,1642.5,0.0001129757,0.00056487852,89
1645.0,1650.0,1647.5,0.00012186143,0.00060930717,96
1650.0,1655.0,1652.5,0.00012440021,0.00062200107,98
1655.0,1660.0,1657.5,0.00011932265,0.00059661327,94
1660.0,1665.0,1662.5,0.00011678387,0.00058391937,92
1665.0,1670.0,1667.5,0.00011424509,0.00057122547,90
1670.0,1675.0,1672.5,9.7743025e-05,0.00048871512,77
1675.0,1680.0,1677.5,9.0126685e-05,0.00045063343,71
1680.0,1685.0,1682.5,0.00018406154,0.0009203077,145
1685.0,1690.0,1687.5,0.00010535936,0.00052679682,83
1690.0,1695.0,1692.5,0.00014344106,0.00071720531,113
1695.0,1700.0,1697.5,0.00019802483,0.00099012415,156
1700.0,1705.0,1702.5,9.2665465e-05,0.00046332732,73
1705.0,1710.0,1707.5,9.0126685e-05,0.00045063343,71
1710.0,1715.0,1712.5,0.00010662875,0.00053314377,84
1715.0,1720.0,1717.5,9.0126685e-05,0.00045063343,71
1720.0,1725.0,1722.5,9.7743025e-05,0.00048871512,77
1725.0,1730.0,1727.5,7.9971566e-05,0.00039985783,63
1730.0,1735.0,1732.5,0.00012440021,0.00062200107,98
1735.0,1740.0,1737.5,0.00012947777,0.00064738886,102
1740.0,1745.0,1742.5,0.00012947777,0.00064738886,102
1745.0,1750.0,1747.5,0.00010789814,0.00053949072,85
1750.0,1755.0,1752.5,8.2510346e-05,0.00041255173,65
1755.0,1760.0,1757.5,9.3934855e-05,0.00046967427,74
1760.0,1765.0,1762.5,0.00012313082,0.00061565412,97
1765.0,1770.0,1767.5,0.00010662875,0.00053314377,84
1770.0,1775.0,1772.5,8.3779735e-05,0.00041889868,66
1775.0,1780.0,1777.5,7.9971566e-05,0.00039985783,63
1780.0,1785.0,1782.5,0.00011043692,0.00055218462,87
1785.0,1790.0,1787.5,8.7587905e-05,0.00043793953,69
1790.0,1795.0,1792.5,0.00011424509,0.00057122547,90
1795.0,1800.0,1797.5,9.0126685e-05,0.00045063343,71
1800.0,1805.0,1802.5,9.3934855e-05,0.00046967427,74
1805.0,1810.0,1807.5,0.0001256696,0.00062834802,99
1810.0,1815.0,1812.5,0.00010155119,0.00050775597,80
1815.0,1820.0,1817.5,9.2665465e-05,0.00046332732,73
1820.0,1825.0,1822.5,0.00010662875,0.00053314377,84
1825.0,1830.0,1827.5,0.00013582472,0.00067912361,107
1830.0,1835.0,1832.5,9.1396075e-05,0.00045698038,72
1835.0,1840.0,1837.5,0.00015359618,0.00076798091,121
1840.0,1845.0,1842.5,0.0001383635,0.00069181751,109
1845.0,1850.0,1847.5,0.00013074716,0.00065373581,103
1850.0,1855.0,1852.5,8.8857295e-05,0.00044428648,70
1855.0,1860.0,1857.5,0.00010662875,0.00053314377,84
1860.0,1865.0,1862.5,0.00010282058,0.00051410292,81
1865.0,1870.0,1867.5,7.9971566e-05,0.00039985783,63
1870.0,1875.0,1872.5,9.9012415e-05,0.00049506207,78
1875.0,1880.0,1877.5,0.0001129757,0.00056487852,89
1880.0,1885.0,1882.5,9.1396075e-05,0.00045698038,72
1885.0,1890.0,1887.5,0.00011932265,0.00059661327,94
1890.0,1895.0,1892.5,9.1396075e-05,0.00045698038,72
1895.0,1900.0,1897.5,0.00010155119,0.00050775597,80
1900.0,1905.0,1902.5,0.00010789814,0.00053949072,85
1905.0,1910.0,1907.5,0.00011805326,0.00059026632,93
1910.0,1915.0,1912.5,0.00010535936,0.00052679682,83
1915.0,1920.0,1917.5,6.3469497e-05,0.00031734748,50
1920.0,1925.0,1922.5,0.00011805326,0.00059026632,93
1925.0,1930.0,1927.5,0.0001002818,0.00050140902,79
1930.0,1935.0,1932.5,8.1240956e-05,0.00040620478,64
1935.0,1940.0,1937.5,0.00010408997,0.00052044987,82
1940.0,1945.0,1942.5,0.00010789814,0.00053949072,85
1945.0,1950.0,1947.5,0.00010916753,0.00054583767,86
1950.0,1955.0,1952.5,0.00010662875,0.00053314377,84
1955.0,1960.0,1957.5,9.3934855e-05,0.00046967427,74
1960.0,1965.0,1962.5,9.6473635e-05,0.00048236817,76
1965.0,1970.0,1967.5,7.8702176e-05,0.00039351088,62
1970.0,1975.0,1972.5,0.00010789814,0.00053949072,85
1975.0,1980.0,1977.5,0.00012059204,0.00060296022,95
1980.0,1985.0,1982.5,0.00013455533,0.00067277666,106
1985.0,1990.0,1987.5,0.00010662875,0.00053314377,84
1990.0,1995.0,1992.5,0.00010535936,0.00052679682,83
1995.0,2000.0,1997.5,6.8547056e-05,0.00034273528,54
2000.0,2005.0,2002.5,9.2665465e-05,0.00046332732,73
2005.0,2010.0,2007.5,9.9012415e-05,0.00049506207,78
2010.0,2015.0,2012.5,0.00010916753,0.00054583767,86
2015.0,2020.0,2017.5,9.5204245e-05,0.00047602122,75
2020.0,2025.0,2022.5,9.0126685e-05,0.00045063343,71
2025.0,2030.0,2027.5,0.00010916753,0.00054583767,86
2030.0,2035.0,2032.5,0.00011551448,0.00057757242,91
2035.0,2040.0,2037.5,8.5049125e-05,0.00042524563,67
2040.0,2045.0,2042.5,0.00011170631,0.00055853157,88
2045.0,2050.0,2047.5,8.8857295e-05,0.00044428648,70
2050.0,2055.0,2052.5,9.5204245e-05,0.00047602122,75
2055.0,2060.0,2057.5,9.6473635e-05,0.00048236817,76
2060.0,2065.0,2062.5,9.6473635e-05,0.00048236817,76
2065.0,2070.0,2067.5,9.2665465e-05,0.00046332732,73
2070.0,2075.0,2072.5,0.00011551448,0.00057757242,91
2075.0,2080.0,2077.5,0.00011678387,0.00058391937,92
2080.0,2085.0,2082.5,0.00012186143,0.00060930717,96
2085.0,2090.0,2087.5,8.3779735e-05,0.00041889868,66
2090.0,2095.0,2092.5,9.0126685e-05,0.00045063343,71
2095.0,2100.0,2097.5,9.9012415e-05,0.00049506207,78
2100.0,2105.0,2102.5,9.1396075e-05,0.00045698038,72
2105.0,2110.0,2107.5,7.6163396e-05,0.00038081698,60
2110.0,2115.0,2112.5,8.8857295e-05,0.00044428648,70
2115.0,2120.0,2117.5,8.7587905e-05,0.00043793953,69
2120.0,2125.0,2122.5,0.00010662875,0.00053314377,84
2125.0,2130.0,2127.5,0.0001002818,0.00050140902,79
2130.0,2135.0,2132.5,9.2665465e-05,0.00046332732,73
2135.0,2140.0,2137.5,0.00010408997,0.00052044987,82
2140.0,2145.0,2142.5,7.7432786e-05,0.00038716393,61
2145.0,2150.0,2147.5,8.3779735e-05,0.00041889868,66
2150.0,2155.0,2152.5,7.1085836e-05,0.00035542918,56
2155.0,2160.0,2157.5,9.7743025e-05,0.00048871512,77
2160.0,2165.0,2162.5,8.3779735e-05,0.00041889868,66
2165.0,2170.0,2167.5,8.5049125e-05,0.00042524563,67
2170.0,2175.0,2172.5,0.00010662875,0.00053314377,84
2175.0,2180.0,2177.5,0.0001129757,0.00056487852,89
2180.0,2185.0,2182.5,0.00010916753,0.00054583767,86
2185.0,2190.0,2187.5,8.3779735e-05,0.00041889868,66
2190.0,2195.0,2192.5,8.8857295e-05,0.00044428648,70
2195.0,2200.0,2197.5,0.00010408997,0.00052044987,82
2200.0,2205.0,2202.5,0.00010789814,0.00053949072,85
2205.0,2210.0,2207.5,7.4894006e-05,0.00037447003,59
2210.0,2215.0,2212.5,7.9971566e-05,0.00039985783,63
2215.0,2220.0,2217.5,8.8857295e-05,0.00044428648,70
2220.0,2225.0,2222.5,9.5204245e-05,0.00047602122,75
2225.0,2230.0,2227.5,0.00010155119,0.00050775597,80
2230.0,2235.0,2232.5,0.00010155119,0.00050775597,80
2235.0,2240.0,2237.5,0.00010282058,0.00051410292,81
2240.0,2245.0,2242.5,9.7743025e-05,0.00048871512,77
2245.0,2250.0,2247.5,8.3779735e-05,0.00041889868,66
2250.0,2255.0,2252.5,9.0126685e-05,0.00045063343,71
2255.0,2260.0,2257.5,8.2510346e-05,0.00041255173,65
2260.0,2265.0,2262.5,9.9012415e-05,0.00049506207,78
2265.0,2270.0,2267.5,8.3779735e-05,0.00041889868,66
2270.0,2275.0,2272.5,9.0126685e-05,0.00045063343,71
2275.0,2280.0,2277.5,0.00011170631,0.00055853157,88
2280.0,2285.0,2282.5,9.7743025e-05,0.00048871512,77
2285.0,2290.0,2287.5,8.3779735e-05,0.00041889868,66
2290.0,2295.0,2292.5,9.6473635e-05,0.00048236817,76
2295.0,2300.0,2297.5,8.5049125e-05,0.00042524563,67
2300.0,2305.0,2302.5,7.9971566e-05,0.00039985783,63
2305.0,2310.0,2307.5,8.1240956e-05,0.00040620478,64
2310.0,2315.0,2312.5,0.00010789814,0.00053949072,85
2315.0,2320.0,2317.5,8.5049125e-05,0.00042524563,67
2320.0,2325.0,2322.5,7.9971566e-05,0.00039985783,63
2325.0,2330.0,2327.5,0.00011678387,0.00058391937,92
2330.0,2335.0,2332.5,9.3934855e-05,0.00046967427,74
2335.0,2340.0,2337.5,0.00010155119,0.00050775597,80
2340.0,2345.0,2342.5,9.0126685e-05,0.00045063343,71
2345.0,2350.0,2347.5,0.00010282058,0.00051410292,81
2350.0,2355.0,2352.5,8.6318515e-05,0.00043159258,68
2355.0,2360.0,2357.5,8.7587905e-05,0.00043793953,69
2360.0,2365.0,2362.5,0.00010662875,0.00053314377,84
2365.0,2370.0,2367.5,0.00010155119,0.00050775597,80
2370.0,2375.0,2372.5,0.00011424509,0.00057122547,90
2375.0,2380.0,2377.5,8.1240956e-05,0.00040620478,64
2380.0,2385.0,2382.5,9.3934855e-05,0.00046967427,74
2385.0,2390.0,2387.5,7.6163396e-05,0.00038081698,60
2390.0,2395.0,2392.5,7.9971566e-05,0.00039985783,63
2395.0,2400.0,2397.5,9.5204245e-05,0.00047602122,75
2400.0,2405.0,2402.5,7.6163396e-05,0.00038081698,60
2405.0,2410.0,2407.5,9.2665465e-05,0.00046332732,73
2410.0,2415.0,2412.5,7.2355226e-05,0.00036177613,57
2415.0,2420.0,2417.5,0.00010408997,0.00052044987,82
2420.0,2425.0,2422.5,0.00010155119,0.00050775597,80
2425.0,2430.0,2427.5,0.00010662875,0.00053314377,84
2430.0,2435.0,2432.5,0.00010789814,0.00053949072,85
2435.0,2440.0,2437.5,9.9012415e-05,0.00049506207,78
2440.0,2445.0,2442.5,0.00012059204,0.00060296022,95
2445.0,2450.0,2447.5,7.8702176e-05,0.00039351088,62
2450.0,2455.0,2452.5,9.0126685e-05,0.00045063343,71
2455.0,2460.0,2457.5,7.3624616e-05,0.00036812308,58
2460.0,2465.0,2462.5,9.6473635e-05,0.00048236817,76
2465.0,2470.0,2467.5,0.00010535936,0.00052679682,83
2470.0,2475.0,2472.5,7.9971566e-05,0.00039985783,63
2475.0,2480.0,2477.5,6.4738886e-05,0.00032369443,51
2480.0,2485.0,2482.5,8.2510346e-05,0.00041255173,65
2485.0,2490.0,2487.5,8.8857295e-05,0.00044428648,70
2490.0,2495.0,2492.5,9.1396075e-05,0.00045698038,72
2495.0,2500.0,2497.5,7.2355226e-05,0.00036177613,57
2500.0,2505.0,2502.5,9.9012415e-05,0.00049506207,78
2505.0,2510.0,2507.5,8.1240956e-05,0.00040620478,64
2510.0,2515.0,2512.5,6.6008276e-05,0.00033004138,52
2515.0,2520.0,2517.5,9.1396075e-05,0.00045698038,72
2520.0,2525.0,2522.5,9.0126685e-05,0.00045063343,71
2525.0,2530.0,2527.5,7.2355226e-05,0.00036177613,57
2530.0,2535.0,2532.5,9.7743025e-05,0.00048871512,77
2535.0,2540.0,2537.5,7.9971566e-05,0.00039985783,63
2540.0,2545.0,2542.5,9.5204245e-05,0.00047602122,75
2545.0,2550.0,2547.5,0.00010282058,0.00051410292,81
2550.0,2555.0,2552.5,7.6163396e-05,0.00038081698,60
2555.0,2560.0,2557.5,8.1240956e-05,0.00040620478,64
2560.0,2565.0,2562.5,7.8702176e-05,0.00039351088,62
2565.0,2570.0,2567.5,7.6163396e-05,0.00038081698,60
2570.0,2575.0,2572.5,8.1240956e-05,0.00040620478,64
2575.0,2580.0,2577.5,7.6163396e-05,0.00038081698,60
2580.0,2585.0,2582.5,0.00011170631,0.00055853157,88
2585.0,2590.0,2587.5,8.6318515e-05,0.00043159258,68
2590.0,2595.0,2592.5,8.5049125e-05,0.00042524563,67
2595.0,2600.0,2597.5,9.2665465e-05,0.00046332732,73
2600.0,2605.0,2602.5,0.00010916753,0.00054583767,86
2605.0,2610.0,2607.5,9.2665465e-05,0.00046332732,73
2610.0,2615.0,2612.5,8.3779735e-05,0.00041889868,66
2615.0,2620.0,2617.5,8.6318515e-05,0.00043159258,68
2620.0,2625.0,2622.5,9.3934855e-05,0.00046967427,74
2625.0,2630.0,2627.5,8.3779735e-05,0.00041889868,66
2630.0,2635.0,2632.5,9.7743025e-05,0.00048871512,77
2635.0,2640.0,2637.5,0.00013201655,0.00066008276,104
2640.0,2645.0,2642.5,6.9816446e-05,0.00034908223,55
2645.0,2650.0,2647.5,8.7587905e-05,0.00043793953,69
2650.0,2655.0,2652.5,7.6163396e-05,0.00038081698,60
2655.0,2660.0,2657.5,0.00010155119,0.00050775597,80
2660.0,2665.0,2662.5,7.4894006e-05,0.00037447003,59
2665.0,2670.0,2667.5,7.8702176e-05,0.00039351088,62
2670.0,2675.0,2672.5,6.6008276e-05,0.00033004138,52
2675.0,2680.0,2677.5,8.8857295e-05,0.00044428648,70
2680.0,2685.0,2682.5,7.6163396e-05,0.00038081698,60
2685.0,2690.0,2687.5,7.7432786e-05,0.00038716393,61
2690.0,2695.0,2692.5,8.6318515e-05,0.00043159258,68
2695.0,2700.0,2697.5,9.3934855e-05,0.00046967427,74
2700.0,2705.0,2702.5,8.6318515e-05,0.00043159258,68
2705.0,2710.0,2707.5,7.2355226e-05,0.00036177613,57
2710.0,2715.0,2712.5,8.2510346e-05,0.00041255173,65
2715.0,2720.0,2717.5,0.00010282058,0.00051410292,81
2720.0,2725.0,2722.5,6.9816446e-05,0.00034908223,55
2725.0,2730.0,2727.5,7.9971566e-05,0.00039985783,63
2730.0,2735.0,2732.5,6.8547056e-05,0.00034273528,54
2735.0,2740.0,2737.5,0.00010535936,0.00052679682,83
2740.0,2745.0,2742.5,9.1396075e-05,0.00045698038,72
2745.0,2750.0,2747.5,8.6318515e-05,0.00043159258,68
2750.0,2755.0,2752.5,8.1240956e-05,0.00040620478,64
2755.0,2760.0,2757.5,9.1396075e-05,0.00045698038,72
2760.0,2765.0,2762.5,7.2355226e-05,0.00036177613,57
2765.0,2770.0,2767.5,8.1240956e-05,0.00040620478,64
2770.0,2775.0,2772.5,8.3779735e-05,0.00041889868,66
2775.0,2780.0,2777.5,8.2510346e-05,0.00041255173,65
2780.0,2785.0,2782.5,8.1240956e-05,0.00040620478,64
2785.0,2790.0,2787.5,7.1085836e-05,0.00035542918,56
2790.0,2795.0,2792.5,0.00010282058,0.00051410292,81
2795.0,2800.0,2797.5,7.7432786e-05,0.00038716393,61
2800.0,2805.0,2802.5,8.3779735e-05,0.00041889868,66
2805.0,2810.0,2807.5,8.1240956e-05,0.00040620478,64
2810.0,2815.0,2812.5,9.7743025e-05,0.00048871512,77
2815.0,2820.0,2817.5,7.6163396e-05,0.00038081698,60
2820.0,2825.0,2822.5,7.7432786e-05,0.00038716393,61
2825.0,2830.0,2827.5,9.7743025e-05,0.00048871512,77
2830.0,2835.0,2832.5,7.8702176e-05,0.00039351088,62
2835.0,2840.0,2837.5,8.2510346e-05,0.00041255173,65
2840.0,2845.0,2842.5,9.3934855e-05,0.00046967427,74
2845.0,2850.0,2847.5,7.9971566e-05,0.00039985783,63
2850.0,2855.0,2852.5,9.6473635e-05,0.00048236817,76
2855.0,2860.0,2857.5,8.2510346e-05,0.00041255173,65
2860.0,2865.0,2862.5,8.1240956e-05,0.00040620478,64
2865.0,2870.0,2867.5,9.1396075e-05,0.00045698038,72
2870.0,2875.0,2872.5,8.2510346e-05,0.00041255173,65
2875.0,2880.0,2877.5,8.3779735e-05,0.00041889868,66
2880.0,2885.0,2882.5,8.7587905e-05,0.00043793953,69
2885.0,2890.0,2887.5,8.6318515e-05,0.00043159258,68
2890.0,2895.0,2892.5,8.8857295e-05,0.00044428648,70
2895.0,2900.0,2897.5,9.1396075e-05,0.00045698038,72
2900.0,2905.0,2902.5,8.5049125e-05,0.00042524563,67
2905.0,2910.0,2907.5,7.8702176e-05,0.00039351088,62
2910.0,2915.0,2912.5,8.1240956e-05,0.00040620478,64
2915.0,2920.0,2917.5,0.00010282058,0.00051410292,81
2920.0,2925.0,2922.5,8.2510346e-05,0.00041255173,65
2925.0,2930.0,2927.5,7.9971566e-05,0.00039985783,63
2930.0,2935.0,2932.5,0.00010155119,0.00050775597,80
2935.0,2940.0,2937.5,0.00010155119,0.00050775597,80
2940.0,2945.0,2942.5,7.2355226e-05,0.00036177613,57
2945.0,2950.0,2947.5,9.5204245e-05,0.00047602122,75
2950.0,2955.0,2952.5,6.0930717e-05,0.00030465358,48
2955.0,2960.0,2957.5,7.2355226e-05,0.00036177613,57
2960.0,2965.0,2962.5,6.3469497e-05,0.00031734748,50
2965.0,2970.0,2967.5,7.8702176e-05,0.00039351088,62
2970.0,2975.0,2972.5,8.8857295e-05,0.00044428648,70
2975.0,2980.0,2977.5,7.6163396e-05,0.00038081698,60
2980.0,2985.0,2982.5,9.3934855e-05,0.00046967427,74
2985.0,2990.0,2987.5,6.9816446e-05,0.00034908223,55
2990.0,2995.0,2992.5,6.9816446e-05,0.00034908223,55
2995.0,3000.0,2997.5,7.9971566e-05,0.00039985783,63
3000.0,3005.0,3002.5,0.00010535936,0.00052679682,83
3005.0,3010.0,3007.5,7.3624616e-05,0.00036812308,58
3010.0,3015.0,3012.5,7.1085836e-05,0.00035542918,56
3015.0,3020.0,3017.5,8.7587905e-05,0.00043793953,69
3020.0,3025.0,3022.5,7.7432786e-05,0.00038716393,61
3025.0,3030.0,3027.5,9.7743025e-05,0.00048871512,77
3030.0,3035.0,3032.5,7.2355226e-05,0.00036177613,57
3035.0,3040.0,3037.5,9.5204245e-05,0.00047602122,75
3040.0,3045.0,3042.5,9.6473635e-05,0.00048236817,76
3045.0,3050.0,3047.5,7.4894006e-05,0.00037447003,59
3050.0,3055.0,3052.5,7.6163396e-05,0.00038081698,60
3055.0,3060.0,3057.5,9.0126685e-05,0.00045063343,71
3060.0,3065.0,3062.5,7.9971566e-05,0.00039985783,63
3065.0,3070.0,3067.5,8.1240956e-05,0.00040620478,64
3070.0,3075.0,3072.5,0.00010282058,0.00051410292,81
3075.0,3080.0,3077.5,7.8702176e-05,0.00039351088,62
3080.0,3085.0,3082.5,7.6163396e-05,0.00038081698,60
3085.0,3090.0,3087.5,8.2510346e-05,0.00041255173,65
3090.0,3095.0,3092.5,5.5853157e-05,0.00027926578,44
3095.0,3100.0,3097.5,8.7587905e-05,0.00043793953,69
3100.0,3105.0,3102.5,7.1085836e-05,0.00035542918,56
3105.0,3110.0,3107.5,7.2355226e-05,0.00036177613,57
3110.0,3115.0,3112.5,8.8857295e-05,0.00044428648,70
3115.0,3120.0,3117.5,7.3624616e-05,0.00036812308,58
3120.0,3125.0,3122.5,6.8547056e-05,0.00034273528,54
3125.0,3130.0,3127.5,8.8857295e-05,0.00044428648,70
3130.0,3135.0,3132.5,7.8702176e-05,0.00039351088,62
3135.0,3140.0,3137.5,7.4894006e-05,0.00037447003,59
3140.0,3145.0,3142.5,7.1085836e-05,0.00035542918,56
3145.0,3150.0,3147.5,7.1085836e-05,0.00035542918,56
3150.0,3155.0,3152.5,8.3779735e-05,0.00041889868,66
3155.0,3160.0,3157.5,8.1240956e-05,0.00040620478,64
3160.0,3165.0,3162.5,6.8547056e-05,0.00034273528,54
3165.0,3170.0,3167.5,7.9971566e-05,0.00039985783,63
3170.0,3175.0,3172.5,8.8857295e-05,0.00044428648,70
3175.0,3180.0,3177.5,6.7277666e-05,0.00033638833,53
3180.0,3185.0,3182.5,7.3624616e-05,0.00036812308,58
3185.0,3190.0,3187.5,9.1396075e-05,0.00045698038,72
3190.0,3195.0,3192.5,8.2510346e-05,0.00041255173,65
3195.0,3200.0,3197.5,7.6163396e-05,0.00038081698,60
3200.0,3205.0,3202.5,8.6318515e-05,0.00043159258,68
3205.0,3210.0,3207.5,7.8702176e-05,0.00039351088,62
3210.0,3215.0,3212.5,8.1240956e-05,0.00040620478,64
3215.0,3220.0,3217.5,0.0001129757,0.00056487852,89
3220.0,3225.0,3222.5,8.2510346e-05,0.00041255173,65
3225.0,3230.0,3227.5,8.2510346e-05,0.00041255173,65
3230.0,3235.0,3232.5,6.8547056e-05,0.00034273528,54
3235.0,3240.0,3237.5,7.7432786e-05,0.00038716393,61
3240.0,3245.0,3242.5,7.6163396e-05,0.00038081698,60
3245.0,3250.0,3247.5,7.4894006e-05,0.00037447003,59
3250.0,3255.0,3252.5,9.1396075e-05,0.00045698038,72
3255.0,3260.0,3257.5,6.4738886e-05,0.00032369443,51
3260.0,3265.0,3262.5,6.4738886e-05,0.00032369443,51
3265.0,3270.0,3267.5,7.3624616e-05,0.00036812308,58
3270.0,3275.0,3272.5,7.8702176e-05,0.00039351088,62
3275.0,3280.0,3277.5,6.4738886e-05,0.00032369443,51
3280.0,3285.0,3282.5,8.3779735e-05,0.00041889868,66
3285.0,3290.0,3287.5,9.9012415e-05,0.00049506207,78
3290.0,3295.0,3292.5,7.1085836e-05,0.00035542918,56
3295.0,3300.0,3297.5,8.5049125e-05,0.00042524563,67
3300.0,3305.0,3302.5,8.1240956e-05,0.00040620478,64
3305.0,3310.0,3307.5,6.9816446e-05,0.00034908223,55
3310.0,3315.0,3312.5,7.9971566e-05,0.00039985783,63
3315.0,3320.0,3317.5,7.4894006e-05,0.00037447003,59
3320.0,3325.0,3322.5,6.0930717e-05,0.00030465358,48
3325.0,3330.0,3327.5,9.6473635e-05,0.00048236817,76
3330.0,3335.0,3332.5,5.7122547e-05,0.00028561273,45
3335.0,3340.0,3337.5,8.7587905e-05,0.00043793953,69
3340.0,3345.0,3342.5,8.5049125e-05,0.00042524563,67
3345.0,3350.0,3347.5,6.6008276e-05,0.00033004138,52
3350.0,3355.0,3352.5,7.6163396e-05,0.00038081698,60
3355.0,3360.0,3357.5,7.9971566e-05,0.00039985783,63
3360.0,3365.0,3362.5,8.7587905e-05,0.00043793953,69
3365.0,3370.0,3367.5,7.2355226e-05,0.00036177613,57
3370.0,3375.0,3372.5,8.5049125e-05,0.00042524563,67
3375.0,3380.0,3377.5,8.8857295e-05,0.00044428648,70
3380.0,3385.0,3382.5,7.6163396e-05,0.00038081698,60
3385.0,3390.0,3387.5,8.8857295e-05,0.00044428648,70
3390.0,3395.0,3392.5,9.2665465e-05,0.00046332732,73
3395.0,3400.0,3397.5,7.2355226e-05,0.00036177613,57
3400.0,3405.0,3402.5,6.4738886e-05,0.00032369443,51
3405.0,3410.0,3407.5,8.6318515e-05,0.00043159258,68
3410.0,3415.0,3412.5,7.1085836e-05,0.00035542918,56
3415.0,3420.0,3417.5,6.6008276e-05,0.00033004138,52
3420.0,3425.0,3422.5,6.0930717e-05,0.00030465358,48
3425.0,3430.0,3427.5,5.8391937e-05,0.00029195968,46
3430.0,3435.0,3432.5,9.2665465e-05,0.00046332732,73
3435.0,3440.0,3437.5,5.9661327e-05,0.00029830663,47
3440.0,3445.0,3442.5,7.8702176e-05,0.00039351088,62
3445.0,3450.0,3447.5,6.7277666e-05,0.00033638833,53
3450.0,3455.0,3452.5,7.2355226e-05,0.00036177613,57
3455.0,3460.0,3457.5,5.8391937e-05,0.00029195968,46
3460.0,3465.0,3462.5,8.8857295e-05,0.00044428648,70
3465.0,3470.0,3467.5,8.1240956e-05,0.00040620478,64
3470.0,3475.0,3472.5,5.9661327e-05,0.00029830663,47
3475.0,3480.0,3477.5,7.8702176e-05,0.00039351088,62
3480.0,3485.0,3482.5,7.8702176e-05,0.00039351088,62
3485.0,3490.0,3487.5,7.4894006e-05,0.00037447003,59
3490.0,3495.0,3492.5,7.3624616e-05,0.00036812308,58
3495.0,3500.0,3497.5,7.3624616e-05,0.00036812308,58
3500.0,3505.0,3502.5,5.5853157e-05,0.00027926578,44
3505.0,3510.0,3507.5,6.7277666e-05,0.00033638833,53
3510.0,3515.0,3512.5,8.6318515e-05,0.00043159258,68
3515.0,3520.0,3517.5,8.7587905e-05,0.00043793953,69
3520.0,3525.0,3522.5,7.3624616e-05,0.00036812308,58
3525.0,3530.0,3527.5,7.7432786e-05,0.00038716393,61
3530.0,3535.0,3532.5,7.7432786e-05,0.00038716393,61
3535.0,3540.0,3537.5,8.2510346e-05,0.00041255173,65
3540.0,3545.0,3542.5,6.0930717e-05,0.00030465358,48
3545.0,3550.0,3547.5,6.8547056e-05,0.00034273528,54
3550.0,3555.0,3552.5,7.1085836e-05,0.00035542918,56
3555.0,3560.0,3557.5,8.7587905e-05,0.00043793953,69
3560.0,3565.0,3562.5,7.4894006e-05,0.00037447003,59
3565.0,3570.0,3567.5,7.8702176e-05,0.00039351088,62
3570.0,3575.0,3572.5,5.8391937e-05,0.00029195968,46
3575.0,3580.0,3577.5,9.1396075e-05,0.00045698038,72
3580.0,3585.0,3582.5,8.3779735e-05,0.00041889868,66
3585.0,3590.0,3587.5,8.8857295e-05,0.00044428648,70
3590.0,3595.0,3592.5,7.3624616e-05,0.00036812308,58
3595.0,3600.0,3597.5,7.3624616e-05,0.00036812308,58
3600.0,3605.0,3602.5,9.3934855e-05,0.00046967427,74
3605.0,3610.0,3607.5,8.7587905e-05,0.00043793953,69
3610.0,3615.0,3612.5,7.4894006e-05,0.00037447003,59
3615.0,3620.0,3617.5,8.5049125e-05,0.00042524563,67
3620.0,3625.0,3622.5,8.3779735e-05,0.00041889868,66
3625.0,3630.0,3627.5,8.2510346e-05,0.00041255173,65
3630.0,3635.0,3632.5,6.7277666e-05,0.00033638833,53
3635.0,3640.0,3637.5,9.0126685e-05,0.00045063343,71
3640.0,3645.0,3642.5,7.8702176e-05,0.00039351088,62
3645.0,3650.0,3647.5,9.1396075e-05,0.00045698038,72
3650.0,3655.0,3652.5,8.7587905e-05,0.00043793953,69
3655.0,3660.0,3657.5,7.4894006e-05,0.00037447003,59
3660.0,3665.0,3662.5,6.9816446e-05,0.00034908223,55
3665.0,3670.0,3667.5,6.6008276e-05,0.00033004138,52
3670.0,3675.0,3672.5,6.8547056e-05,0.00034273528,54
3675.0,3680.0,3677.5,9.9012415e-05,0.00049506207,78
3680.0,3685.0,3682.5,8.7587905e-05,0.00043793953,69
3685.0,3690.0,3687.5,7.7432786e-05,0.00038716393,61
3690.0,3695.0,3692.5,9.1396075e-05,0.00045698038,72
3695.0,3700.0,3697.5,4.5698038e-05,0.00022849019,36
3700.0,3705.0,3702.5,8.5049125e-05,0.00042524563,67
3705.0,3710.0,3707.5,6.2200107e-05,0.00031100053,49
3710.0,3715.0,3712.5,8.6318515e-05,0.00043159258,68
3715.0,3720.0,3717.5,6.8547056e-05,0.00034273528,54
3720.0,3725.0,3722.5,8.6318515e-05,0.00043159258,68
3725.0,3730.0,3727.5,7.3624616e-05,0.00036812308,58
3730.0,3735.0,3732.5,5.9661327e-05,0.00029830663,47
3735.0,3740.0,3737.5,7.9971566e-05,0.00039985783,63
3740.0,3745.0,3742.5,5.3314377e-05,0.00026657189,42
3745.0,3750.0,3747.5,7.2355226e-05,0.00036177613,57
3750.0,3755.0,3752.5,8.2510346e-05,0.00041255173,65
3755.0,3760.0,3757.5,7.4894006e-05,0.00037447003,59
3760.0,3765.0,3762.5,6.6008276e-05,0.00033004138,52
3765.0,3770.0,3767.5,9.2665465e-05,0.00046332732,73
3770.0,3775.0,3772.5,7.7432786e-05,0.00038716393,61
3775.0,3780.0,3777.5,6.3469497e-05,0.00031734748,50
3780.0,3785.0,3782.5,7.2355226e-05,0.00036177613,57
3785.0,3790.0,3787.5,6.7277666e-05,0.00033638833,53
3790.0,3795.0,3792.5,6.3469497e-05,0.00031734748,50
3795.0,3800.0,3797.5,7.9971566e-05,0.00039985783,63
3800.0,3805.0,3802.5,5.9661327e-05,0.00029830663,47
3805.0,3810.0,3807.5,8.1240956e-05,0.00040620478,64
3810.0,3815.0,3812.5,6.0930717e-05,0.00030465358,48
3815.0,3820.0,3817.5,8.6318515e-05,0.00043159258,68
3820.0,3825.0,3822.5,7.1085836e-05,0.00035542918,56
3825.0,3830.0,3827.5,8.1240956e-05,0.00040620478,64
3830.0,3835.0,3832.5,6.3469497e-05,0.00031734748,50
3835.0,3840.0,3837.5,7.9971566e-05,0.00039985783,63
3840.0,3845.0,3842.5,8.1240956e-05,0.00040620478,64
3845.0,3850.0,3847.5,7.3624616e-05,0.00036812308,58
3850.0,3855.0,3852.5,8.3779735e-05,0.00041889868,66
3855.0,3860.0,3857.5,7.2355226e-05,0.00036177613,57
3860.0,3865.0,3862.5,7.7432786e-05,0.00038716393,61
3865.0,3870.0,3867.5,6.8547056e-05,0.00034273528,54
3870.0,3875.0,3872.5,6.6008276e-05,0.00033004138,52
3875.0,3880.0,3877.5,6.4738886e-05,0.00032369443,51
3880.0,3885.0,3882.5,6.6008276e-05,0.00033004138,52
3885.0,3890.0,3887.5,7.2355226e-05,0.00036177613,57
3890.0,3895.0,3892.5,8.3779735e-05,0.00041889868,66
3895.0,3900.0,3897.5,6.6008276e-05,0.00033004138,52
3900.0,3905.0,3902.5,7.2355226e-05,0.00036177613,57
3905.0,3910.0,3907.5,5.4583767e-05,0.00027291884,43
3910.0,3915.0,3912.5,7.2355226e-05,0.00036177613,57
3915.0,3920.0,3917.5,6.3469497e-05,0.00031734748,50
3920.0,3925.0,3922.5,7.3624616e-05,0.00036812308,58
3925.0,3930.0,3927.5,6.8547056e-05,0.00034273528,54
3930.0,3935.0,3932.5,7.6163396e-05,0.00038081698,60
3935.0,3940.0,3937.5,8.5049125e-05,0.00042524563,67
3940.0,3945.0,3942.5,6.4738886e-05,0.00032369443,51
3945.0,3950.0,3947.5,6.7277666e-05,0.00033638833,53
3950.0,3955.0,3952.5,8.8857295e-05,0.00044428648,70
3955.0,3960.0,3957.5,6.6008276e-05,0.00033004138,52
3960.0,3965.0,3962.5,6.7277666e-05,0.00033638833,53
3965.0,3970.0,3967.5,6.0930717e-05,0.00030465358,48
3970.0,3975.0,3972.5,6.3469497e-05,0.00031734748,50
3975.0,3980.0,3977.5,6.7277666e-05,0.00033638833,53
3980.0,3985.0,3982.5,6.6008276e-05,0.00033004138,52
3985.0,3990.0,3987.5,6.4738886e-05,0.00032369443,51
3990.0,3995.0,3992.5,6.7277666e-05,0.00033638833,53
3995.0,4000.0,3997.5,7.6163396e-05,0.00038081698,60
4000.0,4005.0,4002.5,7.7432786e-05,0.00038716393,61
4005.0,4010.0,4007.5,6.9816446e-05,0.00034908223,55
4010.0,4015.0,4012.5,7.1085836e-05,0.00035542918,56
4015.0,4020.0,4017.5,7.6163396e-05,0.00038081698,60
4020.0,4025.0,4022.5,6.9816446e-05,0.00034908223,55
4025.0,4030.0,4027.5,5.8391937e-05,0.00029195968,46
4030.0,4035.0,4032.5,7.2355226e-05,0.00036177613,57
4035.0,4040.0,4037.5,7.8702176e-05,0.00039351088,62
4040.0,4045.0,4042.5,6.9816446e-05,0.00034908223,55
4045.0,4050.0,4047.5,6.4738886e-05,0.00032369443,51
4050.0,4055.0,4052.5,9.5204245e-05,0.00047602122,75
4055.0,4060.0,4057.5,5.8391937e-05,0.00029195968,46
4060.0,4065.0,4062.5,7.1085836e-05,0.00035542918,56
4065.0,4070.0,4067.5,7.6163396e-05,0.00038081698,60
4070.0,4075.0,4072.5,7.8702176e-05,0.00039351088,62
4075.0,4080.0,4077.5,7.1085836e-05,0.00035542918,56
4080.0,4085.0,4082.5,8.1240956e-05,0.00040620478,64
4085.0,4090.0,4087.5,5.2044987e-05,0.00026022494,41
4090.0,4095.0,4092.5,6.3469497e-05,0.00031734748,50
4095.0,4100.0,4097.5,6.2200107e-05,0.00031100053,49
4100.0,4105.0,4102.5,6.6008276e-05,0.00033004138,52
4105.0,4110.0,4107.5,7.2355226e-05,0.00036177613,57
4110.0,4115.0,4112.5,8.7587905e-05,0.00043793953,69
4115.0,4120.0,4117.5,8.1240956e-05,0.00040620478,64
4120.0,4125.0,4122.5,7.2355226e-05,0.00036177613,57
4125.0,4130.0,4127.5,6.6008276e-05,0.00033004138,52
4130.0,4135.0,4132.5,5.8391937e-05,0.00029195968,46
4135.0,4140.0,4137.5,7.2355226e-05,0.00036177613,57
4140.0,4145.0,4142.5,6.6008276e-05,0.00033004138,52
4145.0,4150.0,4147.5,9.2665465e-05,0.00046332732,73
4150.0,4155.0,4152.5,7.1085836e-05,0.00035542918,56
4155.0,4160.0,4157.5,7.3624616e-05,0.00036812308,58
4160.0,4165.0,4162.5,6.0930717e-05,0.00030465358,48
4165.0,4170.0,4167.5,6.6008276e-05,0.00033004138,52
4170.0,4175.0,4172.5,8.2510346e-05,0.00041255173,65
4175.0,4180.0,4177.5,6.3469497e-05,0.00031734748,50
4180.0,4185.0,4182.5,6.8547056e-05,0.00034273528,54
4185.0,4190.0,4187.5,6.0930717e-05,0.00030465358,48
4190.0,4195.0,4192.5,7.2355226e-05,0.00036177613,57
4195.0,4200.0,4197.5,7.1085836e-05,0.00035542918,56
4200.0,4205.0,4202.5,5.8391937e-05,0.00029195968,46
4205.0,4210.0,4207.5,5.3314377e-05,0.00026657189,42
4210.0,4215.0,4212.5,5.5853157e-05,0.00027926578,44
4215.0,4220.0,4217.5,9.2665465e-05,0.00046332732,73
4220.0,4225.0,4222.5,6.7277666e-05,0.00033638833,53
4225.0,4230.0,4227.5,6.8547056e-05,0.00034273528,54
4230.0,4235.0,4232.5,8.5049125e-05,0.00042524563,67
4235.0,4240.0,4237.5,6.2200107e-05,0.00031100053,49
4240.0,4245.0,4242.5,8.1240956e-05,0.00040620478,64
4245.0,4250.0,4247.5,7.4894006e-05,0.00037447003,59
4250.0,4255.0,4252.5,7.4894006e-05,0.00037447003,59
4255.0,4260.0,4257.5,8.2510346e-05,0.00041255173,65
4260.0,4265.0,4262.5,4.8236817e-05,0.00024118409,38
4265.0,4270.0,4267.5,6.7277666e-05,0.00033638833,53
4270.0,4275.0,4272.5,6.3469497e-05,0.00031734748,50
4275.0,4280.0,4277.5,7.4894006e-05,0.00037447003,59
4280.0,4285.0,4282.5,6.8547056e-05,0.00034273528,54
4285.0,4290.0,4287.5,7.6163396e-05,0.00038081698,60
4290.0,4295.0,4292.5,5.9661327e-05,0.00029830663,47
4295.0,4300.0,4297.5,7.7432786e-05,0.00038716393,61
4300.0,4305.0,4302.5,7.3624616e-05,0.00036812308,58
4305.0,4310.0,4307.5,6.0930717e-05,0.00030465358,48
4310.0,4315.0,4312.5,6.8547056e-05,0.00034273528,54
4315.0,4320.0,4317.5,5.3314377e-05,0.00026657189,42
4320.0,4325.0,4322.5,6.6008276e-05,0.00033004138,52
4325.0,4330.0,4327.5,6.0930717e-05,0.00030465358,48
4330.0,4335.0,4332.5,5.4583767e-05,0.00027291884,43
4335.0,4340.0,4337.5,5.7122547e-05,0.00028561273,45
4340.0,4345.0,4342.5,5.3314377e-05,0.00026657189,42
4345.0,4350.0,4347.5,6.7277666e-05,0.00033638833,53
4350.0,4355.0,4352.5,7.1085836e-05,0.00035542918,56
4355.0,4360.0,4357.5,0.0001002818,0.00050140902,79
4360.0,4365.0,4362.5,5.4583767e-05,0.00027291884,43
4365.0,4370.0,4367.5,6.0930717e-05,0.00030465358,48
4370.0,4375.0,4372.5,5.2044987e-05,0.00026022494,41
4375.0,4380.0,4377.5,5.7122547e-05,0.00028561273,45
4380.0,4385.0,4382.5,5.8391937e-05,0.00029195968,46
4385.0,4390.0,4387.5,6.0930717e-05,0.00030465358,48
4390.0,4395.0,4392.5,5.2044987e-05,0.00026022494,41
4395.0,4400.0,4397.5,5.9661327e-05,0.00029830663,47
4400.0,4405.0,4402.5,6.7277666e-05,0.00033638833,53
4405.0,4410.0,4407.5,4.6967427e-05,0.00023483714,37
4410.0,4415.0,4412.5,6.4738886e-05,0.00032369443,51
4415.0,4420.0,4417.5,5.4583767e-05,0.00027291884,43
4420.0,4425.0,4422.5,5.4583767e-05,0.00027291884,43
4425.0,4430.0,4427.5,6.4738886e-05,0.00032369443,51
4430.0,4435.0,4432.5,7.9971566e-05,0.00039985783,63
4435.0,4440.0,4437.5,6.0930717e-05,0.00030465358,48
4440.0,4445.0,4442.5,6.2200107e-05,0.00031100053,49
4445.0,4450.0,4447.5,6.0930717e-05,0.00030465358,48
4450.0,4455.0,4452.5,7.6163396e-05,0.00038081698,60
4455.0,4460.0,4457.5,5.4583767e-05,0.00027291884,43
4460.0,4465.0,4462.5,6.7277666e-05,0.00033638833,53
4465.0,4470.0,4467.5,7.1085836e-05,0.00035542918,56
4470.0,4475.0,4472.5,7.3624616e-05,0.00036812308,58
4475.0,4480.0,4477.5,7.4894006e-05,0.00037447003,59
4480.0,4485.0,4482.5,7.1085836e-05,0.00035542918,56
4485.0,4490.0,4487.5,6.3469497e-05,0.00031734748,50
4490.0,4495.0,4492.5,6.7277666e-05,0.00033638833,53
4495.0,4500.0,4497.5,4.9506207e-05,0.00024753104,39
4500.0,4505.0,4502.5,6.4738886e-05,0.00032369443,51
4505.0,4510.0,4507.5,6.4738886e-05,0.00032369443,51
4510.0,4515.0,4512.5,7.2355226e-05,0.00036177613,57
4515.0,4520.0,4517.5,6.4738886e-05,0.00032369443,51
4520.0,4525.0,4522.5,7.4894006e-05,0.00037447003,59
4525.0,4530.0,4527.5,6.2200107e-05,0.00031100053,49
4530.0,4535.0,4532.5,6.8547056e-05,0.00034273528,54
4535.0,4540.0,4537.5,7.6163396e-05,0.00038081698,60
4540.0,4545.0,4542.5,5.7122547e-05,0.00028561273,45
4545.0,4550.0,4547.5,5.0775597e-05,0.00025387799,40
4550.0,4555.0,4552.5,5.3314377e-05,0.00026657189,42
4555.0,4560.0,4557.5,6.4738886e-05,0.00032369443,51
4560.0,4565.0,4562.5,6.6008276e-05,0.00033004138,52
4565.0,4570.0,4567.5,6.6008276e-05,0.00033004138,52
4570.0,4575.0,4572.5,6.6008276e-05,0.00033004138,52
4575.0,4580.0,4577.5,5.5853157e-05,0.00027926578,44
4580.0,4585.0,4582.5,6.2200107e-05,0.00031100053,49
4585.0,4590.0,4587.5,6.3469497e-05,0.00031734748,50
4590.0,4595.0,4592.5,6.4738886e-05,0.00032369443,51
4595.0,4600.0,4597.5,6.9816446e-05,0.00034908223,55
4600.0,4605.0,4602.5,8.2510346e-05,0.00041255173,65
4605.0,4610.0,4607.5,6.4738886e-05,0.00032369443,51
4610.0,4615.0,4612.5,6.4738886e-05,0.00032369443,51
4615.0,4620.0,4617.5,5.9661327e-05,0.00029830663,47
4620.0,4625.0,4622.5,4.8236817e-05,0.00024118409,38
4625.0,4630.0,4627.5,6.2200107e-05,0.00031100053,49
4630.0,4635.0,4632.5,5.9661327e-05,0.00029830663,47
4635.0,4640.0,4637.5,4.8236817e-05,0.00024118409,38
4640.0,4645.0,4642.5,5.4583767e-05,0.00027291884,43
4645.0,4650.0,4647.5,4.8236817e-05,0.00024118409,38
4650.0,4655.0,4652.5,6.4738886e-05,0.00032369443,51
4655.0,4660.0,4657.5,6.2200107e-05,0.00031100053,49
4660.0,4665.0,4662.5,6.4738886e-05,0.00032369443,51
4665.0,4670.0,4667.5,5.9661327e-05,0.00029830663,47
4670.0,4675.0,4672.5,5.3314377e-05,0.00026657189,42
4675.0,4680.0,4677.5,6.6008276e-05,0.00033004138,52
4680.0,4685.0,4682.5,6.2200107e-05,0.00031100053,49
4685.0,4690.0,4687.5,5.3314377e-05,0.00026657189,42
4690.0,4695.0,4692.5,7.4894006e-05,0.00037447003,59
4695.0,4700.0,4697.5,5.0775597e-05,0.00025387799,40
4700.0,4705.0,4702.5,6.9816446e-05,0.00034908223,55
4705.0,4710.0,4707.5,5.0775597e-05,0.00025387799,40
4710.0,4715.0,4712.5,6.3469497e-05,0.00031734748,50
4715.0,4720.0,4717.5,7.2355226e-05,0.00036177613,57
4720.0,4725.0,4722.5,5.8391937e-05,0.00029195968,46
4725.0,4730.0,4727.5,7.1085836e-05,0.00035542918,56
4730.0,4735.0,4732.5,6.8547056e-05,0.00034273528,54
4735.0,4740.0,4737.5,5.7122547e-05,0.00028561273,45
4740.0,4745.0,4742.5,7.3624616e-05,0.00036812308,58
4745.0,4750.0,4747.5,9.0126685e-05,0.00045063343,71
4750.0,4755.0,4752.5,6.7277666e-05,0.00033638833,53
4755.0,4760.0,4757.5,6.2200107e-05,0.00031100053,49
4760.0,4765.0,4762.5,6.7277666e-05,0.00033638833,53
4765.0,4770.0,4767.5,4.5698038e-05,0.00022849019,36
4770.0,4775.0,4772.5,6.7277666e-05,0.00033638833,53
4775.0,4780.0,4777.5,6.2200107e-05,0.00031100053,49
4780.0,4785.0,4782.5,5.7122547e-05,0.00028561273,45
4785.0,4790.0,4787.5,6.9816446e-05,0.00034908223,55
4790.0,4795.0,4792.5,6.8547056e-05,0.00034273528,54
4795.0,4800.0,4797.5,8.6318515e-05,0.00043159258,68
4800.0,4805.0,4802.5,5.9661327e-05,0.00029830663,47
4805.0,4810.0,4807.5,5.5853157e-05,0.00027926578,44
4810.0,4815.0,4812.5,8.2510346e-05,0.00041255173,65
4815.0,4820.0,4817.5,5.9661327e-05,0.00029830663,47
4820.0,4825.0,4822.5,5.7122547e-05,0.00028561273,45
4825.0,4830.0,4827.5,7.9971566e-05,0.00039985783,63
4830.0,4835.0,4832.5,5.9661327e-05,0.00029830663,47
4835.0,4840.0,4837.5,6.3469497e-05,0.00031734748,50
4840.0,4845.0,4842.5,7.3624616e-05,0.00036812308,58
4845.0,4850.0,4847.5,4.8236817e-05,0.00024118409,38
4850.0,4855.0,4852.5,5.2044987e-05,0.00026022494,41
4855.0,4860.0,4857.5,5.9661327e-05,0.00029830663,47
4860.0,4865.0,4862.5,5.3314377e-05,0.00026657189,42
4865.0,4870.0,4867.5,5.7122547e-05,0.00028561273,45
4870.0,4875.0,4872.5,5.4583767e-05,0.00027291884,43
4875.0,4880.0,4877.5,6.9816446e-05,0.00034908223,55
4880.0,4885.0,4882.5,5.4583767e-05,0.00027291884,43
4885.0,4890.0,4887.5,5.4583767e-05,0.00027291884,43
4890.0,4895.0,4892.5,5.4583767e-05,0.00027291884,43
4895.0,4900.0,4897.5,8.3779735e-05,0.00041889868,66
4900.0,4905.0,4902.5,5.7122547e-05,0.00028561273,45
4905.0,4910.0,4907.5,5.7122547e-05,0.00028561273,45
4910.0,4915.0,4912.5,6.9816446e-05,0.00034908223,55
4915.0,4920.0,4917.5,6.4738886e-05,0.00032369443,51
4920.0,4925.0,4922.5,7.3624616e-05,0.00036812308,58
4925.0,4930.0,4927.5,5.9661327e-05,0.00029830663,47
4930.0,4935.0,4932.5,5.5853157e-05,0.00027926578,44
4935.0,4940.0,4937.5,5.5853157e-05,0.00027926578,44
4940.0,4945.0,4942.5,6.3469497e-05,0.00031734748,50
4945.0,4950.0,4947.5,6.9816446e-05,0.00034908223,55
4950.0,4955.0,4952.5,6.8547056e-05,0.00034273528,54
4955.0,4960.0,4957.5,6.8547056e-05,0.00034273528,54
4960.0,4965.0,4962.5,5.0775597e-05,0.00025387799,40
4965.0,4970.0,4967.5,4.6967427e-05,0.00023483714,37
4970.0,4975.0,4972.5,5.0775597e-05,0.00025387799,40
4975.0,4980.0,4977.5,4.5698038e-05,0.00022849019,36
4980.0,4985.0,4982.5,6.4738886e-05,0.00032369443,51
4985.0,4990.0,4987.5,6.6008276e-05,0.00033004138,52
4990.0,4995.0,4992.5,5.2044987e-05,0.00026022494,41
4995.0,5000.0,4997.5,5.7122547e-05,0.00028561273,45
5000.0,5005.0,5002.5,5.7122547e-05,0.00028561273,45
5005.0,5010.0,5007.5,7.3624616e-05,0.00036812308,58
5010.0,5015.0,5012.5,5.9661327e-05,0.00029830663,47
5015.0,5020.0,5017.5,6.7277666e-05,0.00033638833,53
5020.0,5025.0,5022.5,5.7122547e-05,0.00028561273,45
5025.0,5030.0,5027.5,5.3314377e-05,0.00026657189,42
5030.0,5035.0,5032.5,5.0775597e-05,0.00025387799,40
5035.0,5040.0,5037.5,6.6008276e-05,0.00033004138,52
5040.0,5045.0,5042.5,6.8547056e-05,0.00034273528,54
5045.0,5050.0,5047.5,5.8391937e-05,0.00029195968,46
5050.0,5055.0,5052.5,6.0930717e-05,0.00030465358,48
5055.0,5060.0,5057.5,5.4583767e-05,0.00027291884,43
5060.0,5065.0,5062.5,6.6008276e-05,0.00033004138,52
5065.0,5070.0,5067.5,4.6967427e-05,0.00023483714,37
5070.0,5075.0,5072.5,6.0930717e-05,0.00030465358,48
5075.0,5080.0,5077.5,7.6163396e-05,0.00038081698,60
5080.0,5085.0,5082.5,7.8702176e-05,0.00039351088,62
5085.0,5090.0,5087.5,5.7122547e-05,0.00028561273,45
5090.0,5095.0,5092.5,5.5853157e-05,0.00027926578,44
5095.0,5100.0,5097.5,5.8391937e-05,0.00029195968,46
5100.0,5105.0,5102.5,5.9661327e-05,0.00029830663,47
5105.0,5110.0,5107.5,4.4428648e-05,0.00022214324,35
5110.0,5115.0,5112.5,5.5853157e-05,0.00027926578,44
5115.0,5120.0,5117.5,7.1085836e-05,0.00035542918,56
5120.0,5125.0,5122.5,6.8547056e-05,0.00034273528,54
5125.0,5130.0,5127.5,5.7122547e-05,0.00028561273,45
5130.0,5135.0,5132.5,7.7432786e-05,0.00038716393,61
5135.0,5140.0,5137.5,6.9816446e-05,0.00034908223,55
5140.0,5145.0,5142.5,7.4894006e-05,0.00037447003,59
5145.0,5150.0,5147.5,5.8391937e-05,0.00029195968,46
5150.0,5155.0,5152.5,6.9816446e-05,0.00034908223,55
5155.0,5160.0,5157.5,5.4583767e-05,0.00027291884,43
5160.0,5165.0,5162.5,6.9816446e-05,0.00034908223,55
5165.0,5170.0,5167.5,5.8391937e-05,0.00029195968,46
5170.0,5175.0,5172.5,5.5853157e-05,0.00027926578,44
5175.0,5180.0,5177.5,6.7277666e-05,0.00033638833,53
5180.0,5185.0,5182.5,6.7277666e-05,0.00033638833,53
5185.0,5190.0,5187.5,7.2355226e-05,0.00036177613,57
5190.0,5195.0,5192.5,4.9506207e-05,0.00024753104,39
5195.0,5200.0,5197.5,4.0620478e-05,0.00020310239,32
5200.0,5205.0,5202.5,6.9816446e-05,0.00034908223,55
5205.0,5210.0,5207.5,6.2200107e-05,0.00031100053,49
5210.0,5215.0,5212.5,6.0930717e-05,0.00030465358,48
5215.0,5220.0,5217.5,6.8547056e-05,0.00034273528,54
5220.0,5225.0,5222.5,5.2044987e-05,0.00026022494,41
5225.0,5230.0,5227.5,7.2355226e-05,0.00036177613,57
5230.0,5235.0,5232.5,5.0775597e-05,0.00025387799,40
5235.0,5240.0,5237.5,5.8391937e-05,0.00029195968,46
5240.0,5245.0,5242.5,7.3624616e-05,0.00036812308,58
5245.0,5250.0,5247.5,6.8547056e-05,0.00034273528,54
5250.0,5255.0,5252.5,6.2200107e-05,0.00031100053,49
5255.0,5260.0,5257.5,6.0930717e-05,0.00030465358,48
5260.0,5265.0,5262.5,5.8391937e-05,0.00029195968,46
5265.0,5270.0,5267.5,5.9661327e-05,0.00029830663,47
5270.0,5275.0,5272.5,5.4583767e-05,0.00027291884,43
5275.0,5280.0,5277.5,6.3469497e-05,0.00031734748,50
5280.0,5285.0,5282.5,5.4583767e-05,0.00027291884,43
5285.0,5290.0,5287.5,4.6967427e-05,0.00023483714,37
5290.0,5295.0,5292.5,5.5853157e-05,0.00027926578,44
5295.0,5300.0,5297.5,6.9816446e-05,0.00034908223,55
5300.0,5305.0,5302.5,5.9661327e-05,0.00029830663,47
5305.0,5310.0,5307.5,7.1085836e-05,0.00035542918,56
5310.0,5315.0,5312.5,7.3624616e-05,0.00036812308,58
5315.0,5320.0,5317.5,5.8391937e-05,0.00029195968,46
5320.0,5325.0,5322.5,4.8236817e-05,0.00024118409,38
5325.0,5330.0,5327.5,6.3469497e-05,0.00031734748,50
5330.0,5335.0,5332.5,5.0775597e-05,0.00025387799,40
5335.0,5340.0,5337.5,6.7277666e-05,0.00033638833,53
5340.0,5345.0,5342.5,5.2044987e-05,0.00026022494,41
5345.0,5350.0,5347.5,5.7122547e-05,0.00028561273,45
5350.0,5355.0,5352.5,4.3159258e-05,0.00021579629,34
5355.0,5360.0,5357.5,4.6967427e-05,0.00023483714,37
5360.0,5365.0,5362.5,5.7122547e-05,0.00028561273,45
5365.0,5370.0,5367.5,5.7122547e-05,0.00028561273,45
5370.0,5375.0,5372.5,6.0930717e-05,0.00030465358,48
5375.0,5380.0,5377.5,6.0930717e-05,0.00030465358,48
5380.0,5385.0,5382.5,5.5853157e-05,0.00027926578,44
5385.0,5390.0,5387.5,6.0930717e-05,0.00030465358,48
5390.0,5395.0,5392.5,5.0775597e-05,0.00025387799,40
5395.0,5400.0,5397.5,7.4894006e-05,0.00037447003,59
5400.0,5405.0,5402.5,6.6008276e-05,0.00033004138,52
5405.0,5410.0,5407.5,4.6967427e-05,0.00023483714,37
5410.0,5415.0,5412.5,6.3469497e-05,0.00031734748,50
5415.0,5420.0,5417.5,5.7122547e-05,0.00028561273,45
5420.0,5425.0,5422.5,6.6008276e-05,0.00033004138,52
5425.0,5430.0,5427.5,4.8236817e-05,0.00024118409,38
5430.0,5435.0,5432.5,6.7277666e-05,0.00033638833,53
5435.0,5440.0,5437.5,5.3314377e-05,0.00026657189,42
5440.0,5445.0,5442.5,5.8391937e-05,0.00029195968,46
5445.0,5450.0,5447.5,6.0930717e-05,0.00030465358,48
5450.0,5455.0,5452.5,4.8236817e-05,0.00024118409,38
5455.0,5460.0,5457.5,5.9661327e-05,0.00029830663,47
5460.0,5465.0,5462.5,5.8391937e-05,0.00029195968,46
5465.0,5470.0,5467.5,5.3314377e-05,0.00026657189,42
5470.0,5475.0,5472.5,4.9506207e-05,0.00024753104,39
5475.0,5480.0,5477.5,5.9661327e-05,0.00029830663,47
5480.0,5485.0,5482.5,5.0775597e-05,0.00025387799,40
5485.0,5490.0,5487.5,5.2044987e-05,0.00026022494,41
5490.0,5495.0,5492.5,6.2200107e-05,0.00031100053,49
5495.0,5500.0,5497.5,4.5698038e-05,0.00022849019,36
5500.0,5505.0,5502.5,4.3159258e-05,0.00021579629,34
5505.0,5510.0,5507.5,5.7122547e-05,0.00028561273,45
5510.0,5515.0,5512.5,5.5853157e-05,0.00027926578,44
5515.0,5520.0,5517.5,5.7122547e-05,0.00028561273,45
5520.0,5525.0,5522.5,6.6008276e-05,0.00033004138,52
5525.0,5530.0,5527.5,5.9661327e-05,0.00029830663,47
5530.0,5535.0,5532.5,7.1085836e-05,0.00035542918,56
5535.0,5540.0,5537.5,6.0930717e-05,0.00030465358,48
5540.0,5545.0,5542.5,6.8547056e-05,0.00034273528,54
5545.0,5550.0,5547.5,4.4428648e-05,0.00022214324,35
5550.0,5555.0,5552.5,6.3469497e-05,0.00031734748,50
5555.0,5560.0,5557.5,5.3314377e-05,0.00026657189,42
5560.0,5565.0,5562.5,5.4583767e-05,0.00027291884,43
5565.0,5570.0,5567.5,5.3314377e-05,0.00026657189,42
5570.0,5575.0,5572.5,5.3314377e-05,0.00026657189,42
5575.0,5580.0,5577.5,6.0930717e-05,0.00030465358,48
5580.0,5585.0,5582.5,5.4583767e-05,0.00027291884,43
5585.0,5590.0,5587.5,4.8236817e-05,0.00024118409,38
5590.0,5595.0,5592.5,6.6008276e-05,0.00033004138,52
5595.0,5600.0,5597.5,6.3469497e-05,0.00031734748,50
5600.0,5605.0,5602.5,5.8391937e-05,0.00029195968,46
5605.0,5610.0,5607.5,6.4738886e-05,0.00032369443,51
5610.0,5615.0,5612.5,6.7277666e-05,0.00033638833,53
5615.0,5620.0,5617.5,5.9661327e-05,0.00029830663,47
5620.0,5625.0,5622.5,5.7122547e-05,0.00028561273,45
5625.0,5630.0,5627.5,5.7122547e-05,0.00028561273,45
5630.0,5635.0,5632.5,6.7277666e-05,0.00033638833,53
5635.0,5640.0,5637.5,7.3624616e-05,0.00036812308,58
5640.0,5645.0,5642.5,4.5698038e-05,0.00022849019,36
5645.0,5650.0,5647.5,5.3314377e-05,0.00026657189,42
5650.0,5655.0,5652.5,5.7122547e-05,0.00028561273,45
5655.0,5660.0,5657.5,4.6967427e-05,0.00023483714,37
5660.0,5665.0,5662.5,7.1085836e-05,0.00035542918,56
5665.0,5670.0,5667.5,3.8081698e-05,0.00019040849,30
5670.0,5675.0,5672.5,5.8391937e-05,0.00029195968,46
5675.0,5680.0,5677.5,6.4738886e-05,0.00032369443,51
5680.0,5685.0,5682.5,6.3469497e-05,0.00031734748,50
5685.0,5690.0,5687.5,4.6967427e-05,0.00023483714,37
5690.0,5695.0,5692.5,6.0930717e-05,0.00030465358,48
5695.0,5700.0,5697.5,5.7122547e-05,0.00028561273,45
5700.0,5705.0,5702.5,5.7122547e-05,0.00028561273,45
5705.0,5710.0,5707.5,5.8391937e-05,0.00029195968,46
5710.0,5715.0,5712.5,5.0775597e-05,0.00025387799,40
5715.0,5720.0,5717.5,5.5853157e-05,0.00027926578,44
5720.0,5725.0,5722.5,6.3469497e-05,0.00031734748,50
5725.0,5730.0,5727.5,6.0930717e-05,0.00030465358,48
5730.0,5735.0,5732.5,6.3469497e-05,0.00031734748,50
5735.0,5740.0,5737.5,5.3314377e-05,0.00026657189,42
5740.0,5745.0,5742.5,5.5853157e-05,0.00027926578,44
5745.0,5750.0,5747.5,7.1085836e-05,0.00035542918,56
5750.0,5755.0,5752.5,4.0620478e-05,0.00020310239,32
5755.0,5760.0,5757.5,5.2044987e-05,0.00026022494,41
5760.0,5765.0,5762.5,6.2200107e-05,0.00031100053,49
5765.0,5770.0,5767.5,4.8236817e-05,0.00024118409,38
5770.0,5775.0,5772.5,5.7122547e-05,0.00028561273,45
5775.0,5780.0,5777.5,5.7122547e-05,0.00028561273,45
5780.0,5785.0,5782.5,4.1889868e-05,0.00020944934,33
5785.0,5790.0,5787.5,4.1889868e-05,0.00020944934,33
5790.0,5795.0,5792.5,5.2044987e-05,0.00026022494,41
5795.0,5800.0,5797.5,5.5853157e-05,0.00027926578,44
5800.0,5805.0,5802.5,5.8391937e-05,0.00029195968,46
5805.0,5810.0,5807.5,5.7122547e-05,0.00028561273,45
5810.0,5815.0,5812.5,6.6008276e-05,0.00033004138,52
5815.0,5820.0,5817.5,5.0775597e-05,0.00025387799,40
5820.0,5825.0,5822.5,6.2200107e-05,0.00031100053,49
5825.0,5830.0,5827.5,4.6967427e-05,0.00023483714,37
5830.0,5835.0,5832.5,4.8236817e-05,0.00024118409,38
5835.0,5840.0,5837.5,5.3314377e-05,0.00026657189,42
5840.0,5845.0,5842.5,5.3314377e-05,0.00026657189,42
5845.0,5850.0,5847.5,4.5698038e-05,0.00022849019,36
5850.0,5855.0,5852.5,5.0775597e-05,0.00025387799,40
5855.0,5860.0,5857.5,4.8236817e-05,0.00024118409,38
5860.0,5865.0,5862.5,5.9661327e-05,0.00029830663,47
5865.0,5870.0,5867.5,5.2044987e-05,0.00026022494,41
5870.0,5875.0,5872.5,4.4428648e-05,0.00022214324,35
5875.0,5880.0,5877.5,4.5698038e-05,0.00022849019,36
5880.0,5885.0,5882.5,5.3314377e-05,0.00026657189,42
5885.0,5890.0,5887.5,4.6967427e-05,0.00023483714,37
5890.0,5895.0,5892.5,4.6967427e-05,0.00023483714,37
5895.0,5900.0,5897.5,6.4738886e-05,0.00032369443,51
5900.0,5905.0,5902.5,5.8391937e-05,0.00029195968,46
5905.0,5910.0,5907.5,5.3314377e-05,0.00026657189,42
5910.0,5915.0,5912.5,5.8391937e-05,0.00029195968,46
5915.0,5920.0,5917.5,5.5853157e-05,0.00027926578,44
5920.0,5925.0,5922.5,4.6967427e-05,0.00023483714,37
5925.0,5930.0,5927.5,6.0930717e-05,0.00030465358,48
5930.0,5935.0,5932.5,3.9351088e-05,0.00019675544,31
5935.0,5940.0,5937.5,4.6967427e-05,0.00023483714,37
5940.0,5945.0,5942.5,5.4583767e-05,0.00027291884,43
5945.0,5950.0,5947.5,3.9351088e-05,0.00019675544,31
5950.0,5955.0,5952.5,5.8391937e-05,0.00029195968,46
5955.0,5960.0,5957.5,6.2200107e-05,0.00031100053,49
5960.0,5965.0,5962.5,4.8236817e-05,0.00024118409,38
5965.0,5970.0,5967.5,3.9351088e-05,0.00019675544,31
5970.0,5975.0,5972.5,5.3314377e-05,0.00026657189,42
5975.0,5980.0,5977.5,4.4428648e-05,0.00022214324,35
5980.0,5985.0,5982.5,5.5853157e-05,0.00027926578,44
5985.0,5990.0,5987.5,4.1889868e-05,0.00020944934,33
5990.0,5995.0,5992.5,5.8391937e-05,0.00029195968,46
5995.0,6000.0,5997.5,6.0930717e-05,0.00030465358,48
6000.0,6005.0,6002.5,4.5698038e-05,0.00022849019,36
6005.0,6010.0,6007.5,5.8391937e-05,0.00029195968,46
6010.0,6015.0,6012.5,5.7122547e-05,0.00028561273,45
6015.0,6020.0,6017.5,5.8391937e-05,0.00029195968,46
6020.0,6025.0,6022.5,5.0775597e-05,0.00025387799,40
6025.0,6030.0,6027.5,5.0775597e-05,0.00025387799,40
6030.0,6035.0,6032.5,4.5698038e-05,0.00022849019,36
6035.0,6040.0,6037.5,4.0620478e-05,0.00020310239,32
6040.0,6045.0,6042.5,6.0930717e-05,0.00030465358,48
6045.0,6050.0,6047.5,5.7122547e-05,0.00028561273,45
6050.0,6055.0,6052.5,4.9506207e-05,0.00024753104,39
6055.0,6060.0,6057.5,4.0620478e-05,0.00020310239,32
6060.0,6065.0,6062.5,6.4738886e-05,0.00032369443,51
6065.0,6070.0,6067.5,4.8236817e-05,0.00024118409,38
6070.0,6075.0,6072.5,3.9351088e-05,0.00019675544,31
6075.0,6080.0,6077.5,4.8236817e-05,0.00024118409,38
6080.0,6085.0,6082.5,4.4428648e-05,0.00022214324,35
6085.0,6090.0,6087.5,4.5698038e-05,0.00022849019,36
6090.0,6095.0,6092.5,5.0775597e-05,0.00025387799,40
6095.0,6100.0,6097.5,4.8236817e-05,0.00024118409,38
6100.0,6105.0,6102.5,5.0775597e-05,0.00025387799,40
6105.0,6110.0,6107.5,4.1889868e-05,0.00020944934,33
6110.0,6115.0,6112.5,6.2200107e-05,0.00031100053,49
6115.0,6120.0,6117.5,6.8547056e-05,0.00034273528,54
6120.0,6125.0,6122.5,5.3314377e-05,0.00026657189,42
6125.0,6130.0,6127.5,5.0775597e-05,0.00025387799,40
6130.0,6135.0,6132.5,4.0620478e-05,0.00020310239,32
6135.0,6140.0,6137.5,6.2200107e-05,0.00031100053,49
6140.0,6145.0,6142.5,6.3469497e-05,0.00031734748,50
6145.0,6150.0,6147.5,5.7122547e-05,0.00028561273,45
6150.0,6155.0,6152.5,4.3159258e-05,0.00021579629,34
6155.0,6160.0,6157.5,4.1889868e-05,0.00020944934,33
6160.0,6165.0,6162.5,5.0775597e-05,0.00025387799,40
6165.0,6170.0,6167.5,4.1889868e-05,0.00020944934,33
6170.0,6175.0,6172.5,5.2044987e-05,0.00026022494,41
6175.0,6180.0,6177.5,5.2044987e-05,0.00026022494,41
6180.0,6185.0,6182.5,4.8236817e-05,0.00024118409,38
6185.0,6190.0,6187.5,4.5698038e-05,0.00022849019,36
6190.0,6195.0,6192.5,5.3314377e-05,0.00026657189,42
6195.0,6200.0,6197.5,5.0775597e-05,0.00025387799,40
6200.0,6205.0,6202.5,5.9661327e-05,0.00029830663,47
6205.0,6210.0,6207.5,4.8236817e-05,0.00024118409,38
6210.0,6215.0,6212.5,5.7122547e-05,0.00028561273,45
6215.0,6220.0,6217.5,4.5698038e-05,0.00022849019,36
6220.0,6225.0,6222.5,4.6967427e-05,0.00023483714,37
6225.0,6230.0,6227.5,5.5853157e-05,0.00027926578,44
6230.0,6235.0,6232.5,6.2200107e-05,0.00031100053,49
6235.0,6240.0,6237.5,4.1889868e-05,0.00020944934,33
6240.0,6245.0,6242.5,6.0930717e-05,0.00030465358,48
6245.0,6250.0,6247.5,4.6967427e-05,0.00023483714,37
6250.0,6255.0,6252.5,4.5698038e-05,0.00022849019,36
6255.0,6260.0,6257.5,5.8391937e-05,0.00029195968,46
6260.0,6265.0,6262.5,4.9506207e-05,0.00024753104,39
6265.0,6270.0,6267.5,3.9351088e-05,0.00019675544,31
6270.0,6275.0,6272.5,6.3469497e-05,0.00031734748,50
6275.0,6280.0,6277.5,6.3469497e-05,0.00031734748,50
6280.0,6285.0,6282.5,4.8236817e-05,0.00024118409,38
6285.0,6290.0,6287.5,4.6967427e-05,0.00023483714,37
6290.0,6295.0,6292.5,5.5853157e-05,0.00027926578,44
6295.0,6300.0,6297.5,5.5853157e-05,0.00027926578,44
6300.0,6305.0,6302.5,4.1889868e-05,0.00020944934,33
6305.0,6310.0,6307.5,6.9816446e-05,0.00034908223,55
6310.0,6315.0,6312.5,4.9506207e-05,0.00024753104,39
6315.0,6320.0,6317.5,3.1734748e-05,0.00015867374,25
6320.0,6325.0,6322.5,5.0775597e-05,0.00025387799,40
6325.0,6330.0,6327.5,4.3159258e-05,0.00021579629,34
6330.0,6335.0,6332.5,5.4583767e-05,0.00027291884,43
6335.0,6340.0,6337.5,5.7122547e-05,0.00028561273,45
6340.0,6345.0,6342.5,4.3159258e-05,0.00021579629,34
6345.0,6350.0,6347.5,5.5853157e-05,0.00027926578,44
6350.0,6355.0,6352.5,5.2044987e-05,0.00026022494,41
6355.0,6360.0,6357.5,6.0930717e-05,0.00030465358,48
6360.0,6365.0,6362.5,5.0775597e-05,0.00025387799,40
6365.0,6370.0,6367.5,5.4583767e-05,0.00027291884,43
6370.0,6375.0,6372.5,5.5853157e-05,0.00027926578,44
6375.0,6380.0,6377.5,5.0775597e-05,0.00025387799,40
6380.0,6385.0,6382.5,5.7122547e-05,0.00028561273,45
6385.0,6390.0,6387.5,3.9351088e-05,0.00019675544,31
6390.0,6395.0,6392.5,5.2044987e-05,0.00026022494,41
6395.0,6400.0,6397.5,5.8391937e-05,0.00029195968,46
6400.0,6405.0,6402.5,5.0775597e-05,0.00025387799,40
6405.0,6410.0,6407.5,4.4428648e-05,0.00022214324,35
6410.0,6415.0,6412.5,5.4583767e-05,0.00027291884,43
6415.0,6420.0,6417.5,6.0930717e-05,0.00030465358,48
6420.0,6425.0,6422.5,4.9506207e-05,0.00024753104,39
6425.0,6430.0,6427.5,4.9506207e-05,0.00024753104,39
6430.0,6435.0,6432.5,5.2044987e-05,0.00026022494,41
6435.0,6440.0,6437.5,5.4583767e-05,0.00027291884,43
6440.0,6445.0,6442.5,5.4583767e-05,0.00027291884,43
6445.0,6450.0,6447.5,5.9661327e-05,0.00029830663,47
6450.0,6455.0,6452.5,4.8236817e-05,0.00024118409,38
6455.0,6460.0,6457.5,5.8391937e-05,0.00029195968,46
6460.0,6465.0,6462.5,5.0775597e-05,0.00025387799,40
6465.0,6470.0,6467.5,5.4583767e-05,0.00027291884,43
6470.0,6475.0,6472.5,5.9661327e-05,0.00029830663,47
6475.0,6480.0,6477.5,4.1889868e-05,0.00020944934,33
6480.0,6485.0,6482.5,5.4583767e-05,0.00027291884,43
6485.0,6490.0,6487.5,4.0620478e-05,0.00020310239,32
6490.0,6495.0,6492.5,5.3314377e-05,0.00026657189,42
6495.0,6500.0,6497.5,5.5853157e-05,0.00027926578,44
6500.0,6505.0,6502.5,5.5853157e-05,0.00027926578,44
6505.0,6510.0,6507.5,6.4738886e-05,0.00032369443,51
6510.0,6515.0,6512.5,4.6967427e-05,0.00023483714,37
6515.0,6520.0,6517.5,5.9661327e-05,0.00029830663,47
6520.0,6525.0,6522.5,5.9661327e-05,0.00029830663,47
6525.0,6530.0,6527.5,5.4583767e-05,0.00027291884,43
6530.0,6535.0,6532.5,6.2200107e-05,0.00031100053,49
6535.0,6540.0,6537.5,4.5698038e-05,0.00022849019,36
6540.0,6545.0,6542.5,5.5853157e-05,0.00027926578,44
6545.0,6550.0,6547.5,5.3314377e-05,0.00026657189,42
6550.0,6555.0,6552.5,5.9661327e-05,0.00029830663,47
6555.0,6560.0,6557.5,5.9661327e-05,0.00029830663,47
6560.0,6565.0,6562.5,4.6967427e-05,0.00023483714,37
6565.0,6570.0,6567.5,5.5853157e-05,0.00027926578,44
6570.0,6575.0,6572.5,4.6967427e-05,0.00023483714,37
6575.0,6580.0,6577.5,5.0775597e-05,0.00025387799,40
6580.0,6585.0,6582.5,4.6967427e-05,0.00023483714,37
6585.0,6590.0,6587.5,5.0775597e-05,0.00025387799,40
6590.0,6595.0,6592.5,5.2044987e-05,0.00026022494,41
6595.0,6600.0,6597.5,7.2355226e-05,0.00036177613,57
6600.0,6605.0,6602.5,5.5853157e-05,0.00027926578,44
6605.0,6610.0,6607.5,4.4428648e-05,0.00022214324,35
6610.0,6615.0,6612.5,4.9506207e-05,0.00024753104,39
6615.0,6620.0,6617.5,5.0775597e-05,0.00025387799,40
6620.0,6625.0,6622.5,4.3159258e-05,0.00021579629,34
6625.0,6630.0,6627.5,5.3314377e-05,0.00026657189,42
6630.0,6635.0,6632.5,4.9506207e-05,0.00024753104,39
6635.0,6640.0,6637.5,5.5853157e-05,0.00027926578,44
6640.0,6645.0,6642.5,6.2200107e-05,0.00031100053,49
6645.0,6650.0,6647.5,5.9661327e-05,0.00029830663,47
6650.0,6655.0,6652.5,4.8236817e-05,0.00024118409,38
6655.0,6660.0,6657.5,4.5698038e-05,0.00022849019,36
6660.0,6665.0,6662.5,3.4273528e-05,0.00017136764,27
6665.0,6670.0,6667.5,5.2044987e-05,0.00026022494,41
6670.0,6675.0,6672.5,3.6812308e-05,0.00018406154,29
6675.0,6680.0,6677.5,5.7122547e-05,0.00028561273,45
6680.0,6685.0,6682.5,5.7122547e-05,0.00028561273,45
6685.0,6690.0,6687.5,5.9661327e-05,0.00029830663,47
6690.0,6695.0,6692.5,4.6967427e-05,0.00023483714,37
6695.0,6700.0,6697.5,6.8547056e-05,0.00034273528,54
6700.0,6705.0,6702.5,3.5542918e-05,0.00017771459,28
6705.0,6710.0,6707.5,3.1734748e-05,0.00015867374,25
6710.0,6715.0,6712.5,3.5542918e-05,0.00017771459,28
6715.0,6720.0,6717.5,5.3314377e-05,0.00026657189,42
6720.0,6725.0,6722.5,6.0930717e-05,0.00030465358,48
6725.0,6730.0,6727.5,5.5853157e-05,0.00027926578,44
6730.0,6735.0,6732.5,4.3159258e-05,0.00021579629,34
6735.0,6740.0,6737.5,6.4738886e-05,0.00032369443,51
6740.0,6745.0,6742.5,4.4428648e-05,0.00022214324,35
6745.0,6750.0,6747.5,3.4273528e-05,0.00017136764,27
6750.0,6755.0,6752.5,4.0620478e-05,0.00020310239,32
6755.0,6760.0,6757.5,4.6967427e-05,0.00023483714,37
6760.0,6765.0,6762.5,6.3469497e-05,0.00031734748,50
6765.0,6770.0,6767.5,4.1889868e-05,0.00020944934,33
6770.0,6775.0,6772.5,5.2044987e-05,0.00026022494,41
6775.0,6780.0,6777.5,5.2044987e-05,0.00026022494,41
6780.0,6785.0,6782.5,4.9506207e-05,0.00024753104,39
6785.0,6790.0,6787.5,4.8236817e-05,0.00024118409,38
6790.0,6795.0,6792.5,3.9351088e-05,0.00019675544,31
6795.0,6800.0,6797.5,3.5542918e-05,0.00017771459,28
6800.0,6805.0,6802.5,4.6967427e-05,0.00023483714,37
6805.0,6810.0,6807.5,4.5698038e-05,0.00022849019,36
6810.0,6815.0,6812.5,4.4428648e-05,0.00022214324,35
6815.0,6820.0,6817.5,3.9351088e-05,0.00019675544,31
6820.0,6825.0,6822.5,4.6967427e-05,0.00023483714,37
6825.0,6830.0,6827.5,4.8236817e-05,0.00024118409,38
6830.0,6835.0,6832.5,5.5853157e-05,0.00027926578,44
6835.0,6840.0,6837.5,5.0775597e-05,0.00025387799,40
6840.0,6845.0,6842.5,5.4583767e-05,0.00027291884,43
6845.0,6850.0,6847.5,5.9661327e-05,0.00029830663,47
6850.0,6855.0,6852.5,6.7277666e-05,0.00033638833,53
6855.0,6860.0,6857.5,5.0775597e-05,0.00025387799,40
6860.0,6865.0,6862.5,5.9661327e-05,0.00029830663,47
6865.0,6870.0,6867.5,5.7122547e-05,0.00028561273,45
6870.0,6875.0,6872.5,4.6967427e-05,0.00023483714,37
6875.0,6880.0,6877.5,4.5698038e-05,0.00022849019,36
6880.0,6885.0,6882.5,6.7277666e-05,0.00033638833,53
6885.0,6890.0,6887.5,3.9351088e-05,0.00019675544,31
6890.0,6895.0,6892.5,5.9661327e-05,0.00029830663,47
6895.0,6900.0,6897.5,5.2044987e-05,0.00026022494,41
6900.0,6905.0,6902.5,4.1889868e-05,0.00020944934,33
6905.0,6910.0,6907.5,5.3314377e-05,0.00026657189,42
6910.0,6915.0,6912.5,4.5698038e-05,0.00022849019,36
6915.0,6920.0,6917.5,5.2044987e-05,0.00026022494,41
6920.0,6925.0,6922.5,3.8081698e-05,0.00019040849,30
6925.0,6930.0,6927.5,4.8236817e-05,0.00024118409,38
6930.0,6935.0,6932.5,4.0620478e-05,0.00020310239,32
6935.0,6940.0,6937.5,3.9351088e-05,0.00019675544,31
6940.0,6945.0,6942.5,3.6812308e-05,0.00018406154,29
6945.0,6950.0,6947.5,4.8236817e-05,0.00024118409,38
6950.0,6955.0,6952.5,3.4273528e-05,0.00017136764,27
6955.0,6960.0,6957.5,4.3159258e-05,0.00021579629,34
6960.0,6965.0,6962.5,4.6967427e-05,0.00023483714,37
6965.0,6970.0,6967.5,4.6967427e-05,0.00023483714,37
6970.0,6975.0,6972.5,3.9351088e-05,0.00019675544,31
6975.0,6980.0,6977.5,6.7277666e-05,0.00033638833,53
6980.0,6985.0,6982.5,4.5698038e-05,0.00022849019,36
6985.0,6990.0,6987.5,4.4428648e-05,0.00022214324,35
6990.0,6995.0,6992.5,4.3159258e-05,0.00021579629,34
6995.0,7000.0,6997.5,2.5387799e-05,0.00012693899,20
7000.0,7005.0,7002.5,5.8391937e-05,0.00029195968,46
7005.0,7010.0,7007.5,5.2044987e-05,0.00026022494,41
7010.0,7015.0,7012.5,5.0775597e-05,0.00025387799,40
7015.0,7020.0,7017.5,4.8236817e-05,0.00024118409,38
7020.0,7025.0,7022.5,4.8236817e-05,0.00024118409,38
7025.0,7030.0,7027.5,6.0930717e-05,0.00030465358,48
7030.0,7035.0,7032.5,4.5698038e-05,0.00022849019,36
7035.0,7040.0,7037.5,5.4583767e-05,0.00027291884,43
7040.0,7045.0,7042.5,3.9351088e-05,0.00019675544,31
7045.0,7050.0,7047.5,4.0620478e-05,0.00020310239,32
7050.0,7055.0,7052.5,5.5853157e-05,0.00027926578,44
7055.0,7060.0,7057.5,5.4583767e-05,0.00027291884,43
7060.0,7065.0,7062.5,3.9351088e-05,0.00019675544,31
7065.0,7070.0,7067.5,5.7122547e-05,0.00028561273,45
7070.0,7075.0,7072.5,6.6008276e-05,0.00033004138,52
7075.0,7080.0,7077.5,5.5853157e-05,0.00027926578,44
7080.0,7085.0,7082.5,4.3159258e-05,0.00021579629,34
7085.0,7090.0,7087.5,3.8081698e-05,0.00019040849,30
7090.0,7095.0,7092.5,4.6967427e-05,0.00023483714,37
7095.0,7100.0,7097.5,3.5542918e-05,0.00017771459,28
7100.0,7105.0,7102.5,4.6967427e-05,0.00023483714,37
7105.0,7110.0,7107.5,5.4583767e-05,0.00027291884,43
7110.0,7115.0,7112.5,5.2044987e-05,0.00026022494,41
7115.0,7120.0,7117.5,4.3159258e-05,0.00021579629,34
7120.0,7125.0,7122.5,4.9506207e-05,0.00024753104,39
7125.0,7130.0,7127.5,5.2044987e-05,0.00026022494,41
7130.0,7135.0,7132.5,4.3159258e-05,0.00021579629,34
7135.0,7140.0,7137.5,5.4583767e-05,0.00027291884,43
7140.0,7145.0,7142.5,3.6812308e-05,0.00018406154,29
7145.0,7150.0,7147.5,5.2044987e-05,0.00026022494,41
7150.0,7155.0,7152.5,5.4583767e-05,0.00027291884,43
7155.0,7160.0,7157.5,5.7122547e-05,0.00028561273,45
7160.0,7165.0,7162.5,4.0620478e-05,0.00020310239,32
7165.0,7170.0,7167.5,4.3159258e-05,0.00021579629,34
7170.0,7175.0,7172.5,4.8236817e-05,0.00024118409,38
7175.0,7180.0,7177.5,3.6812308e-05,0.00018406154,29
7180.0,7185.0,7182.5,4.9506207e-05,0.00024753104,39
7185.0,7190.0,7187.5,5.2044987e-05,0.00026022494,41
7190.0,7195.0,7192.5,4.0620478e-05,0.00020310239,32
7195.0,7200.0,7197.5,4.0620478e-05,0.00020310239,32
7200.0,7205.0,7202.5,5.8391937e-05,0.00029195968,46
7205.0,7210.0,7207.5,4.9506207e-05,0.00024753104,39
7210.0,7215.0,7212.5,5.8391937e-05,0.00029195968,46
7215.0,7220.0,7217.5,5.5853157e-05,0.00027926578,44
7220.0,7225.0,7222.5,5.2044987e-05,0.00026022494,41
7225.0,7230.0,7227.5,4.3159258e-05,0.00021579629,34
7230.0,7235.0,7232.5,4.3159258e-05,0.00021579629,34
7235.0,7240.0,7237.5,5.5853157e-05,0.00027926578,44
7240.0,7245.0,7242.5,5.3314377e-05,0.00026657189,42
7245.0,7250.0,7247.5,6.7277666e-05,0.00033638833,53
7250.0,7255.0,7252.5,4.5698038e-05,0.00022849019,36
7255.0,7260.0,7257.5,4.9506207e-05,0.00024753104,39
7260.0,7265.0,7262.5,5.2044987e-05,0.00026022494,41
7265.0,7270.0,7267.5,4.3159258e-05,0.00021579629,34
7270.0,7275.0,7272.5,4.3159258e-05,0.00021579629,34
7275.0,7280.0,7277.5,5.8391937e-05,0.00029195968,46
7280.0,7285.0,7282.5,3.4273528e-05,0.00017136764,27
7285.0,7290.0,7287.5,6.2200107e-05,0.00031100053,49
7290.0,7295.0,7292.5,3.9351088e-05,0.00019675544,31
7295.0,7300.0,7297.5,4.1889868e-05,0.00020944934,33
7300.0,7305.0,7302.5,3.8081698e-05,0.00019040849,30
7305.0,7310.0,7307.5,4.4428648e-05,0.00022214324,35
7310.0,7315.0,7312.5,4.8236817e-05,0.00024118409,38
7315.0,7320.0,7317.5,4.4428648e-05,0.00022214324,35
7320.0,7325.0,7322.5,3.6812308e-05,0.00018406154,29
7325.0,7330.0,7327.5,4.9506207e-05,0.00024753104,39
7330.0,7335.0,7332.5,5.0775597e-05,0.00025387799,40
7335.0,7340.0,7337.5,4.9506207e-05,0.00024753104,39
7340.0,7345.0,7342.5,5.3314377e-05,0.00026657189,42
7345.0,7350.0,7347.5,4.1889868e-05,0.00020944934,33
7350.0,7355.0,7352.5,3.0465358e-05,0.00015232679,24
7355.0,7360.0,7357.5,5.0775597e-05,0.00025387799,40
7360.0,7365.0,7362.5,5.0775597e-05,0.00025387799,40
7365.0,7370.0,7367.5,4.3159258e-05,0.00021579629,34
7370.0,7375.0,7372.5,6.3469497e-05,0.00031734748,50
7375.0,7380.0,7377.5,3.5542918e-05,0.00017771459,28
7380.0,7385.0,7382.5,4.6967427e-05,0.00023483714,37
7385.0,7390.0,7387.5,4.6967427e-05,0.00023483714,37
7390.0,7395.0,7392.5,4.0620478e-05,0.00020310239,32
7395.0,7400.0,7397.5,4.9506207e-05,0.00024753104,39
7400.0,7405.0,7402.5,5.4583767e-05,0.00027291884,43
7405.0,7410.0,7407.5,5.3314377e-05,0.00026657189,42
7410.0,7415.0,7412.5,4.4428648e-05,0.00022214324,35
7415.0,7420.0,7417.5,4.8236817e-05,0.00024118409,38
7420.0,7425.0,7422.5,5.0775597e-05,0.00025387799,40
7425.0,7430.0,7427.5,3.9351088e-05,0.00019675544,31
7430.0,7435.0,7432.5,4.9506207e-05,0.00024753104,39
7435.0,7440.0,7437.5,4.9506207e-05,0.00024753104,39
7440.0,7445.0,7442.5,4.5698038e-05,0.00022849019,36
7445.0,7450.0,7447.5,5.0775597e-05,0.00025387799,40
7450.0,7455.0,7452.5,4.0620478e-05,0.00020310239,32
7455.0,7460.0,7457.5,4.3159258e-05,0.00021579629,34
7460.0,7465.0,7462.5,3.9351088e-05,0.00019675544,31
7465.0,7470.0,7467.5,4.4428648e-05,0.00022214324,35
7470.0,7475.0,7472.5,4.0620478e-05,0.00020310239,32
7475.0,7480.0,7477.5,5.4583767e-05,0.00027291884,43
7480.0,7485.0,7482.5,5.0775597e-05,0.00025387799,40
7485.0,7490.0,7487.5,3.4273528e-05,0.00017136764,27
7490.0,7495.0,7492.5,4.1889868e-05,0.00020944934,33
7495.0,7500.0,7497.5,5.2044987e-05,0.00026022494,41
7500.0,7505.0,7502.5,4.4428648e-05,0.00022214324,35
7505.0,7510.0,7507.5,4.8236817e-05,0.00024118409,38
7510.0,7515.0,7512.5,4.0620478e-05,0.00020310239,32
7515.0,7520.0,7517.5,3.5542918e-05,0.00017771459,28
7520.0,7525.0,7522.5,5.4583767e-05,0.00027291884,43
7525.0,7530.0,7527.5,4.9506207e-05,0.00024753104,39
7530.0,7535.0,7532.5,4.1889868e-05,0.00020944934,33
7535.0,7540.0,7537.5,4.8236817e-05,0.00024118409,38
7540.0,7545.0,7542.5,6.0930717e-05,0.00030465358,48
7545.0,7550.0,7547.5,4.9506207e-05,0.00024753104,39
7550.0,7555.0,7552.5,4.4428648e-05,0.00022214324,35
7555.0,7560.0,7557.5,5.0775597e-05,0.00025387799,40
7560.0,7565.0,7562.5,5.7122547e-05,0.00028561273,45
7565.0,7570.0,7567.5,3.9351088e-05,0.00019675544,31
7570.0,7575.0,7572.5,3.9351088e-05,0.00019675544,31
7575.0,7580.0,7577.5,4.8236817e-05,0.00024118409,38
7580.0,7585.0,7582.5,3.5542918e-05,0.00017771459,28
7585.0,7590.0,7587.5,4.3159258e-05,0.00021579629,34
7590.0,7595.0,7592.5,4.8236817e-05,0.00024118409,38
7595.0,7600.0,7597.5,5.8391937e-05,0.00029195968,46
7600.0,7605.0,7602.5,4.8236817e-05,0.00024118409,38
7605.0,7610.0,7607.5,4.8236817e-05,0.00024118409,38
7610.0,7615.0,7612.5,4.4428648e-05,0.00022214324,35
7615.0,7620.0,7617.5,4.0620478e-05,0.00020310239,32
7620.0,7625.0,7622.5,3.8081698e-05,0.00019040849,30
7625.0,7630.0,7627.5,3.6812308e-05,0.00018406154,29
7630.0,7635.0,7632.5,4.8236817e-05,0.00024118409,38
7635.0,7640.0,7637.5,5.0775597e-05,0.00025387799,40
7640.0,7645.0,7642.5,4.4428648e-05,0.00022214324,35
7645.0,7650.0,7647.5,5.0775597e-05,0.00025387799,40
7650.0,7655.0,7652.5,4.6967427e-05,0.00023483714,37
7655.0,7660.0,7657.5,6.2200107e-05,0.00031100053,49
7660.0,7665.0,7662.5,4.1889868e-05,0.00020944934,33
7665.0,7670.0,7667.5,5.2044987e-05,0.00026022494,41
7670.0,7675.0,7672.5,4.5698038e-05,0.00022849019,36
7675.0,7680.0,7677.5,4.8236817e-05,0.00024118409,38
7680.0,7685.0,7682.5,6.7277666e-05,0.00033638833,53
7685.0,7690.0,7687.5,4.1889868e-05,0.00020944934,33
7690.0,7695.0,7692.5,4.0620478e-05,0.00020310239,32
7695.0,7700.0,7697.5,3.5542918e-05,0.00017771459,28
7700.0,7705.0,7702.5,4.6967427e-05,0.00023483714,37
7705.0,7710.0,7707.5,4.0620478e-05,0.00020310239,32
7710.0,7715.0,7712.5,3.9351088e-05,0.00019675544,31
7715.0,7720.0,7717.5,3.1734748e-05,0.00015867374,25
7720.0,7725.0,7722.5,4.8236817e-05,0.00024118409,38
7725.0,7730.0,7727.5,5.0775597e-05,0.00025387799,40
7730.0,7735.0,7732.5,3.9351088e-05,0.00019675544,31
7735.0,7740.0,7737.5,5.4583767e-05,0.00027291884,43
7740.0,7745.0,7742.5,4.6967427e-05,0.00023483714,37
7745.0,7750.0,7747.5,2.9195968e-05,0.00014597984,23
7750.0,7755.0,7752.5,4.6967427e-05,0.00023483714,37
7755.0,7760.0,7757.5,5.8391937e-05,0.00029195968,46
7760.0,7765.0,7762.5,5.5853157e-05,0.00027926578,44
7765.0,7770.0,7767.5,4.6967427e-05,0.00023483714,37
7770.0,7775.0,7772.5,4.6967427e-05,0.00023483714,37
7775.0,7780.0,7777.5,5.3314377e-05,0.00026657189,42
7780.0,7785.0,7782.5,4.6967427e-05,0.00023483714,37
7785.0,7790.0,7787.5,4.6967427e-05,0.00023483714,37
7790.0,7795.0,7792.5,5.4583767e-05,0.00027291884,43
7795.0,7800.0,7797.5,3.8081698e-05,0.00019040849,30
7800.0,7805.0,7802.5,5.0775597e-05,0.00025387799,40
7805.0,7810.0,7807.5,2.9195968e-05,0.00014597984,23
7810.0,7815.0,7812.5,4.8236817e-05,0.00024118409,38
7815.0,7820.0,7817.5,5.5853157e-05,0.00027926578,44
7820.0,7825.0,7822.5,4.0620478e-05,0.00020310239,32
7825.0,7830.0,7827.5,3.5542918e-05,0.00017771459,28
7830.0,7835.0,7832.5,4.1889868e-05,0.00020944934,33
7835.0,7840.0,7837.5,2.7926578e-05,0.00013963289,22
7840.0,7845.0,7842.5,3.6812308e-05,0.00018406154,29
7845.0,7850.0,7847.5,6.2200107e-05,0.00031100053,49
7850.0,7855.0,7852.5,4.5698038e-05,0.00022849019,36
7855.0,7860.0,7857.5,4.4428648e-05,0.00022214324,35
7860.0,7865.0,7862.5,4.3159258e-05,0.00021579629,34
7865.0,7870.0,7867.5,4.1889868e-05,0.00020944934,33
7870.0,7875.0,7872.5,4.4428648e-05,0.00022214324,35
7875.0,7880.0,7877.5,4.9506207e-05,0.00024753104,39
7880.0,7885.0,7882.5,4.9506207e-05,0.00024753104,39
7885.0,7890.0,7887.5,4.4428648e-05,0.00022214324,35
7890.0,7895.0,7892.5,5.0775597e-05,0.00025387799,40
7895.0,7900.0,7897.5,5.3314377e-05,0.00026657189,42
7900.0,7905.0,7902.5,6.0930717e-05,0.00030465358,48
7905.0,7910.0,7907.5,2.2849019e-05,0.00011424509,18
7910.0,7915.0,7912.5,4.0620478e-05,0.00020310239,32
7915.0,7920.0,7917.5,3.9351088e-05,0.00019675544,31
7920.0,7925.0,7922.5,3.9351088e-05,0.00019675544,31
7925.0,7930.0,7927.5,3.5542918e-05,0.00017771459,28
7930.0,7935.0,7932.5,4.1889868e-05,0.00020944934,33
7935.0,7940.0,7937.5,4.3159258e-05,0.00021579629,34
7940.0,7945.0,7942.5,4.1889868e-05,0.00020944934,33
7945.0,7950.0,7947.5,5.3314377e-05,0.00026657189,42
7950.0,7955.0,7952.5,3.3004138e-05,0.00016502069,26
7955.0,7960.0,7957.5,5.3314377e-05,0.00026657189,42
7960.0,7965.0,7962.5,4.9506207e-05,0.00024753104,39
7965.0,7970.0,7967.5,4.5698038e-05,0.00022849019,36
7970.0,7975.0,7972.5,5.4583767e-05,0.00027291884,43
7975.0,7980.0,7977.5,5.3314377e-05,0.00026657189,42
7980.0,7985.0,7982.5,3.6812308e-05,0.00018406154,29
7985.0,7990.0,7987.5,3.9351088e-05,0.00019675544,31
7990.0,7995.0,7992.5,4.0620478e-05,0.00020310239,32
7995.0,8000.0,7997.5,4.8236817e-05,0.00024118409,38
8000.0,8005.0,8002.5,3.6812308e-05,0.00018406154,29
8005.0,8010.0,8007.5,3.8081698e-05,0.00019040849,30
8010.0,8015.0,8012.5,4.9506207e-05,0.00024753104,39
8015.0,8020.0,8017.5,3.8081698e-05,0.00019040849,30
8020.0,8025.0,8022.5,4.0620478e-05,0.00020310239,32
8025.0,8030.0,8027.5,4.8236817e-05,0.00024118409,38
8030.0,8035.0,8032.5,4.9506207e-05,0.00024753104,39
8035.0,8040.0,8037.5,3.0465358e-05,0.00015232679,24
8040.0,8045.0,8042.5,4.8236817e-05,0.00024118409,38
8045.0,8050.0,8047.5,5.4583767e-05,0.00027291884,43
8050.0,8055.0,8052.5,4.9506207e-05,0.00024753104,39
8055.0,8060.0,8057.5,3.9351088e-05,0.00019675544,31
8060.0,8065.0,8062.5,3.5542918e-05,0.00017771459,28
8065.0,8070.0,8067.5,4.9506207e-05,0.00024753104,39
8070.0,8075.0,8072.5,4.4428648e-05,0.00022214324,35
8075.0,8080.0,8077.5,5.2044987e-05,0.00026022494,41
8080.0,8085.0,8082.5,4.9506207e-05,0.00024753104,39
8085.0,8090.0,8087.5,3.1734748e-05,0.00015867374,25
8090.0,8095.0,8092.5,4.8236817e-05,0.00024118409,38
8095.0,8100.0,8097.5,4.5698038e-05,0.00022849019,36
8100.0,8105.0,8102.5,3.1734748e-05,0.00015867374,25
8105.0,8110.0,8107.5,4.8236817e-05,0.00024118409,38
8110.0,8115.0,8112.5,4.5698038e-05,0.00022849019,36
8115.0,8120.0,8117.5,3.0465358e-05,0.00015232679,24
8120.0,8125.0,8122.5,3.5542918e-05,0.00017771459,28
8125.0,8130.0,8127.5,5.0775597e-05,0.00025387799,40
8130.0,8135.0,8132.5,3.8081698e-05,0.00019040849,30
8135.0,8140.0,8137.5,5.0775597e-05,0.00025387799,40
8140.0,8145.0,8142.5,4.9506207e-05,0.00024753104,39
8145.0,8150.0,8147.5,4.4428648e-05,0.00022214324,35
8150.0,8155.0,8152.5,3.8081698e-05,0.00019040849,30
8155.0,8160.0,8157.5,5.3314377e-05,0.00026657189,42
8160.0,8165.0,8162.5,4.5698038e-05,0.00022849019,36
8165.0,8170.0,8167.5,4.8236817e-05,0.00024118409,38
8170.0,8175.0,8172.5,3.0465358e-05,0.00015232679,24
8175.0,8180.0,8177.5,3.9351088e-05,0.00019675544,31
8180.0,8185.0,8182.5,3.8081698e-05,0.00019040849,30
8185.0,8190.0,8187.5,3.9351088e-05,0.00019675544,31
8190.0,8195.0,8192.5,4.9506207e-05,0.00024753104,39
8195.0,8200.0,8197.5,4.1889868e-05,0.00020944934,33
8200.0,8205.0,8202.5,4.4428648e-05,0.00022214324,35
8205.0,8210.0,8207.5,3.6812308e-05,0.00018406154,29
8210.0,8215.0,8212.5,4.3159258e-05,0.00021579629,34
8215.0,8220.0,8217.5,3.4273528e-05,0.00017136764,27
8220.0,8225.0,8222.5,4.3159258e-05,0.00021579629,34
8225.0,8230.0,8227.5,4.9506207e-05,0.00024753104,39
8230.0,8235.0,8232.5,5.0775597e-05,0.00025387799,40
8235.0,8240.0,8237.5,3.5542918e-05,0.00017771459,28
8240.0,8245.0,8242.5,3.8081698e-05,0.00019040849,30
8245.0,8250.0,8247.5,2.9195968e-05,0.00014597984,23
8250.0,8255.0,8252.5,5.2044987e-05,0.00026022494,41
8255.0,8260.0,8257.5,4.4428648e-05,0.00022214324,35
8260.0,8265.0,8262.5,4.9506207e-05,0.00024753104,39
8265.0,8270.0,8267.5,3.4273528e-05,0.00017136764,27
8270.0,8275.0,8272.5,5.0775597e-05,0.00025387799,40
8275.0,8280.0,8277.5,3.4273528e-05,0.00017136764,27
8280.0,8285.0,8282.5,4.6967427e-05,0.00023483714,37
8285.0,8290.0,8287.5,4.3159258e-05,0.00021579629,34
8290.0,8295.0,8292.5,4.8236817e-05,0.00024118409,38
8295.0,8300.0,8297.5,3.1734748e-05,0.00015867374,25
8300.0,8305.0,8302.5,3.0465358e-05,0.00015232679,24
8305.0,8310.0,8307.5,3.8081698e-05,0.00019040849,30
8310.0,8315.0,8312.5,4.3159258e-05,0.00021579629,34
8315.0,8320.0,8317.5,3.6812308e-05,0.00018406154,29
8320.0,8325.0,8322.5,3.3004138e-05,0.00016502069,26
8325.0,8330.0,8327.5,4.0620478e-05,0.00020310239,32
8330.0,8335.0,8332.5,3.3004138e-05,0.00016502069,26
8335.0,8340.0,8337.5,5.2044987e-05,0.00026022494,41
8340.0,8345.0,8342.5,3.9351088e-05,0.00019675544,31
8345.0,8350.0,8347.5,5.9661327e-05,0.00029830663,47
8350.0,8355.0,8352.5,3.1734748e-05,0.00015867374,25
8355.0,8360.0,8357.5,4.4428648e-05,0.00022214324,35
8360.0,8365.0,8362.5,5.3314377e-05,0.00026657189,42
8365.0,8370.0,8367.5,4.3159258e-05,0.00021579629,34
8370.0,8375.0,8372.5,5.0775597e-05,0.00025387799,40
8375.0,8380.0,8377.5,3.9351088e-05,0.00019675544,31
8380.0,8385.0,8382.5,1.7771459e-05,8.8857295e-05,14
8385.0,8390.0,8387.5,2.2849019e-05,0.00011424509,18
8390.0,8395.0,8392.5,2.7926578e-05,0.00013963289,22
8395.0,8400.0,8397.5,2.1579629e-05,0.00010789814,17
8400.0,8405.0,8402.5,1.9040849e-05,9.5204245e-05,15
8405.0,8410.0,8407.5,2.0310239e-05,0.00010155119,16
8410.0,8415.0,8412.5,1.3963289e-05,6.9816446e-05,11
8415.0,8420.0,8417.5,1.2693899e-05,6.3469497e-05,10
8420.0,8425.0,8422.5,2.2849019e-05,0.00011424509,18
8425.0,8430.0,8427.5,1.9040849e-05,9.5204245e-05,15
8430.0,8435.0,8432.5,5.0775597e-06,2.5387799e-05,4
8435.0,8440.0,8437.5,3.1734748e-05,0.00015867374,25
8440.0,8445.0,8442.5,2.4118409e-05,0.00012059204,19
8445.0,8450.0,8447.5,2.4118409e-05,0.00012059204,19
8450.0,8455.0,8452.5,1.9040849e-05,9.5204245e-05,15
8455.0,8460.0,8457.5,2.1579629e-05,0.00010789814,17
8460.0,8465.0,8462.5,2.0310239e-05,0.00010155119,16
8465.0,8470.0,8467.5,1.9040849e-05,9.5204245e-05,15
8470.0,8475.0,8472.5,1.6502069e-05,8.2510346e-05,13
8475.0,8480.0,8477.5,1.9040849e-05,9.5204245e-05,15
8480.0,8485.0,8482.5,2.0310239e-05,0.00010155119,16
8485.0,8490.0,8487.5,1.9040849e-05,9.5204245e-05,15
8490.0,8495.0,8492.5,1.6502069e-05,8.2510346e-05,13
8495.0,8500.0,8497.5,2.2849019e-05,0.00011424509,18
8500.0,8505.0,8502.5,2.0310239e-05,0.00010155119,16
8505.0,8510.0,8507.5,1.7771459e-05,8.8857295e-05,14
8510.0,8515.0,8512.5,1.2693899e-05,6.3469497e-05,10
8515.0,8520.0,8517.5,1.7771459e-05,8.8857295e-05,14
8520.0,8525.0,8522.5,2.2849019e-05,0.00011424509,18
8525.0,8530.0,8527.5,3.4273528e-05,0.00017136764,27
8530.0,8535.0,8532.5,2.9195968e-05,0.00014597984,23
8535.0,8540.0,8537.5,2.6657189e-05,0.00013328594,21
8540.0,8545.0,8542.5,1.3963289e-05,6.9816446e-05,11
8545.0,8550.0,8547.5,2.0310239e-05,0.00010155119,16
8550.0,8555.0,8552.5,1.5232679e-05,7.6163396e-05,12
8555.0,8560.0,8557.5,2.0310239e-05,0.00010155119,16
8560.0,8565.0,8562.5,1.9040849e-05,9.5204245e-05,15
8565.0,8570.0,8567.5,2.2849019e-05,0.00011424509,18
8570.0,8575.0,8572.5,2.0310239e-05,0.00010155119,16
8575.0,8580.0,8577.5,2.7926578e-05,0.00013963289,22
8580.0,8585.0,8582.5,2.6657189e-05,0.00013328594,21
8585.0,8590.0,8587.5,2.1579629e-05,0.00010789814,17
8590.0,8595.0,8592.5,1.6502069e-05,8.2510346e-05,13
8595.0,8600.0,8597.5,1.9040849e-05,9.5204245e-05,15
8600.0,8605.0,8602.5,2.1579629e-05,0.00010789814,17
8605.0,8610.0,8607.5,2.0310239e-05,0.00010155119,16
8610.0,8615.0,8612.5,2.0310239e-05,0.00010155119,16
8615.0,8620.0,8617.5,2.7926578e-05,0.00013963289,22
8620.0,8625.0,8622.5,2.9195968e-05,0.00014597984,23
8625.0,8630.0,8627.5,2.1579629e-05,0.00010789814,17
8630.0,8635.0,8632.5,2.6657189e-05,0.00013328594,21
8635.0,8640.0,8637.5,1.9040849e-05,9.5204245e-05,15
8640.0,8645.0,8642.5,1.5232679e-05,7.6163396e-05,12
8645.0,8650.0,8647.5,2.1579629e-05,0.00010789814,17
8650.0,8655.0,8652.5,2.4118409e-05,0.00012059204,19
8655.0,8660.0,8657.5,1.6502069e-05,8.2510346e-05,13
8660.0,8665.0,8662.5,1.5232679e-05,7.6163396e-05,12
8665.0,8670.0,8667.5,2.4118409e-05,0.00012059204,19
8670.0,8675.0,8672.5,2.1579629e-05,0.00010789814,17
8675.0,8680.0,8677.5,1.3963289e-05,6.9816446e-05,11
8680.0,8685.0,8682.5,1.7771459e-05,8.8857295e-05,14
8685.0,8690.0,8687.5,2.1579629e-05,0.00010789814,17
8690.0,8695.0,8692.5,1.1424509e-05,5.7122547e-05,9
8695.0,8700.0,8697.5,1.7771459e-05,8.8857295e-05,14
8700.0,8705.0,8702.5,1.6502069e-05,8.2510346e-05,13
8705.0,8710.0,8707.5,1.3963289e-05,6.9816446e-05,11
8710.0,8715.0,8712.5,2.2849019e-05,0.00011424509,18
8715.0,8720.0,8717.5,1.2693899e-05,6.3469497e-05,10
8720.0,8725.0,8722.5,1.1424509e-05,5.7122547e-05,9
8725.0,8730.0,8727.5,1.5232679e-05,7.6163396e-05,12
8730.0,8735.0,8732.5,1.1424509e-05,5.7122547e-05,9
8735.0,8740.0,8737.5,1.5232679e-05,7.6163396e-05,12
8740.0,8745.0,8742.5,1.5232679e-05,7.6163396e-05,12
8745.0,8750.0,8747.5,1.6502069e-05,8.2510346e-05,13
8750.0,8755.0,8752.5,2.4118409e-05,0.00012059204,19
8755.0,8760.0,8757.5,1.3963289e-05,6.9816446e-05,11
8760.0,8765.0,8762.5,1.7771459e-05,8.8857295e-05,14
8765.0,8770.0,8767.5,1.6502069e-05,8.2510346e-05,13
8770.0,8775.0,8772.5,1.6502069e-05,8.2510346e-05,13
8775.0,8780.0,8777.5,2.0310239e-05,0.00010155119,16
8780.0,8785.0,8782.5,1.6502069e-05,8.2510346e-05,13
8785.0,8790.0,8787.5,1.7771459e-05,8.8857295e-05,14
8790.0,8795.0,8792.5,2.5387799e-05,0.00012693899,20
8795.0,8800.0,8797.5,1.7771459e-05,8.8857295e-05,14
8800.0,8805.0,8802.5,1.6502069e-05,8.2510346e-05,13
8805.0,8810.0,8807.5,2.1579629e-05,0.00010789814,17
8810.0,8815.0,8812.5,1.6502069e-05,8.2510346e-05,13
8815.0,8820.0,8817.5,1.0155119e-05,5.0775597e-05,8
8820.0,8825.0,8822.5,1.6502069e-05,8.2510346e-05,13
8825.0,8830.0,8827.5,1.3963289e-05,6.9816446e-05,11
8830.0,8835.0,8832.5,1.1424509e-05,5.7122547e-05,9
8835.0,8840.0,8837.5,1.6502069e-05,8.2510346e-05,13
8840.0,8845.0,8842.5,2.2849019e-05,0.00011424509,18
8845.0,8850.0,8847.5,1.7771459e-05,8.8857295e-05,14
8850.0,8855.0,8852.5,1.2693899e-05,6.3469497e-05,10
8855.0,8860.0,8857.5,1.5232679e-05,7.6163396e-05,12
8860.0,8865.0,8862.5,1.7771459e-05,8.8857295e-05,14
8865.0,8870.0,8867.5,1.5232679e-05,7.6163396e-05,12
8870.0,8875.0,8872.5,2.4118409e-05,0.00012059204,19
8875.0,8880.0,8877.5,1.1424509e-05,5.7122547e-05,9
8880.0,8885.0,8882.5,1.2693899e-05,6.3469497e-05,10
8885.0,8890.0,8887.5,1.2693899e-05,6.3469497e-05,10
8890.0,8895.0,8892.5,1.1424509e-05,5.7122547e-05,9
8895.0,8900.0,8897.5,2.1579629e-05,0.00010789814,17
8900.0,8905.0,8902.5,1.2693899e-05,6.3469497e-05,10
8905.0,8910.0,8907.5,1.7771459e-05,8.8857295e-05,14
8910.0,8915.0,8912.5,1.9040849e-05,9.5204245e-05,15
8915.0,8920.0,8917.5,1.3963289e-05,6.9816446e-05,11
8920.0,8925.0,8922.5,1.7771459e-05,8.8857295e-05,14
8925.0,8930.0,8927.5,1.0155119e-05,5.0775597e-05,8
8930.0,8935.0,8932.5,1.3963289e-05,6.9816446e-05,11
8935.0,8940.0,8937.5,1.5232679e-05,7.6163396e-05,12
8940.0,8945.0,8942.5,1.5232679e-05,7.6163396e-05,12
8945.0,8950.0,8947.5,1.6502069e-05,8.2510346e-05,13
8950.0,8955.0,8952.5,1.3963289e-05,6.9816446e-05,11
8955.0,8960.0,8957.5,1.2693899e-05,6.3469497e-05,10
8960.0,8965.0,8962.5,1.3963289e-05,6.9816446e-05,11
8965.0,8970.0,8967.5,1.3963289e-05,6.9816446e-05,11
8970.0,8975.0,8972.5,1.5232679e-05,7.6163396e-05,12
8975.0,8980.0,8977.5,1.3963289e-05,6.9816446e-05,11
8980.0,8985.0,8982.5,1.9040849e-05,9.5204245e-05,15
8985.0,8990.0,8987.5,1.0155119e-05,5.0775597e-05,8
8990.0,8995.0,8992.5,2.4118409e-05,0.00012059204,19
8995.0,9000.0,8997.5,1.3963289e-05,6.9816446e-05,11
9000.0,9005.0,9002.5,1.1424509e-05,5.7122547e-05,9
9005.0,9010.0,9007.5,8.8857295e-06,4.4428648e-05,7
9010.0,9015.0,9012.5,1.7771459e-05,8.8857295e-05,14
9015.0,9020.0,9017.5,1.7771459e-05,8.8857295e-05,14
9020.0,9025.0,9022.5,1.7771459e-05,8.8857295e-05,14
9025.0,9030.0,9027.5,1.2693899e-05,6.3469497e-05,10
9030.0,9035.0,9032.5,1.0155119e-05,5.0775597e-05,8
9035.0,9040.0,9037.5,1.5232679e-05,7.6163396e-05,12
9040.0,9045.0,9042.5,1.1424509e-05,5.7122547e-05,9
9045.0,9050.0,9047.5,1.7771459e-05,8.8857295e-05,14
9050.0,9055.0,9052.5,1.1424509e-05,5.7122547e-05,9
9055.0,9060.0,9057.5,1.5232679e-05,7.6163396e-05,12
9060.0,9065.0,9062.5,1.1424509e-05,5.7122547e-05,9
9065.0,9070.0,9067.5,1.0155119e-05,5.0775597e-05,8
9070.0,9075.0,9072.5,1.9040849e-05,9.5204245e-05,15
9075.0,9080.0,9077.5,1.5232679e-05,7.6163396e-05,12
9080.0,9085.0,9082.5,1.0155119e-05,5.0775597e-05,8
9085.0,9090.0,9087.5,1.2693899e-05,6.3469497e-05,10
9090.0,9095.0,9092.5,5.0775597e-06,2.5387799e-05,4
9095.0,9100.0,9097.5,2.0310239e-05,0.00010155119,16
9100.0,9105.0,9102.5,1.0155119e-05,5.0775597e-05,8
9105.0,9110.0,9107.5,1.2693899e-05,6.3469497e-05,10
9110.0,9115.0,9112.5,1.2693899e-05,6.3469497e-05,10
9115.0,9120.0,9117.5,1.3963289e-05,6.9816446e-05,11
9120.0,9125.0,9122.5,8.8857295e-06,4.4428648e-05,7
9125.0,9130.0,9127.5,8.8857295e-06,4.4428648e-05,7
9130.0,9135.0,9132.5,1.7771459e-05,8.8857295e-05,14
9135.0,9140.0,9137.5,6.3469497e-06,3.1734748e-05,5
9140.0,9145.0,9142.5,5.0775597e-06,2.5387799e-05,4
9145.0,9150.0,9147.5,8.8857295e-06,4.4428648e-05,7
9150.0,9155.0,9152.5,8.8857295e-06,4.4428648e-05,7
9155.0,9160.0,9157.5,1.0155119e-05,5.0775597e-05,8
9160.0,9165.0,9162.5,1.5232679e-05,7.6163396e-05,12
9165.0,9170.0,9167.5,1.1424509e-05,5.7122547e-05,9
9170.0,9175.0,9172.5,1.1424509e-05,5.7122547e-05,9
9175.0,9180.0,9177.5,1.0155119e-05,5.0775597e-05,8
9180.0,9185.0,9182.5,1.1424509e-05,5.7122547e-05,9
9185.0,9190.0,9187.5,7.6163396e-06,3.8081698e-05,6
9190.0,9195.0,9192.5,1.3963289e-05,6.9816446e-05,11
9195.0,9200.0,9197.5,1.5232679e-05,7.6163396e-05,12
9200.0,9205.0,9202.5,1.0155119e-05,5.0775597e-05,8
9205.0,9210.0,9207.5,1.1424509e-05,5.7122547e-05,9
9210.0,9215.0,9212.5,1.6502069e-05,8.2510346e-05,13
9215.0,9220.0,9217.5,7.6163396e-06,3.8081698e-05,6
9220.0,9225.0,9222.5,1.1424509e-05,5.7122547e-05,9
9225.0,9230.0,9227.5,1.0155119e-05,5.0775597e-05,8
9230.0,9235.0,9232.5,2.1579629e-05,0.00010789814,17
9235.0,9240.0,9237.5,1.6502069e-05,8.2510346e-05,13
9240.0,9245.0,9242.5,1.5232679e-05,7.6163396e-05,12
9245.0,9250.0,9247.5,5.0775597e-06,2.5387799e-05,4
9250.0,9255.0,9252.5,1.3963289e-05,6.9816446e-05,11
9255.0,9260.0,9257.5,1.7771459e-05,8.8857295e-05,14
9260.0,9265.0,9262.5,1.1424509e-05,5.7122547e-05,9
9265.0,9270.0,9267.5,1.1424509e-05,5.7122547e-05,9
9270.0,9275.0,9272.5,8.8857295e-06,4.4428648e-05,7
9275.0,9280.0,9277.5,7.6163396e-06,3.8081698e-05,6
9280.0,9285.0,9282.5,1.3963289e-05,6.9816446e-05,11
9285.0,9290.0,9287.5,1.0155119e-05,5.0775597e-05,8
9290.0,9295.0,9292.5,8.8857295e-06,4.4428648e-05,7
9295.0,9300.0,9297.5,1.3963289e-05,6.9816446e-05,11
9300.0,9305.0,9302.5,6.3469497e-06,3.1734748e-05,5
9305.0,9310.0,9307.5,8.8857295e-06,4.4428648e-05,7
9310.0,9315.0,9312.5,1.3963289e-05,6.9816446e-05,11
9315.0,9320.0,9317.5,1.2693899e-05,6.3469497e-05,10
9320.0,9325.0,9322.5,1.0155119e-05,5.0775597e-05,8
9325.0,9330.0,9327.5,1.3963289e-05,6.9816446e-05,11
9330.0,9335.0,9332.5,1.0155119e-05,5.0775597e-05,8
9335.0,9340.0,9337.5,1.5232679e-05,7.6163396e-05,12
9340.0,9345.0,9342.5,7.6163396e-06,3.8081698e-05,6
9345.0,9350.0,9347.5,1.3963289e-05,6.9816446e-05,11
9350.0,9355.0,9352.5,7.6163396e-06,3.8081698e-05,6
9355.0,9360.0,9357.5,1.3963289e-05,6.9816446e-05,11
9360.0,9365.0,9362.5,5.0775597e-06,2.5387799e-05,4
9365.0,9370.0,9367.5,1.2693899e-05,6.3469497e-05,10
9370.0,9375.0,9372.5,1.7771459e-05,8.8857295e-05,14
9375.0,9380.0,9377.5,8.8857295e-06,4.4428648e-05,7
9380.0,9385.0,9382.5,6.3469497e-06,3.1734748e-05,5
9385.0,9390.0,9387.5,7.6163396e-06,3.8081698e-05,6
9390.0,9395.0,9392.5,2.0310239e-05,0.00010155119,16
9395.0,9400.0,9397.5,1.1424509e-05,5.7122547e-05,9
9400.0,9405.0,9402.5,1.1424509e-05,5.7122547e-05,9
9405.0,9410.0,9407.5,7.6163396e-06,3.8081698e-05,6
9410.0,9415.0,9412.5,1.3963289e-05,6.9816446e-05,11
9415.0,9420.0,9417.5,1.0155119e-05,5.0775597e-05,8
9420.0,9425.0,9422.5,1.1424509e-05,5.7122547e-05,9
9425.0,9430.0,9427.5,1.6502069e-05,8.2510346e-05,13
9430.0,9435.0,9432.5,1.3963289e-05,6.9816446e-05,11
9435.0,9440.0,9437.5,1.0155119e-05,5.0775597e-05,8
9440.0,9445.0,9442.5,8.8857295e-06,4.4428648e-05,7
9445.0,9450.0,9447.5,1.3963289e-05,6.9816446e-05,11
9450.0,9455.0,9452.5,6.3469497e-06,3.1734748e-05,5
9455.0,9460.0,9457.5,1.1424509e-05,5.7122547e-05,9
9460.0,9465.0,9462.5,7.6163396e-06,3.8081698e-05,6
9465.0,9470.0,9467.5,1.5232679e-05,7.6163396e-05,12
9470.0,9475.0,9472.5,1.2693899e-05,6.3469497e-05,10
9475.0,9480.0,9477.5,1.7771459e-05,8.8857295e-05,14
9480.0,9485.0,9482.5,1.5232679e-05,7.6163396e-05,12
9485.0,9490.0,9487.5,1.1424509e-05,5.7122547e-05,9
9490.0,9495.0,9492.5,8.8857295e-06,4.4428648e-05,7
9495.0,9500.0,9497.5,7.6163396e-06,3.8081698e-05,6
9500.0,9505.0,9502.5,1.3963289e-05,6.9816446e-05,11
9505.0,9510.0,9507.5,1.1424509e-05,5.7122547e-05,9
9510.0,9515.0,9512.5,8.8857295e-06,4.4428648e-05,7
9515.0,9520.0,9517.5,1.2693899e-05,6.3469497e-05,10
9520.0,9525.0,9522.5,7.6163396e-06,3.8081698e-05,6
9525.0,9530.0,9527.5,3.8081698e-06,1.9040849e-05,3
9530.0,9535.0,9532.5,1.2693899e-05,6.3469497e-05,10
9535.0,9540.0,9537.5,8.8857295e-06,4.4428648e-05,7
9540.0,9545.0,9542.5,8.8857295e-06,4.4428648e-05,7
9545.0,9550.0,9547.5,1.3963289e-05,6.9816446e-05,11
9550.0,9555.0,9552.5,1.3963289e-05,6.9816446e-05,11
9555.0,9560.0,9557.5,1.2693899e-05,6.3469497e-05,10
9560.0,9565.0,9562.5,1.7771459e-05,8.8857295e-05,14
9565.0,9570.0,9567.5,6.3469497e-06,3.1734748e-05,5
9570.0,9575.0,9572.5,7.6163396e-06,3.8081698e-05,6
9575.0,9580.0,9577.5,1.2693899e-05,6.3469497e-05,10
9580.0,9585.0,9582.5,1.0155119e-05,5.0775597e-05,8
9585.0,9590.0,9587.5,8.8857295e-06,4.4428648e-05,7
9590.0,9595.0,9592.5,1.3963289e-05,6.9816446e-05,11
9595.0,9600.0,9597.5,5.0775597e-06,2.5387799e-05,4
9600.0,9605.0,9602.5,1.1424509e-05,5.7122547e-05,9
9605.0,9610.0,9607.5,1.0155119e-05,5.0775597e-05,8
9610.0,9615.0,9612.5,1.1424509e-05,5.7122547e-05,9
9615.0,9620.0,9617.5,1.2693899e-05,6.3469497e-05,10
9620.0,9625.0,9622.5,5.0775597e-06,2.5387799e-05,4
9625.0,9630.0,9627.5,1.5232679e-05,7.6163396e-05,12
9630.0,9635.0,9632.5,7.6163396e-06,3.8081698e-05,6
9635.0,9640.0,9637.5,7.6163396e-06,3.8081698e-05,6
9640.0,9645.0,9642.5,1.0155119e-05,5.0775597e-05,8
9645.0,9650.0,9647.5,7.6163396e-06,3.8081698e-05,6
9650.0,9655.0,9652.5,1.2693899e-05,6.3469497e-05,10
9655.0,9660.0,9657.5,1.5232679e-05,7.6163396e-05,12
9660.0,9665.0,9662.5,1.0155119e-05,5.0775597e-05,8
9665.0,9670.0,9667.5,1.1424509e-05,5.7122547e-05,9
9670.0,9675.0,9672.5,1.5232679e-05,7.6163396e-05,12
9675.0,9680.0,9677.5,1.1424509e-05,5.7122547e-05,9
9680.0,9685.0,9682.5,1.5232679e-05,7.6163396e-05,12
9685.0,9690.0,9687.5,7.6163396e-06,3.8081698e-05,6
9690.0,9695.0,9692.5,6.3469497e-06,3.1734748e-05,5
9695.0,9700.0,9697.5,1.7771459e-05,8.8857295e-05,14
9700.0,9705.0,9702.5,5.0775597e-06,2.5387799e-05,4
9705.0,9710.0,9707.5,1.2693899e-05,6.3469497e-05,10
9710.0,9715.0,9712.5,1.5232679e-05,7.6163396e-05,12
9715.0,9720.0,9717.5,3.8081698e-06,1.9040849e-05,3
9720.0,9725.0,9722.5,1.5232679e-05,7.6163396e-05,12
9725.0,9730.0,9727.5,1.0155119e-05,5.0775597e-05,8
9730.0,9735.0,9732.5,1.2693899e-05,6.3469497e-05,10
9735.0,9740.0,9737.5,6.3469497e-06,3.1734748e-05,5
9740.0,9745.0,9742.5,1.0155119e-05,5.0775597e-05,8
9745.0,9750.0,9747.5,8.8857295e-06,4.4428648e-05,7
9750.0,9755.0,9752.5,8.8857295e-06,4.4428648e-05,7
9755.0,9760.0,9757.5,8.8857295e-06,4.4428648e-05,7
9760.0,9765.0,9762.5,1.0155119e-05,5.0775597e-05,8
9765.0,9770.0,9767.5,1.3963289e-05,6.9816446e-05,11
9770.0,9775.0,9772.5,2.5387799e-06,1.2693899e-05,2
9775.0,9780.0,9777.5,1.5232679e-05,7.6163396e-05,12
9780.0,9785.0,9782.5,1.0155119e-05,5.0775597e-05,8
9785.0,9790.0,9787.5,8.8857295e-06,4.4428648e-05,7
9790.0,9795.0,9792.5,1.3963289e-05,6.9816446e-05,11
9795.0,9800.0,9797.5,1.2693899e-05,6.3469497e-05,10
9800.0,9805.0,9802.5,1.7771459e-05,8.8857295e-05,14
9805.0,9810.0,9807.5,1.0155119e-05,5.0775597e-05,8
9810.0,9815.0,9812.5,1.1424509e-05,5.7122547e-05,9
9815.0,9820.0,9817.5,1.3963289e-05,6.9816446e-05,11
9820.0,9825.0,9822.5,1.2693899e-05,6.3469497e-05,10
9825.0,9830.0,9827.5,1.0155119e-05,5.0775597e-05,8
9830.0,9835.0,9832.5,1.3963289e-05,6.9816446e-05,11
9835.0,9840.0,9837.5,1.1424509e-05,5.7122547e-05,9
9840.0,9845.0,9842.5,1.6502069e-05,8.2510346e-05,13
9845.0,9850.0,9847.5,8.8857295e-06,4.4428648e-05,7
9850.0,9855.0,9852.5,1.3963289e-05,6.9816446e-05,11
9855.0,9860.0,9857.5,7.6163396e-06,3.8081698e-05,6
9860.0,9865.0,9862.5,6.3469497e-06,3.1734748e-05,5
9865.0,9870.0,9867.5,1.1424509e-05,5.7122547e-05,9
9870.0,9875.0,9872.5,2.5387799e-06,1.2693899e-05,2
9875.0,9880.0,9877.5,1.2693899e-05,6.3469497e-05,10
9880.0,9885.0,9882.5,1.1424509e-05,5.7122547e-05,9
9885.0,9890.0,9887.5,1.0155119e-05,5.0775597e-05,8
9890.0,9895.0,9892.5,7.6163396e-06,3.8081698e-05,6
9895.0,9900.0,9897.5,1.2693899e-05,6.3469497e-05,10
9900.0,9905.0,9902.5,1.3963289e-05,6.9816446e-05,11
9905.0,9910.0,9907.5,6.3469497e-06,3.1734748e-05,5
9910.0,9915.0,9912.5,5.0775597e-06,2.5387799e-05,4
9915.0,9920.0,9917.5,1.2693899e-05,6.3469497e-05,10
9920.0,9925.0,9922.5,6.3469497e-06,3.1734748e-05,5
9925.0,9930.0,9927.5,3.8081698e-06,1.9040849e-05,3
9930.0,9935.0,9932.5,1.5232679e-05,7.6163396e-05,12
9935.0,9940.0,9937.5,1.0155119e-05,5.0775597e-05,8
9940.0,9945.0,9942.5,7.6163396e-06,3.8081698e-05,6
9945.0,9950.0,9947.5,1.5232679e-05,7.6163396e-05,12
9950.0,9955.0,9952.5,1.6502069e-05,8.2510346e-05,13
9955.0,9960.0,9957.5,7.6163396e-06,3.8081698e-05,6
9960.0,9965.0,9962.5,1.0155119e-05,5.0775597e-05,8
9965.0,9970.0,9967.5,1.7771459e-05,8.8857295e-05,14
9970.0,9975.0,9972.5,1.2693899e-06,6.3469497e-06,1
9975.0,9980.0,9977.5,1.9040849e-05,9.5204245e-05,15
9980.0,9985.0,9982.5,1.7771459e-05,8.8857295e-05,14
9985.0,9990.0,9987.5,1.5232679e-05,7.6163396e-05,12
9990.0,9995.0,9992.5,1.2693899e-05,6.3469497e-05,10
9995.0,10000.0,9997.5,8.8857295e-06,4.4428648e-05,7
10000.0,10005.0,10002.5,8.8857295e-06,4.4428648e-05,7
10005.0,10010.0,10007.5,5.0775597e-06,2.5387799e-05,4
10010.0,10015.0,10012.5,1.2693899e-06,6.3469497e-06,1
10015.0,10020.0,10017.5,7.6163396e-06,3.8081698e-05,6
10020.0,10025.0,10022.5,1.2693899e-05,6.3469497e-05,10
10025.0,10030.0,10027.5,1.9040849e-05,9.5204245e-05,15
10030.0,10035.0,10032.5,6.3469497e-06,3.1734748e-05,5
10035.0,10040.0,10037.5,1.3963289e-05,6.9816446e-05,11
10040.0,10045.0,10042.5,1.0155119e-05,5.0775597e-05,8
10045.0,10050.0,10047.5,1.3963289e-05,6.9816446e-05,11
10050.0,10055.0,10052.5,1.0155119e-05,5.0775597e-05,8
10055.0,10060.0,10057.5,6.3469497e-06,3.1734748e-05,5
10060.0,10065.0,10062.5,1.3963289e-05,6.9816446e-05,11
10065.0,10070.0,10067.5,1.2693899e-05,6.3469497e-05,10
10070.0,10075.0,10072.5,2.5387799e-06,1.2693899e-05,2
10075.0,10080.0,10077.5,1.5232679e-05,7.6163396e-05,12
10080.0,10085.0,10082.5,1.2693899e-05,6.3469497e-05,10
10085.0,10090.0,10087.5,1.0155119e-05,5.0775597e-05,8
10090.0,10095.0,10092.5,1.0155119e-05,5.0775597e-05,8
10095.0,10100.0,10097.5,1.7771459e-05,8.8857295e-05,14
10100.0,10105.0,10102.5,1.3963289e-05,6.9816446e-05,11
10105.0,10110.0,10107.5,7.6163396e-06,3.8081698e-05,6
10110.0,10115.0,10112.5,5.0775597e-06,2.5387799e-05,4
10115.0,10120.0,10117.5,1.2693899e-05,6.3469497e-05,10
10120.0,10125.0,10122.5,1.0155119e-05,5.0775597e-05,8
10125.0,10130.0,10127.5,1.6502069e-05,8.2510346e-05,13
10130.0,10135.0,10132.5,1.0155119e-05,5.0775597e-05,8
10135.0,10140.0,10137.5,8.8857295e-06,4.4428648e-05,7
10140.0,10145.0,10142.5,7.6163396e-06,3.8081698e-05,6
10145.0,10150.0,10147.5,1.2693899e-05,6.3469497e-05,10
10150.0,10155.0,10152.5,6.3469497e-06,3.1734748e-05,5
10155.0,10160.0,10157.5,5.0775597e-06,2.5387799e-05,4
10160.0,10165.0,10162.5,1.2693899e-05,6.3469497e-05,10
10165.0,10170.0,10167.5,1.6502069e-05,8.2510346e-05,13
10170.0,10175.0,10172.5,1.0155119e-05,5.0775597e-05,8
10175.0,10180.0,10177.5,7.6163396e-06,3.8081698e-05,6
10180.0,10185.0,10182.5,1.7771459e-05,8.8857295e-05,14
10185.0,10190.0,10187.5,1.0155119e-05,5.0775597e-05,8
10190.0,10195.0,10192.5,1.2693899e-05,6.3469497e-05,10
10195.0,10200.0,10197.5,1.3963289e-05,6.9816446e-05,11
10200.0,10205.0,10202.5,8.8857295e-06,4.4428648e-05,7
10205.0,10210.0,10207.5,6.3469497e-06,3.1734748e-05,5
10210.0,10215.0,10212.5,1.5232679e-05,7.6163396e-05,12
10215.0,10220.0,10217.5,1.1424509e-05,5.7122547e-05,9
10220.0,10225.0,10222.5,1.1424509e-05,5.7122547e-05,9
10225.0,10230.0,10227.5,1.0155119e-05,5.0775597e-05,8
10230.0,10235.0,10232.5,3.8081698e-06,1.9040849e-05,3
10235.0,10240.0,10237.5,1.3963289e-05,6.9816446e-05,11
10240.0,10245.0,10242.5,1.6502069e-05,8.2510346e-05,13
10245.0,10250.0,10247.5,1.1424509e-05,5.7122547e-05,9
10250.0,10255.0,10252.5,1.0155119e-05,5.0775597e-05,8
10255.0,10260.0,10257.5,1.6502069e-05,8.2510346e-05,13
10260.0,10265.0,10262.5,1.0155119e-05,5.0775597e-05,8
10265.0,10270.0,10267.5,5.0775597e-06,2.5387799e-05,4
10270.0,10275.0,10272.5,1.5232679e-05,7.6163396e-05,12
10275.0,10280.0,10277.5,1.2693899e-05,6.3469497e-05,10
10280.0,10285.0,10282.5,1.3963289e-05,6.9816446e-05,11
10285.0,10290.0,10287.5,1.0155119e-05,5.0775597e-05,8
10290.0,10295.0,10292.5,1.7771459e-05,8.8857295e-05,14
10295.0,10300.0,10297.5,7.6163396e-06,3.8081698e-05,6
10300.0,10305.0,10302.5,1.1424509e-05,5.7122547e-05,9
10305.0,10310.0,10307.5,1.6502069e-05,8.2510346e-05,13
10310.0,10315.0,10312.5,1.0155119e-05,5.0775597e-05,8
10315.0,10320.0,10317.5,1.3963289e-05,6.9816446e-05,11
10320.0,10325.0,10322.5,1.2693899e-05,6.3469497e-05,10
10325.0,10330.0,10327.5,1.0155119e-05,5.0775597e-05,8
10330.0,10335.0,10332.5,1.5232679e-05,7.6163396e-05,12
10335.0,10340.0,10337.5,7.6163396e-06,3.8081698e-05,6
10340.0,10345.0,10342.5,1.2693899e-05,6.3469497e-05,10
10345.0,10350.0,10347.5,7.6163396e-06,3.8081698e-05,6
10350.0,10355.0,10352.5,6.3469497e-06,3.1734748e-05,5
10355.0,10360.0,10357.5,6.3469497e-06,3.1734748e-05,5
10360.0,10365.0,10362.5,1.2693899e-05,6.3469497e-05,10
10365.0,10370.0,10367.5,1.1424509e-05,5.7122547e-05,9
10370.0,10375.0,10372.5,1.5232679e-05,7.6163396e-05,12
10375.0,10380.0,10377.5,1.1424509e-05,5.7122547e-05,9
10380.0,10385.0,10382.5,1.1424509e-05,5.7122547e-05,9
10385.0,10390.0,10387.5,1.2693899e-05,6.3469497e-05,10
10390.0,10395.0,10392.5,1.3963289e-05,6.9816446e-05,11
10395.0,10400.0,10397.5,1.0155119e-05,5.0775597e-05,8
10400.0,10405.0,10402.5,1.7771459e-05,8.8857295e-05,14
10405.0,10410.0,10407.5,1.1424509e-05,5.7122547e-05,9
10410.0,10415.0,10412.5,1.0155119e-05,5.0775597e-05,8
10415.0,10420.0,10417.5,1.0155119e-05,5.0775597e-05,8
10420.0,10425.0,10422.5,1.3963289e-05,6.9816446e-05,11
10425.0,10430.0,10427.5,7.6163396e-06,3.8081698e-05,6
10430.0,10435.0,10432.5,1.1424509e-05,5.7122547e-05,9
10435.0,10440.0,10437.5,1.0155119e-05,5.0775597e-05,8
10440.0,10445.0,10442.5,1.1424509e-05,5.7122547e-05,9
10445.0,10450.0,10447.5,1.0155119e-05,5.0775597e-05,8
10450.0,10455.0,10452.5,8.8857295e-06,4.4428648e-05,7
10455.0,10460.0,10457.5,1.9040849e-05,9.5204245e-05,15
10460.0,10465.0,10462.5,1.1424509e-05,5.7122547e-05,9
10465.0,10470.0,10467.5,1.7771459e-05,8.8857295e-05,14
10470.0,10475.0,10472.5,1.1424509e-05,5.7122547e-05,9
10475.0,10480.0,10477.5,1.6502069e-05,8.2510346e-05,13
10480.0,10485.0,10482.5,1.2693899e-05,6.3469497e-05,10
10485.0,10490.0,10487.5,1.0155119e-05,5.0775597e-05,8
10490.0,10495.0,10492.5,1.3963289e-05,6.9816446e-05,11
10495.0,10500.0,10497.5,8.8857295e-06,4.4428648e-05,7
10500.0,10505.0,10502.5,6.3469497e-06,3.1734748e-05,5
10505.0,10510.0,10507.5,1.2693899e-05,6.3469497e-05,10
10510.0,10515.0,10512.5,1.1424509e-05,5.7122547e-05,9
10515.0,10520.0,10517.5,6.3469497e-06,3.1734748e-05,5
10520.0,10525.0,10522.5,1.1424509e-05,5.7122547e-05,9
10525.0,10530.0,10527.5,7.6163396e-06,3.8081698e-05,6
10530.0,10535.0,10532.5,7.6163396e-06,3.8081698e-05,6
10535.0,10540.0,10537.5,1.0155119e-05,5.0775597e-05,8
10540.0,10545.0,10542.5,7.6163396e-06,3.8081698e-05,6
10545.0,10550.0,10547.5,6.3469497e-06,3.1734748e-05,5
10550.0,10555.0,10552.5,1.0155119e-05,5.0775597e-05,8
10555.0,10560.0,10557.5,1.3963289e-05,6.9816446e-05,11
10560.0,10565.0,10562.5,8.8857295e-06,4.4428648e-05,7
10565.0,10570.0,10567.5,8.8857295e-06,4.4428648e-05,7
10570.0,10575.0,10572.5,1.7771459e-05,8.8857295e-05,14
10575.0,10580.0,10577.5,8.8857295e-06,4.4428648e-05,7
10580.0,10585.0,10582.5,1.5232679e-05,7.6163396e-05,12
10585.0,10590.0,10587.5,1.0155119e-05,5.0775597e-05,8
10590.0,10595.0,10592.5,1.5232679e-05,7.6163396e-05,12
10595.0,10600.0,10597.5,1.2693899e-05,6.3469497e-05,10
10600.0,10605.0,10602.5,1.1424509e-05,5.7122547e-05,9
10605.0,10610.0,10607.5,1.0155119e-05,5.0775597e-05,8
10610.0,10615.0,10612.5,1.0155119e-05,5.0775597e-05,8
10615.0,10620.0,10617.5,7.6163396e-06,3.8081698e-05,6
10620.0,10625.0,10622.5,1.7771459e-05,8.8857295e-05,14
10625.0,10630.0,10627.5,1.2693899e-05,6.3469497e-05,10
10630.0,10635.0,10632.5,7.6163396e-06,3.8081698e-05,6
10635.0,10640.0,10637.5,1.1424509e-05,5.7122547e-05,9
10640.0,10645.0,10642.5,1.1424509e-05,5.7122547e-05,9
10645.0,10650.0,10647.5,7.6163396e-06,3.8081698e-05,6
10650.0,10655.0,10652.5,1.7771459e-05,8.8857295e-05,14
10655.0,10660.0,10657.5,6.3469497e-06,3.1734748e-05,5
10660.0,10665.0,10662.5,1.0155119e-05,5.0775597e-05,8
10665.0,10670.0,10667.5,1.5232679e-05,7.6163396e-05,12
10670.0,10675.0,10672.5,1.2693899e-05,6.3469497e-05,10
10675.0,10680.0,10677.5,1.2693899e-05,6.3469497e-05,10
10680.0,10685.0,10682.5,1.3963289e-05,6.9816446e-05,11
10685.0,10690.0,10687.5,1.0155119e-05,5.0775597e-05,8
10690.0,10695.0,10692.5,1.7771459e-05,8.8857295e-05,14
10695.0,10700.0,10697.5,1.6502069e-05,8.2510346e-05,13
10700.0,10705.0,10702.5,1.2693899e-05,6.3469497e-05,10
10705.0,10710.0,10707.5,1.7771459e-05,8.8857295e-05,14
10710.0,10715.0,10712.5,1.3963289e-05,6.9816446e-05,11
10715.0,10720.0,10717.5,1.0155119e-05,5.0775597e-05,8
10720.0,10725.0,10722.5,1.0155119e-05,5.0775597e-05,8
10725.0,10730.0,10727.5,7.6163396e-06,3.8081698e-05,6
10730.0,10735.0,10732.5,3.8081698e-06,1.9040849e-05,3
10735.0,10740.0,10737.5,1.2693899e-06,6.3469497e-06,1
10740.0,10745.0,10742.5,1.2693899e-05,6.3469497e-05,10
10745.0,10750.0,10747.5,2.1579629e-05,0.00010789814,17
10750.0,10755.0,10752.5,1.3963289e-05,6.9816446e-05,11
10755.0,10760.0,10757.5,7.6163396e-06,3.8081698e-05,6
10760.0,10765.0,10762.5,1.1424509e-05,5.7122547e-05,9
10765.0,10770.0,10767.5,1.0155119e-05,5.0775597e-05,8
10770.0,10775.0,10772.5,1.1424509e-05,5.7122547e-05,9
10775.0,10780.0,10777.5,6.3469497e-06,3.1734748e-05,5
10780.0,10785.0,10782.5,1.6502069e-05,8.2510346e-05,13
10785.0,10790.0,10787.5,1.9040849e-05,9.5204245e-05,15
10790.0,10795.0,10792.5,1.2693899e-05,6.3469497e-05,10
10795.0,10800.0,10797.5,8.8857295e-06,4.4428648e-05,7
10800.0,10805.0,10802.5,1.2693899e-05,6.3469497e-05,10
10805.0,10810.0,10807.5,8.8857295e-06,4.4428648e-05,7
10810.0,10815.0,10812.5,1.2693899e-05,6.3469497e-05,10
10815.0,10820.0,10817.5,7.6163396e-06,3.8081698e-05,6
10820.0,10825.0,10822.5,1.3963289e-05,6.9816446e-05,11
10825.0,10830.0,10827.5,1.3963289e-05,6.9816446e-05,11
10830.0,10835.0,10832.5,6.3469497e-06,3.1734748e-05,5
10835.0,10840.0,10837.5,1.5232679e-05,7.6163396e-05,12
10840.0,10845.0,10842.5,1.3963289e-05,6.9816446e-05,11
10845.0,10850.0,10847.5,2.0310239e-05,0.00010155119,16
10850.0,10855.0,10852.5,8.8857295e-06,4.4428648e-05,7
10855.0,10860.0,10857.5,1.3963289e-05,6.9816446e-05,11
10860.0,10865.0,10862.5,6.3469497e-06,3.1734748e-05,5
10865.0,10870.0,10867.5,1.9040849e-05,9.5204245e-05,15
10870.0,10875.0,10872.5,1.1424509e-05,5.7122547e-05,9
10875.0,10880.0,10877.5,7.6163396e-06,3.8081698e-05,6
10880.0,10885.0,10882.5,1.1424509e-05,5.7122547e-05,9
10885.0,10890.0,10887.5,1.0155119e-05,5.0775597e-05,8
10890.0,10895.0,10892.5,1.2693899e-05,6.3469497e-05,10
10895.0,10900.0,10897.5,1.5232679e-05,7.6163396e-05,12
10900.0,10905.0,10902.5,6.3469497e-06,3.1734748e-05,5
10905.0,10910.0,10907.5,1.3963289e-05,6.9816446e-05,11
10910.0,10915.0,10912.5,7.6163396e-06,3.8081698e-05,6
10915.0,10920.0,10917.5,7.6163396e-06,3.8081698e-05,6
10920.0,10925.0,10922.5,1.1424509e-05,5.7122547e-05,9
10925.0,10930.0,10927.5,5.0775597e-06,2.5387799e-05,4
10930.0,10935.0,10932.5,1.2693899e-05,6.3469497e-05,10
10935.0,10940.0,10937.5,6.3469497e-06,3.1734748e-05,5
10940.0,10945.0,10942.5,1.5232679e-05,7.6163396e-05,12
10945.0,10950.0,10947.5,1.1424509e-05,5.7122547e-05,9
10950.0,10955.0,10952.5,1.2693899e-05,6.3469497e-05,10
10955.0,10960.0,10957.5,8.8857295e-06,4.4428648e-05,7
10960.0,10965.0,10962.5,2.5387799e-06,1.2693899e-05,2
10965.0,10970.0,10967.5,1.2693899e-05,6.3469497e-05,10
10970.0,10975.0,10972.5,1.0155119e-05,5.0775597e-05,8
10975.0,10980.0,10977.5,1.3963289e-05,6.9816446e-05,11
10980.0,10985.0,10982.5,1.0155119e-05,5.0775597e-05,8
10985.0,10990.0,10987.5,1.6502069e-05,8.2510346e-05,13
10990.0,10995.0,10992.5,1.5232679e-05,7.6163396e-05,12
10995.0,11000.0,10997.5,1.1424509e-05,5.7122547e-05,9
11000.0,11005.0,11002.5,1.5232679e-05,7.6163396e-05,12
11005.0,11010.0,11007.5,8.8857295e-06,4.4428648e-05,7
11010.0,11015.0,11012.5,1.2693899e-05,6.3469497e-05,10
11015.0,11020.0,11017.5,1.1424509e-05,5.7122547e-05,9
11020.0,11025.0,11022.5,1.5232679e-05,7.6163396e-05,12
11025.0,11030.0,11027.5,2.1579629e-05,0.00010789814,17
11030.0,11035.0,11032.5,7.6163396e-06,3.8081698e-05,6
11035.0,11040.0,11037.5,1.1424509e-05,5.7122547e-05,9
11040.0,11045.0,11042.5,1.2693899e-05,6.3469497e-05,10
11045.0,11050.0,11047.5,6.3469497e-06,3.1734748e-05,5
11050.0,11055.0,11052.5,1.2693899e-06,6.3469497e-06,1
11055.0,11060.0,11057.5,3.8081698e-06,1.9040849e-05,3
11060.0,11065.0,11062.5,1.1424509e-05,5.7122547e-05,9
11065.0,11070.0,11067.5,1.3963289e-05,6.9816446e-05,11
11070.0,11075.0,11072.5,1.3963289e-05,6.9816446e-05,11
11075.0,11080.0,11077.5,3.8081698e-06,1.9040849e-05,3
11080.0,11085.0,11082.5,1.0155119e-05,5.0775597e-05,8
11085.0,11090.0,11087.5,1.2693899e-05,6.3469497e-05,10
11090.0,11095.0,11092.5,6.3469497e-06,3.1734748e-05,5
11095.0,11100.0,11097.5,8.8857295e-06,4.4428648e-05,7
11100.0,11105.0,11102.5,1.2693899e-05,6.3469497e-05,10
11105.0,11110.0,11107.5,6.3469497e-06,3.1734748e-05,5
11110.0,11115.0,11112.5,1.5232679e-05,7.6163396e-05,12
11115.0,11120.0,11117.5,1.3963289e-05,6.9816446e-05,11
11120.0,11125.0,11122.5,1.2693899e-05,6.3469497e-05,10
11125.0,11130.0,11127.5,1.2693899e-05,6.3469497e-05,10
11130.0,11135.0,11132.5,1.1424509e-05,5.7122547e-05,9
11135.0,11140.0,11137.5,6.3469497e-06,3.1734748e-05,5
11140.0,11145.0,11142.5,8.8857295e-06,4.4428648e-05,7
11145.0,11150.0,11147.5,1.0155119e-05,5.0775597e-05,8
11150.0,11155.0,11152.5,1.2693899e-05,6.3469497e-05,10
11155.0,11160.0,11157.5,1.3963289e-05,6.9816446e-05,11
11160.0,11165.0,11162.5,8.8857295e-06,4.4428648e-05,7
11165.0,11170.0,11167.5,7.6163396e-06,3.8081698e-05,6
11170.0,11175.0,11172.5,1.1424509e-05,5.7122547e-05,9
11175.0,11180.0,11177.5,5.0775597e-06,2.5387799e-05,4
11180.0,11185.0,11182.5,7.6163396e-06,3.8081698e-05,6
11185.0,11190.0,11187.5,1.1424509e-05,5.7122547e-05,9
11190.0,11195.0,11192.5,8.8857295e-06,4.4428648e-05,7
11195.0,11200.0,11197.5,8.8857295e-06,4.4428648e-05,7
11200.0,11205.0,11202.5,1.1424509e-05,5.7122547e-05,9
11205.0,11210.0,11207.5,6.3469497e-06,3.1734748e-05,5
11210.0,11215.0,11212.5,1.0155119e-05,5.0775597e-05,8
11215.0,11220.0,11217.5,1.0155119e-05,5.0775597e-05,8
11220.0,11225.0,11222.5,1.1424509e-05,5.7122547e-05,9
11225.0,11230.0,11227.5,7.6163396e-06,3.8081698e-05,6
11230.0,11235.0,11232.5,1.2693899e-05,6.3469497e-05,10
11235.0,11240.0,11237.5,1.2693899e-05,6.3469497e-05,10
11240.0,11245.0,11242.5,1.1424509e-05,5.7122547e-05,9
11245.0,11250.0,11247.5,8.8857295e-06,4.4428648e-05,7
11250.0,11255.0,11252.5,1.1424509e-05,5.7122547e-05,9
11255.0,11260.0,11257.5,1.2693899e-05,6.3469497e-05,10
11260.0,11265.0,11262.5,1.5232679e-05,7.6163396e-05,12
11265.0,11270.0,11267.5,1.5232679e-05,7.6163396e-05,12
11270.0,11275.0,11272.5,6.3469497e-06,3.1734748e-05,5
11275.0,11280.0,11277.5,7.6163396e-06,3.8081698e-05,6
11280.0,11285.0,11282.5,1.5232679e-05,7.6163396e-05,12
11285.0,11290.0,11287.5,1.5232679e-05,7.6163396e-05,12
11290.0,11295.0,11292.5,1.3963289e-05,6.9816446e-05,11
11295.0,11300.0,11297.5,7.6163396e-06,3.8081698e-05,6
11300.0,11305.0,11302.5,8.8857295e-06,4.4428648e-05,7
11305.0,11310.0,11307.5,1.5232679e-05,7.6163396e-05,12
11310.0,11315.0,11312.5,1.1424509e-05,5.7122547e-05,9
11315.0,11320.0,11317.5,6.3469497e-06,3.1734748e-05,5
11320.0,11325.0,11322.5,1.6502069e-05,8.2510346e-05,13
11325.0,11330.0,11327.5,1.1424509e-05,5.7122547e-05,9
11330.0,11335.0,11332.5,1.6502069e-05,8.2510346e-05,13
11335.0,11340.0,11337.5,1.2693899e-05,6.3469497e-05,10
11340.0,11345.0,11342.5,1.5232679e-05,7.6163396e-05,12
11345.0,11350.0,11347.5,8.8857295e-06,4.4428648e-05,7
11350.0,11355.0,11352.5,7.6163396e-06,3.8081698e-05,6
11355.0,11360.0,11357.5,7.6163396e-06,3.8081698e-05,6
11360.0,11365.0,11362.5,1.2693899e-05,6.3469497e-05,10
11365.0,11370.0,11367.5,1.2693899e-05,6.3469497e-05,10
11370.0,11375.0,11372.5,1.6502069e-05,8.2510346e-05,13
11375.0,11380.0,11377.5,8.8857295e-06,4.4428648e-05,7
11380.0,11385.0,11382.5,1.1424509e-05,5.7122547e-05,9
11385.0,11390.0,11387.5,7.6163396e-06,3.8081698e-05,6
11390.0,11395.0,11392.5,6.3469497e-06,3.1734748e-05,5
11395.0,11400.0,11397.5,1.3963289e-05,6.9816446e-05,11
11400.0,11405.0,11402.5,1.1424509e-05,5.7122547e-05,9
11405.0,11410.0,11407.5,1.1424509e-05,5.7122547e-05,9
11410.0,11415.0,11412.5,1.0155119e-05,5.0775597e-05,8
11415.0,11420.0,11417.5,1.3963289e-05,6.9816446e-05,11
11420.0,11425.0,11422.5,6.3469497e-06,3.1734748e-05,5
11425.0,11430.0,11427.5,1.1424509e-05,5.7122547e-05,9
11430.0,11435.0,11432.5,1.2693899e-05,6.3469497e-05,10
11435.0,11440.0,11437.5,1.3963289e-05,6.9816446e-05,11
11440.0,11445.0,11442.5,1.2693899e-05,6.3469497e-05,10
11445.0,11450.0,11447.5,1.1424509e-05,5.7122547e-05,9
11450.0,11455.0,11452.5,7.6163396e-06,3.8081698e-05,6
11455.0,11460.0,11457.5,1.0155119e-05,5.0775597e-05,8
11460.0,11465.0,11462.5,8.8857295e-06,4.4428648e-05,7
11465.0,11470.0,11467.5,6.3469497e-06,3.1734748e-05,5
11470.0,11475.0,11472.5,1.0155119e-05,5.0775597e-05,8
11475.0,11480.0,11477.5,1.0155119e-05,5.0775597e-05,8
11480.0,11485.0,11482.5,8.8857295e-06,4.4428648e-05,7
11485.0,11490.0,11487.5,1.5232679e-05,7.6163396e-05,12
11490.0,11495.0,11492.5,6.3469497e-06,3.1734748e-05,5
11495.0,11500.0,11497.5,1.6502069e-05,8.2510346e-05,13
11500.0,11505.0,11502.5,2.5387799e-06,1.2693899e-05,2
11505.0,11510.0,11507.5,1.3963289e-05,6.9816446e-05,11
11510.0,11515.0,11512.5,8.8857295e-06,4.4428648e-05,7
11515.0,11520.0,11517.5,1.0155119e-05,5.0775597e-05,8
11520.0,11525.0,11522.5,1.0155119e-05,5.0775597e-05,8
11525.0,11530.0,11527.5,1.1424509e-05,5.7122547e-05,9
11530.0,11535.0,11532.5,1.2693899e-05,6.3469497e-05,10
11535.0,11540.0,11537.5,7.6163396e-06,3.8081698e-05,6
11540.0,11545.0,11542.5,1.2693899e-05,6.3469497e-05,10
11545.0,11550.0,11547.5,3.8081698e-06,1.9040849e-05,3
11550.0,11555.0,11552.5,1.2693899e-05,6.3469497e-05,10
11555.0,11560.0,11557.5,1.0155119e-05,5.0775597e-05,8
11560.0,11565.0,11562.5,5.0775597e-06,2.5387799e-05,4
11570.0,11575.0,11572.5,7.6163396e-06,3.8081698e-05,6
11575.0,11580.0,11577.5,1.2693899e-05,6.3469497e-05,10
11580.0,11585.0,11582.5,1.0155119e-05,5.0775597e-05,8
11585.0,11590.0,11587.5,7.6163396e-06,3.8081698e-05,6
11590.0,11595.0,11592.5,1.1424509e-05,5.7122547e-05,9
11595.0,11600.0,11597.5,6.3469497e-06,3.1734748e-05,5
11600.0,11605.0,11602.5,7.6163396e-06,3.8081698e-05,6
11605.0,11610.0,11607.5,6.3469497e-06,3.1734748e-05,5
11610.0,11615.0,11612.5,1.1424509e-05,5.7122547e-05,9
11615.0,11620.0,11617.5,8.8857295e-06,4.4428648e-05,7
11620.0,11625.0,11622.5,1.5232679e-05,7.6163396e-05,12
11625.0,11630.0,11627.5,1.0155119e-05,5.0775597e-05,8
11630.0,11635.0,11632.5,1.2693899e-05,6.3469497e-05,10
11635.0,11640.0,11637.5,1.6502069e-05,8.2510346e-05,13
11640.0,11645.0,11642.5,8.8857295e-06,4.4428648e-05,7
11645.0,11650.0,11647.5,1.1424509e-05,5.7122547e-05,9
11650.0,11655.0,11652.5,6.3469497e-06,3.1734748e-05,5
11655.0,11660.0,11657.5,6.3469497e-06,3.1734748e-05,5
11660.0,11665.0,11662.5,1.0155119e-05,5.0775597e-05,8
11665.0,11670.0,11667.5,1.0155119e-05,5.0775597e-05,8
11670.0,11675.0,11672.5,1.7771459e-05,8.8857295e-05,14
11675.0,11680.0,11677.5,1.0155119e-05,5.0775597e-05,8
11680.0,11685.0,11682.5,1.1424509e-05,5.7122547e-05,9
11685.0,11690.0,11687.5,7.6163396e-06,3.8081698e-05,6
11690.0,11695.0,11692.5,1.0155119e-05,5.0775597e-05,8
11695.0,11700.0,11697.5,2.0310239e-05,0.00010155119,16
11700.0,11705.0,11702.5,7.6163396e-06,3.8081698e-05,6
11705.0,11710.0,11707.5,7.6163396e-06,3.8081698e-05,6
11710.0,11715.0,11712.5,7.6163396e-06,3.8081698e-05,6
11715.0,11720.0,11717.5,1.6502069e-05,8.2510346e-05,13
11720.0,11725.0,11722.5,1.2693899e-05,6.3469497e-05,10
11725.0,11730.0,11727.5,1.7771459e-05,8.8857295e-05,14
11730.0,11735.0,11732.5,1.6502069e-05,8.2510346e-05,13
11735.0,11740.0,11737.5,1.2693899e-05,6.3469497e-05,10
11740.0,11745.0,11742.5,8.8857295e-06,4.4428648e-05,7
11745.0,11750.0,11747.5,1.0155119e-05,5.0775597e-05,8
11750.0,11755.0,11752.5,1.5232679e-05,7.6163396e-05,12
11755.0,11760.0,11757.5,1.1424509e-05,5.7122547e-05,9
11760.0,11765.0,11762.5,1.3963289e-05,6.9816446e-05,11
11765.0,11770.0,11767.5,8.8857295e-06,4.4428648e-05,7
11770.0,11775.0,11772.5,1.1424509e-05,5.7122547e-05,9
11775.0,11780.0,11777.5,8.8857295e-06,4.4428648e-05,7
11780.0,11785.0,11782.5,6.3469497e-06,3.1734748e-05,5
11785.0,11790.0,11787.5,1.5232679e-05,7.6163396e-05,12
11790.0,11795.0,11792.5,1.1424509e-05,5.7122547e-05,9
11795.0,11800.0,11797.5,1.0155119e-05,5.0775597e-05,8
11800.0,11805.0,11802.5,7.6163396e-06,3.8081698e-05,6
11805.0,11810.0,11807.5,1.0155119e-05,5.0775597e-05,8
11810.0,11815.0,11812.5,5.0775597e-06,2.5387799e-05,4
11815.0,11820.0,11817.5,6.3469497e-06,3.1734748e-05,5
11820.0,11825.0,11822.5,8.8857295e-06,4.4428648e-05,7
11825.0,11830.0,11827.5,7.6163396e-06,3.8081698e-05,6
11830.0,11835.0,11832.5,6.3469497e-06,3.1734748e-05,5
11835.0,11840.0,11837.5,1.1424509e-05,5.7122547e-05,9
11840.0,11845.0,11842.5,1.2693899e-05,6.3469497e-05,10
11845.0,11850.0,11847.5,1.0155119e-05,5.0775597e-05,8
11850.0,11855.0,11852.5,1.0155119e-05,5.0775597e-05,8
11855.0,11860.0,11857.5,7.6163396e-06,3.8081698e-05,6
11860.0,11865.0,11862.5,1.0155119e-05,5.0775597e-05,8
11865.0,11870.0,11867.5,1.0155119e-05,5.0775597e-05,8
11870.0,11875.0,11872.5,1.1424509e-05,5.7122547e-05,9
11875.0,11880.0,11877.5,7.6163396e-06,3.8081698e-05,6
11880.0,11885.0,11882.5,5.0775597e-06,2.5387799e-05,4
11885.0,11890.0,11887.5,1.5232679e-05,7.6163396e-05,12
11890.0,11895.0,11892.5,1.1424509e-05,5.7122547e-05,9
11895.0,11900.0,11897.5,6.3469497e-06,3.1734748e-05,5
11900.0,11905.0,11902.5,7.6163396e-06,3.8081698e-05,6
11905.0,11910.0,11907.5,1.3963289e-05,6.9816446e-05,11
11910.0,11915.0,11912.5,1.5232679e-05,7.6163396e-05,12
11915.0,11920.0,11917.5,6.3469497e-06,3.1734748e-05,5
11920.0,11925.0,11922.5,1.1424509e-05,5.7122547e-05,9
11925.0,11930.0,11927.5,8.8857295e-06,4.4428648e-05,7
11930.0,11935.0,11932.5,7.6163396e-06,3.8081698e-05,6
11935.0,11940.0,11937.5,8.8857295e-06,4.4428648e-05,7
11940.0,11945.0,11942.5,7.6163396e-06,3.8081698e-05,6
11945.0,11950.0,11947.5,5.0775597e-06,2.5387799e-05,4
11950.0,11955.0,11952.5,7.6163396e-06,3.8081698e-05,6
11955.0,11960.0,11957.5,1.6502069e-05,8.2510346e-05,13
11960.0,11965.0,11962.5,1.5232679e-05,7.6163396e-05,12
11965.0,11970.0,11967.5,8.8857295e-06,4.4428648e-05,7
11970.0,11975.0,11972.5,6.3469497e-06,3.1734748e-05,5
11975.0,11980.0,11977.5,2.5387799e-06,1.2693899e-05,2
11980.0,11985.0,11982.5,3.8081698e-06,1.9040849e-05,3
11985.0,11990.0,11987.5,1.0155119e-05,5.0775597e-05,8
11990.0,11995.0,11992.5,8.8857295e-06,4.4428648e-05,7
11995.0,12000.0,11997.5,8.8857295e-06,4.4428648e-05,7
12000.0,12005.0,12002.5,1.0155119e-05,5.0775597e-05,8
12005.0,12010.0,12007.5,1.6502069e-05,8.2510346e-05,13
12010.0,12015.0,12012.5,8.8857295e-06,4.4428648e-05,7
12015.0,12020.0,12017.5,3.8081698e-06,1.9040849e-05,3
12020.0,12025.0,12022.5,1.5232679e-05,7.6163396e-05,12
12025.0,12030.0,12027.5,6.3469497e-06,3.1734748e-05,5
12030.0,12035.0,12032.5,8.8857295e-06,4.4428648e-05,7
12035.0,12040.0,12037.5,1.3963289e-05,6.9816446e-05,11
12040.0,12045.0,12042.5,7.6163396e-06,3.8081698e-05,6
12045.0,12050.0,12047.5,1.3963289e-05,6.9816446e-05,11
12050.0,12055.0,12052.5,1.7771459e-05,8.8857295e-05,14
12055.0,12060.0,12057.5,1.2693899e-05,6.3469497e-05,10
12060.0,12065.0,12062.5,1.1424509e-05,5.7122547e-05,9
12065.0,12070.0,12067.5,1.6502069e-05,8.2510346e-05,13
12070.0,12075.0,12072.5,1.1424509e-05,5.7122547e-05,9
12075.0,12080.0,12077.5,1.2693899e-05,6.3469497e-05,10
12080.0,12085.0,12082.5,8.8857295e-06,4.4428648e-05,7
12085.0,12090.0,12087.5,8.8857295e-06,4.4428648e-05,7
12090.0,12095.0,12092.5,7.6163396e-06,3.8081698e-05,6
12095.0,12100.0,12097.5,6.3469497e-06,3.1734748e-05,5
12100.0,12105.0,12102.5,6.3469497e-06,3.1734748e-05,5
12105.0,12110.0,12107.5,1.1424509e-05,5.7122547e-05,9
12110.0,12115.0,12112.5,5.0775597e-06,2.5387799e-05,4
12115.0,12120.0,12117.5,8.8857295e-06,4.4428648e-05,7
12120.0,12125.0,12122.5,7.6163396e-06,3.8081698e-05,6
12125.0,12130.0,12127.5,8.8857295e-06,4.4428648e-05,7
12130.0,12135.0,12132.5,6.3469497e-06,3.1734748e-05,5
12135.0,12140.0,12137.5,6.3469497e-06,3.1734748e-05,5
12140.0,12145.0,12142.5,1.1424509e-05,5.7122547e-05,9
12145.0,12150.0,12147.5,1.0155119e-05,5.0775597e-05,8
12150.0,12155.0,12152.5,1.3963289e-05,6.9816446e-05,11
12155.0,12160.0,12157.5,1.1424509e-05,5.7122547e-05,9
12160.0,12165.0,12162.5,1.2693899e-06,6.3469497e-06,1
12165.0,12170.0,12167.5,6.3469497e-06,3.1734748e-05,5
12170.0,12175.0,12172.5,1.3963289e-05,6.9816446e-05,11
12175.0,12180.0,12177.5,7.6163396e-06,3.8081698e-05,6
12180.0,12185.0,12182.5,7.6163396e-06,3.8081698e-05,6
12185.0,12190.0,12187.5,3.8081698e-06,1.9040849e-05,3
12190.0,12195.0,12192.5,5.0775597e-06,2.5387799e-05,4
12195.0,12200.0,12197.5,3.8081698e-06,1.9040849e-05,3
12200.0,12205.0,12202.5,7.6163396e-06,3.8081698e-05,6
12205.0,12210.0,12207.5,8.8857295e-06,4.4428648e-05,7
12210.0,12215.0,12212.5,8.8857295e-06,4.4428648e-05,7
12215.0,12220.0,12217.5,7.6163396e-06,3.8081698e-05,6
12220.0,12225.0,12222.5,8.8857295e-06,4.4428648e-05,7
12225.0,12230.0,12227.5,6.3469497e-06,3.1734748e-05,5
12230.0,12235.0,12232.5,6.3469497e-06,3.1734748e-05,5
12235.0,12240.0,12237.5,1.5232679e-05,7.6163396e-05,12
12240.0,12245.0,12242.5,1.1424509e-05,5.7122547e-05,9
12245.0,12250.0,12247.5,5.0775597e-06,2.5387799e-05,4
12250.0,12255.0,12252.5,1.2693899e-05,6.3469497e-05,10
12255.0,12260.0,12257.5,2.5387799e-06,1.2693899e-05,2
12260.0,12265.0,12262.5,5.0775597e-06,2.5387799e-05,4
12265.0,12270.0,12267.5,6.3469497e-06,3.1734748e-05,5
12270.0,12275.0,12272.5,7.6163396e-06,3.8081698e-05,6
12275.0,12280.0,12277.5,7.6163396e-06,3.8081698e-05,6
12280.0,12285.0,12282.5,7.6163396e-06,3.8081698e-05,6
12285.0,12290.0,12287.5,6.3469497e-06,3.1734748e-05,5
12290.0,12295.0,12292.5,1.1424509e-05,5.7122547e-05,9
12295.0,12300.0,12297.5,7.6163396e-06,3.8081698e-05,6
12300.0,12305.0,12302.5,7.6163396e-06,3.8081698e-05,6
12305.0,12310.0,12307.5,7.6163396e-06,3.8081698e-05,6
12310.0,12315.0,12312.5,7.6163396e-06,3.8081698e-05,6
12315.0,12320.0,12317.5,1.1424509e-05,5.7122547e-05,9
12320.0,12325.0,12322.5,1.1424509e-05,5.7122547e-05,9
12325.0,12330.0,12327.5,1.2693899e-05,6.3469497e-05,10
12330.0,12335.0,12332.5,5.0775597e-06,2.5387799e-05,4
12335.0,12340.0,12337.5,8.8857295e-06,4.4428648e-05,7
12340.0,12345.0,12342.5,1.1424509e-05,5.7122547e-05,9
12345.0,12350.0,12347.5,6.3469497e-06,3.1734748e-05,5
12350.0,12355.0,12352.5,7.6163396e-06,3.8081698e-05,6
12355.0,12360.0,12357.5,8.8857295e-06,4.4428648e-05,7
12360.0,12365.0,12362.5,8.8857295e-06,4.4428648e-05,7
12365.0,12370.0,12367.5,7.6163396e-06,3.8081698e-05,6
12370.0,12375.0,12372.5,1.1424509e-05,5.7122547e-05,9
12375.0,12380.0,12377.5,1.0155119e-05,5.0775597e-05,8
12380.0,12385.0,12382.5,1.0155119e-05,5.0775597e-05,8
12385.0,12390.0,12387.5,1.1424509e-05,5.7122547e-05,9
12390.0,12395.0,12392.5,1.0155119e-05,5.0775597e-05,8
12395.0,12400.0,12397.5,7.6163396e-06,3.8081698e-05,6
12400.0,12405.0,12402.5,1.0155119e-05,5.0775597e-05,8
12405.0,12410.0,12407.5,1.0155119e-05,5.0775597e-05,8
12410.0,12415.0,12412.5,1.2693899e-05,6.3469497e-05,10
12415.0,12420.0,12417.5,3.8081698e-06,1.9040849e-05,3
12420.0,12425.0,12422.5,7.6163396e-06,3.8081698e-05,6
12425.0,12430.0,12427.5,6.3469497e-06,3.1734748e-05,5
12430.0,12435.0,12432.5,1.2693899e-05,6.3469497e-05,10
12435.0,12440.0,12437.5,1.5232679e-05,7.6163396e-05,12
12440.0,12445.0,12442.5,1.7771459e-05,8.8857295e-05,14
12445.0,12450.0,12447.5,6.3469497e-06,3.1734748e-05,5
12450.0,12455.0,12452.5,3.8081698e-06,1.9040849e-05,3
12455.0,12460.0,12457.5,1.2693899e-05,6.3469497e-05,10
12460.0,12465.0,12462.5,8.8857295e-06,4.4428648e-05,7
12465.0,12470.0,12467.5,3.8081698e-06,1.9040849e-05,3
12470.0,12475.0,12472.5,8.8857295e-06,4.4428648e-05,7
12475.0,12480.0,12477.5,8.8857295e-06,4.4428648e-05,7
12480.0,12485.0,12482.5,7.6163396e-06,3.8081698e-05,6
12485.0,12490.0,12487.5,1.0155119e-05,5.0775597e-05,8
12490.0,12495.0,12492.5,6.3469497e-06,3.1734748e-05,5
12495.0,12500.0,12497.5,1.1424509e-05,5.7122547e-05,9
12500.0,12505.0,12502.5,7.6163396e-06,3.8081698e-05,6
12505.0,12510.0,12507.5,8.8857295e-06,4.4428648e-05,7
12510.0,12515.0,12512.5,1.1424509e-05,5.7122547e-05,9
12515.0,12520.0,12517.5,1.2693899e-05,6.3469497e-05,10
12520.0,12525.0,12522.5,1.0155119e-05,5.0775597e-05,8
12525.0,12530.0,12527.5,8.8857295e-06,4.4428648e-05,7
12530.0,12535.0,12532.5,1.0155119e-05,5.0775597e-05,8
12535.0,12540.0,12537.5,7.6163396e-06,3.8081698e-05,6
12540.0,12545.0,12542.5,7.6163396e-06,3.8081698e-05,6
12545.0,12550.0,12547.5,1.0155119e-05,5.0775597e-05,8
12550.0,12555.0,12552.5,6.3469497e-06,3.1734748e-05,5
12555.0,12560.0,12557.5,7.6163396e-06,3.8081698e-05,6
12560.0,12565.0,12562.5,8.8857295e-06,4.4428648e-05,7
12565.0,12570.0,12567.5,1.0155119e-05,5.0775597e-05,8
12570.0,12575.0,12572.5,1.1424509e-05,5.7122547e-05,9
12575.0,12580.0,12577.5,8.8857295e-06,4.4428648e-05,7
12580.0,12585.0,12582.5,1.7771459e-05,8.8857295e-05,14
12585.0,12590.0,12587.5,7.6163396e-06,3.8081698e-05,6
12590.0,12595.0,12592.5,1.7771459e-05,8.8857295e-05,14
12595.0,12600.0,12597.5,8.8857295e-06,4.4428648e-05,7
12600.0,12605.0,12602.5,8.8857295e-06,4.4428648e-05,7
12605.0,12610.0,12607.5,1.3963289e-05,6.9816446e-05,11
12610.0,12615.0,12612.5,1.1424509e-05,5.7122547e-05,9
12615.0,12620.0,12617.5,1.1424509e-05,5.7122547e-05,9
12620.0,12625.0,12622.5,6.3469497e-06,3.1734748e-05,5
12625.0,12630.0,12627.5,1.5232679e-05,7.6163396e-05,12
12630.0,12635.0,12632.5,1.5232679e-05,7.6163396e-05,12
12635.0,12640.0,12637.5,7.6163396e-06,3.8081698e-05,6
12640.0,12645.0,12642.5,8.8857295e-06,4.4428648e-05,7
12645.0,12650.0,12647.5,1.5232679e-05,7.6163396e-05,12
12650.0,12655.0,12652.5,1.2693899e-05,6.3469497e-05,10
12655.0,12660.0,12657.5,7.6163396e-06,3.8081698e-05,6
12660.0,12665.0,12662.5,8.8857295e-06,4.4428648e-05,7
12665.0,12670.0,12667.5,1.1424509e-05,5.7122547e-05,9
12670.0,12675.0,12672.5,1.0155119e-05,5.0775597e-05,8
12675.0,12680.0,12677.5,8.8857295e-06,4.4428648e-05,7
12680.0,12685.0,12682.5,1.3963289e-05,6.9816446e-05,11
12685.0,12690.0,12687.5,1.3963289e-05,6.9816446e-05,11
12690.0,12695.0,12692.5,7.6163396e-06,3.8081698e-05,6
12695.0,12700.0,12697.5,1.1424509e-05,5.7122547e-05,9
12700.0,12705.0,12702.5,1.0155119e-05,5.0775597e-05,8
12705.0,12710.0,12707.5,7.6163396e-06,3.8081698e-05,6
12710.0,12715.0,12712.5,1.1424509e-05,5.7122547e-05,9
12715.0,12720.0,12717.5,1.1424509e-05,5.7122547e-05,9
12720.0,12725.0,12722.5,7.6163396e-06,3.8081698e-05,6
12725.0,12730.0,12727.5,2.5387799e-06,1.2693899e-05,2
12730.0,12735.0,12732.5,5.0775597e-06,2.5387799e-05,4
12735.0,12740.0,12737.5,1.0155119e-05,5.0775597e-05,8
12740.0,12745.0,12742.5,1.1424509e-05,5.7122547e-05,9
12745.0,12750.0,12747.5,7.6163396e-06,3.8081698e-05,6
12750.0,12755.0,12752.5,1.1424509e-05,5.7122547e-05,9
12755.0,12760.0,12757.5,1.2693899e-05,6.3469497e-05,10
12760.0,12765.0,12762.5,1.5232679e-05,7.6163396e-05,12
12765.0,12770.0,12767.5,8.8857295e-06,4.4428648e-05,7
12770.0,12775.0,12772.5,1.1424509e-05,5.7122547e-05,9
12775.0,12780.0,12777.5,1.3963289e-05,6.9816446e-05,11
12780.0,12785.0,12782.5,8.8857295e-06,4.4428648e-05,7
12785.0,12790.0,12787.5,8.8857295e-06,4.4428648e-05,7
12790.0,12795.0,12792.5,1.5232679e-05,7.6163396e-05,12
12795.0,12800.0,12797.5,8.8857295e-06,4.4428648e-05,7
12800.0,12805.0,12802.5,5.0775597e-06,2.5387799e-05,4
12805.0,12810.0,12807.5,1.0155119e-05,5.0775597e-05,8
12810.0,12815.0,12812.5,3.8081698e-06,1.9040849e-05,3
12815.0,12820.0,12817.5,8.8857295e-06,4.4428648e-05,7
12820.0,12825.0,12822.5,8.8857295e-06,4.4428648e-05,7
12825.0,12830.0,12827.5,1.5232679e-05,7.6163396e-05,12
12830.0,12835.0,12832.5,1.1424509e-05,5.7122547e-05,9
12835.0,12840.0,12837.5,7.6163396e-06,3.8081698e-05,6
12840.0,12845.0,12842.5,1.7771459e-05,8.8857295e-05,14
12845.0,12850.0,12847.5,8.8857295e-06,4.4428648e-05,7
12850.0,12855.0,12852.5,1.0155119e-05,5.0775597e-05,8
12855.0,12860.0,12857.5,6.3469497e-06,3.1734748e-05,5
12860.0,12865.0,12862.5,8.8857295e-06,4.4428648e-05,7
12865.0,12870.0,12867.5,1.5232679e-05,7.6163396e-05,12
12870.0,12875.0,12872.5,1.1424509e-05,5.7122547e-05,9
12875.0,12880.0,12877.5,8.8857295e-06,4.4428648e-05,7
12880.0,12885.0,12882.5,7.6163396e-06,3.8081698e-05,6
12885.0,12890.0,12887.5,3.8081698e-06,1.9040849e-05,3
12890.0,12895.0,12892.5,5.0775597e-06,2.5387799e-05,4
12895.0,12900.0,12897.5,6.3469497e-06,3.1734748e-05,5
12900.0,12905.0,12902.5,8.8857295e-06,4.4428648e-05,7
12905.0,12910.0,12907.5,1.5232679e-05,7.6163396e-05,12
12910.0,12915.0,12912.5,1.2693899e-05,6.3469497e-05,10
12915.0,12920.0,12917.5,1.5232679e-05,7.6163396e-05,12
12920.0,12925.0,12922.5,7.6163396e-06,3.8081698e-05,6
12925.0,12930.0,12927.5,7.6163396e-06,3.8081698e-05,6
12930.0,12935.0,12932.5,5.0775597e-06,2.5387799e-05,4
12935.0,12940.0,12937.5,1.1424509e-05,5.7122547e-05,9
12940.0,12945.0,12942.5,1.1424509e-05,5.7122547e-05,9
12945.0,12950.0,12947.5,5.0775597e-06,2.5387799e-05,4
12950.0,12955.0,12952.5,1.1424509e-05,5.7122547e-05,9
12955.0,12960.0,12957.5,1.9040849e-05,9.5204245e-05,15
12960.0,12965.0,12962.5,5.0775597e-06,2.5387799e-05,4
12965.0,12970.0,12967.5,1.3963289e-05,6.9816446e-05,11
12970.0,12975.0,12972.5,7.6163396e-06,3.8081698e-05,6
12975.0,12980.0,12977.5,1.2693899e-05,6.3469497e-05,10
12980.0,12985.0,12982.5,1.1424509e-05,5.7122547e-05,9
12985.0,12990.0,12987.5,1.0155119e-05,5.0775597e-05,8
12990.0,12995.0,12992.5,1.1424509e-05,5.7122547e-05,9
12995.0,13000.0,12997.5,7.6163396e-06,3.8081698e-05,6
13000.0,13005.0,13002.5,1.0155119e-05,5.0775597e-05,8
13005.0,13010.0,13007.5,1.1424509e-05,5.7122547e-05,9
13010.0,13015.0,13012.5,6.3469497e-06,3.1734748e-05,5
13015.0,13020.0,13017.5,5.0775597e-06,2.5387799e-05,4
13020.0,13025.0,13022.5,7.6163396e-06,3.8081698e-05,6
13025.0,13030.0,13027.5,8.8857295e-06,4.4428648e-05,7
13030.0,13035.0,13032.5,7.6163396e-06,3.8081698e-05,6
13035.0,13040.0,13037.5,8.8857295e-06,4.4428648e-05,7
13040.0,13045.0,13042.5,1.6502069e-05,8.2510346e-05,13
13045.0,13050.0,13047.5,7.6163396e-06,3.8081698e-05,6
13050.0,13055.0,13052.5,7.6163396e-06,3.8081698e-05,6
13055.0,13060.0,13057.5,1.2693899e-05,6.3469497e-05,10
13060.0,13065.0,13062.5,7.6163396e-06,3.8081698e-05,6
13065.0,13070.0,13067.5,1.0155119e-05,5.0775597e-05,8
13070.0,13075.0,13072.5,1.1424509e-05,5.7122547e-05,9
13075.0,13080.0,13077.5,6.3469497e-06,3.1734748e-05,5
13080.0,13085.0,13082.5,1.6502069e-05,8.2510346e-05,13
13085.0,13090.0,13087.5,6.3469497e-06,3.1734748e-05,5
13090.0,13095.0,13092.5,8.8857295e-06,4.4428648e-05,7
13095.0,13100.0,13097.5,8.8857295e-06,4.4428648e-05,7
13100.0,13105.0,13102.5,6.3469497e-06,3.1734748e-05,5
13105.0,13110.0,13107.5,1.1424509e-05,5.7122547e-05,9
13110.0,13115.0,13112.5,1.0155119e-05,5.0775597e-05,8
13115.0,13120.0,13117.5,1.2693899e-05,6.3469497e-05,10
13120.0,13125.0,13122.5,1.0155119e-05,5.0775597e-05,8
13125.0,13130.0,13127.5,6.3469497e-06,3.1734748e-05,5
13130.0,13135.0,13132.5,1.1424509e-05,5.7122547e-05,9
13135.0,13140.0,13137.5,1.0155119e-05,5.0775597e-05,8
13140.0,13145.0,13142.5,1.2693899e-05,6.3469497e-05,10
13145.0,13150.0,13147.5,8.8857295e-06,4.4428648e-05,7
13150.0,13155.0,13152.5,8.8857295e-06,4.4428648e-05,7
13155.0,13160.0,13157.5,5.0775597e-06,2.5387799e-05,4
13160.0,13165.0,13162.5,1.2693899e-05,6.3469497e-05,10
13165.0,13170.0,13167.5,1.7771459e-05,8.8857295e-05,14
13170.0,13175.0,13172.5,8.8857295e-06,4.4428648e-05,7
13175.0,13180.0,13177.5,5.0775597e-06,2.5387799e-05,4
13180.0,13185.0,13182.5,1.0155119e-05,5.0775597e-05,8
13185.0,13190.0,13187.5,1.3963289e-05,6.9816446e-05,11
13190.0,13195.0,13192.5,1.5232679e-05,7.6163396e-05,12
13195.0,13200.0,13197.5,1.1424509e-05,5.7122547e-05,9
13200.0,13205.0,13202.5,3.8081698e-06,1.9040849e-05,3
13205.0,13210.0,13207.5,1.5232679e-05,7.6163396e-05,12
13210.0,13215.0,13212.5,1.0155119e-05,5.0775597e-05,8
13215.0,13220.0,13217.5,1.1424509e-05,5.7122547e-05,9
13220.0,13225.0,13222.5,8.8857295e-06,4.4428648e-05,7
13225.0,13230.0,13227.5,7.6163396e-06,3.8081698e-05,6
13230.0,13235.0,13232.5,6.3469497e-06,3.1734748e-05,5
13235.0,13240.0,13237.5,8.8857295e-06,4.4428648e-05,7
13240.0,13245.0,13242.5,6.3469497e-06,3.1734748e-05,5
13245.0,13250.0,13247.5,2.5387799e-06,1.2693899e-05,2
13250.0,13255.0,13252.5,1.5232679e-05,7.6163396e-05,12
13255.0,13260.0,13257.5,3.8081698e-06,1.9040849e-05,3
13260.0,13265.0,13262.5,8.8857295e-06,4.4428648e-05,7
13265.0,13270.0,13267.5,6.3469497e-06,3.1734748e-05,5
13270.0,13275.0,13272.5,1.0155119e-05,5.0775597e-05,8
13275.0,13280.0,13277.5,8.8857295e-06,4.4428648e-05,7
13280.0,13285.0,13282.5,7.6163396e-06,3.8081698e-05,6
13285.0,13290.0,13287.5,6.3469497e-06,3.1734748e-05,5
13290.0,13295.0,13292.5,1.6502069e-05,8.2510346e-05,13
13295.0,13300.0,13297.5,1.5232679e-05,7.6163396e-05,12
13300.0,13305.0,13302.5,8.8857295e-06,4.4428648e-05,7
13305.0,13310.0,13307.5,1.1424509e-05,5.7122547e-05,9
13310.0,13315.0,13312.5,7.6163396e-06,3.8081698e-05,6
13315.0,13320.0,13317.5,7.6163396e-06,3.8081698e-05,6
13320.0,13325.0,13322.5,1.2693899e-05,6.3469497e-05,10
13325.0,13330.0,13327.5,6.3469497e-06,3.1734748e-05,5
13330.0,13335.0,13332.5,1.0155119e-05,5.0775597e-05,8
13335.0,13340.0,13337.5,8.8857295e-06,4.4428648e-05,7
13340.0,13345.0,13342.5,1.5232679e-05,7.6163396e-05,12
13345.0,13350.0,13347.5,7.6163396e-06,3.8081698e-05,6
13350.0,13355.0,13352.5,2.5387799e-06,1.2693899e-05,2
13355.0,13360.0,13357.5,1.2693899e-05,6.3469497e-05,10
13360.0,13365.0,13362.5,1.0155119e-05,5.0775597e-05,8
13365.0,13370.0,13367.5,8.8857295e-06,4.4428648e-05,7
13370.0,13375.0,13372.5,8.8857295e-06,4.4428648e-05,7
13375.0,13380.0,13377.5,1.1424509e-05,5.7122547e-05,9
13380.0,13385.0,13382.5,7.6163396e-06,3.8081698e-05,6
13385.0,13390.0,13387.5,8.8857295e-06,4.4428648e-05,7
13390.0,13395.0,13392.5,1.0155119e-05,5.0775597e-05,8
13395.0,13400.0,13397.5,1.1424509e-05,5.7122547e-05,9
13400.0,13405.0,13402.5,1.0155119e-05,5.0775597e-05,8
13405.0,13410.0,13407.5,5.0775597e-06,2.5387799e-05,4
13410.0,13415.0,13412.5,1.2693899e-05,6.3469497e-05,10
13415.0,13420.0,13417.5,1.1424509e-05,5.7122547e-05,9
13420.0,13425.0,13422.5,1.3963289e-05,6.9816446e-05,11
13425.0,13430.0,13427.5,8.8857295e-06,4.4428648e-05,7
13430.0,13435.0,13432.5,6.3469497e-06,3.1734748e-05,5
13435.0,13440.0,13437.5,6.3469497e-06,3.1734748e-05,5
13440.0,13445.0,13442.5,1.2693899e-05,6.3469497e-05,10
13445.0,13450.0,13447.5,8.8857295e-06,4.4428648e-05,7
13450.0,13455.0,13452.5,8.8857295e-06,4.4428648e-05,7
13455.0,13460.0,13457.5,5.0775597e-06,2.5387799e-05,4
13460.0,13465.0,13462.5,1.0155119e-05,5.0775597e-05,8
13465.0,13470.0,13467.5,7.6163396e-06,3.8081698e-05,6
13470.0,13475.0,13472.5,6.3469497e-06,3.1734748e-05,5
13475.0,13480.0,13477.5,7.6163396e-06,3.8081698e-05,6
13480.0,13485.0,13482.5,1.1424509e-05,5.7122547e-05,9
13485.0,13490.0,13487.5,1.0155119e-05,5.0775597e-05,8
13490.0,13495.0,13492.5,7.6163396e-06,3.8081698e-05,6
13495.0,13500.0,13497.5,1.1424509e-05,5.7122547e-05,9
13500.0,13505.0,13502.5,7.6163396e-06,3.8081698e-05,6
13505.0,13510.0,13507.5,1.2693899e-05,6.3469497e-05,10
13510.0,13515.0,13512.5,5.0775597e-06,2.5387799e-05,4
13515.0,13520.0,13517.5,8.8857295e-06,4.4428648e-05,7
13520.0,13525.0,13522.5,6.3469497e-06,3.1734748e-05,5
13525.0,13530.0,13527.5,7.6163396e-06,3.8081698e-05,6
13530.0,13535.0,13532.5,8.8857295e-06,4.4428648e-05,7
13535.0,13540.0,13537.5,1.2693899e-05,6.3469497e-05,10
13540.0,13545.0,13542.5,7.6163396e-06,3.8081698e-05,6
13545.0,13550.0,13547.5,1.2693899e-05,6.3469497e-05,10
13550.0,13555.0,13552.5,1.5232679e-05,7.6163396e-05,12
13555.0,13560.0,13557.5,5.0775597e-06,2.5387799e-05,4
13560.0,13565.0,13562.5,7.6163396e-06,3.8081698e-05,6
13565.0,13570.0,13567.5,7.6163396e-06,3.8081698e-05,6
13570.0,13575.0,13572.5,1.5232679e-05,7.6163396e-05,12
13575.0,13580.0,13577.5,1.1424509e-05,5.7122547e-05,9
13580.0,13585.0,13582.5,1.2693899e-05,6.3469497e-05,10
13585.0,13590.0,13587.5,1.1424509e-05,5.7122547e-05,9
13590.0,13595.0,13592.5,1.3963289e-05,6.9816446e-05,11
13595.0,13600.0,13597.5,7.6163396e-06,3.8081698e-05,6
13600.0,13605.0,13602.5,8.8857295e-06,4.4428648e-05,7
13605.0,13610.0,13607.5,1.2693899e-05,6.3469497e-05,10
13610.0,13615.0,13612.5,5.0775597e-06,2.5387799e-05,4
13615.0,13620.0,13617.5,2.5387799e-06,1.2693899e-05,2
13620.0,13625.0,13622.5,6.3469497e-06,3.1734748e-05,5
13625.0,13630.0,13627.5,6.3469497e-06,3.1734748e-05,5
13630.0,13635.0,13632.5,8.8857295e-06,4.4428648e-05,7
13635.0,13640.0,13637.5,7.6163396e-06,3.8081698e-05,6
13640.0,13645.0,13642.5,7.6163396e-06,3.8081698e-05,6
13645.0,13650.0,13647.5,8.8857295e-06,4.4428648e-05,7
13650.0,13655.0,13652.5,1.0155119e-05,5.0775597e-05,8
13655.0,13660.0,13657.5,7.6163396e-06,3.8081698e-05,6
13660.0,13665.0,13662.5,8.8857295e-06,4.4428648e-05,7
13665.0,13670.0,13667.5,1.2693899e-05,6.3469497e-05,10
13670.0,13675.0,13672.5,7.6163396e-06,3.8081698e-05,6
13675.0,13680.0,13677.5,5.0775597e-06,2.5387799e-05,4
13680.0,13685.0,13682.5,7.6163396e-06,3.8081698e-05,6
13685.0,13690.0,13687.5,1.0155119e-05,5.0775597e-05,8
13690.0,13695.0,13692.5,1.1424509e-05,5.7122547e-05,9
13695.0,13700.0,13697.5,1.1424509e-05,5.7122547e-05,9
13700.0,13705.0,13702.5,8.8857295e-06,4.4428648e-05,7
13705.0,13710.0,13707.5,1.2693899e-05,6.3469497e-05,10
13710.0,13715.0,13712.5,1.1424509e-05,5.7122547e-05,9
13715.0,13720.0,13717.5,1.0155119e-05,5.0775597e-05,8
13720.0,13725.0,13722.5,8.8857295e-06,4.4428648e-05,7
13725.0,13730.0,13727.5,7.6163396e-06,3.8081698e-05,6
13730.0,13735.0,13732.5,6.3469497e-06,3.1734748e-05,5
13735.0,13740.0,13737.5,1.5232679e-05,7.6163396e-05,12
13740.0,13745.0,13742.5,7.6163396e-06,3.8081698e-05,6
13745.0,13750.0,13747.5,7.6163396e-06,3.8081698e-05,6
13750.0,13755.0,13752.5,1.0155119e-05,5.0775597e-05,8
13755.0,13760.0,13757.5,7.6163396e-06,3.8081698e-05,6
13760.0,13765.0,13762.5,6.3469497e-06,3.1734748e-05,5
13765.0,13770.0,13767.5,1.1424509e-05,5.7122547e-05,9
13770.0,13775.0,13772.5,6.3469497e-06,3.1734748e-05,5
13775.0,13780.0,13777.5,7.6163396e-06,3.8081698e-05,6
13780.0,13785.0,13782.5,8.8857295e-06,4.4428648e-05,7
13785.0,13790.0,13787.5,8.8857295e-06,4.4428648e-05,7
13790.0,13795.0,13792.5,8.8857295e-06,4.4428648e-05,7
13795.0,13800.0,13797.5,1.0155119e-05,5.0775597e-05,8
13800.0,13805.0,13802.5,5.0775597e-06,2.5387799e-05,4
13805.0,13810.0,13807.5,1.6502069e-05,8.2510346e-05,13
13810.0,13815.0,13812.5,1.1424509e-05,5.7122547e-05,9
13815.0,13820.0,13817.5,1.6502069e-05,8.2510346e-05,13
13820.0,13825.0,13822.5,7.6163396e-06,3.8081698e-05,6
13825.0,13830.0,13827.5,3.8081698e-06,1.9040849e-05,3
13830.0,13835.0,13832.5,1.5232679e-05,7.6163396e-05,12
13835.0,13840.0,13837.5,6.3469497e-06,3.1734748e-05,5
13840.0,13845.0,13842.5,5.0775597e-06,2.5387799e-05,4
13845.0,13850.0,13847.5,8.8857295e-06,4.4428648e-05,7
13850.0,13855.0,13852.5,5.0775597e-06,2.5387799e-05,4
13855.0,13860.0,13857.5,5.0775597e-06,2.5387799e-05,4
13860.0,13865.0,13862.5,5.0775597e-06,2.5387799e-05,4
13865.0,13870.0,13867.5,1.0155119e-05,5.0775597e-05,8
13870.0,13875.0,13872.5,8.8857295e-06,4.4428648e-05,7
13875.0,13880.0,13877.5,2.5387799e-06,1.2693899e-05,2
13880.0,13885.0,13882.5,1.2693899e-05,6.3469497e-05,10
13885.0,13890.0,13887.5,1.2693899e-05,6.3469497e-05,10
13890.0,13895.0,13892.5,1.3963289e-05,6.9816446e-05,11
13895.0,13900.0,13897.5,7.6163396e-06,3.8081698e-05,6
13900.0,13905.0,13902.5,8.8857295e-06,4.4428648e-05,7
13905.0,13910.0,13907.5,1.1424509e-05,5.7122547e-05,9
13910.0,13915.0,13912.5,1.0155119e-05,5.0775597e-05,8
13915.0,13920.0,13917.5,1.0155119e-05,5.0775597e-05,8
13920.0,13925.0,13922.5,2.5387799e-06,1.2693899e-05,2
13925.0,13930.0,13927.5,3.8081698e-06,1.9040849e-05,3
13930.0,13935.0,13932.5,5.0775597e-06,2.5387799e-05,4
13935.0,13940.0,13937.5,8.8857295e-06,4.4428648e-05,7
13940.0,13945.0,13942.5,1.6502069e-05,8.2510346e-05,13
13945.0,13950.0,13947.5,8.8857295e-06,4.4428648e-05,7
13950.0,13955.0,13952.5,7.6163396e-06,3.8081698e-05,6
13955.0,13960.0,13957.5,1.0155119e-05,5.0775597e-05,8
13960.0,13965.0,13962.5,1.6502069e-05,8.2510346e-05,13
13965.0,13970.0,13967.5,1.1424509e-05,5.7122547e-05,9
13970.0,13975.0,13972.5,7.6163396e-06,3.8081698e-05,6
13975.0,13980.0,13977.5,1.3963289e-05,6.9816446e-05,11
13980.0,13985.0,13982.5,3.8081698e-06,1.9040849e-05,3
13985.0,13990.0,13987.5,1.6502069e-05,8.2510346e-05,13
13990.0,13995.0,13992.5,6.3469497e-06,3.1734748e-05,5
13995.0,14000.0,13997.5,1.2693899e-05,6.3469497e-05,10
14000.0,14005.0,14002.5,1.2693899e-05,6.3469497e-05,10
14005.0,14010.0,14007.5,1.3963289e-05,6.9816446e-05,11
14010.0,14015.0,14012.5,1.2693899e-05,6.3469497e-05,10
14015.0,14020.0,14017.5,1.1424509e-05,5.7122547e-05,9
14020.0,14025.0,14022.5,6.3469497e-06,3.1734748e-05,5
14025.0,14030.0,14027.5,6.3469497e-06,3.1734748e-05,5
14030.0,14035.0,14032.5,7.6163396e-06,3.8081698e-05,6
14035.0,14040.0,14037.5,2.5387799e-06,1.2693899e-05,2
14040.0,14045.0,14042.5,8.8857295e-06,4.4428648e-05,7
14045.0,14050.0,14047.5,8.8857295e-06,4.4428648e-05,7
14050.0,14055.0,14052.5,3.8081698e-06,1.9040849e-05,3
14055.0,14060.0,14057.5,7.6163396e-06,3.8081698e-05,6
14060.0,14065.0,14062.5,1.0155119e-05,5.0775597e-05,8
14065.0,14070.0,14067.5,8.8857295e-06,4.4428648e-05,7
14070.0,14075.0,14072.5,5.0775597e-06,2.5387799e-05,4
14075.0,14080.0,14077.5,1.0155119e-05,5.0775597e-05,8
14080.0,14085.0,14082.5,8.8857295e-06,4.4428648e-05,7
14085.0,14090.0,14087.5,5.0775597e-06,2.5387799e-05,4
14090.0,14095.0,14092.5,1.0155119e-05,5.0775597e-05,8
14095.0,14100.0,14097.5,6.3469497e-06,3.1734748e-05,5
14100.0,14105.0,14102.5,7.6163396e-06,3.8081698e-05,6
14105.0,14110.0,14107.5,5.0775597e-06,2.5387799e-05,4
14110.0,14115.0,14112.5,3.8081698e-06,1.9040849e-05,3
14115.0,14120.0,14117.5,1.0155119e-05,5.0775597e-05,8
14120.0,14125.0,14122.5,1.5232679e-05,7.6163396e-05,12
14125.0,14130.0,14127.5,6.3469497e-06,3.1734748e-05,5
14130.0,14135.0,14132.5,1.1424509e-05,5.7122547e-05,9
14135.0,14140.0,14137.5,7.6163396e-06,3.8081698e-05,6
14140.0,14145.0,14142.5,3.8081698e-06,1.9040849e-05,3
14145.0,14150.0,14147.5,8.8857295e-06,4.4428648e-05,7
14150.0,14155.0,14152.5,1.5232679e-05,7.6163396e-05,12
14155.0,14160.0,14157.5,8.8857295e-06,4.4428648e-05,7
14160.0,14165.0,14162.5,1.6502069e-05,8.2510346e-05,13
14165.0,14170.0,14167.5,1.1424509e-05,5.7122547e-05,9
14170.0,14175.0,14172.5,6.3469497e-06,3.1734748e-05,5
14175.0,14180.0,14177.5,7.6163396e-06,3.8081698e-05,6
14180.0,14185.0,14182.5,3.8081698e-06,1.9040849e-05,3
14185.0,14190.0,14187.5,7.6163396e-06,3.8081698e-05,6
14190.0,14195.0,14192.5,7.6163396e-06,3.8081698e-05,6
14195.0,14200.0,14197.5,7.6163396e-06,3.8081698e-05,6
14200.0,14205.0,14202.5,5.0775597e-06,2.5387799e-05,4
14205.0,14210.0,14207.5,7.6163396e-06,3.8081698e-05,6
14210.0,14215.0,14212.5,7.6163396e-06,3.8081698e-05,6
14215.0,14220.0,14217.5,2.5387799e-06,1.2693899e-05,2
14220.0,14225.0,14222.5,1.0155119e-05,5.0775597e-05,8
14225.0,14230.0,14227.5,7.6163396e-06,3.8081698e-05,6
14230.0,14235.0,14232.5,6.3469497e-06,3.1734748e-05,5
14235.0,14240.0,14237.5,1.2693899e-05,6.3469497e-05,10
14240.0,14245.0,14242.5,5.0775597e-06,2.5387799e-05,4
14245.0,14250.0,14247.5,7.6163396e-06,3.8081698e-05,6
14250.0,14255.0,14252.5,3.8081698e-06,1.9040849e-05,3
14255.0,14260.0,14257.5,5.0775597e-06,2.5387799e-05,4
14260.0,14265.0,14262.5,7.6163396e-06,3.8081698e-05,6
14265.0,14270.0,14267.5,1.3963289e-05,6.9816446e-05,11
14270.0,14275.0,14272.5,1.3963289e-05,6.9816446e-05,11
14275.0,14280.0,14277.5,7.6163396e-06,3.8081698e-05,6
14280.0,14285.0,14282.5,6.3469497e-06,3.1734748e-05,5
14285.0,14290.0,14287.5,1.1424509e-05,5.7122547e-05,9
14290.0,14295.0,14292.5,1.1424509e-05,5.7122547e-05,9
14295.0,14300.0,14297.5,1.6502069e-05,8.2510346e-05,13
14300.0,14305.0,14302.5,1.3963289e-05,6.9816446e-05,11
14305.0,14310.0,14307.5,6.3469497e-06,3.1734748e-05,5
14310.0,14315.0,14312.5,2.0310239e-05,0.00010155119,16
14315.0,14320.0,14317.5,1.0155119e-05,5.0775597e-05,8
14320.0,14325.0,14322.5,1.0155119e-05,5.0775597e-05,8
14330.0,14335.0,14332.5,2.5387799e-06,1.2693899e-05,2
14335.0,14340.0,14337.5,1.1424509e-05,5.7122547e-05,9
14340.0,14345.0,14342.5,1.2693899e-05,6.3469497e-05,10
14345.0,14350.0,14347.5,8.8857295e-06,4.4428648e-05,7
14350.0,14355.0,14352.5,1.2693899e-05,6.3469497e-05,10
14355.0,14360.0,14357.5,1.2693899e-05,6.3469497e-05,10
14360.0,14365.0,14362.5,1.3963289e-05,6.9816446e-05,11
14365.0,14370.0,14367.5,1.0155119e-05,5.0775597e-05,8
14370.0,14375.0,14372.5,1.2693899e-05,6.3469497e-05,10
14375.0,14380.0,14377.5,5.0775597e-06,2.5387799e-05,4
14380.0,14385.0,14382.5,7.6163396e-06,3.8081698e-05,6
14385.0,14390.0,14387.5,3.8081698e-06,1.9040849e-05,3
14390.0,14395.0,14392.5,1.3963289e-05,6.9816446e-05,11
14395.0,14400.0,14397.5,3.8081698e-06,1.9040849e-05,3
14400.0,14405.0,14402.5,1.0155119e-05,5.0775597e-05,8
14405.0,14410.0,14407.5,8.8857295e-06,4.4428648e-05,7
14410.0,14415.0,14412.5,8.8857295e-06,4.4428648e-05,7
14415.0,14420.0,14417.5,8.8857295e-06,4.4428648e-05,7
14420.0,14425.0,14422.5,7.6163396e-06,3.8081698e-05,6
14425.0,14430.0,14427.5,6.3469497e-06,3.1734748e-05,5
14430.0,14435.0,14432.5,8.8857295e-06,4.4428648e-05,7
14435.0,14440.0,14437.5,1.1424509e-05,5.7122547e-05,9
14440.0,14445.0,14442.5,1.1424509e-05,5.7122547e-05,9
14445.0,14450.0,14447.5,1.1424509e-05,5.7122547e-05,9
14450.0,14455.0,14452.5,3.8081698e-06,1.9040849e-05,3
14455.0,14460.0,14457.5,5.0775597e-06,2.5387799e-05,4
14460.0,14465.0,14462.5,1.1424509e-05,5.7122547e-05,9
14465.0,14470.0,14467.5,5.0775597e-06,2.5387799e-05,4
14470.0,14475.0,14472.5,2.5387799e-06,1.2693899e-05,2
14475.0,14480.0,14477.5,5.0775597e-06,2.5387799e-05,4
14480.0,14485.0,14482.5,7.6163396e-06,3.8081698e-05,6
14485.0,14490.0,14487.5,5.0775597e-06,2.5387799e-05,4
14490.0,14495.0,14492.5,2.5387799e-06,1.2693899e-05,2
14495.0,14500.0,14497.5,8.8857295e-06,4.4428648e-05,7
14500.0,14505.0,14502.5,3.8081698e-06,1.9040849e-05,3
14505.0,14510.0,14507.5,1.6502069e-05,8.2510346e-05,13
14510.0,14515.0,14512.5,7.6163396e-06,3.8081698e-05,6
14515.0,14520.0,14517.5,1.1424509e-05,5.7122547e-05,9
14520.0,14525.0,14522.5,6.3469497e-06,3.1734748e-05,5
14525.0,14530.0,14527.5,8.8857295e-06,4.4428648e-05,7
14530.0,14535.0,14532.5,1.3963289e-05,6.9816446e-05,11
14535.0,14540.0,14537.5,7.6163396e-06,3.8081698e-05,6
14540.0,14545.0,14542.5,1.1424509e-05,5.7122547e-05,9
14545.0,14550.0,14547.5,1.1424509e-05,5.7122547e-05,9
14550.0,14555.0,14552.5,8.8857295e-06,4.4428648e-05,7
14555.0,14560.0,14557.5,6.3469497e-06,3.1734748e-05,5
14560.0,14565.0,14562.5,5.0775597e-06,2.5387799e-05,4
14565.0,14570.0,14567.5,8.8857295e-06,4.4428648e-05,7
14570.0,14575.0,14572.5,5.0775597e-06,2.5387799e-05,4
14575.0,14580.0,14577.5,1.1424509e-05,5.7122547e-05,9
14580.0,14585.0,14582.5,7.6163396e-06,3.8081698e-05,6
14585.0,14590.0,14587.5,3.8081698e-06,1.9040849e-05,3
14590.0,14595.0,14592.5,1.6502069e-05,8.2510346e-05,13
14595.0,14600.0,14597.5,8.8857295e-06,4.4428648e-05,7
14600.0,14605.0,14602.5,8.8857295e-06,4.4428648e-05,7
14605.0,14610.0,14607.5,6.3469497e-06,3.1734748e-05,5
14610.0,14615.0,14612.5,1.2693899e-05,6.3469497e-05,10
14615.0,14620.0,14617.5,1.5232679e-05,7.6163396e-05,12
14620.0,14625.0,14622.5,6.3469497e-06,3.1734748e-05,5
14625.0,14630.0,14627.5,3.8081698e-06,1.9040849e-05,3
14630.0,14635.0,14632.5,8.8857295e-06,4.4428648e-05,7
14635.0,14640.0,14637.5,7.6163396e-06,3.8081698e-05,6
14640.0,14645.0,14642.5,6.3469497e-06,3.1734748e-05,5
14645.0,14650.0,14647.5,3.8081698e-06,1.9040849e-05,3
14650.0,14655.0,14652.5,8.8857295e-06,4.4428648e-05,7
14655.0,14660.0,14657.5,5.0775597e-06,2.5387799e-05,4
14660.0,14665.0,14662.5,8.8857295e-06,4.4428648e-05,7
14665.0,14670.0,14667.5,1.1424509e-05,5.7122547e-05,9
14670.0,14675.0,14672.5,1.2693899e-05,6.3469497e-05,10
14675.0,14680.0,14677.5,1.1424509e-05,5.7122547e-05,9
14680.0,14685.0,14682.5,6.3469497e-06,3.1734748e-05,5
14685.0,14690.0,14687.5,1.0155119e-05,5.0775597e-05,8
14690.0,14695.0,14692.5,5.0775597e-06,2.5387799e-05,4
14695.0,14700.0,14697.5,1.2693899e-05,6.3469497e-05,10
14700.0,14705.0,14702.5,6.3469497e-06,3.1734748e-05,5
14705.0,14710.0,14707.5,6.3469497e-06,3.1734748e-05,5
14710.0,14715.0,14712.5,6.3469497e-06,3.1734748e-05,5
14715.0,14720.0,14717.5,1.2693899e-05,6.3469497e-05,10
14720.0,14725.0,14722.5,8.8857295e-06,4.4428648e-05,7
14725.0,14730.0,14727.5,1.3963289e-05,6.9816446e-05,11
14730.0,14735.0,14732.5,6.3469497e-06,3.1734748e-05,5
14735.0,14740.0,14737.5,5.0775597e-06,2.5387799e-05,4
14740.0,14745.0,14742.5,6.3469497e-06,3.1734748e-05,5
14745.0,14750.0,14747.5,6.3469497e-06,3.1734748e-05,5
14750.0,14755.0,14752.5,1.0155119e-05,5.0775597e-05,8
14755.0,14760.0,14757.5,1.2693899e-05,6.3469497e-05,10
14760.0,14765.0,14762.5,7.6163396e-06,3.8081698e-05,6
14765.0,14770.0,14767.5,5.0775597e-06,2.5387799e-05,4
14770.0,14775.0,14772.5,1.1424509e-05,5.7122547e-05,9
14775.0,14780.0,14777.5,1.3963289e-05,6.9816446e-05,11
14780.0,14785.0,14782.5,6.3469497e-06,3.1734748e-05,5
14785.0,14790.0,14787.5,5.0775597e-06,2.5387799e-05,4
14790.0,14795.0,14792.5,1.3963289e-05,6.9816446e-05,11
14795.0,14800.0,14797.5,8.8857295e-06,4.4428648e-05,7
14800.0,14805.0,14802.5,5.0775597e-06,2.5387799e-05,4
14805.0,14810.0,14807.5,7.6163396e-06,3.8081698e-05,6
14810.0,14815.0,14812.5,6.3469497e-06,3.1734748e-05,5
14815.0,14820.0,14817.5,7.6163396e-06,3.8081698e-05,6
14820.0,14825.0,14822.5,1.2693899e-05,6.3469497e-05,10
14825.0,14830.0,14827.5,1.1424509e-05,5.7122547e-05,9
14830.0,14835.0,14832.5,3.8081698e-06,1.9040849e-05,3
14835.0,14840.0,14837.5,7.6163396e-06,3.8081698e-05,6
14840.0,14845.0,14842.5,1.0155119e-05,5.0775597e-05,8
14845.0,14850.0,14847.5,6.3469497e-06,3.1734748e-05,5
14850.0,14855.0,14852.5,1.3963289e-05,6.9816446e-05,11
14855.0,14860.0,14857.5,6.3469497e-06,3.1734748e-05,5
14860.0,14865.0,14862.5,1.3963289e-05,6.9816446e-05,11
14865.0,14870.0,14867.5,7.6163396e-06,3.8081698e-05,6
14870.0,14875.0,14872.5,1.0155119e-05,5.0775597e-05,8
14875.0,14880.0,14877.5,1.5232679e-05,7.6163396e-05,12
14880.0,14885.0,14882.5,7.6163396e-06,3.8081698e-05,6
14885.0,14890.0,14887.5,5.0775597e-06,2.5387799e-05,4
14890.0,14895.0,14892.5,1.7771459e-05,8.8857295e-05,14
14895.0,14900.0,14897.5,7.6163396e-06,3.8081698e-05,6
14900.0,14905.0,14902.5,6.3469497e-06,3.1734748e-05,5
14905.0,14910.0,14907.5,1.0155119e-05,5.0775597e-05,8
14910.0,14915.0,14912.5,8.8857295e-06,4.4428648e-05,7
14915.0,14920.0,14917.5,7.6163396e-06,3.8081698e-05,6
14920.0,14925.0,14922.5,5.0775597e-06,2.5387799e-05,4
14925.0,14930.0,14927.5,5.0775597e-06,2.5387799e-05,4
14930.0,14935.0,14932.5,6.3469497e-06,3.1734748e-05,5
14935.0,14940.0,14937.5,1.3963289e-05,6.9816446e-05,11
14940.0,14945.0,14942.5,6.3469497e-06,3.1734748e-05,5
14945.0,14950.0,14947.5,6.3469497e-06,3.1734748e-05,5
14950.0,14955.0,14952.5,7.6163396e-06,3.8081698e-05,6
14955.0,14960.0,14957.5,8.8857295e-06,4.4428648e-05,7
14960.0,14965.0,14962.5,2.5387799e-06,1.2693899e-05,2
14965.0,14970.0,14967.5,1.2693899e-05,6.3469497e-05,10
14970.0,14975.0,14972.5,7.6163396e-06,3.8081698e-05,6
14975.0,14980.0,14977.5,3.8081698e-06,1.9040849e-05,3
14980.0,14985.0,14982.5,7.6163396e-06,3.8081698e-05,6
14985.0,14990.0,14987.5,6.3469497e-06,3.1734748e-05,5
14990.0,14995.0,14992.5,3.8081698e-06,1.9040849e-05,3
14995.0,15000.0,14997.5,1.3963289e-05,6.9816446e-05,11
15000.0,15005.0,15002.5,7.6163396e-06,3.8081698e-05,6
15005.0,15010.0,15007.5,6.3469497e-06,3.1734748e-05,5
15010.0,15015.0,15012.5,6.3469497e-06,3.1734748e-05,5
15015.0,15020.0,15017.5,8.8857295e-06,4.4428648e-05,7
15020.0,15025.0,15022.5,3.8081698e-06,1.9040849e-05,3
15025.0,15030.0,15027.5,6.3469497e-06,3.1734748e-05,5
15030.0,15035.0,15032.5,2.5387799e-06,1.2693899e-05,2
15035.0,15040.0,15037.5,5.0775597e-06,2.5387799e-05,4
15040.0,15045.0,15042.5,1.1424509e-05,5.7122547e-05,9
15045.0,15050.0,15047.5,8.8857295e-06,4.4428648e-05,7
15050.0,15055.0,15052.5,7.6163396e-06,3.8081698e-05,6
15055.0,15060.0,15057.5,1.3963289e-05,6.9816446e-05,11
15060.0,15065.0,15062.5,8.8857295e-06,4.4428648e-05,7
15065.0,15070.0,15067.5,7.6163396e-06,3.8081698e-05,6
15070.0,15075.0,15072.5,1.5232679e-05,7.6163396e-05,12
15075.0,15080.0,15077.5,1.3963289e-05,6.9816446e-05,11
15080.0,15085.0,15082.5,1.5232679e-05,7.6163396e-05,12
15085.0,15090.0,15087.5,8.8857295e-06,4.4428648e-05,7
15090.0,15095.0,15092.5,7.6163396e-06,3.8081698e-05,6
15095.0,15100.0,15097.5,1.1424509e-05,5.7122547e-05,9
15100.0,15105.0,15102.5,1.7771459e-05,8.8857295e-05,14
15105.0,15110.0,15107.5,6.3469497e-06,3.1734748e-05,5
15110.0,15115.0,15112.5,7.6163396e-06,3.8081698e-05,6
15115.0,15120.0,15117.5,8.8857295e-06,4.4428648e-05,7
15120.0,15125.0,15122.5,1.2693899e-05,6.3469497e-05,10
15125.0,15130.0,15127.5,7.6163396e-06,3.8081698e-05,6
15130.0,15135.0,15132.5,6.3469497e-06,3.1734748e-05,5
15135.0,15140.0,15137.5,1.0155119e-05,5.0775597e-05,8
15140.0,15145.0,15142.5,8.8857295e-06,4.4428648e-05,7
15145.0,15150.0,15147.5,7.6163396e-06,3.8081698e-05,6
15150.0,15155.0,15152.5,6.3469497e-06,3.1734748e-05,5
15155.0,15160.0,15157.5,1.0155119e-05,5.0775597e-05,8
15160.0,15165.0,15162.5,5.0775597e-06,2.5387799e-05,4
15165.0,15170.0,15167.5,8.8857295e-06,4.4428648e-05,7
15170.0,15175.0,15172.5,1.2693899e-05,6.3469497e-05,10
15175.0,15180.0,15177.5,3.8081698e-06,1.9040849e-05,3
15180.0,15185.0,15182.5,8.8857295e-06,4.4428648e-05,7
15185.0,15190.0,15187.5,1.0155119e-05,5.0775597e-05,8
15190.0,15195.0,15192.5,8.8857295e-06,4.4428648e-05,7
15195.0,15200.0,15197.5,8.8857295e-06,4.4428648e-05,7
15200.0,15205.0,15202.5,7.6163396e-06,3.8081698e-05,6
15205.0,15210.0,15207.5,3.8081698e-06,1.9040849e-05,3
15210.0,15215.0,15212.5,7.6163396e-06,3.8081698e-05,6
15215.0,15220.0,15217.5,8.8857295e-06,4.4428648e-05,7
15220.0,15225.0,15222.5,8.8857295e-06,4.4428648e-05,7
15225.0,15230.0,15227.5,1.1424509e-05,5.7122547e-05,9
15230.0,15235.0,15232.5,8.8857295e-06,4.4428648e-05,7
15235.0,15240.0,15237.5,1.2693899e-05,6.3469497e-05,10
15240.0,15245.0,15242.5,7.6163396e-06,3.8081698e-05,6
15245.0,15250.0,15247.5,1.0155119e-05,5.0775597e-05,8
15250.0,15255.0,15252.5,1.2693899e-05,6.3469497e-05,10
15255.0,15260.0,15257.5,5.0775597e-06,2.5387799e-05,4
15260.0,15265.0,15262.5,1.3963289e-05,6.9816446e-05,11
15265.0,15270.0,15267.5,1.1424509e-05,5.7122547e-05,9
15270.0,15275.0,15272.5,1.2693899e-05,6.3469497e-05,10
15275.0,15280.0,15277.5,3.8081698e-06,1.9040849e-05,3
15280.0,15285.0,15282.5,1.2693899e-05,6.3469497e-05,10
15285.0,15290.0,15287.5,6.3469497e-06,3.1734748e-05,5
15290.0,15295.0,15292.5,6.3469497e-06,3.1734748e-05,5
15295.0,15300.0,15297.5,1.0155119e-05,5.0775597e-05,8
15300.0,15305.0,15302.5,2.5387799e-06,1.2693899e-05,2
15305.0,15310.0,15307.5,7.6163396e-06,3.8081698e-05,6
15310.0,15315.0,15312.5,7.6163396e-06,3.8081698e-05,6
15315.0,15320.0,15317.5,8.8857295e-06,4.4428648e-05,7
15320.0,15325.0,15322.5,6.3469497e-06,3.1734748e-05,5
15325.0,15330.0,15327.5,7.6163396e-06,3.8081698e-05,6
15330.0,15335.0,15332.5,1.0155119e-05,5.0775597e-05,8
15335.0,15340.0,15337.5,1.0155119e-05,5.0775597e-05,8
15340.0,15345.0,15342.5,3.8081698e-06,1.9040849e-05,3
15345.0,15350.0,15347.5,1.2693899e-05,6.3469497e-05,10
15350.0,15355.0,15352.5,1.0155119e-05,5.0775597e-05,8
15355.0,15360.0,15357.5,1.1424509e-05,5.7122547e-05,9
15360.0,15365.0,15362.5,6.3469497e-06,3.1734748e-05,5
15365.0,15370.0,15367.5,2.5387799e-06,1.2693899e-05,2
15370.0,15375.0,15372.5,1.6502069e-05,8.2510346e-05,13
15375.0,15380.0,15377.5,6.3469497e-06,3.1734748e-05,5
15380.0,15385.0,15382.5,1.1424509e-05,5.7122547e-05,9
15385.0,15390.0,15387.5,1.3963289e-05,6.9816446e-05,11
15390.0,15395.0,15392.5,1.3963289e-05,6.9816446e-05,11
15395.0,15400.0,15397.5,8.8857295e-06,4.4428648e-05,7
15400.0,15405.0,15402.5,6.3469497e-06,3.1734748e-05,5
15405.0,15410.0,15407.5,6.3469497e-06,3.1734748e-05,5
15410.0,15415.0,15412.5,1.1424509e-05,5.7122547e-05,9
15415.0,15420.0,15417.5,7.6163396e-06,3.8081698e-05,6
15420.0,15425.0,15422.5,7.6163396e-06,3.8081698e-05,6
15425.0,15430.0,15427.5,1.3963289e-05,6.9816446e-05,11
15430.0,15435.0,15432.5,8.8857295e-06,4.4428648e-05,7
15435.0,15440.0,15437.5,8.8857295e-06,4.4428648e-05,7
15440.0,15445.0,15442.5,1.2693899e-05,6.3469497e-05,10
15445.0,15450.0,15447.5,1.1424509e-05,5.7122547e-05,9
15450.0,15455.0,15452.5,6.3469497e-06,3.1734748e-05,5
15455.0,15460.0,15457.5,3.8081698e-06,1.9040849e-05,3
15460.0,15465.0,15462.5,1.0155119e-05,5.0775597e-05,8
15465.0,15470.0,15467.5,3.8081698e-06,1.9040849e-05,3
15470.0,15475.0,15472.5,3.8081698e-06,1.9040849e-05,3
15475.0,15480.0,15477.5,8.8857295e-06,4.4428648e-05,7
15480.0,15485.0,15482.5,1.0155119e-05,5.0775597e-05,8
15485.0,15490.0,15487.5,1.0155119e-05,5.0775597e-05,8
15490.0,15495.0,15492.5,7.6163396e-06,3.8081698e-05,6
15495.0,15500.0,15497.5,7.6163396e-06,3.8081698e-05,6
15500.0,15505.0,15502.5,5.0775597e-06,2.5387799e-05,4
15505.0,15510.0,15507.5,6.3469497e-06,3.1734748e-05,5
15510.0,15515.0,15512.5,8.8857295e-06,4.4428648e-05,7
15515.0,15520.0,15517.5,8.8857295e-06,4.4428648e-05,7
15520.0,15525.0,15522.5,1.2693899e-05,6.3469497e-05,10
15525.0,15530.0,15527.5,1.0155119e-05,5.0775597e-05,8
15530.0,15535.0,15532.5,1.5232679e-05,7.6163396e-05,12
15535.0,15540.0,15537.5,8.8857295e-06,4.4428648e-05,7
15540.0,15545.0,15542.5,3.8081698e-06,1.9040849e-05,3
15545.0,15550.0,15547.5,2.5387799e-06,1.2693899e-05,2
15550.0,15555.0,15552.5,6.3469497e-06,3.1734748e-05,5
15555.0,15560.0,15557.5,1.2693899e-05,6.3469497e-05,10
15560.0,15565.0,15562.5,6.3469497e-06,3.1734748e-05,5
15565.0,15570.0,15567.5,1.0155119e-05,5.0775597e-05,8
15570.0,15575.0,15572.5,7.6163396e-06,3.8081698e-05,6
15575.0,15580.0,15577.5,6.3469497e-06,3.1734748e-05,5
15580.0,15585.0,15582.5,7.6163396e-06,3.8081698e-05,6
15585.0,15590.0,15587.5,8.8857295e-06,4.4428648e-05,7
15590.0,15595.0,15592.5,3.8081698e-06,1.9040849e-05,3
15595.0,15600.0,15597.5,7.6163396e-06,3.8081698e-05,6
15600.0,15605.0,15602.5,1.0155119e-05,5.0775597e-05,8
15605.0,15610.0,15607.5,1.0155119e-05,5.0775597e-05,8
15610.0,15615.0,15612.5,1.0155119e-05,5.0775597e-05,8
15615.0,15620.0,15617.5,8.8857295e-06,4.4428648e-05,7
15620.0,15625.0,15622.5,1.2693899e-05,6.3469497e-05,10
15625.0,15630.0,15627.5,1.0155119e-05,5.0775597e-05,8
15630.0,15635.0,15632.5,7.6163396e-06,3.8081698e-05,6
15635.0,15640.0,15637.5,1.3963289e-05,6.9816446e-05,11
15640.0,15645.0,15642.5,5.0775597e-06,2.5387799e-05,4
15645.0,15650.0,15647.5,1.2693899e-05,6.3469497e-05,10
15650.0,15655.0,15652.5,8.8857295e-06,4.4428648e-05,7
15655.0,15660.0,15657.5,7.6163396e-06,3.8081698e-05,6
15660.0,15665.0,15662.5,7.6163396e-06,3.8081698e-05,6
15665.0,15670.0,15667.5,8.8857295e-06,4.4428648e-05,7
15670.0,15675.0,15672.5,5.0775597e-06,2.5387799e-05,4
15675.0,15680.0,15677.5,1.0155119e-05,5.0775597e-05,8
15680.0,15685.0,15682.5,6.3469497e-06,3.1734748e-05,5
15685.0,15690.0,15687.5,1.0155119e-05,5.0775597e-05,8
15690.0,15695.0,15692.5,7.6163396e-06,3.8081698e-05,6
15695.0,15700.0,15697.5,1.9040849e-05,9.5204245e-05,15
15700.0,15705.0,15702.5,1.5232679e-05,7.6163396e-05,12
15705.0,15710.0,15707.5,1.9040849e-05,9.5204245e-05,15
15710.0,15715.0,15712.5,1.2693899e-05,6.3469497e-05,10
15715.0,15720.0,15717.5,7.6163396e-06,3.8081698e-05,6
15720.0,15725.0,15722.5,7.6163396e-06,3.8081698e-05,6
15725.0,15730.0,15727.5,7.6163396e-06,3.8081698e-05,6
15730.0,15735.0,15732.5,1.0155119e-05,5.0775597e-05,8
15735.0,15740.0,15737.5,1.7771459e-05,8.8857295e-05,14
15740.0,15745.0,15742.5,1.0155119e-05,5.0775597e-05,8
15745.0,15750.0,15747.5,1.3963289e-05,6.9816446e-05,11
15750.0,15755.0,15752.5,1.0155119e-05,5.0775597e-05,8
15755.0,15760.0,15757.5,6.3469497e-06,3.1734748e-05,5
15760.0,15765.0,15762.5,1.1424509e-05,5.7122547e-05,9
15765.0,15770.0,15767.5,6.3469497e-06,3.1734748e-05,5
15770.0,15775.0,15772.5,8.8857295e-06,4.4428648e-05,7
15775.0,15780.0,15777.5,7.6163396e-06,3.8081698e-05,6
15780.0,15785.0,15782.5,1.1424509e-05,5.7122547e-05,9
15785.0,15790.0,15787.5,6.3469497e-06,3.1734748e-05,5
15790.0,15795.0,15792.5,7.6163396e-06,3.8081698e-05,6
15795.0,15800.0,15797.5,3.8081698e-06,1.9040849e-05,3
15800.0,15805.0,15802.5,1.0155119e-05,5.0775597e-05,8
15805.0,15810.0,15807.5,8.8857295e-06,4.4428648e-05,7
15810.0,15815.0,15812.5,2.5387799e-06,1.2693899e-05,2
15815.0,15820.0,15817.5,3.8081698e-06,1.9040849e-05,3
15820.0,15825.0,15822.5,7.6163396e-06,3.8081698e-05,6
15825.0,15830.0,15827.5,1.0155119e-05,5.0775597e-05,8
15830.0,15835.0,15832.5,1.3963289e-05,6.9816446e-05,11
15835.0,15840.0,15837.5,7.6163396e-06,3.8081698e-05,6
15840.0,15845.0,15842.5,8.8857295e-06,4.4428648e-05,7
15845.0,15850.0,15847.5,7.6163396e-06,3.8081698e-05,6
15850.0,15855.0,15852.5,2.5387799e-06,1.2693899e-05,2
15855.0,15860.0,15857.5,6.3469497e-06,3.1734748e-05,5
15860.0,15865.0,15862.5,1.5232679e-05,7.6163396e-05,12
15865.0,15870.0,15867.5,1.0155119e-05,5.0775597e-05,8
15870.0,15875.0,15872.5,7.6163396e-06,3.8081698e-05,6
15875.0,15880.0,15877.5,8.8857295e-06,4.4428648e-05,7
15880.0,15885.0,15882.5,3.8081698e-06,1.9040849e-05,3
15885.0,15890.0,15887.5,5.0775597e-06,2.5387799e-05,4
15890.0,15895.0,15892.5,8.8857295e-06,4.4428648e-05,7
15895.0,15900.0,15897.5,1.3963289e-05,6.9816446e-05,11
15900.0,15905.0,15902.5,1.0155119e-05,5.0775597e-05,8
15905.0,15910.0,15907.5,1.0155119e-05,5.0775597e-05,8
15910.0,15915.0,15912.5,6.3469497e-06,3.1734748e-05,5
15915.0,15920.0,15917.5,1.5232679e-05,7.6163396e-05,12
15920.0,15925.0,15922.5,1.0155119e-05,5.0775597e-05,8
15925.0,15930.0,15927.5,7.6163396e-06,3.8081698e-05,6
15930.0,15935.0,15932.5,8.8857295e-06,4.4428648e-05,7
15935.0,15940.0,15937.5,8.8857295e-06,4.4428648e-05,7
15940.0,15945.0,15942.5,3.8081698e-06,1.9040849e-05,3
15945.0,15950.0,15947.5,1.0155119e-05,5.0775597e-05,8
15950.0,15955.0,15952.5,7.6163396e-06,3.8081698e-05,6
15955.0,15960.0,15957.5,7.6163396e-06,3.8081698e-05,6
15960.0,15965.0,15962.5,8.8857295e-06,4.4428648e-05,7
15965.0,15970.0,15967.5,6.3469497e-06,3.1734748e-05,5
15970.0,15975.0,15972.5,7.6163396e-06,3.8081698e-05,6
15975.0,15980.0,15977.5,1.3963289e-05,6.9816446e-05,11
15980.0,15985.0,15982.5,2.5387799e-06,1.2693899e-05,2
15985.0,15990.0,15987.5,5.0775597e-06,2.5387799e-05,4
15990.0,15995.0,15992.5,5.0775597e-06,2.5387799e-05,4
15995.0,16000.0,15997.5,5.0775597e-06,2.5387799e-05,4
16000.0,16005.0,16002.5,1.0155119e-05,5.0775597e-05,8
16005.0,16010.0,16007.5,5.0775597e-06,2.5387799e-05,4
16010.0,16015.0,16012.5,7.6163396e-06,3.8081698e-05,6
16015.0,16020.0,16017.5,1.0155119e-05,5.0775597e-05,8
16020.0,16025.0,16022.5,1.7771459e-05,8.8857295e-05,14
16025.0,16030.0,16027.5,1.3963289e-05,6.9816446e-05,11
16030.0,16035.0,16032.5,1.2693899e-05,6.3469497e-05,10
16035.0,16040.0,16037.5,5.0775597e-06,2.5387799e-05,4
16040.0,16045.0,16042.5,8.8857295e-06,4.4428648e-05,7
16045.0,16050.0,16047.5,2.0310239e-05,0.00010155119,16
16050.0,16055.0,16052.5,6.3469497e-06,3.1734748e-05,5
16055.0,16060.0,16057.5,5.0775597e-06,2.5387799e-05,4
16060.0,16065.0,16062.5,1.1424509e-05,5.7122547e-05,9
16065.0,16070.0,16067.5,7.6163396e-06,3.8081698e-05,6
16070.0,16075.0,16072.5,1.2693899e-05,6.3469497e-05,10
16075.0,16080.0,16077.5,5.0775597e-06,2.5387799e-05,4
16080.0,16085.0,16082.5,1.0155119e-05,5.0775597e-05,8
16085.0,16090.0,16087.5,1.1424509e-05,5.7122547e-05,9
16090.0,16095.0,16092.5,6.3469497e-06,3.1734748e-05,5
16095.0,16100.0,16097.5,7.6163396e-06,3.8081698e-05,6
16100.0,16105.0,16102.5,1.1424509e-05,5.7122547e-05,9
16105.0,16110.0,16107.5,2.5387799e-06,1.2693899e-05,2
16110.0,16115.0,16112.5,5.0775597e-06,2.5387799e-05,4
16115.0,16120.0,16117.5,1.0155119e-05,5.0775597e-05,8
16120.0,16125.0,16122.5,8.8857295e-06,4.4428648e-05,7
16125.0,16130.0,16127.5,8.8857295e-06,4.4428648e-05,7
16130.0,16135.0,16132.5,7.6163396e-06,3.8081698e-05,6
16135.0,16140.0,16137.5,8.8857295e-06,4.4428648e-05,7
16140.0,16145.0,16142.5,7.6163396e-06,3.8081698e-05,6
16145.0,16150.0,16147.5,2.5387799e-06,1.2693899e-05,2
16150.0,16155.0,16152.5,1.2693899e-05,6.3469497e-05,10
16155.0,16160.0,16157.5,3.8081698e-06,1.9040849e-05,3
16160.0,16165.0,16162.5,2.5387799e-06,1.2693899e-05,2
16165.0,16170.0,16167.5,7.6163396e-06,3.8081698e-05,6
16170.0,16175.0,16172.5,7.6163396e-06,3.8081698e-05,6
16175.0,16180.0,16177.5,1.0155119e-05,5.0775597e-05,8
16180.0,16185.0,16182.5,1.2693899e-06,6.3469497e-06,1
16185.0,16190.0,16187.5,7.6163396e-06,3.8081698e-05,6
16190.0,16195.0,16192.5,7.6163396e-06,3.8081698e-05,6
16195.0,16200.0,16197.5,7.6163396e-06,3.8081698e-05,6
16200.0,16205.0,16202.5,1.5232679e-05,7.6163396e-05,12
16205.0,16210.0,16207.5,1.0155119e-05,5.0775597e-05,8
16210.0,16215.0,16212.5,7.6163396e-06,3.8081698e-05,6
16215.0,16220.0,16217.5,1.1424509e-05,5.7122547e-05,9
16220.0,16225.0,16222.5,3.8081698e-06,1.9040849e-05,3
16225.0,16230.0,16227.5,3.8081698e-06,1.9040849e-05,3
16230.0,16235.0,16232.5,1.0155119e-05,5.0775597e-05,8
16235.0,16240.0,16237.5,7.6163396e-06,3.8081698e-05,6
16240.0,16245.0,16242.5,7.6163396e-06,3.8081698e-05,6
16245.0,16250.0,16247.5,7.6163396e-06,3.8081698e-05,6
16250.0,16255.0,16252.5,1.6502069e-05,8.2510346e-05,13
16255.0,16260.0,16257.5,7.6163396e-06,3.8081698e-05,6
16260.0,16265.0,16262.5,6.3469497e-06,3.1734748e-05,5
16265.0,16270.0,16267.5,7.6163396e-06,3.8081698e-05,6
16270.0,16275.0,16272.5,5.0775597e-06,2.5387799e-05,4
16275.0,16280.0,16277.5,1.2693899e-05,6.3469497e-05,10
16280.0,16285.0,16282.5,6.3469497e-06,3.1734748e-05,5
16285.0,16290.0,16287.5,7.6163396e-06,3.8081698e-05,6
16290.0,16295.0,16292.5,8.8857295e-06,4.4428648e-05,7
16295.0,16300.0,16297.5,7.6163396e-06,3.8081698e-05,6
16300.0,16305.0,16302.5,7.6163396e-06,3.8081698e-05,6
16305.0,16310.0,16307.5,1.0155119e-05,5.0775597e-05,8
16310.0,16315.0,16312.5,8.8857295e-06,4.4428648e-05,7
16315.0,16320.0,16317.5,8.8857295e-06,4.4428648e-05,7
16320.0,16325.0,16322.5,7.6163396e-06,3.8081698e-05,6
16325.0,16330.0,16327.5,1.0155119e-05,5.0775597e-05,8
16330.0,16335.0,16332.5,1.1424509e-05,5.7122547e-05,9
16335.0,16340.0,16337.5,1.2693899e-05,6.3469497e-05,10
16340.0,16345.0,16342.5,8.8857295e-06,4.4428648e-05,7
16345.0,16350.0,16347.5,3.8081698e-06,1.9040849e-05,3
16350.0,16355.0,16352.5,7.6163396e-06,3.8081698e-05,6
16355.0,16360.0,16357.5,1.3963289e-05,6.9816446e-05,11
16360.0,16365.0,16362.5,5.0775597e-06,2.5387799e-05,4
16365.0,16370.0,16367.5,1.1424509e-05,5.7122547e-05,9
16370.0,16375.0,16372.5,7.6163396e-06,3.8081698e-05,6
16375.0,16380.0,16377.5,1.1424509e-05,5.7122547e-05,9
16380.0,16385.0,16382.5,5.0775597e-06,2.5387799e-05,4
16385.0,16390.0,16387.5,1.5232679e-05,7.6163396e-05,12
16390.0,16395.0,16392.5,1.1424509e-05,5.7122547e-05,9
16395.0,16400.0,16397.5,5.0775597e-06,2.5387799e-05,4
16400.0,16405.0,16402.5,5.0775597e-06,2.5387799e-05,4
16405.0,16410.0,16407.5,8.8857295e-06,4.4428648e-05,7
16410.0,16415.0,16412.5,8.8857295e-06,4.4428648e-05,7
16415.0,16420.0,16417.5,6.3469497e-06,3.1734748e-05,5
16420.0,16425.0,16422.5,5.0775597e-06,2.5387799e-05,4
16425.0,16430.0,16427.5,7.6163396e-06,3.8081698e-05,6
16430.0,16435.0,16432.5,8.8857295e-06,4.4428648e-05,7
16435.0,16440.0,16437.5,8.8857295e-06,4.4428648e-05,7
16440.0,16445.0,16442.5,8.8857295e-06,4.4428648e-05,7
16445.0,16450.0,16447.5,1.0155119e-05,5.0775597e-05,8
16450.0,16455.0,16452.5,7.6163396e-06,3.8081698e-05,6
16455.0,16460.0,16457.5,3.8081698e-06,1.9040849e-05,3
16460.0,16465.0,16462.5,2.5387799e-06,1.2693899e-05,2
16465.0,16470.0,16467.5,1.0155119e-05,5.0775597e-05,8
16470.0,16475.0,16472.5,7.6163396e-06,3.8081698e-05,6
16475.0,16480.0,16477.5,5.0775597e-06,2.5387799e-05,4
16480.0,16485.0,16482.5,7.6163396e-06,3.8081698e-05,6
16485.0,16490.0,16487.5,7.6163396e-06,3.8081698e-05,6
16490.0,16495.0,16492.5,1.7771459e-05,8.8857295e-05,14
16495.0,16500.0,16497.5,1.2693899e-05,6.3469497e-05,10
16500.0,16505.0,16502.5,7.6163396e-06,3.8081698e-05,6
16505.0,16510.0,16507.5,1.1424509e-05,5.7122547e-05,9
16510.0,16515.0,16512.5,5.0775597e-06,2.5387799e-05,4
16515.0,16520.0,16517.5,7.6163396e-06,3.8081698e-05,6
16520.0,16525.0,16522.5,1.0155119e-05,5.0775597e-05,8
16525.0,16530.0,16527.5,5.0775597e-06,2.5387799e-05,4
16530.0,16535.0,16532.5,8.8857295e-06,4.4428648e-05,7
16535.0,16540.0,16537.5,6.3469497e-06,3.1734748e-05,5
16540.0,16545.0,16542.5,1.0155119e-05,5.0775597e-05,8
16545.0,16550.0,16547.5,7.6163396e-06,3.8081698e-05,6
16550.0,16555.0,16552.5,2.5387799e-06,1.2693899e-05,2
16555.0,16560.0,16557.5,1.5232679e-05,7.6163396e-05,12
16560.0,16565.0,16562.5,7.6163396e-06,3.8081698e-05,6
16565.0,16570.0,16567.5,6.3469497e-06,3.1734748e-05,5
16570.0,16575.0,16572.5,1.2693899e-05,6.3469497e-05,10
16575.0,16580.0,16577.5,6.3469497e-06,3.1734748e-05,5
16580.0,16585.0,16582.5,6.3469497e-06,3.1734748e-05,5
16585.0,16590.0,16587.5,7.6163396e-06,3.8081698e-05,6
16590.0,16595.0,16592.5,1.0155119e-05,5.0775597e-05,8
16595.0,16600.0,16597.5,1.2693899e-05,6.3469497e-05,10
16600.0,16605.0,16602.5,6.3469497e-06,3.1734748e-05,5
16605.0,16610.0,16607.5,1.0155119e-05,5.0775597e-05,8
16610.0,16615.0,16612.5,2.5387799e-06,1.2693899e-05,2
16615.0,16620.0,16617.5,1.2693899e-06,6.3469497e-06,1
16620.0,16625.0,16622.5,8.8857295e-06,4.4428648e-05,7
16625.0,16630.0,16627.5,1.0155119e-05,5.0775597e-05,8
16630.0,16635.0,16632.5,3.8081698e-06,1.9040849e-05,3
16635.0,16640.0,16637.5,7.6163396e-06,3.8081698e-05,6
16640.0,16645.0,16642.5,6.3469497e-06,3.1734748e-05,5
16645.0,16650.0,16647.5,6.3469497e-06,3.1734748e-05,5
16650.0,16655.0,16652.5,5.0775597e-06,2.5387799e-05,4
16655.0,16660.0,16657.5,1.0155119e-05,5.0775597e-05,8
16660.0,16665.0,16662.5,7.6163396e-06,3.8081698e-05,6
16665.0,16670.0,16667.5,6.3469497e-06,3.1734748e-05,5
16670.0,16675.0,16672.5,5.0775597e-06,2.5387799e-05,4
16675.0,16680.0,16677.5,5.0775597e-06,2.5387799e-05,4
16680.0,16685.0,16682.5,5.0775597e-06,2.5387799e-05,4
16685.0,16690.0,16687.5,7.6163396e-06,3.8081698e-05,6
16690.0,16695.0,16692.5,5.0775597e-06,2.5387799e-05,4
16695.0,16700.0,16697.5,8.8857295e-06,4.4428648e-05,7
16700.0,16705.0,16702.5,3.8081698e-06,1.9040849e-05,3
16705.0,16710.0,16707.5,2.5387799e-06,1.2693899e-05,2
16710.0,16715.0,16712.5,7.6163396e-06,3.8081698e-05,6
16715.0,16720.0,16717.5,3.8081698e-06,1.9040849e-05,3
16720.0,16725.0,16722.5,1.0155119e-05,5.0775597e-05,8
16725.0,16730.0,16727.5,6.3469497e-06,3.1734748e-05,5
16730.0,16735.0,16732.5,5.0775597e-06,2.5387799e-05,4
16735.0,16740.0,16737.5,1.0155119e-05,5.0775597e-05,8
16740.0,16745.0,16742.5,1.0155119e-05,5.0775597e-05,8
16745.0,16750.0,16747.5,6.3469497e-06,3.1734748e-05,5
16750.0,16755.0,16752.5,5.0775597e-06,2.5387799e-05,4
16755.0,16760.0,16757.5,6.3469497e-06,3.1734748e-05,5
16760.0,16765.0,16762.5,6.3469497e-06,3.1734748e-05,5
16765.0,16770.0,16767.5,6.3469497e-06,3.1734748e-05,5
16770.0,16775.0,16772.5,8.8857295e-06,4.4428648e-05,7
16775.0,16780.0,16777.5,5.0775597e-06,2.5387799e-05,4
16780.0,16785.0,16782.5,8.8857295e-06,4.4428648e-05,7
16785.0,16790.0,16787.5,7.6163396e-06,3.8081698e-05,6
16790.0,16795.0,16792.5,6.3469497e-06,3.1734748e-05,5
16795.0,16800.0,16797.5,5.0775597e-06,2.5387799e-05,4
16800.0,16805.0,16802.5,8.8857295e-06,4.4428648e-05,7
16805.0,16810.0,16807.5,1.3963289e-05,6.9816446e-05,11
16810.0,16815.0,16812.5,5.0775597e-06,2.5387799e-05,4
16815.0,16820.0,16817.5,1.1424509e-05,5.7122547e-05,9
16820.0,16825.0,16822.5,8.8857295e-06,4.4428648e-05,7
16825.0,16830.0,16827.5,1.5232679e-05,7.6163396e-05,12
16830.0,16835.0,16832.5,5.0775597e-06,2.5387799e-05,4
16835.0,16840.0,16837.5,6.3469497e-06,3.1734748e-05,5
16840.0,16845.0,16842.5,5.0775597e-06,2.5387799e-05,4
16845.0,16850.0,16847.5,6.3469497e-06,3.1734748e-05,5
16850.0,16855.0,16852.5,1.3963289e-05,6.9816446e-05,11
16855.0,16860.0,16857.5,1.1424509e-05,5.7122547e-05,9
16860.0,16865.0,16862.5,6.3469497e-06,3.1734748e-05,5
16865.0,16870.0,16867.5,8.8857295e-06,4.4428648e-05,7
16870.0,16875.0,16872.5,1.1424509e-05,5.7122547e-05,9
16875.0,16880.0,16877.5,1.2693899e-05,6.3469497e-05,10
16880.0,16885.0,16882.5,5.0775597e-06,2.5387799e-05,4
16885.0,16890.0,16887.5,3.8081698e-06,1.9040849e-05,3
16890.0,16895.0,16892.5,8.8857295e-06,4.4428648e-05,7
16895.0,16900.0,16897.5,6.3469497e-06,3.1734748e-05,5
16900.0,16905.0,16902.5,7.6163396e-06,3.8081698e-05,6
16905.0,16910.0,16907.5,6.3469497e-06,3.1734748e-05,5
16910.0,16915.0,16912.5,1.3963289e-05,6.9816446e-05,11
16915.0,16920.0,16917.5,6.3469497e-06,3.1734748e-05,5
16920.0,16925.0,16922.5,1.0155119e-05,5.0775597e-05,8
16925.0,16930.0,16927.5,8.8857295e-06,4.4428648e-05,7
16930.0,16935.0,16932.5,5.0775597e-06,2.5387799e-05,4
16935.0,16940.0,16937.5,5.0775597e-06,2.5387799e-05,4
16940.0,16945.0,16942.5,1.2693899e-05,6.3469497e-05,10
16945.0,16950.0,16947.5,7.6163396e-06,3.8081698e-05,6
16950.0,16955.0,16952.5,1.0155119e-05,5.0775597e-05,8
16955.0,16960.0,16957.5,8.8857295e-06,4.4428648e-05,7
16960.0,16965.0,16962.5,7.6163396e-06,3.8081698e-05,6
16965.0,16970.0,16967.5,6.3469497e-06,3.1734748e-05,5
16970.0,16975.0,16972.5,6.3469497e-06,3.1734748e-05,5
16975.0,16980.0,16977.5,7.6163396e-06,3.8081698e-05,6
16980.0,16985.0,16982.5,1.1424509e-05,5.7122547e-05,9
16985.0,16990.0,16987.5,2.5387799e-06,1.2693899e-05,2
16990.0,16995.0,16992.5,8.8857295e-06,4.4428648e-05,7
16995.0,17000.0,16997.5,1.2693899e-05,6.3469497e-05,10
17000.0,17005.0,17002.5,6.3469497e-06,3.1734748e-05,5
17005.0,17010.0,17007.5,5.0775597e-06,2.5387799e-05,4
17010.0,17015.0,17012.5,8.8857295e-06,4.4428648e-05,7
17015.0,17020.0,17017.5,6.3469497e-06,3.1734748e-05,5
17020.0,17025.0,17022.5,7.6163396e-06,3.8081698e-05,6
17025.0,17030.0,17027.5,6.3469497e-06,3.1734748e-05,5
17030.0,17035.0,17032.5,8.8857295e-06,4.4428648e-05,7
17035.0,17040.0,17037.5,6.3469497e-06,3.1734748e-05,5
17040.0,17045.0,17042.5,5.0775597e-06,2.5387799e-05,4
17045.0,17050.0,17047.5,1.1424509e-05,5.7122547e-05,9
17050.0,17055.0,17052.5,6.3469497e-06,3.1734748e-05,5
17055.0,17060.0,17057.5,7.6163396e-06,3.8081698e-05,6
17060.0,17065.0,17062.5,1.2693899e-05,6.3469497e-05,10
17065.0,17070.0,17067.5,3.8081698e-06,1.9040849e-05,3
17070.0,17075.0,17072.5,2.5387799e-06,1.2693899e-05,2
17075.0,17080.0,17077.5,6.3469497e-06,3.1734748e-05,5
17080.0,17085.0,17082.5,8.8857295e-06,4.4428648e-05,7
17085.0,17090.0,17087.5,1.0155119e-05,5.0775597e-05,8
17090.0,17095.0,17092.5,8.8857295e-06,4.4428648e-05,7
17095.0,17100.0,17097.5,1.3963289e-05,6.9816446e-05,11
17100.0,17105.0,17102.5,6.3469497e-06,3.1734748e-05,5
17105.0,17110.0,17107.5,6.3469497e-06,3.1734748e-05,5
17110.0,17115.0,17112.5,7.6163396e-06,3.8081698e-05,6
17115.0,17120.0,17117.5,5.0775597e-06,2.5387799e-05,4
17120.0,17125.0,17122.5,8.8857295e-06,4.4428648e-05,7
17125.0,17130.0,17127.5,1.0155119e-05,5.0775597e-05,8
17130.0,17135.0,17132.5,8.8857295e-06,4.4428648e-05,7
17135.0,17140.0,17137.5,1.0155119e-05,5.0775597e-05,8
17140.0,17145.0,17142.5,8.8857295e-06,4.4428648e-05,7
17145.0,17150.0,17147.5,6.3469497e-06,3.1734748e-05,5
17150.0,17155.0,17152.5,8.8857295e-06,4.4428648e-05,7
17155.0,17160.0,17157.5,6.3469497e-06,3.1734748e-05,5
17160.0,17165.0,17162.5,8.8857295e-06,4.4428648e-05,7
17165.0,17170.0,17167.5,1.0155119e-05,5.0775597e-05,8
17170.0,17175.0,17172.5,8.8857295e-06,4.4428648e-05,7
17175.0,17180.0,17177.5,6.3469497e-06,3.1734748e-05,5
17180.0,17185.0,17182.5,5.0775597e-06,2.5387799e-05,4
17185.0,17190.0,17187.5,5.0775597e-06,2.5387799e-05,4
17190.0,17195.0,17192.5,7.6163396e-06,3.8081698e-05,6
17195.0,17200.0,17197.5,1.0155119e-05,5.0775597e-05,8
17200.0,17205.0,17202.5,8.8857295e-06,4.4428648e-05,7
17205.0,17210.0,17207.5,8.8857295e-06,4.4428648e-05,7
17210.0,17215.0,17212.5,3.8081698e-06,1.9040849e-05,3
17215.0,17220.0,17217.5,8.8857295e-06,4.4428648e-05,7
17220.0,17225.0,17222.5,3.8081698e-06,1.9040849e-05,3
17225.0,17230.0,17227.5,1.1424509e-05,5.7122547e-05,9
17230.0,17235.0,17232.5,5.0775597e-06,2.5387799e-05,4
17235.0,17240.0,17237.5,1.1424509e-05,5.7122547e-05,9
17240.0,17245.0,17242.5,5.0775597e-06,2.5387799e-05,4
17245.0,17250.0,17247.5,8.8857295e-06,4.4428648e-05,7
17250.0,17255.0,17252.5,7.6163396e-06,3.8081698e-05,6
17255.0,17260.0,17257.5,7.6163396e-06,3.8081698e-05,6
17260.0,17265.0,17262.5,6.3469497e-06,3.1734748e-05,5
17265.0,17270.0,17267.5,1.2693899e-05,6.3469497e-05,10
17270.0,17275.0,17272.5,5.0775597e-06,2.5387799e-05,4
17275.0,17280.0,17277.5,1.0155119e-05,5.0775597e-05,8
17280.0,17285.0,17282.5,7.6163396e-06,3.8081698e-05,6
17285.0,17290.0,17287.5,1.2693899e-05,6.3469497e-05,10
17290.0,17295.0,17292.5,7.6163396e-06,3.8081698e-05,6
17295.0,17300.0,17297.5,5.0775597e-06,2.5387799e-05,4
17300.0,17305.0,17302.5,3.8081698e-06,1.9040849e-05,3
17305.0,17310.0,17307.5,6.3469497e-06,3.1734748e-05,5
17310.0,17315.0,17312.5,5.0775597e-06,2.5387799e-05,4
17315.0,17320.0,17317.5,8.8857295e-06,4.4428648e-05,7
17320.0,17325.0,17322.5,1.1424509e-05,5.7122547e-05,9
17325.0,17330.0,17327.5,8.8857295e-06,4.4428648e-05,7
17330.0,17335.0,17332.5,7.6163396e-06,3.8081698e-05,6
17335.0,17340.0,17337.5,6.3469497e-06,3.1734748e-05,5
17340.0,17345.0,17342.5,7.6163396e-06,3.8081698e-05,6
17345.0,17350.0,17347.5,3.8081698e-06,1.9040849e-05,3
17350.0,17355.0,17352.5,3.8081698e-06,1.9040849e-05,3
17355.0,17360.0,17357.5,5.0775597e-06,2.5387799e-05,4
17360.0,17365.0,17362.5,7.6163396e-06,3.8081698e-05,6
17365.0,17370.0,17367.5,5.0775597e-06,2.5387799e-05,4
17370.0,17375.0,17372.5,7.6163396e-06,3.8081698e-05,6
17375.0,17380.0,17377.5,6.3469497e-06,3.1734748e-05,5
17380.0,17385.0,17382.5,1.2693899e-05,6.3469497e-05,10
17385.0,17390.0,17387.5,1.1424509e-05,5.7122547e-05,9
17390.0,17395.0,17392.5,2.5387799e-06,1.2693899e-05,2
17395.0,17400.0,17397.5,7.6163396e-06,3.8081698e-05,6
17400.0,17405.0,17402.5,7.6163396e-06,3.8081698e-05,6
17405.0,17410.0,17407.5,5.0775597e-06,2.5387799e-05,4
17410.0,17415.0,17412.5,1.5232679e-05,7.6163396e-05,12
17415.0,17420.0,17417.5,5.0775597e-06,2.5387799e-05,4
17420.0,17425.0,17422.5,3.8081698e-06,1.9040849e-05,3
17425.0,17430.0,17427.5,8.8857295e-06,4.4428648e-05,7
17430.0,17435.0,17432.5,6.3469497e-06,3.1734748e-05,5
17435.0,17440.0,17437.5,1.3963289e-05,6.9816446e-05,11
17440.0,17445.0,17442.5,7.6163396e-06,3.8081698e-05,6
17445.0,17450.0,17447.5,1.0155119e-05,5.0775597e-05,8
17450.0,17455.0,17452.5,1.2693899e-05,6.3469497e-05,10
17455.0,17460.0,17457.5,3.8081698e-06,1.9040849e-05,3
17460.0,17465.0,17462.5,3.8081698e-06,1.9040849e-05,3
17465.0,17470.0,17467.5,8.8857295e-06,4.4428648e-05,7
17470.0,17475.0,17472.5,8.8857295e-06,4.4428648e-05,7
17475.0,17480.0,17477.5,1.2693899e-05,6.3469497e-05,10
17480.0,17485.0,17482.5,1.1424509e-05,5.7122547e-05,9
17485.0,17490.0,17487.5,5.0775597e-06,2.5387799e-05,4
17490.0,17495.0,17492.5,6.3469497e-06,3.1734748e-05,5
17495.0,17500.0,17497.5,8.8857295e-06,4.4428648e-05,7
17500.0,17505.0,17502.5,6.3469497e-06,3.1734748e-05,5
17505.0,17510.0,17507.5,6.3469497e-06,3.1734748e-05,5
17510.0,17515.0,17512.5,5.0775597e-06,2.5387799e-05,4
17515.0,17520.0,17517.5,7.6163396e-06,3.8081698e-05,6
17520.0,17525.0,17522.5,1.2693899e-05,6.3469497e-05,10
17525.0,17530.0,17527.5,1.1424509e-05,5.7122547e-05,9
17530.0,17535.0,17532.5,1.0155119e-05,5.0775597e-05,8
17535.0,17540.0,17537.5,6.3469497e-06,3.1734748e-05,5
17540.0,17545.0,17542.5,6.3469497e-06,3.1734748e-05,5
17545.0,17550.0,17547.5,6.3469497e-06,3.1734748e-05,5
17550.0,17555.0,17552.5,3.8081698e-06,1.9040849e-05,3
17555.0,17560.0,17557.5,3.8081698e-06,1.9040849e-05,3
17560.0,17565.0,17562.5,8.8857295e-06,4.4428648e-05,7
17565.0,17570.0,17567.5,3.8081698e-06,1.9040849e-05,3
17570.0,17575.0,17572.5,7.6163396e-06,3.8081698e-05,6
17575.0,17580.0,17577.5,6.3469497e-06,3.1734748e-05,5
17580.0,17585.0,17582.5,8.8857295e-06,4.4428648e-05,7
17585.0,17590.0,17587.5,2.5387799e-06,1.2693899e-05,2
17590.0,17595.0,17592.5,6.3469497e-06,3.1734748e-05,5
17595.0,17600.0,17597.5,8.8857295e-06,4.4428648e-05,7
17600.0,17605.0,17602.5,3.8081698e-06,1.9040849e-05,3
17605.0,17610.0,17607.5,6.3469497e-06,3.1734748e-05,5
17610.0,17615.0,17612.5,1.0155119e-05,5.0775597e-05,8
17615.0,17620.0,17617.5,8.8857295e-06,4.4428648e-05,7
17620.0,17625.0,17622.5,6.3469497e-06,3.1734748e-05,5
17625.0,17630.0,17627.5,5.0775597e-06,2.5387799e-05,4
17630.0,17635.0,17632.5,1.1424509e-05,5.7122547e-05,9
17635.0,17640.0,17637.5,7.6163396e-06,3.8081698e-05,6
17640.0,17645.0,17642.5,1.2693899e-05,6.3469497e-05,10
17645.0,17650.0,17647.5,7.6163396e-06,3.8081698e-05,6
17650.0,17655.0,17652.5,5.0775597e-06,2.5387799e-05,4
17655.0,17660.0,17657.5,1.0155119e-05,5.0775597e-05,8
17660.0,17665.0,17662.5,3.8081698e-06,1.9040849e-05,3
17665.0,17670.0,17667.5,7.6163396e-06,3.8081698e-05,6
17670.0,17675.0,17672.5,6.3469497e-06,3.1734748e-05,5
17675.0,17680.0,17677.5,1.0155119e-05,5.0775597e-05,8
17680.0,17685.0,17682.5,7.6163396e-06,3.8081698e-05,6
17685.0,17690.0,17687.5,7.6163396e-06,3.8081698e-05,6
17690.0,17695.0,17692.5,6.3469497e-06,3.1734748e-05,5
17695.0,17700.0,17697.5,5.0775597e-06,2.5387799e-05,4
17700.0,17705.0,17702.5,5.0775597e-06,2.5387799e-05,4
17705.0,17710.0,17707.5,5.0775597e-06,2.5387799e-05,4
17710.0,17715.0,17712.5,7.6163396e-06,3.8081698e-05,6
17715.0,17720.0,17717.5,8.8857295e-06,4.4428648e-05,7
17720.0,17725.0,17722.5,7.6163396e-06,3.8081698e-05,6
17725.0,17730.0,17727.5,6.3469497e-06,3.1734748e-05,5
17730.0,17735.0,17732.5,1.0155119e-05,5.0775597e-05,8
17735.0,17740.0,17737.5,1.0155119e-05,5.0775597e-05,8
17740.0,17745.0,17742.5,7.6163396e-06,3.8081698e-05,6
17745.0,17750.0,17747.5,6.3469497e-06,3.1734748e-05,5
17750.0,17755.0,17752.5,8.8857295e-06,4.4428648e-05,7
17755.0,17760.0,17757.5,5.0775597e-06,2.5387799e-05,4
17760.0,17765.0,17762.5,6.3469497e-06,3.1734748e-05,5
17765.0,17770.0,17767.5,1.5232679e-05,7.6163396e-05,12
17770.0,17775.0,17772.5,7.6163396e-06,3.8081698e-05,6
17775.0,17780.0,17777.5,3.8081698e-06,1.9040849e-05,3
17780.0,17785.0,17782.5,3.8081698e-06,1.9040849e-05,3
17785.0,17790.0,17787.5,1.2693899e-06,6.3469497e-06,1
17790.0,17795.0,17792.5,1.2693899e-05,6.3469497e-05,10
17795.0,17800.0,17797.5,3.8081698e-06,1.9040849e-05,3
17800.0,17805.0,17802.5,8.8857295e-06,4.4428648e-05,7
17805.0,17810.0,17807.5,7.6163396e-06,3.8081698e-05,6
17810.0,17815.0,17812.5,2.5387799e-06,1.2693899e-05,2
17815.0,17820.0,17817.5,5.0775597e-06,2.5387799e-05,4
17820.0,17825.0,17822.5,6.3469497e-06,3.1734748e-05,5
17825.0,17830.0,17827.5,1.0155119e-05,5.0775597e-05,8
17830.0,17835.0,17832.5,8.8857295e-06,4.4428648e-05,7
17835.0,17840.0,17837.5,8.8857295e-06,4.4428648e-05,7
17840.0,17845.0,17842.5,5.0775597e-06,2.5387799e-05,4
17845.0,17850.0,17847.5,3.8081698e-06,1.9040849e-05,3
17850.0,17855.0,17852.5,6.3469497e-06,3.1734748e-05,5
17855.0,17860.0,17857.5,7.6163396e-06,3.8081698e-05,6
17860.0,17865.0,17862.5,7.6163396e-06,3.8081698e-05,6
17865.0,17870.0,17867.5,6.3469497e-06,3.1734748e-05,5
17870.0,17875.0,17872.5,7.6163396e-06,3.8081698e-05,6
17875.0,17880.0,17877.5,3.8081698e-06,1.9040849e-05,3
17880.0,17885.0,17882.5,5.0775597e-06,2.5387799e-05,4
17885.0,17890.0,17887.5,1.5232679e-05,7.6163396e-05,12
17890.0,17895.0,17892.5,6.3469497e-06,3.1734748e-05,5
17895.0,17900.0,17897.5,7.6163396e-06,3.8081698e-05,6
17900.0,17905.0,17902.5,2.5387799e-06,1.2693899e-05,2
17905.0,17910.0,17907.5,3.8081698e-06,1.9040849e-05,3
17910.0,17915.0,17912.5,1.0155119e-05,5.0775597e-05,8
17915.0,17920.0,17917.5,5.0775597e-06,2.5387799e-05,4
17920.0,17925.0,17922.5,2.5387799e-06,1.2693899e-05,2
17925.0,17930.0,17927.5,2.5387799e-06,1.2693899e-05,2
17930.0,17935.0,17932.5,1.1424509e-05,5.7122547e-05,9
17935.0,17940.0,17937.5,7.6163396e-06,3.8081698e-05,6
17940.0,17945.0,17942.5,7.6163396e-06,3.8081698e-05,6
17945.0,17950.0,17947.5,1.2693899e-05,6.3469497e-05,10
17950.0,17955.0,17952.5,5.0775597e-06,2.5387799e-05,4
17955.0,17960.0,17957.5,1.1424509e-05,5.7122547e-05,9
17960.0,17965.0,17962.5,2.5387799e-06,1.2693899e-05,2
17965.0,17970.0,17967.5,1.0155119e-05,5.0775597e-05,8
17970.0,17975.0,17972.5,1.0155119e-05,5.0775597e-05,8
17975.0,17980.0,17977.5,8.8857295e-06,4.4428648e-05,7
17980.0,17985.0,17982.5,1.1424509e-05,5.7122547e-05,9
17985.0,17990.0,17987.5,6.3469497e-06,3.1734748e-05,5
17990.0,17995.0,17992.5,3.8081698e-06,1.9040849e-05,3
17995.0,18000.0,17997.5,3.8081698e-06,1.9040849e-05,3
18000.0,18005.0,18002.5,1.0155119e-05,5.0775597e-05,8
18005.0,18010.0,18007.5,1.2693899e-06,6.3469497e-06,1
18010.0,18015.0,18012.5,1.1424509e-05,5.7122547e-05,9
18015.0,18020.0,18017.5,6.3469497e-06,3.1734748e-05,5
18020.0,18025.0,18022.5,6.3469497e-06,3.1734748e-05,5
18025.0,18030.0,18027.5,1.2693899e-05,6.3469497e-05,10
18030.0,18035.0,18032.5,8.8857295e-06,4.4428648e-05,7
18035.0,18040.0,18037.5,5.0775597e-06,2.5387799e-05,4
18040.0,18045.0,18042.5,5.0775597e-06,2.5387799e-05,4
18045.0,18050.0,18047.5,1.0155119e-05,5.0775597e-05,8
18050.0,18055.0,18052.5,1.2693899e-06,6.3469497e-06,1
18055.0,18060.0,18057.5,7.6163396e-06,3.8081698e-05,6
18060.0,18065.0,18062.5,8.8857295e-06,4.4428648e-05,7
18065.0,18070.0,18067.5,6.3469497e-06,3.1734748e-05,5
18070.0,18075.0,18072.5,7.6163396e-06,3.8081698e-05,6
18075.0,18080.0,18077.5,7.6163396e-06,3.8081698e-05,6
18080.0,18085.0,18082.5,2.5387799e-06,1.2693899e-05,2
18085.0,18090.0,18087.5,6.3469497e-06,3.1734748e-05,5
18090.0,18095.0,18092.5,7.6163396e-06,3.8081698e-05,6
18095.0,18100.0,18097.5,2.5387799e-06,1.2693899e-05,2
18100.0,18105.0,18102.5,1.0155119e-05,5.0775597e-05,8
18105.0,18110.0,18107.5,5.0775597e-06,2.5387799e-05,4
18110.0,18115.0,18112.5,1.1424509e-05,5.7122547e-05,9
18115.0,18120.0,18117.5,1.1424509e-05,5.7122547e-05,9
18120.0,18125.0,18122.5,6.3469497e-06,3.1734748e-05,5
18125.0,18130.0,18127.5,7.6163396e-06,3.8081698e-05,6
18130.0,18135.0,18132.5,5.0775597e-06,2.5387799e-05,4
18135.0,18140.0,18137.5,7.6163396e-06,3.8081698e-05,6
18140.0,18145.0,18142.5,5.0775597e-06,2.5387799e-05,4
18145.0,18150.0,18147.5,8.8857295e-06,4.4428648e-05,7
18150.0,18155.0,18152.5,2.5387799e-06,1.2693899e-05,2
18155.0,18160.0,18157.5,3.8081698e-06,1.9040849e-05,3
18160.0,18165.0,18162.5,8.8857295e-06,4.4428648e-05,7
18165.0,18170.0,18167.5,2.5387799e-06,1.2693899e-05,2
18170.0,18175.0,18172.5,5.0775597e-06,2.5387799e-05,4
18175.0,18180.0,18177.5,1.1424509e-05,5.7122547e-05,9
18180.0,18185.0,18182.5,2.5387799e-06,1.2693899e-05,2
18185.0,18190.0,18187.5,1.3963289e-05,6.9816446e-05,11
18190.0,18195.0,18192.5,1.1424509e-05,5.7122547e-05,9
18195.0,18200.0,18197.5,7.6163396e-06,3.8081698e-05,6
18200.0,18205.0,18202.5,3.8081698e-06,1.9040849e-05,3
18205.0,18210.0,18207.5,5.0775597e-06,2.5387799e-05,4
18210.0,18215.0,18212.5,1.0155119e-05,5.0775597e-05,8
18215.0,18220.0,18217.5,5.0775597e-06,2.5387799e-05,4
18220.0,18225.0,18222.5,3.8081698e-06,1.9040849e-05,3
18225.0,18230.0,18227.5,1.2693899e-06,6.3469497e-06,1
18230.0,18235.0,18232.5,2.5387799e-06,1.2693899e-05,2
18235.0,18240.0,18237.5,6.3469497e-06,3.1734748e-05,5
18240.0,18245.0,18242.5,8.8857295e-06,4.4428648e-05,7
18245.0,18250.0,18247.5,3.8081698e-06,1.9040849e-05,3
18250.0,18255.0,18252.5,2.5387799e-06,1.2693899e-05,2
18255.0,18260.0,18257.5,8.8857295e-06,4.4428648e-05,7
18260.0,18265.0,18262.5,8.8857295e-06,4.4428648e-05,7
18265.0,18270.0,18267.5,8.8857295e-06,4.4428648e-05,7
18270.0,18275.0,18272.5,5.0775597e-06,2.5387799e-05,4
18275.0,18280.0,18277.5,1.3963289e-05,6.9816446e-05,11
18280.0,18285.0,18282.5,5.0775597e-06,2.5387799e-05,4
18285.0,18290.0,18287.5,2.5387799e-06,1.2693899e-05,2
18290.0,18295.0,18292.5,5.0775597e-06,2.5387799e-05,4
18295.0,18300.0,18297.5,5.0775597e-06,2.5387799e-05,4
18300.0,18305.0,18302.5,7.6163396e-06,3.8081698e-05,6
18305.0,18310.0,18307.5,5.0775597e-06,2.5387799e-05,4
18310.0,18315.0,18312.5,7.6163396e-06,3.8081698e-05,6
18315.0,18320.0,18317.5,1.2693899e-05,6.3469497e-05,10
18320.0,18325.0,18322.5,5.0775597e-06,2.5387799e-05,4
18325.0,18330.0,18327.5,1.0155119e-05,5.0775597e-05,8
18330.0,18335.0,18332.5,8.8857295e-06,4.4428648e-05,7
18335.0,18340.0,18337.5,1.2693899e-05,6.3469497e-05,10
18340.0,18345.0,18342.5,1.1424509e-05,5.7122547e-05,9
18345.0,18350.0,18347.5,3.8081698e-06,1.9040849e-05,3
18350.0,18355.0,18352.5,5.0775597e-06,2.5387799e-05,4
18355.0,18360.0,18357.5,7.6163396e-06,3.8081698e-05,6
18360.0,18365.0,18362.5,5.0775597e-06,2.5387799e-05,4
18365.0,18370.0,18367.5,7.6163396e-06,3.8081698e-05,6
18370.0,18375.0,18372.5,6.3469497e-06,3.1734748e-05,5
18375.0,18380.0,18377.5,7.6163396e-06,3.8081698e-05,6
18380.0,18385.0,18382.5,6.3469497e-06,3.1734748e-05,5
18385.0,18390.0,18387.5,3.8081698e-06,1.9040849e-05,3
18390.0,18395.0,18392.5,1.2693899e-06,6.3469497e-06,1
18395.0,18400.0,18397.5,7.6163396e-06,3.8081698e-05,6
18400.0,18405.0,18402.5,6.3469497e-06,3.1734748e-05,5
18405.0,18410.0,18407.5,7.6163396e-06,3.8081698e-05,6
18410.0,18415.0,18412.5,6.3469497e-06,3.1734748e-05,5
18415.0,18420.0,18417.5,7.6163396e-06,3.8081698e-05,6
18420.0,18425.0,18422.5,7.6163396e-06,3.8081698e-05,6
18425.0,18430.0,18427.5,1.0155119e-05,5.0775597e-05,8
18430.0,18435.0,18432.5,8.8857295e-06,4.4428648e-05,7
18435.0,18440.0,18437.5,8.8857295e-06,4.4428648e-05,7
18440.0,18445.0,18442.5,5.0775597e-06,2.5387799e-05,4
18445.0,18450.0,18447.5,1.2693899e-05,6.3469497e-05,10
18450.0,18455.0,18452.5,6.3469497e-06,3.1734748e-05,5
18455.0,18460.0,18457.5,1.2693899e-05,6.3469497e-05,10
18460.0,18465.0,18462.5,6.3469497e-06,3.1734748e-05,5
18465.0,18470.0,18467.5,8.8857295e-06,4.4428648e-05,7
18470.0,18475.0,18472.5,1.0155119e-05,5.0775597e-05,8
18475.0,18480.0,18477.5,2.5387799e-06,1.2693899e-05,2
18480.0,18485.0,18482.5,1.1424509e-05,5.7122547e-05,9
18485.0,18490.0,18487.5,1.2693899e-06,6.3469497e-06,1
18490.0,18495.0,18492.5,8.8857295e-06,4.4428648e-05,7
18495.0,18500.0,18497.5,7.6163396e-06,3.8081698e-05,6
18500.0,18505.0,18502.5,5.0775597e-06,2.5387799e-05,4
18505.0,18510.0,18507.5,1.1424509e-05,5.7122547e-05,9
18510.0,18515.0,18512.5,3.8081698e-06,1.9040849e-05,3
18515.0,18520.0,18517.5,6.3469497e-06,3.1734748e-05,5
18520.0,18525.0,18522.5,6.3469497e-06,3.1734748e-05,5
18525.0,18530.0,18527.5,1.2693899e-05,6.3469497e-05,10
18530.0,18535.0,18532.5,7.6163396e-06,3.8081698e-05,6
18535.0,18540.0,18537.5,7.6163396e-06,3.8081698e-05,6
18540.0,18545.0,18542.5,8.8857295e-06,4.4428648e-05,7
18545.0,18550.0,18547.5,5.0775597e-06,2.5387799e-05,4
18550.0,18555.0,18552.5,8.8857295e-06,4.4428648e-05,7
18555.0,18560.0,18557.5,7.6163396e-06,3.8081698e-05,6
18560.0,18565.0,18562.5,6.3469497e-06,3.1734748e-05,5
18565.0,18570.0,18567.5,7.6163396e-06,3.8081698e-05,6
18570.0,18575.0,18572.5,1.0155119e-05,5.0775597e-05,8
18575.0,18580.0,18577.5,7.6163396e-06,3.8081698e-05,6
18580.0,18585.0,18582.5,1.0155119e-05,5.0775597e-05,8
18585.0,18590.0,18587.5,8.8857295e-06,4.4428648e-05,7
18590.0,18595.0,18592.5,7.6163396e-06,3.8081698e-05,6
18595.0,18600.0,18597.5,3.8081698e-06,1.9040849e-05,3
18600.0,18605.0,18602.5,8.8857295e-06,4.4428648e-05,7
18605.0,18610.0,18607.5,1.0155119e-05,5.0775597e-05,8
18610.0,18615.0,18612.5,6.3469497e-06,3.1734748e-05,5
18615.0,18620.0,18617.5,8.8857295e-06,4.4428648e-05,7
18620.0,18625.0,18622.5,8.8857295e-06,4.4428648e-05,7
18625.0,18630.0,18627.5,5.0775597e-06,2.5387799e-05,4
18630.0,18635.0,18632.5,7.6163396e-06,3.8081698e-05,6
18635.0,18640.0,18637.5,7.6163396e-06,3.8081698e-05,6
18640.0,18645.0,18642.5,8.8857295e-06,4.4428648e-05,7
18645.0,18650.0,18647.5,8.8857295e-06,4.4428648e-05,7
18650.0,18655.0,18652.5,5.0775597e-06,2.5387799e-05,4
18655.0,18660.0,18657.5,3.8081698e-06,1.9040849e-05,3
18660.0,18665.0,18662.5,1.0155119e-05,5.0775597e-05,8
18665.0,18670.0,18667.5,2.5387799e-06,1.2693899e-05,2
18670.0,18675.0,18672.5,1.0155119e-05,5.0775597e-05,8
18675.0,18680.0,18677.5,8.8857295e-06,4.4428648e-05,7
18680.0,18685.0,18682.5,8.8857295e-06,4.4428648e-05,7
18685.0,18690.0,18687.5,3.8081698e-06,1.9040849e-05,3
18690.0,18695.0,18692.5,3.8081698e-06,1.9040849e-05,3
18695.0,18700.0,18697.5,5.0775597e-06,2.5387799e-05,4
18700.0,18705.0,18702.5,5.0775597e-06,2.5387799e-05,4
18705.0,18710.0,18707.5,1.0155119e-05,5.0775597e-05,8
18710.0,18715.0,18712.5,8.8857295e-06,4.4428648e-05,7
18715.0,18720.0,18717.5,1.0155119e-05,5.0775597e-05,8
18720.0,18725.0,18722.5,8.8857295e-06,4.4428648e-05,7
18725.0,18730.0,18727.5,7.6163396e-06,3.8081698e-05,6
18730.0,18735.0,18732.5,8.8857295e-06,4.4428648e-05,7
18735.0,18740.0,18737.5,1.5232679e-05,7.6163396e-05,12
18740.0,18745.0,18742.5,6.3469497e-06,3.1734748e-05,5
18745.0,18750.0,18747.5,7.6163396e-06,3.8081698e-05,6
18750.0,18755.0,18752.5,7.6163396e-06,3.8081698e-05,6
18755.0,18760.0,18757.5,1.2693899e-05,6.3469497e-05,10
18760.0,18765.0,18762.5,6.3469497e-06,3.1734748e-05,5
18765.0,18770.0,18767.5,6.3469497e-06,3.1734748e-05,5
18770.0,18775.0,18772.5,1.0155119e-05,5.0775597e-05,8
18780.0,18785.0,18782.5,5.0775597e-06,2.5387799e-05,4
18785.0,18790.0,18787.5,1.1424509e-05,5.7122547e-05,9
18790.0,18795.0,18792.5,7.6163396e-06,3.8081698e-05,6
18795.0,18800.0,18797.5,1.0155119e-05,5.0775597e-05,8
18800.0,18805.0,18802.5,5.0775597e-06,2.5387799e-05,4
18805.0,18810.0,18807.5,3.8081698e-06,1.9040849e-05,3
18810.0,18815.0,18812.5,8.8857295e-06,4.4428648e-05,7
18815.0,18820.0,18817.5,5.0775597e-06,2.5387799e-05,4
18820.0,18825.0,18822.5,5.0775597e-06,2.5387799e-05,4
18825.0,18830.0,18827.5,3.8081698e-06,1.9040849e-05,3
18830.0,18835.0,18832.5,6.3469497e-06,3.1734748e-05,5
18835.0,18840.0,18837.5,2.5387799e-06,1.2693899e-05,2
18840.0,18845.0,18842.5,8.8857295e-06,4.4428648e-05,7
18845.0,18850.0,18847.5,5.0775597e-06,2.5387799e-05,4
18850.0,18855.0,18852.5,7.6163396e-06,3.8081698e-05,6
18855.0,18860.0,18857.5,8.8857295e-06,4.4428648e-05,7
18860.0,18865.0,18862.5,8.8857295e-06,4.4428648e-05,7
18865.0,18870.0,18867.5,3.8081698e-06,1.9040849e-05,3
18870.0,18875.0,18872.5,3.8081698e-06,1.9040849e-05,3
18875.0,18880.0,18877.5,1.0155119e-05,5.0775597e-05,8
18880.0,18885.0,18882.5,3.8081698e-06,1.9040849e-05,3
18885.0,18890.0,18887.5,3.8081698e-06,1.9040849e-05,3
18890.0,18895.0,18892.5,6.3469497e-06,3.1734748e-05,5
18895.0,18900.0,18897.5,8.8857295e-06,4.4428648e-05,7
18900.0,18905.0,18902.5,6.3469497e-06,3.1734748e-05,5
18905.0,18910.0,18907.5,6.3469497e-06,3.1734748e-05,5
18910.0,18915.0,18912.5,5.0775597e-06,2.5387799e-05,4
18915.0,18920.0,18917.5,6.3469497e-06,3.1734748e-05,5
18920.0,18925.0,18922.5,5.0775597e-06,2.5387799e-05,4
18925.0,18930.0,18927.5,7.6163396e-06,3.8081698e-05,6
18930.0,18935.0,18932.5,3.8081698e-06,1.9040849e-05,3
18935.0,18940.0,18937.5,1.1424509e-05,5.7122547e-05,9
18945.0,18950.0,18947.5,2.5387799e-06,1.2693899e-05,2
18950.0,18955.0,18952.5,3.8081698e-06,1.9040849e-05,3
18955.0,18960.0,18957.5,6.3469497e-06,3.1734748e-05,5
18960.0,18965.0,18962.5,5.0775597e-06,2.5387799e-05,4
18965.0,18970.0,18967.5,6.3469497e-06,3.1734748e-05,5
18970.0,18975.0,18972.5,7.6163396e-06,3.8081698e-05,6
18975.0,18980.0,18977.5,5.0775597e-06,2.5387799e-05,4
18980.0,18985.0,18982.5,8.8857295e-06,4.4428648e-05,7
18985.0,18990.0,18987.5,5.0775597e-06,2.5387799e-05,4
18990.0,18995.0,18992.5,7.6163396e-06,3.8081698e-05,6
18995.0,19000.0,18997.5,6.3469497e-06,3.1734748e-05,5
19000.0,19005.0,19002.5,1.0155119e-05,5.0775597e-05,8
19005.0,19010.0,19007.5,5.0775597e-06,2.5387799e-05,4
19010.0,19015.0,19012.5,2.5387799e-06,1.2693899e-05,2
19015.0,19020.0,19017.5,1.2693899e-05,6.3469497e-05,10
19020.0,19025.0,19022.5,7.6163396e-06,3.8081698e-05,6
19025.0,19030.0,19027.5,3.8081698e-06,1.9040849e-05,3
19030.0,19035.0,19032.5,5.0775597e-06,2.5387799e-05,4
19035.0,19040.0,19037.5,7.6163396e-06,3.8081698e-05,6
19040.0,19045.0,19042.5,8.8857295e-06,4.4428648e-05,7
19045.0,19050.0,19047.5,6.3469497e-06,3.1734748e-05,5
19050.0,19055.0,19052.5,1.0155119e-05,5.0775597e-05,8
19055.0,19060.0,19057.5,5.0775597e-06,2.5387799e-05,4
19060.0,19065.0,19062.5,7.6163396e-06,3.8081698e-05,6
19065.0,19070.0,19067.5,6.3469497e-06,3.1734748e-05,5
19070.0,19075.0,19072.5,5.0775597e-06,2.5387799e-05,4
19075.0,19080.0,19077.5,6.3469497e-06,3.1734748e-05,5
19080.0,19085.0,19082.5,6.3469497e-06,3.1734748e-05,5
19085.0,19090.0,19087.5,6.3469497e-06,3.1734748e-05,5
19090.0,19095.0,19092.5,8.8857295e-06,4.4428648e-05,7
19095.0,19100.0,19097.5,5.0775597e-06,2.5387799e-05,4
19100.0,19105.0,19102.5,2.5387799e-06,1.2693899e-05,2
19105.0,19110.0,19107.5,3.8081698e-06,1.9040849e-05,3
19110.0,19115.0,19112.5,7.6163396e-06,3.8081698e-05,6
19115.0,19120.0,19117.5,8.8857295e-06,4.4428648e-05,7
19120.0,19125.0,19122.5,2.5387799e-06,1.2693899e-05,2
19125.0,19130.0,19127.5,7.6163396e-06,3.8081698e-05,6
19130.0,19135.0,19132.5,3.8081698e-06,1.9040849e-05,3
19135.0,19140.0,19137.5,6.3469497e-06,3.1734748e-05,5
19140.0,19145.0,19142.5,8.8857295e-06,4.4428648e-05,7
19145.0,19150.0,19147.5,5.0775597e-06,2.5387799e-05,4
19150.0,19155.0,19152.5,2.5387799e-06,1.2693899e-05,2
19155.0,19160.0,19157.5,5.0775597e-06,2.5387799e-05,4
19160.0,19165.0,19162.5,8.8857295e-06,4.4428648e-05,7
19165.0,19170.0,19167.5,2.5387799e-06,1.2693899e-05,2
19170.0,19175.0,19172.5,3.8081698e-06,1.9040849e-05,3
19175.0,19180.0,19177.5,3.8081698e-06,1.9040849e-05,3
19180.0,19185.0,19182.5,6.3469497e-06,3.1734748e-05,5
19185.0,19190.0,19187.5,7.6163396e-06,3.8081698e-05,6
19190.0,19195.0,19192.5,7.6163396e-06,3.8081698e-05,6
19195.0,19200.0,19197.5,6.3469497e-06,3.1734748e-05,5
19200.0,19205.0,19202.5,5.0775597e-06,2.5387799e-05,4
19205.0,19210.0,19207.5,7.6163396e-06,3.8081698e-05,6
19210.0,19215.0,19212.5,6.3469497e-06,3.1734748e-05,5
19215.0,19220.0,19217.5,6.3469497e-06,3.1734748e-05,5
19220.0,19225.0,19222.5,1.2693899e-06,6.3469497e-06,1
19225.0,19230.0,19227.5,3.8081698e-06,1.9040849e-05,3
19230.0,19235.0,19232.5,5.0775597e-06,2.5387799e-05,4
19235.0,19240.0,19237.5,1.0155119e-05,5.0775597e-05,8
19240.0,19245.0,19242.5,5.0775597e-06,2.5387799e-05,4
19245.0,19250.0,19247.5,1.2693899e-05,6.3469497e-05,10
19250.0,19255.0,19252.5,5.0775597e-06,2.5387799e-05,4
19255.0,19260.0,19257.5,1.2693899e-06,6.3469497e-06,1
19260.0,19265.0,19262.5,8.8857295e-06,4.4428648e-05,7
19265.0,19270.0,19267.5,3.8081698e-06,1.9040849e-05,3
19270.0,19275.0,19272.5,1.2693899e-06,6.3469497e-06,1
19275.0,19280.0,19277.5,7.6163396e-06,3.8081698e-05,6
19280.0,19285.0,19282.5,7.6163396e-06,3.8081698e-05,6
19285.0,19290.0,19287.5,1.0155119e-05,5.0775597e-05,8
19290.0,19295.0,19292.5,6.3469497e-06,3.1734748e-05,5
19295.0,19300.0,19297.5,6.3469497e-06,3.1734748e-05,5
19300.0,19305.0,19302.5,6.3469497e-06,3.1734748e-05,5
19305.0,19310.0,19307.5,5.0775597e-06,2.5387799e-05,4
19310.0,19315.0,19312.5,1.2693899e-06,6.3469497e-06,1
19315.0,19320.0,19317.5,5.0775597e-06,2.5387799e-05,4
19320.0,19325.0,19322.5,6.3469497e-06,3.1734748e-05,5
19325.0,19330.0,19327.5,3.8081698e-06,1.9040849e-05,3
19330.0,19335.0,19332.5,8.8857295e-06,4.4428648e-05,7
19335.0,19340.0,19337.5,7.6163396e-06,3.8081698e-05,6
19340.0,19345.0,19342.5,3.8081698e-06,1.9040849e-05,3
19345.0,19350.0,19347.5,1.2693899e-05,6.3469497e-05,10
19350.0,19355.0,19352.5,7.6163396e-06,3.8081698e-05,6
19355.0,19360.0,19357.5,3.8081698e-06,1.9040849e-05,3
19360.0,19365.0,19362.5,8.8857295e-06,4.4428648e-05,7
19365.0,19370.0,19367.5,2.5387799e-06,1.2693899e-05,2
19370.0,19375.0,19372.5,1.2693899e-06,6.3469497e-06,1
19375.0,19380.0,19377.5,3.8081698e-06,1.9040849e-05,3
19380.0,19385.0,19382.5,3.8081698e-06,1.9040849e-05,3
19385.0,19390.0,19387.5,7.6163396e-06,3.8081698e-05,6
19390.0,19395.0,19392.5,6.3469497e-06,3.1734748e-05,5
19395.0,19400.0,19397.5,6.3469497e-06,3.1734748e-05,5
19400.0,19405.0,19402.5,5.0775597e-06,2.5387799e-05,4
19405.0,19410.0,19407.5,3.8081698e-06,1.9040849e-05,3
19410.0,19415.0,19412.5,5.0775597e-06,2.5387799e-05,4
19415.0,19420.0,19417.5,6.3469497e-06,3.1734748e-05,5
19420.0,19425.0,19422.5,1.2693899e-06,6.3469497e-06,1
19425.0,19430.0,19427.5,2.5387799e-06,1.2693899e-05,2
19430.0,19435.0,19432.5,2.5387799e-06,1.2693899e-05,2
19435.0,19440.0,19437.5,6.3469497e-06,3.1734748e-05,5
19440.0,19445.0,19442.5,5.0775597e-06,2.5387799e-05,4
19445.0,19450.0,19447.5,7.6163396e-06,3.8081698e-05,6
19450.0,19455.0,19452.5,8.8857295e-06,4.4428648e-05,7
19455.0,19460.0,19457.5,5.0775597e-06,2.5387799e-05,4
19460.0,19465.0,19462.5,3.8081698e-06,1.9040849e-05,3
19465.0,19470.0,19467.5,1.0155119e-05,5.0775597e-05,8
19470.0,19475.0,19472.5,3.8081698e-06,1.9040849e-05,3
19475.0,19480.0,19477.5,8.8857295e-06,4.4428648e-05,7
19480.0,19485.0,19482.5,6.3469497e-06,3.1734748e-05,5
19485.0,19490.0,19487.5,1.0155119e-05,5.0775597e-05,8
19490.0,19495.0,19492.5,3.8081698e-06,1.9040849e-05,3
19495.0,19500.0,19497.5,8.8857295e-06,4.4428648e-05,7
19500.0,19505.0,19502.5,8.8857295e-06,4.4428648e-05,7
19505.0,19510.0,19507.5,6.3469497e-06,3.1734748e-05,5
19510.0,19515.0,19512.5,7.6163396e-06,3.8081698e-05,6
19515.0,19520.0,19517.5,6.3469497e-06,3.1734748e-05,5
19520.0,19525.0,19522.5,5.0775597e-06,2.5387799e-05,4
19525.0,19530.0,19527.5,6.3469497e-06,3.1734748e-05,5
19530.0,19535.0,19532.5,6.3469497e-06,3.1734748e-05,5
19535.0,19540.0,19537.5,6.3469497e-06,3.1734748e-05,5
19540.0,19545.0,19542.5,5.0775597e-06,2.5387799e-05,4
19545.0,19550.0,19547.5,5.0775597e-06,2.5387799e-05,4
19550.0,19555.0,19552.5,3.8081698e-06,1.9040849e-05,3
19555.0,19560.0,19557.5,2.5387799e-06,1.2693899e-05,2
19560.0,19565.0,19562.5,5.0775597e-06,2.5387799e-05,4
19565.0,19570.0,19567.5,3.8081698e-06,1.9040849e-05,3
19570.0,19575.0,19572.5,7.6163396e-06,3.8081698e-05,6
19575.0,19580.0,19577.5,2.5387799e-06,1.2693899e-05,2
19580.0,19585.0,19582.5,1.0155119e-05,5.0775597e-05,8
19585.0,19590.0,19587.5,1.2693899e-06,6.3469497e-06,1
19590.0,19595.0,19592.5,3.8081698e-06,1.9040849e-05,3
19595.0,19600.0,19597.5,3.8081698e-06,1.9040849e-05,3
19600.0,19605.0,19602.5,7.6163396e-06,3.8081698e-05,6
19605.0,19610.0,19607.5,7.6163396e-06,3.8081698e-05,6
19610.0,19615.0,19612.5,8.8857295e-06,4.4428648e-05,7
19615.0,19620.0,19617.5,5.0775597e-06,2.5387799e-05,4
19620.0,19625.0,19622.5,1.3963289e-05,6.9816446e-05,11
19625.0,19630.0,19627.5,8.8857295e-06,4.4428648e-05,7
19630.0,19635.0,19632.5,3.8081698e-06,1.9040849e-05,3
19635.0,19640.0,19637.5,1.7771459e-05,8.8857295e-05,14
19640.0,19645.0,19642.5,1.2693899e-05,6.3469497e-05,10
19645.0,19650.0,19647.5,3.8081698e-06,1.9040849e-05,3
19650.0,19655.0,19652.5,7.6163396e-06,3.8081698e-05,6
19655.0,19660.0,19657.5,8.8857295e-06,4.4428648e-05,7
19660.0,19665.0,19662.5,6.3469497e-06,3.1734748e-05,5
19665.0,19670.0,19667.5,5.0775597e-06,2.5387799e-05,4
19670.0,19675.0,19672.5,3.8081698e-06,1.9040849e-05,3
19675.0,19680.0,19677.5,5.0775597e-06,2.5387799e-05,4
19680.0,19685.0,19682.5,6.3469497e-06,3.1734748e-05,5
19685.0,19690.0,19687.5,7.6163396e-06,3.8081698e-05,6
19690.0,19695.0,19692.5,1.0155119e-05,5.0775597e-05,8
19695.0,19700.0,19697.5,7.6163396e-06,3.8081698e-05,6
19700.0,19705.0,19702.5,6.3469497e-06,3.1734748e-05,5
19705.0,19710.0,19707.5,7.6163396e-06,3.8081698e-05,6
19710.0,19715.0,19712.5,1.2693899e-05,6.3469497e-05,10
19715.0,19720.0,19717.5,3.8081698e-06,1.9040849e-05,3
19720.0,19725.0,19722.5,6.3469497e-06,3.1734748e-05,5
19725.0,19730.0,19727.5,7.6163396e-06,3.8081698e-05,6
19730.0,19735.0,19732.5,2.5387799e-06,1.2693899e-05,2
19735.0,19740.0,19737.5,1.0155119e-05,5.0775597e-05,8
19740.0,19745.0,19742.5,2.5387799e-06,1.2693899e-05,2
19745.0,19750.0,19747.5,6.3469497e-06,3.1734748e-05,5
19750.0,19755.0,19752.5,1.0155119e-05,5.0775597e-05,8
19755.0,19760.0,19757.5,2.5387799e-06,1.2693899e-05,2
19760.0,19765.0,19762.5,7.6163396e-06,3.8081698e-05,6
19765.0,19770.0,19767.5,3.8081698e-06,1.9040849e-05,3
19770.0,19775.0,19772.5,8.8857295e-06,4.4428648e-05,7
19775.0,19780.0,19777.5,7.6163396e-06,3.8081698e-05,6
19780.0,19785.0,19782.5,8.8857295e-06,4.4428648e-05,7
19785.0,19790.0,19787.5,6.3469497e-06,3.1734748e-05,5
19790.0,19795.0,19792.5,2.5387799e-06,1.2693899e-05,2
19795.0,19800.0,19797.5,3.8081698e-06,1.9040849e-05,3
19800.0,19805.0,19802.5,5.0775597e-06,2.5387799e-05,4
19805.0,19810.0,19807.5,1.3963289e-05,6.9816446e-05,11
19810.0,19815.0,19812.5,7.6163396e-06,3.8081698e-05,6
19815.0,19820.0,19817.5,3.8081698e-06,1.9040849e-05,3
19820.0,19825.0,19822.5,5.0775597e-06,2.5387799e-05,4
19825.0,19830.0,19827.5,1.2693899e-06,6.3469497e-06,1
19830.0,19835.0,19832.5,7.6163396e-06,3.8081698e-05,6
19835.0,19840.0,19837.5,5.0775597e-06,2.5387799e-05,4
19840.0,19845.0,19842.5,8.8857295e-06,4.4428648e-05,7
19845.0,19850.0,19847.5,5.0775597e-06,2.5387799e-05,4
19850.0,19855.0,19852.5,3.8081698e-06,1.9040849e-05,3
19855.0,19860.0,19857.5,6.3469497e-06,3.1734748e-05,5
19860.0,19865.0,19862.5,2.5387799e-06,1.2693899e-05,2
19865.0,19870.0,19867.5,2.5387799e-06,1.2693899e-05,2
19870.0,19875.0,19872.5,6.3469497e-06,3.1734748e-05,5
19875.0,19880.0,19877.5,8.8857295e-06,4.4428648e-05,7
19880.0,19885.0,19882.5,6.3469497e-06,3.1734748e-05,5
19885.0,19890.0,19887.5,8.8857295e-06,4.4428648e-05,7
19890.0,19895.0,19892.5,5.0775597e-06,2.5387799e-05,4
19895.0,19900.0,19897.5,7.6163396e-06,3.8081698e-05,6
19900.0,19905.0,19902.5,1.2693899e-06,6.3469497e-06,1
19905.0,19910.0,19907.5,8.8857295e-06,4.4428648e-05,7
19910.0,19915.0,19912.5,5.0775597e-06,2.5387799e-05,4
19915.0,19920.0,19917.5,6.3469497e-06,3.1734748e-05,5
19920.0,19925.0,19922.5,3.8081698e-06,1.9040849e-05,3
19925.0,19930.0,19927.5,6.3469497e-06,3.1734748e-05,5
19930.0,19935.0,19932.5,3.8081698e-06,1.9040849e-05,3
19935.0,19940.0,19937.5,6.3469497e-06,3.1734748e-05,5
19940.0,19945.0,19942.5,5.0775597e-06,2.5387799e-05,4
19945.0,19950.0,19947.5,7.6163396e-06,3.8081698e-05,6
19950.0,19955.0,19952.5,3.8081698e-06,1.9040849e-05,3
19955.0,19960.0,19957.5,6.3469497e-06,3.1734748e-05,5
19965.0,19970.0,19967.5,7.6163396e-06,3.8081698e-05,6
19970.0,19975.0,19972.5,5.0775597e-06,2.5387799e-05,4
19975.0,19980.0,19977.5,5.0775597e-06,2.5387799e-05,4
19980.0,19985.0,19982.5,7.6163396e-06,3.8081698e-05,6
19985.0,19990.0,19987.5,3.8081698e-06,1.9040849e-05,3
19990.0,19995.0,19992.5,6.3469497e-06,3.1734748e-05,5
19995.0,20000.0,19997.5,2.5387799e-06,1.2693899e-05,2
20000.0,20005.0,20002.5,5.0775597e-06,2.5387799e-05,4
20005.0,20010.0,20007.5,5.0775597e-06,2.5387799e-05,4
20010.0,20015.0,20012.5,3.8081698e-06,1.9040849e-05,3
20015.0,20020.0,20017.5,7.6163396e-06,3.8081698e-05,6
20020.0,20025.0,20022.5,7.6163396e-06,3.8081698e-05,6
20025.0,20030.0,20027.5,8.8857295e-06,4.4428648e-05,7
20030.0,20035.0,20032.5,7.6163396e-06,3.8081698e-05,6
20035.0,20040.0,20037.5,1.0155119e-05,5.0775597e-05,8
20040.0,20045.0,20042.5,6.3469497e-06,3.1734748e-05,5
20045.0,20050.0,20047.5,5.0775597e-06,2.5387799e-05,4
20050.0,20055.0,20052.5,1.1424509e-05,5.7122547e-05,9
20055.0,20060.0,20057.5,3.8081698e-06,1.9040849e-05,3
20060.0,20065.0,20062.5,6.3469497e-06,3.1734748e-05,5
20065.0,20070.0,20067.5,3.8081698e-06,1.9040849e-05,3
20070.0,20075.0,20072.5,1.2693899e-05,6.3469497e-05,10
20075.0,20080.0,20077.5,7.6163396e-06,3.8081698e-05,6
20080.0,20085.0,20082.5,7.6163396e-06,3.8081698e-05,6
20085.0,20090.0,20087.5,3.8081698e-06,1.9040849e-05,3
20090.0,20095.0,20092.5,1.2693899e-06,6.3469497e-06,1
20095.0,20100.0,20097.5,7.6163396e-06,3.8081698e-05,6
20100.0,20105.0,20102.5,2.5387799e-06,1.2693899e-05,2
20105.0,20110.0,20107.5,5.0775597e-06,2.5387799e-05,4
20110.0,20115.0,20112.5,7.6163396e-06,3.8081698e-05,6
20120.0,20125.0,20122.5,6.3469497e-06,3.1734748e-05,5
20125.0,20130.0,20127.5,5.0775597e-06,2.5387799e-05,4
20130.0,20135.0,20132.5,3.8081698e-06,1.9040849e-05,3
20135.0,20140.0,20137.5,6.3469497e-06,3.1734748e-05,5
20140.0,20145.0,20142.5,6.3469497e-06,3.1734748e-05,5
20145.0,20150.0,20147.5,7.6163396e-06,3.8081698e-05,6
20150.0,20155.0,20152.5,2.5387799e-06,1.2693899e-05,2
20155.0,20160.0,20157.5,6.3469497e-06,3.1734748e-05,5
20160.0,20165.0,20162.5,6.3469497e-06,3.1734748e-05,5
20165.0,20170.0,20167.5,3.8081698e-06,1.9040849e-05,3
20170.0,20175.0,20172.5,8.8857295e-06,4.4428648e-05,7
20175.0,20180.0,20177.5,6.3469497e-06,3.1734748e-05,5
20180.0,20185.0,20182.5,3.8081698e-06,1.9040849e-05,3
20185.0,20190.0,20187.5,7.6163396e-06,3.8081698e-05,6
20190.0,20195.0,20192.5,6.3469497e-06,3.1734748e-05,5
20195.0,20200.0,20197.5,6.3469497e-06,3.1734748e-05,5
20200.0,20205.0,20202.5,3.8081698e-06,1.9040849e-05,3
20205.0,20210.0,20207.5,3.8081698e-06,1.9040849e-05,3
20210.0,20215.0,20212.5,7.6163396e-06,3.8081698e-05,6
20215.0,20220.0,20217.5,5.0775597e-06,2.5387799e-05,4
20220.0,20225.0,20222.5,6.3469497e-06,3.1734748e-05,5
20225.0,20230.0,20227.5,6.3469497e-06,3.1734748e-05,5
20230.0,20235.0,20232.5,6.3469497e-06,3.1734748e-05,5
20235.0,20240.0,20237.5,6.3469497e-06,3.1734748e-05,5
20240.0,20245.0,20242.5,3.8081698e-06,1.9040849e-05,3
20245.0,20250.0,20247.5,3.8081698e-06,1.9040849e-05,3
20250.0,20255.0,20252.5,6.3469497e-06,3.1734748e-05,5
20255.0,20260.0,20257.5,6.3469497e-06,3.1734748e-05,5
20260.0,20265.0,20262.5,1.3963289e-05,6.9816446e-05,11
20265.0,20270.0,20267.5,6.3469497e-06,3.1734748e-05,5
20270.0,20275.0,20272.5,8.8857295e-06,4.4428648e-05,7
20275.0,20280.0,20277.5,3.8081698e-06,1.9040849e-05,3
20280.0,20285.0,20282.5,3.8081698e-06,1.9040849e-05,3
20285.0,20290.0,20287.5,8.8857295e-06,4.4428648e-05,7
20290.0,20295.0,20292.5,5.0775597e-06,2.5387799e-05,4
20295.0,20300.0,20297.5,5.0775597e-06,2.5387799e-05,4
20300.0,20305.0,20302.5,3.8081698e-06,1.9040849e-05,3
20305.0,20310.0,20307.5,8.8857295e-06,4.4428648e-05,7
20310.0,20315.0,20312.5,5.0775597e-06,2.5387799e-05,4
20315.0,20320.0,20317.5,3.8081698e-06,1.9040849e-05,3
20320.0,20325.0,20322.5,6.3469497e-06,3.1734748e-05,5
20325.0,20330.0,20327.5,7.6163396e-06,3.8081698e-05,6
20330.0,20335.0,20332.5,1.2693899e-06,6.3469497e-06,1
20335.0,20340.0,20337.5,5.0775597e-06,2.5387799e-05,4
20340.0,20345.0,20342.5,1.5232679e-05,7.6163396e-05,12
20345.0,20350.0,20347.5,7.6163396e-06,3.8081698e-05,6
20350.0,20355.0,20352.5,5.0775597e-06,2.5387799e-05,4
20355.0,20360.0,20357.5,6.3469497e-06,3.1734748e-05,5
20360.0,20365.0,20362.5,3.8081698e-06,1.9040849e-05,3
20365.0,20370.0,20367.5,3.8081698e-06,1.9040849e-05,3
20370.0,20375.0,20372.5,2.5387799e-06,1.2693899e-05,2
20375.0,20380.0,20377.5,7.6163396e-06,3.8081698e-05,6
20380.0,20385.0,20382.5,8.8857295e-06,4.4428648e-05,7
20385.0,20390.0,20387.5,1.1424509e-05,5.7122547e-05,9
20390.0,20395.0,20392.5,5.0775597e-06,2.5387799e-05,4
20395.0,20400.0,20397.5,1.2693899e-05,6.3469497e-05,10
20400.0,20405.0,20402.5,3.8081698e-06,1.9040849e-05,3
20405.0,20410.0,20407.5,2.5387799e-06,1.2693899e-05,2
20410.0,20415.0,20412.5,1.0155119e-05,5.0775597e-05,8
20415.0,20420.0,20417.5,6.3469497e-06,3.1734748e-05,5
20420.0,20425.0,20422.5,5.0775597e-06,2.5387799e-05,4
20425.0,20430.0,20427.5,5.0775597e-06,2.5387799e-05,4
20430.0,20435.0,20432.5,2.5387799e-06,1.2693899e-05,2
20435.0,20440.0,20437.5,7.6163396e-06,3.8081698e-05,6
20440.0,20445.0,20442.5,1.1424509e-05,5.7122547e-05,9
20445.0,20450.0,20447.5,2.5387799e-06,1.2693899e-05,2
20450.0,20455.0,20452.5,6.3469497e-06,3.1734748e-05,5
20455.0,20460.0,20457.5,3.8081698e-06,1.9040849e-05,3
20460.0,20465.0,20462.5,3.8081698e-06,1.9040849e-05,3
20465.0,20470.0,20467.5,2.5387799e-06,1.2693899e-05,2
20470.0,20475.0,20472.5,1.0155119e-05,5.0775597e-05,8
20475.0,20480.0,20477.5,6.3469497e-06,3.1734748e-05,5
20480.0,20485.0,20482.5,8.8857295e-06,4.4428648e-05,7
20485.0,20490.0,20487.5,6.3469497e-06,3.1734748e-05,5
20490.0,20495.0,20492.5,2.5387799e-06,1.2693899e-05,2
20495.0,20500.0,20497.5,7.6163396e-06,3.8081698e-05,6
20500.0,20505.0,20502.5,3.8081698e-06,1.9040849e-05,3
20505.0,20510.0,20507.5,5.0775597e-06,2.5387799e-05,4
20510.0,20515.0,20512.5,7.6163396e-06,3.8081698e-05,6
20515.0,20520.0,20517.5,6.3469497e-06,3.1734748e-05,5
20520.0,20525.0,20522.5,3.8081698e-06,1.9040849e-05,3
20525.0,20530.0,20527.5,1.2693899e-05,6.3469497e-05,10
20530.0,20535.0,20532.5,3.8081698e-06,1.9040849e-05,3
20535.0,20540.0,20537.5,5.0775597e-06,2.5387799e-05,4
20540.0,20545.0,20542.5,8.8857295e-06,4.4428648e-05,7
20545.0,20550.0,20547.5,5.0775597e-06,2.5387799e-05,4
20550.0,20555.0,20552.5,3.8081698e-06,1.9040849e-05,3
20555.0,20560.0,20557.5,8.8857295e-06,4.4428648e-05,7
20560.0,20565.0,20562.5,1.0155119e-05,5.0775597e-05,8
20565.0,20570.0,20567.5,1.1424509e-05,5.7122547e-05,9
20570.0,20575.0,20572.5,6.3469497e-06,3.1734748e-05,5
20575.0,20580.0,20577.5,7.6163396e-06,3.8081698e-05,6
20580.0,20585.0,20582.5,2.5387799e-06,1.2693899e-05,2
20585.0,20590.0,20587.5,6.3469497e-06,3.1734748e-05,5
20590.0,20595.0,20592.5,1.2693899e-06,6.3469497e-06,1
20595.0,20600.0,20597.5,6.3469497e-06,3.1734748e-05,5
20600.0,20605.0,20602.5,1.2693899e-05,6.3469497e-05,10
20605.0,20610.0,20607.5,7.6163396e-06,3.8081698e-05,6
20610.0,20615.0,20612.5,3.8081698e-06,1.9040849e-05,3
20615.0,20620.0,20617.5,7.6163396e-06,3.8081698e-05,6
20620.0,20625.0,20622.5,3.8081698e-06,1.9040849e-05,3
20625.0,20630.0,20627.5,8.8857295e-06,4.4428648e-05,7
20630.0,20635.0,20632.5,5.0775597e-06,2.5387799e-05,4
20635.0,20640.0,20637.5,6.3469497e-06,3.1734748e-05,5
20640.0,20645.0,20642.5,3.8081698e-06,1.9040849e-05,3
20645.0,20650.0,20647.5,5.0775597e-06,2.5387799e-05,4
20650.0,20655.0,20652.5,6.3469497e-06,3.1734748e-05,5
20655.0,20660.0,20657.5,5.0775597e-06,2.5387799e-05,4
20660.0,20665.0,20662.5,6.3469497e-06,3.1734748e-05,5
20665.0,20670.0,20667.5,8.8857295e-06,4.4428648e-05,7
20670.0,20675.0,20672.5,6.3469497e-06,3.1734748e-05,5
20675.0,20680.0,20677.5,3.8081698e-06,1.9040849e-05,3
20680.0,20685.0,20682.5,5.0775597e-06,2.5387799e-05,4
20685.0,20690.0,20687.5,6.3469497e-06,3.1734748e-05,5
20690.0,20695.0,20692.5,5.0775597e-06,2.5387799e-05,4
20695.0,20700.0,20697.5,7.6163396e-06,3.8081698e-05,6
20700.0,20705.0,20702.5,1.2693899e-06,6.3469497e-06,1
20705.0,20710.0,20707.5,2.5387799e-06,1.2693899e-05,2
20710.0,20715.0,20712.5,6.3469497e-06,3.1734748e-05,5
20715.0,20720.0,20717.5,3.8081698e-06,1.9040849e-05,3
20720.0,20725.0,20722.5,8.8857295e-06,4.4428648e-05,7
20725.0,20730.0,20727.5,1.0155119e-05,5.0775597e-05,8
20730.0,20735.0,20732.5,6.3469497e-06,3.1734748e-05,5
20735.0,20740.0,20737.5,6.3469497e-06,3.1734748e-05,5
20740.0,20745.0,20742.5,7.6163396e-06,3.8081698e-05,6
20745.0,20750.0,20747.5,7.6163396e-06,3.8081698e-05,6
20750.0,20755.0,20752.5,3.8081698e-06,1.9040849e-05,3
20755.0,20760.0,20757.5,3.8081698e-06,1.9040849e-05,3
20760.0,20765.0,20762.5,1.0155119e-05,5.0775597e-05,8
20765.0,20770.0,20767.5,6.3469497e-06,3.1734748e-05,5
20770.0,20775.0,20772.5,5.0775597e-06,2.5387799e-05,4
20775.0,20780.0,20777.5,7.6163396e-06,3.8081698e-05,6
20780.0,20785.0,20782.5,7.6163396e-06,3.8081698e-05,6
20785.0,20790.0,20787.5,3.8081698e-06,1.9040849e-05,3
20790.0,20795.0,20792.5,8.8857295e-06,4.4428648e-05,7
20795.0,20800.0,20797.5,5.0775597e-06,2.5387799e-05,4
20800.0,20805.0,20802.5,5.0775597e-06,2.5387799e-05,4
20805.0,20810.0,20807.5,2.5387799e-06,1.2693899e-05,2
20810.0,20815.0,20812.5,2.5387799e-06,1.2693899e-05,2
20815.0,20820.0,20817.5,7.6163396e-06,3.8081698e-05,6
20820.0,20825.0,20822.5,1.2693899e-06,6.3469497e-06,1
20825.0,20830.0,20827.5,5.0775597e-06,2.5387799e-05,4
20830.0,20835.0,20832.5,7.6163396e-06,3.8081698e-05,6
20835.0,20840.0,20837.5,7.6163396e-06,3.8081698e-05,6
20840.0,20845.0,20842.5,5.0775597e-06,2.5387799e-05,4
20845.0,20850.0,20847.5,6.3469497e-06,3.1734748e-05,5
20850.0,20855.0,20852.5,1.0155119e-05,5.0775597e-05,8
20855.0,20860.0,20857.5,2.5387799e-06,1.2693899e-05,2
20860.0,20865.0,20862.5,1.0155119e-05,5.0775597e-05,8
20865.0,20870.0,20867.5,2.5387799e-06,1.2693899e-05,2
20870.0,20875.0,20872.5,3.8081698e-06,1.9040849e-05,3
20875.0,20880.0,20877.5,6.3469497e-06,3.1734748e-05,5
20880.0,20885.0,20882.5,7.6163396e-06,3.8081698e-05,6
20885.0,20890.0,20887.5,5.0775597e-06,2.5387799e-05,4
20890.0,20895.0,20892.5,3.8081698e-06,1.9040849e-05,3
20895.0,20900.0,20897.5,5.0775597e-06,2.5387799e-05,4
20900.0,20905.0,20902.5,6.3469497e-06,3.1734748e-05,5
20905.0,20910.0,20907.5,1.2693899e-06,6.3469497e-06,1
20910.0,20915.0,20912.5,1.0155119e-05,5.0775597e-05,8
20915.0,20920.0,20917.5,8.8857295e-06,4.4428648e-05,7
20920.0,20925.0,20922.5,3.8081698e-06,1.9040849e-05,3
20925.0,20930.0,20927.5,8.8857295e-06,4.4428648e-05,7
20930.0,20935.0,20932.5,2.5387799e-06,1.2693899e-05,2
20935.0,20940.0,20937.5,7.6163396e-06,3.8081698e-05,6
20940.0,20945.0,20942.5,1.2693899e-06,6.3469497e-06,1
20945.0,20950.0,20947.5,7.6163396e-06,3.8081698e-05,6
20950.0,20955.0,20952.5,6.3469497e-06,3.1734748e-05,5
20955.0,20960.0,20957.5,6.3469497e-06,3.1734748e-05,5
20960.0,20965.0,20962.5,1.0155119e-05,5.0775597e-05,8
20965.0,20970.0,20967.5,1.2693899e-06,6.3469497e-06,1
20970.0,20975.0,20972.5,8.8857295e-06,4.4428648e-05,7
20975.0,20980.0,20977.5,5.0775597e-06,2.5387799e-05,4
20980.0,20985.0,20982.5,7.6163396e-06,3.8081698e-05,6
20985.0,20990.0,20987.5,3.8081698e-06,1.9040849e-05,3
20990.0,20995.0,20992.5,3.8081698e-06,1.9040849e-05,3
20995.0,21000.0,20997.5,3.8081698e-06,1.9040849e-05,3
21000.0,21005.0,21002.5,5.0775597e-06,2.5387799e-05,4
21005.0,21010.0,21007.5,3.8081698e-06,1.9040849e-05,3
21010.0,21015.0,21012.5,3.8081698e-06,1.9040849e-05,3
21015.0,21020.0,21017.5,1.0155119e-05,5.0775597e-05,8
21020.0,21025.0,21022.5,3.8081698e-06,1.9040849e-05,3
21025.0,21030.0,21027.5,5.0775597e-06,2.5387799e-05,4
21030.0,21035.0,21032.5,7.6163396e-06,3.8081698e-05,6
21035.0,21040.0,21037.5,7.6163396e-06,3.8081698e-05,6
21040.0,21045.0,21042.5,5.0775597e-06,2.5387799e-05,4
21045.0,21050.0,21047.5,1.2693899e-06,6.3469497e-06,1
21050.0,21055.0,21052.5,5.0775597e-06,2.5387799e-05,4
21055.0,21060.0,21057.5,6.3469497e-06,3.1734748e-05,5
21060.0,21065.0,21062.5,6.3469497e-06,3.1734748e-05,5
21065.0,21070.0,21067.5,7.6163396e-06,3.8081698e-05,6
21070.0,21075.0,21072.5,1.0155119e-05,5.0775597e-05,8
21075.0,21080.0,21077.5,6.3469497e-06,3.1734748e-05,5
21080.0,21085.0,21082.5,3.8081698e-06,1.9040849e-05,3
21085.0,21090.0,21087.5,1.0155119e-05,5.0775597e-05,8
21090.0,21095.0,21092.5,3.8081698e-06,1.9040849e-05,3
21095.0,21100.0,21097.5,1.1424509e-05,5.7122547e-05,9
21100.0,21105.0,21102.5,6.3469497e-06,3.1734748e-05,5
21105.0,21110.0,21107.5,1.2693899e-06,6.3469497e-06,1
21110.0,21115.0,21112.5,5.0775597e-06,2.5387799e-05,4
21115.0,21120.0,21117.5,6.3469497e-06,3.1734748e-05,5
21120.0,21125.0,21122.5,3.8081698e-06,1.9040849e-05,3
21125.0,21130.0,21127.5,3.8081698e-06,1.9040849e-05,3
21130.0,21135.0,21132.5,5.0775597e-06,2.5387799e-05,4
21135.0,21140.0,21137.5,8.8857295e-06,4.4428648e-05,7
21140.0,21145.0,21142.5,6.3469497e-06,3.1734748e-05,5
21145.0,21150.0,21147.5,5.0775597e-06,2.5387799e-05,4
21150.0,21155.0,21152.5,7.6163396e-06,3.8081698e-05,6
21155.0,21160.0,21157.5,3.8081698e-06,1.9040849e-05,3
21160.0,21165.0,21162.5,5.0775597e-06,2.5387799e-05,4
21165.0,21170.0,21167.5,7.6163396e-06,3.8081698e-05,6
21170.0,21175.0,21172.5,5.0775597e-06,2.5387799e-05,4
21175.0,21180.0,21177.5,1.2693899e-06,6.3469497e-06,1
21180.0,21185.0,21182.5,6.3469497e-06,3.1734748e-05,5
21185.0,21190.0,21187.5,1.2693899e-05,6.3469497e-05,10
21190.0,21195.0,21192.5,5.0775597e-06,2.5387799e-05,4
21195.0,21200.0,21197.5,3.8081698e-06,1.9040849e-05,3
21200.0,21205.0,21202.5,2.5387799e-06,1.2693899e-05,2
21205.0,21210.0,21207.5,6.3469497e-06,3.1734748e-05,5
21210.0,21215.0,21212.5,6.3469497e-06,3.1734748e-05,5
21215.0,21220.0,21217.5,5.0775597e-06,2.5387799e-05,4
21220.0,21225.0,21222.5,6.3469497e-06,3.1734748e-05,5
21225.0,21230.0,21227.5,7.6163396e-06,3.8081698e-05,6
21230.0,21235.0,21232.5,6.3469497e-06,3.1734748e-05,5
21235.0,21240.0,21237.5,2.5387799e-06,1.2693899e-05,2
21240.0,21245.0,21242.5,7.6163396e-06,3.8081698e-05,6
21245.0,21250.0,21247.5,5.0775597e-06,2.5387799e-05,4
21250.0,21255.0,21252.5,8.8857295e-06,4.4428648e-05,7
21255.0,21260.0,21257.5,7.6163396e-06,3.8081698e-05,6
21260.0,21265.0,21262.5,5.0775597e-06,2.5387799e-05,4
21265.0,21270.0,21267.5,5.0775597e-06,2.5387799e-05,4
21270.0,21275.0,21272.5,3.8081698e-06,1.9040849e-05,3
21275.0,21280.0,21277.5,6.3469497e-06,3.1734748e-05,5
21280.0,21285.0,21282.5,8.8857295e-06,4.4428648e-05,7
21285.0,21290.0,21287.5,6.3469497e-06,3.1734748e-05,5
21290.0,21295.0,21292.5,1.2693899e-06,6.3469497e-06,1
21295.0,21300.0,21297.5,8.8857295e-06,4.4428648e-05,7
21300.0,21305.0,21302.5,6.3469497e-06,3.1734748e-05,5
21305.0,21310.0,21307.5,5.0775597e-06,2.5387799e-05,4
21310.0,21315.0,21312.5,5.0775597e-06,2.5387799e-05,4
21315.0,21320.0,21317.5,1.2693899e-06,6.3469497e-06,1
21320.0,21325.0,21322.5,6.3469497e-06,3.1734748e-05,5
21325.0,21330.0,21327.5,3.8081698e-06,1.9040849e-05,3
21330.0,21335.0,21332.5,5.0775597e-06,2.5387799e-05,4
21335.0,21340.0,21337.5,5.0775597e-06,2.5387799e-05,4
21340.0,21345.0,21342.5,5.0775597e-06,2.5387799e-05,4
21345.0,21350.0,21347.5,5.0775597e-06,2.5387799e-05,4
21350.0,21355.0,21352.5,6.3469497e-06,3.1734748e-05,5
21355.0,21360.0,21357.5,3.8081698e-06,1.9040849e-05,3
21360.0,21365.0,21362.5,5.0775597e-06,2.5387799e-05,4
21365.0,21370.0,21367.5,8.8857295e-06,4.4428648e-05,7
21370.0,21375.0,21372.5,1.0155119e-05,5.0775597e-05,8
21375.0,21380.0,21377.5,6.3469497e-06,3.1734748e-05,5
21380.0,21385.0,21382.5,8.8857295e-06,4.4428648e-05,7
21385.0,21390.0,21387.5,7.6163396e-06,3.8081698e-05,6
21390.0,21395.0,21392.5,2.5387799e-06,1.2693899e-05,2
21395.0,21400.0,21397.5,2.5387799e-06,1.2693899e-05,2
21400.0,21405.0,21402.5,3.8081698e-06,1.9040849e-05,3
21405.0,21410.0,21407.5,5.0775597e-06,2.5387799e-05,4
21410.0,21415.0,21412.5,5.0775597e-06,2.5387799e-05,4
21415.0,21420.0,21417.5,2.5387799e-06,1.2693899e-05,2
21420.0,21425.0,21422.5,2.5387799e-06,1.2693899e-05,2
21425.0,21430.0,21427.5,7.6163396e-06,3.8081698e-05,6
21430.0,21435.0,21432.5,3.8081698e-06,1.9040849e-05,3
21435.0,21440.0,21437.5,2.5387799e-06,1.2693899e-05,2
21440.0,21445.0,21442.5,2.5387799e-06,1.2693899e-05,2
21445.0,21450.0,21447.5,6.3469497e-06,3.1734748e-05,5
21450.0,21455.0,21452.5,6.3469497e-06,3.1734748e-05,5
21455.0,21460.0,21457.5,1.1424509e-05,5.7122547e-05,9
21460.0,21465.0,21462.5,1.1424509e-05,5.7122547e-05,9
21465.0,21470.0,21467.5,1.0155119e-05,5.0775597e-05,8
21470.0,21475.0,21472.5,5.0775597e-06,2.5387799e-05,4
21475.0,21480.0,21477.5,8.8857295e-06,4.4428648e-05,7
21480.0,21485.0,21482.5,8.8857295e-06,4.4428648e-05,7
21485.0,21490.0,21487.5,3.8081698e-06,1.9040849e-05,3
21490.0,21495.0,21492.5,5.0775597e-06,2.5387799e-05,4
21495.0,21500.0,21497.5,5.0775597e-06,2.5387799e-05,4
21500.0,21505.0,21502.5,8.8857295e-06,4.4428648e-05,7
21505.0,21510.0,21507.5,3.8081698e-06,1.9040849e-05,3
21510.0,21515.0,21512.5,6.3469497e-06,3.1734748e-05,5
21515.0,21520.0,21517.5,3.8081698e-06,1.9040849e-05,3
21525.0,21530.0,21527.5,6.3469497e-06,3.1734748e-05,5
21530.0,21535.0,21532.5,6.3469497e-06,3.1734748e-05,5
21535.0,21540.0,21537.5,2.5387799e-06,1.2693899e-05,2
21540.0,21545.0,21542.5,8.8857295e-06,4.4428648e-05,7
21545.0,21550.0,21547.5,6.3469497e-06,3.1734748e-05,5
21550.0,21555.0,21552.5,1.2693899e-06,6.3469497e-06,1
21555.0,21560.0,21557.5,6.3469497e-06,3.1734748e-05,5
21560.0,21565.0,21562.5,2.5387799e-06,1.2693899e-05,2
21565.0,21570.0,21567.5,6.3469497e-06,3.1734748e-05,5
21570.0,21575.0,21572.5,3.8081698e-06,1.9040849e-05,3
21575.0,21580.0,21577.5,6.3469497e-06,3.1734748e-05,5
21580.0,21585.0,21582.5,6.3469497e-06,3.1734748e-05,5
21585.0,21590.0,21587.5,7.6163396e-06,3.8081698e-05,6
21590.0,21595.0,21592.5,5.0775597e-06,2.5387799e-05,4
21595.0,21600.0,21597.5,8.8857295e-06,4.4428648e-05,7
21600.0,21605.0,21602.5,2.5387799e-06,1.2693899e-05,2
21605.0,21610.0,21607.5,2.5387799e-06,1.2693899e-05,2
21610.0,21615.0,21612.5,3.8081698e-06,1.9040849e-05,3
21615.0,21620.0,21617.5,5.0775597e-06,2.5387799e-05,4
21620.0,21625.0,21622.5,6.3469497e-06,3.1734748e-05,5
21625.0,21630.0,21627.5,1.2693899e-06,6.3469497e-06,1
21630.0,21635.0,21632.5,5.0775597e-06,2.5387799e-05,4
21635.0,21640.0,21637.5,7.6163396e-06,3.8081698e-05,6
21640.0,21645.0,21642.5,6.3469497e-06,3.1734748e-05,5
21645.0,21650.0,21647.5,3.8081698e-06,1.9040849e-05,3
21650.0,21655.0,21652.5,5.0775597e-06,2.5387799e-05,4
21655.0,21660.0,21657.5,8.8857295e-06,4.4428648e-05,7
21660.0,21665.0,21662.5,6.3469497e-06,3.1734748e-05,5
21665.0,21670.0,21667.5,5.0775597e-06,2.5387799e-05,4
21670.0,21675.0,21672.5,6.3469497e-06,3.1734748e-05,5
21675.0,21680.0,21677.5,2.5387799e-06,1.2693899e-05,2
21680.0,21685.0,21682.5,7.6163396e-06,3.8081698e-05,6
21685.0,21690.0,21687.5,6.3469497e-06,3.1734748e-05,5
21690.0,21695.0,21692.5,8.8857295e-06,4.4428648e-05,7
21695.0,21700.0,21697.5,2.5387799e-06,1.2693899e-05,2
21700.0,21705.0,21702.5,8.8857295e-06,4.4428648e-05,7
21705.0,21710.0,21707.5,6.3469497e-06,3.1734748e-05,5
21710.0,21715.0,21712.5,5.0775597e-06,2.5387799e-05,4
21715.0,21720.0,21717.5,7.6163396e-06,3.8081698e-05,6
21720.0,21725.0,21722.5,5.0775597e-06,2.5387799e-05,4
21725.0,21730.0,21727.5,2.5387799e-06,1.2693899e-05,2
21730.0,21735.0,21732.5,3.8081698e-06,1.9040849e-05,3
21735.0,21740.0,21737.5,5.0775597e-06,2.5387799e-05,4
21740.0,21745.0,21742.5,7.6163396e-06,3.8081698e-05,6
21745.0,21750.0,21747.5,6.3469497e-06,3.1734748e-05,5
21750.0,21755.0,21752.5,7.6163396e-06,3.8081698e-05,6
21755.0,21760.0,21757.5,6.3469497e-06,3.1734748e-05,5
21760.0,21765.0,21762.5,1.2693899e-06,6.3469497e-06,1
21765.0,21770.0,21767.5,6.3469497e-06,3.1734748e-05,5
21770.0,21775.0,21772.5,6.3469497e-06,3.1734748e-05,5
21780.0,21785.0,21782.5,2.5387799e-06,1.2693899e-05,2
21785.0,21790.0,21787.5,1.1424509e-05,5.7122547e-05,9
21790.0,21795.0,21792.5,1.2693899e-06,6.3469497e-06,1
21795.0,21800.0,21797.5,2.5387799e-06,1.2693899e-05,2
21800.0,21805.0,21802.5,8.8857295e-06,4.4428648e-05,7
21805.0,21810.0,21807.5,7.6163396e-06,3.8081698e-05,6
21810.0,21815.0,21812.5,7.6163396e-06,3.8081698e-05,6
21815.0,21820.0,21817.5,2.5387799e-06,1.2693899e-05,2
21820.0,21825.0,21822.5,5.0775597e-06,2.5387799e-05,4
21825.0,21830.0,21827.5,1.1424509e-05,5.7122547e-05,9
21830.0,21835.0,21832.5,6.3469497e-06,3.1734748e-05,5
21835.0,21840.0,21837.5,6.3469497e-06,3.1734748e-05,5
21840.0,21845.0,21842.5,6.3469497e-06,3.1734748e-05,5
21845.0,21850.0,21847.5,3.8081698e-06,1.9040849e-05,3
21850.0,21855.0,21852.5,6.3469497e-06,3.1734748e-05,5
21855.0,21860.0,21857.5,5.0775597e-06,2.5387799e-05,4
21860.0,21865.0,21862.5,1.2693899e-05,6.3469497e-05,10
21865.0,21870.0,21867.5,2.5387799e-06,1.2693899e-05,2
21870.0,21875.0,21872.5,7.6163396e-06,3.8081698e-05,6
21875.0,21880.0,21877.5,6.3469497e-06,3.1734748e-05,5
21880.0,21885.0,21882.5,5.0775597e-06,2.5387799e-05,4
21885.0,21890.0,21887.5,5.0775597e-06,2.5387799e-05,4
21890.0,21895.0,21892.5,8.8857295e-06,4.4428648e-05,7
21895.0,21900.0,21897.5,5.0775597e-06,2.5387799e-05,4
21900.0,21905.0,21902.5,7.6163396e-06,3.8081698e-05,6
21905.0,21910.0,21907.5,1.2693899e-06,6.3469497e-06,1
21910.0,21915.0,21912.5,7.6163396e-06,3.8081698e-05,6
21915.0,21920.0,21917.5,5.0775597e-06,2.5387799e-05,4
21920.0,21925.0,21922.5,2.5387799e-06,1.2693899e-05,2
21925.0,21930.0,21927.5,6.3469497e-06,3.1734748e-05,5
21930.0,21935.0,21932.5,2.5387799e-06,1.2693899e-05,2
21935.0,21940.0,21937.5,1.2693899e-06,6.3469497e-06,1
21940.0,21945.0,21942.5,5.0775597e-06,2.5387799e-05,4
21945.0,21950.0,21947.5,2.5387799e-06,1.2693899e-05,2
21955.0,21960.0,21957.5,1.2693899e-06,6.3469497e-06,1
21960.0,21965.0,21962.5,6.3469497e-06,3.1734748e-05,5
21965.0,21970.0,21967.5,3.8081698e-06,1.9040849e-05,3
21970.0,21975.0,21972.5,5.0775597e-06,2.5387799e-05,4
21975.0,21980.0,21977.5,2.5387799e-06,1.2693899e-05,2
21980.0,21985.0,21982.5,6.3469497e-06,3.1734748e-05,5
21985.0,21990.0,21987.5,5.0775597e-06,2.5387799e-05,4
21990.0,21995.0,21992.5,1.2693899e-06,6.3469497e-06,1
21995.0,22000.0,21997.5,1.2693899e-05,6.3469497e-05,10
22000.0,22005.0,22002.5,7.6163396e-06,3.8081698e-05,6
22005.0,22010.0,22007.5,5.0775597e-06,2.5387799e-05,4
22010.0,22015.0,22012.5,3.8081698e-06,1.9040849e-05,3
22015.0,22020.0,22017.5,5.0775597e-06,2.5387799e-05,4
22020.0,22025.0,22022.5,2.5387799e-06,1.2693899e-05,2
22030.0,22035.0,22032.5,5.0775597e-06,2.5387799e-05,4
22035.0,22040.0,22037.5,8.8857295e-06,4.4428648e-05,7
22040.0,22045.0,22042.5,3.8081698e-06,1.9040849e-05,3
22045.0,22050.0,22047.5,3.8081698e-06,1.9040849e-05,3
22050.0,22055.0,22052.5,1.2693899e-06,6.3469497e-06,1
22055.0,22060.0,22057.5,8.8857295e-06,4.4428648e-05,7
22060.0,22065.0,22062.5,1.1424509e-05,5.7122547e-05,9
22065.0,22070.0,22067.5,5.0775597e-06,2.5387799e-05,4
22070.0,22075.0,22072.5,6.3469497e-06,3.1734748e-05,5
22075.0,22080.0,22077.5,7.6163396e-06,3.8081698e-05,6
22080.0,22085.0,22082.5,3.8081698e-06,1.9040849e-05,3
22085.0,22090.0,22087.5,3.8081698e-06,1.9040849e-05,3
22090.0,22095.0,22092.5,3.8081698e-06,1.9040849e-05,3
22095.0,22100.0,22097.5,5.0775597e-06,2.5387799e-05,4
22100.0,22105.0,22102.5,6.3469497e-06,3.1734748e-05,5
22105.0,22110.0,22107.5,6.3469497e-06,3.1734748e-05,5
22110.0,22115.0,22112.5,6.3469497e-06,3.1734748e-05,5
22115.0,22120.0,22117.5,6.3469497e-06,3.1734748e-05,5
22120.0,22125.0,22122.5,8.8857295e-06,4.4428648e-05,7
22125.0,22130.0,22127.5,3.8081698e-06,1.9040849e-05,3
22130.0,22135.0,22132.5,7.6163396e-06,3.8081698e-05,6
22135.0,22140.0,22137.5,1.2693899e-06,6.3469497e-06,1
22140.0,22145.0,22142.5,2.5387799e-06,1.2693899e-05,2
22145.0,22150.0,22147.5,1.2693899e-05,6.3469497e-05,10
22150.0,22155.0,22152.5,1.1424509e-05,5.7122547e-05,9
22155.0,22160.0,22157.5,5.0775597e-06,2.5387799e-05,4
22165.0,22170.0,22167.5,3.8081698e-06,1.9040849e-05,3
22170.0,22175.0,22172.5,5.0775597e-06,2.5387799e-05,4
22175.0,22180.0,22177.5,1.0155119e-05,5.0775597e-05,8
22180.0,22185.0,22182.5,2.5387799e-06,1.2693899e-05,2
22185.0,22190.0,22187.5,5.0775597e-06,2.5387799e-05,4
22190.0,22195.0,22192.5,5.0775597e-06,2.5387799e-05,4
22195.0,22200.0,22197.5,1.2693899e-06,6.3469497e-06,1
22200.0,22205.0,22202.5,3.8081698e-06,1.9040849e-05,3
22205.0,22210.0,22207.5,7.6163396e-06,3.8081698e-05,6
22210.0,22215.0,22212.5,5.0775597e-06,2.5387799e-05,4
22215.0,22220.0,22217.5,5.0775597e-06,2.5387799e-05,4
22220.0,22225.0,22222.5,5.0775597e-06,2.5387799e-05,4
22225.0,22230.0,22227.5,1.0155119e-05,5.0775597e-05,8
22230.0,22235.0,22232.5,3.8081698e-06,1.9040849e-05,3
22235.0,22240.0,22237.5,1.0155119e-05,5.0775597e-05,8
22240.0,22245.0,22242.5,3.8081698e-06,1.9040849e-05,3
22245.0,22250.0,22247.5,5.0775597e-06,2.5387799e-05,4
22250.0,22255.0,22252.5,5.0775597e-06,2.5387799e-05,4
22255.0,22260.0,22257.5,5.0775597e-06,2.5387799e-05,4
22260.0,22265.0,22262.5,5.0775597e-06,2.5387799e-05,4
22265.0,22270.0,22267.5,6.3469497e-06,3.1734748e-05,5
22270.0,22275.0,22272.5,3.8081698e-06,1.9040849e-05,3
22275.0,22280.0,22277.5,5.0775597e-06,2.5387799e-05,4
22280.0,22285.0,22282.5,5.0775597e-06,2.5387799e-05,4
22285.0,22290.0,22287.5,6.3469497e-06,3.1734748e-05,5
22290.0,22295.0,22292.5,1.2693899e-06,6.3469497e-06,1
22295.0,22300.0,22297.5,3.8081698e-06,1.9040849e-05,3
22300.0,22305.0,22302.5,1.2693899e-06,6.3469497e-06,1
22305.0,22310.0,22307.5,1.1424509e-05,5.7122547e-05,9
22310.0,22315.0,22312.5,1.0155119e-05,5.0775597e-05,8
22315.0,22320.0,22317.5,6.3469497e-06,3.1734748e-05,5
22320.0,22325.0,22322.5,6.3469497e-06,3.1734748e-05,5
22325.0,22330.0,22327.5,5.0775597e-06,2.5387799e-05,4
22330.0,22335.0,22332.5,2.5387799e-06,1.2693899e-05,2
22335.0,22340.0,22337.5,1.2693899e-06,6.3469497e-06,1
22340.0,22345.0,22342.5,5.0775597e-06,2.5387799e-05,4
22345.0,22350.0,22347.5,6.3469497e-06,3.1734748e-05,5
22350.0,22355.0,22352.5,5.0775597e-06,2.5387799e-05,4
22355.0,22360.0,22357.5,1.0155119e-05,5.0775597e-05,8
22360.0,22365.0,22362.5,6.3469497e-06,3.1734748e-05,5
22365.0,22370.0,22367.5,6.3469497e-06,3.1734748e-05,5
22370.0,22375.0,22372.5,2.5387799e-06,1.2693899e-05,2
22375.0,22380.0,22377.5,7.6163396e-06,3.8081698e-05,6
22380.0,22385.0,22382.5,5.0775597e-06,2.5387799e-05,4
22385.0,22390.0,22387.5,3.8081698e-06,1.9040849e-05,3
22390.0,22395.0,22392.5,3.8081698e-06,1.9040849e-05,3
22395.0,22400.0,22397.5,6.3469497e-06,3.1734748e-05,5
22400.0,22405.0,22402.5,7.6163396e-06,3.8081698e-05,6
22405.0,22410.0,22407.5,2.5387799e-06,1.2693899e-05,2
22410.0,22415.0,22412.5,2.5387799e-06,1.2693899e-05,2
22415.0,22420.0,22417.5,7.6163396e-06,3.8081698e-05,6
22420.0,22425.0,22422.5,2.5387799e-06,1.2693899e-05,2
22425.0,22430.0,22427.5,6.3469497e-06,3.1734748e-05,5
22430.0,22435.0,22432.5,7.6163396e-06,3.8081698e-05,6
22435.0,22440.0,22437.5,1.0155119e-05,5.0775597e-05,8
22440.0,22445.0,22442.5,6.3469497e-06,3.1734748e-05,5
22445.0,22450.0,22447.5,3.8081698e-06,1.9040849e-05,3
22450.0,22455.0,22452.5,2.5387799e-06,1.2693899e-05,2
22455.0,22460.0,22457.5,3.8081698e-06,1.9040849e-05,3
22460.0,22465.0,22462.5,8.8857295e-06,4.4428648e-05,7
22465.0,22470.0,22467.5,7.6163396e-06,3.8081698e-05,6
22470.0,22475.0,22472.5,2.5387799e-06,1.2693899e-05,2
22475.0,22480.0,22477.5,5.0775597e-06,2.5387799e-05,4
22480.0,22485.0,22482.5,7.6163396e-06,3.8081698e-05,6
22485.0,22490.0,22487.5,3.8081698e-06,1.9040849e-05,3
22490.0,22495.0,22492.5,5.0775597e-06,2.5387799e-05,4
22495.0,22500.0,22497.5,7.6163396e-06,3.8081698e-05,6
22500.0,22505.0,22502.5,6.3469497e-06,3.1734748e-05,5
22505.0,22510.0,22507.5,1.0155119e-05,5.0775597e-05,8
22510.0,22515.0,22512.5,1.2693899e-06,6.3469497e-06,1
22515.0,22520.0,22517.5,2.5387799e-06,1.2693899e-05,2
22520.0,22525.0,22522.5,3.8081698e-06,1.9040849e-05,3
22525.0,22530.0,22527.5,7.6163396e-06,3.8081698e-05,6
22530.0,22535.0,22532.5,5.0775597e-06,2.5387799e-05,4
22535.0,22540.0,22537.5,1.0155119e-05,5.0775597e-05,8
22540.0,22545.0,22542.5,7.6163396e-06,3.8081698e-05,6
22545.0,22550.0,22547.5,6.3469497e-06,3.1734748e-05,5
22550.0,22555.0,22552.5,5.0775597e-06,2.5387799e-05,4
22555.0,22560.0,22557.5,1.2693899e-05,6.3469497e-05,10
22560.0,22565.0,22562.5,1.2693899e-06,6.3469497e-06,1
22565.0,22570.0,22567.5,8.8857295e-06,4.4428648e-05,7
22570.0,22575.0,22572.5,8.8857295e-06,4.4428648e-05,7
22575.0,22580.0,22577.5,3.8081698e-06,1.9040849e-05,3
22580.0,22585.0,22582.5,3.8081698e-06,1.9040849e-05,3
22585.0,22590.0,22587.5,1.2693899e-06,6.3469497e-06,1
22590.0,22595.0,22592.5,6.3469497e-06,3.1734748e-05,5
22595.0,22600.0,22597.5,6.3469497e-06,3.1734748e-05,5
22600.0,22605.0,22602.5,6.3469497e-06,3.1734748e-05,5
22605.0,22610.0,22607.5,6.3469497e-06,3.1734748e-05,5
22610.0,22615.0,22612.5,7.6163396e-06,3.8081698e-05,6
22615.0,22620.0,22617.5,5.0775597e-06,2.5387799e-05,4
22620.0,22625.0,22622.5,3.8081698e-06,1.9040849e-05,3
22625.0,22630.0,22627.5,8.8857295e-06,4.4428648e-05,7
22630.0,22635.0,22632.5,1.2693899e-06,6.3469497e-06,1
22635.0,22640.0,22637.5,5.0775597e-06,2.5387799e-05,4
22640.0,22645.0,22642.5,2.5387799e-06,1.2693899e-05,2
22645.0,22650.0,22647.5,1.2693899e-06,6.3469497e-06,1
22650.0,22655.0,22652.5,7.6163396e-06,3.8081698e-05,6
22655.0,22660.0,22657.5,2.5387799e-06,1.2693899e-05,2
22660.0,22665.0,22662.5,5.0775597e-06,2.5387799e-05,4
22665.0,22670.0,22667.5,7.6163396e-06,3.8081698e-05,6
22670.0,22675.0,22672.5,5.0775597e-06,2.5387799e-05,4
22675.0,22680.0,22677.5,2.5387799e-06,1.2693899e-05,2
22680.0,22685.0,22682.5,3.8081698e-06,1.9040849e-05,3
22685.0,22690.0,22687.5,5.0775597e-06,2.5387799e-05,4
22690.0,22695.0,22692.5,7.6163396e-06,3.8081698e-05,6
22695.0,22700.0,22697.5,5.0775597e-06,2.5387799e-05,4
22700.0,22705.0,22702.5,6.3469497e-06,3.1734748e-05,5
22705.0,22710.0,22707.5,3.8081698e-06,1.9040849e-05,3
22710.0,22715.0,22712.5,8.8857295e-06,4.4428648e-05,7
22715.0,22720.0,22717.5,5.0775597e-06,2.5387799e-05,4
22720.0,22725.0,22722.5,6.3469497e-06,3.1734748e-05,5
22725.0,22730.0,22727.5,2.5387799e-06,1.2693899e-05,2
22730.0,22735.0,22732.5,5.0775597e-06,2.5387799e-05,4
22735.0,22740.0,22737.5,6.3469497e-06,3.1734748e-05,5
22740.0,22745.0,22742.5,5.0775597e-06,2.5387799e-05,4
22745.0,22750.0,22747.5,5.0775597e-06,2.5387799e-05,4
22750.0,22755.0,22752.5,2.5387799e-06,1.2693899e-05,2
22755.0,22760.0,22757.5,6.3469497e-06,3.1734748e-05,5
22760.0,22765.0,22762.5,1.2693899e-06,6.3469497e-06,1
22765.0,22770.0,22767.5,6.3469497e-06,3.1734748e-05,5
22770.0,22775.0,22772.5,5.0775597e-06,2.5387799e-05,4
22775.0,22780.0,22777.5,6.3469497e-06,3.1734748e-05,5
22780.0,22785.0,22782.5,7.6163396e-06,3.8081698e-05,6
22785.0,22790.0,22787.5,8.8857295e-06,4.4428648e-05,7
22795.0,22800.0,22797.5,1.2693899e-06,6.3469497e-06,1
22800.0,22805.0,22802.5,3.8081698e-06,1.9040849e-05,3
22805.0,22810.0,22807.5,5.0775597e-06,2.5387799e-05,4
22810.0,22815.0,22812.5,5.0775597e-06,2.5387799e-05,4
22815.0,22820.0,22817.5,5.0775597e-06,2.5387799e-05,4
22820.0,22825.0,22822.5,3.8081698e-06,1.9040849e-05,3
22825.0,22830.0,22827.5,1.2693899e-06,6.3469497e-06,1
22830.0,22835.0,22832.5,6.3469497e-06,3.1734748e-05,5
22835.0,22840.0,22837.5,6.3469497e-06,3.1734748e-05,5
22840.0,22845.0,22842.5,3.8081698e-06,1.9040849e-05,3
22845.0,22850.0,22847.5,5.0775597e-06,2.5387799e-05,4
22850.0,22855.0,22852.5,1.2693899e-06,6.3469497e-06,1
22855.0,22860.0,22857.5,6.3469497e-06,3.1734748e-05,5
22860.0,22865.0,22862.5,5.0775597e-06,2.5387799e-05,4
22865.0,22870.0,22867.5,5.0775597e-06,2.5387799e-05,4
22870.0,22875.0,22872.5,6.3469497e-06,3.1734748e-05,5
22875.0,22880.0,22877.5,3.8081698e-06,1.9040849e-05,3
22880.0,22885.0,22882.5,2.5387799e-06,1.2693899e-05,2
22885.0,22890.0,22887.5,3.8081698e-06,1.9040849e-05,3
22890.0,22895.0,22892.5,5.0775597e-06,2.5387799e-05,4
22895.0,22900.0,22897.5,3.8081698e-06,1.9040849e-05,3
22900.0,22905.0,22902.5,6.3469497e-06,3.1734748e-05,5
22905.0,22910.0,22907.5,5.0775597e-06,2.5387799e-05,4
22910.0,22915.0,22912.5,1.2693899e-06,6.3469497e-06,1
22915.0,22920.0,22917.5,6.3469497e-06,3.1734748e-05,5
22920.0,22925.0,22922.5,1.1424509e-05,5.7122547e-05,9
22925.0,22930.0,22927.5,7.6163396e-06,3.8081698e-05,6
22930.0,22935.0,22932.5,1.2693899e-06,6.3469497e-06,1
22935.0,22940.0,22937.5,8.8857295e-06,4.4428648e-05,7
22940.0,22945.0,22942.5,5.0775597e-06,2.5387799e-05,4
22945.0,22950.0,22947.5,3.8081698e-06,1.9040849e-05,3
22950.0,22955.0,22952.5,6.3469497e-06,3.1734748e-05,5
22955.0,22960.0,22957.5,7.6163396e-06,3.8081698e-05,6
22960.0,22965.0,22962.5,3.8081698e-06,1.9040849e-05,3
22965.0,22970.0,22967.5,6.3469497e-06,3.1734748e-05,5
22970.0,22975.0,22972.5,6.3469497e-06,3.1734748e-05,5
22975.0,22980.0,22977.5,5.0775597e-06,2.5387799e-05,4
22980.0,22985.0,22982.5,5.0775597e-06,2.5387799e-05,4
22985.0,22990.0,22987.5,7.6163396e-06,3.8081698e-05,6
22990.0,22995.0,22992.5,5.0775597e-06,2.5387799e-05,4
22995.0,23000.0,22997.5,2.5387799e-06,1.2693899e-05,2
23000.0,23005.0,23002.5,1.0155119e-05,5.0775597e-05,8
23005.0,23010.0,23007.5,6.3469497e-06,3.1734748e-05,5
23010.0,23015.0,23012.5,3.8081698e-06,1.9040849e-05,3
23015.0,23020.0,23017.5,5.0775597e-06,2.5387799e-05,4
23020.0,23025.0,23022.5,1.0155119e-05,5.0775597e-05,8
23025.0,23030.0,23027.5,5.0775597e-06,2.5387799e-05,4
23030.0,23035.0,23032.5,3.8081698e-06,1.9040849e-05,3
23035.0,23040.0,23037.5,6.3469497e-06,3.1734748e-05,5
23040.0,23045.0,23042.5,6.3469497e-06,3.1734748e-05,5
23045.0,23050.0,23047.5,6.3469497e-06,3.1734748e-05,5
23050.0,23055.0,23052.5,5.0775597e-06,2.5387799e-05,4
23055.0,23060.0,23057.5,2.5387799e-06,1.2693899e-05,2
23060.0,23065.0,23062.5,2.5387799e-06,1.2693899e-05,2
23065.0,23070.0,23067.5,3.8081698e-06,1.9040849e-05,3
23070.0,23075.0,23072.5,3.8081698e-06,1.9040849e-05,3
23075.0,23080.0,23077.5,5.0775597e-06,2.5387799e-05,4
23080.0,23085.0,23082.5,1.2693899e-06,6.3469497e-06,1
23085.0,23090.0,23087.5,3.8081698e-06,1.9040849e-05,3
23090.0,23095.0,23092.5,6.3469497e-06,3.1734748e-05,5
23095.0,23100.0,23097.5,3.8081698e-06,1.9040849e-05,3
23100.0,23105.0,23102.5,3.8081698e-06,1.9040849e-05,3
23105.0,23110.0,23107.5,5.0775597e-06,2.5387799e-05,4
23110.0,23115.0,23112.5,7.6163396e-06,3.8081698e-05,6
23115.0,23120.0,23117.5,3.8081698e-06,1.9040849e-05,3
23120.0,23125.0,23122.5,1.2693899e-06,6.3469497e-06,1
23125.0,23130.0,23127.5,2.5387799e-06,1.2693899e-05,2
23130.0,23135.0,23132.5,1.0155119e-05,5.0775597e-05,8
23135.0,23140.0,23137.5,6.3469497e-06,3.1734748e-05,5
23140.0,23145.0,23142.5,3.8081698e-06,1.9040849e-05,3
23145.0,23150.0,23147.5,7.6163396e-06,3.8081698e-05,6
23150.0,23155.0,23152.5,6.3469497e-06,3.1734748e-05,5
23155.0,23160.0,23157.5,1.2693899e-06,6.3469497e-06,1
23160.0,23165.0,23162.5,6.3469497e-06,3.1734748e-05,5
23165.0,23170.0,23167.5,1.0155119e-05,5.0775597e-05,8
23170.0,23175.0,23172.5,6.3469497e-06,3.1734748e-05,5
23175.0,23180.0,23177.5,6.3469497e-06,3.1734748e-05,5
23180.0,23185.0,23182.5,2.5387799e-06,1.2693899e-05,2
23185.0,23190.0,23187.5,6.3469497e-06,3.1734748e-05,5
23190.0,23195.0,23192.5,2.5387799e-06,1.2693899e-05,2
23195.0,23200.0,23197.5,1.1424509e-05,5.7122547e-05,9
23200.0,23205.0,23202.5,6.3469497e-06,3.1734748e-05,5
23205.0,23210.0,23207.5,6.3469497e-06,3.1734748e-05,5
23210.0,23215.0,23212.5,3.8081698e-06,1.9040849e-05,3
23215.0,23220.0,23217.5,5.0775597e-06,2.5387799e-05,4
23220.0,23225.0,23222.5,1.0155119e-05,5.0775597e-05,8
23225.0,23230.0,23227.5,7.6163396e-06,3.8081698e-05,6
23230.0,23235.0,23232.5,3.8081698e-06,1.9040849e-05,3
23235.0,23240.0,23237.5,2.5387799e-06,1.2693899e-05,2
23240.0,23245.0,23242.5,3.8081698e-06,1.9040849e-05,3
23245.0,23250.0,23247.5,2.5387799e-06,1.2693899e-05,2
23250.0,23255.0,23252.5,5.0775597e-06,2.5387799e-05,4
23255.0,23260.0,23257.5,8.8857295e-06,4.4428648e-05,7
23260.0,23265.0,23262.5,6.3469497e-06,3.1734748e-05,5
23265.0,23270.0,23267.5,1.0155119e-05,5.0775597e-05,8
23270.0,23275.0,23272.5,3.8081698e-06,1.9040849e-05,3
23275.0,23280.0,23277.5,6.3469497e-06,3.1734748e-05,5
23280.0,23285.0,23282.5,3.8081698e-06,1.9040849e-05,3
23285.0,23290.0,23287.5,6.3469497e-06,3.1734748e-05,5
23290.0,23295.0,23292.5,7.6163396e-06,3.8081698e-05,6
23295.0,23300.0,23297.5,1.2693899e-06,6.3469497e-06,1
23300.0,23305.0,23302.5,6.3469497e-06,3.1734748e-05,5
23305.0,23310.0,23307.5,7.6163396e-06,3.8081698e-05,6
23310.0,23315.0,23312.5,3.8081698e-06,1.9040849e-05,3
23315.0,23320.0,23317.5,3.8081698e-06,1.9040849e-05,3
23320.0,23325.0,23322.5,2.5387799e-06,1.2693899e-05,2
23325.0,23330.0,23327.5,2.5387799e-06,1.2693899e-05,2
23330.0,23335.0,23332.5,3.8081698e-06,1.9040849e-05,3
23335.0,23340.0,23337.5,5.0775597e-06,2.5387799e-05,4
23340.0,23345.0,23342.5,5.0775597e-06,2.5387799e-05,4
23345.0,23350.0,23347.5,2.5387799e-06,1.2693899e-05,2
23350.0,23355.0,23352.5,5.0775597e-06,2.5387799e-05,4
23355.0,23360.0,23357.5,2.5387799e-06,1.2693899e-05,2
23360.0,23365.0,23362.5,8.8857295e-06,4.4428648e-05,7
23365.0,23370.0,23367.5,6.3469497e-06,3.1734748e-05,5
23370.0,23375.0,23372.5,3.8081698e-06,1.9040849e-05,3
23375.0,23380.0,23377.5,7.6163396e-06,3.8081698e-05,6
23380.0,23385.0,23382.5,7.6163396e-06,3.8081698e-05,6
23385.0,23390.0,23387.5,2.5387799e-06,1.2693899e-05,2
23390.0,23395.0,23392.5,1.0155119e-05,5.0775597e-05,8
23395.0,23400.0,23397.5,6.3469497e-06,3.1734748e-05,5
23400.0,23405.0,23402.5,3.8081698e-06,1.9040849e-05,3
23405.0,23410.0,23407.5,1.2693899e-06,6.3469497e-06,1
23410.0,23415.0,23412.5,5.0775597e-06,2.5387799e-05,4
23415.0,23420.0,23417.5,5.0775597e-06,2.5387799e-05,4
23420.0,23425.0,23422.5,8.8857295e-06,4.4428648e-05,7
23425.0,23430.0,23427.5,1.2693899e-06,6.3469497e-06,1
23430.0,23435.0,23432.5,5.0775597e-06,2.5387799e-05,4
23435.0,23440.0,23437.5,3.8081698e-06,1.9040849e-05,3
23440.0,23445.0,23442.5,2.5387799e-06,1.2693899e-05,2
23445.0,23450.0,23447.5,5.0775597e-06,2.5387799e-05,4
23450.0,23455.0,23452.5,2.5387799e-06,1.2693899e-05,2
23455.0,23460.0,23457.5,7.6163396e-06,3.8081698e-05,6
23460.0,23465.0,23462.5,7.6163396e-06,3.8081698e-05,6
23465.0,23470.0,23467.5,8.8857295e-06,4.4428648e-05,7
23470.0,23475.0,23472.5,7.6163396e-06,3.8081698e-05,6
23475.0,23480.0,23477.5,2.5387799e-06,1.2693899e-05,2
23480.0,23485.0,23482.5,1.0155119e-05,5.0775597e-05,8
23485.0,23490.0,23487.5,2.5387799e-06,1.2693899e-05,2
23490.0,23495.0,23492.5,1.2693899e-06,6.3469497e-06,1
23495.0,23500.0,23497.5,7.6163396e-06,3.8081698e-05,6
23500.0,23505.0,23502.5,7.6163396e-06,3.8081698e-05,6
23505.0,23510.0,23507.5,2.5387799e-06,1.2693899e-05,2
23510.0,23515.0,23512.5,7.6163396e-06,3.8081698e-05,6
23515.0,23520.0,23517.5,2.5387799e-06,1.2693899e-05,2
23520.0,23525.0,23522.5,7.6163396e-06,3.8081698e-05,6
23525.0,23530.0,23527.5,8.8857295e-06,4.4428648e-05,7
23530.0,23535.0,23532.5,5.0775597e-06,2.5387799e-05,4
23535.0,23540.0,23537.5,6.3469497e-06,3.1734748e-05,5
23540.0,23545.0,23542.5,2.5387799e-06,1.2693899e-05,2
23545.0,23550.0,23547.5,3.8081698e-06,1.9040849e-05,3
23550.0,23555.0,23552.5,5.0775597e-06,2.5387799e-05,4
23555.0,23560.0,23557.5,3.8081698e-06,1.9040849e-05,3
23560.0,23565.0,23562.5,3.8081698e-06,1.9040849e-05,3
23565.0,23570.0,23567.5,5.0775597e-06,2.5387799e-05,4
23570.0,23575.0,23572.5,3.8081698e-06,1.9040849e-05,3
23575.0,23580.0,23577.5,1.2693899e-06,6.3469497e-06,1
23580.0,23585.0,23582.5,6.3469497e-06,3.1734748e-05,5
23585.0,23590.0,23587.5,5.0775597e-06,2.5387799e-05,4
23590.0,23595.0,23592.5,8.8857295e-06,4.4428648e-05,7
23595.0,23600.0,23597.5,5.0775597e-06,2.5387799e-05,4
23600.0,23605.0,23602.5,5.0775597e-06,2.5387799e-05,4
23605.0,23610.0,23607.5,3.8081698e-06,1.9040849e-05,3
23610.0,23615.0,23612.5,1.2693899e-06,6.3469497e-06,1
23615.0,23620.0,23617.5,2.5387799e-06,1.2693899e-05,2
23620.0,23625.0,23622.5,6.3469497e-06,3.1734748e-05,5
23625.0,23630.0,23627.5,5.0775597e-06,2.5387799e-05,4
23630.0,23635.0,23632.5,5.0775597e-06,2.5387799e-05,4
23635.0,23640.0,23637.5,2.5387799e-06,1.2693899e-05,2
23640.0,23645.0,23642.5,6.3469497e-06,3.1734748e-05,5
23645.0,23650.0,23647.5,6.3469497e-06,3.1734748e-05,5
23650.0,23655.0,23652.5,6.3469497e-06,3.1734748e-05,5
23655.0,23660.0,23657.5,8.8857295e-06,4.4428648e-05,7
23660.0,23665.0,23662.5,8.8857295e-06,4.4428648e-05,7
23665.0,23670.0,23667.5,6.3469497e-06,3.1734748e-05,5
23670.0,23675.0,23672.5,5.0775597e-06,2.5387799e-05,4
23675.0,23680.0,23677.5,5.0775597e-06,2.5387799e-05,4
23680.0,23685.0,23682.5,5.0775597e-06,2.5387799e-05,4
23685.0,23690.0,23687.5,5.0775597e-06,2.5387799e-05,4
23690.0,23695.0,23692.5,3.8081698e-06,1.9040849e-05,3
23695.0,23700.0,23697.5,2.5387799e-06,1.2693899e-05,2
23700.0,23705.0,23702.5,3.8081698e-06,1.9040849e-05,3
23705.0,23710.0,23707.5,3.8081698e-06,1.9040849e-05,3
23710.0,23715.0,23712.5,3.8081698e-06,1.9040849e-05,3
23715.0,23720.0,23717.5,8.8857295e-06,4.4428648e-05,7
23720.0,23725.0,23722.5,7.6163396e-06,3.8081698e-05,6
23725.0,23730.0,23727.5,2.5387799e-06,1.2693899e-05,2
23730.0,23735.0,23732.5,1.0155119e-05,5.0775597e-05,8
23735.0,23740.0,23737.5,6.3469497e-06,3.1734748e-05,5
23740.0,23745.0,23742.5,3.8081698e-06,1.9040849e-05,3
23745.0,23750.0,23747.5,3.8081698e-06,1.9040849e-05,3
23750.0,23755.0,23752.5,7.6163396e-06,3.8081698e-05,6
23755.0,23760.0,23757.5,5.0775597e-06,2.5387799e-05,4
23760.0,23765.0,23762.5,1.2693899e-06,6.3469497e-06,1
23770.0,23775.0,23772.5,6.3469497e-06,3.1734748e-05,5
23775.0,23780.0,23777.5,6.3469497e-06,3.1734748e-05,5
23780.0,23785.0,23782.5,5.0775597e-06,2.5387799e-05,4
23785.0,23790.0,23787.5,3.8081698e-06,1.9040849e-05,3
23790.0,23795.0,23792.5,2.5387799e-06,1.2693899e-05,2
23795.0,23800.0,23797.5,2.5387799e-06,1.2693899e-05,2
23800.0,23805.0,23802.5,1.1424509e-05,5.7122547e-05,9
23805.0,23810.0,23807.5,6.3469497e-06,3.1734748e-05,5
23810.0,23815.0,23812.5,3.8081698e-06,1.9040849e-05,3
23815.0,23820.0,23817.5,5.0775597e-06,2.5387799e-05,4
23820.0,23825.0,23822.5,8.8857295e-06,4.4428648e-05,7
23825.0,23830.0,23827.5,1.2693899e-06,6.3469497e-06,1
23830.0,23835.0,23832.5,5.0775597e-06,2.5387799e-05,4
23835.0,23840.0,23837.5,1.2693899e-06,6.3469497e-06,1
23840.0,23845.0,23842.5,3.8081698e-06,1.9040849e-05,3
23845.0,23850.0,23847.5,6.3469497e-06,3.1734748e-05,5
23850.0,23855.0,23852.5,2.5387799e-06,1.2693899e-05,2
23855.0,23860.0,23857.5,2.5387799e-06,1.2693899e-05,2
23860.0,23865.0,23862.5,2.5387799e-06,1.2693899e-05,2
23865.0,23870.0,23867.5,7.6163396e-06,3.8081698e-05,6
23870.0,23875.0,23872.5,3.8081698e-06,1.9040849e-05,3
23875.0,23880.0,23877.5,2.5387799e-06,1.2693899e-05,2
23880.0,23885.0,23882.5,1.0155119e-05,5.0775597e-05,8
23885.0,23890.0,23887.5,7.6163396e-06,3.8081698e-05,6
23890.0,23895.0,23892.5,5.0775597e-06,2.5387799e-05,4
23895.0,23900.0,23897.5,1.2693899e-06,6.3469497e-06,1
23900.0,23905.0,23902.5,3.8081698e-06,1.9040849e-05,3
23905.0,23910.0,23907.5,3.8081698e-06,1.9040849e-05,3
23910.0,23915.0,23912.5,8.8857295e-06,4.4428648e-05,7
23915.0,23920.0,23917.5,7.6163396e-06,3.8081698e-05,6
23920.0,23925.0,23922.5,8.8857295e-06,4.4428648e-05,7
23925.0,23930.0,23927.5,3.8081698e-06,1.9040849e-05,3
23930.0,23935.0,23932.5,2.5387799e-06,1.2693899e-05,2
23935.0,23940.0,23937.5,6.3469497e-06,3.1734748e-05,5
23940.0,23945.0,23942.5,6.3469497e-06,3.1734748e-05,5
23945.0,23950.0,23947.5,3.8081698e-06,1.9040849e-05,3
23950.0,23955.0,23952.5,1.0155119e-05,5.0775597e-05,8
23955.0,23960.0,23957.5,5.0775597e-06,2.5387799e-05,4
23960.0,23965.0,23962.5,5.0775597e-06,2.5387799e-05,4
23965.0,23970.0,23967.5,3.8081698e-06,1.9040849e-05,3
23970.0,23975.0,23972.5,5.0775597e-06,2.5387799e-05,4
23975.0,23980.0,23977.5,5.0775597e-06,2.5387799e-05,4
23980.0,23985.0,23982.5,5.0775597e-06,2.5387799e-05,4
23985.0,23990.0,23987.5,2.5387799e-06,1.2693899e-05,2
23990.0,23995.0,23992.5,2.5387799e-06,1.2693899e-05,2
23995.0,24000.0,23997.5,7.6163396e-06,3.8081698e-05,6
24000.0,24005.0,24002.5,8.8857295e-06,4.4428648e-05,7
24005.0,24010.0,24007.5,1.2693899e-06,6.3469497e-06,1
24010.0,24015.0,24012.5,7.6163396e-06,3.8081698e-05,6
24015.0,24020.0,24017.5,1.2693899e-06,6.3469497e-06,1
24020.0,24025.0,24022.5,6.3469497e-06,3.1734748e-05,5
24025.0,24030.0,24027.5,6.3469497e-06,3.1734748e-05,5
24030.0,24035.0,24032.5,2.5387799e-06,1.2693899e-05,2
24035.0,24040.0,24037.5,1.2693899e-06,6.3469497e-06,1
24040.0,24045.0,24042.5,1.2693899e-05,6.3469497e-05,10
24045.0,24050.0,24047.5,5.0775597e-06,2.5387799e-05,4
24050.0,24055.0,24052.5,3.8081698e-06,1.9040849e-05,3
24055.0,24060.0,24057.5,6.3469497e-06,3.1734748e-05,5
24060.0,24065.0,24062.5,2.5387799e-06,1.2693899e-05,2
24065.0,24070.0,24067.5,3.8081698e-06,1.9040849e-05,3
24070.0,24075.0,24072.5,2.5387799e-06,1.2693899e-05,2
24075.0,24080.0,24077.5,1.2693899e-06,6.3469497e-06,1
24080.0,24085.0,24082.5,2.5387799e-06,1.2693899e-05,2
24085.0,24090.0,24087.5,7.6163396e-06,3.8081698e-05,6
24090.0,24095.0,24092.5,6.3469497e-06,3.1734748e-05,5
24095.0,24100.0,24097.5,6.3469497e-06,3.1734748e-05,5
24100.0,24105.0,24102.5,1.2693899e-06,6.3469497e-06,1
24105.0,24110.0,24107.5,7.6163396e-06,3.8081698e-05,6
24110.0,24115.0,24112.5,2.5387799e-06,1.2693899e-05,2
24115.0,24120.0,24117.5,7.6163396e-06,3.8081698e-05,6
24120.0,24125.0,24122.5,5.0775597e-06,2.5387799e-05,4
24125.0,24130.0,24127.5,3.8081698e-06,1.9040849e-05,3
24130.0,24135.0,24132.5,2.5387799e-06,1.2693899e-05,2
24135.0,24140.0,24137.5,3.8081698e-06,1.9040849e-05,3
24140.0,24145.0,24142.5,2.5387799e-06,1.2693899e-05,2
24145.0,24150.0,24147.5,8.8857295e-06,4.4428648e-05,7
24150.0,24155.0,24152.5,3.8081698e-06,1.9040849e-05,3
24155.0,24160.0,24157.5,7.6163396e-06,3.8081698e-05,6
24160.0,24165.0,24162.5,3.8081698e-06,1.9040849e-05,3
24165.0,24170.0,24167.5,3.8081698e-06,1.9040849e-05,3
24170.0,24175.0,24172.5,6.3469497e-06,3.1734748e-05,5
24175.0,24180.0,24177.5,7.6163396e-06,3.8081698e-05,6
24180.0,24185.0,24182.5,7.6163396e-06,3.8081698e-05,6
24185.0,24190.0,24187.5,2.5387799e-06,1.2693899e-05,2
24190.0,24195.0,24192.5,3.8081698e-06,1.9040849e-05,3
24195.0,24200.0,24197.5,5.0775597e-06,2.5387799e-05,4
24200.0,24205.0,24202.5,2.5387799e-06,1.2693899e-05,2
24205.0,24210.0,24207.5,7.6163396e-06,3.8081698e-05,6
24210.0,24215.0,24212.5,2.5387799e-06,1.2693899e-05,2
24215.0,24220.0,24217.5,5.0775597e-06,2.5387799e-05,4
24220.0,24225.0,24222.5,6.3469497e-06,3.1734748e-05,5
24225.0,24230.0,24227.5,7.6163396e-06,3.8081698e-05,6
24230.0,24235.0,24232.5,3.8081698e-06,1.9040849e-05,3
24235.0,24240.0,24237.5,2.5387799e-06,1.2693899e-05,2
24240.0,24245.0,24242.5,6.3469497e-06,3.1734748e-05,5
24245.0,24250.0,24247.5,2.5387799e-06,1.2693899e-05,2
24250.0,24255.0,24252.5,2.5387799e-06,1.2693899e-05,2
24255.0,24260.0,24257.5,3.8081698e-06,1.9040849e-05,3
24260.0,24265.0,24262.5,6.3469497e-06,3.1734748e-05,5
24265.0,24270.0,24267.5,5.0775597e-06,2.5387799e-05,4
24270.0,24275.0,24272.5,3.8081698e-06,1.9040849e-05,3
24275.0,24280.0,24277.5,1.2693899e-06,6.3469497e-06,1
24280.0,24285.0,24282.5,2.5387799e-06,1.2693899e-05,2
24285.0,24290.0,24287.5,3.8081698e-06,1.9040849e-05,3
24290.0,24295.0,24292.5,7.6163396e-06,3.8081698e-05,6
24295.0,24300.0,24297.5,8.8857295e-06,4.4428648e-05,7
24300.0,24305.0,24302.5,2.5387799e-06,1.2693899e-05,2
24305.0,24310.0,24307.5,6.3469497e-06,3.1734748e-05,5
24310.0,24315.0,24312.5,3.8081698e-06,1.9040849e-05,3
24315.0,24320.0,24317.5,3.8081698e-06,1.9040849e-05,3
24320.0,24325.0,24322.5,1.0155119e-05,5.0775597e-05,8
24325.0,24330.0,24327.5,8.8857295e-06,4.4428648e-05,7
24330.0,24335.0,24332.5,6.3469497e-06,3.1734748e-05,5
24335.0,24340.0,24337.5,5.0775597e-06,2.5387799e-05,4
24340.0,24345.0,24342.5,2.5387799e-06,1.2693899e-05,2
24345.0,24350.0,24347.5,5.0775597e-06,2.5387799e-05,4
24350.0,24355.0,24352.5,5.0775597e-06,2.5387799e-05,4
24355.0,24360.0,24357.5,5.0775597e-06,2.5387799e-05,4
24360.0,24365.0,24362.5,3.8081698e-06,1.9040849e-05,3
24365.0,24370.0,24367.5,2.5387799e-06,1.2693899e-05,2
24370.0,24375.0,24372.5,6.3469497e-06,3.1734748e-05,5
24375.0,24380.0,24377.5,6.3469497e-06,3.1734748e-05,5
24380.0,24385.0,24382.5,1.0155119e-05,5.0775597e-05,8
24385.0,24390.0,24387.5,2.5387799e-06,1.2693899e-05,2
24390.0,24395.0,24392.5,2.5387799e-06,1.2693899e-05,2
24395.0,24400.0,24397.5,8.8857295e-06,4.4428648e-05,7
24400.0,24405.0,24402.5,2.5387799e-06,1.2693899e-05,2
24405.0,24410.0,24407.5,5.0775597e-06,2.5387799e-05,4
24410.0,24415.0,24412.5,2.5387799e-06,1.2693899e-05,2
24415.0,24420.0,24417.5,1.2693899e-06,6.3469497e-06,1
24420.0,24425.0,24422.5,2.5387799e-06,1.2693899e-05,2
24425.0,24430.0,24427.5,8.8857295e-06,4.4428648e-05,7
24430.0,24435.0,24432.5,3.8081698e-06,1.9040849e-05,3
24435.0,24440.0,24437.5,1.2693899e-06,6.3469497e-06,1
24440.0,24445.0,24442.5,3.8081698e-06,1.9040849e-05,3
24445.0,24450.0,24447.5,3.8081698e-06,1.9040849e-05,3
24450.0,24455.0,24452.5,6.3469497e-06,3.1734748e-05,5
24455.0,24460.0,24457.5,6.3469497e-06,3.1734748e-05,5
24460.0,24465.0,24462.5,3.8081698e-06,1.9040849e-05,3
24465.0,24470.0,24467.5,2.5387799e-06,1.2693899e-05,2
24470.0,24475.0,24472.5,6.3469497e-06,3.1734748e-05,5
24475.0,24480.0,24477.5,6.3469497e-06,3.1734748e-05,5
24480.0,24485.0,24482.5,3.8081698e-06,1.9040849e-05,3
24485.0,24490.0,24487.5,7.6163396e-06,3.8081698e-05,6
24490.0,24495.0,24492.5,5.0775597e-06,2.5387799e-05,4
24495.0,24500.0,24497.5,6.3469497e-06,3.1734748e-05,5
24500.0,24505.0,24502.5,6.3469497e-06,3.1734748e-05,5
24505.0,24510.0,24507.5,5.0775597e-06,2.5387799e-05,4
24510.0,24515.0,24512.5,6.3469497e-06,3.1734748e-05,5
24515.0,24520.0,24517.5,6.3469497e-06,3.1734748e-05,5
24520.0,24525.0,24522.5,3.8081698e-06,1.9040849e-05,3
24525.0,24530.0,24527.5,3.8081698e-06,1.9040849e-05,3
24530.0,24535.0,24532.5,5.0775597e-06,2.5387799e-05,4
24535.0,24540.0,24537.5,6.3469497e-06,3.1734748e-05,5
24540.0,24545.0,24542.5,3.8081698e-06,1.9040849e-05,3
24545.0,24550.0,24547.5,2.5387799e-06,1.2693899e-05,2
24550.0,24555.0,24552.5,8.8857295e-06,4.4428648e-05,7
24555.0,24560.0,24557.5,6.3469497e-06,3.1734748e-05,5
24560.0,24565.0,24562.5,3.8081698e-06,1.9040849e-05,3
24565.0,24570.0,24567.5,2.5387799e-06,1.2693899e-05,2
24570.0,24575.0,24572.5,3.8081698e-06,1.9040849e-05,3
24575.0,24580.0,24577.5,5.0775597e-06,2.5387799e-05,4
24580.0,24585.0,24582.5,2.5387799e-06,1.2693899e-05,2
24585.0,24590.0,24587.5,6.3469497e-06,3.1734748e-05,5
24590.0,24595.0,24592.5,6.3469497e-06,3.1734748e-05,5
24595.0,24600.0,24597.5,3.8081698e-06,1.9040849e-05,3
24600.0,24605.0,24602.5,3.8081698e-06,1.9040849e-05,3
24605.0,24610.0,24607.5,6.3469497e-06,3.1734748e-05,5
24610.0,24615.0,24612.5,5.0775597e-06,2.5387799e-05,4
24615.0,24620.0,24617.5,3.8081698e-06,1.9040849e-05,3
24620.0,24625.0,24622.5,3.8081698e-06,1.9040849e-05,3
24625.0,24630.0,24627.5,5.0775597e-06,2.5387799e-05,4
24630.0,24635.0,24632.5,5.0775597e-06,2.5387799e-05,4
24635.0,24640.0,24637.5,7.6163396e-06,3.8081698e-05,6
24640.0,24645.0,24642.5,5.0775597e-06,2.5387799e-05,4
24645.0,24650.0,24647.5,5.0775597e-06,2.5387799e-05,4
24650.0,24655.0,24652.5,3.8081698e-06,1.9040849e-05,3
24655.0,24660.0,24657.5,1.2693899e-06,6.3469497e-06,1
24660.0,24665.0,24662.5,5.0775597e-06,2.5387799e-05,4
24665.0,24670.0,24667.5,6.3469497e-06,3.1734748e-05,5
24670.0,24675.0,24672.5,7.6163396e-06,3.8081698e-05,6
24675.0,24680.0,24677.5,6.3469497e-06,3.1734748e-05,5
24680.0,24685.0,24682.5,5.0775597e-06,2.5387799e-05,4
24685.0,24690.0,24687.5,3.8081698e-06,1.9040849e-05,3
24690.0,24695.0,24692.5,2.5387799e-06,1.2693899e-05,2
24695.0,24700.0,24697.5,2.5387799e-06,1.2693899e-05,2
24700.0,24705.0,24702.5,2.5387799e-06,1.2693899e-05,2
24705.0,24710.0,24707.5,5.0775597e-06,2.5387799e-05,4
24710.0,24715.0,24712.5,3.8081698e-06,1.9040849e-05,3
24715.0,24720.0,24717.5,1.2693899e-06,6.3469497e-06,1
24720.0,24725.0,24722.5,6.3469497e-06,3.1734748e-05,5
24725.0,24730.0,24727.5,6.3469497e-06,3.1734748e-05,5
24730.0,24735.0,24732.5,2.5387799e-06,1.2693899e-05,2
24735.0,24740.0,24737.5,3.8081698e-06,1.9040849e-05,3
24740.0,24745.0,24742.5,6.3469497e-06,3.1734748e-05,5
24745.0,24750.0,24747.5,3.8081698e-06,1.9040849e-05,3
24750.0,24755.0,24752.5,2.5387799e-06,1.2693899e-05,2
24755.0,24760.0,24757.5,8.8857295e-06,4.4428648e-05,7
24760.0,24765.0,24762.5,6.3469497e-06,3.1734748e-05,5
24770.0,24775.0,24772.5,8.8857295e-06,4.4428648e-05,7
24775.0,24780.0,24777.5,3.8081698e-06,1.9040849e-05,3
24780.0,24785.0,24782.5,2.5387799e-06,1.2693899e-05,2
24785.0,24790.0,24787.5,2.5387799e-06,1.2693899e-05,2
24790.0,24795.0,24792.5,6.3469497e-06,3.1734748e-05,5
24795.0,24800.0,24797.5,2.5387799e-06,1.2693899e-05,2
24800.0,24805.0,24802.5,1.0155119e-05,5.0775597e-05,8
24805.0,24810.0,24807.5,2.5387799e-06,1.2693899e-05,2
24810.0,24815.0,24812.5,3.8081698e-06,1.9040849e-05,3
24815.0,24820.0,24817.5,5.0775597e-06,2.5387799e-05,4
24820.0,24825.0,24822.5,5.0775597e-06,2.5387799e-05,4
24825.0,24830.0,24827.5,5.0775597e-06,2.5387799e-05,4
24830.0,24835.0,24832.5,2.5387799e-06,1.2693899e-05,2
24835.0,24840.0,24837.5,5.0775597e-06,2.5387799e-05,4
24840.0,24845.0,24842.5,5.0775597e-06,2.5387799e-05,4
24845.0,24850.0,24847.5,5.0775597e-06,2.5387799e-05,4
24850.0,24855.0,24852.5,5.0775597e-06,2.5387799e-05,4
24855.0,24860.0,24857.5,1.0155119e-05,5.0775597e-05,8
24860.0,24865.0,24862.5,1.2693899e-06,6.3469497e-06,1
24865.0,24870.0,24867.5,6.3469497e-06,3.1734748e-05,5
24870.0,24875.0,24872.5,8.8857295e-06,4.4428648e-05,7
24875.0,24880.0,24877.5,2.5387799e-06,1.2693899e-05,2
24880.0,24885.0,24882.5,2.5387799e-06,1.2693899e-05,2
24885.0,24890.0,24887.5,5.0775597e-06,2.5387799e-05,4
24890.0,24895.0,24892.5,8.8857295e-06,4.4428648e-05,7
24895.0,24900.0,24897.5,3.8081698e-06,1.9040849e-05,3
24900.0,24905.0,24902.5,2.5387799e-06,1.2693899e-05,2
24905.0,24910.0,24907.5,3.8081698e-06,1.9040849e-05,3
24910.0,24915.0,24912.5,5.0775597e-06,2.5387799e-05,4
24915.0,24920.0,24917.5,7.6163396e-06,3.8081698e-05,6
24920.0,24925.0,24922.5,3.8081698e-06,1.9040849e-05,3
24925.0,24930.0,24927.5,2.5387799e-06,1.2693899e-05,2
24930.0,24935.0,24932.5,2.5387799e-06,1.2693899e-05,2
24935.0,24940.0,24937.5,2.5387799e-06,1.2693899e-05,2
24940.0,24945.0,24942.5,6.3469497e-06,3.1734748e-05,5
24945.0,24950.0,24947.5,1.2693899e-06,6.3469497e-06,1
24950.0,24955.0,24952.5,1.2693899e-06,6.3469497e-06,1
24955.0,24960.0,24957.5,6.3469497e-06,3.1734748e-05,5
24960.0,24965.0,24962.5,5.0775597e-06,2.5387799e-05,4
24965.0,24970.0,24967.5,5.0775597e-06,2.5387799e-05,4
24970.0,24975.0,24972.5,7.6163396e-06,3.8081698e-05,6
24975.0,24980.0,24977.5,2.5387799e-06,1.2693899e-05,2
24980.0,24985.0,24982.5,7.6163396e-06,3.8081698e-05,6
24985.0,24990.0,24987.5,1.2693899e-06,6.3469497e-06,1
24990.0,24995.0,24992.5,5.0775597e-06,2.5387799e-05,4
24995.0,25000.0,24997.5,7.6163396e-06,3.8081698e-05,6
25000.0,25005.0,25002.5,7.6163396e-06,3.8081698e-05,6
25005.0,25010.0,25007.5,8.8857295e-06,4.4428648e-05,7
25010.0,25015.0,25012.5,3.8081698e-06,1.9040849e-05,3
25015.0,25020.0,25017.5,5.0775597e-06,2.5387799e-05,4
25025.0,25030.0,25027.5,1.2693899e-06,6.3469497e-06,1
25030.0,25035.0,25032.5,2.5387799e-06,1.2693899e-05,2
25035.0,25040.0,25037.5,6.3469497e-06,3.1734748e-05,5
25040.0,25045.0,25042.5,5.0775597e-06,2.5387799e-05,4
25045.0,25050.0,25047.5,2.5387799e-06,1.2693899e-05,2
25050.0,25055.0,25052.5,3.8081698e-06,1.9040849e-05,3
25055.0,25060.0,25057.5,6.3469497e-06,3.1734748e-05,5
25060.0,25065.0,25062.5,1.2693899e-06,6.3469497e-06,1
25065.0,25070.0,25067.5,6.3469497e-06,3.1734748e-05,5
25070.0,25075.0,25072.5,8.8857295e-06,4.4428648e-05,7
25075.0,25080.0,25077.5,1.6502069e-05,8.2510346e-05,13
25080.0,25085.0,25082.5,6.3469497e-06,3.1734748e-05,5
25085.0,25090.0,25087.5,2.5387799e-06,1.2693899e-05,2
25090.0,25095.0,25092.5,2.5387799e-06,1.2693899e-05,2
25095.0,25100.0,25097.5,6.3469497e-06,3.1734748e-05,5
25100.0,25105.0,25102.5,5.0775597e-06,2.5387799e-05,4
25105.0,25110.0,25107.5,1.2693899e-06,6.3469497e-06,1
25110.0,25115.0,25112.5,3.8081698e-06,1.9040849e-05,3
25115.0,25120.0,25117.5,3.8081698e-06,1.9040849e-05,3
25120.0,25125.0,25122.5,2.5387799e-06,1.2693899e-05,2
25125.0,25130.0,25127.5,5.0775597e-06,2.5387799e-05,4
25130.0,25135.0,25132.5,5.0775597e-06,2.5387799e-05,4
25135.0,25140.0,25137.5,5.0775597e-06,2.5387799e-05,4
25140.0,25145.0,25142.5,3.8081698e-06,1.9040849e-05,3
25145.0,25150.0,25147.5,2.5387799e-06,1.2693899e-05,2
25150.0,25155.0,25152.5,3.8081698e-06,1.9040849e-05,3
25155.0,25160.0,25157.5,3.8081698e-06,1.9040849e-05,3
25160.0,25165.0,25162.5,3.8081698e-06,1.9040849e-05,3
25165.0,25170.0,25167.5,8.8857295e-06,4.4428648e-05,7
25170.0,25175.0,25172.5,6.3469497e-06,3.1734748e-05,5
25175.0,25180.0,25177.5,2.5387799e-06,1.2693899e-05,2
25180.0,25185.0,25182.5,3.8081698e-06,1.9040849e-05,3
25185.0,25190.0,25187.5,3.8081698e-06,1.9040849e-05,3
25190.0,25195.0,25192.5,1.2693899e-05,6.3469497e-05,10
25195.0,25200.0,25197.5,5.0775597e-06,2.5387799e-05,4
25200.0,25205.0,25202.5,3.8081698e-06,1.9040849e-05,3
25205.0,25210.0,25207.5,7.6163396e-06,3.8081698e-05,6
25210.0,25215.0,25212.5,6.3469497e-06,3.1734748e-05,5
25215.0,25220.0,25217.5,5.0775597e-06,2.5387799e-05,4
25220.0,25225.0,25222.5,8.8857295e-06,4.4428648e-05,7
25225.0,25230.0,25227.5,3.8081698e-06,1.9040849e-05,3
25230.0,25235.0,25232.5,6.3469497e-06,3.1734748e-05,5
25235.0,25240.0,25237.5,2.5387799e-06,1.2693899e-05,2
25240.0,25245.0,25242.5,3.8081698e-06,1.9040849e-05,3
25245.0,25250.0,25247.5,2.5387799e-06,1.2693899e-05,2
25250.0,25255.0,25252.5,2.5387799e-06,1.2693899e-05,2
25255.0,25260.0,25257.5,1.0155119e-05,5.0775597e-05,8
25260.0,25265.0,25262.5,6.3469497e-06,3.1734748e-05,5
25265.0,25270.0,25267.5,2.5387799e-06,1.2693899e-05,2
25270.0,25275.0,25272.5,5.0775597e-06,2.5387799e-05,4
25275.0,25280.0,25277.5,5.0775597e-06,2.5387799e-05,4
25280.0,25285.0,25282.5,1.2693899e-06,6.3469497e-06,1
25285.0,25290.0,25287.5,1.1424509e-05,5.7122547e-05,9
25290.0,25295.0,25292.5,3.8081698e-06,1.9040849e-05,3
25295.0,25300.0,25297.5,5.0775597e-06,2.5387799e-05,4
25300.0,25305.0,25302.5,7.6163396e-06,3.8081698e-05,6
25305.0,25310.0,25307.5,6.3469497e-06,3.1734748e-05,5
25310.0,25315.0,25312.5,5.0775597e-06,2.5387799e-05,4
25315.0,25320.0,25317.5,5.0775597e-06,2.5387799e-05,4
25320.0,25325.0,25322.5,3.8081698e-06,1.9040849e-05,3
25325.0,25330.0,25327.5,2.5387799e-06,1.2693899e-05,2
25330.0,25335.0,25332.5,3.8081698e-06,1.9040849e-05,3
25335.0,25340.0,25337.5,5.0775597e-06,2.5387799e-05,4
25340.0,25345.0,25342.5,3.8081698e-06,1.9040849e-05,3
25345.0,25350.0,25347.5,7.6163396e-06,3.8081698e-05,6
25350.0,25355.0,25352.5,3.8081698e-06,1.9040849e-05,3
25355.0,25360.0,25357.5,8.8857295e-06,4.4428648e-05,7
25360.0,25365.0,25362.5,5.0775597e-06,2.5387799e-05,4
25365.0,25370.0,25367.5,3.8081698e-06,1.9040849e-05,3
25370.0,25375.0,25372.5,7.6163396e-06,3.8081698e-05,6
25375.0,25380.0,25377.5,6.3469497e-06,3.1734748e-05,5
25380.0,25385.0,25382.5,2.5387799e-06,1.2693899e-05,2
25385.0,25390.0,25387.5,7.6163396e-06,3.8081698e-05,6
25390.0,25395.0,25392.5,1.2693899e-06,6.3469497e-06,1
25395.0,25400.0,25397.5,2.5387799e-06,1.2693899e-05,2
25400.0,25405.0,25402.5,6.3469497e-06,3.1734748e-05,5
25405.0,25410.0,25407.5,8.8857295e-06,4.4428648e-05,7
25410.0,25415.0,25412.5,3.8081698e-06,1.9040849e-05,3
25415.0,25420.0,25417.5,2.5387799e-06,1.2693899e-05,2
25420.0,25425.0,25422.5,2.5387799e-06,1.2693899e-05,2
25425.0,25430.0,25427.5,3.8081698e-06,1.9040849e-05,3
25430.0,25435.0,25432.5,5.0775597e-06,2.5387799e-05,4
25435.0,25440.0,25437.5,1.2693899e-06,6.3469497e-06,1
25440.0,25445.0,25442.5,6.3469497e-06,3.1734748e-05,5
25445.0,25450.0,25447.5,2.5387799e-06,1.2693899e-05,2
25450.0,25455.0,25452.5,5.0775597e-06,2.5387799e-05,4
25455.0,25460.0,25457.5,7.6163396e-06,3.8081698e-05,6
25460.0,25465.0,25462.5,6.3469497e-06,3.1734748e-05,5
25465.0,25470.0,25467.5,5.0775597e-06,2.5387799e-05,4
25470.0,25475.0,25472.5,5.0775597e-06,2.5387799e-05,4
25475.0,25480.0,25477.5,3.8081698e-06,1.9040849e-05,3
25480.0,25485.0,25482.5,8.8857295e-06,4.4428648e-05,7
25485.0,25490.0,25487.5,5.0775597e-06,2.5387799e-05,4
25490.0,25495.0,25492.5,5.0775597e-06,2.5387799e-05,4
25495.0,25500.0,25497.5,2.5387799e-06,1.2693899e-05,2
25500.0,25505.0,25502.5,8.8857295e-06,4.4428648e-05,7
25505.0,25510.0,25507.5,7.6163396e-06,3.8081698e-05,6
25510.0,25515.0,25512.5,1.2693899e-06,6.3469497e-06,1
25515.0,25520.0,25517.5,3.8081698e-06,1.9040849e-05,3
25520.0,25525.0,25522.5,3.8081698e-06,1.9040849e-05,3
25525.0,25530.0,25527.5,5.0775597e-06,2.5387799e-05,4
25530.0,25535.0,25532.5,2.5387799e-06,1.2693899e-05,2
25535.0,25540.0,25537.5,5.0775597e-06,2.5387799e-05,4
25540.0,25545.0,25542.5,6.3469497e-06,3.1734748e-05,5
25545.0,25550.0,25547.5,5.0775597e-06,2.5387799e-05,4
25550.0,25555.0,25552.5,2.5387799e-06,1.2693899e-05,2
25555.0,25560.0,25557.5,1.2693899e-06,6.3469497e-06,1
25560.0,25565.0,25562.5,1.2693899e-06,6.3469497e-06,1
25565.0,25570.0,25567.5,2.5387799e-06,1.2693899e-05,2
25570.0,25575.0,25572.5,3.8081698e-06,1.9040849e-05,3
25575.0,25580.0,25577.5,7.6163396e-06,3.8081698e-05,6
25580.0,25585.0,25582.5,2.5387799e-06,1.2693899e-05,2
25585.0,25590.0,25587.5,3.8081698e-06,1.9040849e-05,3
25590.0,25595.0,25592.5,1.2693899e-06,6.3469497e-06,1
25595.0,25600.0,25597.5,3.8081698e-06,1.9040849e-05,3
25600.0,25605.0,25602.5,6.3469497e-06,3.1734748e-05,5
25605.0,25610.0,25607.5,7.6163396e-06,3.8081698e-05,6
25610.0,25615.0,25612.5,5.0775597e-06,2.5387799e-05,4
25615.0,25620.0,25617.5,7.6163396e-06,3.8081698e-05,6
25620.0,25625.0,25622.5,3.8081698e-06,1.9040849e-05,3
25625.0,25630.0,25627.5,6.3469497e-06,3.1734748e-05,5
25630.0,25635.0,25632.5,7.6163396e-06,3.8081698e-05,6
25640.0,25645.0,25642.5,1.0155119e-05,5.0775597e-05,8
25645.0,25650.0,25647.5,1.2693899e-06,6.3469497e-06,1
25650.0,25655.0,25652.5,3.8081698e-06,1.9040849e-05,3
25655.0,25660.0,25657.5,8.8857295e-06,4.4428648e-05,7
25660.0,25665.0,25662.5,3.8081698e-06,1.9040849e-05,3
25665.0,25670.0,25667.5,5.0775597e-06,2.5387799e-05,4
25670.0,25675.0,25672.5,7.6163396e-06,3.8081698e-05,6
25675.0,25680.0,25677.5,2.5387799e-06,1.2693899e-05,2
25685.0,25690.0,25687.5,6.3469497e-06,3.1734748e-05,5
25690.0,25695.0,25692.5,1.2693899e-06,6.3469497e-06,1
25695.0,25700.0,25697.5,5.0775597e-06,2.5387799e-05,4
25705.0,25710.0,25707.5,3.8081698e-06,1.9040849e-05,3
25710.0,25715.0,25712.5,7.6163396e-06,3.8081698e-05,6
25715.0,25720.0,25717.5,7.6163396e-06,3.8081698e-05,6
25720.0,25725.0,25722.5,3.8081698e-06,1.9040849e-05,3
25725.0,25730.0,25727.5,3.8081698e-06,1.9040849e-05,3
25730.0,25735.0,25732.5,6.3469497e-06,3.1734748e-05,5
25735.0,25740.0,25737.5,5.0775597e-06,2.5387799e-05,4
25740.0,25745.0,25742.5,2.5387799e-06,1.2693899e-05,2
25745.0,25750.0,25747.5,8.8857295e-06,4.4428648e-05,7
25750.0,25755.0,25752.5,7.6163396e-06,3.8081698e-05,6
25755.0,25760.0,25757.5,2.5387799e-06,1.2693899e-05,2
25760.0,25765.0,25762.5,1.2693899e-06,6.3469497e-06,1
25765.0,25770.0,25767.5,1.2693899e-06,6.3469497e-06,1
25770.0,25775.0,25772.5,5.0775597e-06,2.5387799e-05,4
25775.0,25780.0,25777.5,2.5387799e-06,1.2693899e-05,2
25780.0,25785.0,25782.5,6.3469497e-06,3.1734748e-05,5
25785.0,25790.0,25787.5,2.5387799e-06,1.2693899e-05,2
25790.0,25795.0,25792.5,3.8081698e-06,1.9040849e-05,3
25795.0,25800.0,25797.5,6.3469497e-06,3.1734748e-05,5
25800.0,25805.0,25802.5,3.8081698e-06,1.9040849e-05,3
25805.0,25810.0,25807.5,2.5387799e-06,1.2693899e-05,2
25810.0,25815.0,25812.5,2.5387799e-06,1.2693899e-05,2
25820.0,25825.0,25822.5,3.8081698e-06,1.9040849e-05,3
25825.0,25830.0,25827.5,1.2693899e-06,6.3469497e-06,1
25830.0,25835.0,25832.5,6.3469497e-06,3.1734748e-05,5
25835.0,25840.0,25837.5,7.6163396e-06,3.8081698e-05,6
25840.0,25845.0,25842.5,5.0775597e-06,2.5387799e-05,4
25845.0,25850.0,25847.5,7.6163396e-06,3.8081698e-05,6
25850.0,25855.0,25852.5,3.8081698e-06,1.9040849e-05,3
25855.0,25860.0,25857.5,5.0775597e-06,2.5387799e-05,4
25860.0,25865.0,25862.5,2.5387799e-06,1.2693899e-05,2
25865.0,25870.0,25867.5,3.8081698e-06,1.9040849e-05,3
25870.0,25875.0,25872.5,7.6163396e-06,3.8081698e-05,6
25875.0,25880.0,25877.5,2.5387799e-06,1.2693899e-05,2
25880.0,25885.0,25882.5,2.5387799e-06,1.2693899e-05,2
25885.0,25890.0,25887.5,2.5387799e-06,1.2693899e-05,2
25890.0,25895.0,25892.5,1.2693899e-06,6.3469497e-06,1
25895.0,25900.0,25897.5,1.2693899e-06,6.3469497e-06,1
25900.0,25905.0,25902.5,2.5387799e-06,1.2693899e-05,2
25905.0,25910.0,25907.5,5.0775597e-06,2.5387799e-05,4
25910.0,25915.0,25912.5,3.8081698e-06,1.9040849e-05,3
25915.0,25920.0,25917.5,3.8081698e-06,1.9040849e-05,3
25920.0,25925.0,25922.5,7.6163396e-06,3.8081698e-05,6
25925.0,25930.0,25927.5,6.3469497e-06,3.1734748e-05,5
25930.0,25935.0,25932.5,5.0775597e-06,2.5387799e-05,4
25935.0,25940.0,25937.5,2.5387799e-06,1.2693899e-05,2
25940.0,25945.0,25942.5,6.3469497e-06,3.1734748e-05,5
25945.0,25950.0,25947.5,2.5387799e-06,1.2693899e-05,2
25950.0,25955.0,25952.5,5.0775597e-06,2.5387799e-05,4
25955.0,25960.0,25957.5,2.5387799e-06,1.2693899e-05,2
25970.0,25975.0,25972.5,5.0775597e-06,2.5387799e-05,4
25975.0,25980.0,25977.5,3.8081698e-06,1.9040849e-05,3
25980.0,25985.0,25982.5,2.5387799e-06,1.2693899e-05,2
25985.0,25990.0,25987.5,2.5387799e-06,1.2693899e-05,2
25990.0,25995.0,25992.5,1.2693899e-06,6.3469497e-06,1
25995.0,26000.0,25997.5,3.8081698e-06,1.9040849e-05,3
26000.0,26005.0,26002.5,1.2693899e-06,6.3469497e-06,1
26005.0,26010.0,26007.5,2.5387799e-06,1.2693899e-05,2
26010.0,26015.0,26012.5,3.8081698e-06,1.9040849e-05,3
26015.0,26020.0,26017.5,1.2693899e-06,6.3469497e-06,1
26020.0,26025.0,26022.5,3.8081698e-06,1.9040849e-05,3
26025.0,26030.0,26027.5,1.2693899e-06,6.3469497e-06,1
26030.0,26035.0,26032.5,6.3469497e-06,3.1734748e-05,5
26035.0,26040.0,26037.5,6.3469497e-06,3.1734748e-05,5
26040.0,26045.0,26042.5,1.2693899e-06,6.3469497e-06,1
26045.0,26050.0,26047.5,3.8081698e-06,1.9040849e-05,3
26050.0,26055.0,26052.5,1.2693899e-06,6.3469497e-06,1
26055.0,26060.0,26057.5,6.3469497e-06,3.1734748e-05,5
26060.0,26065.0,26062.5,7.6163396e-06,3.8081698e-05,6
26065.0,26070.0,26067.5,2.5387799e-06,1.2693899e-05,2
26070.0,26075.0,26072.5,5.0775597e-06,2.5387799e-05,4
26075.0,26080.0,26077.5,3.8081698e-06,1.9040849e-05,3
26080.0,26085.0,26082.5,6.3469497e-06,3.1734748e-05,5
26085.0,26090.0,26087.5,3.8081698e-06,1.9040849e-05,3
26090.0,26095.0,26092.5,2.5387799e-06,1.2693899e-05,2
26095.0,26100.0,26097.5,6.3469497e-06,3.1734748e-05,5
26100.0,26105.0,26102.5,6.3469497e-06,3.1734748e-05,5
26105.0,26110.0,26107.5,2.5387799e-06,1.2693899e-05,2
26110.0,26115.0,26112.5,1.2693899e-06,6.3469497e-06,1
26115.0,26120.0,26117.5,3.8081698e-06,1.9040849e-05,3
26120.0,26125.0,26122.5,3.8081698e-06,1.9040849e-05,3
26125.0,26130.0,26127.5,3.8081698e-06,1.9040849e-05,3
26130.0,26135.0,26132.5,5.0775597e-06,2.5387799e-05,4
26135.0,26140.0,26137.5,1.2693899e-06,6.3469497e-06,1
26140.0,26145.0,26142.5,2.5387799e-06,1.2693899e-05,2
26145.0,26150.0,26147.5,5.0775597e-06,2.5387799e-05,4
26150.0,26155.0,26152.5,2.5387799e-06,1.2693899e-05,2
26155.0,26160.0,26157.5,1.2693899e-06,6.3469497e-06,1
26160.0,26165.0,26162.5,8.8857295e-06,4.4428648e-05,7
26165.0,26170.0,26167.5,3.8081698e-06,1.9040849e-05,3
26170.0,26175.0,26172.5,3.8081698e-06,1.9040849e-05,3
26175.0,26180.0,26177.5,2.5387799e-06,1.2693899e-05,2
26180.0,26185.0,26182.5,3.8081698e-06,1.9040849e-05,3
26185.0,26190.0,26187.5,3.8081698e-06,1.9040849e-05,3
26190.0,26195.0,26192.5,6.3469497e-06,3.1734748e-05,5
26195.0,26200.0,26197.5,6.3469497e-06,3.1734748e-05,5
26200.0,26205.0,26202.5,6.3469497e-06,3.1734748e-05,5
26205.0,26210.0,26207.5,8.8857295e-06,4.4428648e-05,7
26210.0,26215.0,26212.5,3.8081698e-06,1.9040849e-05,3
26215.0,26220.0,26217.5,1.2693899e-06,6.3469497e-06,1
26220.0,26225.0,26222.5,6.3469497e-06,3.1734748e-05,5
26225.0,26230.0,26227.5,1.2693899e-06,6.3469497e-06,1
26230.0,26235.0,26232.5,3.8081698e-06,1.9040849e-05,3
26235.0,26240.0,26237.5,6.3469497e-06,3.1734748e-05,5
26240.0,26245.0,26242.5,2.5387799e-06,1.2693899e-05,2
26245.0,26250.0,26247.5,1.2693899e-06,6.3469497e-06,1
26250.0,26255.0,26252.5,5.0775597e-06,2.5387799e-05,4
26255.0,26260.0,26257.5,2.5387799e-06,1.2693899e-05,2
26260.0,26265.0,26262.5,2.5387799e-06,1.2693899e-05,2
26265.0,26270.0,26267.5,1.1424509e-05,5.7122547e-05,9
26270.0,26275.0,26272.5,2.5387799e-06,1.2693899e-05,2
26275.0,26280.0,26277.5,5.0775597e-06,2.5387799e-05,4
26280.0,26285.0,26282.5,5.0775597e-06,2.5387799e-05,4
26285.0,26290.0,26287.5,5.0775597e-06,2.5387799e-05,4
26290.0,26295.0,26292.5,3.8081698e-06,1.9040849e-05,3
26295.0,26300.0,26297.5,5.0775597e-06,2.5387799e-05,4
26300.0,26305.0,26302.5,3.8081698e-06,1.9040849e-05,3
26305.0,26310.0,26307.5,5.0775597e-06,2.5387799e-05,4
26310.0,26315.0,26312.5,1.2693899e-06,6.3469497e-06,1
26315.0,26320.0,26317.5,5.0775597e-06,2.5387799e-05,4
26320.0,26325.0,26322.5,7.6163396e-06,3.8081698e-05,6
26325.0,26330.0,26327.5,5.0775597e-06,2.5387799e-05,4
26330.0,26335.0,26332.5,6.3469497e-06,3.1734748e-05,5
26335.0,26340.0,26337.5,1.2693899e-06,6.3469497e-06,1
26340.0,26345.0,26342.5,2.5387799e-06,1.2693899e-05,2
26345.0,26350.0,26347.5,3.8081698e-06,1.9040849e-05,3
26350.0,26355.0,26352.5,6.3469497e-06,3.1734748e-05,5
26355.0,26360.0,26357.5,3.8081698e-06,1.9040849e-05,3
26360.0,26365.0,26362.5,6.3469497e-06,3.1734748e-05,5
26365.0,26370.0,26367.5,2.5387799e-06,1.2693899e-05,2
26370.0,26375.0,26372.5,5.0775597e-06,2.5387799e-05,4
26375.0,26380.0,26377.5,5.0775597e-06,2.5387799e-05,4
26380.0,26385.0,26382.5,3.8081698e-06,1.9040849e-05,3
26385.0,26390.0,26387.5,3.8081698e-06,1.9040849e-05,3
26390.0,26395.0,26392.5,2.5387799e-06,1.2693899e-05,2
26395.0,26400.0,26397.5,3.8081698e-06,1.9040849e-05,3
26400.0,26405.0,26402.5,3.8081698e-06,1.9040849e-05,3
26405.0,26410.0,26407.5,7.6163396e-06,3.8081698e-05,6
26410.0,26415.0,26412.5,3.8081698e-06,1.9040849e-05,3
26415.0,26420.0,26417.5,5.0775597e-06,2.5387799e-05,4
26420.0,26425.0,26422.5,6.3469497e-06,3.1734748e-05,5
26425.0,26430.0,26427.5,5.0775597e-06,2.5387799e-05,4
26430.0,26435.0,26432.5,1.2693899e-06,6.3469497e-06,1
26435.0,26440.0,26437.5,6.3469497e-06,3.1734748e-05,5
26440.0,26445.0,26442.5,7.6163396e-06,3.8081698e-05,6
26445.0,26450.0,26447.5,2.5387799e-06,1.2693899e-05,2
26450.0,26455.0,26452.5,8.8857295e-06,4.4428648e-05,7
26455.0,26460.0,26457.5,2.5387799e-06,1.2693899e-05,2
26460.0,26465.0,26462.5,5.0775597e-06,2.5387799e-05,4
26465.0,26470.0,26467.5,2.5387799e-06,1.2693899e-05,2
26470.0,26475.0,26472.5,6.3469497e-06,3.1734748e-05,5
26475.0,26480.0,26477.5,1.1424509e-05,5.7122547e-05,9
26480.0,26485.0,26482.5,3.8081698e-06,1.9040849e-05,3
26485.0,26490.0,26487.5,2.5387799e-06,1.2693899e-05,2
26490.0,26495.0,26492.5,6.3469497e-06,3.1734748e-05,5
26495.0,26500.0,26497.5,2.5387799e-06,1.2693899e-05,2
26500.0,26505.0,26502.5,1.0155119e-05,5.0775597e-05,8
26505.0,26510.0,26507.5,3.8081698e-06,1.9040849e-05,3
26510.0,26515.0,26512.5,3.8081698e-06,1.9040849e-05,3
26515.0,26520.0,26517.5,8.8857295e-06,4.4428648e-05,7
26520.0,26525.0,26522.5,2.5387799e-06,1.2693899e-05,2
26525.0,26530.0,26527.5,3.8081698e-06,1.9040849e-05,3
26530.0,26535.0,26532.5,1.2693899e-06,6.3469497e-06,1
26535.0,26540.0,26537.5,5.0775597e-06,2.5387799e-05,4
26540.0,26545.0,26542.5,3.8081698e-06,1.9040849e-05,3
26545.0,26550.0,26547.5,2.5387799e-06,1.2693899e-05,2
26550.0,26555.0,26552.5,2.5387799e-06,1.2693899e-05,2
26555.0,26560.0,26557.5,3.8081698e-06,1.9040849e-05,3
26560.0,26565.0,26562.5,3.8081698e-06,1.9040849e-05,3
26565.0,26570.0,26567.5,2.5387799e-06,1.2693899e-05,2
26570.0,26575.0,26572.5,1.2693899e-06,6.3469497e-06,1
26575.0,26580.0,26577.5,2.5387799e-06,1.2693899e-05,2
26580.0,26585.0,26582.5,1.2693899e-06,6.3469497e-06,1
26585.0,26590.0,26587.5,5.0775597e-06,2.5387799e-05,4
26590.0,26595.0,26592.5,5.0775597e-06,2.5387799e-05,4
26595.0,26600.0,26597.5,3.8081698e-06,1.9040849e-05,3
26600.0,26605.0,26602.5,6.3469497e-06,3.1734748e-05,5
26605.0,26610.0,26607.5,2.5387799e-06,1.2693899e-05,2
26610.0,26615.0,26612.5,6.3469497e-06,3.1734748e-05,5
26615.0,26620.0,26617.5,5.0775597e-06,2.5387799e-05,4
26620.0,26625.0,26622.5,2.5387799e-06,1.2693899e-05,2
26625.0,26630.0,26627.5,1.2693899e-06,6.3469497e-06,1
26630.0,26635.0,26632.5,3.8081698e-06,1.9040849e-05,3
26635.0,26640.0,26637.5,2.5387799e-06,1.2693899e-05,2
26640.0,26645.0,26642.5,2.5387799e-06,1.2693899e-05,2
26645.0,26650.0,26647.5,5.0775597e-06,2.5387799e-05,4
26650.0,26655.0,26652.5,1.2693899e-06,6.3469497e-06,1
26655.0,26660.0,26657.5,2.5387799e-06,1.2693899e-05,2
26660.0,26665.0,26662.5,7.6163396e-06,3.8081698e-05,6
26665.0,26670.0,26667.5,5.0775597e-06,2.5387799e-05,4
26670.0,26675.0,26672.5,2.5387799e-06,1.2693899e-05,2
26675.0,26680.0,26677.5,2.5387799e-06,1.2693899e-05,2
26680.0,26685.0,26682.5,6.3469497e-06,3.1734748e-05,5
26690.0,26695.0,26692.5,6.3469497e-06,3.1734748e-05,5
26695.0,26700.0,26697.5,8.8857295e-06,4.4428648e-05,7
26700.0,26705.0,26702.5,3.8081698e-06,1.9040849e-05,3
26705.0,26710.0,26707.5,5.0775597e-06,2.5387799e-05,4
26710.0,26715.0,26712.5,3.8081698e-06,1.9040849e-05,3
26715.0,26720.0,26717.5,3.8081698e-06,1.9040849e-05,3
26720.0,26725.0,26722.5,2.5387799e-06,1.2693899e-05,2
26725.0,26730.0,26727.5,2.5387799e-06,1.2693899e-05,2
26730.0,26735.0,26732.5,1.2693899e-06,6.3469497e-06,1
26735.0,26740.0,26737.5,8.8857295e-06,4.4428648e-05,7
26740.0,26745.0,26742.5,2.5387799e-06,1.2693899e-05,2
26745.0,26750.0,26747.5,5.0775597e-06,2.5387799e-05,4
26750.0,26755.0,26752.5,5.0775597e-06,2.5387799e-05,4
26755.0,26760.0,26757.5,3.8081698e-06,1.9040849e-05,3
26765.0,26770.0,26767.5,2.5387799e-06,1.2693899e-05,2
26770.0,26775.0,26772.5,2.5387799e-06,1.2693899e-05,2
26775.0,26780.0,26777.5,7.6163396e-06,3.8081698e-05,6
26780.0,26785.0,26782.5,5.0775597e-06,2.5387799e-05,4
26785.0,26790.0,26787.5,2.5387799e-06,1.2693899e-05,2
26790.0,26795.0,26792.5,6.3469497e-06,3.1734748e-05,5
26795.0,26800.0,26797.5,3.8081698e-06,1.9040849e-05,3
26800.0,26805.0,26802.5,2.5387799e-06,1.2693899e-05,2
26805.0,26810.0,26807.5,2.5387799e-06,1.2693899e-05,2
26810.0,26815.0,26812.5,6.3469497e-06,3.1734748e-05,5
26815.0,26820.0,26817.5,5.0775597e-06,2.5387799e-05,4
26820.0,26825.0,26822.5,8.8857295e-06,4.4428648e-05,7
26825.0,26830.0,26827.5,6.3469497e-06,3.1734748e-05,5
26830.0,26835.0,26832.5,2.5387799e-06,1.2693899e-05,2
26835.0,26840.0,26837.5,2.5387799e-06,1.2693899e-05,2
26840.0,26845.0,26842.5,3.8081698e-06,1.9040849e-05,3
26845.0,26850.0,26847.5,1.2693899e-06,6.3469497e-06,1
26850.0,26855.0,26852.5,6.3469497e-06,3.1734748e-05,5
26855.0,26860.0,26857.5,1.2693899e-06,6.3469497e-06,1
26860.0,26865.0,26862.5,5.0775597e-06,2.5387799e-05,4
26865.0,26870.0,26867.5,3.8081698e-06,1.9040849e-05,3
26870.0,26875.0,26872.5,6.3469497e-06,3.1734748e-05,5
26875.0,26880.0,26877.5,3.8081698e-06,1.9040849e-05,3
26880.0,26885.0,26882.5,6.3469497e-06,3.1734748e-05,5
26885.0,26890.0,26887.5,3.8081698e-06,1.9040849e-05,3
26890.0,26895.0,26892.5,2.5387799e-06,1.2693899e-05,2
26895.0,26900.0,26897.5,5.0775597e-06,2.5387799e-05,4
26900.0,26905.0,26902.5,2.5387799e-06,1.2693899e-05,2
26905.0,26910.0,26907.5,3.8081698e-06,1.9040849e-05,3
26910.0,26915.0,26912.5,3.8081698e-06,1.9040849e-05,3
26915.0,26920.0,26917.5,5.0775597e-06,2.5387799e-05,4
26920.0,26925.0,26922.5,5.0775597e-06,2.5387799e-05,4
26925.0,26930.0,26927.5,2.5387799e-06,1.2693899e-05,2
26930.0,26935.0,26932.5,2.5387799e-06,1.2693899e-05,2
26935.0,26940.0,26937.5,3.8081698e-06,1.9040849e-05,3
26940.0,26945.0,26942.5,2.5387799e-06,1.2693899e-05,2
26945.0,26950.0,26947.5,8.8857295e-06,4.4428648e-05,7
26950.0,26955.0,26952.5,1.2693899e-06,6.3469497e-06,1
26955.0,26960.0,26957.5,2.5387799e-06,1.2693899e-05,2
26960.0,26965.0,26962.5,5.0775597e-06,2.5387799e-05,4
26965.0,26970.0,26967.5,2.5387799e-06,1.2693899e-05,2
26970.0,26975.0,26972.5,1.2693899e-06,6.3469497e-06,1
26975.0,26980.0,26977.5,3.8081698e-06,1.9040849e-05,3
26980.0,26985.0,26982.5,3.8081698e-06,1.9040849e-05,3
26985.0,26990.0,26987.5,1.1424509e-05,5.7122547e-05,9
26990.0,26995.0,26992.5,7.6163396e-06,3.8081698e-05,6
26995.0,27000.0,26997.5,6.3469497e-06,3.1734748e-05,5
27000.0,27005.0,27002.5,6.3469497e-06,3.1734748e-05,5
27005.0,27010.0,27007.5,8.8857295e-06,4.4428648e-05,7
27010.0,27015.0,27012.5,6.3469497e-06,3.1734748e-05,5
27015.0,27020.0,27017.5,1.2693899e-06,6.3469497e-06,1
27020.0,27025.0,27022.5,1.2693899e-06,6.3469497e-06,1
27025.0,27030.0,27027.5,6.3469497e-06,3.1734748e-05,5
27035.0,27040.0,27037.5,7.6163396e-06,3.8081698e-05,6
27040.0,27045.0,27042.5,3.8081698e-06,1.9040849e-05,3
27045.0,27050.0,27047.5,1.2693899e-06,6.3469497e-06,1
27050.0,27055.0,27052.5,1.2693899e-06,6.3469497e-06,1
27055.0,27060.0,27057.5,3.8081698e-06,1.9040849e-05,3
27060.0,27065.0,27062.5,5.0775597e-06,2.5387799e-05,4
27065.0,27070.0,27067.5,5.0775597e-06,2.5387799e-05,4
27070.0,27075.0,27072.5,1.2693899e-06,6.3469497e-06,1
27075.0,27080.0,27077.5,5.0775597e-06,2.5387799e-05,4
27080.0,27085.0,27082.5,2.5387799e-06,1.2693899e-05,2
27085.0,27090.0,27087.5,5.0775597e-06,2.5387799e-05,4
27090.0,27095.0,27092.5,5.0775597e-06,2.5387799e-05,4
27095.0,27100.0,27097.5,3.8081698e-06,1.9040849e-05,3
27100.0,27105.0,27102.5,2.5387799e-06,1.2693899e-05,2
27105.0,27110.0,27107.5,2.5387799e-06,1.2693899e-05,2
27110.0,27115.0,27112.5,2.5387799e-06,1.2693899e-05,2
27115.0,27120.0,27117.5,3.8081698e-06,1.9040849e-05,3
27120.0,27125.0,27122.5,5.0775597e-06,2.5387799e-05,4
27125.0,27130.0,27127.5,2.5387799e-06,1.2693899e-05,2
27130.0,27135.0,27132.5,2.5387799e-06,1.2693899e-05,2
27135.0,27140.0,27137.5,7.6163396e-06,3.8081698e-05,6
27140.0,27145.0,27142.5,5.0775597e-06,2.5387799e-05,4
27145.0,27150.0,27147.5,3.8081698e-06,1.9040849e-05,3
27150.0,27155.0,27152.5,6.3469497e-06,3.1734748e-05,5
27155.0,27160.0,27157.5,5.0775597e-06,2.5387799e-05,4
27160.0,27165.0,27162.5,5.0775597e-06,2.5387799e-05,4
27165.0,27170.0,27167.5,7.6163396e-06,3.8081698e-05,6
27170.0,27175.0,27172.5,7.6163396e-06,3.8081698e-05,6
27175.0,27180.0,27177.5,2.5387799e-06,1.2693899e-05,2
27180.0,27185.0,27182.5,3.8081698e-06,1.9040849e-05,3
27185.0,27190.0,27187.5,1.2693899e-06,6.3469497e-06,1
27190.0,27195.0,27192.5,5.0775597e-06,2.5387799e-05,4
27195.0,27200.0,27197.5,5.0775597e-06,2.5387799e-05,4
27200.0,27205.0,27202.5,5.0775597e-06,2.5387799e-05,4
27205.0,27210.0,27207.5,3.8081698e-06,1.9040849e-05,3
27210.0,27215.0,27212.5,5.0775597e-06,2.5387799e-05,4
27215.0,27220.0,27217.5,3.8081698e-06,1.9040849e-05,3
27225.0,27230.0,27227.5,2.5387799e-06,1.2693899e-05,2
27230.0,27235.0,27232.5,3.8081698e-06,1.9040849e-05,3
27235.0,27240.0,27237.5,3.8081698e-06,1.9040849e-05,3
27240.0,27245.0,27242.5,2.5387799e-06,1.2693899e-05,2
27245.0,27250.0,27247.5,1.2693899e-06,6.3469497e-06,1
27250.0,27255.0,27252.5,8.8857295e-06,4.4428648e-05,7
27255.0,27260.0,27257.5,3.8081698e-06,1.9040849e-05,3
27260.0,27265.0,27262.5,3.8081698e-06,1.9040849e-05,3
27265.0,27270.0,27267.5,5.0775597e-06,2.5387799e-05,4
27270.0,27275.0,27272.5,5.0775597e-06,2.5387799e-05,4
27275.0,27280.0,27277.5,3.8081698e-06,1.9040849e-05,3
27280.0,27285.0,27282.5,6.3469497e-06,3.1734748e-05,5
27285.0,27290.0,27287.5,3.8081698e-06,1.9040849e-05,3
27290.0,27295.0,27292.5,8.8857295e-06,4.4428648e-05,7
27295.0,27300.0,27297.5,7.6163396e-06,3.8081698e-05,6
27300.0,27305.0,27302.5,2.5387799e-06,1.2693899e-05,2
27305.0,27310.0,27307.5,5.0775597e-06,2.5387799e-05,4
27310.0,27315.0,27312.5,5.0775597e-06,2.5387799e-05,4
27315.0,27320.0,27317.5,2.5387799e-06,1.2693899e-05,2
27320.0,27325.0,27322.5,5.0775597e-06,2.5387799e-05,4
27325.0,27330.0,27327.5,2.5387799e-06,1.2693899e-05,2
27330.0,27335.0,27332.5,5.0775597e-06,2.5387799e-05,4
27335.0,27340.0,27337.5,7.6163396e-06,3.8081698e-05,6
27340.0,27345.0,27342.5,2.5387799e-06,1.2693899e-05,2
27345.0,27350.0,27347.5,5.0775597e-06,2.5387799e-05,4
27350.0,27355.0,27352.5,8.8857295e-06,4.4428648e-05,7
27355.0,27360.0,27357.5,3.8081698e-06,1.9040849e-05,3
27360.0,27365.0,27362.5,5.0775597e-06,2.5387799e-05,4
27365.0,27370.0,27367.5,2.5387799e-06,1.2693899e-05,2
27370.0,27375.0,27372.5,3.8081698e-06,1.9040849e-05,3
27375.0,27380.0,27377.5,2.5387799e-06,1.2693899e-05,2
27380.0,27385.0,27382.5,6.3469497e-06,3.1734748e-05,5
27385.0,27390.0,27387.5,3.8081698e-06,1.9040849e-05,3
27390.0,27395.0,27392.5,1.2693899e-06,6.3469497e-06,1
27395.0,27400.0,27397.5,7.6163396e-06,3.8081698e-05,6
27400.0,27405.0,27402.5,5.0775597e-06,2.5387799e-05,4
27405.0,27410.0,27407.5,2.5387799e-06,1.2693899e-05,2
27410.0,27415.0,27412.5,6.3469497e-06,3.1734748e-05,5
27415.0,27420.0,27417.5,5.0775597e-06,2.5387799e-05,4
27420.0,27425.0,27422.5,6.3469497e-06,3.1734748e-05,5
27425.0,27430.0,27427.5,5.0775597e-06,2.5387799e-05,4
27430.0,27435.0,27432.5,5.0775597e-06,2.5387799e-05,4
27435.0,27440.0,27437.5,1.2693899e-06,6.3469497e-06,1
27440.0,27445.0,27442.5,3.8081698e-06,1.9040849e-05,3
27445.0,27450.0,27447.5,1.2693899e-06,6.3469497e-06,1
27450.0,27455.0,27452.5,3.8081698e-06,1.9040849e-05,3
27455.0,27460.0,27457.5,7.6163396e-06,3.8081698e-05,6
27460.0,27465.0,27462.5,5.0775597e-06,2.5387799e-05,4
27470.0,27475.0,27472.5,2.5387799e-06,1.2693899e-05,2
27475.0,27480.0,27477.5,5.0775597e-06,2.5387799e-05,4
27480.0,27485.0,27482.5,5.0775597e-06,2.5387799e-05,4
27485.0,27490.0,27487.5,5.0775597e-06,2.5387799e-05,4
27490.0,27495.0,27492.5,3.8081698e-06,1.9040849e-05,3
27495.0,27500.0,27497.5,2.5387799e-06,1.2693899e-05,2
27500.0,27505.0,27502.5,3.8081698e-06,1.9040849e-05,3
27505.0,27510.0,27507.5,1.2693899e-06,6.3469497e-06,1
27510.0,27515.0,27512.5,3.8081698e-06,1.9040849e-05,3
27515.0,27520.0,27517.5,3.8081698e-06,1.9040849e-05,3
27520.0,27525.0,27522.5,6.3469497e-06,3.1734748e-05,5
27525.0,27530.0,27527.5,1.2693899e-06,6.3469497e-06,1
27530.0,27535.0,27532.5,3.8081698e-06,1.9040849e-05,3
27535.0,27540.0,27537.5,2.5387799e-06,1.2693899e-05,2
27540.0,27545.0,27542.5,5.0775597e-06,2.5387799e-05,4
27545.0,27550.0,27547.5,7.6163396e-06,3.8081698e-05,6
27550.0,27555.0,27552.5,1.2693899e-06,6.3469497e-06,1
27555.0,27560.0,27557.5,8.8857295e-06,4.4428648e-05,7
27560.0,27565.0,27562.5,3.8081698e-06,1.9040849e-05,3
27565.0,27570.0,27567.5,2.5387799e-06,1.2693899e-05,2
27570.0,27575.0,27572.5,3.8081698e-06,1.9040849e-05,3
27575.0,27580.0,27577.5,6.3469497e-06,3.1734748e-05,5
27580.0,27585.0,27582.5,1.2693899e-06,6.3469497e-06,1
27585.0,27590.0,27587.5,2.5387799e-06,1.2693899e-05,2
27590.0,27595.0,27592.5,3.8081698e-06,1.9040849e-05,3
27595.0,27600.0,27597.5,6.3469497e-06,3.1734748e-05,5
27600.0,27605.0,27602.5,1.2693899e-06,6.3469497e-06,1
27605.0,27610.0,27607.5,1.2693899e-06,6.3469497e-06,1
27610.0,27615.0,27612.5,1.2693899e-06,6.3469497e-06,1
27615.0,27620.0,27617.5,1.2693899e-06,6.3469497e-06,1
27620.0,27625.0,27622.5,8.8857295e-06,4.4428648e-05,7
27625.0,27630.0,27627.5,6.3469497e-06,3.1734748e-05,5
27630.0,27635.0,27632.5,2.5387799e-06,1.2693899e-05,2
27635.0,27640.0,27637.5,2.5387799e-06,1.2693899e-05,2
27640.0,27645.0,27642.5,1.2693899e-06,6.3469497e-06,1
27645.0,27650.0,27647.5,7.6163396e-06,3.8081698e-05,6
27650.0,27655.0,27652.5,1.2693899e-06,6.3469497e-06,1
27655.0,27660.0,27657.5,6.3469497e-06,3.1734748e-05,5
27660.0,27665.0,27662.5,3.8081698e-06,1.9040849e-05,3
27665.0,27670.0,27667.5,3.8081698e-06,1.9040849e-05,3
27675.0,27680.0,27677.5,8.8857295e-06,4.4428648e-05,7
27680.0,27685.0,27682.5,2.5387799e-06,1.2693899e-05,2
27685.0,27690.0,27687.5,6.3469497e-06,3.1734748e-05,5
27690.0,27695.0,27692.5,2.5387799e-06,1.2693899e-05,2
27695.0,27700.0,27697.5,7.6163396e-06,3.8081698e-05,6
27700.0,27705.0,27702.5,3.8081698e-06,1.9040849e-05,3
27705.0,27710.0,27707.5,5.0775597e-06,2.5387799e-05,4
27710.0,27715.0,27712.5,3.8081698e-06,1.9040849e-05,3
27715.0,27720.0,27717.5,2.5387799e-06,1.2693899e-05,2
27720.0,27725.0,27722.5,3.8081698e-06,1.9040849e-05,3
27725.0,27730.0,27727.5,5.0775597e-06,2.5387799e-05,4
27730.0,27735.0,27732.5,3.8081698e-06,1.9040849e-05,3
27735.0,27740.0,27737.5,1.2693899e-06,6.3469497e-06,1
27740.0,27745.0,27742.5,3.8081698e-06,1.9040849e-05,3
27745.0,27750.0,27747.5,5.0775597e-06,2.5387799e-05,4
27750.0,27755.0,27752.5,6.3469497e-06,3.1734748e-05,5
27755.0,27760.0,27757.5,6.3469497e-06,3.1734748e-05,5
27760.0,27765.0,27762.5,5.0775597e-06,2.5387799e-05,4
27765.0,27770.0,27767.5,2.5387799e-06,1.2693899e-05,2
27770.0,27775.0,27772.5,2.5387799e-06,1.2693899e-05,2
27775.0,27780.0,27777.5,2.5387799e-06,1.2693899e-05,2
27780.0,27785.0,27782.5,5.0775597e-06,2.5387799e-05,4
27785.0,27790.0,27787.5,6.3469497e-06,3.1734748e-05,5
27790.0,27795.0,27792.5,3.8081698e-06,1.9040849e-05,3
27795.0,27800.0,27797.5,7.6163396e-06,3.8081698e-05,6
27800.0,27805.0,27802.5,5.0775597e-06,2.5387799e-05,4
27805.0,27810.0,27807.5,5.0775597e-06,2.5387799e-05,4
27810.0,27815.0,27812.5,6.3469497e-06,3.1734748e-05,5
27815.0,27820.0,27817.5,3.8081698e-06,1.9040849e-05,3
27820.0,27825.0,27822.5,3.8081698e-06,1.9040849e-05,3
27825.0,27830.0,27827.5,5.0775597e-06,2.5387799e-05,4
27830.0,27835.0,27832.5,5.0775597e-06,2.5387799e-05,4
27835.0,27840.0,27837.5,8.8857295e-06,4.4428648e-05,7
27840.0,27845.0,27842.5,3.8081698e-06,1.9040849e-05,3
27845.0,27850.0,27847.5,1.2693899e-06,6.3469497e-06,1
27850.0,27855.0,27852.5,5.0775597e-06,2.5387799e-05,4
27855.0,27860.0,27857.5,5.0775597e-06,2.5387799e-05,4
27860.0,27865.0,27862.5,1.2693899e-06,6.3469497e-06,1
27865.0,27870.0,27867.5,6.3469497e-06,3.1734748e-05,5
27870.0,27875.0,27872.5,5.0775597e-06,2.5387799e-05,4
27875.0,27880.0,27877.5,6.3469497e-06,3.1734748e-05,5
27880.0,27885.0,27882.5,1.2693899e-06,6.3469497e-06,1
27885.0,27890.0,27887.5,1.2693899e-06,6.3469497e-06,1
27890.0,27895.0,27892.5,2.5387799e-06,1.2693899e-05,2
27895.0,27900.0,27897.5,6.3469497e-06,3.1734748e-05,5
27900.0,27905.0,27902.5,5.0775597e-06,2.5387799e-05,4
27905.0,27910.0,27907.5,5.0775597e-06,2.5387799e-05,4
27910.0,27915.0,27912.5,3.8081698e-06,1.9040849e-05,3
27920.0,27925.0,27922.5,3.8081698e-06,1.9040849e-05,3
27925.0,27930.0,27927.5,2.5387799e-06,1.2693899e-05,2
27930.0,27935.0,27932.5,3.8081698e-06,1.9040849e-05,3
27935.0,27940.0,27937.5,7.6163396e-06,3.8081698e-05,6
27940.0,27945.0,27942.5,3.8081698e-06,1.9040849e-05,3
27945.0,27950.0,27947.5,1.2693899e-06,6.3469497e-06,1
27950.0,27955.0,27952.5,6.3469497e-06,3.1734748e-05,5
27955.0,27960.0,27957.5,2.5387799e-06,1.2693899e-05,2
27960.0,27965.0,27962.5,1.2693899e-06,6.3469497e-06,1
27965.0,27970.0,27967.5,5.0775597e-06,2.5387799e-05,4
27970.0,27975.0,27972.5,2.5387799e-06,1.2693899e-05,2
27975.0,27980.0,27977.5,5.0775597e-06,2.5387799e-05,4
27985.0,27990.0,27987.5,7.6163396e-06,3.8081698e-05,6
27990.0,27995.0,27992.5,1.2693899e-06,6.3469497e-06,1
27995.0,28000.0,27997.5,1.2693899e-06,6.3469497e-06,1
28000.0,28005.0,28002.5,1.2693899e-06,6.3469497e-06,1
28005.0,28010.0,28007.5,7.6163396e-06,3.8081698e-05,6
28010.0,28015.0,28012.5,2.5387799e-06,1.2693899e-05,2
28015.0,28020.0,28017.5,8.8857295e-06,4.4428648e-05,7
28020.0,28025.0,28022.5,5.0775597e-06,2.5387799e-05,4
28025.0,28030.0,28027.5,3.8081698e-06,1.9040849e-05,3
28030.0,28035.0,28032.5,7.6163396e-06,3.8081698e-05,6
28040.0,28045.0,28042.5,8.8857295e-06,4.4428648e-05,7
28045.0,28050.0,28047.5,3.8081698e-06,1.9040849e-05,3
28050.0,28055.0,28052.5,5.0775597e-06,2.5387799e-05,4
28055.0,28060.0,28057.5,1.2693899e-05,6.3469497e-05,10
28060.0,28065.0,28062.5,1.2693899e-06,6.3469497e-06,1
28065.0,28070.0,28067.5,3.8081698e-06,1.9040849e-05,3
28070.0,28075.0,28072.5,7.6163396e-06,3.8081698e-05,6
28075.0,28080.0,28077.5,3.8081698e-06,1.9040849e-05,3
28085.0,28090.0,28087.5,6.3469497e-06,3.1734748e-05,5
28090.0,28095.0,28092.5,1.2693899e-06,6.3469497e-06,1
28095.0,28100.0,28097.5,3.8081698e-06,1.9040849e-05,3
28100.0,28105.0,28102.5,6.3469497e-06,3.1734748e-05,5
28105.0,28110.0,28107.5,6.3469497e-06,3.1734748e-05,5
28110.0,28115.0,28112.5,2.5387799e-06,1.2693899e-05,2
28115.0,28120.0,28117.5,2.5387799e-06,1.2693899e-05,2
28120.0,28125.0,28122.5,7.6163396e-06,3.8081698e-05,6
28125.0,28130.0,28127.5,2.5387799e-06,1.2693899e-05,2
28130.0,28135.0,28132.5,3.8081698e-06,1.9040849e-05,3
28135.0,28140.0,28137.5,6.3469497e-06,3.1734748e-05,5
28140.0,28145.0,28142.5,1.2693899e-06,6.3469497e-06,1
28145.0,28150.0,28147.5,2.5387799e-06,1.2693899e-05,2
28150.0,28155.0,28152.5,2.5387799e-06,1.2693899e-05,2
28155.0,28160.0,28157.5,6.3469497e-06,3.1734748e-05,5
28160.0,28165.0,28162.5,1.2693899e-06,6.3469497e-06,1
28165.0,28170.0,28167.5,5.0775597e-06,2.5387799e-05,4
28170.0,28175.0,28172.5,3.8081698e-06,1.9040849e-05,3
28175.0,28180.0,28177.5,7.6163396e-06,3.8081698e-05,6
28180.0,28185.0,28182.5,3.8081698e-06,1.9040849e-05,3
28185.0,28190.0,28187.5,5.0775597e-06,2.5387799e-05,4
28190.0,28195.0,28192.5,3.8081698e-06,1.9040849e-05,3
28195.0,28200.0,28197.5,1.2693899e-06,6.3469497e-06,1
28200.0,28205.0,28202.5,6.3469497e-06,3.1734748e-05,5
28205.0,28210.0,28207.5,5.0775597e-06,2.5387799e-05,4
28210.0,28215.0,28212.5,7.6163396e-06,3.8081698e-05,6
28220.0,28225.0,28222.5,3.8081698e-06,1.9040849e-05,3
28225.0,28230.0,28227.5,7.6163396e-06,3.8081698e-05,6
28230.0,28235.0,28232.5,5.0775597e-06,2.5387799e-05,4
28235.0,28240.0,28237.5,7.6163396e-06,3.8081698e-05,6
28240.0,28245.0,28242.5,5.0775597e-06,2.5387799e-05,4
28245.0,28250.0,28247.5,3.8081698e-06,1.9040849e-05,3
28250.0,28255.0,28252.5,2.5387799e-06,1.2693899e-05,2
28255.0,28260.0,28257.5,1.2693899e-06,6.3469497e-06,1
28260.0,28265.0,28262.5,5.0775597e-06,2.5387799e-05,4
28265.0,28270.0,28267.5,3.8081698e-06,1.9040849e-05,3
28270.0,28275.0,28272.5,6.3469497e-06,3.1734748e-05,5
28275.0,28280.0,28277.5,2.5387799e-06,1.2693899e-05,2
28280.0,28285.0,28282.5,3.8081698e-06,1.9040849e-05,3
28285.0,28290.0,28287.5,3.8081698e-06,1.9040849e-05,3
28290.0,28295.0,28292.5,3.8081698e-06,1.9040849e-05,3
28295.0,28300.0,28297.5,3.8081698e-06,1.9040849e-05,3
28300.0,28305.0,28302.5,2.5387799e-06,1.2693899e-05,2
28305.0,28310.0,28307.5,2.5387799e-06,1.2693899e-05,2
28310.0,28315.0,28312.5,7.6163396e-06,3.8081698e-05,6
28315.0,28320.0,28317.5,5.0775597e-06,2.5387799e-05,4
28320.0,28325.0,28322.5,1.2693899e-06,6.3469497e-06,1
28325.0,28330.0,28327.5,1.2693899e-06,6.3469497e-06,1
28330.0,28335.0,28332.5,3.8081698e-06,1.9040849e-05,3
28335.0,28340.0,28337.5,6.3469497e-06,3.1734748e-05,5
28340.0,28345.0,28342.5,7.6163396e-06,3.8081698e-05,6
28345.0,28350.0,28347.5,3.8081698e-06,1.9040849e-05,3
28350.0,28355.0,28352.5,2.5387799e-06,1.2693899e-05,2
28355.0,28360.0,28357.5,2.5387799e-06,1.2693899e-05,2
28360.0,28365.0,28362.5,2.5387799e-06,1.2693899e-05,2
28365.0,28370.0,28367.5,5.0775597e-06,2.5387799e-05,4
28370.0,28375.0,28372.5,8.8857295e-06,4.4428648e-05,7
28375.0,28380.0,28377.5,6.3469497e-06,3.1734748e-05,5
28380.0,28385.0,28382.5,3.8081698e-06,1.9040849e-05,3
28385.0,28390.0,28387.5,3.8081698e-06,1.9040849e-05,3
28390.0,28395.0,28392.5,3.8081698e-06,1.9040849e-05,3
28395.0,28400.0,28397.5,3.8081698e-06,1.9040849e-05,3
28400.0,28405.0,28402.5,2.5387799e-06,1.2693899e-05,2
28405.0,28410.0,28407.5,3.8081698e-06,1.9040849e-05,3
28410.0,28415.0,28412.5,7.6163396e-06,3.8081698e-05,6
28415.0,28420.0,28417.5,5.0775597e-06,2.5387799e-05,4
28420.0,28425.0,28422.5,3.8081698e-06,1.9040849e-05,3
28425.0,28430.0,28427.5,3.8081698e-06,1.9040849e-05,3
28430.0,28435.0,28432.5,5.0775597e-06,2.5387799e-05,4
28435.0,28440.0,28437.5,6.3469497e-06,3.1734748e-05,5
28440.0,28445.0,28442.5,2.5387799e-06,1.2693899e-05,2
28445.0,28450.0,28447.5,3.8081698e-06,1.9040849e-05,3
28450.0,28455.0,28452.5,2.5387799e-06,1.2693899e-05,2
28455.0,28460.0,28457.5,2.5387799e-06,1.2693899e-05,2
28460.0,28465.0,28462.5,1.2693899e-06,6.3469497e-06,1
28465.0,28470.0,28467.5,5.0775597e-06,2.5387799e-05,4
28470.0,28475.0,28472.5,5.0775597e-06,2.5387799e-05,4
28475.0,28480.0,28477.5,1.2693899e-06,6.3469497e-06,1
28480.0,28485.0,28482.5,2.5387799e-06,1.2693899e-05,2
28485.0,28490.0,28487.5,2.5387799e-06,1.2693899e-05,2
28490.0,28495.0,28492.5,5.0775597e-06,2.5387799e-05,4
28495.0,28500.0,28497.5,7.6163396e-06,3.8081698e-05,6
28510.0,28515.0,28512.5,2.5387799e-06,1.2693899e-05,2
28515.0,28520.0,28517.5,5.0775597e-06,2.5387799e-05,4
28520.0,28525.0,28522.5,3.8081698e-06,1.9040849e-05,3
28525.0,28530.0,28527.5,1.2693899e-06,6.3469497e-06,1
28530.0,28535.0,28532.5,6.3469497e-06,3.1734748e-05,5
28535.0,28540.0,28537.5,1.2693899e-06,6.3469497e-06,1
28540.0,28545.0,28542.5,3.8081698e-06,1.9040849e-05,3
28545.0,28550.0,28547.5,3.8081698e-06,1.9040849e-05,3
28550.0,28555.0,28552.5,2.5387799e-06,1.2693899e-05,2
28555.0,28560.0,28557.5,2.5387799e-06,1.2693899e-05,2
28560.0,28565.0,28562.5,6.3469497e-06,3.1734748e-05,5
28565.0,28570.0,28567.5,6.3469497e-06,3.1734748e-05,5
28570.0,28575.0,28572.5,3.8081698e-06,1.9040849e-05,3
28575.0,28580.0,28577.5,3.8081698e-06,1.9040849e-05,3
28580.0,28585.0,28582.5,3.8081698e-06,1.9040849e-05,3
28585.0,28590.0,28587.5,6.3469497e-06,3.1734748e-05,5
28590.0,28595.0,28592.5,1.2693899e-06,6.3469497e-06,1
28595.0,28600.0,28597.5,7.6163396e-06,3.8081698e-05,6
28600.0,28605.0,28602.5,1.2693899e-06,6.3469497e-06,1
28605.0,28610.0,28607.5,7.6163396e-06,3.8081698e-05,6
28610.0,28615.0,28612.5,5.0775597e-06,2.5387799e-05,4
28615.0,28620.0,28617.5,2.5387799e-06,1.2693899e-05,2
28620.0,28625.0,28622.5,8.8857295e-06,4.4428648e-05,7
28625.0,28630.0,28627.5,1.2693899e-06,6.3469497e-06,1
28630.0,28635.0,28632.5,1.2693899e-06,6.3469497e-06,1
28635.0,28640.0,28637.5,3.8081698e-06,1.9040849e-05,3
28640.0,28645.0,28642.5,1.2693899e-06,6.3469497e-06,1
28645.0,28650.0,28647.5,7.6163396e-06,3.8081698e-05,6
28650.0,28655.0,28652.5,1.2693899e-06,6.3469497e-06,1
28655.0,28660.0,28657.5,2.5387799e-06,1.2693899e-05,2
28660.0,28665.0,28662.5,2.5387799e-06,1.2693899e-05,2
28665.0,28670.0,28667.5,2.5387799e-06,1.2693899e-05,2
28670.0,28675.0,28672.5,3.8081698e-06,1.9040849e-05,3
28675.0,28680.0,28677.5,2.5387799e-06,1.2693899e-05,2
28680.0,28685.0,28682.5,2.5387799e-06,1.2693899e-05,2
28685.0,28690.0,28687.5,7.6163396e-06,3.8081698e-05,6
28690.0,28695.0,28692.5,5.0775597e-06,2.5387799e-05,4
28695.0,28700.0,28697.5,3.8081698e-06,1.9040849e-05,3
28700.0,28705.0,28702.5,1.2693899e-06,6.3469497e-06,1
28705.0,28710.0,28707.5,2.5387799e-06,1.2693899e-05,2
28710.0,28715.0,28712.5,1.2693899e-06,6.3469497e-06,1
28720.0,28725.0,28722.5,1.2693899e-06,6.3469497e-06,1
28725.0,28730.0,28727.5,3.8081698e-06,1.9040849e-05,3
28730.0,28735.0,28732.5,3.8081698e-06,1.9040849e-05,3
28735.0,28740.0,28737.5,3.8081698e-06,1.9040849e-05,3
28740.0,28745.0,28742.5,3.8081698e-06,1.9040849e-05,3
28745.0,28750.0,28747.5,6.3469497e-06,3.1734748e-05,5
28750.0,28755.0,28752.5,2.5387799e-06,1.2693899e-05,2
28755.0,28760.0,28757.5,3.8081698e-06,1.9040849e-05,3
28760.0,28765.0,28762.5,5.0775597e-06,2.5387799e-05,4
28765.0,28770.0,28767.5,2.5387799e-06,1.2693899e-05,2
28770.0,28775.0,28772.5,6.3469497e-06,3.1734748e-05,5
28775.0,28780.0,28777.5,3.8081698e-06,1.9040849e-05,3
28780.0,28785.0,28782.5,2.5387799e-06,1.2693899e-05,2
28785.0,28790.0,28787.5,6.3469497e-06,3.1734748e-05,5
28790.0,28795.0,28792.5,2.5387799e-06,1.2693899e-05,2
28795.0,28800.0,28797.5,2.5387799e-06,1.2693899e-05,2
28800.0,28805.0,28802.5,5.0775597e-06,2.5387799e-05,4
28805.0,28810.0,28807.5,2.5387799e-06,1.2693899e-05,2
28810.0,28815.0,28812.5,3.8081698e-06,1.9040849e-05,3
28815.0,28820.0,28817.5,3.8081698e-06,1.9040849e-05,3
28820.0,28825.0,28822.5,1.2693899e-06,6.3469497e-06,1
28825.0,28830.0,28827.5,2.5387799e-06,1.2693899e-05,2
28830.0,28835.0,28832.5,5.0775597e-06,2.5387799e-05,4
28835.0,28840.0,28837.5,8.8857295e-06,4.4428648e-05,7
28840.0,28845.0,28842.5,2.5387799e-06,1.2693899e-05,2
28845.0,28850.0,28847.5,1.2693899e-06,6.3469497e-06,1
28850.0,28855.0,28852.5,3.8081698e-06,1.9040849e-05,3
28855.0,28860.0,28857.5,1.2693899e-06,6.3469497e-06,1
28860.0,28865.0,28862.5,2.5387799e-06,1.2693899e-05,2
28865.0,28870.0,28867.5,3.8081698e-06,1.9040849e-05,3
28870.0,28875.0,28872.5,7.6163396e-06,3.8081698e-05,6
28875.0,28880.0,28877.5,5.0775597e-06,2.5387799e-05,4
28880.0,28885.0,28882.5,5.0775597e-06,2.5387799e-05,4
28885.0,28890.0,28887.5,2.5387799e-06,1.2693899e-05,2
28890.0,28895.0,28892.5,3.8081698e-06,1.9040849e-05,3
28895.0,28900.0,28897.5,2.5387799e-06,1.2693899e-05,2
28900.0,28905.0,28902.5,1.1424509e-05,5.7122547e-05,9
28905.0,28910.0,28907.5,3.8081698e-06,1.9040849e-05,3
28910.0,28915.0,28912.5,2.5387799e-06,1.2693899e-05,2
28915.0,28920.0,28917.5,5.0775597e-06,2.5387799e-05,4
28920.0,28925.0,28922.5,3.8081698e-06,1.9040849e-05,3
28925.0,28930.0,28927.5,5.0775597e-06,2.5387799e-05,4
28930.0,28935.0,28932.5,5.0775597e-06,2.5387799e-05,4
28935.0,28940.0,28937.5,1.2693899e-06,6.3469497e-06,1
28940.0,28945.0,28942.5,6.3469497e-06,3.1734748e-05,5
28945.0,28950.0,28947.5,2.5387799e-06,1.2693899e-05,2
28950.0,28955.0,28952.5,1.1424509e-05,5.7122547e-05,9
28955.0,28960.0,28957.5,3.8081698e-06,1.9040849e-05,3
28960.0,28965.0,28962.5,5.0775597e-06,2.5387799e-05,4
28965.0,28970.0,28967.5,3.8081698e-06,1.9040849e-05,3
28970.0,28975.0,28972.5,1.2693899e-06,6.3469497e-06,1
28975.0,28980.0,28977.5,3.8081698e-06,1.9040849e-05,3
28980.0,28985.0,28982.5,3.8081698e-06,1.9040849e-05,3
28985.0,28990.0,28987.5,2.5387799e-06,1.2693899e-05,2
28990.0,28995.0,28992.5,3.8081698e-06,1.9040849e-05,3
28995.0,29000.0,28997.5,5.0775597e-06,2.5387799e-05,4
29000.0,29005.0,29002.5,2.5387799e-06,1.2693899e-05,2
29005.0,29010.0,29007.5,3.8081698e-06,1.9040849e-05,3
29010.0,29015.0,29012.5,2.5387799e-06,1.2693899e-05,2
29015.0,29020.0,29017.5,1.2693899e-06,6.3469497e-06,1
29020.0,29025.0,29022.5,6.3469497e-06,3.1734748e-05,5
29025.0,29030.0,29027.5,1.2693899e-06,6.3469497e-06,1
29030.0,29035.0,29032.5,2.5387799e-06,1.2693899e-05,2
29035.0,29040.0,29037.5,3.8081698e-06,1.9040849e-05,3
29040.0,29045.0,29042.5,3.8081698e-06,1.9040849e-05,3
29045.0,29050.0,29047.5,2.5387799e-06,1.2693899e-05,2
29050.0,29055.0,29052.5,7.6163396e-06,3.8081698e-05,6
29055.0,29060.0,29057.5,1.2693899e-06,6.3469497e-06,1
29060.0,29065.0,29062.5,1.2693899e-06,6.3469497e-06,1
29065.0,29070.0,29067.5,1.2693899e-06,6.3469497e-06,1
29070.0,29075.0,29072.5,3.8081698e-06,1.9040849e-05,3
29075.0,29080.0,29077.5,5.0775597e-06,2.5387799e-05,4
29080.0,29085.0,29082.5,2.5387799e-06,1.2693899e-05,2
29085.0,29090.0,29087.5,2.5387799e-06,1.2693899e-05,2
29090.0,29095.0,29092.5,6.3469497e-06,3.1734748e-05,5
29095.0,29100.0,29097.5,3.8081698e-06,1.9040849e-05,3
29100.0,29105.0,29102.5,5.0775597e-06,2.5387799e-05,4
29105.0,29110.0,29107.5,2.5387799e-06,1.2693899e-05,2
29115.0,29120.0,29117.5,1.2693899e-06,6.3469497e-06,1
29120.0,29125.0,29122.5,1.2693899e-06,6.3469497e-06,1
29125.0,29130.0,29127.5,2.5387799e-06,1.2693899e-05,2
29130.0,29135.0,29132.5,3.8081698e-06,1.9040849e-05,3
29135.0,29140.0,29137.5,3.8081698e-06,1.9040849e-05,3
29140.0,29145.0,29142.5,3.8081698e-06,1.9040849e-05,3
29145.0,29150.0,29147.5,6.3469497e-06,3.1734748e-05,5
29155.0,29160.0,29157.5,2.5387799e-06,1.2693899e-05,2
29160.0,29165.0,29162.5,1.2693899e-06,6.3469497e-06,1
29165.0,29170.0,29167.5,8.8857295e-06,4.4428648e-05,7
29170.0,29175.0,29172.5,5.0775597e-06,2.5387799e-05,4
29175.0,29180.0,29177.5,1.2693899e-06,6.3469497e-06,1
29180.0,29185.0,29182.5,1.2693899e-06,6.3469497e-06,1
29185.0,29190.0,29187.5,3.8081698e-06,1.9040849e-05,3
29190.0,29195.0,29192.5,2.5387799e-06,1.2693899e-05,2
29195.0,29200.0,29197.5,6.3469497e-06,3.1734748e-05,5
29200.0,29205.0,29202.5,3.8081698e-06,1.9040849e-05,3
29205.0,29210.0,29207.5,3.8081698e-06,1.9040849e-05,3
29210.0,29215.0,29212.5,1.2693899e-06,6.3469497e-06,1
29215.0,29220.0,29217.5,1.2693899e-06,6.3469497e-06,1
29220.0,29225.0,29222.5,3.8081698e-06,1.9040849e-05,3
29225.0,29230.0,29227.5,5.0775597e-06,2.5387799e-05,4
29230.0,29235.0,29232.5,2.5387799e-06,1.2693899e-05,2
29235.0,29240.0,29237.5,2.5387799e-06,1.2693899e-05,2
29240.0,29245.0,29242.5,3.8081698e-06,1.9040849e-05,3
29245.0,29250.0,29247.5,6.3469497e-06,3.1734748e-05,5
29250.0,29255.0,29252.5,3.8081698e-06,1.9040849e-05,3
29255.0,29260.0,29257.5,5.0775597e-06,2.5387799e-05,4
29260.0,29265.0,29262.5,1.2693899e-06,6.3469497e-06,1
29265.0,29270.0,29267.5,2.5387799e-06,1.2693899e-05,2
29270.0,29275.0,29272.5,3.8081698e-06,1.9040849e-05,3
29275.0,29280.0,29277.5,3.8081698e-06,1.9040849e-05,3
29280.0,29285.0,29282.5,2.5387799e-06,1.2693899e-05,2
29285.0,29290.0,29287.5,3.8081698e-06,1.9040849e-05,3
29290.0,29295.0,29292.5,5.0775597e-06,2.5387799e-05,4
29300.0,29305.0,29302.5,2.5387799e-06,1.2693899e-05,2
29305.0,29310.0,29307.5,1.2693899e-06,6.3469497e-06,1
29310.0,29315.0,29312.5,5.0775597e-06,2.5387799e-05,4
29315.0,29320.0,29317.5,5.0775597e-06,2.5387799e-05,4
29320.0,29325.0,29322.5,6.3469497e-06,3.1734748e-05,5
29325.0,29330.0,29327.5,2.5387799e-06,1.2693899e-05,2
29330.0,29335.0,29332.5,2.5387799e-06,1.2693899e-05,2
29335.0,29340.0,29337.5,5.0775597e-06,2.5387799e-05,4
29340.0,29345.0,29342.5,3.8081698e-06,1.9040849e-05,3
29345.0,29350.0,29347.5,3.8081698e-06,1.9040849e-05,3
29350.0,29355.0,29352.5,3.8081698e-06,1.9040849e-05,3
29355.0,29360.0,29357.5,2.5387799e-06,1.2693899e-05,2
29360.0,29365.0,29362.5,3.8081698e-06,1.9040849e-05,3
29365.0,29370.0,29367.5,1.2693899e-06,6.3469497e-06,1
29370.0,29375.0,29372.5,2.5387799e-06,1.2693899e-05,2
29375.0,29380.0,29377.5,3.8081698e-06,1.9040849e-05,3
29380.0,29385.0,29382.5,2.5387799e-06,1.2693899e-05,2
29385.0,29390.0,29387.5,1.2693899e-06,6.3469497e-06,1
29390.0,29395.0,29392.5,1.2693899e-06,6.3469497e-06,1
29395.0,29400.0,29397.5,5.0775597e-06,2.5387799e-05,4
29400.0,29405.0,29402.5,1.2693899e-06,6.3469497e-06,1
29405.0,29410.0,29407.5,3.8081698e-06,1.9040849e-05,3
29410.0,29415.0,29412.5,2.5387799e-06,1.2693899e-05,2
29415.0,29420.0,29417.5,3.8081698e-06,1.9040849e-05,3
29420.0,29425.0,29422.5,3.8081698e-06,1.9040849e-05,3
29425.0,29430.0,29427.5,3.8081698e-06,1.9040849e-05,3
29435.0,29440.0,29437.5,1.2693899e-06,6.3469497e-06,1
29440.0,29445.0,29442.5,1.2693899e-06,6.3469497e-06,1
29445.0,29450.0,29447.5,6.3469497e-06,3.1734748e-05,5
29455.0,29460.0,29457.5,5.0775597e-06,2.5387799e-05,4
29460.0,29465.0,29462.5,5.0775597e-06,2.5387799e-05,4
29465.0,29470.0,29467.5,1.2693899e-06,6.3469497e-06,1
29470.0,29475.0,29472.5,7.6163396e-06,3.8081698e-05,6
29475.0,29480.0,29477.5,1.0155119e-05,5.0775597e-05,8
29480.0,29485.0,29482.5,1.2693899e-06,6.3469497e-06,1
29485.0,29490.0,29487.5,3.8081698e-06,1.9040849e-05,3
29490.0,29495.0,29492.5,2.5387799e-06,1.2693899e-05,2
29495.0,29500.0,29497.5,2.5387799e-06,1.2693899e-05,2
29500.0,29505.0,29502.5,6.3469497e-06,3.1734748e-05,5
29510.0,29515.0,29512.5,2.5387799e-06,1.2693899e-05,2
29515.0,29520.0,29517.5,6.3469497e-06,3.1734748e-05,5
29520.0,29525.0,29522.5,2.5387799e-06,1.2693899e-05,2
29525.0,29530.0,29527.5,2.5387799e-06,1.2693899e-05,2
29530.0,29535.0,29532.5,2.5387799e-06,1.2693899e-05,2
29535.0,29540.0,29537.5,3.8081698e-06,1.9040849e-05,3
29545.0,29550.0,29547.5,2.5387799e-06,1.2693899e-05,2
29550.0,29555.0,29552.5,2.5387799e-06,1.2693899e-05,2
29555.0,29560.0,29557.5,2.5387799e-06,1.2693899e-05,2
29560.0,29565.0,29562.5,2.5387799e-06,1.2693899e-05,2
29565.0,29570.0,29567.5,1.2693899e-06,6.3469497e-06,1
29570.0,29575.0,29572.5,2.5387799e-06,1.2693899e-05,2
29575.0,29580.0,29577.5,2.5387799e-06,1.2693899e-05,2
29580.0,29585.0,29582.5,2.5387799e-06,1.2693899e-05,2
29585.0,29590.0,29587.5,1.2693899e-06,6.3469497e-06,1
29590.0,29595.0,29592.5,7.6163396e-06,3.8081698e-05,6
29595.0,29600.0,29597.5,1.2693899e-06,6.3469497e-06,1
29600.0,29605.0,29602.5,2.5387799e-06,1.2693899e-05,2
29605.0,29610.0,29607.5,2.5387799e-06,1.2693899e-05,2
29610.0,29615.0,29612.5,3.8081698e-06,1.9040849e-05,3
29620.0,29625.0,29622.5,2.5387799e-06,1.2693899e-05,2
29625.0,29630.0,29627.5,7.6163396e-06,3.8081698e-05,6
29635.0,29640.0,29637.5,3.8081698e-06,1.9040849e-05,3
29640.0,29645.0,29642.5,2.5387799e-06,1.2693899e-05,2
29645.0,29650.0,29647.5,7.6163396e-06,3.8081698e-05,6
29650.0,29655.0,29652.5,6.3469497e-06,3.1734748e-05,5
29655.0,29660.0,29657.5,5.0775597e-06,2.5387799e-05,4
29660.0,29665.0,29662.5,2.5387799e-06,1.2693899e-05,2
29665.0,29670.0,29667.5,7.6163396e-06,3.8081698e-05,6
29670.0,29675.0,29672.5,2.5387799e-06,1.2693899e-05,2
29675.0,29680.0,29677.5,2.5387799e-06,1.2693899e-05,2
29695.0,29700.0,29697.5,3.8081698e-06,1.9040849e-05,3
29700.0,29705.0,29702.5,3.8081698e-06,1.9040849e-05,3
29705.0,29710.0,29707.5,1.2693899e-06,6.3469497e-06,1
29710.0,29715.0,29712.5,5.0775597e-06,2.5387799e-05,4
29715.0,29720.0,29717.5,5.0775597e-06,2.5387799e-05,4
29720.0,29725.0,29722.5,2.5387799e-06,1.2693899e-05,2
29725.0,29730.0,29727.5,3.8081698e-06,1.9040849e-05,3
29730.0,29735.0,29732.5,2.5387799e-06,1.2693899e-05,2
29735.0,29740.0,29737.5,2.5387799e-06,1.2693899e-05,2
29740.0,29745.0,29742.5,5.0775597e-06,2.5387799e-05,4
29745.0,29750.0,29747.5,3.8081698e-06,1.9040849e-05,3
29750.0,29755.0,29752.5,1.2693899e-06,6.3469497e-06,1
29755.0,29760.0,29757.5,2.5387799e-06,1.2693899e-05,2
29760.0,29765.0,29762.5,3.8081698e-06,1.9040849e-05,3
29765.0,29770.0,29767.5,6.3469497e-06,3.1734748e-05,5
29770.0,29775.0,29772.5,3.8081698e-06,1.9040849e-05,3
29775.0,29780.0,29777.5,6.3469497e-06,3.1734748e-05,5
29780.0,29785.0,29782.5,1.2693899e-06,6.3469497e-06,1
29785.0,29790.0,29787.5,1.2693899e-06,6.3469497e-06,1
29790.0,29795.0,29792.5,7.6163396e-06,3.8081698e-05,6
29795.0,29800.0,29797.5,2.5387799e-06,1.2693899e-05,2
29800.0,29805.0,29802.5,2.5387799e-06,1.2693899e-05,2
29805.0,29810.0,29807.5,5.0775597e-06,2.5387799e-05,4
29810.0,29815.0,29812.5,6.3469497e-06,3.1734748e-05,5
29815.0,29820.0,29817.5,3.8081698e-06,1.9040849e-05,3
29820.0,29825.0,29822.5,2.5387799e-06,1.2693899e-05,2
29825.0,29830.0,29827.5,5.0775597e-06,2.5387799e-05,4
29830.0,29835.0,29832.5,2.5387799e-06,1.2693899e-05,2
29840.0,29845.0,29842.5,7.6163396e-06,3.8081698e-05,6
29845.0,29850.0,29847.5,1.2693899e-06,6.3469497e-06,1
29855.0,29860.0,29857.5,3.8081698e-06,1.9040849e-05,3
29860.0,29865.0,29862.5,1.2693899e-06,6.3469497e-06,1
29865.0,29870.0,29867.5,2.5387799e-06,1.2693899e-05,2
29875.0,29880.0,29877.5,7.6163396e-06,3.8081698e-05,6
29880.0,29885.0,29882.5,1.2693899e-06,6.3469497e-06,1
29885.0,29890.0,29887.5,2.5387799e-06,1.2693899e-05,2
29890.0,29895.0,29892.5,1.2693899e-06,6.3469497e-06,1
29895.0,29900.0,29897.5,2.5387799e-06,1.2693899e-05,2
29900.0,29905.0,29902.5,3.8081698e-06,1.9040849e-05,3
29905.0,29910.0,29907.5,5.0775597e-06,2.5387799e-05,4
29910.0,29915.0,29912.5,3.8081698e-06,1.9040849e-05,3
29915.0,29920.0,29917.5,2.5387799e-06,1.2693899e-05,2
29920.0,29925.0,29922.5,6.3469497e-06,3.1734748e-05,5
29925.0,29930.0,29927.5,1.2693899e-06,6.3469497e-06,1
29930.0,29935.0,29932.5,6.3469497e-06,3.1734748e-05,5
29940.0,29945.0,29942.5,2.5387799e-06,1.2693899e-05,2
29945.0,29950.0,29947.5,1.0155119e-05,5.0775597e-05,8
29950.0,29955.0,29952.5,1.2693899e-06,6.3469497e-06,1
29960.0,29965.0,29962.5,2.5387799e-06,1.2693899e-05,2
29965.0,29970.0,29967.5,2.5387799e-06,1.2693899e-05,2
29970.0,29975.0,29972.5,1.2693899e-06,6.3469497e-06,1
29975.0,29980.0,29977.5,5.0775597e-06,2.5387799e-05,4
29980.0,29985.0,29982.5,3.8081698e-06,1.9040849e-05,3
29985.0,29990.0,29987.5,2.5387799e-06,1.2693899e-05,2
29990.0,29995.0,29992.5,5.0775597e-06,2.5387799e-05,4
29995.0,30000.0,29997.5,3.8081698e-06,1.9040849e-05,3
30000.0,30005.0,30002.5,1.2693899e-06,6.3469497e-06,1
30010.0,30015.0,30012.5,1.2693899e-06,6.3469497e-06,1
30015.0,30020.0,30017.5,5.0775597e-06,2.5387799e-05,4
30020.0,30025.0,30022.5,3.8081698e-06,1.9040849e-05,3
30025.0,30030.0,30027.5,1.2693899e-06,6.3469497e-06,1
30030.0,30035.0,30032.5,3.8081698e-06,1.9040849e-05,3
30035.0,30040.0,30037.5,5.0775597e-06,2.5387799e-05,4
30045.0,30050.0,30047.5,5.0775597e-06,2.5387799e-05,4
30050.0,30055.0,30052.5,6.3469497e-06,3.1734748e-05,5
30055.0,30060.0,30057.5,6.3469497e-06,3.1734748e-05,5
30060.0,30065.0,30062.5,2.5387799e-06,1.2693899e-05,2
30065.0,30070.0,30067.5,5.0775597e-06,2.5387799e-05,4
30070.0,30075.0,30072.5,6.3469497e-06,3.1734748e-05,5
30075.0,30080.0,30077.5,2.5387799e-06,1.2693899e-05,2
30085.0,30090.0,30087.5,1.2693899e-06,6.3469497e-06,1
30090.0,30095.0,30092.5,2.5387799e-06,1.2693899e-05,2
30095.0,30100.0,30097.5,1.2693899e-06,6.3469497e-06,1
30100.0,30105.0,30102.5,3.8081698e-06,1.9040849e-05,3
30105.0,30110.0,30107.5,5.0775597e-06,2.5387799e-05,4
30110.0,30115.0,30112.5,3.8081698e-06,1.9040849e-05,3
30115.0,30120.0,30117.5,2.5387799e-06,1.2693899e-05,2
30120.0,30125.0,30122.5,5.0775597e-06,2.5387799e-05,4
30125.0,30130.0,30127.5,7.6163396e-06,3.8081698e-05,6
30130.0,30135.0,30132.5,2.5387799e-06,1.2693899e-05,2
30135.0,30140.0,30137.5,2.5387799e-06,1.2693899e-05,2
30140.0,30145.0,30142.5,5.0775597e-06,2.5387799e-05,4
30145.0,30150.0,30147.5,1.0155119e-05,5.0775597e-05,8
30150.0,30155.0,30152.5,3.8081698e-06,1.9040849e-05,3
30155.0,30160.0,30157.5,1.2693899e-06,6.3469497e-06,1
30160.0,30165.0,30162.5,3.8081698e-06,1.9040849e-05,3
30165.0,30170.0,30167.5,6.3469497e-06,3.1734748e-05,5
30170.0,30175.0,30172.5,2.5387799e-06,1.2693899e-05,2
30175.0,30180.0,30177.5,6.3469497e-06,3.1734748e-05,5
30180.0,30185.0,30182.5,3.8081698e-06,1.9040849e-05,3
30185.0,30190.0,30187.5,6.3469497e-06,3.1734748e-05,5
30190.0,30195.0,30192.5,5.0775597e-06,2.5387799e-05,4
30195.0,30200.0,30197.5,5.0775597e-06,2.5387799e-05,4
30200.0,30205.0,30202.5,5.0775597e-06,2.5387799e-05,4
30205.0,30210.0,30207.5,3.8081698e-06,1.9040849e-05,3
30210.0,30215.0,30212.5,3.8081698e-06,1.9040849e-05,3
30215.0,30220.0,30217.5,2.5387799e-06,1.2693899e-05,2
30220.0,30225.0,30222.5,2.5387799e-06,1.2693899e-05,2
30225.0,30230.0,30227.5,5.0775597e-06,2.5387799e-05,4
30230.0,30235.0,30232.5,2.5387799e-06,1.2693899e-05,2
30235.0,30240.0,30237.5,6.3469497e-06,3.1734748e-05,5
30240.0,30245.0,30242.5,2.5387799e-06,1.2693899e-05,2
30245.0,30250.0,30247.5,5.0775597e-06,2.5387799e-05,4
30250.0,30255.0,30252.5,1.2693899e-06,6.3469497e-06,1
30255.0,30260.0,30257.5,8.8857295e-06,4.4428648e-05,7
30265.0,30270.0,30267.5,1.2693899e-06,6.3469497e-06,1
30270.0,30275.0,30272.5,2.5387799e-06,1.2693899e-05,2
30275.0,30280.0,30277.5,1.2693899e-06,6.3469497e-06,1
30285.0,30290.0,30287.5,2.5387799e-06,1.2693899e-05,2
30290.0,30295.0,30292.5,1.2693899e-06,6.3469497e-06,1
30300.0,30305.0,30302.5,2.5387799e-06,1.2693899e-05,2
30305.0,30310.0,30307.5,2.5387799e-06,1.2693899e-05,2
30310.0,30315.0,30312.5,3.8081698e-06,1.9040849e-05,3
30315.0,30320.0,30317.5,2.5387799e-06,1.2693899e-05,2
30320.0,30325.0,30322.5,2.5387799e-06,1.2693899e-05,2
30325.0,30330.0,30327.5,2.5387799e-06,1.2693899e-05,2
30330.0,30335.0,30332.5,2.5387799e-06,1.2693899e-05,2
30335.0,30340.0,30337.5,6.3469497e-06,3.1734748e-05,5
30340.0,30345.0,30342.5,2.5387799e-06,1.2693899e-05,2
30345.0,30350.0,30347.5,1.2693899e-06,6.3469497e-06,1
30355.0,30360.0,30357.5,2.5387799e-06,1.2693899e-05,2
30360.0,30365.0,30362.5,3.8081698e-06,1.9040849e-05,3
30365.0,30370.0,30367.5,1.2693899e-06,6.3469497e-06,1
30370.0,30375.0,30372.5,1.2693899e-06,6.3469497e-06,1
30375.0,30380.0,30377.5,1.2693899e-06,6.3469497e-06,1
30380.0,30385.0,30382.5,2.5387799e-06,1.2693899e-05,2
30385.0,30390.0,30387.5,1.2693899e-06,6.3469497e-06,1
30390.0,30395.0,30392.5,2.5387799e-06,1.2693899e-05,2
30395.0,30400.0,30397.5,5.0775597e-06,2.5387799e-05,4
30405.0,30410.0,30407.5,1.2693899e-06,6.3469497e-06,1
30410.0,30415.0,30412.5,3.8081698e-06,1.9040849e-05,3
30415.0,30420.0,30417.5,2.5387799e-06,1.2693899e-05,2
30420.0,30425.0,30422.5,6.3469497e-06,3.1734748e-05,5
30425.0,30430.0,30427.5,6.3469497e-06,3.1734748e-05,5
30430.0,30435.0,30432.5,3.8081698e-06,1.9040849e-05,3
30435.0,30440.0,30437.5,5.0775597e-06,2.5387799e-05,4
30440.0,30445.0,30442.5,3.8081698e-06,1.9040849e-05,3
30450.0,30455.0,30452.5,1.2693899e-06,6.3469497e-06,1
30455.0,30460.0,30457.5,3.8081698e-06,1.9040849e-05,3
30460.0,30465.0,30462.5,3.8081698e-06,1.9040849e-05,3
30465.0,30470.0,30467.5,5.0775597e-06,2.5387799e-05,4
30470.0,30475.0,30472.5,3.8081698e-06,1.9040849e-05,3
30475.0,30480.0,30477.5,3.8081698e-06,1.9040849e-05,3
30480.0,30485.0,30482.5,3.8081698e-06,1.9040849e-05,3
30485.0,30490.0,30487.5,2.5387799e-06,1.2693899e-05,2
30490.0,30495.0,30492.5,1.2693899e-06,6.3469497e-06,1
30495.0,30500.0,30497.5,1.2693899e-06,6.3469497e-06,1
30500.0,30505.0,30502.5,2.5387799e-06,1.2693899e-05,2
30505.0,30510.0,30507.5,1.2693899e-06,6.3469497e-06,1
30510.0,30515.0,30512.5,3.8081698e-06,1.9040849e-05,3
30515.0,30520.0,30517.5,3.8081698e-06,1.9040849e-05,3
30520.0,30525.0,30522.5,2.5387799e-06,1.2693899e-05,2
30525.0,30530.0,30527.5,6.3469497e-06,3.1734748e-05,5
30530.0,30535.0,30532.5,2.5387799e-06,1.2693899e-05,2
30535.0,30540.0,30537.5,2.5387799e-06,1.2693899e-05,2
30540.0,30545.0,30542.5,6.3469497e-06,3.1734748e-05,5
30545.0,30550.0,30547.5,3.8081698e-06,1.9040849e-05,3
30550.0,30555.0,30552.5,3.8081698e-06,1.9040849e-05,3
30555.0,30560.0,30557.5,2.5387799e-06,1.2693899e-05,2
30560.0,30565.0,30562.5,7.6163396e-06,3.8081698e-05,6
30565.0,30570.0,30567.5,2.5387799e-06,1.2693899e-05,2
30570.0,30575.0,30572.5,2.5387799e-06,1.2693899e-05,2
30575.0,30580.0,30577.5,6.3469497e-06,3.1734748e-05,5
30580.0,30585.0,30582.5,3.8081698e-06,1.9040849e-05,3
30585.0,30590.0,30587.5,1.2693899e-06,6.3469497e-06,1
30595.0,30600.0,30597.5,1.2693899e-06,6.3469497e-06,1
30600.0,30605.0,30602.5,1.2693899e-06,6.3469497e-06,1
30605.0,30610.0,30607.5,1.2693899e-06,6.3469497e-06,1
30610.0,30615.0,30612.5,1.2693899e-06,6.3469497e-06,1
30615.0,30620.0,30617.5,1.2693899e-06,6.3469497e-06,1
30620.0,30625.0,30622.5,3.8081698e-06,1.9040849e-05,3
30625.0,30630.0,30627.5,6.3469497e-06,3.1734748e-05,5
30635.0,30640.0,30637.5,5.0775597e-06,2.5387799e-05,4
30640.0,30645.0,30642.5,7.6163396e-06,3.8081698e-05,6
30645.0,30650.0,30647.5,3.8081698e-06,1.9040849e-05,3
30650.0,30655.0,30652.5,2.5387799e-06,1.2693899e-05,2
30655.0,30660.0,30657.5,3.8081698e-06,1.9040849e-05,3
30660.0,30665.0,30662.5,1.2693899e-06,6.3469497e-06,1
30665.0,30670.0,30667.5,2.5387799e-06,1.2693899e-05,2
30670.0,30675.0,30672.5,2.5387799e-06,1.2693899e-05,2
30675.0,30680.0,30677.5,5.0775597e-06,2.5387799e-05,4
30680.0,30685.0,30682.5,5.0775597e-06,2.5387799e-05,4
30685.0,30690.0,30687.5,6.3469497e-06,3.1734748e-05,5
30690.0,30695.0,30692.5,3.8081698e-06,1.9040849e-05,3
30695.0,30700.0,30697.5,1.2693899e-06,6.3469497e-06,1
30700.0,30705.0,30702.5,2.5387799e-06,1.2693899e-05,2
30705.0,30710.0,30707.5,7.6163396e-06,3.8081698e-05,6
30720.0,30725.0,30722.5,3.8081698e-06,1.9040849e-05,3
30725.0,30730.0,30727.5,2.5387799e-06,1.2693899e-05,2
30730.0,30735.0,30732.5,2.5387799e-06,1.2693899e-05,2
30735.0,30740.0,30737.5,5.0775597e-06,2.5387799e-05,4
30740.0,30745.0,30742.5,1.2693899e-06,6.3469497e-06,1
30745.0,30750.0,30747.5,5.0775597e-06,2.5387799e-05,4
30750.0,30755.0,30752.5,1.2693899e-06,6.3469497e-06,1
30755.0,30760.0,30757.5,2.5387799e-06,1.2693899e-05,2
30760.0,30765.0,30762.5,5.0775597e-06,2.5387799e-05,4
30765.0,30770.0,30767.5,1.2693899e-06,6.3469497e-06,1
30770.0,30775.0,30772.5,1.2693899e-06,6.3469497e-06,1
30775.0,30780.0,30777.5,2.5387799e-06,1.2693899e-05,2
30780.0,30785.0,30782.5,3.8081698e-06,1.9040849e-05,3
30785.0,30790.0,30787.5,2.5387799e-06,1.2693899e-05,2
30790.0,30795.0,30792.5,2.5387799e-06,1.2693899e-05,2
30795.0,30800.0,30797.5,8.8857295e-06,4.4428648e-05,7
30800.0,30805.0,30802.5,6.3469497e-06,3.1734748e-05,5
30805.0,30810.0,30807.5,3.8081698e-06,1.9040849e-05,3
30810.0,30815.0,30812.5,1.2693899e-06,6.3469497e-06,1
30815.0,30820.0,30817.5,2.5387799e-06,1.2693899e-05,2
30820.0,30825.0,30822.5,3.8081698e-06,1.9040849e-05,3
30825.0,30830.0,30827.5,6.3469497e-06,3.1734748e-05,5
30830.0,30835.0,30832.5,2.5387799e-06,1.2693899e-05,2
30835.0,30840.0,30837.5,6.3469497e-06,3.1734748e-05,5
30840.0,30845.0,30842.5,1.2693899e-06,6.3469497e-06,1
30845.0,30850.0,30847.5,1.2693899e-06,6.3469497e-06,1
30850.0,30855.0,30852.5,6.3469497e-06,3.1734748e-05,5
30855.0,30860.0,30857.5,5.0775597e-06,2.5387799e-05,4
30860.0,30865.0,30862.5,5.0775597e-06,2.5387799e-05,4
30865.0,30870.0,30867.5,6.3469497e-06,3.1734748e-05,5
30870.0,30875.0,30872.5,2.5387799e-06,1.2693899e-05,2
30875.0,30880.0,30877.5,3.8081698e-06,1.9040849e-05,3
30880.0,30885.0,30882.5,3.8081698e-06,1.9040849e-05,3
30885.0,30890.0,30887.5,3.8081698e-06,1.9040849e-05,3
30890.0,30895.0,30892.5,2.5387799e-06,1.2693899e-05,2
30895.0,30900.0,30897.5,1.2693899e-06,6.3469497e-06,1
30900.0,30905.0,30902.5,5.0775597e-06,2.5387799e-05,4
30905.0,30910.0,30907.5,3.8081698e-06,1.9040849e-05,3
30910.0,30915.0,30912.5,3.8081698e-06,1.9040849e-05,3
30915.0,30920.0,30917.5,3.8081698e-06,1.9040849e-05,3
30920.0,30925.0,30922.5,2.5387799e-06,1.2693899e-05,2
30925.0,30930.0,30927.5,5.0775597e-06,2.5387799e-05,4
30930.0,30935.0,30932.5,5.0775597e-06,2.5387799e-05,4
30935.0,30940.0,30937.5,3.8081698e-06,1.9040849e-05,3
30940.0,30945.0,30942.5,3.8081698e-06,1.9040849e-05,3
30945.0,30950.0,30947.5,3.8081698e-06,1.9040849e-05,3
30950.0,30955.0,30952.5,2.5387799e-06,1.2693899e-05,2
30955.0,30960.0,30957.5,6.3469497e-06,3.1734748e-05,5
30960.0,30965.0,30962.5,1.2693899e-06,6.3469497e-06,1
30965.0,30970.0,30967.5,1.2693899e-06,6.3469497e-06,1
30970.0,30975.0,30972.5,2.5387799e-06,1.2693899e-05,2
30975.0,30980.0,30977.5,3.8081698e-06,1.9040849e-05,3
30980.0,30985.0,30982.5,7.6163396e-06,3.8081698e-05,6
30985.0,30990.0,30987.5,2.5387799e-06,1.2693899e-05,2
30990.0,30995.0,30992.5,3.8081698e-06,1.9040849e-05,3
30995.0,31000.0,30997.5,2.5387799e-06,1.2693899e-05,2
31000.0,31005.0,31002.5,2.5387799e-06,1.2693899e-05,2
31005.0,31010.0,31007.5,3.8081698e-06,1.9040849e-05,3
31010.0,31015.0,31012.5,6.3469497e-06,3.1734748e-05,5
31015.0,31020.0,31017.5,5.0775597e-06,2.5387799e-05,4
31020.0,31025.0,31022.5,1.2693899e-06,6.3469497e-06,1
31025.0,31030.0,31027.5,6.3469497e-06,3.1734748e-05,5
31030.0,31035.0,31032.5,2.5387799e-06,1.2693899e-05,2
31035.0,31040.0,31037.5,3.8081698e-06,1.9040849e-05,3
31040.0,31045.0,31042.5,5.0775597e-06,2.5387799e-05,4
31045.0,31050.0,31047.5,2.5387799e-06,1.2693899e-05,2
31050.0,31055.0,31052.5,2.5387799e-06,1.2693899e-05,2
31055.0,31060.0,31057.5,3.8081698e-06,1.9040849e-05,3
31060.0,31065.0,31062.5,3.8081698e-06,1.9040849e-05,3
31065.0,31070.0,31067.5,5.0775597e-06,2.5387799e-05,4
31075.0,31080.0,31077.5,2.5387799e-06,1.2693899e-05,2
31080.0,31085.0,31082.5,1.2693899e-06,6.3469497e-06,1
31085.0,31090.0,31087.5,5.0775597e-06,2.5387799e-05,4
31090.0,31095.0,31092.5,2.5387799e-06,1.2693899e-05,2
31095.0,31100.0,31097.5,3.8081698e-06,1.9040849e-05,3
31100.0,31105.0,31102.5,1.2693899e-06,6.3469497e-06,1
31105.0,31110.0,31107.5,5.0775597e-06,2.5387799e-05,4
31115.0,31120.0,31117.5,1.2693899e-06,6.3469497e-06,1
31120.0,31125.0,31122.5,2.5387799e-06,1.2693899e-05,2
31125.0,31130.0,31127.5,2.5387799e-06,1.2693899e-05,2
31130.0,31135.0,31132.5,3.8081698e-06,1.9040849e-05,3
31135.0,31140.0,31137.5,1.2693899e-06,6.3469497e-06,1
31140.0,31145.0,31142.5,3.8081698e-06,1.9040849e-05,3
31145.0,31150.0,31147.5,3.8081698e-06,1.9040849e-05,3
31150.0,31155.0,31152.5,3.8081698e-06,1.9040849e-05,3
31155.0,31160.0,31157.5,2.5387799e-06,1.2693899e-05,2
31160.0,31165.0,31162.5,5.0775597e-06,2.5387799e-05,4
31165.0,31170.0,31167.5,3.8081698e-06,1.9040849e-05,3
31170.0,31175.0,31172.5,5.0775597e-06,2.5387799e-05,4
31175.0,31180.0,31177.5,1.2693899e-06,6.3469497e-06,1
31180.0,31185.0,31182.5,3.8081698e-06,1.9040849e-05,3
31185.0,31190.0,31187.5,5.0775597e-06,2.5387799e-05,4
31190.0,31195.0,31192.5,1.2693899e-06,6.3469497e-06,1
31195.0,31200.0,31197.5,2.5387799e-06,1.2693899e-05,2
31205.0,31210.0,31207.5,6.3469497e-06,3.1734748e-05,5
31210.0,31215.0,31212.5,3.8081698e-06,1.9040849e-05,3
31215.0,31220.0,31217.5,2.5387799e-06,1.2693899e-05,2
31220.0,31225.0,31222.5,3.8081698e-06,1.9040849e-05,3
31225.0,31230.0,31227.5,6.3469497e-06,3.1734748e-05,5
31230.0,31235.0,31232.5,5.0775597e-06,2.5387799e-05,4
31235.0,31240.0,31237.5,6.3469497e-06,3.1734748e-05,5
31240.0,31245.0,31242.5,1.2693899e-06,6.3469497e-06,1
31245.0,31250.0,31247.5,3.8081698e-06,1.9040849e-05,3
31250.0,31255.0,31252.5,2.5387799e-06,1.2693899e-05,2
31255.0,31260.0,31257.5,2.5387799e-06,1.2693899e-05,2
31260.0,31265.0,31262.5,2.5387799e-06,1.2693899e-05,2
31265.0,31270.0,31267.5,1.2693899e-06,6.3469497e-06,1
31270.0,31275.0,31272.5,2.5387799e-06,1.2693899e-05,2
31275.0,31280.0,31277.5,2.5387799e-06,1.2693899e-05,2
31285.0,31290.0,31287.5,6.3469497e-06,3.1734748e-05,5
31290.0,31295.0,31292.5,3.8081698e-06,1.9040849e-05,3
31295.0,31300.0,31297.5,3.8081698e-06,1.9040849e-05,3
31300.0,31305.0,31302.5,3.8081698e-06,1.9040849e-05,3
31310.0,31315.0,31312.5,6.3469497e-06,3.1734748e-05,5
31315.0,31320.0,31317.5,3.8081698e-06,1.9040849e-05,3
31325.0,31330.0,31327.5,2.5387799e-06,1.2693899e-05,2
31330.0,31335.0,31332.5,1.2693899e-06,6.3469497e-06,1
31335.0,31340.0,31337.5,3.8081698e-06,1.9040849e-05,3
31340.0,31345.0,31342.5,1.2693899e-06,6.3469497e-06,1
31345.0,31350.0,31347.5,2.5387799e-06,1.2693899e-05,2
31350.0,31355.0,31352.5,5.0775597e-06,2.5387799e-05,4
31355.0,31360.0,31357.5,1.2693899e-06,6.3469497e-06,1
31360.0,31365.0,31362.5,1.2693899e-06,6.3469497e-06,1
31365.0,31370.0,31367.5,2.5387799e-06,1.2693899e-05,2
31370.0,31375.0,31372.5,2.5387799e-06,1.2693899e-05,2
31375.0,31380.0,31377.5,3.8081698e-06,1.9040849e-05,3
31380.0,31385.0,31382.5,3.8081698e-06,1.9040849e-05,3
31385.0,31390.0,31387.5,5.0775597e-06,2.5387799e-05,4
31390.0,31395.0,31392.5,6.3469497e-06,3.1734748e-05,5
31395.0,31400.0,31397.5,3.8081698e-06,1.9040849e-05,3
31400.0,31405.0,31402.5,1.2693899e-06,6.3469497e-06,1
31405.0,31410.0,31407.5,2.5387799e-06,1.2693899e-05,2
31410.0,31415.0,31412.5,1.2693899e-06,6.3469497e-06,1
31415.0,31420.0,31417.5,2.5387799e-06,1.2693899e-05,2
31420.0,31425.0,31422.5,3.8081698e-06,1.9040849e-05,3
31425.0,31430.0,31427.5,5.0775597e-06,2.5387799e-05,4
31430.0,31435.0,31432.5,2.5387799e-06,1.2693899e-05,2
31435.0,31440.0,31437.5,6.3469497e-06,3.1734748e-05,5
31440.0,31445.0,31442.5,2.5387799e-06,1.2693899e-05,2
31445.0,31450.0,31447.5,1.2693899e-06,6.3469497e-06,1
31450.0,31455.0,31452.5,6.3469497e-06,3.1734748e-05,5
31455.0,31460.0,31457.5,3.8081698e-06,1.9040849e-05,3
31460.0,31465.0,31462.5,1.2693899e-06,6.3469497e-06,1
31465.0,31470.0,31467.5,1.2693899e-06,6.3469497e-06,1
31470.0,31475.0,31472.5,3.8081698e-06,1.9040849e-05,3
31475.0,31480.0,31477.5,3.8081698e-06,1.9040849e-05,3
31480.0,31485.0,31482.5,1.2693899e-06,6.3469497e-06,1
31490.0,31495.0,31492.5,3.8081698e-06,1.9040849e-05,3
31495.0,31500.0,31497.5,5.0775597e-06,2.5387799e-05,4
31500.0,31505.0,31502.5,5.0775597e-06,2.5387799e-05,4
31505.0,31510.0,31507.5,3.8081698e-06,1.9040849e-05,3
31510.0,31515.0,31512.5,1.2693899e-06,6.3469497e-06,1
31515.0,31520.0,31517.5,1.2693899e-06,6.3469497e-06,1
31520.0,31525.0,31522.5,2.5387799e-06,1.2693899e-05,2
31525.0,31530.0,31527.5,3.8081698e-06,1.9040849e-05,3
31530.0,31535.0,31532.5,1.2693899e-06,6.3469497e-06,1
31535.0,31540.0,31537.5,5.0775597e-06,2.5387799e-05,4
31540.0,31545.0,31542.5,2.5387799e-06,1.2693899e-05,2
31545.0,31550.0,31547.5,3.8081698e-06,1.9040849e-05,3
31550.0,31555.0,31552.5,5.0775597e-06,2.5387799e-05,4
31555.0,31560.0,31557.5,1.2693899e-06,6.3469497e-06,1
31560.0,31565.0,31562.5,7.6163396e-06,3.8081698e-05,6
31565.0,31570.0,31567.5,1.2693899e-06,6.3469497e-06,1
31570.0,31575.0,31572.5,3.8081698e-06,1.9040849e-05,3
31575.0,31580.0,31577.5,3.8081698e-06,1.9040849e-05,3
31580.0,31585.0,31582.5,6.3469497e-06,3.1734748e-05,5
31585.0,31590.0,31587.5,2.5387799e-06,1.2693899e-05,2
31590.0,31595.0,31592.5,6.3469497e-06,3.1734748e-05,5
31595.0,31600.0,31597.5,2.5387799e-06,1.2693899e-05,2
31600.0,31605.0,31602.5,1.2693899e-06,6.3469497e-06,1
31605.0,31610.0,31607.5,3.8081698e-06,1.9040849e-05,3
31610.0,31615.0,31612.5,6.3469497e-06,3.1734748e-05,5
31615.0,31620.0,31617.5,2.5387799e-06,1.2693899e-05,2
31620.0,31625.0,31622.5,2.5387799e-06,1.2693899e-05,2
31625.0,31630.0,31627.5,1.2693899e-06,6.3469497e-06,1
31635.0,31640.0,31637.5,2.5387799e-06,1.2693899e-05,2
31640.0,31645.0,31642.5,5.0775597e-06,2.5387799e-05,4
31645.0,31650.0,31647.5,3.8081698e-06,1.9040849e-05,3
31650.0,31655.0,31652.5,3.8081698e-06,1.9040849e-05,3
31655.0,31660.0,31657.5,2.5387799e-06,1.2693899e-05,2
31660.0,31665.0,31662.5,2.5387799e-06,1.2693899e-05,2
31665.0,31670.0,31667.5,3.8081698e-06,1.9040849e-05,3
31670.0,31675.0,31672.5,1.2693899e-06,6.3469497e-06,1
31675.0,31680.0,31677.5,1.2693899e-06,6.3469497e-06,1
31680.0,31685.0,31682.5,2.5387799e-06,1.2693899e-05,2
31685.0,31690.0,31687.5,3.8081698e-06,1.9040849e-05,3
31690.0,31695.0,31692.5,5.0775597e-06,2.5387799e-05,4
31705.0,31710.0,31707.5,3.8081698e-06,1.9040849e-05,3
31710.0,31715.0,31712.5,6.3469497e-06,3.1734748e-05,5
31715.0,31720.0,31717.5,5.0775597e-06,2.5387799e-05,4
31720.0,31725.0,31722.5,1.2693899e-06,6.3469497e-06,1
31725.0,31730.0,31727.5,3.8081698e-06,1.9040849e-05,3
31730.0,31735.0,31732.5,5.0775597e-06,2.5387799e-05,4
31735.0,31740.0,31737.5,5.0775597e-06,2.5387799e-05,4
31740.0,31745.0,31742.5,1.2693899e-06,6.3469497e-06,1
31745.0,31750.0,31747.5,2.5387799e-06,1.2693899e-05,2
31755.0,31760.0,31757.5,5.0775597e-06,2.5387799e-05,4
31760.0,31765.0,31762.5,2.5387799e-06,1.2693899e-05,2
31765.0,31770.0,31767.5,5.0775597e-06,2.5387799e-05,4
31770.0,31775.0,31772.5,7.6163396e-06,3.8081698e-05,6
31775.0,31780.0,31777.5,2.5387799e-06,1.2693899e-05,2
31780.0,31785.0,31782.5,1.2693899e-06,6.3469497e-06,1
31785.0,31790.0,31787.5,3.8081698e-06,1.9040849e-05,3
31790.0,31795.0,31792.5,2.5387799e-06,1.2693899e-05,2
31795.0,31800.0,31797.5,5.0775597e-06,2.5387799e-05,4
31805.0,31810.0,31807.5,3.8081698e-06,1.9040849e-05,3
31810.0,31815.0,31812.5,1.2693899e-06,6.3469497e-06,1
31815.0,31820.0,31817.5,2.5387799e-06,1.2693899e-05,2
31820.0,31825.0,31822.5,2.5387799e-06,1.2693899e-05,2
31825.0,31830.0,31827.5,1.2693899e-06,6.3469497e-06,1
31830.0,31835.0,31832.5,5.0775597e-06,2.5387799e-05,4
31835.0,31840.0,31837.5,3.8081698e-06,1.9040849e-05,3
31840.0,31845.0,31842.5,2.5387799e-06,1.2693899e-05,2
31850.0,31855.0,31852.5,2.5387799e-06,1.2693899e-05,2
31855.0,31860.0,31857.5,3.8081698e-06,1.9040849e-05,3
31860.0,31865.0,31862.5,6.3469497e-06,3.1734748e-05,5
31865.0,31870.0,31867.5,1.2693899e-06,6.3469497e-06,1
31875.0,31880.0,31877.5,1.1424509e-05,5.7122547e-05,9
31880.0,31885.0,31882.5,3.8081698e-06,1.9040849e-05,3
31885.0,31890.0,31887.5,2.5387799e-06,1.2693899e-05,2
31890.0,31895.0,31892.5,1.2693899e-06,6.3469497e-06,1
31895.0,31900.0,31897.5,6.3469497e-06,3.1734748e-05,5
31900.0,31905.0,31902.5,1.2693899e-06,6.3469497e-06,1
31910.0,31915.0,31912.5,2.5387799e-06,1.2693899e-05,2
31915.0,31920.0,31917.5,3.8081698e-06,1.9040849e-05,3
31925.0,31930.0,31927.5,7.6163396e-06,3.8081698e-05,6
31930.0,31935.0,31932.5,1.2693899e-06,6.3469497e-06,1
31935.0,31940.0,31937.5,2.5387799e-06,1.2693899e-05,2
31940.0,31945.0,31942.5,1.2693899e-06,6.3469497e-06,1
31945.0,31950.0,31947.5,2.5387799e-06,1.2693899e-05,2
31950.0,31955.0,31952.5,3.8081698e-06,1.9040849e-05,3
31955.0,31960.0,31957.5,5.0775597e-06,2.5387799e-05,4
31960.0,31965.0,31962.5,7.6163396e-06,3.8081698e-05,6
31965.0,31970.0,31967.5,2.5387799e-06,1.2693899e-05,2
31975.0,31980.0,31977.5,2.5387799e-06,1.2693899e-05,2
31980.0,31985.0,31982.5,5.0775597e-06,2.5387799e-05,4
31985.0,31990.0,31987.5,1.2693899e-06,6.3469497e-06,1
31990.0,31995.0,31992.5,5.0775597e-06,2.5387799e-05,4
31995.0,32000.0,31997.5,7.6163396e-06,3.8081698e-05,6
32000.0,32005.0,32002.5,3.8081698e-06,1.9040849e-05,3
32005.0,32010.0,32007.5,1.2693899e-06,6.3469497e-06,1
32010.0,32015.0,32012.5,1.2693899e-06,6.3469497e-06,1
32015.0,32020.0,32017.5,6.3469497e-06,3.1734748e-05,5
32020.0,32025.0,32022.5,8.8857295e-06,4.4428648e-05,7
32030.0,32035.0,32032.5,1.2693899e-06,6.3469497e-06,1
32035.0,32040.0,32037.5,3.8081698e-06,1.9040849e-05,3
32045.0,32050.0,32047.5,1.2693899e-06,6.3469497e-06,1
32050.0,32055.0,32052.5,2.5387799e-06,1.2693899e-05,2
32055.0,32060.0,32057.5,2.5387799e-06,1.2693899e-05,2
32060.0,32065.0,32062.5,2.5387799e-06,1.2693899e-05,2
32065.0,32070.0,32067.5,2.5387799e-06,1.2693899e-05,2
32070.0,32075.0,32072.5,3.8081698e-06,1.9040849e-05,3
32080.0,32085.0,32082.5,3.8081698e-06,1.9040849e-05,3
32085.0,32090.0,32087.5,3.8081698e-06,1.9040849e-05,3
32090.0,32095.0,32092.5,1.2693899e-06,6.3469497e-06,1
32095.0,32100.0,32097.5,2.5387799e-06,1.2693899e-05,2
32100.0,32105.0,32102.5,2.5387799e-06,1.2693899e-05,2
32105.0,32110.0,32107.5,6.3469497e-06,3.1734748e-05,5
32110.0,32115.0,32112.5,1.2693899e-06,6.3469497e-06,1
32115.0,32120.0,32117.5,3.8081698e-06,1.9040849e-05,3
32120.0,32125.0,32122.5,2.5387799e-06,1.2693899e-05,2
32125.0,32130.0,32127.5,1.2693899e-06,6.3469497e-06,1
32135.0,32140.0,32137.5,2.5387799e-06,1.2693899e-05,2
32140.0,32145.0,32142.5,3.8081698e-06,1.9040849e-05,3
32145.0,32150.0,32147.5,3.8081698e-06,1.9040849e-05,3
32155.0,32160.0,32157.5,1.2693899e-06,6.3469497e-06,1
32160.0,32165.0,32162.5,1.2693899e-06,6.3469497e-06,1
32165.0,32170.0,32167.5,1.2693899e-06,6.3469497e-06,1
32170.0,32175.0,32172.5,2.5387799e-06,1.2693899e-05,2
32175.0,32180.0,32177.5,7.6163396e-06,3.8081698e-05,6
32180.0,32185.0,32182.5,2.5387799e-06,1.2693899e-05,2
32185.0,32190.0,32187.5,3.8081698e-06,1.9040849e-05,3
32190.0,32195.0,32192.5,3.8081698e-06,1.9040849e-05,3
32195.0,32200.0,32197.5,2.5387799e-06,1.2693899e-05,2
32200.0,32205.0,32202.5,1.2693899e-06,6.3469497e-06,1
32205.0,32210.0,32207.5,1.2693899e-06,6.3469497e-06,1
32210.0,32215.0,32212.5,5.0775597e-06,2.5387799e-05,4
32215.0,32220.0,32217.5,6.3469497e-06,3.1734748e-05,5
32225.0,32230.0,32227.5,2.5387799e-06,1.2693899e-05,2
32230.0,32235.0,32232.5,2.5387799e-06,1.2693899e-05,2
32235.0,32240.0,32237.5,5.0775597e-06,2.5387799e-05,4
32240.0,32245.0,32242.5,3.8081698e-06,1.9040849e-05,3
32245.0,32250.0,32247.5,2.5387799e-06,1.2693899e-05,2
32250.0,32255.0,32252.5,5.0775597e-06,2.5387799e-05,4
32255.0,32260.0,32257.5,3.8081698e-06,1.9040849e-05,3
32260.0,32265.0,32262.5,3.8081698e-06,1.9040849e-05,3
32265.0,32270.0,32267.5,1.2693899e-06,6.3469497e-06,1
32270.0,32275.0,32272.5,2.5387799e-06,1.2693899e-05,2
32275.0,32280.0,32277.5,5.0775597e-06,2.5387799e-05,4
32280.0,32285.0,32282.5,2.5387799e-06,1.2693899e-05,2
32290.0,32295.0,32292.5,3.8081698e-06,1.9040849e-05,3
32295.0,32300.0,32297.5,5.0775597e-06,2.5387799e-05,4
32300.0,32305.0,32302.5,2.5387799e-06,1.2693899e-05,2
32305.0,32310.0,32307.5,3.8081698e-06,1.9040849e-05,3
32310.0,32315.0,32312.5,1.2693899e-06,6.3469497e-06,1
32315.0,32320.0,32317.5,2.5387799e-06,1.2693899e-05,2
32320.0,32325.0,32322.5,2.5387799e-06,1.2693899e-05,2
32325.0,32330.0,32327.5,7.6163396e-06,3.8081698e-05,6
32330.0,32335.0,32332.5,2.5387799e-06,1.2693899e-05,2
32335.0,32340.0,32337.5,3.8081698e-06,1.9040849e-05,3
32340.0,32345.0,32342.5,1.2693899e-06,6.3469497e-06,1
32345.0,32350.0,32347.5,5.0775597e-06,2.5387799e-05,4
32355.0,32360.0,32357.5,5.0775597e-06,2.5387799e-05,4
32360.0,32365.0,32362.5,1.2693899e-06,6.3469497e-06,1
32365.0,32370.0,32367.5,1.2693899e-06,6.3469497e-06,1
32370.0,32375.0,32372.5,1.2693899e-06,6.3469497e-06,1
32375.0,32380.0,32377.5,3.8081698e-06,1.9040849e-05,3
32385.0,32390.0,32387.5,1.2693899e-06,6.3469497e-06,1
32390.0,32395.0,32392.5,2.5387799e-06,1.2693899e-05,2
32400.0,32405.0,32402.5,1.2693899e-06,6.3469497e-06,1
32405.0,32410.0,32407.5,1.2693899e-06,6.3469497e-06,1
32410.0,32415.0,32412.5,2.5387799e-06,1.2693899e-05,2
32415.0,32420.0,32417.5,5.0775597e-06,2.5387799e-05,4
32420.0,32425.0,32422.5,3.8081698e-06,1.9040849e-05,3
32425.0,32430.0,32427.5,1.2693899e-06,6.3469497e-06,1
32430.0,32435.0,32432.5,5.0775597e-06,2.5387799e-05,4
32435.0,32440.0,32437.5,1.2693899e-06,6.3469497e-06,1
32440.0,32445.0,32442.5,2.5387799e-06,1.2693899e-05,2
32445.0,32450.0,32447.5,2.5387799e-06,1.2693899e-05,2
32450.0,32455.0,32452.5,2.5387799e-06,1.2693899e-05,2
32455.0,32460.0,32457.5,2.5387799e-06,1.2693899e-05,2
32460.0,32465.0,32462.5,2.5387799e-06,1.2693899e-05,2
32465.0,32470.0,32467.5,3.8081698e-06,1.9040849e-05,3
32470.0,32475.0,32472.5,1.2693899e-06,6.3469497e-06,1
32475.0,32480.0,32477.5,2.5387799e-06,1.2693899e-05,2
32480.0,32485.0,32482.5,1.2693899e-06,6.3469497e-06,1
32490.0,32495.0,32492.5,3.8081698e-06,1.9040849e-05,3
32495.0,32500.0,32497.5,2.5387799e-06,1.2693899e-05,2
32500.0,32505.0,32502.5,3.8081698e-06,1.9040849e-05,3
32505.0,32510.0,32507.5,1.2693899e-06,6.3469497e-06,1
32510.0,32515.0,32512.5,2.5387799e-06,1.2693899e-05,2
32515.0,32520.0,32517.5,1.2693899e-06,6.3469497e-06,1
32520.0,32525.0,32522.5,2.5387799e-06,1.2693899e-05,2
32525.0,32530.0,32527.5,1.2693899e-06,6.3469497e-06,1
32535.0,32540.0,32537.5,2.5387799e-06,1.2693899e-05,2
32540.0,32545.0,32542.5,3.8081698e-06,1.9040849e-05,3
32545.0,32550.0,32547.5,1.2693899e-06,6.3469497e-06,1
32550.0,32555.0,32552.5,6.3469497e-06,3.1734748e-05,5
32560.0,32565.0,32562.5,2.5387799e-06,1.2693899e-05,2
32565.0,32570.0,32567.5,2.5387799e-06,1.2693899e-05,2
32570.0,32575.0,32572.5,5.0775597e-06,2.5387799e-05,4
32575.0,32580.0,32577.5,1.2693899e-06,6.3469497e-06,1
32580.0,32585.0,32582.5,1.2693899e-06,6.3469497e-06,1
32585.0,32590.0,32587.5,3.8081698e-06,1.9040849e-05,3
32590.0,32595.0,32592.5,5.0775597e-06,2.5387799e-05,4
32605.0,32610.0,32607.5,1.2693899e-06,6.3469497e-06,1
32610.0,32615.0,32612.5,2.5387799e-06,1.2693899e-05,2
32615.0,32620.0,32617.5,5.0775597e-06,2.5387799e-05,4
32620.0,32625.0,32622.5,1.2693899e-06,6.3469497e-06,1
32625.0,32630.0,32627.5,3.8081698e-06,1.9040849e-05,3
32630.0,32635.0,32632.5,3.8081698e-06,1.9040849e-05,3
32635.0,32640.0,32637.5,2.5387799e-06,1.2693899e-05,2
32640.0,32645.0,32642.5,1.2693899e-06,6.3469497e-06,1
32660.0,32665.0,32662.5,7.6163396e-06,3.8081698e-05,6
32665.0,32670.0,32667.5,1.2693899e-06,6.3469497e-06,1
32670.0,32675.0,32672.5,5.0775597e-06,2.5387799e-05,4
32675.0,32680.0,32677.5,7.6163396e-06,3.8081698e-05,6
32680.0,32685.0,32682.5,1.2693899e-06,6.3469497e-06,1
32685.0,32690.0,32687.5,3.8081698e-06,1.9040849e-05,3
32690.0,32695.0,32692.5,2.5387799e-06,1.2693899e-05,2
32695.0,32700.0,32697.5,2.5387799e-06,1.2693899e-05,2
32700.0,32705.0,32702.5,3.8081698e-06,1.9040849e-05,3
32705.0,32710.0,32707.5,3.8081698e-06,1.9040849e-05,3
32710.0,32715.0,32712.5,2.5387799e-06,1.2693899e-05,2
32720.0,32725.0,32722.5,3.8081698e-06,1.9040849e-05,3
32725.0,32730.0,32727.5,3.8081698e-06,1.9040849e-05,3
32730.0,32735.0,32732.5,6.3469497e-06,3.1734748e-05,5
32735.0,32740.0,32737.5,1.2693899e-06,6.3469497e-06,1
32740.0,32745.0,32742.5,2.5387799e-06,1.2693899e-05,2
32745.0,32750.0,32747.5,1.2693899e-06,6.3469497e-06,1
32750.0,32755.0,32752.5,1.2693899e-06,6.3469497e-06,1
32755.0,32760.0,32757.5,1.2693899e-06,6.3469497e-06,1
32760.0,32765.0,32762.5,2.5387799e-06,1.2693899e-05,2
32765.0,32770.0,32767.5,1.2693899e-06,6.3469497e-06,1
32770.0,32775.0,32772.5,1.2693899e-06,6.3469497e-06,1
32775.0,32780.0,32777.5,5.0775597e-06,2.5387799e-05,4
32780.0,32785.0,32782.5,2.5387799e-06,1.2693899e-05,2
32785.0,32790.0,32787.5,5.0775597e-06,2.5387799e-05,4
32790.0,32795.0,32792.5,2.5387799e-06,1.2693899e-05,2
32795.0,32800.0,32797.5,3.8081698e-06,1.9040849e-05,3
32800.0,32805.0,32802.5,2.5387799e-06,1.2693899e-05,2
32805.0,32810.0,32807.5,1.2693899e-06,6.3469497e-06,1
32810.0,32815.0,32812.5,1.2693899e-06,6.3469497e-06,1
32815.0,32820.0,32817.5,3.8081698e-06,1.9040849e-05,3
32820.0,32825.0,32822.5,2.5387799e-06,1.2693899e-05,2
32825.0,32830.0,32827.5,2.5387799e-06,1.2693899e-05,2
32835.0,32840.0,32837.5,3.8081698e-06,1.9040849e-05,3
32840.0,32845.0,32842.5,5.0775597e-06,2.5387799e-05,4
32845.0,32850.0,32847.5,8.8857295e-06,4.4428648e-05,7
32850.0,32855.0,32852.5,2.5387799e-06,1.2693899e-05,2
32855.0,32860.0,32857.5,2.5387799e-06,1.2693899e-05,2
32860.0,32865.0,32862.5,2.5387799e-06,1.2693899e-05,2
32865.0,32870.0,32867.5,2.5387799e-06,1.2693899e-05,2
32875.0,32880.0,32877.5,5.0775597e-06,2.5387799e-05,4
32880.0,32885.0,32882.5,6.3469497e-06,3.1734748e-05,5
32885.0,32890.0,32887.5,1.2693899e-06,6.3469497e-06,1
32890.0,32895.0,32892.5,1.2693899e-06,6.3469497e-06,1
32895.0,32900.0,32897.5,2.5387799e-06,1.2693899e-05,2
32900.0,32905.0,32902.5,2.5387799e-06,1.2693899e-05,2
32905.0,32910.0,32907.5,3.8081698e-06,1.9040849e-05,3
32910.0,32915.0,32912.5,2.5387799e-06,1.2693899e-05,2
32915.0,32920.0,32917.5,5.0775597e-06,2.5387799e-05,4
32920.0,32925.0,32922.5,2.5387799e-06,1.2693899e-05,2
32925.0,32930.0,32927.5,2.5387799e-06,1.2693899e-05,2
32930.0,32935.0,32932.5,7.6163396e-06,3.8081698e-05,6
32935.0,32940.0,32937.5,7.6163396e-06,3.8081698e-05,6
32940.0,32945.0,32942.5,1.2693899e-06,6.3469497e-06,1
32945.0,32950.0,32947.5,6.3469497e-06,3.1734748e-05,5
32950.0,32955.0,32952.5,1.2693899e-06,6.3469497e-06,1
32960.0,32965.0,32962.5,2.5387799e-06,1.2693899e-05,2
32965.0,32970.0,32967.5,1.2693899e-06,6.3469497e-06,1
32970.0,32975.0,32972.5,5.0775597e-06,2.5387799e-05,4
32975.0,32980.0,32977.5,1.2693899e-06,6.3469497e-06,1
32980.0,32985.0,32982.5,2.5387799e-06,1.2693899e-05,2
32985.0,32990.0,32987.5,1.2693899e-06,6.3469497e-06,1
32990.0,32995.0,32992.5,3.8081698e-06,1.9040849e-05,3
32995.0,33000.0,32997.5,1.2693899e-06,6.3469497e-06,1
33000.0,33005.0,33002.5,6.3469497e-06,3.1734748e-05,5
33005.0,33010.0,33007.5,1.2693899e-06,6.3469497e-06,1
33010.0,33015.0,33012.5,6.3469497e-06,3.1734748e-05,5
33015.0,33020.0,33017.5,5.0775597e-06,2.5387799e-05,4
33020.0,33025.0,33022.5,1.2693899e-06,6.3469497e-06,1
33025.0,33030.0,33027.5,3.8081698e-06,1.9040849e-05,3
33030.0,33035.0,33032.5,6.3469497e-06,3.1734748e-05,5
33040.0,33045.0,33042.5,6.3469497e-06,3.1734748e-05,5
33045.0,33050.0,33047.5,2.5387799e-06,1.2693899e-05,2
33055.0,33060.0,33057.5,2.5387799e-06,1.2693899e-05,2
33060.0,33065.0,33062.5,5.0775597e-06,2.5387799e-05,4
33065.0,33070.0,33067.5,5.0775597e-06,2.5387799e-05,4
33075.0,33080.0,33077.5,2.5387799e-06,1.2693899e-05,2
33080.0,33085.0,33082.5,5.0775597e-06,2.5387799e-05,4
33085.0,33090.0,33087.5,3.8081698e-06,1.9040849e-05,3
33090.0,33095.0,33092.5,1.2693899e-06,6.3469497e-06,1
33095.0,33100.0,33097.5,2.5387799e-06,1.2693899e-05,2
33100.0,33105.0,33102.5,1.2693899e-06,6.3469497e-06,1
33105.0,33110.0,33107.5,3.8081698e-06,1.9040849e-05,3
33110.0,33115.0,33112.5,7.6163396e-06,3.8081698e-05,6
33115.0,33120.0,33117.5,5.0775597e-06,2.5387799e-05,4
33120.0,33125.0,33122.5,1.2693899e-06,6.3469497e-06,1
33125.0,33130.0,33127.5,3.8081698e-06,1.9040849e-05,3
33130.0,33135.0,33132.5,3.8081698e-06,1.9040849e-05,3
33135.0,33140.0,33137.5,3.8081698e-06,1.9040849e-05,3
33140.0,33145.0,33142.5,2.5387799e-06,1.2693899e-05,2
33150.0,33155.0,33152.5,2.5387799e-06,1.2693899e-05,2
33155.0,33160.0,33157.5,2.5387799e-06,1.2693899e-05,2
33160.0,33165.0,33162.5,5.0775597e-06,2.5387799e-05,4
33165.0,33170.0,33167.5,3.8081698e-06,1.9040849e-05,3
33170.0,33175.0,33172.5,3.8081698e-06,1.9040849e-05,3
33175.0,33180.0,33177.5,1.2693899e-06,6.3469497e-06,1
33180.0,33185.0,33182.5,3.8081698e-06,1.9040849e-05,3
33185.0,33190.0,33187.5,2.5387799e-06,1.2693899e-05,2
33190.0,33195.0,33192.5,2.5387799e-06,1.2693899e-05,2
33195.0,33200.0,33197.5,1.2693899e-06,6.3469497e-06,1
33200.0,33205.0,33202.5,3.8081698e-06,1.9040849e-05,3
33205.0,33210.0,33207.5,3.8081698e-06,1.9040849e-05,3
33210.0,33215.0,33212.5,3.8081698e-06,1.9040849e-05,3
33220.0,33225.0,33222.5,2.5387799e-06,1.2693899e-05,2
33225.0,33230.0,33227.5,5.0775597e-06,2.5387799e-05,4
33230.0,33235.0,33232.5,5.0775597e-06,2.5387799e-05,4
33240.0,33245.0,33242.5,1.2693899e-06,6.3469497e-06,1
33245.0,33250.0,33247.5,5.0775597e-06,2.5387799e-05,4
33250.0,33255.0,33252.5,3.8081698e-06,1.9040849e-05,3
33255.0,33260.0,33257.5,1.2693899e-06,6.3469497e-06,1
33260.0,33265.0,33262.5,2.5387799e-06,1.2693899e-05,2
33265.0,33270.0,33267.5,2.5387799e-06,1.2693899e-05,2
33270.0,33275.0,33272.5,2.5387799e-06,1.2693899e-05,2
33275.0,33280.0,33277.5,2.5387799e-06,1.2693899e-05,2
33280.0,33285.0,33282.5,2.5387799e-06,1.2693899e-05,2
33285.0,33290.0,33287.5,3.8081698e-06,1.9040849e-05,3
33290.0,33295.0,33292.5,5.0775597e-06,2.5387799e-05,4
33295.0,33300.0,33297.5,1.2693899e-06,6.3469497e-06,1
33300.0,33305.0,33302.5,2.5387799e-06,1.2693899e-05,2
33305.0,33310.0,33307.5,1.2693899e-06,6.3469497e-06,1
33310.0,33315.0,33312.5,2.5387799e-06,1.2693899e-05,2
33315.0,33320.0,33317.5,1.2693899e-06,6.3469497e-06,1
33320.0,33325.0,33322.5,3.8081698e-06,1.9040849e-05,3
33325.0,33330.0,33327.5,5.0775597e-06,2.5387799e-05,4
33330.0,33335.0,33332.5,5.0775597e-06,2.5387799e-05,4
33340.0,33345.0,33342.5,2.5387799e-06,1.2693899e-05,2
33345.0,33350.0,33347.5,2.5387799e-06,1.2693899e-05,2
33350.0,33355.0,33352.5,1.2693899e-06,6.3469497e-06,1
33355.0,33360.0,33357.5,2.5387799e-06,1.2693899e-05,2
33360.0,33365.0,33362.5,1.2693899e-06,6.3469497e-06,1
33365.0,33370.0,33367.5,6.3469497e-06,3.1734748e-05,5
33370.0,33375.0,33372.5,2.5387799e-06,1.2693899e-05,2
33375.0,33380.0,33377.5,1.2693899e-06,6.3469497e-06,1
33390.0,33395.0,33392.5,2.5387799e-06,1.2693899e-05,2
33395.0,33400.0,33397.5,1.2693899e-06,6.3469497e-06,1
33400.0,33405.0,33402.5,1.2693899e-06,6.3469497e-06,1
33405.0,33410.0,33407.5,1.2693899e-06,6.3469497e-06,1
33410.0,33415.0,33412.5,3.8081698e-06,1.9040849e-05,3
33415.0,33420.0,33417.5,2.5387799e-06,1.2693899e-05,2
33420.0,33425.0,33422.5,5.0775597e-06,2.5387799e-05,4
33430.0,33435.0,33432.5,2.5387799e-06,1.2693899e-05,2
33435.0,33440.0,33437.5,1.2693899e-06,6.3469497e-06,1
33440.0,33445.0,33442.5,3.8081698e-06,1.9040849e-05,3
33450.0,33455.0,33452.5,3.8081698e-06,1.9040849e-05,3
33455.0,33460.0,33457.5,1.2693899e-06,6.3469497e-06,1
33460.0,33465.0,33462.5,1.2693899e-06,6.3469497e-06,1
33465.0,33470.0,33467.5,3.8081698e-06,1.9040849e-05,3
33470.0,33475.0,33472.5,1.2693899e-06,6.3469497e-06,1
33475.0,33480.0,33477.5,6.3469497e-06,3.1734748e-05,5
33490.0,33495.0,33492.5,2.5387799e-06,1.2693899e-05,2
33495.0,33500.0,33497.5,2.5387799e-06,1.2693899e-05,2
33500.0,33505.0,33502.5,6.3469497e-06,3.1734748e-05,5
33505.0,33510.0,33507.5,3.8081698e-06,1.9040849e-05,3
33520.0,33525.0,33522.5,5.0775597e-06,2.5387799e-05,4
33525.0,33530.0,33527.5,2.5387799e-06,1.2693899e-05,2
33530.0,33535.0,33532.5,3.8081698e-06,1.9040849e-05,3
33535.0,33540.0,33537.5,3.8081698e-06,1.9040849e-05,3
33540.0,33545.0,33542.5,2.5387799e-06,1.2693899e-05,2
33550.0,33555.0,33552.5,2.5387799e-06,1.2693899e-05,2
33555.0,33560.0,33557.5,3.8081698e-06,1.9040849e-05,3
33560.0,33565.0,33562.5,1.2693899e-06,6.3469497e-06,1
33565.0,33570.0,33567.5,3.8081698e-06,1.9040849e-05,3
33570.0,33575.0,33572.5,2.5387799e-06,1.2693899e-05,2
33580.0,33585.0,33582.5,1.2693899e-06,6.3469497e-06,1
33585.0,33590.0,33587.5,2.5387799e-06,1.2693899e-05,2
33590.0,33595.0,33592.5,2.5387799e-06,1.2693899e-05,2
33595.0,33600.0,33597.5,6.3469497e-06,3.1734748e-05,5
33600.0,33605.0,33602.5,2.5387799e-06,1.2693899e-05,2
33605.0,33610.0,33607.5,1.2693899e-06,6.3469497e-06,1
33610.0,33615.0,33612.5,2.5387799e-06,1.2693899e-05,2
33615.0,33620.0,33617.5,5.0775597e-06,2.5387799e-05,4
33620.0,33625.0,33622.5,3.8081698e-06,1.9040849e-05,3
33625.0,33630.0,33627.5,2.5387799e-06,1.2693899e-05,2
33630.0,33635.0,33632.5,2.5387799e-06,1.2693899e-05,2
33635.0,33640.0,33637.5,2.5387799e-06,1.2693899e-05,2
33640.0,33645.0,33642.5,3.8081698e-06,1.9040849e-05,3
33645.0,33650.0,33647.5,2.5387799e-06,1.2693899e-05,2
33655.0,33660.0,33657.5,1.2693899e-06,6.3469497e-06,1
33660.0,33665.0,33662.5,2.5387799e-06,1.2693899e-05,2
33665.0,33670.0,33667.5,1.2693899e-06,6.3469497e-06,1
33670.0,33675.0,33672.5,2.5387799e-06,1.2693899e-05,2
33675.0,33680.0,33677.5,7.6163396e-06,3.8081698e-05,6
33680.0,33685.0,33682.5,2.5387799e-06,1.2693899e-05,2
33685.0,33690.0,33687.5,5.0775597e-06,2.5387799e-05,4
33690.0,33695.0,33692.5,1.2693899e-06,6.3469497e-06,1
33695.0,33700.0,33697.5,1.2693899e-06,6.3469497e-06,1
33700.0,33705.0,33702.5,2.5387799e-06,1.2693899e-05,2
33705.0,33710.0,33707.5,2.5387799e-06,1.2693899e-05,2
33710.0,33715.0,33712.5,1.2693899e-06,6.3469497e-06,1
33715.0,33720.0,33717.5,1.2693899e-06,6.3469497e-06,1
33720.0,33725.0,33722.5,3.8081698e-06,1.9040849e-05,3
33725.0,33730.0,33727.5,3.8081698e-06,1.9040849e-05,3
33730.0,33735.0,33732.5,3.8081698e-06,1.9040849e-05,3
33735.0,33740.0,33737.5,2.5387799e-06,1.2693899e-05,2
33740.0,33745.0,33742.5,2.5387799e-06,1.2693899e-05,2
33745.0,33750.0,33747.5,5.0775597e-06,2.5387799e-05,4
33750.0,33755.0,33752.5,2.5387799e-06,1.2693899e-05,2
33755.0,33760.0,33757.5,5.0775597e-06,2.5387799e-05,4
33765.0,33770.0,33767.5,6.3469497e-06,3.1734748e-05,5
33770.0,33775.0,33772.5,1.2693899e-06,6.3469497e-06,1
33775.0,33780.0,33777.5,2.5387799e-06,1.2693899e-05,2
33780.0,33785.0,33782.5,3.8081698e-06,1.9040849e-05,3
33785.0,33790.0,33787.5,1.2693899e-06,6.3469497e-06,1
33790.0,33795.0,33792.5,1.2693899e-06,6.3469497e-06,1
33795.0,33800.0,33797.5,2.5387799e-06,1.2693899e-05,2
33800.0,33805.0,33802.5,1.2693899e-06,6.3469497e-06,1
33805.0,33810.0,33807.5,1.2693899e-06,6.3469497e-06,1
33810.0,33815.0,33812.5,5.0775597e-06,2.5387799e-05,4
33815.0,33820.0,33817.5,2.5387799e-06,1.2693899e-05,2
33820.0,33825.0,33822.5,6.3469497e-06,3.1734748e-05,5
33825.0,33830.0,33827.5,2.5387799e-06,1.2693899e-05,2
33830.0,33835.0,33832.5,1.2693899e-06,6.3469497e-06,1
33835.0,33840.0,33837.5,1.2693899e-06,6.3469497e-06,1
33840.0,33845.0,33842.5,1.2693899e-06,6.3469497e-06,1
33845.0,33850.0,33847.5,1.2693899e-06,6.3469497e-06,1
33850.0,33855.0,33852.5,3.8081698e-06,1.9040849e-05,3
33855.0,33860.0,33857.5,2.5387799e-06,1.2693899e-05,2
33860.0,33865.0,33862.5,2.5387799e-06,1.2693899e-05,2
33870.0,33875.0,33872.5,5.0775597e-06,2.5387799e-05,4
33880.0,33885.0,33882.5,2.5387799e-06,1.2693899e-05,2
33885.0,33890.0,33887.5,1.2693899e-06,6.3469497e-06,1
33890.0,33895.0,33892.5,1.2693899e-06,6.3469497e-06,1
33895.0,33900.0,33897.5,3.8081698e-06,1.9040849e-05,3
33900.0,33905.0,33902.5,2.5387799e-06,1.2693899e-05,2
33905.0,33910.0,33907.5,3.8081698e-06,1.9040849e-05,3
33910.0,33915.0,33912.5,3.8081698e-06,1.9040849e-05,3
33915.0,33920.0,33917.5,1.2693899e-06,6.3469497e-06,1
33920.0,33925.0,33922.5,1.2693899e-06,6.3469497e-06,1
33930.0,33935.0,33932.5,2.5387799e-06,1.2693899e-05,2
33935.0,33940.0,33937.5,2.5387799e-06,1.2693899e-05,2
33940.0,33945.0,33942.5,2.5387799e-06,1.2693899e-05,2
33945.0,33950.0,33947.5,5.0775597e-06,2.5387799e-05,4
33950.0,33955.0,33952.5,2.5387799e-06,1.2693899e-05,2
33955.0,33960.0,33957.5,1.2693899e-06,6.3469497e-06,1
33960.0,33965.0,33962.5,2.5387799e-06,1.2693899e-05,2
33965.0,33970.0,33967.5,1.2693899e-06,6.3469497e-06,1
33970.0,33975.0,33972.5,2.5387799e-06,1.2693899e-05,2
33975.0,33980.0,33977.5,2.5387799e-06,1.2693899e-05,2
33980.0,33985.0,33982.5,5.0775597e-06,2.5387799e-05,4
33985.0,33990.0,33987.5,2.5387799e-06,1.2693899e-05,2
33990.0,33995.0,33992.5,3.8081698e-06,1.9040849e-05,3
33995.0,34000.0,33997.5,7.6163396e-06,3.8081698e-05,6
34000.0,34005.0,34002.5,2.5387799e-06,1.2693899e-05,2
34010.0,34015.0,34012.5,3.8081698e-06,1.9040849e-05,3
34015.0,34020.0,34017.5,3.8081698e-06,1.9040849e-05,3
34020.0,34025.0,34022.5,1.2693899e-06,6.3469497e-06,1
34030.0,34035.0,34032.5,1.2693899e-06,6.3469497e-06,1
34035.0,34040.0,34037.5,1.2693899e-06,6.3469497e-06,1
34040.0,34045.0,34042.5,2.5387799e-06,1.2693899e-05,2
34045.0,34050.0,34047.5,3.8081698e-06,1.9040849e-05,3
34050.0,34055.0,34052.5,6.3469497e-06,3.1734748e-05,5
34055.0,34060.0,34057.5,2.5387799e-06,1.2693899e-05,2
34060.0,34065.0,34062.5,5.0775597e-06,2.5387799e-05,4
34065.0,34070.0,34067.5,1.2693899e-06,6.3469497e-06,1
34070.0,34075.0,34072.5,3.8081698e-06,1.9040849e-05,3
34075.0,34080.0,34077.5,2.5387799e-06,1.2693899e-05,2
34080.0,34085.0,34082.5,3.8081698e-06,1.9040849e-05,3
34085.0,34090.0,34087.5,1.2693899e-06,6.3469497e-06,1
34095.0,34100.0,34097.5,3.8081698e-06,1.9040849e-05,3
34105.0,34110.0,34107.5,1.2693899e-06,6.3469497e-06,1
34110.0,34115.0,34112.5,2.5387799e-06,1.2693899e-05,2
34115.0,34120.0,34117.5,1.2693899e-06,6.3469497e-06,1
34120.0,34125.0,34122.5,1.2693899e-06,6.3469497e-06,1
34125.0,34130.0,34127.5,5.0775597e-06,2.5387799e-05,4
34130.0,34135.0,34132.5,5.0775597e-06,2.5387799e-05,4
34145.0,34150.0,34147.5,2.5387799e-06,1.2693899e-05,2
34150.0,34155.0,34152.5,1.2693899e-06,6.3469497e-06,1
34155.0,34160.0,34157.5,1.2693899e-06,6.3469497e-06,1
34160.0,34165.0,34162.5,1.2693899e-06,6.3469497e-06,1
34165.0,34170.0,34167.5,3.8081698e-06,1.9040849e-05,3
34175.0,34180.0,34177.5,2.5387799e-06,1.2693899e-05,2
34190.0,34195.0,34192.5,1.2693899e-06,6.3469497e-06,1
34195.0,34200.0,34197.5,1.2693899e-06,6.3469497e-06,1
34205.0,34210.0,34207.5,2.5387799e-06,1.2693899e-05,2
34210.0,34215.0,34212.5,5.0775597e-06,2.5387799e-05,4
34215.0,34220.0,34217.5,5.0775597e-06,2.5387799e-05,4
34220.0,34225.0,34222.5,1.2693899e-06,6.3469497e-06,1
34225.0,34230.0,34227.5,5.0775597e-06,2.5387799e-05,4
34230.0,34235.0,34232.5,1.2693899e-06,6.3469497e-06,1
34235.0,34240.0,34237.5,2.5387799e-06,1.2693899e-05,2
34240.0,34245.0,34242.5,2.5387799e-06,1.2693899e-05,2
34245.0,34250.0,34247.5,2.5387799e-06,1.2693899e-05,2
34250.0,34255.0,34252.5,8.8857295e-06,4.4428648e-05,7
34255.0,34260.0,34257.5,1.2693899e-06,6.3469497e-06,1
34260.0,34265.0,34262.5,6.3469497e-06,3.1734748e-05,5
34265.0,34270.0,34267.5,2.5387799e-06,1.2693899e-05,2
34270.0,34275.0,34272.5,2.5387799e-06,1.2693899e-05,2
34275.0,34280.0,34277.5,1.2693899e-06,6.3469497e-06,1
34295.0,34300.0,34297.5,1.2693899e-06,6.3469497e-06,1
34300.0,34305.0,34302.5,2.5387799e-06,1.2693899e-05,2
34305.0,34310.0,34307.5,5.0775597e-06,2.5387799e-05,4
34310.0,34315.0,34312.5,7.6163396e-06,3.8081698e-05,6
34315.0,34320.0,34317.5,1.2693899e-06,6.3469497e-06,1
34320.0,34325.0,34322.5,3.8081698e-06,1.9040849e-05,3
34325.0,34330.0,34327.5,1.2693899e-06,6.3469497e-06,1
34330.0,34335.0,34332.5,2.5387799e-06,1.2693899e-05,2
34335.0,34340.0,34337.5,2.5387799e-06,1.2693899e-05,2
34340.0,34345.0,34342.5,5.0775597e-06,2.5387799e-05,4
34350.0,34355.0,34352.5,5.0775597e-06,2.5387799e-05,4
34355.0,34360.0,34357.5,2.5387799e-06,1.2693899e-05,2
34360.0,34365.0,34362.5,2.5387799e-06,1.2693899e-05,2
34365.0,34370.0,34367.5,2.5387799e-06,1.2693899e-05,2
34370.0,34375.0,34372.5,3.8081698e-06,1.9040849e-05,3
34375.0,34380.0,34377.5,1.2693899e-06,6.3469497e-06,1
34385.0,34390.0,34387.5,1.2693899e-06,6.3469497e-06,1
34390.0,34395.0,34392.5,5.0775597e-06,2.5387799e-05,4
34395.0,34400.0,34397.5,5.0775597e-06,2.5387799e-05,4
34400.0,34405.0,34402.5,1.2693899e-06,6.3469497e-06,1
34405.0,34410.0,34407.5,1.2693899e-06,6.3469497e-06,1
34410.0,34415.0,34412.5,5.0775597e-06,2.5387799e-05,4
34415.0,34420.0,34417.5,1.2693899e-06,6.3469497e-06,1
34425.0,34430.0,34427.5,1.2693899e-06,6.3469497e-06,1
34435.0,34440.0,34437.5,3.8081698e-06,1.9040849e-05,3
34440.0,34445.0,34442.5,2.5387799e-06,1.2693899e-05,2
34445.0,34450.0,34447.5,1.2693899e-06,6.3469497e-06,1
34450.0,34455.0,34452.5,5.0775597e-06,2.5387799e-05,4
34455.0,34460.0,34457.5,1.2693899e-06,6.3469497e-06,1
34460.0,34465.0,34462.5,2.5387799e-06,1.2693899e-05,2
34465.0,34470.0,34467.5,3.8081698e-06,1.9040849e-05,3
34475.0,34480.0,34477.5,1.2693899e-06,6.3469497e-06,1
34480.0,34485.0,34482.5,3.8081698e-06,1.9040849e-05,3
34485.0,34490.0,34487.5,2.5387799e-06,1.2693899e-05,2
34490.0,34495.0,34492.5,1.2693899e-06,6.3469497e-06,1
34495.0,34500.0,34497.5,2.5387799e-06,1.2693899e-05,2
34500.0,34505.0,34502.5,2.5387799e-06,1.2693899e-05,2
34505.0,34510.0,34507.5,1.2693899e-06,6.3469497e-06,1
34510.0,34515.0,34512.5,2.5387799e-06,1.2693899e-05,2
34515.0,34520.0,34517.5,1.2693899e-06,6.3469497e-06,1
34520.0,34525.0,34522.5,2.5387799e-06,1.2693899e-05,2
34525.0,34530.0,34527.5,2.5387799e-06,1.2693899e-05,2
34530.0,34535.0,34532.5,2.5387799e-06,1.2693899e-05,2
34535.0,34540.0,34537.5,2.5387799e-06,1.2693899e-05,2
34540.0,34545.0,34542.5,2.5387799e-06,1.2693899e-05,2
34555.0,34560.0,34557.5,1.2693899e-06,6.3469497e-06,1
34560.0,34565.0,34562.5,2.5387799e-06,1.2693899e-05,2
34565.0,34570.0,34567.5,2.5387799e-06,1.2693899e-05,2
34570.0,34575.0,34572.5,2.5387799e-06,1.2693899e-05,2
34575.0,34580.0,34577.5,1.2693899e-06,6.3469497e-06,1
34580.0,34585.0,34582.5,3.8081698e-06,1.9040849e-05,3
34585.0,34590.0,34587.5,1.2693899e-06,6.3469497e-06,1
34590.0,34595.0,34592.5,1.2693899e-06,6.3469497e-06,1
34595.0,34600.0,34597.5,6.3469497e-06,3.1734748e-05,5
34600.0,34605.0,34602.5,3.8081698e-06,1.9040849e-05,3
34605.0,34610.0,34607.5,2.5387799e-06,1.2693899e-05,2
34615.0,34620.0,34617.5,1.2693899e-06,6.3469497e-06,1
34620.0,34625.0,34622.5,2.5387799e-06,1.2693899e-05,2
34625.0,34630.0,34627.5,2.5387799e-06,1.2693899e-05,2
34635.0,34640.0,34637.5,5.0775597e-06,2.5387799e-05,4
34640.0,34645.0,34642.5,6.3469497e-06,3.1734748e-05,5
34645.0,34650.0,34647.5,5.0775597e-06,2.5387799e-05,4
34655.0,34660.0,34657.5,6.3469497e-06,3.1734748e-05,5
34660.0,34665.0,34662.5,5.0775597e-06,2.5387799e-05,4
34670.0,34675.0,34672.5,2.5387799e-06,1.2693899e-05,2
34675.0,34680.0,34677.5,6.3469497e-06,3.1734748e-05,5
34680.0,34685.0,34682.5,1.2693899e-06,6.3469497e-06,1
34685.0,34690.0,34687.5,2.5387799e-06,1.2693899e-05,2
34695.0,34700.0,34697.5,2.5387799e-06,1.2693899e-05,2
34705.0,34710.0,34707.5,3.8081698e-06,1.9040849e-05,3
34710.0,34715.0,34712.5,5.0775597e-06,2.5387799e-05,4
34715.0,34720.0,34717.5,2.5387799e-06,1.2693899e-05,2
34720.0,34725.0,34722.5,5.0775597e-06,2.5387799e-05,4
34725.0,34730.0,34727.5,2.5387799e-06,1.2693899e-05,2
34735.0,34740.0,34737.5,3.8081698e-06,1.9040849e-05,3
34740.0,34745.0,34742.5,2.5387799e-06,1.2693899e-05,2
34745.0,34750.0,34747.5,1.2693899e-06,6.3469497e-06,1
34750.0,34755.0,34752.5,7.6163396e-06,3.8081698e-05,6
34755.0,34760.0,34757.5,2.5387799e-06,1.2693899e-05,2
34760.0,34765.0,34762.5,2.5387799e-06,1.2693899e-05,2
34765.0,34770.0,34767.5,3.8081698e-06,1.9040849e-05,3
34770.0,34775.0,34772.5,3.8081698e-06,1.9040849e-05,3
34775.0,34780.0,34777.5,1.2693899e-06,6.3469497e-06,1
34780.0,34785.0,34782.5,6.3469497e-06,3.1734748e-05,5
34785.0,34790.0,34787.5,3.8081698e-06,1.9040849e-05,3
34790.0,34795.0,34792.5,2.5387799e-06,1.2693899e-05,2
34795.0,34800.0,34797.5,5.0775597e-06,2.5387799e-05,4
34805.0,34810.0,34807.5,5.0775597e-06,2.5387799e-05,4
34810.0,34815.0,34812.5,2.5387799e-06,1.2693899e-05,2
34825.0,34830.0,34827.5,2.5387799e-06,1.2693899e-05,2
34830.0,34835.0,34832.5,3.8081698e-06,1.9040849e-05,3
34840.0,34845.0,34842.5,1.2693899e-06,6.3469497e-06,1
34845.0,34850.0,34847.5,3.8081698e-06,1.9040849e-05,3
34855.0,34860.0,34857.5,1.2693899e-06,6.3469497e-06,1
34860.0,34865.0,34862.5,3.8081698e-06,1.9040849e-05,3
34865.0,34870.0,34867.5,2.5387799e-06,1.2693899e-05,2
34870.0,34875.0,34872.5,2.5387799e-06,1.2693899e-05,2
34875.0,34880.0,34877.5,1.2693899e-06,6.3469497e-06,1
34880.0,34885.0,34882.5,2.5387799e-06,1.2693899e-05,2
34885.0,34890.0,34887.5,2.5387799e-06,1.2693899e-05,2
34890.0,34895.0,34892.5,2.5387799e-06,1.2693899e-05,2
34900.0,34905.0,34902.5,3.8081698e-06,1.9040849e-05,3
34905.0,34910.0,34907.5,2.5387799e-06,1.2693899e-05,2
34910.0,34915.0,34912.5,3.8081698e-06,1.9040849e-05,3
34915.0,34920.0,34917.5,2.5387799e-06,1.2693899e-05,2
34920.0,34925.0,34922.5,1.2693899e-06,6.3469497e-06,1
34925.0,34930.0,34927.5,3.8081698e-06,1.9040849e-05,3
34930.0,34935.0,34932.5,1.2693899e-06,6.3469497e-06,1
34935.0,34940.0,34937.5,2.5387799e-06,1.2693899e-05,2
34940.0,34945.0,34942.5,1.2693899e-06,6.3469497e-06,1
34945.0,34950.0,34947.5,3.8081698e-06,1.9040849e-05,3
34950.0,34955.0,34952.5,2.5387799e-06,1.2693899e-05,2
34955.0,34960.0,34957.5,2.5387799e-06,1.2693899e-05,2
34970.0,34975.0,34972.5,2.5387799e-06,1.2693899e-05,2
34975.0,34980.0,34977.5,1.2693899e-06,6.3469497e-06,1
34980.0,34985.0,34982.5,7.6163396e-06,3.8081698e-05,6
34990.0,34995.0,34992.5,1.2693899e-06,6.3469497e-06,1
34995.0,35000.0,34997.5,3.8081698e-06,1.9040849e-05,3
35000.0,35005.0,35002.5,1.2693899e-06,6.3469497e-06,1
35005.0,35010.0,35007.5,2.5387799e-06,1.2693899e-05,2
35010.0,35015.0,35012.5,3.8081698e-06,1.9040849e-05,3
35020.0,35025.0,35022.5,2.5387799e-06,1.2693899e-05,2
35030.0,35035.0,35032.5,3.8081698e-06,1.9040849e-05,3
35035.0,35040.0,35037.5,3.8081698e-06,1.9040849e-05,3
35060.0,35065.0,35062.5,1.2693899e-06,6.3469497e-06,1
35065.0,35070.0,35067.5,1.2693899e-06,6.3469497e-06,1
35070.0,35075.0,35072.5,3.8081698e-06,1.9040849e-05,3
35075.0,35080.0,35077.5,2.5387799e-06,1.2693899e-05,2
35080.0,35085.0,35082.5,1.2693899e-06,6.3469497e-06,1
35085.0,35090.0,35087.5,2.5387799e-06,1.2693899e-05,2
35090.0,35095.0,35092.5,2.5387799e-06,1.2693899e-05,2
35095.0,35100.0,35097.5,3.8081698e-06,1.9040849e-05,3
35105.0,35110.0,35107.5,5.0775597e-06,2.5387799e-05,4
35110.0,35115.0,35112.5,2.5387799e-06,1.2693899e-05,2
35115.0,35120.0,35117.5,2.5387799e-06,1.2693899e-05,2
35120.0,35125.0,35122.5,1.2693899e-06,6.3469497e-06,1
35125.0,35130.0,35127.5,3.8081698e-06,1.9040849e-05,3
35135.0,35140.0,35137.5,3.8081698e-06,1.9040849e-05,3
35140.0,35145.0,35142.5,6.3469497e-06,3.1734748e-05,5
35145.0,35150.0,35147.5,1.2693899e-06,6.3469497e-06,1
35150.0,35155.0,35152.5,2.5387799e-06,1.2693899e-05,2
35155.0,35160.0,35157.5,1.2693899e-06,6.3469497e-06,1
35160.0,35165.0,35162.5,1.2693899e-06,6.3469497e-06,1
35165.0,35170.0,35167.5,1.2693899e-06,6.3469497e-06,1
35170.0,35175.0,35172.5,2.5387799e-06,1.2693899e-05,2
35175.0,35180.0,35177.5,3.8081698e-06,1.9040849e-05,3
35180.0,35185.0,35182.5,3.8081698e-06,1.9040849e-05,3
35185.0,35190.0,35187.5,1.2693899e-06,6.3469497e-06,1
35190.0,35195.0,35192.5,2.5387799e-06,1.2693899e-05,2
35195.0,35200.0,35197.5,1.2693899e-06,6.3469497e-06,1
35200.0,35205.0,35202.5,2.5387799e-06,1.2693899e-05,2
35205.0,35210.0,35207.5,2.5387799e-06,1.2693899e-05,2
35210.0,35215.0,35212.5,1.2693899e-06,6.3469497e-06,1
35215.0,35220.0,35217.5,1.2693899e-06,6.3469497e-06,1
35220.0,35225.0,35222.5,5.0775597e-06,2.5387799e-05,4
35225.0,35230.0,35227.5,1.2693899e-06,6.3469497e-06,1
35230.0,35235.0,35232.5,1.2693899e-06,6.3469497e-06,1
35235.0,35240.0,35237.5,5.0775597e-06,2.5387799e-05,4
35240.0,35245.0,35242.5,1.2693899e-06,6.3469497e-06,1
35245.0,35250.0,35247.5,2.5387799e-06,1.2693899e-05,2
35250.0,35255.0,35252.5,1.2693899e-06,6.3469497e-06,1
35255.0,35260.0,35257.5,3.8081698e-06,1.9040849e-05,3
35260.0,35265.0,35262.5,3.8081698e-06,1.9040849e-05,3
35265.0,35270.0,35267.5,1.2693899e-06,6.3469497e-06,1
35275.0,35280.0,35277.5,1.2693899e-06,6.3469497e-06,1
35280.0,35285.0,35282.5,2.5387799e-06,1.2693899e-05,2
35285.0,35290.0,35287.5,3.8081698e-06,1.9040849e-05,3
35295.0,35300.0,35297.5,1.2693899e-06,6.3469497e-06,1
35300.0,35305.0,35302.5,2.5387799e-06,1.2693899e-05,2
35305.0,35310.0,35307.5,1.2693899e-06,6.3469497e-06,1
35310.0,35315.0,35312.5,1.2693899e-06,6.3469497e-06,1
35315.0,35320.0,35317.5,2.5387799e-06,1.2693899e-05,2
35320.0,35325.0,35322.5,2.5387799e-06,1.2693899e-05,2
35325.0,35330.0,35327.5,1.2693899e-06,6.3469497e-06,1
35330.0,35335.0,35332.5,1.2693899e-06,6.3469497e-06,1
35335.0,35340.0,35337.5,1.2693899e-06,6.3469497e-06,1
35340.0,35345.0,35342.5,2.5387799e-06,1.2693899e-05,2
35350.0,35355.0,35352.5,3.8081698e-06,1.9040849e-05,3
35355.0,35360.0,35357.5,3.8081698e-06,1.9040849e-05,3
35365.0,35370.0,35367.5,1.2693899e-06,6.3469497e-06,1
35375.0,35380.0,35377.5,6.3469497e-06,3.1734748e-05,5
35380.0,35385.0,35382.5,2.5387799e-06,1.2693899e-05,2
35385.0,35390.0,35387.5,1.2693899e-06,6.3469497e-06,1
35390.0,35395.0,35392.5,3.8081698e-06,1.9040849e-05,3
35395.0,35400.0,35397.5,3.8081698e-06,1.9040849e-05,3
35400.0,35405.0,35402.5,2.5387799e-06,1.2693899e-05,2
35405.0,35410.0,35407.5,5.0775597e-06,2.5387799e-05,4
35410.0,35415.0,35412.5,2.5387799e-06,1.2693899e-05,2
35420.0,35425.0,35422.5,3.8081698e-06,1.9040849e-05,3
35425.0,35430.0,35427.5,2.5387799e-06,1.2693899e-05,2
35430.0,35435.0,35432.5,1.2693899e-06,6.3469497e-06,1
35435.0,35440.0,35437.5,1.2693899e-06,6.3469497e-06,1
35440.0,35445.0,35442.5,3.8081698e-06,1.9040849e-05,3
35445.0,35450.0,35447.5,2.5387799e-06,1.2693899e-05,2
35450.0,35455.0,35452.5,1.2693899e-06,6.3469497e-06,1
35455.0,35460.0,35457.5,1.2693899e-06,6.3469497e-06,1
35460.0,35465.0,35462.5,1.2693899e-06,6.3469497e-06,1
35470.0,35475.0,35472.5,3.8081698e-06,1.9040849e-05,3
35475.0,35480.0,35477.5,1.2693899e-06,6.3469497e-06,1
35485.0,35490.0,35487.5,5.0775597e-06,2.5387799e-05,4
35490.0,35495.0,35492.5,2.5387799e-06,1.2693899e-05,2
35495.0,35500.0,35497.5,2.5387799e-06,1.2693899e-05,2
35500.0,35505.0,35502.5,1.2693899e-06,6.3469497e-06,1
35505.0,35510.0,35507.5,1.2693899e-06,6.3469497e-06,1
35510.0,35515.0,35512.5,1.2693899e-06,6.3469497e-06,1
35520.0,35525.0,35522.5,7.6163396e-06,3.8081698e-05,6
35525.0,35530.0,35527.5,2.5387799e-06,1.2693899e-05,2
35530.0,35535.0,35532.5,1.2693899e-06,6.3469497e-06,1
35535.0,35540.0,35537.5,2.5387799e-06,1.2693899e-05,2
35540.0,35545.0,35542.5,2.5387799e-06,1.2693899e-05,2
35545.0,35550.0,35547.5,1.2693899e-06,6.3469497e-06,1
35550.0,35555.0,35552.5,3.8081698e-06,1.9040849e-05,3
35560.0,35565.0,35562.5,5.0775597e-06,2.5387799e-05,4
35565.0,35570.0,35567.5,3.8081698e-06,1.9040849e-05,3
35570.0,35575.0,35572.5,3.8081698e-06,1.9040849e-05,3
35575.0,35580.0,35577.5,2.5387799e-06,1.2693899e-05,2
35585.0,35590.0,35587.5,3.8081698e-06,1.9040849e-05,3
35595.0,35600.0,35597.5,1.2693899e-06,6.3469497e-06,1
35600.0,35605.0,35602.5,3.8081698e-06,1.9040849e-05,3
35610.0,35615.0,35612.5,1.2693899e-06,6.3469497e-06,1
35615.0,35620.0,35617.5,1.2693899e-06,6.3469497e-06,1
35620.0,35625.0,35622.5,5.0775597e-06,2.5387799e-05,4
35630.0,35635.0,35632.5,5.0775597e-06,2.5387799e-05,4
35640.0,35645.0,35642.5,3.8081698e-06,1.9040849e-05,3
35645.0,35650.0,35647.5,2.5387799e-06,1.2693899e-05,2
35650.0,35655.0,35652.5,1.2693899e-06,6.3469497e-06,1
35655.0,35660.0,35657.5,2.5387799e-06,1.2693899e-05,2
35660.0,35665.0,35662.5,2.5387799e-06,1.2693899e-05,2
35665.0,35670.0,35667.5,2.5387799e-06,1.2693899e-05,2
35675.0,35680.0,35677.5,3.8081698e-06,1.9040849e-05,3
35680.0,35685.0,35682.5,3.8081698e-06,1.9040849e-05,3
35690.0,35695.0,35692.5,2.5387799e-06,1.2693899e-05,2
35695.0,35700.0,35697.5,2.5387799e-06,1.2693899e-05,2
35700.0,35705.0,35702.5,1.2693899e-06,6.3469497e-06,1
35715.0,35720.0,35717.5,1.2693899e-06,6.3469497e-06,1
35725.0,35730.0,35727.5,1.2693899e-06,6.3469497e-06,1
35735.0,35740.0,35737.5,2.5387799e-06,1.2693899e-05,2
35745.0,35750.0,35747.5,2.5387799e-06,1.2693899e-05,2
35760.0,35765.0,35762.5,2.5387799e-06,1.2693899e-05,2
35765.0,35770.0,35767.5,6.3469497e-06,3.1734748e-05,5
35770.0,35775.0,35772.5,1.2693899e-06,6.3469497e-06,1
35775.0,35780.0,35777.5,1.2693899e-06,6.3469497e-06,1
35780.0,35785.0,35782.5,2.5387799e-06,1.2693899e-05,2
35785.0,35790.0,35787.5,6.3469497e-06,3.1734748e-05,5
35790.0,35795.0,35792.5,3.8081698e-06,1.9040849e-05,3
35795.0,35800.0,35797.5,2.5387799e-06,1.2693899e-05,2
35800.0,35805.0,35802.5,1.2693899e-06,6.3469497e-06,1
35805.0,35810.0,35807.5,1.2693899e-06,6.3469497e-06,1
35810.0,35815.0,35812.5,2.5387799e-06,1.2693899e-05,2
35815.0,35820.0,35817.5,2.5387799e-06,1.2693899e-05,2
35820.0,35825.0,35822.5,5.0775597e-06,2.5387799e-05,4
35825.0,35830.0,35827.5,2.5387799e-06,1.2693899e-05,2
35830.0,35835.0,35832.5,1.2693899e-06,6.3469497e-06,1
35835.0,35840.0,35837.5,3.8081698e-06,1.9040849e-05,3
35845.0,35850.0,35847.5,1.2693899e-06,6.3469497e-06,1
35850.0,35855.0,35852.5,1.2693899e-06,6.3469497e-06,1
35855.0,35860.0,35857.5,3.8081698e-06,1.9040849e-05,3
35860.0,35865.0,35862.5,3.8081698e-06,1.9040849e-05,3
35865.0,35870.0,35867.5,1.2693899e-06,6.3469497e-06,1
35870.0,35875.0,35872.5,1.2693899e-06,6.3469497e-06,1
35875.0,35880.0,35877.5,2.5387799e-06,1.2693899e-05,2
35880.0,35885.0,35882.5,1.2693899e-06,6.3469497e-06,1
35890.0,35895.0,35892.5,2.5387799e-06,1.2693899e-05,2
35900.0,35905.0,35902.5,3.8081698e-06,1.9040849e-05,3
35905.0,35910.0,35907.5,1.2693899e-06,6.3469497e-06,1
35910.0,35915.0,35912.5,3.8081698e-06,1.9040849e-05,3
35915.0,35920.0,35917.5,2.5387799e-06,1.2693899e-05,2
35925.0,35930.0,35927.5,3.8081698e-06,1.9040849e-05,3
35930.0,35935.0,35932.5,2.5387799e-06,1.2693899e-05,2
35935.0,35940.0,35937.5,1.2693899e-06,6.3469497e-06,1
35945.0,35950.0,35947.5,1.2693899e-06,6.3469497e-06,1
35950.0,35955.0,35952.5,3.8081698e-06,1.9040849e-05,3
35955.0,35960.0,35957.5,2.5387799e-06,1.2693899e-05,2
35960.0,35965.0,35962.5,3.8081698e-06,1.9040849e-05,3
35965.0,35970.0,35967.5,5.0775597e-06,2.5387799e-05,4
35975.0,35980.0,35977.5,3.8081698e-06,1.9040849e-05,3
35980.0,35985.0,35982.5,1.2693899e-06,6.3469497e-06,1
35995.0,36000.0,35997.5,2.5387799e-06,1.2693899e-05,2
36000.0,36005.0,36002.5,1.2693899e-06,6.3469497e-06,1
36005.0,36010.0,36007.5,3.8081698e-06,1.9040849e-05,3
36010.0,36015.0,36012.5,2.5387799e-06,1.2693899e-05,2
36020.0,36025.0,36022.5,1.2693899e-06,6.3469497e-06,1
36025.0,36030.0,36027.5,5.0775597e-06,2.5387799e-05,4
36040.0,36045.0,36042.5,3.8081698e-06,1.9040849e-05,3
36050.0,36055.0,36052.5,6.3469497e-06,3.1734748e-05,5
36060.0,36065.0,36062.5,3.8081698e-06,1.9040849e-05,3
36065.0,36070.0,36067.5,2.5387799e-06,1.2693899e-05,2
36070.0,36075.0,36072.5,2.5387799e-06,1.2693899e-05,2
36075.0,36080.0,36077.5,1.2693899e-06,6.3469497e-06,1
36080.0,36085.0,36082.5,1.2693899e-06,6.3469497e-06,1
36085.0,36090.0,36087.5,1.2693899e-06,6.3469497e-06,1
36090.0,36095.0,36092.5,3.8081698e-06,1.9040849e-05,3
36095.0,36100.0,36097.5,5.0775597e-06,2.5387799e-05,4
36100.0,36105.0,36102.5,2.5387799e-06,1.2693899e-05,2
36105.0,36110.0,36107.5,5.0775597e-06,2.5387799e-05,4
36110.0,36115.0,36112.5,2.5387799e-06,1.2693899e-05,2
36115.0,36120.0,36117.5,1.2693899e-06,6.3469497e-06,1
36125.0,36130.0,36127.5,2.5387799e-06,1.2693899e-05,2
36130.0,36135.0,36132.5,3.8081698e-06,1.9040849e-05,3
36135.0,36140.0,36137.5,2.5387799e-06,1.2693899e-05,2
36145.0,36150.0,36147.5,1.2693899e-06,6.3469497e-06,1
36150.0,36155.0,36152.5,3.8081698e-06,1.9040849e-05,3
36155.0,36160.0,36157.5,7.6163396e-06,3.8081698e-05,6
36160.0,36165.0,36162.5,2.5387799e-06,1.2693899e-05,2
36165.0,36170.0,36167.5,5.0775597e-06,2.5387799e-05,4
36175.0,36180.0,36177.5,3.8081698e-06,1.9040849e-05,3
36180.0,36185.0,36182.5,5.0775597e-06,2.5387799e-05,4
36185.0,36190.0,36187.5,1.2693899e-06,6.3469497e-06,1
36190.0,36195.0,36192.5,2.5387799e-06,1.2693899e-05,2
36195.0,36200.0,36197.5,1.2693899e-06,6.3469497e-06,1
36205.0,36210.0,36207.5,5.0775597e-06,2.5387799e-05,4
36210.0,36215.0,36212.5,2.5387799e-06,1.2693899e-05,2
36215.0,36220.0,36217.5,3.8081698e-06,1.9040849e-05,3
36220.0,36225.0,36222.5,1.2693899e-06,6.3469497e-06,1
36230.0,36235.0,36232.5,2.5387799e-06,1.2693899e-05,2
36235.0,36240.0,36237.5,5.0775597e-06,2.5387799e-05,4
36240.0,36245.0,36242.5,1.2693899e-06,6.3469497e-06,1
36245.0,36250.0,36247.5,1.2693899e-06,6.3469497e-06,1
36250.0,36255.0,36252.5,1.2693899e-06,6.3469497e-06,1
36255.0,36260.0,36257.5,6.3469497e-06,3.1734748e-05,5
36260.0,36265.0,36262.5,8.8857295e-06,4.4428648e-05,7
36265.0,36270.0,36267.5,5.0775597e-06,2.5387799e-05,4
36275.0,36280.0,36277.5,1.2693899e-06,6.3469497e-06,1
36280.0,36285.0,36282.5,2.5387799e-06,1.2693899e-05,2
36290.0,36295.0,36292.5,2.5387799e-06,1.2693899e-05,2
36295.0,36300.0,36297.5,2.5387799e-06,1.2693899e-05,2
36300.0,36305.0,36302.5,1.2693899e-06,6.3469497e-06,1
36305.0,36310.0,36307.5,5.0775597e-06,2.5387799e-05,4
36310.0,36315.0,36312.5,1.2693899e-06,6.3469497e-06,1
36315.0,36320.0,36317.5,2.5387799e-06,1.2693899e-05,2
36320.0,36325.0,36322.5,5.0775597e-06,2.5387799e-05,4
36325.0,36330.0,36327.5,5.0775597e-06,2.5387799e-05,4
36330.0,36335.0,36332.5,2.5387799e-06,1.2693899e-05,2
36335.0,36340.0,36337.5,1.2693899e-06,6.3469497e-06,1
36340.0,36345.0,36342.5,3.8081698e-06,1.9040849e-05,3
36345.0,36350.0,36347.5,1.2693899e-06,6.3469497e-06,1
36355.0,36360.0,36357.5,3.8081698e-06,1.9040849e-05,3
36360.0,36365.0,36362.5,2.5387799e-06,1.2693899e-05,2
36365.0,36370.0,36367.5,2.5387799e-06,1.2693899e-05,2
36375.0,36380.0,36377.5,3.8081698e-06,1.9040849e-05,3
36380.0,36385.0,36382.5,2.5387799e-06,1.2693899e-05,2
36385.0,36390.0,36387.5,3.8081698e-06,1.9040849e-05,3
36390.0,36395.0,36392.5,3.8081698e-06,1.9040849e-05,3
36395.0,36400.0,36397.5,2.5387799e-06,1.2693899e-05,2
36405.0,36410.0,36407.5,5.0775597e-06,2.5387799e-05,4
36410.0,36415.0,36412.5,3.8081698e-06,1.9040849e-05,3
36415.0,36420.0,36417.5,1.2693899e-06,6.3469497e-06,1
36430.0,36435.0,36432.5,5.0775597e-06,2.5387799e-05,4
36440.0,36445.0,36442.5,1.2693899e-06,6.3469497e-06,1
36445.0,36450.0,36447.5,1.2693899e-06,6.3469497e-06,1
36455.0,36460.0,36457.5,1.2693899e-06,6.3469497e-06,1
36460.0,36465.0,36462.5,2.5387799e-06,1.2693899e-05,2
36465.0,36470.0,36467.5,1.2693899e-06,6.3469497e-06,1
36470.0,36475.0,36472.5,2.5387799e-06,1.2693899e-05,2
36475.0,36480.0,36477.5,5.0775597e-06,2.5387799e-05,4
36480.0,36485.0,36482.5,3.8081698e-06,1.9040849e-05,3
36485.0,36490.0,36487.5,3.8081698e-06,1.9040849e-05,3
36490.0,36495.0,36492.5,2.5387799e-06,1.2693899e-05,2
36495.0,36500.0,36497.5,2.5387799e-06,1.2693899e-05,2
36505.0,36510.0,36507.5,1.2693899e-06,6.3469497e-06,1
36510.0,36515.0,36512.5,1.2693899e-06,6.3469497e-06,1
36515.0,36520.0,36517.5,1.2693899e-06,6.3469497e-06,1
36520.0,36525.0,36522.5,3.8081698e-06,1.9040849e-05,3
36525.0,36530.0,36527.5,1.2693899e-06,6.3469497e-06,1
36530.0,36535.0,36532.5,5.0775597e-06,2.5387799e-05,4
36535.0,36540.0,36537.5,1.2693899e-06,6.3469497e-06,1
36540.0,36545.0,36542.5,3.8081698e-06,1.9040849e-05,3
36545.0,36550.0,36547.5,2.5387799e-06,1.2693899e-05,2
36550.0,36555.0,36552.5,2.5387799e-06,1.2693899e-05,2
36555.0,36560.0,36557.5,2.5387799e-06,1.2693899e-05,2
36560.0,36565.0,36562.5,2.5387799e-06,1.2693899e-05,2
36565.0,36570.0,36567.5,1.2693899e-06,6.3469497e-06,1
36570.0,36575.0,36572.5,5.0775597e-06,2.5387799e-05,4
36575.0,36580.0,36577.5,1.2693899e-06,6.3469497e-06,1
36580.0,36585.0,36582.5,1.2693899e-06,6.3469497e-06,1
36585.0,36590.0,36587.5,2.5387799e-06,1.2693899e-05,2
36600.0,36605.0,36602.5,6.3469497e-06,3.1734748e-05,5
36605.0,36610.0,36607.5,1.2693899e-06,6.3469497e-06,1
36620.0,36625.0,36622.5,1.2693899e-06,6.3469497e-06,1
36625.0,36630.0,36627.5,3.8081698e-06,1.9040849e-05,3
36630.0,36635.0,36632.5,2.5387799e-06,1.2693899e-05,2
36635.0,36640.0,36637.5,1.2693899e-06,6.3469497e-06,1
36640.0,36645.0,36642.5,1.2693899e-06,6.3469497e-06,1
36645.0,36650.0,36647.5,1.2693899e-06,6.3469497e-06,1
36650.0,36655.0,36652.5,1.2693899e-06,6.3469497e-06,1
36655.0,36660.0,36657.5,2.5387799e-06,1.2693899e-05,2
36660.0,36665.0,36662.5,1.2693899e-06,6.3469497e-06,1
36665.0,36670.0,36667.5,5.0775597e-06,2.5387799e-05,4
36670.0,36675.0,36672.5,2.5387799e-06,1.2693899e-05,2
36675.0,36680.0,36677.5,1.2693899e-06,6.3469497e-06,1
36680.0,36685.0,36682.5,3.8081698e-06,1.9040849e-05,3
36685.0,36690.0,36687.5,2.5387799e-06,1.2693899e-05,2
36690.0,36695.0,36692.5,3.8081698e-06,1.9040849e-05,3
36700.0,36705.0,36702.5,3.8081698e-06,1.9040849e-05,3
36705.0,36710.0,36707.5,3.8081698e-06,1.9040849e-05,3
36710.0,36715.0,36712.5,1.2693899e-06,6.3469497e-06,1
36715.0,36720.0,36717.5,3.8081698e-06,1.9040849e-05,3
36720.0,36725.0,36722.5,2.5387799e-06,1.2693899e-05,2
36725.0,36730.0,36727.5,2.5387799e-06,1.2693899e-05,2
36730.0,36735.0,36732.5,1.2693899e-06,6.3469497e-06,1
36735.0,36740.0,36737.5,1.2693899e-06,6.3469497e-06,1
36740.0,36745.0,36742.5,2.5387799e-06,1.2693899e-05,2
36745.0,36750.0,36747.5,2.5387799e-06,1.2693899e-05,2
36750.0,36755.0,36752.5,1.2693899e-06,6.3469497e-06,1
36755.0,36760.0,36757.5,3.8081698e-06,1.9040849e-05,3
36765.0,36770.0,36767.5,3.8081698e-06,1.9040849e-05,3
36770.0,36775.0,36772.5,6.3469497e-06,3.1734748e-05,5
36780.0,36785.0,36782.5,1.2693899e-06,6.3469497e-06,1
36785.0,36790.0,36787.5,1.2693899e-06,6.3469497e-06,1
36790.0,36795.0,36792.5,3.8081698e-06,1.9040849e-05,3
36795.0,36800.0,36797.5,1.2693899e-06,6.3469497e-06,1
36800.0,36805.0,36802.5,1.2693899e-06,6.3469497e-06,1
36810.0,36815.0,36812.5,5.0775597e-06,2.5387799e-05,4
36815.0,36820.0,36817.5,2.5387799e-06,1.2693899e-05,2
36820.0,36825.0,36822.5,5.0775597e-06,2.5387799e-05,4
36825.0,36830.0,36827.5,1.2693899e-06,6.3469497e-06,1
36835.0,36840.0,36837.5,1.2693899e-06,6.3469497e-06,1
36840.0,36845.0,36842.5,2.5387799e-06,1.2693899e-05,2
36845.0,36850.0,36847.5,1.2693899e-06,6.3469497e-06,1
36860.0,36865.0,36862.5,2.5387799e-06,1.2693899e-05,2
36865.0,36870.0,36867.5,1.2693899e-06,6.3469497e-06,1
36875.0,36880.0,36877.5,3.8081698e-06,1.9040849e-05,3
36880.0,36885.0,36882.5,5.0775597e-06,2.5387799e-05,4
36885.0,36890.0,36887.5,2.5387799e-06,1.2693899e-05,2
36895.0,36900.0,36897.5,1.2693899e-06,6.3469497e-06,1
36900.0,36905.0,36902.5,1.2693899e-06,6.3469497e-06,1
36905.0,36910.0,36907.5,3.8081698e-06,1.9040849e-05,3
36910.0,36915.0,36912.5,3.8081698e-06,1.9040849e-05,3
36915.0,36920.0,36917.5,3.8081698e-06,1.9040849e-05,3
36925.0,36930.0,36927.5,2.5387799e-06,1.2693899e-05,2
36930.0,36935.0,36932.5,1.2693899e-06,6.3469497e-06,1
36935.0,36940.0,36937.5,1.2693899e-06,6.3469497e-06,1
36940.0,36945.0,36942.5,1.2693899e-06,6.3469497e-06,1
36945.0,36950.0,36947.5,3.8081698e-06,1.9040849e-05,3
36955.0,36960.0,36957.5,2.5387799e-06,1.2693899e-05,2
36960.0,36965.0,36962.5,3.8081698e-06,1.9040849e-05,3
36965.0,36970.0,36967.5,3.8081698e-06,1.9040849e-05,3
36970.0,36975.0,36972.5,2.5387799e-06,1.2693899e-05,2
36975.0,36980.0,36977.5,3.8081698e-06,1.9040849e-05,3
36980.0,36985.0,36982.5,2.5387799e-06,1.2693899e-05,2
37005.0,37010.0,37007.5,1.2693899e-06,6.3469497e-06,1
37010.0,37015.0,37012.5,3.8081698e-06,1.9040849e-05,3
37015.0,37020.0,37017.5,1.2693899e-06,6.3469497e-06,1
37020.0,37025.0,37022.5,3.8081698e-06,1.9040849e-05,3
37025.0,37030.0,37027.5,2.5387799e-06,1.2693899e-05,2
37030.0,37035.0,37032.5,1.2693899e-06,6.3469497e-06,1
37035.0,37040.0,37037.5,2.5387799e-06,1.2693899e-05,2
37055.0,37060.0,37057.5,1.2693899e-06,6.3469497e-06,1
37060.0,37065.0,37062.5,1.2693899e-06,6.3469497e-06,1
37065.0,37070.0,37067.5,1.2693899e-06,6.3469497e-06,1
37070.0,37075.0,37072.5,1.2693899e-06,6.3469497e-06,1
37080.0,37085.0,37082.5,2.5387799e-06,1.2693899e-05,2
37085.0,37090.0,37087.5,1.2693899e-06,6.3469497e-06,1
37090.0,37095.0,37092.5,1.2693899e-06,6.3469497e-06,1
37095.0,37100.0,37097.5,2.5387799e-06,1.2693899e-05,2
37100.0,37105.0,37102.5,1.2693899e-06,6.3469497e-06,1
37110.0,37115.0,37112.5,2.5387799e-06,1.2693899e-05,2
37115.0,37120.0,37117.5,3.8081698e-06,1.9040849e-05,3
37120.0,37125.0,37122.5,1.2693899e-06,6.3469497e-06,1
37125.0,37130.0,37127.5,1.2693899e-06,6.3469497e-06,1
37130.0,37135.0,37132.5,1.2693899e-06,6.3469497e-06,1
37135.0,37140.0,37137.5,1.2693899e-06,6.3469497e-06,1
37140.0,37145.0,37142.5,1.2693899e-06,6.3469497e-06,1
37145.0,37150.0,37147.5,1.2693899e-06,6.3469497e-06,1
37155.0,37160.0,37157.5,1.2693899e-06,6.3469497e-06,1
37165.0,37170.0,37167.5,1.2693899e-06,6.3469497e-06,1
37170.0,37175.0,37172.5,5.0775597e-06,2.5387799e-05,4
37175.0,37180.0,37177.5,5.0775597e-06,2.5387799e-05,4
37180.0,37185.0,37182.5,1.2693899e-06,6.3469497e-06,1
37185.0,37190.0,37187.5,1.2693899e-06,6.3469497e-06,1
37190.0,37195.0,37192.5,2.5387799e-06,1.2693899e-05,2
37195.0,37200.0,37197.5,3.8081698e-06,1.9040849e-05,3
37200.0,37205.0,37202.5,3.8081698e-06,1.9040849e-05,3
37210.0,37215.0,37212.5,2.5387799e-06,1.2693899e-05,2
37215.0,37220.0,37217.5,3.8081698e-06,1.9040849e-05,3
37220.0,37225.0,37222.5,1.2693899e-06,6.3469497e-06,1
37225.0,37230.0,37227.5,2.5387799e-06,1.2693899e-05,2
37230.0,37235.0,37232.5,2.5387799e-06,1.2693899e-05,2
37235.0,37240.0,37237.5,6.3469497e-06,3.1734748e-05,5
37240.0,37245.0,37242.5,2.5387799e-06,1.2693899e-05,2
37245.0,37250.0,37247.5,1.2693899e-06,6.3469497e-06,1
37250.0,37255.0,37252.5,2.5387799e-06,1.2693899e-05,2
37255.0,37260.0,37257.5,3.8081698e-06,1.9040849e-05,3
37260.0,37265.0,37262.5,1.2693899e-06,6.3469497e-06,1
37265.0,37270.0,37267.5,5.0775597e-06,2.5387799e-05,4
37270.0,37275.0,37272.5,2.5387799e-06,1.2693899e-05,2
37285.0,37290.0,37287.5,2.5387799e-06,1.2693899e-05,2
37295.0,37300.0,37297.5,1.2693899e-06,6.3469497e-06,1
37300.0,37305.0,37302.5,1.2693899e-06,6.3469497e-06,1
37310.0,37315.0,37312.5,5.0775597e-06,2.5387799e-05,4
37315.0,37320.0,37317.5,1.2693899e-06,6.3469497e-06,1
37320.0,37325.0,37322.5,1.2693899e-06,6.3469497e-06,1
37325.0,37330.0,37327.5,1.2693899e-06,6.3469497e-06,1
37330.0,37335.0,37332.5,2.5387799e-06,1.2693899e-05,2
37335.0,37340.0,37337.5,3.8081698e-06,1.9040849e-05,3
37340.0,37345.0,37342.5,1.2693899e-06,6.3469497e-06,1
37345.0,37350.0,37347.5,2.5387799e-06,1.2693899e-05,2
37360.0,37365.0,37362.5,3.8081698e-06,1.9040849e-05,3
37370.0,37375.0,37372.5,1.2693899e-06,6.3469497e-06,1
37375.0,37380.0,37377.5,1.2693899e-06,6.3469497e-06,1
37380.0,37385.0,37382.5,5.0775597e-06,2.5387799e-05,4
37385.0,37390.0,37387.5,5.0775597e-06,2.5387799e-05,4
37390.0,37395.0,37392.5,1.2693899e-06,6.3469497e-06,1
37400.0,37405.0,37402.5,2.5387799e-06,1.2693899e-05,2
37405.0,37410.0,37407.5,2.5387799e-06,1.2693899e-05,2
37410.0,37415.0,37412.5,5.0775597e-06,2.5387799e-05,4
37420.0,37425.0,37422.5,2.5387799e-06,1.2693899e-05,2
37430.0,37435.0,37432.5,3.8081698e-06,1.9040849e-05,3
37435.0,37440.0,37437.5,3.8081698e-06,1.9040849e-05,3
37440.0,37445.0,37442.5,1.2693899e-06,6.3469497e-06,1
37445.0,37450.0,37447.5,5.0775597e-06,2.5387799e-05,4
37450.0,37455.0,37452.5,1.2693899e-06,6.3469497e-06,1
37460.0,37465.0,37462.5,2.5387799e-06,1.2693899e-05,2
37465.0,37470.0,37467.5,7.6163396e-06,3.8081698e-05,6
37470.0,37475.0,37472.5,2.5387799e-06,1.2693899e-05,2
37475.0,37480.0,37477.5,2.5387799e-06,1.2693899e-05,2
37480.0,37485.0,37482.5,1.2693899e-06,6.3469497e-06,1
37485.0,37490.0,37487.5,1.2693899e-06,6.3469497e-06,1
37495.0,37500.0,37497.5,3.8081698e-06,1.9040849e-05,3
37500.0,37505.0,37502.5,6.3469497e-06,3.1734748e-05,5
37505.0,37510.0,37507.5,6.3469497e-06,3.1734748e-05,5
37515.0,37520.0,37517.5,1.2693899e-06,6.3469497e-06,1
37520.0,37525.0,37522.5,2.5387799e-06,1.2693899e-05,2
37525.0,37530.0,37527.5,6.3469497e-06,3.1734748e-05,5
37530.0,37535.0,37532.5,3.8081698e-06,1.9040849e-05,3
37535.0,37540.0,37537.5,5.0775597e-06,2.5387799e-05,4
37540.0,37545.0,37542.5,1.2693899e-06,6.3469497e-06,1
37545.0,37550.0,37547.5,3.8081698e-06,1.9040849e-05,3
37550.0,37555.0,37552.5,3.8081698e-06,1.9040849e-05,3
37555.0,37560.0,37557.5,2.5387799e-06,1.2693899e-05,2
37565.0,37570.0,37567.5,3.8081698e-06,1.9040849e-05,3
37570.0,37575.0,37572.5,2.5387799e-06,1.2693899e-05,2
37575.0,37580.0,37577.5,3.8081698e-06,1.9040849e-05,3
37580.0,37585.0,37582.5,1.2693899e-06,6.3469497e-06,1
37585.0,37590.0,37587.5,2.5387799e-06,1.2693899e-05,2
37590.0,37595.0,37592.5,2.5387799e-06,1.2693899e-05,2
37595.0,37600.0,37597.5,2.5387799e-06,1.2693899e-05,2
37600.0,37605.0,37602.5,2.5387799e-06,1.2693899e-05,2
37605.0,37610.0,37607.5,2.5387799e-06,1.2693899e-05,2
37610.0,37615.0,37612.5,2.5387799e-06,1.2693899e-05,2
37615.0,37620.0,37617.5,5.0775597e-06,2.5387799e-05,4
37620.0,37625.0,37622.5,1.2693899e-06,6.3469497e-06,1
37630.0,37635.0,37632.5,3.8081698e-06,1.9040849e-05,3
37640.0,37645.0,37642.5,1.2693899e-06,6.3469497e-06,1
37645.0,37650.0,37647.5,1.2693899e-06,6.3469497e-06,1
37650.0,37655.0,37652.5,3.8081698e-06,1.9040849e-05,3
37660.0,37665.0,37662.5,2.5387799e-06,1.2693899e-05,2
37665.0,37670.0,37667.5,1.2693899e-06,6.3469497e-06,1
37670.0,37675.0,37672.5,1.2693899e-06,6.3469497e-06,1
37675.0,37680.0,37677.5,1.2693899e-06,6.3469497e-06,1
37680.0,37685.0,37682.5,1.2693899e-06,6.3469497e-06,1
37690.0,37695.0,37692.5,1.2693899e-06,6.3469497e-06,1
37695.0,37700.0,37697.5,3.8081698e-06,1.9040849e-05,3
37705.0,37710.0,37707.5,1.2693899e-06,6.3469497e-06,1
37710.0,37715.0,37712.5,3.8081698e-06,1.9040849e-05,3
37715.0,37720.0,37717.5,2.5387799e-06,1.2693899e-05,2
37720.0,37725.0,37722.5,1.2693899e-06,6.3469497e-06,1
37725.0,37730.0,37727.5,2.5387799e-06,1.2693899e-05,2
37730.0,37735.0,37732.5,1.2693899e-06,6.3469497e-06,1
37740.0,37745.0,37742.5,5.0775597e-06,2.5387799e-05,4
37745.0,37750.0,37747.5,1.2693899e-06,6.3469497e-06,1
37750.0,37755.0,37752.5,1.2693899e-06,6.3469497e-06,1
37755.0,37760.0,37757.5,2.5387799e-06,1.2693899e-05,2
37765.0,37770.0,37767.5,1.2693899e-06,6.3469497e-06,1
37770.0,37775.0,37772.5,3.8081698e-06,1.9040849e-05,3
37775.0,37780.0,37777.5,2.5387799e-06,1.2693899e-05,2
37780.0,37785.0,37782.5,5.0775597e-06,2.5387799e-05,4
37785.0,37790.0,37787.5,3.8081698e-06,1.9040849e-05,3
37790.0,37795.0,37792.5,2.5387799e-06,1.2693899e-05,2
37805.0,37810.0,37807.5,1.2693899e-06,6.3469497e-06,1
37810.0,37815.0,37812.5,2.5387799e-06,1.2693899e-05,2
37815.0,37820.0,37817.5,2.5387799e-06,1.2693899e-05,2
37820.0,37825.0,37822.5,1.2693899e-06,6.3469497e-06,1
37830.0,37835.0,37832.5,1.2693899e-06,6.3469497e-06,1
37835.0,37840.0,37837.5,2.5387799e-06,1.2693899e-05,2
37850.0,37855.0,37852.5,1.2693899e-06,6.3469497e-06,1
37855.0,37860.0,37857.5,3.8081698e-06,1.9040849e-05,3
37860.0,37865.0,37862.5,1.2693899e-06,6.3469497e-06,1
37865.0,37870.0,37867.5,2.5387799e-06,1.2693899e-05,2
37875.0,37880.0,37877.5,1.2693899e-06,6.3469497e-06,1
37880.0,37885.0,37882.5,6.3469497e-06,3.1734748e-05,5
37885.0,37890.0,37887.5,1.2693899e-06,6.3469497e-06,1
37890.0,37895.0,37892.5,2.5387799e-06,1.2693899e-05,2
37895.0,37900.0,37897.5,3.8081698e-06,1.9040849e-05,3
37900.0,37905.0,37902.5,1.2693899e-06,6.3469497e-06,1
37905.0,37910.0,37907.5,1.2693899e-06,6.3469497e-06,1
37910.0,37915.0,37912.5,1.2693899e-06,6.3469497e-06,1
37915.0,37920.0,37917.5,2.5387799e-06,1.2693899e-05,2
37920.0,37925.0,37922.5,2.5387799e-06,1.2693899e-05,2
37930.0,37935.0,37932.5,1.2693899e-06,6.3469497e-06,1
37935.0,37940.0,37937.5,1.2693899e-06,6.3469497e-06,1
37945.0,37950.0,37947.5,1.2693899e-06,6.3469497e-06,1
37950.0,37955.0,37952.5,2.5387799e-06,1.2693899e-05,2
37960.0,37965.0,37962.5,2.5387799e-06,1.2693899e-05,2
37965.0,37970.0,37967.5,1.2693899e-06,6.3469497e-06,1
37985.0,37990.0,37987.5,5.0775597e-06,2.5387799e-05,4
37990.0,37995.0,37992.5,1.2693899e-06,6.3469497e-06,1
38005.0,38010.0,38007.5,1.2693899e-06,6.3469497e-06,1
38010.0,38015.0,38012.5,1.2693899e-06,6.3469497e-06,1
38015.0,38020.0,38017.5,1.2693899e-06,6.3469497e-06,1
38020.0,38025.0,38022.5,5.0775597e-06,2.5387799e-05,4
38025.0,38030.0,38027.5,2.5387799e-06,1.2693899e-05,2
38035.0,38040.0,38037.5,2.5387799e-06,1.2693899e-05,2
38045.0,38050.0,38047.5,1.2693899e-06,6.3469497e-06,1
38050.0,38055.0,38052.5,2.5387799e-06,1.2693899e-05,2
38055.0,38060.0,38057.5,1.2693899e-06,6.3469497e-06,1
38060.0,38065.0,38062.5,1.2693899e-06,6.3469497e-06,1
38065.0,38070.0,38067.5,1.2693899e-06,6.3469497e-06,1
38070.0,38075.0,38072.5,2.5387799e-06,1.2693899e-05,2
38075.0,38080.0,38077.5,5.0775597e-06,2.5387799e-05,4
38080.0,38085.0,38082.5,2.5387799e-06,1.2693899e-05,2
38085.0,38090.0,38087.5,2.5387799e-06,1.2693899e-05,2
38090.0,38095.0,38092.5,1.2693899e-06,6.3469497e-06,1
38095.0,38100.0,38097.5,2.5387799e-06,1.2693899e-05,2
38100.0,38105.0,38102.5,1.2693899e-06,6.3469497e-06,1
38105.0,38110.0,38107.5,2.5387799e-06,1.2693899e-05,2
38115.0,38120.0,38117.5,1.2693899e-06,6.3469497e-06,1
38120.0,38125.0,38122.5,1.2693899e-06,6.3469497e-06,1
38125.0,38130.0,38127.5,2.5387799e-06,1.2693899e-05,2
38130.0,38135.0,38132.5,2.5387799e-06,1.2693899e-05,2
38155.0,38160.0,38157.5,2.5387799e-06,1.2693899e-05,2
38160.0,38165.0,38162.5,3.8081698e-06,1.9040849e-05,3
38170.0,38175.0,38172.5,1.2693899e-06,6.3469497e-06,1
38175.0,38180.0,38177.5,1.2693899e-06,6.3469497e-06,1
38180.0,38185.0,38182.5,2.5387799e-06,1.2693899e-05,2
38185.0,38190.0,38187.5,2.5387799e-06,1.2693899e-05,2
38200.0,38205.0,38202.5,2.5387799e-06,1.2693899e-05,2
38205.0,38210.0,38207.5,2.5387799e-06,1.2693899e-05,2
38215.0,38220.0,38217.5,3.8081698e-06,1.9040849e-05,3
38220.0,38225.0,38222.5,1.2693899e-06,6.3469497e-06,1
38225.0,38230.0,38227.5,2.5387799e-06,1.2693899e-05,2
38230.0,38235.0,38232.5,2.5387799e-06,1.2693899e-05,2
38235.0,38240.0,38237.5,1.2693899e-06,6.3469497e-06,1
38240.0,38245.0,38242.5,1.2693899e-06,6.3469497e-06,1
38250.0,38255.0,38252.5,2.5387799e-06,1.2693899e-05,2
38265.0,38270.0,38267.5,1.2693899e-06,6.3469497e-06,1
38275.0,38280.0,38277.5,2.5387799e-06,1.2693899e-05,2
38280.0,38285.0,38282.5,2.5387799e-06,1.2693899e-05,2
38285.0,38290.0,38287.5,3.8081698e-06,1.9040849e-05,3
38290.0,38295.0,38292.5,2.5387799e-06,1.2693899e-05,2
38300.0,38305.0,38302.5,2.5387799e-06,1.2693899e-05,2
38305.0,38310.0,38307.5,2.5387799e-06,1.2693899e-05,2
38310.0,38315.0,38312.5,1.2693899e-06,6.3469497e-06,1
38315.0,38320.0,38317.5,2.5387799e-06,1.2693899e-05,2
38320.0,38325.0,38322.5,2.5387799e-06,1.2693899e-05,2
38325.0,38330.0,38327.5,2.5387799e-06,1.2693899e-05,2
38330.0,38335.0,38332.5,6.3469497e-06,3.1734748e-05,5
38335.0,38340.0,38337.5,1.2693899e-06,6.3469497e-06,1
38340.0,38345.0,38342.5,2.5387799e-06,1.2693899e-05,2
38345.0,38350.0,38347.5,3.8081698e-06,1.9040849e-05,3
38350.0,38355.0,38352.5,7.6163396e-06,3.8081698e-05,6
38355.0,38360.0,38357.5,1.2693899e-06,6.3469497e-06,1
38365.0,38370.0,38367.5,1.2693899e-06,6.3469497e-06,1
38375.0,38380.0,38377.5,3.8081698e-06,1.9040849e-05,3
38380.0,38385.0,38382.5,1.2693899e-06,6.3469497e-06,1
38385.0,38390.0,38387.5,1.2693899e-06,6.3469497e-06,1
38390.0,38395.0,38392.5,1.2693899e-06,6.3469497e-06,1
38395.0,38400.0,38397.5,2.5387799e-06,1.2693899e-05,2
38405.0,38410.0,38407.5,3.8081698e-06,1.9040849e-05,3
38415.0,38420.0,38417.5,3.8081698e-06,1.9040849e-05,3
38420.0,38425.0,38422.5,5.0775597e-06,2.5387799e-05,4
38425.0,38430.0,38427.5,1.2693899e-06,6.3469497e-06,1
38435.0,38440.0,38437.5,1.2693899e-06,6.3469497e-06,1
38440.0,38445.0,38442.5,1.2693899e-06,6.3469497e-06,1
38445.0,38450.0,38447.5,1.2693899e-06,6.3469497e-06,1
38450.0,38455.0,38452.5,2.5387799e-06,1.2693899e-05,2
38460.0,38465.0,38462.5,3.8081698e-06,1.9040849e-05,3
38470.0,38475.0,38472.5,2.5387799e-06,1.2693899e-05,2
38475.0,38480.0,38477.5,1.2693899e-06,6.3469497e-06,1
38485.0,38490.0,38487.5,2.5387799e-06,1.2693899e-05,2
38490.0,38495.0,38492.5,2.5387799e-06,1.2693899e-05,2
38495.0,38500.0,38497.5,3.8081698e-06,1.9040849e-05,3
38500.0,38505.0,38502.5,1.2693899e-06,6.3469497e-06,1
38505.0,38510.0,38507.5,2.5387799e-06,1.2693899e-05,2
38510.0,38515.0,38512.5,2.5387799e-06,1.2693899e-05,2
38520.0,38525.0,38522.5,3.8081698e-06,1.9040849e-05,3
38525.0,38530.0,38527.5,2.5387799e-06,1.2693899e-05,2
38530.0,38535.0,38532.5,1.2693899e-06,6.3469497e-06,1
38535.0,38540.0,38537.5,2.5387799e-06,1.2693899e-05,2
38540.0,38545.0,38542.5,2.5387799e-06,1.2693899e-05,2
38545.0,38550.0,38547.5,1.2693899e-06,6.3469497e-06,1
38550.0,38555.0,38552.5,3.8081698e-06,1.9040849e-05,3
38560.0,38565.0,38562.5,1.2693899e-06,6.3469497e-06,1
38565.0,38570.0,38567.5,6.3469497e-06,3.1734748e-05,5
38570.0,38575.0,38572.5,3.8081698e-06,1.9040849e-05,3
38575.0,38580.0,38577.5,5.0775597e-06,2.5387799e-05,4
38590.0,38595.0,38592.5,1.2693899e-06,6.3469497e-06,1
38595.0,38600.0,38597.5,1.2693899e-06,6.3469497e-06,1
38600.0,38605.0,38602.5,2.5387799e-06,1.2693899e-05,2
38605.0,38610.0,38607.5,1.2693899e-06,6.3469497e-06,1
38610.0,38615.0,38612.5,1.2693899e-06,6.3469497e-06,1
38615.0,38620.0,38617.5,1.2693899e-06,6.3469497e-06,1
38620.0,38625.0,38622.5,1.2693899e-06,6.3469497e-06,1
38625.0,38630.0,38627.5,1.2693899e-06,6.3469497e-06,1
38630.0,38635.0,38632.5,1.2693899e-06,6.3469497e-06,1
38635.0,38640.0,38637.5,2.5387799e-06,1.2693899e-05,2
38640.0,38645.0,38642.5,1.2693899e-06,6.3469497e-06,1
38660.0,38665.0,38662.5,2.5387799e-06,1.2693899e-05,2
38665.0,38670.0,38667.5,1.2693899e-06,6.3469497e-06,1
38670.0,38675.0,38672.5,2.5387799e-06,1.2693899e-05,2
38680.0,38685.0,38682.5,1.2693899e-06,6.3469497e-06,1
38695.0,38700.0,38697.5,3.8081698e-06,1.9040849e-05,3
38700.0,38705.0,38702.5,2.5387799e-06,1.2693899e-05,2
38705.0,38710.0,38707.5,1.2693899e-06,6.3469497e-06,1
38710.0,38715.0,38712.5,1.2693899e-06,6.3469497e-06,1
38725.0,38730.0,38727.5,3.8081698e-06,1.9040849e-05,3
38730.0,38735.0,38732.5,2.5387799e-06,1.2693899e-05,2
38740.0,38745.0,38742.5,1.2693899e-06,6.3469497e-06,1
38745.0,38750.0,38747.5,3.8081698e-06,1.9040849e-05,3
38750.0,38755.0,38752.5,2.5387799e-06,1.2693899e-05,2
38760.0,38765.0,38762.5,3.8081698e-06,1.9040849e-05,3
38765.0,38770.0,38767.5,3.8081698e-06,1.9040849e-05,3
38770.0,38775.0,38772.5,2.5387799e-06,1.2693899e-05,2
38775.0,38780.0,38777.5,2.5387799e-06,1.2693899e-05,2
38795.0,38800.0,38797.5,3.8081698e-06,1.9040849e-05,3
38815.0,38820.0,38817.5,3.8081698e-06,1.9040849e-05,3
38820.0,38825.0,38822.5,1.2693899e-06,6.3469497e-06,1
38825.0,38830.0,38827.5,1.2693899e-06,6.3469497e-06,1
38830.0,38835.0,38832.5,3.8081698e-06,1.9040849e-05,3
38840.0,38845.0,38842.5,3.8081698e-06,1.9040849e-05,3
38845.0,38850.0,38847.5,1.2693899e-06,6.3469497e-06,1
38855.0,38860.0,38857.5,2.5387799e-06,1.2693899e-05,2
38860.0,38865.0,38862.5,1.2693899e-06,6.3469497e-06,1
38870.0,38875.0,38872.5,1.2693899e-06,6.3469497e-06,1
38880.0,38885.0,38882.5,1.2693899e-06,6.3469497e-06,1
38890.0,38895.0,38892.5,2.5387799e-06,1.2693899e-05,2
38895.0,38900.0,38897.5,2.5387799e-06,1.2693899e-05,2
38905.0,38910.0,38907.5,2.5387799e-06,1.2693899e-05,2
38915.0,38920.0,38917.5,2.5387799e-06,1.2693899e-05,2
38920.0,38925.0,38922.5,2.5387799e-06,1.2693899e-05,2
38925.0,38930.0,38927.5,2.5387799e-06,1.2693899e-05,2
38935.0,38940.0,38937.5,1.2693899e-06,6.3469497e-06,1
38945.0,38950.0,38947.5,1.2693899e-06,6.3469497e-06,1
38955.0,38960.0,38957.5,1.2693899e-06,6.3469497e-06,1
38960.0,38965.0,38962.5,1.2693899e-06,6.3469497e-06,1
38965.0,38970.0,38967.5,1.2693899e-06,6.3469497e-06,1
38970.0,38975.0,38972.5,2.5387799e-06,1.2693899e-05,2
38975.0,38980.0,38977.5,2.5387799e-06,1.2693899e-05,2
38985.0,38990.0,38987.5,1.2693899e-06,6.3469497e-06,1
38990.0,38995.0,38992.5,1.2693899e-06,6.3469497e-06,1
38995.0,39000.0,38997.5,1.2693899e-06,6.3469497e-06,1
39000.0,39005.0,39002.5,1.2693899e-06,6.3469497e-06,1
39005.0,39010.0,39007.5,2.5387799e-06,1.2693899e-05,2
39015.0,39020.0,39017.5,1.2693899e-06,6.3469497e-06,1
39020.0,39025.0,39022.5,1.2693899e-06,6.3469497e-06,1
39030.0,39035.0,39032.5,2.5387799e-06,1.2693899e-05,2
39035.0,39040.0,39037.5,1.2693899e-06,6.3469497e-06,1
39045.0,39050.0,39047.5,2.5387799e-06,1.2693899e-05,2
39050.0,39055.0,39052.5,1.2693899e-06,6.3469497e-06,1
39055.0,39060.0,39057.5,5.0775597e-06,2.5387799e-05,4
39060.0,39065.0,39062.5,3.8081698e-06,1.9040849e-05,3
39070.0,39075.0,39072.5,3.8081698e-06,1.9040849e-05,3
39075.0,39080.0,39077.5,3.8081698e-06,1.9040849e-05,3
39080.0,39085.0,39082.5,5.0775597e-06,2.5387799e-05,4
39085.0,39090.0,39087.5,1.2693899e-06,6.3469497e-06,1
39090.0,39095.0,39092.5,1.2693899e-06,6.3469497e-06,1
39095.0,39100.0,39097.5,6.3469497e-06,3.1734748e-05,5
39100.0,39105.0,39102.5,2.5387799e-06,1.2693899e-05,2
39105.0,39110.0,39107.5,1.2693899e-06,6.3469497e-06,1
39110.0,39115.0,39112.5,2.5387799e-06,1.2693899e-05,2
39115.0,39120.0,39117.5,1.2693899e-06,6.3469497e-06,1
39125.0,39130.0,39127.5,1.2693899e-06,6.3469497e-06,1
39130.0,39135.0,39132.5,1.2693899e-06,6.3469497e-06,1
39135.0,39140.0,39137.5,2.5387799e-06,1.2693899e-05,2
39140.0,39145.0,39142.5,1.2693899e-06,6.3469497e-06,1
39145.0,39150.0,39147.5,2.5387799e-06,1.2693899e-05,2
39155.0,39160.0,39157.5,1.2693899e-06,6.3469497e-06,1
39160.0,39165.0,39162.5,3.8081698e-06,1.9040849e-05,3
39165.0,39170.0,39167.5,1.2693899e-06,6.3469497e-06,1
39170.0,39175.0,39172.5,1.2693899e-06,6.3469497e-06,1
39185.0,39190.0,39187.5,2.5387799e-06,1.2693899e-05,2
39190.0,39195.0,39192.5,1.2693899e-06,6.3469497e-06,1
39200.0,39205.0,39202.5,5.0775597e-06,2.5387799e-05,4
39205.0,39210.0,39207.5,1.2693899e-06,6.3469497e-06,1
39210.0,39215.0,39212.5,2.5387799e-06,1.2693899e-05,2
39215.0,39220.0,39217.5,1.2693899e-06,6.3469497e-06,1
39220.0,39225.0,39222.5,2.5387799e-06,1.2693899e-05,2
39230.0,39235.0,39232.5,2.5387799e-06,1.2693899e-05,2
39235.0,39240.0,39237.5,2.5387799e-06,1.2693899e-05,2
39240.0,39245.0,39242.5,2.5387799e-06,1.2693899e-05,2
39245.0,39250.0,39247.5,3.8081698e-06,1.9040849e-05,3
39255.0,39260.0,39257.5,1.2693899e-06,6.3469497e-06,1
39260.0,39265.0,39262.5,1.2693899e-06,6.3469497e-06,1
39270.0,39275.0,39272.5,1.2693899e-06,6.3469497e-06,1
39275.0,39280.0,39277.5,2.5387799e-06,1.2693899e-05,2
39285.0,39290.0,39287.5,1.2693899e-06,6.3469497e-06,1
39295.0,39300.0,39297.5,1.2693899e-06,6.3469497e-06,1
39305.0,39310.0,39307.5,2.5387799e-06,1.2693899e-05,2
39315.0,39320.0,39317.5,5.0775597e-06,2.5387799e-05,4
39325.0,39330.0,39327.5,1.2693899e-06,6.3469497e-06,1
39340.0,39345.0,39342.5,5.0775597e-06,2.5387799e-05,4
39345.0,39350.0,39347.5,1.2693899e-06,6.3469497e-06,1
39350.0,39355.0,39352.5,1.2693899e-06,6.3469497e-06,1
39355.0,39360.0,39357.5,3.8081698e-06,1.9040849e-05,3
39360.0,39365.0,39362.5,3.8081698e-06,1.9040849e-05,3
39365.0,39370.0,39367.5,1.2693899e-06,6.3469497e-06,1
39375.0,39380.0,39377.5,1.2693899e-06,6.3469497e-06,1
39380.0,39385.0,39382.5,2.5387799e-06,1.2693899e-05,2
39390.0,39395.0,39392.5,3.8081698e-06,1.9040849e-05,3
39395.0,39400.0,39397.5,1.2693899e-06,6.3469497e-06,1
39400.0,39405.0,39402.5,2.5387799e-06,1.2693899e-05,2
39405.0,39410.0,39407.5,2.5387799e-06,1.2693899e-05,2
39410.0,39415.0,39412.5,1.2693899e-06,6.3469497e-06,1
39415.0,39420.0,39417.5,1.2693899e-06,6.3469497e-06,1
39420.0,39425.0,39422.5,1.2693899e-06,6.3469497e-06,1
39425.0,39430.0,39427.5,1.2693899e-06,6.3469497e-06,1
39430.0,39435.0,39432.5,3.8081698e-06,1.9040849e-05,3
39435.0,39440.0,39437.5,2.5387799e-06,1.2693899e-05,2
39440.0,39445.0,39442.5,1.2693899e-06,6.3469497e-06,1
39450.0,39455.0,39452.5,2.5387799e-06,1.2693899e-05,2
39455.0,39460.0,39457.5,1.2693899e-06,6.3469497e-06,1
39460.0,39465.0,39462.5,2.5387799e-06,1.2693899e-05,2
39465.0,39470.0,39467.5,2.5387799e-06,1.2693899e-05,2
39475.0,39480.0,39477.5,1.2693899e-06,6.3469497e-06,1
39480.0,39485.0,39482.5,3.8081698e-06,1.9040849e-05,3
39485.0,39490.0,39487.5,1.2693899e-06,6.3469497e-06,1
39490.0,39495.0,39492.5,1.2693899e-06,6.3469497e-06,1
39495.0,39500.0,39497.5,1.2693899e-06,6.3469497e-06,1
39500.0,39505.0,39502.5,2.5387799e-06,1.2693899e-05,2
39505.0,39510.0,39507.5,3.8081698e-06,1.9040849e-05,3
39515.0,39520.0,39517.5,2.5387799e-06,1.2693899e-05,2
39525.0,39530.0,39527.5,2.5387799e-06,1.2693899e-05,2
39535.0,39540.0,39537.5,2.5387799e-06,1.2693899e-05,2
39540.0,39545.0,39542.5,1.2693899e-06,6.3469497e-06,1
39555.0,39560.0,39557.5,1.2693899e-06,6.3469497e-06,1
39565.0,39570.0,39567.5,1.2693899e-06,6.3469497e-06,1
39570.0,39575.0,39572.5,2.5387799e-06,1.2693899e-05,2
39575.0,39580.0,39577.5,1.2693899e-06,6.3469497e-06,1
39580.0,39585.0,39582.5,5.0775597e-06,2.5387799e-05,4
39585.0,39590.0,39587.5,2.5387799e-06,1.2693899e-05,2
39605.0,39610.0,39607.5,1.2693899e-06,6.3469497e-06,1
39615.0,39620.0,39617.5,2.5387799e-06,1.2693899e-05,2
39620.0,39625.0,39622.5,2.5387799e-06,1.2693899e-05,2
39625.0,39630.0,39627.5,2.5387799e-06,1.2693899e-05,2
39630.0,39635.0,39632.5,2.5387799e-06,1.2693899e-05,2
39650.0,39655.0,39652.5,2.5387799e-06,1.2693899e-05,2
39655.0,39660.0,39657.5,2.5387799e-06,1.2693899e-05,2
39675.0,39680.0,39677.5,1.2693899e-06,6.3469497e-06,1
39680.0,39685.0,39682.5,3.8081698e-06,1.9040849e-05,3
39690.0,39695.0,39692.5,1.2693899e-06,6.3469497e-06,1
39700.0,39705.0,39702.5,2.5387799e-06,1.2693899e-05,2
39705.0,39710.0,39707.5,1.2693899e-06,6.3469497e-06,1
39720.0,39725.0,39722.5,1.2693899e-06,6.3469497e-06,1
39730.0,39735.0,39732.5,1.2693899e-06,6.3469497e-06,1
39735.0,39740.0,39737.5,1.2693899e-06,6.3469497e-06,1
39740.0,39745.0,39742.5,2.5387799e-06,1.2693899e-05,2
39745.0,39750.0,39747.5,2.5387799e-06,1.2693899e-05,2
39750.0,39755.0,39752.5,1.2693899e-06,6.3469497e-06,1
39755.0,39760.0,39757.5,3.8081698e-06,1.9040849e-05,3
39760.0,39765.0,39762.5,2.5387799e-06,1.2693899e-05,2
39765.0,39770.0,39767.5,1.2693899e-06,6.3469497e-06,1
39770.0,39775.0,39772.5,2.5387799e-06,1.2693899e-05,2
39775.0,39780.0,39777.5,2.5387799e-06,1.2693899e-05,2
39780.0,39785.0,39782.5,2.5387799e-06,1.2693899e-05,2
39785.0,39790.0,39787.5,2.5387799e-06,1.2693899e-05,2
39790.0,39795.0,39792.5,1.2693899e-06,6.3469497e-06,1
39795.0,39800.0,39797.5,1.2693899e-06,6.3469497e-06,1
39805.0,39810.0,39807.5,3.8081698e-06,1.9040849e-05,3
39815.0,39820.0,39817.5,2.5387799e-06,1.2693899e-05,2
39820.0,39825.0,39822.5,1.2693899e-06,6.3469497e-06,1
39825.0,39830.0,39827.5,1.2693899e-06,6.3469497e-06,1
39830.0,39835.0,39832.5,1.2693899e-06,6.3469497e-06,1
39835.0,39840.0,39837.5,1.2693899e-06,6.3469497e-06,1
39840.0,39845.0,39842.5,1.2693899e-06,6.3469497e-06,1
39845.0,39850.0,39847.5,3.8081698e-06,1.9040849e-05,3
39850.0,39855.0,39852.5,6.3469497e-06,3.1734748e-05,5
39855.0,39860.0,39857.5,1.2693899e-06,6.3469497e-06,1
39865.0,39870.0,39867.5,2.5387799e-06,1.2693899e-05,2
39875.0,39880.0,39877.5,2.5387799e-06,1.2693899e-05,2
39880.0,39885.0,39882.5,2.5387799e-06,1.2693899e-05,2
39885.0,39890.0,39887.5,2.5387799e-06,1.2693899e-05,2
39895.0,39900.0,39897.5,2.5387799e-06,1.2693899e-05,2
39900.0,39905.0,39902.5,1.2693899e-06,6.3469497e-06,1
39905.0,39910.0,39907.5,2.5387799e-06,1.2693899e-05,2
39910.0,39915.0,39912.5,1.2693899e-06,6.3469497e-06,1
39915.0,39920.0,39917.5,1.2693899e-06,6.3469497e-06,1
39920.0,39925.0,39922.5,1.2693899e-06,6.3469497e-06,1
39930.0,39935.0,39932.5,1.2693899e-06,6.3469497e-06,1
39940.0,39945.0,39942.5,2.5387799e-06,1.2693899e-05,2
39945.0,39950.0,39947.5,1.2693899e-06,6.3469497e-06,1
39950.0,39955.0,39952.5,1.2693899e-06,6.3469497e-06,1
39955.0,39960.0,39957.5,3.8081698e-06,1.9040849e-05,3
39960.0,39965.0,39962.5,1.2693899e-06,6.3469497e-06,1
39965.0,39970.0,39967.5,1.2693899e-06,6.3469497e-06,1
39970.0,39975.0,39972.5,1.2693899e-06,6.3469497e-06,1
39980.0,39985.0,39982.5,1.2693899e-06,6.3469497e-06,1
39985.0,39990.0,39987.5,1.2693899e-06,6.3469497e-06,1
40010.0,40015.0,40012.5,1.2693899e-06,6.3469497e-06,1
40015.0,40020.0,40017.5,1.2693899e-06,6.3469497e-06,1
40020.0,40025.0,40022.5,1.2693899e-06,6.3469497e-06,1
40030.0,40035.0,40032.5,2.5387799e-06,1.2693899e-05,2
40045.0,40050.0,40047.5,2.5387799e-06,1.2693899e-05,2
40055.0,40060.0,40057.5,1.2693899e-06,6.3469497e-06,1
40060.0,40065.0,40062.5,1.2693899e-06,6.3469497e-06,1
40065.0,40070.0,40067.5,1.2693899e-06,6.3469497e-06,1
40070.0,40075.0,40072.5,1.2693899e-06,6.3469497e-06,1
40075.0,40080.0,40077.5,3.8081698e-06,1.9040849e-05,3
40090.0,40095.0,40092.5,1.2693899e-06,6.3469497e-06,1
40100.0,40105.0,40102.5,1.2693899e-06,6.3469497e-06,1
40105.0,40110.0,40107.5,2.5387799e-06,1.2693899e-05,2
40110.0,40115.0,40112.5,1.2693899e-06,6.3469497e-06,1
40115.0,40120.0,40117.5,1.2693899e-06,6.3469497e-06,1
40120.0,40125.0,40122.5,2.5387799e-06,1.2693899e-05,2
40130.0,40135.0,40132.5,2.5387799e-06,1.2693899e-05,2
40145.0,40150.0,40147.5,1.2693899e-06,6.3469497e-06,1
40150.0,40155.0,40152.5,1.2693899e-06,6.3469497e-06,1
40155.0,40160.0,40157.5,2.5387799e-06,1.2693899e-05,2
40160.0,40165.0,40162.5,1.2693899e-06,6.3469497e-06,1
40165.0,40170.0,40167.5,1.2693899e-06,6.3469497e-06,1
40170.0,40175.0,40172.5,2.5387799e-06,1.2693899e-05,2
40175.0,40180.0,40177.5,2.5387799e-06,1.2693899e-05,2
40180.0,40185.0,40182.5,2.5387799e-06,1.2693899e-05,2
40190.0,40195.0,40192.5,3.8081698e-06,1.9040849e-05,3
40195.0,40200.0,40197.5,1.2693899e-06,6.3469497e-06,1
40200.0,40205.0,40202.5,1.2693899e-06,6.3469497e-06,1
40205.0,40210.0,40207.5,1.2693899e-06,6.3469497e-06,1
40210.0,40215.0,40212.5,1.2693899e-06,6.3469497e-06,1
40220.0,40225.0,40222.5,2.5387799e-06,1.2693899e-05,2
40230.0,40235.0,40232.5,2.5387799e-06,1.2693899e-05,2
40235.0,40240.0,40237.5,2.5387799e-06,1.2693899e-05,2
40240.0,40245.0,40242.5,3.8081698e-06,1.9040849e-05,3
40245.0,40250.0,40247.5,2.5387799e-06,1.2693899e-05,2
40250.0,40255.0,40252.5,1.2693899e-06,6.3469497e-06,1
40260.0,40265.0,40262.5,1.2693899e-06,6.3469497e-06,1
40265.0,40270.0,40267.5,1.2693899e-06,6.3469497e-06,1
40270.0,40275.0,40272.5,2.5387799e-06,1.2693899e-05,2
40275.0,40280.0,40277.5,2.5387799e-06,1.2693899e-05,2
40280.0,40285.0,40282.5,1.2693899e-06,6.3469497e-06,1
40285.0,40290.0,40287.5,3.8081698e-06,1.9040849e-05,3
40290.0,40295.0,40292.5,1.2693899e-06,6.3469497e-06,1
40300.0,40305.0,40302.5,1.2693899e-06,6.3469497e-06,1
40305.0,40310.0,40307.5,1.2693899e-06,6.3469497e-06,1
40310.0,40315.0,40312.5,1.2693899e-06,6.3469497e-06,1
40320.0,40325.0,40322.5,1.2693899e-06,6.3469497e-06,1
40325.0,40330.0,40327.5,1.2693899e-06,6.3469497e-06,1
40330.0,40335.0,40332.5,3.8081698e-06,1.9040849e-05,3
40335.0,40340.0,40337.5,1.2693899e-06,6.3469497e-06,1
40340.0,40345.0,40342.5,2.5387799e-06,1.2693899e-05,2
40345.0,40350.0,40347.5,2.5387799e-06,1.2693899e-05,2
40350.0,40355.0,40352.5,1.2693899e-06,6.3469497e-06,1
40355.0,40360.0,40357.5,2.5387799e-06,1.2693899e-05,2
40360.0,40365.0,40362.5,3.8081698e-06,1.9040849e-05,3
40365.0,40370.0,40367.5,1.2693899e-06,6.3469497e-06,1
40375.0,40380.0,40377.5,2.5387799e-06,1.2693899e-05,2
40385.0,40390.0,40387.5,1.2693899e-06,6.3469497e-06,1
40390.0,40395.0,40392.5,2.5387799e-06,1.2693899e-05,2
40400.0,40405.0,40402.5,1.2693899e-06,6.3469497e-06,1
40405.0,40410.0,40407.5,2.5387799e-06,1.2693899e-05,2
40410.0,40415.0,40412.5,3.8081698e-06,1.9040849e-05,3
40415.0,40420.0,40417.5,2.5387799e-06,1.2693899e-05,2
40420.0,40425.0,40422.5,3.8081698e-06,1.9040849e-05,3
40425.0,40430.0,40427.5,1.2693899e-06,6.3469497e-06,1
40430.0,40435.0,40432.5,2.5387799e-06,1.2693899e-05,2
40435.0,40440.0,40437.5,1.2693899e-06,6.3469497e-06,1
40440.0,40445.0,40442.5,1.2693899e-06,6.3469497e-06,1
40445.0,40450.0,40447.5,2.5387799e-06,1.2693899e-05,2
40455.0,40460.0,40457.5,2.5387799e-06,1.2693899e-05,2
40460.0,40465.0,40462.5,7.6163396e-06,3.8081698e-05,6
40465.0,40470.0,40467.5,3.8081698e-06,1.9040849e-05,3
40470.0,40475.0,40472.5,2.5387799e-06,1.2693899e-05,2
40475.0,40480.0,40477.5,1.2693899e-06,6.3469497e-06,1
40480.0,40485.0,40482.5,1.2693899e-06,6.3469497e-06,1
40485.0,40490.0,40487.5,1.2693899e-06,6.3469497e-06,1
40490.0,40495.0,40492.5,1.2693899e-06,6.3469497e-06,1
40500.0,40505.0,40502.5,6.3469497e-06,3.1734748e-05,5
40505.0,40510.0,40507.5,2.5387799e-06,1.2693899e-05,2
40515.0,40520.0,40517.5,1.2693899e-06,6.3469497e-06,1
40520.0,40525.0,40522.5,5.0775597e-06,2.5387799e-05,4
40530.0,40535.0,40532.5,1.2693899e-06,6.3469497e-06,1
40535.0,40540.0,40537.5,2.5387799e-06,1.2693899e-05,2
40550.0,40555.0,40552.5,3.8081698e-06,1.9040849e-05,3
40555.0,40560.0,40557.5,2.5387799e-06,1.2693899e-05,2
40560.0,40565.0,40562.5,1.2693899e-06,6.3469497e-06,1
40565.0,40570.0,40567.5,1.2693899e-06,6.3469497e-06,1
40570.0,40575.0,40572.5,1.2693899e-06,6.3469497e-06,1
40585.0,40590.0,40587.5,2.5387799e-06,1.2693899e-05,2
40590.0,40595.0,40592.5,3.8081698e-06,1.9040849e-05,3
40595.0,40600.0,40597.5,1.2693899e-06,6.3469497e-06,1
40600.0,40605.0,40602.5,1.2693899e-06,6.3469497e-06,1
40605.0,40610.0,40607.5,2.5387799e-06,1.2693899e-05,2
40610.0,40615.0,40612.5,2.5387799e-06,1.2693899e-05,2
40615.0,40620.0,40617.5,3.8081698e-06,1.9040849e-05,3
40620.0,40625.0,40622.5,1.2693899e-06,6.3469497e-06,1
40625.0,40630.0,40627.5,1.2693899e-06,6.3469497e-06,1
40635.0,40640.0,40637.5,1.2693899e-06,6.3469497e-06,1
40645.0,40650.0,40647.5,1.2693899e-06,6.3469497e-06,1
40650.0,40655.0,40652.5,2.5387799e-06,1.2693899e-05,2
40665.0,40670.0,40667.5,1.2693899e-06,6.3469497e-06,1
40680.0,40685.0,40682.5,1.2693899e-06,6.3469497e-06,1
40685.0,40690.0,40687.5,1.2693899e-06,6.3469497e-06,1
40695.0,40700.0,40697.5,1.2693899e-06,6.3469497e-06,1
40700.0,40705.0,40702.5,2.5387799e-06,1.2693899e-05,2
40705.0,40710.0,40707.5,2.5387799e-06,1.2693899e-05,2
40710.0,40715.0,40712.5,2.5387799e-06,1.2693899e-05,2
40720.0,40725.0,40722.5,1.2693899e-06,6.3469497e-06,1
40725.0,40730.0,40727.5,1.2693899e-06,6.3469497e-06,1
40730.0,40735.0,40732.5,1.2693899e-06,6.3469497e-06,1
40745.0,40750.0,40747.5,1.2693899e-06,6.3469497e-06,1
40750.0,40755.0,40752.5,3.8081698e-06,1.9040849e-05,3
40755.0,40760.0,40757.5,3.8081698e-06,1.9040849e-05,3
40760.0,40765.0,40762.5,1.2693899e-06,6.3469497e-06,1
40770.0,40775.0,40772.5,2.5387799e-06,1.2693899e-05,2
40775.0,40780.0,40777.5,2.5387799e-06,1.2693899e-05,2
40780.0,40785.0,40782.5,2.5387799e-06,1.2693899e-05,2
40790.0,40795.0,40792.5,1.2693899e-06,6.3469497e-06,1
40800.0,40805.0,40802.5,1.2693899e-06,6.3469497e-06,1
40805.0,40810.0,40807.5,1.2693899e-06,6.3469497e-06,1
40825.0,40830.0,40827.5,5.0775597e-06,2.5387799e-05,4
40830.0,40835.0,40832.5,3.8081698e-06,1.9040849e-05,3
40845.0,40850.0,40847.5,1.2693899e-06,6.3469497e-06,1
40850.0,40855.0,40852.5,2.5387799e-06,1.2693899e-05,2
40855.0,40860.0,40857.5,2.5387799e-06,1.2693899e-05,2
40860.0,40865.0,40862.5,1.2693899e-06,6.3469497e-06,1
40865.0,40870.0,40867.5,1.2693899e-06,6.3469497e-06,1
40870.0,40875.0,40872.5,1.2693899e-06,6.3469497e-06,1
40880.0,40885.0,40882.5,2.5387799e-06,1.2693899e-05,2
40895.0,40900.0,40897.5,1.2693899e-06,6.3469497e-06,1
40900.0,40905.0,40902.5,2.5387799e-06,1.2693899e-05,2
40905.0,40910.0,40907.5,1.2693899e-06,6.3469497e-06,1
40910.0,40915.0,40912.5,2.5387799e-06,1.2693899e-05,2
40915.0,40920.0,40917.5,2.5387799e-06,1.2693899e-05,2
40920.0,40925.0,40922.5,2.5387799e-06,1.2693899e-05,2
40930.0,40935.0,40932.5,3.8081698e-06,1.9040849e-05,3
40935.0,40940.0,40937.5,1.2693899e-06,6.3469497e-06,1
40940.0,40945.0,40942.5,2.5387799e-06,1.2693899e-05,2
40945.0,40950.0,40947.5,2.5387799e-06,1.2693899e-05,2
40950.0,40955.0,40952.5,1.2693899e-06,6.3469497e-06,1
40955.0,40960.0,40957.5,1.2693899e-06,6.3469497e-06,1
40960.0,40965.0,40962.5,1.2693899e-06,6.3469497e-06,1
40965.0,40970.0,40967.5,1.2693899e-06,6.3469497e-06,1
40970.0,40975.0,40972.5,1.2693899e-06,6.3469497e-06,1
40975.0,40980.0,40977.5,1.2693899e-06,6.3469497e-06,1
40985.0,40990.0,40987.5,2.5387799e-06,1.2693899e-05,2
40995.0,41000.0,40997.5,1.2693899e-06,6.3469497e-06,1
41000.0,41005.0,41002.5,1.2693899e-06,6.3469497e-06,1
41005.0,41010.0,41007.5,2.5387799e-06,1.2693899e-05,2
41010.0,41015.0,41012.5,1.2693899e-06,6.3469497e-06,1
41015.0,41020.0,41017.5,3.8081698e-06,1.9040849e-05,3
41020.0,41025.0,41022.5,2.5387799e-06,1.2693899e-05,2
41025.0,41030.0,41027.5,1.2693899e-06,6.3469497e-06,1
41030.0,41035.0,41032.5,1.2693899e-06,6.3469497e-06,1
41035.0,41040.0,41037.5,1.2693899e-06,6.3469497e-06,1
41040.0,41045.0,41042.5,1.2693899e-06,6.3469497e-06,1
41045.0,41050.0,41047.5,1.2693899e-06,6.3469497e-06,1
41050.0,41055.0,41052.5,1.2693899e-06,6.3469497e-06,1
41055.0,41060.0,41057.5,1.2693899e-06,6.3469497e-06,1
41070.0,41075.0,41072.5,2.5387799e-06,1.2693899e-05,2
41080.0,41085.0,41082.5,3.8081698e-06,1.9040849e-05,3
41085.0,41090.0,41087.5,3.8081698e-06,1.9040849e-05,3
41090.0,41095.0,41092.5,2.5387799e-06,1.2693899e-05,2
41095.0,41100.0,41097.5,2.5387799e-06,1.2693899e-05,2
41100.0,41105.0,41102.5,2.5387799e-06,1.2693899e-05,2
41105.0,41110.0,41107.5,1.2693899e-06,6.3469497e-06,1
41110.0,41115.0,41112.5,3.8081698e-06,1.9040849e-05,3
41115.0,41120.0,41117.5,1.2693899e-06,6.3469497e-06,1
41130.0,41135.0,41132.5,1.2693899e-06,6.3469497e-06,1
41135.0,41140.0,41137.5,2.5387799e-06,1.2693899e-05,2
41140.0,41145.0,41142.5,1.2693899e-06,6.3469497e-06,1
41145.0,41150.0,41147.5,2.5387799e-06,1.2693899e-05,2
41150.0,41155.0,41152.5,2.5387799e-06,1.2693899e-05,2
41155.0,41160.0,41157.5,1.2693899e-06,6.3469497e-06,1
41170.0,41175.0,41172.5,2.5387799e-06,1.2693899e-05,2
41175.0,41180.0,41177.5,2.5387799e-06,1.2693899e-05,2
41180.0,41185.0,41182.5,2.5387799e-06,1.2693899e-05,2
41185.0,41190.0,41187.5,6.3469497e-06,3.1734748e-05,5
41205.0,41210.0,41207.5,2.5387799e-06,1.2693899e-05,2
41210.0,41215.0,41212.5,2.5387799e-06,1.2693899e-05,2
41215.0,41220.0,41217.5,1.2693899e-06,6.3469497e-06,1
41220.0,41225.0,41222.5,3.8081698e-06,1.9040849e-05,3
41235.0,41240.0,41237.5,2.5387799e-06,1.2693899e-05,2
41245.0,41250.0,41247.5,1.2693899e-06,6.3469497e-06,1
41250.0,41255.0,41252.5,1.2693899e-06,6.3469497e-06,1
41260.0,41265.0,41262.5,2.5387799e-06,1.2693899e-05,2
41265.0,41270.0,41267.5,2.5387799e-06,1.2693899e-05,2
41270.0,41275.0,41272.5,1.2693899e-06,6.3469497e-06,1
41285.0,41290.0,41287.5,1.2693899e-06,6.3469497e-06,1
41290.0,41295.0,41292.5,2.5387799e-06,1.2693899e-05,2
41295.0,41300.0,41297.5,3.8081698e-06,1.9040849e-05,3
41305.0,41310.0,41307.5,3.8081698e-06,1.9040849e-05,3
41310.0,41315.0,41312.5,3.8081698e-06,1.9040849e-05,3
41315.0,41320.0,41317.5,1.2693899e-06,6.3469497e-06,1
41320.0,41325.0,41322.5,1.2693899e-06,6.3469497e-06,1
41325.0,41330.0,41327.5,1.2693899e-06,6.3469497e-06,1
41330.0,41335.0,41332.5,3.8081698e-06,1.9040849e-05,3
41340.0,41345.0,41342.5,1.2693899e-06,6.3469497e-06,1
41345.0,41350.0,41347.5,1.2693899e-06,6.3469497e-06,1
41350.0,41355.0,41352.5,1.2693899e-06,6.3469497e-06,1
41360.0,41365.0,41362.5,3.8081698e-06,1.9040849e-05,3
41375.0,41380.0,41377.5,2.5387799e-06,1.2693899e-05,2
41385.0,41390.0,41387.5,2.5387799e-06,1.2693899e-05,2
41405.0,41410.0,41407.5,2.5387799e-06,1.2693899e-05,2
41415.0,41420.0,41417.5,5.0775597e-06,2.5387799e-05,4
41425.0,41430.0,41427.5,1.2693899e-06,6.3469497e-06,1
41430.0,41435.0,41432.5,2.5387799e-06,1.2693899e-05,2
41445.0,41450.0,41447.5,1.2693899e-06,6.3469497e-06,1
41450.0,41455.0,41452.5,1.2693899e-06,6.3469497e-06,1
41460.0,41465.0,41462.5,3.8081698e-06,1.9040849e-05,3
41465.0,41470.0,41467.5,3.8081698e-06,1.9040849e-05,3
41470.0,41475.0,41472.5,2.5387799e-06,1.2693899e-05,2
41475.0,41480.0,41477.5,3.8081698e-06,1.9040849e-05,3
41480.0,41485.0,41482.5,1.2693899e-06,6.3469497e-06,1
41495.0,41500.0,41497.5,2.5387799e-06,1.2693899e-05,2
41500.0,41505.0,41502.5,1.2693899e-06,6.3469497e-06,1
41505.0,41510.0,41507.5,1.2693899e-06,6.3469497e-06,1
41510.0,41515.0,41512.5,2.5387799e-06,1.2693899e-05,2
41535.0,41540.0,41537.5,2.5387799e-06,1.2693899e-05,2
41555.0,41560.0,41557.5,1.2693899e-06,6.3469497e-06,1
41560.0,41565.0,41562.5,1.2693899e-06,6.3469497e-06,1
41565.0,41570.0,41567.5,2.5387799e-06,1.2693899e-05,2
41570.0,41575.0,41572.5,1.2693899e-06,6.3469497e-06,1
41575.0,41580.0,41577.5,2.5387799e-06,1.2693899e-05,2
41580.0,41585.0,41582.5,1.2693899e-06,6.3469497e-06,1
41585.0,41590.0,41587.5,2.5387799e-06,1.2693899e-05,2
41590.0,41595.0,41592.5,1.2693899e-06,6.3469497e-06,1
41595.0,41600.0,41597.5,1.2693899e-06,6.3469497e-06,1
41600.0,41605.0,41602.5,3.8081698e-06,1.9040849e-05,3
41610.0,41615.0,41612.5,2.5387799e-06,1.2693899e-05,2
41615.0,41620.0,41617.5,5.0775597e-06,2.5387799e-05,4
41620.0,41625.0,41622.5,2.5387799e-06,1.2693899e-05,2
41630.0,41635.0,41632.5,1.2693899e-06,6.3469497e-06,1
41650.0,41655.0,41652.5,3.8081698e-06,1.9040849e-05,3
41665.0,41670.0,41667.5,3.8081698e-06,1.9040849e-05,3
41675.0,41680.0,41677.5,1.2693899e-06,6.3469497e-06,1
41680.0,41685.0,41682.5,3.8081698e-06,1.9040849e-05,3
41685.0,41690.0,41687.5,1.2693899e-06,6.3469497e-06,1
41700.0,41705.0,41702.5,1.2693899e-06,6.3469497e-06,1
41705.0,41710.0,41707.5,2.5387799e-06,1.2693899e-05,2
41710.0,41715.0,41712.5,2.5387799e-06,1.2693899e-05,2
41715.0,41720.0,41717.5,1.2693899e-06,6.3469497e-06,1
41720.0,41725.0,41722.5,3.8081698e-06,1.9040849e-05,3
41730.0,41735.0,41732.5,1.2693899e-06,6.3469497e-06,1
41750.0,41755.0,41752.5,1.2693899e-06,6.3469497e-06,1
41755.0,41760.0,41757.5,1.2693899e-06,6.3469497e-06,1
41760.0,41765.0,41762.5,1.2693899e-06,6.3469497e-06,1
41765.0,41770.0,41767.5,2.5387799e-06,1.2693899e-05,2
41780.0,41785.0,41782.5,1.2693899e-06,6.3469497e-06,1
41785.0,41790.0,41787.5,1.2693899e-06,6.3469497e-06,1
41805.0,41810.0,41807.5,1.2693899e-06,6.3469497e-06,1
41810.0,41815.0,41812.5,2.5387799e-06,1.2693899e-05,2
41815.0,41820.0,41817.5,1.2693899e-06,6.3469497e-06,1
41820.0,41825.0,41822.5,2.5387799e-06,1.2693899e-05,2
41830.0,41835.0,41832.5,2.5387799e-06,1.2693899e-05,2
41835.0,41840.0,41837.5,1.2693899e-06,6.3469497e-06,1
41840.0,41845.0,41842.5,1.2693899e-06,6.3469497e-06,1
41845.0,41850.0,41847.5,2.5387799e-06,1.2693899e-05,2
41850.0,41855.0,41852.5,2.5387799e-06,1.2693899e-05,2
41855.0,41860.0,41857.5,3.8081698e-06,1.9040849e-05,3
41860.0,41865.0,41862.5,3.8081698e-06,1.9040849e-05,3
41865.0,41870.0,41867.5,1.2693899e-06,6.3469497e-06,1
41870.0,41875.0,41872.5,1.2693899e-06,6.3469497e-06,1
41875.0,41880.0,41877.5,2.5387799e-06,1.2693899e-05,2
41885.0,41890.0,41887.5,3.8081698e-06,1.9040849e-05,3
41890.0,41895.0,41892.5,1.2693899e-06,6.3469497e-06,1
41915.0,41920.0,41917.5,3.8081698e-06,1.9040849e-05,3
41920.0,41925.0,41922.5,1.2693899e-06,6.3469497e-06,1
41930.0,41935.0,41932.5,2.5387799e-06,1.2693899e-05,2
41935.0,41940.0,41937.5,5.0775597e-06,2.5387799e-05,4
41940.0,41945.0,41942.5,1.2693899e-06,6.3469497e-06,1
41945.0,41950.0,41947.5,1.2693899e-06,6.3469497e-06,1
41955.0,41960.0,41957.5,1.2693899e-06,6.3469497e-06,1
41960.0,41965.0,41962.5,1.2693899e-06,6.3469497e-06,1
41965.0,41970.0,41967.5,2.5387799e-06,1.2693899e-05,2
41970.0,41975.0,41972.5,1.2693899e-06,6.3469497e-06,1
41975.0,41980.0,41977.5,1.2693899e-06,6.3469497e-06,1
41980.0,41985.0,41982.5,1.2693899e-06,6.3469497e-06,1
41985.0,41990.0,41987.5,1.2693899e-06,6.3469497e-06,1
41995.0,42000.0,41997.5,1.2693899e-06,6.3469497e-06,1
42000.0,42005.0,42002.5,2.5387799e-06,1.2693899e-05,2
42005.0,42010.0,42007.5,3.8081698e-06,1.9040849e-05,3
42010.0,42015.0,42012.5,2.5387799e-06,1.2693899e-05,2
42015.0,42020.0,42017.5,1.2693899e-06,6.3469497e-06,1
42025.0,42030.0,42027.5,1.2693899e-06,6.3469497e-06,1
42030.0,42035.0,42032.5,1.2693899e-06,6.3469497e-06,1
42040.0,42045.0,42042.5,1.2693899e-06,6.3469497e-06,1
42055.0,42060.0,42057.5,1.2693899e-06,6.3469497e-06,1
42060.0,42065.0,42062.5,1.2693899e-06,6.3469497e-06,1
42065.0,42070.0,42067.5,1.2693899e-06,6.3469497e-06,1
42075.0,42080.0,42077.5,5.0775597e-06,2.5387799e-05,4
42085.0,42090.0,42087.5,1.2693899e-06,6.3469497e-06,1
42090.0,42095.0,42092.5,1.2693899e-06,6.3469497e-06,1
42105.0,42110.0,42107.5,1.2693899e-06,6.3469497e-06,1
42120.0,42125.0,42122.5,3.8081698e-06,1.9040849e-05,3
42125.0,42130.0,42127.5,1.2693899e-06,6.3469497e-06,1
42135.0,42140.0,42137.5,3.8081698e-06,1.9040849e-05,3
42140.0,42145.0,42142.5,1.2693899e-06,6.3469497e-06,1
42165.0,42170.0,42167.5,2.5387799e-06,1.2693899e-05,2
42175.0,42180.0,42177.5,2.5387799e-06,1.2693899e-05,2
42180.0,42185.0,42182.5,1.2693899e-06,6.3469497e-06,1
42185.0,42190.0,42187.5,1.2693899e-06,6.3469497e-06,1
42195.0,42200.0,42197.5,2.5387799e-06,1.2693899e-05,2
42205.0,42210.0,42207.5,2.5387799e-06,1.2693899e-05,2
42215.0,42220.0,42217.5,2.5387799e-06,1.2693899e-05,2
42220.0,42225.0,42222.5,3.8081698e-06,1.9040849e-05,3
42245.0,42250.0,42247.5,2.5387799e-06,1.2693899e-05,2
42250.0,42255.0,42252.5,2.5387799e-06,1.2693899e-05,2
42255.0,42260.0,42257.5,2.5387799e-06,1.2693899e-05,2
42265.0,42270.0,42267.5,2.5387799e-06,1.2693899e-05,2
42270.0,42275.0,42272.5,1.2693899e-06,6.3469497e-06,1
42275.0,42280.0,42277.5,5.0775597e-06,2.5387799e-05,4
42280.0,42285.0,42282.5,3.8081698e-06,1.9040849e-05,3
42290.0,42295.0,42292.5,3.8081698e-06,1.9040849e-05,3
42300.0,42305.0,42302.5,2.5387799e-06,1.2693899e-05,2
42305.0,42310.0,42307.5,1.2693899e-06,6.3469497e-06,1
42315.0,42320.0,42317.5,2.5387799e-06,1.2693899e-05,2
42320.0,42325.0,42322.5,1.2693899e-06,6.3469497e-06,1
42340.0,42345.0,42342.5,1.2693899e-06,6.3469497e-06,1
42350.0,42355.0,42352.5,5.0775597e-06,2.5387799e-05,4
42365.0,42370.0,42367.5,1.2693899e-06,6.3469497e-06,1
42375.0,42380.0,42377.5,1.2693899e-06,6.3469497e-06,1
42380.0,42385.0,42382.5,3.8081698e-06,1.9040849e-05,3
42385.0,42390.0,42387.5,1.2693899e-06,6.3469497e-06,1
42395.0,42400.0,42397.5,1.2693899e-06,6.3469497e-06,1
42400.0,42405.0,42402.5,2.5387799e-06,1.2693899e-05,2
42410.0,42415.0,42412.5,6.3469497e-06,3.1734748e-05,5
42420.0,42425.0,42422.5,2.5387799e-06,1.2693899e-05,2
42430.0,42435.0,42432.5,1.2693899e-06,6.3469497e-06,1
42435.0,42440.0,42437.5,3.8081698e-06,1.9040849e-05,3
42440.0,42445.0,42442.5,1.2693899e-06,6.3469497e-06,1
42445.0,42450.0,42447.5,1.2693899e-06,6.3469497e-06,1
42450.0,42455.0,42452.5,1.2693899e-06,6.3469497e-06,1
42460.0,42465.0,42462.5,2.5387799e-06,1.2693899e-05,2
42465.0,42470.0,42467.5,2.5387799e-06,1.2693899e-05,2
42470.0,42475.0,42472.5,1.2693899e-06,6.3469497e-06,1
42475.0,42480.0,42477.5,2.5387799e-06,1.2693899e-05,2
42480.0,42485.0,42482.5,2.5387799e-06,1.2693899e-05,2
42485.0,42490.0,42487.5,1.2693899e-06,6.3469497e-06,1
42495.0,42500.0,42497.5,1.2693899e-06,6.3469497e-06,1
42505.0,42510.0,42507.5,5.0775597e-06,2.5387799e-05,4
42520.0,42525.0,42522.5,2.5387799e-06,1.2693899e-05,2
42525.0,42530.0,42527.5,1.2693899e-06,6.3469497e-06,1
42535.0,42540.0,42537.5,2.5387799e-06,1.2693899e-05,2
42545.0,42550.0,42547.5,1.2693899e-06,6.3469497e-06,1
42550.0,42555.0,42552.5,2.5387799e-06,1.2693899e-05,2
42565.0,42570.0,42567.5,3.8081698e-06,1.9040849e-05,3
42570.0,42575.0,42572.5,1.2693899e-06,6.3469497e-06,1
42575.0,42580.0,42577.5,1.2693899e-06,6.3469497e-06,1
42580.0,42585.0,42582.5,5.0775597e-06,2.5387799e-05,4
42590.0,42595.0,42592.5,1.2693899e-06,6.3469497e-06,1
42595.0,42600.0,42597.5,5.0775597e-06,2.5387799e-05,4
42600.0,42605.0,42602.5,2.5387799e-06,1.2693899e-05,2
42605.0,42610.0,42607.5,3.8081698e-06,1.9040849e-05,3
42625.0,42630.0,42627.5,1.2693899e-06,6.3469497e-06,1
42635.0,42640.0,42637.5,1.2693899e-06,6.3469497e-06,1
42640.0,42645.0,42642.5,1.2693899e-06,6.3469497e-06,1
42645.0,42650.0,42647.5,1.2693899e-06,6.3469497e-06,1
42650.0,42655.0,42652.5,2.5387799e-06,1.2693899e-05,2
42660.0,42665.0,42662.5,1.2693899e-06,6.3469497e-06,1
42670.0,42675.0,42672.5,1.2693899e-06,6.3469497e-06,1
42675.0,42680.0,42677.5,1.2693899e-06,6.3469497e-06,1
42680.0,42685.0,42682.5,2.5387799e-06,1.2693899e-05,2
42685.0,42690.0,42687.5,2.5387799e-06,1.2693899e-05,2
42690.0,42695.0,42692.5,1.2693899e-06,6.3469497e-06,1
42695.0,42700.0,42697.5,1.2693899e-06,6.3469497e-06,1
42725.0,42730.0,42727.5,2.5387799e-06,1.2693899e-05,2
42730.0,42735.0,42732.5,1.2693899e-06,6.3469497e-06,1
42735.0,42740.0,42737.5,1.2693899e-06,6.3469497e-06,1
42740.0,42745.0,42742.5,2.5387799e-06,1.2693899e-05,2
42750.0,42755.0,42752.5,1.2693899e-06,6.3469497e-06,1
42755.0,42760.0,42757.5,3.8081698e-06,1.9040849e-05,3
42765.0,42770.0,42767.5,1.2693899e-06,6.3469497e-06,1
42775.0,42780.0,42777.5,1.2693899e-06,6.3469497e-06,1
42780.0,42785.0,42782.5,1.2693899e-06,6.3469497e-06,1
42785.0,42790.0,42787.5,2.5387799e-06,1.2693899e-05,2
42790.0,42795.0,42792.5,1.2693899e-06,6.3469497e-06,1
42805.0,42810.0,42807.5,2.5387799e-06,1.2693899e-05,2
42810.0,42815.0,42812.5,2.5387799e-06,1.2693899e-05,2
42820.0,42825.0,42822.5,2.5387799e-06,1.2693899e-05,2
42825.0,42830.0,42827.5,6.3469497e-06,3.1734748e-05,5
42830.0,42835.0,42832.5,3.8081698e-06,1.9040849e-05,3
42835.0,42840.0,42837.5,1.2693899e-06,6.3469497e-06,1
42840.0,42845.0,42842.5,1.2693899e-06,6.3469497e-06,1
42845.0,42850.0,42847.5,1.2693899e-06,6.3469497e-06,1
42850.0,42855.0,42852.5,1.2693899e-06,6.3469497e-06,1
42855.0,42860.0,42857.5,1.2693899e-06,6.3469497e-06,1
42865.0,42870.0,42867.5,3.8081698e-06,1.9040849e-05,3
42870.0,42875.0,42872.5,1.2693899e-06,6.3469497e-06,1
42875.0,42880.0,42877.5,1.2693899e-06,6.3469497e-06,1
42880.0,42885.0,42882.5,1.2693899e-06,6.3469497e-06,1
42885.0,42890.0,42887.5,1.2693899e-06,6.3469497e-06,1
42890.0,42895.0,42892.5,2.5387799e-06,1.2693899e-05,2
42900.0,42905.0,42902.5,2.5387799e-06,1.2693899e-05,2
42905.0,42910.0,42907.5,2.5387799e-06,1.2693899e-05,2
42910.0,42915.0,42912.5,1.2693899e-06,6.3469497e-06,1
42915.0,42920.0,42917.5,2.5387799e-06,1.2693899e-05,2
42920.0,42925.0,42922.5,1.2693899e-06,6.3469497e-06,1
42925.0,42930.0,42927.5,2.5387799e-06,1.2693899e-05,2
42935.0,42940.0,42937.5,1.2693899e-06,6.3469497e-06,1
42970.0,42975.0,42972.5,1.2693899e-06,6.3469497e-06,1
42975.0,42980.0,42977.5,1.2693899e-06,6.3469497e-06,1
42985.0,42990.0,42987.5,1.2693899e-06,6.3469497e-06,1
42995.0,43000.0,42997.5,1.2693899e-06,6.3469497e-06,1
43000.0,43005.0,43002.5,1.2693899e-06,6.3469497e-06,1
43005.0,43010.0,43007.5,2.5387799e-06,1.2693899e-05,2
43015.0,43020.0,43017.5,1.2693899e-06,6.3469497e-06,1
43020.0,43025.0,43022.5,3.8081698e-06,1.9040849e-05,3
43030.0,43035.0,43032.5,1.2693899e-06,6.3469497e-06,1
43035.0,43040.0,43037.5,1.2693899e-06,6.3469497e-06,1
43040.0,43045.0,43042.5,1.2693899e-06,6.3469497e-06,1
43050.0,43055.0,43052.5,1.2693899e-06,6.3469497e-06,1
43065.0,43070.0,43067.5,3.8081698e-06,1.9040849e-05,3
43070.0,43075.0,43072.5,1.2693899e-06,6.3469497e-06,1
43075.0,43080.0,43077.5,1.2693899e-06,6.3469497e-06,1
43080.0,43085.0,43082.5,1.2693899e-06,6.3469497e-06,1
43085.0,43090.0,43087.5,1.2693899e-06,6.3469497e-06,1
43090.0,43095.0,43092.5,3.8081698e-06,1.9040849e-05,3
43095.0,43100.0,43097.5,2.5387799e-06,1.2693899e-05,2
43100.0,43105.0,43102.5,2.5387799e-06,1.2693899e-05,2
43110.0,43115.0,43112.5,1.2693899e-06,6.3469497e-06,1
43120.0,43125.0,43122.5,1.2693899e-06,6.3469497e-06,1
43125.0,43130.0,43127.5,2.5387799e-06,1.2693899e-05,2
43130.0,43135.0,43132.5,5.0775597e-06,2.5387799e-05,4
43135.0,43140.0,43137.5,2.5387799e-06,1.2693899e-05,2
43145.0,43150.0,43147.5,1.2693899e-06,6.3469497e-06,1
43150.0,43155.0,43152.5,2.5387799e-06,1.2693899e-05,2
43155.0,43160.0,43157.5,1.2693899e-06,6.3469497e-06,1
43160.0,43165.0,43162.5,1.2693899e-06,6.3469497e-06,1
43165.0,43170.0,43167.5,1.2693899e-06,6.3469497e-06,1
43170.0,43175.0,43172.5,1.2693899e-06,6.3469497e-06,1
43175.0,43180.0,43177.5,2.5387799e-06,1.2693899e-05,2
43185.0,43190.0,43187.5,1.2693899e-06,6.3469497e-06,1
43200.0,43205.0,43202.5,1.2693899e-06,6.3469497e-06,1
43210.0,43215.0,43212.5,1.2693899e-06,6.3469497e-06,1
43215.0,43220.0,43217.5,1.2693899e-06,6.3469497e-06,1
43220.0,43225.0,43222.5,1.2693899e-06,6.3469497e-06,1
43225.0,43230.0,43227.5,1.2693899e-06,6.3469497e-06,1
43230.0,43235.0,43232.5,2.5387799e-06,1.2693899e-05,2
43235.0,43240.0,43237.5,1.2693899e-06,6.3469497e-06,1
43240.0,43245.0,43242.5,3.8081698e-06,1.9040849e-05,3
43245.0,43250.0,43247.5,1.2693899e-06,6.3469497e-06,1
43250.0,43255.0,43252.5,3.8081698e-06,1.9040849e-05,3
43255.0,43260.0,43257.5,5.0775597e-06,2.5387799e-05,4
43260.0,43265.0,43262.5,2.5387799e-06,1.2693899e-05,2
43265.0,43270.0,43267.5,1.2693899e-06,6.3469497e-06,1
43270.0,43275.0,43272.5,2.5387799e-06,1.2693899e-05,2
43275.0,43280.0,43277.5,2.5387799e-06,1.2693899e-05,2
43280.0,43285.0,43282.5,1.2693899e-06,6.3469497e-06,1
43290.0,43295.0,43292.5,1.2693899e-06,6.3469497e-06,1
43295.0,43300.0,43297.5,3.8081698e-06,1.9040849e-05,3
43305.0,43310.0,43307.5,3.8081698e-06,1.9040849e-05,3
43310.0,43315.0,43312.5,2.5387799e-06,1.2693899e-05,2
43315.0,43320.0,43317.5,1.2693899e-06,6.3469497e-06,1
43320.0,43325.0,43322.5,2.5387799e-06,1.2693899e-05,2
43325.0,43330.0,43327.5,3.8081698e-06,1.9040849e-05,3
43330.0,43335.0,43332.5,1.2693899e-06,6.3469497e-06,1
43335.0,43340.0,43337.5,2.5387799e-06,1.2693899e-05,2
43340.0,43345.0,43342.5,1.2693899e-06,6.3469497e-06,1
43350.0,43355.0,43352.5,2.5387799e-06,1.2693899e-05,2
43355.0,43360.0,43357.5,3.8081698e-06,1.9040849e-05,3
43365.0,43370.0,43367.5,1.2693899e-06,6.3469497e-06,1
43385.0,43390.0,43387.5,2.5387799e-06,1.2693899e-05,2
43390.0,43395.0,43392.5,1.2693899e-06,6.3469497e-06,1
43395.0,43400.0,43397.5,2.5387799e-06,1.2693899e-05,2
43405.0,43410.0,43407.5,1.2693899e-06,6.3469497e-06,1
43410.0,43415.0,43412.5,3.8081698e-06,1.9040849e-05,3
43415.0,43420.0,43417.5,1.2693899e-06,6.3469497e-06,1
43425.0,43430.0,43427.5,1.2693899e-06,6.3469497e-06,1
43430.0,43435.0,43432.5,2.5387799e-06,1.2693899e-05,2
43435.0,43440.0,43437.5,1.2693899e-06,6.3469497e-06,1
43440.0,43445.0,43442.5,1.2693899e-06,6.3469497e-06,1
43455.0,43460.0,43457.5,1.2693899e-06,6.3469497e-06,1
43470.0,43475.0,43472.5,1.2693899e-06,6.3469497e-06,1
43475.0,43480.0,43477.5,2.5387799e-06,1.2693899e-05,2
43480.0,43485.0,43482.5,1.2693899e-06,6.3469497e-06,1
43490.0,43495.0,43492.5,1.2693899e-06,6.3469497e-06,1
43495.0,43500.0,43497.5,2.5387799e-06,1.2693899e-05,2
43500.0,43505.0,43502.5,1.2693899e-06,6.3469497e-06,1
43510.0,43515.0,43512.5,6.3469497e-06,3.1734748e-05,5
43515.0,43520.0,43517.5,2.5387799e-06,1.2693899e-05,2
43520.0,43525.0,43522.5,1.2693899e-06,6.3469497e-06,1
43525.0,43530.0,43527.5,1.2693899e-06,6.3469497e-06,1
43530.0,43535.0,43532.5,3.8081698e-06,1.9040849e-05,3
43545.0,43550.0,43547.5,5.0775597e-06,2.5387799e-05,4
43550.0,43555.0,43552.5,1.2693899e-06,6.3469497e-06,1
43575.0,43580.0,43577.5,1.2693899e-06,6.3469497e-06,1
43580.0,43585.0,43582.5,2.5387799e-06,1.2693899e-05,2
43585.0,43590.0,43587.5,2.5387799e-06,1.2693899e-05,2
43590.0,43595.0,43592.5,1.2693899e-06,6.3469497e-06,1
43600.0,43605.0,43602.5,1.2693899e-06,6.3469497e-06,1
43605.0,43610.0,43607.5,1.2693899e-06,6.3469497e-06,1
43610.0,43615.0,43612.5,1.2693899e-06,6.3469497e-06,1
43620.0,43625.0,43622.5,1.2693899e-06,6.3469497e-06,1
43625.0,43630.0,43627.5,1.2693899e-06,6.3469497e-06,1
43630.0,43635.0,43632.5,1.2693899e-06,6.3469497e-06,1
43635.0,43640.0,43637.5,1.2693899e-06,6.3469497e-06,1
43640.0,43645.0,43642.5,2.5387799e-06,1.2693899e-05,2
43645.0,43650.0,43647.5,1.2693899e-06,6.3469497e-06,1
43650.0,43655.0,43652.5,1.2693899e-06,6.3469497e-06,1
43655.0,43660.0,43657.5,1.2693899e-06,6.3469497e-06,1
43670.0,43675.0,43672.5,1.2693899e-06,6.3469497e-06,1
43675.0,43680.0,43677.5,3.8081698e-06,1.9040849e-05,3
43680.0,43685.0,43682.5,1.2693899e-06,6.3469497e-06,1
43690.0,43695.0,43692.5,2.5387799e-06,1.2693899e-05,2
43695.0,43700.0,43697.5,1.2693899e-06,6.3469497e-06,1
43710.0,43715.0,43712.5,2.5387799e-06,1.2693899e-05,2
43720.0,43725.0,43722.5,2.5387799e-06,1.2693899e-05,2
43725.0,43730.0,43727.5,2.5387799e-06,1.2693899e-05,2
43730.0,43735.0,43732.5,2.5387799e-06,1.2693899e-05,2
43740.0,43745.0,43742.5,1.2693899e-06,6.3469497e-06,1
43765.0,43770.0,43767.5,2.5387799e-06,1.2693899e-05,2
43770.0,43775.0,43772.5,1.2693899e-06,6.3469497e-06,1
43785.0,43790.0,43787.5,3.8081698e-06,1.9040849e-05,3
43790.0,43795.0,43792.5,1.2693899e-06,6.3469497e-06,1
43795.0,43800.0,43797.5,1.2693899e-06,6.3469497e-06,1
43805.0,43810.0,43807.5,1.2693899e-06,6.3469497e-06,1
43810.0,43815.0,43812.5,1.2693899e-06,6.3469497e-06,1
43820.0,43825.0,43822.5,3.8081698e-06,1.9040849e-05,3
43825.0,43830.0,43827.5,1.2693899e-06,6.3469497e-06,1
43830.0,43835.0,43832.5,1.2693899e-06,6.3469497e-06,1
43835.0,43840.0,43837.5,1.2693899e-06,6.3469497e-06,1
43845.0,43850.0,43847.5,2.5387799e-06,1.2693899e-05,2
43850.0,43855.0,43852.5,3.8081698e-06,1.9040849e-05,3
43865.0,43870.0,43867.5,1.2693899e-06,6.3469497e-06,1
43870.0,43875.0,43872.5,1.2693899e-06,6.3469497e-06,1
43875.0,43880.0,43877.5,2.5387799e-06,1.2693899e-05,2
43880.0,43885.0,43882.5,1.2693899e-06,6.3469497e-06,1
43885.0,43890.0,43887.5,2.5387799e-06,1.2693899e-05,2
43900.0,43905.0,43902.5,1.2693899e-06,6.3469497e-06,1
43915.0,43920.0,43917.5,1.2693899e-06,6.3469497e-06,1
43925.0,43930.0,43927.5,2.5387799e-06,1.2693899e-05,2
43930.0,43935.0,43932.5,1.2693899e-06,6.3469497e-06,1
43940.0,43945.0,43942.5,2.5387799e-06,1.2693899e-05,2
43955.0,43960.0,43957.5,1.2693899e-06,6.3469497e-06,1
43960.0,43965.0,43962.5,1.2693899e-06,6.3469497e-06,1
43965.0,43970.0,43967.5,2.5387799e-06,1.2693899e-05,2
43975.0,43980.0,43977.5,1.2693899e-06,6.3469497e-06,1
43980.0,43985.0,43982.5,2.5387799e-06,1.2693899e-05,2
43985.0,43990.0,43987.5,5.0775597e-06,2.5387799e-05,4
43995.0,44000.0,43997.5,1.2693899e-06,6.3469497e-06,1
44010.0,44015.0,44012.5,1.2693899e-06,6.3469497e-06,1
44015.0,44020.0,44017.5,3.8081698e-06,1.9040849e-05,3
44025.0,44030.0,44027.5,1.2693899e-06,6.3469497e-06,1
44030.0,44035.0,44032.5,1.2693899e-06,6.3469497e-06,1
44035.0,44040.0,44037.5,1.2693899e-06,6.3469497e-06,1
44045.0,44050.0,44047.5,2.5387799e-06,1.2693899e-05,2
44050.0,44055.0,44052.5,2.5387799e-06,1.2693899e-05,2
44055.0,44060.0,44057.5,1.2693899e-06,6.3469497e-06,1
44060.0,44065.0,44062.5,1.2693899e-06,6.3469497e-06,1
44065.0,44070.0,44067.5,1.2693899e-06,6.3469497e-06,1
44070.0,44075.0,44072.5,2.5387799e-06,1.2693899e-05,2
44080.0,44085.0,44082.5,1.2693899e-06,6.3469497e-06,1
44090.0,44095.0,44092.5,1.2693899e-06,6.3469497e-06,1
44095.0,44100.0,44097.5,6.3469497e-06,3.1734748e-05,5
44110.0,44115.0,44112.5,1.2693899e-06,6.3469497e-06,1
44115.0,44120.0,44117.5,1.2693899e-06,6.3469497e-06,1
44120.0,44125.0,44122.5,2.5387799e-06,1.2693899e-05,2
44135.0,44140.0,44137.5,1.2693899e-06,6.3469497e-06,1
44140.0,44145.0,44142.5,1.2693899e-06,6.3469497e-06,1
44145.0,44150.0,44147.5,1.2693899e-06,6.3469497e-06,1
44155.0,44160.0,44157.5,1.2693899e-06,6.3469497e-06,1
44160.0,44165.0,44162.5,1.2693899e-06,6.3469497e-06,1
44165.0,44170.0,44167.5,2.5387799e-06,1.2693899e-05,2
44170.0,44175.0,44172.5,1.2693899e-06,6.3469497e-06,1
44175.0,44180.0,44177.5,1.2693899e-06,6.3469497e-06,1
44180.0,44185.0,44182.5,1.2693899e-06,6.3469497e-06,1
44185.0,44190.0,44187.5,1.2693899e-06,6.3469497e-06,1
44195.0,44200.0,44197.5,1.2693899e-06,6.3469497e-06,1
44215.0,44220.0,44217.5,1.2693899e-06,6.3469497e-06,1
44230.0,44235.0,44232.5,1.2693899e-06,6.3469497e-06,1
44235.0,44240.0,44237.5,1.2693899e-06,6.3469497e-06,1
44240.0,44245.0,44242.5,1.2693899e-06,6.3469497e-06,1
44250.0,44255.0,44252.5,1.2693899e-06,6.3469497e-06,1
44255.0,44260.0,44257.5,1.2693899e-06,6.3469497e-06,1
44260.0,44265.0,44262.5,1.2693899e-06,6.3469497e-06,1
44275.0,44280.0,44277.5,1.2693899e-06,6.3469497e-06,1
44285.0,44290.0,44287.5,2.5387799e-06,1.2693899e-05,2
44290.0,44295.0,44292.5,2.5387799e-06,1.2693899e-05,2
44300.0,44305.0,44302.5,1.2693899e-06,6.3469497e-06,1
44305.0,44310.0,44307.5,2.5387799e-06,1.2693899e-05,2
44310.0,44315.0,44312.5,1.2693899e-06,6.3469497e-06,1
44320.0,44325.0,44322.5,2.5387799e-06,1.2693899e-05,2
44325.0,44330.0,44327.5,1.2693899e-06,6.3469497e-06,1
44330.0,44335.0,44332.5,1.2693899e-06,6.3469497e-06,1
44335.0,44340.0,44337.5,2.5387799e-06,1.2693899e-05,2
44345.0,44350.0,44347.5,2.5387799e-06,1.2693899e-05,2
44350.0,44355.0,44352.5,1.2693899e-06,6.3469497e-06,1
44360.0,44365.0,44362.5,2.5387799e-06,1.2693899e-05,2
44365.0,44370.0,44367.5,1.2693899e-06,6.3469497e-06,1
44370.0,44375.0,44372.5,2.5387799e-06,1.2693899e-05,2
44380.0,44385.0,44382.5,1.2693899e-06,6.3469497e-06,1
44390.0,44395.0,44392.5,1.2693899e-06,6.3469497e-06,1
44395.0,44400.0,44397.5,3.8081698e-06,1.9040849e-05,3
44405.0,44410.0,44407.5,1.2693899e-06,6.3469497e-06,1
44410.0,44415.0,44412.5,1.2693899e-06,6.3469497e-06,1
44415.0,44420.0,44417.5,1.2693899e-06,6.3469497e-06,1
44420.0,44425.0,44422.5,2.5387799e-06,1.2693899e-05,2
44430.0,44435.0,44432.5,1.2693899e-06,6.3469497e-06,1
44435.0,44440.0,44437.5,1.2693899e-06,6.3469497e-06,1
44440.0,44445.0,44442.5,2.5387799e-06,1.2693899e-05,2
44445.0,44450.0,44447.5,2.5387799e-06,1.2693899e-05,2
44455.0,44460.0,44457.5,1.2693899e-06,6.3469497e-06,1
44460.0,44465.0,44462.5,1.2693899e-06,6.3469497e-06,1
44480.0,44485.0,44482.5,1.2693899e-06,6.3469497e-06,1
44485.0,44490.0,44487.5,1.2693899e-06,6.3469497e-06,1
44495.0,44500.0,44497.5,2.5387799e-06,1.2693899e-05,2
44520.0,44525.0,44522.5,2.5387799e-06,1.2693899e-05,2
44545.0,44550.0,44547.5,1.2693899e-06,6.3469497e-06,1
44555.0,44560.0,44557.5,1.2693899e-06,6.3469497e-06,1
44560.0,44565.0,44562.5,3.8081698e-06,1.9040849e-05,3
44575.0,44580.0,44577.5,2.5387799e-06,1.2693899e-05,2
44590.0,44595.0,44592.5,1.2693899e-06,6.3469497e-06,1
44595.0,44600.0,44597.5,2.5387799e-06,1.2693899e-05,2
44605.0,44610.0,44607.5,1.2693899e-06,6.3469497e-06,1
44615.0,44620.0,44617.5,1.2693899e-06,6.3469497e-06,1
44625.0,44630.0,44627.5,1.2693899e-06,6.3469497e-06,1
44650.0,44655.0,44652.5,2.5387799e-06,1.2693899e-05,2
44665.0,44670.0,44667.5,1.2693899e-06,6.3469497e-06,1
44675.0,44680.0,44677.5,1.2693899e-06,6.3469497e-06,1
44685.0,44690.0,44687.5,2.5387799e-06,1.2693899e-05,2
44690.0,44695.0,44692.5,2.5387799e-06,1.2693899e-05,2
44695.0,44700.0,44697.5,1.2693899e-06,6.3469497e-06,1
44700.0,44705.0,44702.5,2.5387799e-06,1.2693899e-05,2
44705.0,44710.0,44707.5,1.2693899e-06,6.3469497e-06,1
44710.0,44715.0,44712.5,1.2693899e-06,6.3469497e-06,1
44720.0,44725.0,44722.5,1.2693899e-06,6.3469497e-06,1
44725.0,44730.0,44727.5,2.5387799e-06,1.2693899e-05,2
44770.0,44775.0,44772.5,1.2693899e-06,6.3469497e-06,1
44775.0,44780.0,44777.5,2.5387799e-06,1.2693899e-05,2
44780.0,44785.0,44782.5,1.2693899e-06,6.3469497e-06,1
44785.0,44790.0,44787.5,2.5387799e-06,1.2693899e-05,2
44790.0,44795.0,44792.5,2.5387799e-06,1.2693899e-05,2
44795.0,44800.0,44797.5,1.2693899e-06,6.3469497e-06,1
44805.0,44810.0,44807.5,2.5387799e-06,1.2693899e-05,2
44830.0,44835.0,44832.5,2.5387799e-06,1.2693899e-05,2
44835.0,44840.0,44837.5,1.2693899e-06,6.3469497e-06,1
44840.0,44845.0,44842.5,2.5387799e-06,1.2693899e-05,2
44850.0,44855.0,44852.5,2.5387799e-06,1.2693899e-05,2
44860.0,44865.0,44862.5,1.2693899e-06,6.3469497e-06,1
44875.0,44880.0,44877.5,1.2693899e-06,6.3469497e-06,1
44880.0,44885.0,44882.5,1.2693899e-06,6.3469497e-06,1
44895.0,44900.0,44897.5,3.8081698e-06,1.9040849e-05,3
44905.0,44910.0,44907.5,1.2693899e-06,6.3469497e-06,1
44915.0,44920.0,44917.5,1.2693899e-06,6.3469497e-06,1
44920.0,44925.0,44922.5,1.2693899e-06,6.3469497e-06,1
44925.0,44930.0,44927.5,2.5387799e-06,1.2693899e-05,2
44930.0,44935.0,44932.5,3.8081698e-06,1.9040849e-05,3
44940.0,44945.0,44942.5,1.2693899e-06,6.3469497e-06,1
44950.0,44955.0,44952.5,1.2693899e-06,6.3469497e-06,1
44955.0,44960.0,44957.5,1.2693899e-06,6.3469497e-06,1
44965.0,44970.0,44967.5,1.2693899e-06,6.3469497e-06,1
44970.0,44975.0,44972.5,1.2693899e-06,6.3469497e-06,1
44990.0,44995.0,44992.5,1.2693899e-06,6.3469497e-06,1
44995.0,45000.0,44997.5,1.2693899e-06,6.3469497e-06,1
45000.0,45005.0,45002.5,1.2693899e-06,6.3469497e-06,1
45005.0,45010.0,45007.5,1.2693899e-06,6.3469497e-06,1
45020.0,45025.0,45022.5,1.2693899e-06,6.3469497e-06,1
45030.0,45035.0,45032.5,2.5387799e-06,1.2693899e-05,2
45035.0,45040.0,45037.5,1.2693899e-06,6.3469497e-06,1
45040.0,45045.0,45042.5,1.2693899e-06,6.3469497e-06,1
45045.0,45050.0,45047.5,1.2693899e-06,6.3469497e-06,1
45050.0,45055.0,45052.5,1.2693899e-06,6.3469497e-06,1
45055.0,45060.0,45057.5,2.5387799e-06,1.2693899e-05,2
45065.0,45070.0,45067.5,2.5387799e-06,1.2693899e-05,2
45070.0,45075.0,45072.5,2.5387799e-06,1.2693899e-05,2
45075.0,45080.0,45077.5,1.2693899e-06,6.3469497e-06,1
45080.0,45085.0,45082.5,2.5387799e-06,1.2693899e-05,2
45085.0,45090.0,45087.5,1.2693899e-06,6.3469497e-06,1
45090.0,45095.0,45092.5,1.2693899e-06,6.3469497e-06,1
45100.0,45105.0,45102.5,2.5387799e-06,1.2693899e-05,2
45110.0,45115.0,45112.5,2.5387799e-06,1.2693899e-05,2
45115.0,45120.0,45117.5,1.2693899e-06,6.3469497e-06,1
45125.0,45130.0,45127.5,1.2693899e-06,6.3469497e-06,1
45140.0,45145.0,45142.5,1.2693899e-06,6.3469497e-06,1
45150.0,45155.0,45152.5,1.2693899e-06,6.3469497e-06,1
45160.0,45165.0,45162.5,1.2693899e-06,6.3469497e-06,1
45165.0,45170.0,45167.5,1.2693899e-06,6.3469497e-06,1
45170.0,45175.0,45172.5,1.2693899e-06,6.3469497e-06,1
45180.0,45185.0,45182.5,2.5387799e-06,1.2693899e-05,2
45185.0,45190.0,45187.5,1.2693899e-06,6.3469497e-06,1
45190.0,45195.0,45192.5,3.8081698e-06,1.9040849e-05,3
45195.0,45200.0,45197.5,1.2693899e-06,6.3469497e-06,1
45200.0,45205.0,45202.5,1.2693899e-06,6.3469497e-06,1
45210.0,45215.0,45212.5,1.2693899e-06,6.3469497e-06,1
45215.0,45220.0,45217.5,1.2693899e-06,6.3469497e-06,1
45230.0,45235.0,45232.5,1.2693899e-06,6.3469497e-06,1
45235.0,45240.0,45237.5,2.5387799e-06,1.2693899e-05,2
45240.0,45245.0,45242.5,1.2693899e-06,6.3469497e-06,1
45245.0,45250.0,45247.5,1.2693899e-06,6.3469497e-06,1
45255.0,45260.0,45257.5,1.2693899e-06,6.3469497e-06,1
45260.0,45265.0,45262.5,1.2693899e-06,6.3469497e-06,1
45265.0,45270.0,45267.5,1.2693899e-06,6.3469497e-06,1
45270.0,45275.0,45272.5,1.2693899e-06,6.3469497e-06,1
45280.0,45285.0,45282.5,1.2693899e-06,6.3469497e-06,1
45295.0,45300.0,45297.5,3.8081698e-06,1.9040849e-05,3
45310.0,45315.0,45312.5,1.2693899e-06,6.3469497e-06,1
45315.0,45320.0,45317.5,1.2693899e-06,6.3469497e-06,1
45320.0,45325.0,45322.5,2.5387799e-06,1.2693899e-05,2
45325.0,45330.0,45327.5,1.2693899e-06,6.3469497e-06,1
45330.0,45335.0,45332.5,1.2693899e-06,6.3469497e-06,1
45340.0,45345.0,45342.5,3.8081698e-06,1.9040849e-05,3
45355.0,45360.0,45357.5,1.2693899e-06,6.3469497e-06,1
45365.0,45370.0,45367.5,1.2693899e-06,6.3469497e-06,1
45370.0,45375.0,45372.5,2.5387799e-06,1.2693899e-05,2
45380.0,45385.0,45382.5,1.2693899e-06,6.3469497e-06,1
45385.0,45390.0,45387.5,2.5387799e-06,1.2693899e-05,2
45395.0,45400.0,45397.5,3.8081698e-06,1.9040849e-05,3
45410.0,45415.0,45412.5,1.2693899e-06,6.3469497e-06,1
45415.0,45420.0,45417.5,2.5387799e-06,1.2693899e-05,2
45425.0,45430.0,45427.5,1.2693899e-06,6.3469497e-06,1
45435.0,45440.0,45437.5,3.8081698e-06,1.9040849e-05,3
45440.0,45445.0,45442.5,1.2693899e-06,6.3469497e-06,1
45445.0,45450.0,45447.5,2.5387799e-06,1.2693899e-05,2
45450.0,45455.0,45452.5,2.5387799e-06,1.2693899e-05,2
45460.0,45465.0,45462.5,1.2693899e-06,6.3469497e-06,1
45470.0,45475.0,45472.5,1.2693899e-06,6.3469497e-06,1
45480.0,45485.0,45482.5,2.5387799e-06,1.2693899e-05,2
45485.0,45490.0,45487.5,3.8081698e-06,1.9040849e-05,3
45495.0,45500.0,45497.5,1.2693899e-06,6.3469497e-06,1
45500.0,45505.0,45502.5,3.8081698e-06,1.9040849e-05,3
45505.0,45510.0,45507.5,1.2693899e-06,6.3469497e-06,1
45510.0,45515.0,45512.5,1.2693899e-06,6.3469497e-06,1
45520.0,45525.0,45522.5,1.2693899e-06,6.3469497e-06,1
45525.0,45530.0,45527.5,1.2693899e-06,6.3469497e-06,1
45530.0,45535.0,45532.5,1.2693899e-06,6.3469497e-06,1
45535.0,45540.0,45537.5,1.2693899e-06,6.3469497e-06,1
45540.0,45545.0,45542.5,1.2693899e-06,6.3469497e-06,1
45550.0,45555.0,45552.5,1.2693899e-06,6.3469497e-06,1
45555.0,45560.0,45557.5,2.5387799e-06,1.2693899e-05,2
45565.0,45570.0,45567.5,1.2693899e-06,6.3469497e-06,1
45575.0,45580.0,45577.5,1.2693899e-06,6.3469497e-06,1
45580.0,45585.0,45582.5,1.2693899e-06,6.3469497e-06,1
45585.0,45590.0,45587.5,2.5387799e-06,1.2693899e-05,2
45595.0,45600.0,45597.5,1.2693899e-06,6.3469497e-06,1
45600.0,45605.0,45602.5,3.8081698e-06,1.9040849e-05,3
45610.0,45615.0,45612.5,1.2693899e-06,6.3469497e-06,1
45615.0,45620.0,45617.5,1.2693899e-06,6.3469497e-06,1
45620.0,45625.0,45622.5,1.2693899e-06,6.3469497e-06,1
45630.0,45635.0,45632.5,1.2693899e-06,6.3469497e-06,1
45635.0,45640.0,45637.5,1.2693899e-06,6.3469497e-06,1
45645.0,45650.0,45647.5,1.2693899e-06,6.3469497e-06,1
45650.0,45655.0,45652.5,2.5387799e-06,1.2693899e-05,2
45655.0,45660.0,45657.5,1.2693899e-06,6.3469497e-06,1
45660.0,45665.0,45662.5,2.5387799e-06,1.2693899e-05,2
45705.0,45710.0,45707.5,1.2693899e-06,6.3469497e-06,1
45710.0,45715.0,45712.5,1.2693899e-06,6.3469497e-06,1
45715.0,45720.0,45717.5,1.2693899e-06,6.3469497e-06,1
45725.0,45730.0,45727.5,2.5387799e-06,1.2693899e-05,2
45735.0,45740.0,45737.5,2.5387799e-06,1.2693899e-05,2
45740.0,45745.0,45742.5,3.8081698e-06,1.9040849e-05,3
45745.0,45750.0,45747.5,1.2693899e-06,6.3469497e-06,1
45755.0,45760.0,45757.5,1.2693899e-06,6.3469497e-06,1
45765.0,45770.0,45767.5,3.8081698e-06,1.9040849e-05,3
45770.0,45775.0,45772.5,2.5387799e-06,1.2693899e-05,2
45775.0,45780.0,45777.5,2.5387799e-06,1.2693899e-05,2
45780.0,45785.0,45782.5,1.2693899e-06,6.3469497e-06,1
45785.0,45790.0,45787.5,2.5387799e-06,1.2693899e-05,2
45790.0,45795.0,45792.5,2.5387799e-06,1.2693899e-05,2
45800.0,45805.0,45802.5,1.2693899e-06,6.3469497e-06,1
45805.0,45810.0,45807.5,1.2693899e-06,6.3469497e-06,1
45815.0,45820.0,45817.5,3.8081698e-06,1.9040849e-05,3
45820.0,45825.0,45822.5,1.2693899e-06,6.3469497e-06,1
45825.0,45830.0,45827.5,1.2693899e-06,6.3469497e-06,1
45830.0,45835.0,45832.5,1.2693899e-06,6.3469497e-06,1
45835.0,45840.0,45837.5,1.2693899e-06,6.3469497e-06,1
45840.0,45845.0,45842.5,1.2693899e-06,6.3469497e-06,1
45845.0,45850.0,45847.5,1.2693899e-06,6.3469497e-06,1
45855.0,45860.0,45857.5,2.5387799e-06,1.2693899e-05,2
45870.0,45875.0,45872.5,2.5387799e-06,1.2693899e-05,2
45895.0,45900.0,45897.5,1.2693899e-06,6.3469497e-06,1
45925.0,45930.0,45927.5,1.2693899e-06,6.3469497e-06,1
45940.0,45945.0,45942.5,2.5387799e-06,1.2693899e-05,2
45945.0,45950.0,45947.5,1.2693899e-06,6.3469497e-06,1
45960.0,45965.0,45962.5,1.2693899e-06,6.3469497e-06,1
45965.0,45970.0,45967.5,1.2693899e-06,6.3469497e-06,1
45980.0,45985.0,45982.5,1.2693899e-06,6.3469497e-06,1
45990.0,45995.0,45992.5,2.5387799e-06,1.2693899e-05,2
45995.0,46000.0,45997.5,1.2693899e-06,6.3469497e-06,1
46000.0,46005.0,46002.5,1.2693899e-06,6.3469497e-06,1
46005.0,46010.0,46007.5,3.8081698e-06,1.9040849e-05,3
46010.0,46015.0,46012.5,1.2693899e-06,6.3469497e-06,1
46020.0,46025.0,46022.5,1.2693899e-06,6.3469497e-06,1
46025.0,46030.0,46027.5,1.2693899e-06,6.3469497e-06,1
46030.0,46035.0,46032.5,1.2693899e-06,6.3469497e-06,1
46035.0,46040.0,46037.5,1.2693899e-06,6.3469497e-06,1
46040.0,46045.0,46042.5,3.8081698e-06,1.9040849e-05,3
46050.0,46055.0,46052.5,3.8081698e-06,1.9040849e-05,3
46055.0,46060.0,46057.5,1.2693899e-06,6.3469497e-06,1
46060.0,46065.0,46062.5,2.5387799e-06,1.2693899e-05,2
46070.0,46075.0,46072.5,1.2693899e-06,6.3469497e-06,1
46080.0,46085.0,46082.5,1.2693899e-06,6.3469497e-06,1
46095.0,46100.0,46097.5,2.5387799e-06,1.2693899e-05,2
46110.0,46115.0,46112.5,1.2693899e-06,6.3469497e-06,1
46125.0,46130.0,46127.5,1.2693899e-06,6.3469497e-06,1
46130.0,46135.0,46132.5,1.2693899e-06,6.3469497e-06,1
46135.0,46140.0,46137.5,1.2693899e-06,6.3469497e-06,1
46140.0,46145.0,46142.5,3.8081698e-06,1.9040849e-05,3
46145.0,46150.0,46147.5,2.5387799e-06,1.2693899e-05,2
46155.0,46160.0,46157.5,1.2693899e-06,6.3469497e-06,1
46160.0,46165.0,46162.5,1.2693899e-06,6.3469497e-06,1
46170.0,46175.0,46172.5,2.5387799e-06,1.2693899e-05,2
46180.0,46185.0,46182.5,1.2693899e-06,6.3469497e-06,1
46185.0,46190.0,46187.5,1.2693899e-06,6.3469497e-06,1
46200.0,46205.0,46202.5,1.2693899e-06,6.3469497e-06,1
46205.0,46210.0,46207.5,2.5387799e-06,1.2693899e-05,2
46220.0,46225.0,46222.5,1.2693899e-06,6.3469497e-06,1
46225.0,46230.0,46227.5,1.2693899e-06,6.3469497e-06,1
46240.0,46245.0,46242.5,1.2693899e-06,6.3469497e-06,1
46245.0,46250.0,46247.5,1.2693899e-06,6.3469497e-06,1
46265.0,46270.0,46267.5,1.2693899e-06,6.3469497e-06,1
46270.0,46275.0,46272.5,1.2693899e-06,6.3469497e-06,1
46280.0,46285.0,46282.5,2.5387799e-06,1.2693899e-05,2
46285.0,46290.0,46287.5,1.2693899e-06,6.3469497e-06,1
46290.0,46295.0,46292.5,1.2693899e-06,6.3469497e-06,1
46305.0,46310.0,46307.5,1.2693899e-06,6.3469497e-06,1
46315.0,46320.0,46317.5,1.2693899e-06,6.3469497e-06,1
46335.0,46340.0,46337.5,3.8081698e-06,1.9040849e-05,3
46340.0,46345.0,46342.5,2.5387799e-06,1.2693899e-05,2
46345.0,46350.0,46347.5,1.2693899e-06,6.3469497e-06,1
46350.0,46355.0,46352.5,2.5387799e-06,1.2693899e-05,2
46355.0,46360.0,46357.5,1.2693899e-06,6.3469497e-06,1
46365.0,46370.0,46367.5,1.2693899e-06,6.3469497e-06,1
46370.0,46375.0,46372.5,1.2693899e-06,6.3469497e-06,1
46390.0,46395.0,46392.5,1.2693899e-06,6.3469497e-06,1
46400.0,46405.0,46402.5,3.8081698e-06,1.9040849e-05,3
46415.0,46420.0,46417.5,1.2693899e-06,6.3469497e-06,1
46420.0,46425.0,46422.5,1.2693899e-06,6.3469497e-06,1
46425.0,46430.0,46427.5,1.2693899e-06,6.3469497e-06,1
46430.0,46435.0,46432.5,1.2693899e-06,6.3469497e-06,1
46445.0,46450.0,46447.5,2.5387799e-06,1.2693899e-05,2
46460.0,46465.0,46462.5,1.2693899e-06,6.3469497e-06,1
46465.0,46470.0,46467.5,1.2693899e-06,6.3469497e-06,1
46475.0,46480.0,46477.5,2.5387799e-06,1.2693899e-05,2
46480.0,46485.0,46482.5,1.2693899e-06,6.3469497e-06,1
46490.0,46495.0,46492.5,2.5387799e-06,1.2693899e-05,2
46495.0,46500.0,46497.5,2.5387799e-06,1.2693899e-05,2
46500.0,46505.0,46502.5,1.2693899e-06,6.3469497e-06,1
46510.0,46515.0,46512.5,1.2693899e-06,6.3469497e-06,1
46515.0,46520.0,46517.5,1.2693899e-06,6.3469497e-06,1
46535.0,46540.0,46537.5,1.2693899e-06,6.3469497e-06,1
46540.0,46545.0,46542.5,1.2693899e-06,6.3469497e-06,1
46545.0,46550.0,46547.5,1.2693899e-06,6.3469497e-06,1
46555.0,46560.0,46557.5,1.2693899e-06,6.3469497e-06,1
46560.0,46565.0,46562.5,1.2693899e-06,6.3469497e-06,1
46575.0,46580.0,46577.5,5.0775597e-06,2.5387799e-05,4
46595.0,46600.0,46597.5,2.5387799e-06,1.2693899e-05,2
46615.0,46620.0,46617.5,1.2693899e-06,6.3469497e-06,1
46625.0,46630.0,46627.5,1.2693899e-06,6.3469497e-06,1
46630.0,46635.0,46632.5,1.2693899e-06,6.3469497e-06,1
46640.0,46645.0,46642.5,1.2693899e-06,6.3469497e-06,1
46660.0,46665.0,46662.5,1.2693899e-06,6.3469497e-06,1
46665.0,46670.0,46667.5,1.2693899e-06,6.3469497e-06,1
46675.0,46680.0,46677.5,1.2693899e-06,6.3469497e-06,1
46685.0,46690.0,46687.5,1.2693899e-06,6.3469497e-06,1
46690.0,46695.0,46692.5,1.2693899e-06,6.3469497e-06,1
46720.0,46725.0,46722.5,1.2693899e-06,6.3469497e-06,1
46745.0,46750.0,46747.5,1.2693899e-06,6.3469497e-06,1
46750.0,46755.0,46752.5,2.5387799e-06,1.2693899e-05,2
46755.0,46760.0,46757.5,3.8081698e-06,1.9040849e-05,3
46760.0,46765.0,46762.5,1.2693899e-06,6.3469497e-06,1
46775.0,46780.0,46777.5,1.2693899e-06,6.3469497e-06,1
46800.0,46805.0,46802.5,2.5387799e-06,1.2693899e-05,2
46815.0,46820.0,46817.5,1.2693899e-06,6.3469497e-06,1
46840.0,46845.0,46842.5,1.2693899e-06,6.3469497e-06,1
46855.0,46860.0,46857.5,1.2693899e-06,6.3469497e-06,1
46860.0,46865.0,46862.5,1.2693899e-06,6.3469497e-06,1
46870.0,46875.0,46872.5,1.2693899e-06,6.3469497e-06,1
46880.0,46885.0,46882.5,2.5387799e-06,1.2693899e-05,2
46885.0,46890.0,46887.5,1.2693899e-06,6.3469497e-06,1
46890.0,46895.0,46892.5,1.2693899e-06,6.3469497e-06,1
46895.0,46900.0,46897.5,1.2693899e-06,6.3469497e-06,1
46900.0,46905.0,46902.5,1.2693899e-06,6.3469497e-06,1
46930.0,46935.0,46932.5,1.2693899e-06,6.3469497e-06,1
46935.0,46940.0,46937.5,6.3469497e-06,3.1734748e-05,5
46945.0,46950.0,46947.5,1.2693899e-06,6.3469497e-06,1
46950.0,46955.0,46952.5,2.5387799e-06,1.2693899e-05,2
46955.0,46960.0,46957.5,1.2693899e-06,6.3469497e-06,1
46960.0,46965.0,46962.5,1.2693899e-06,6.3469497e-06,1
46965.0,46970.0,46967.5,2.5387799e-06,1.2693899e-05,2
46970.0,46975.0,46972.5,2.5387799e-06,1.2693899e-05,2
46980.0,46985.0,46982.5,2.5387799e-06,1.2693899e-05,2
47005.0,47010.0,47007.5,1.2693899e-06,6.3469497e-06,1
47025.0,47030.0,47027.5,2.5387799e-06,1.2693899e-05,2
47030.0,47035.0,47032.5,1.2693899e-06,6.3469497e-06,1
47035.0,47040.0,47037.5,2.5387799e-06,1.2693899e-05,2
47040.0,47045.0,47042.5,2.5387799e-06,1.2693899e-05,2
47050.0,47055.0,47052.5,1.2693899e-06,6.3469497e-06,1
47060.0,47065.0,47062.5,1.2693899e-06,6.3469497e-06,1
47065.0,47070.0,47067.5,1.2693899e-06,6.3469497e-06,1
47070.0,47075.0,47072.5,2.5387799e-06,1.2693899e-05,2
47075.0,47080.0,47077.5,2.5387799e-06,1.2693899e-05,2
47085.0,47090.0,47087.5,1.2693899e-06,6.3469497e-06,1
47090.0,47095.0,47092.5,1.2693899e-06,6.3469497e-06,1
47110.0,47115.0,47112.5,1.2693899e-06,6.3469497e-06,1
47120.0,47125.0,47122.5,1.2693899e-06,6.3469497e-06,1
47125.0,47130.0,47127.5,2.5387799e-06,1.2693899e-05,2
47160.0,47165.0,47162.5,1.2693899e-06,6.3469497e-06,1
47170.0,47175.0,47172.5,1.2693899e-06,6.3469497e-06,1
47190.0,47195.0,47192.5,2.5387799e-06,1.2693899e-05,2
47205.0,47210.0,47207.5,2.5387799e-06,1.2693899e-05,2
47210.0,47215.0,47212.5,1.2693899e-06,6.3469497e-06,1
47225.0,47230.0,47227.5,1.2693899e-06,6.3469497e-06,1
47230.0,47235.0,47232.5,1.2693899e-06,6.3469497e-06,1
47235.0,47240.0,47237.5,2.5387799e-06,1.2693899e-05,2
47245.0,47250.0,47247.5,1.2693899e-06,6.3469497e-06,1
47265.0,47270.0,47267.5,1.2693899e-06,6.3469497e-06,1
47270.0,47275.0,47272.5,1.2693899e-06,6.3469497e-06,1
47305.0,47310.0,47307.5,1.2693899e-06,6.3469497e-06,1
47310.0,47315.0,47312.5,1.2693899e-06,6.3469497e-06,1
47315.0,47320.0,47317.5,1.2693899e-06,6.3469497e-06,1
47320.0,47325.0,47322.5,1.2693899e-06,6.3469497e-06,1
47330.0,47335.0,47332.5,2.5387799e-06,1.2693899e-05,2
47335.0,47340.0,47337.5,2.5387799e-06,1.2693899e-05,2
47345.0,47350.0,47347.5,1.2693899e-06,6.3469497e-06,1
47350.0,47355.0,47352.5,3.8081698e-06,1.9040849e-05,3
47365.0,47370.0,47367.5,1.2693899e-06,6.3469497e-06,1
47375.0,47380.0,47377.5,2.5387799e-06,1.2693899e-05,2
47380.0,47385.0,47382.5,1.2693899e-06,6.3469497e-06,1
47390.0,47395.0,47392.5,1.2693899e-06,6.3469497e-06,1
47405.0,47410.0,47407.5,2.5387799e-06,1.2693899e-05,2
47415.0,47420.0,47417.5,1.2693899e-06,6.3469497e-06,1
47420.0,47425.0,47422.5,1.2693899e-06,6.3469497e-06,1
47425.0,47430.0,47427.5,1.2693899e-06,6.3469497e-06,1
47445.0,47450.0,47447.5,2.5387799e-06,1.2693899e-05,2
47450.0,47455.0,47452.5,1.2693899e-06,6.3469497e-06,1
47455.0,47460.0,47457.5,1.2693899e-06,6.3469497e-06,1
47470.0,47475.0,47472.5,2.5387799e-06,1.2693899e-05,2
47490.0,47495.0,47492.5,1.2693899e-06,6.3469497e-06,1
47495.0,47500.0,47497.5,2.5387799e-06,1.2693899e-05,2
47530.0,47535.0,47532.5,2.5387799e-06,1.2693899e-05,2
47535.0,47540.0,47537.5,1.2693899e-06,6.3469497e-06,1
47540.0,47545.0,47542.5,1.2693899e-06,6.3469497e-06,1
47550.0,47555.0,47552.5,2.5387799e-06,1.2693899e-05,2
47555.0,47560.0,47557.5,2.5387799e-06,1.2693899e-05,2
47560.0,47565.0,47562.5,3.8081698e-06,1.9040849e-05,3
47570.0,47575.0,47572.5,1.2693899e-06,6.3469497e-06,1
47575.0,47580.0,47577.5,1.2693899e-06,6.3469497e-06,1
47580.0,47585.0,47582.5,2.5387799e-06,1.2693899e-05,2
47585.0,47590.0,47587.5,2.5387799e-06,1.2693899e-05,2
47590.0,47595.0,47592.5,1.2693899e-06,6.3469497e-06,1
47595.0,47600.0,47597.5,1.2693899e-06,6.3469497e-06,1
47600.0,47605.0,47602.5,1.2693899e-06,6.3469497e-06,1
47610.0,47615.0,47612.5,2.5387799e-06,1.2693899e-05,2
47625.0,47630.0,47627.5,1.2693899e-06,6.3469497e-06,1
47630.0,47635.0,47632.5,1.2693899e-06,6.3469497e-06,1
47650.0,47655.0,47652.5,1.2693899e-06,6.3469497e-06,1
47670.0,47675.0,47672.5,1.2693899e-06,6.3469497e-06,1
47685.0,47690.0,47687.5,2.5387799e-06,1.2693899e-05,2
47700.0,47705.0,47702.5,2.5387799e-06,1.2693899e-05,2
47710.0,47715.0,47712.5,1.2693899e-06,6.3469497e-06,1
47720.0,47725.0,47722.5,2.5387799e-06,1.2693899e-05,2
47725.0,47730.0,47727.5,3.8081698e-06,1.9040849e-05,3
47745.0,47750.0,47747.5,1.2693899e-06,6.3469497e-06,1
47760.0,47765.0,47762.5,1.2693899e-06,6.3469497e-06,1
47765.0,47770.0,47767.5,1.2693899e-06,6.3469497e-06,1
47770.0,47775.0,47772.5,1.2693899e-06,6.3469497e-06,1
47780.0,47785.0,47782.5,2.5387799e-06,1.2693899e-05,2
47785.0,47790.0,47787.5,1.2693899e-06,6.3469497e-06,1
47805.0,47810.0,47807.5,1.2693899e-06,6.3469497e-06,1
47815.0,47820.0,47817.5,1.2693899e-06,6.3469497e-06,1
47825.0,47830.0,47827.5,3.8081698e-06,1.9040849e-05,3
47840.0,47845.0,47842.5,1.2693899e-06,6.3469497e-06,1
47845.0,47850.0,47847.5,1.2693899e-06,6.3469497e-06,1
47850.0,47855.0,47852.5,2.5387799e-06,1.2693899e-05,2
47865.0,47870.0,47867.5,1.2693899e-06,6.3469497e-06,1
47875.0,47880.0,47877.5,1.2693899e-06,6.3469497e-06,1
47880.0,47885.0,47882.5,2.5387799e-06,1.2693899e-05,2
47885.0,47890.0,47887.5,2.5387799e-06,1.2693899e-05,2
47895.0,47900.0,47897.5,1.2693899e-06,6.3469497e-06,1
47905.0,47910.0,47907.5,1.2693899e-06,6.3469497e-06,1
47910.0,47915.0,47912.5,1.2693899e-06,6.3469497e-06,1
47915.0,47920.0,47917.5,2.5387799e-06,1.2693899e-05,2
47920.0,47925.0,47922.5,1.2693899e-06,6.3469497e-06,1
47925.0,47930.0,47927.5,1.2693899e-06,6.3469497e-06,1
47930.0,47935.0,47932.5,1.2693899e-06,6.3469497e-06,1
47935.0,47940.0,47937.5,1.2693899e-06,6.3469497e-06,1
47940.0,47945.0,47942.5,1.2693899e-06,6.3469497e-06,1
47945.0,47950.0,47947.5,2.5387799e-06,1.2693899e-05,2
47955.0,47960.0,47957.5,1.2693899e-06,6.3469497e-06,1
47980.0,47985.0,47982.5,1.2693899e-06,6.3469497e-06,1
47985.0,47990.0,47987.5,1.2693899e-06,6.3469497e-06,1
47990.0,47995.0,47992.5,2.5387799e-06,1.2693899e-05,2
47995.0,48000.0,47997.5,1.2693899e-06,6.3469497e-06,1
48000.0,48005.0,48002.5,1.2693899e-06,6.3469497e-06,1
48005.0,48010.0,48007.5,2.5387799e-06,1.2693899e-05,2
48015.0,48020.0,48017.5,2.5387799e-06,1.2693899e-05,2
48020.0,48025.0,48022.5,1.2693899e-06,6.3469497e-06,1
48025.0,48030.0,48027.5,1.2693899e-06,6.3469497e-06,1
48030.0,48035.0,48032.5,1.2693899e-06,6.3469497e-06,1
48035.0,48040.0,48037.5,3.8081698e-06,1.9040849e-05,3
48060.0,48065.0,48062.5,1.2693899e-06,6.3469497e-06,1
48065.0,48070.0,48067.5,1.2693899e-06,6.3469497e-06,1
48075.0,48080.0,48077.5,1.2693899e-06,6.3469497e-06,1
48080.0,48085.0,48082.5,2.5387799e-06,1.2693899e-05,2
48085.0,48090.0,48087.5,1.2693899e-06,6.3469497e-06,1
48095.0,48100.0,48097.5,1.2693899e-06,6.3469497e-06,1
48105.0,48110.0,48107.5,1.2693899e-06,6.3469497e-06,1
48130.0,48135.0,48132.5,2.5387799e-06,1.2693899e-05,2
48135.0,48140.0,48137.5,1.2693899e-06,6.3469497e-06,1
48150.0,48155.0,48152.5,1.2693899e-06,6.3469497e-06,1
48155.0,48160.0,48157.5,1.2693899e-06,6.3469497e-06,1
48170.0,48175.0,48172.5,1.2693899e-06,6.3469497e-06,1
48175.0,48180.0,48177.5,1.2693899e-06,6.3469497e-06,1
48180.0,48185.0,48182.5,3.8081698e-06,1.9040849e-05,3
48195.0,48200.0,48197.5,1.2693899e-06,6.3469497e-06,1
48210.0,48215.0,48212.5,1.2693899e-06,6.3469497e-06,1
48215.0,48220.0,48217.5,1.2693899e-06,6.3469497e-06,1
48225.0,48230.0,48227.5,1.2693899e-06,6.3469497e-06,1
48255.0,48260.0,48257.5,2.5387799e-06,1.2693899e-05,2
48260.0,48265.0,48262.5,1.2693899e-06,6.3469497e-06,1
48265.0,48270.0,48267.5,2.5387799e-06,1.2693899e-05,2
48280.0,48285.0,48282.5,1.2693899e-06,6.3469497e-06,1
48290.0,48295.0,48292.5,1.2693899e-06,6.3469497e-06,1
48295.0,48300.0,48297.5,1.2693899e-06,6.3469497e-06,1
48310.0,48315.0,48312.5,1.2693899e-06,6.3469497e-06,1
48315.0,48320.0,48317.5,1.2693899e-06,6.3469497e-06,1
48330.0,48335.0,48332.5,1.2693899e-06,6.3469497e-06,1
48345.0,48350.0,48347.5,1.2693899e-06,6.3469497e-06,1
48365.0,48370.0,48367.5,3.8081698e-06,1.9040849e-05,3
48370.0,48375.0,48372.5,2.5387799e-06,1.2693899e-05,2
48375.0,48380.0,48377.5,1.2693899e-06,6.3469497e-06,1
48385.0,48390.0,48387.5,2.5387799e-06,1.2693899e-05,2
48390.0,48395.0,48392.5,1.2693899e-06,6.3469497e-06,1
48400.0,48405.0,48402.5,1.2693899e-06,6.3469497e-06,1
48410.0,48415.0,48412.5,1.2693899e-06,6.3469497e-06,1
48415.0,48420.0,48417.5,1.2693899e-06,6.3469497e-06,1
48420.0,48425.0,48422.5,1.2693899e-06,6.3469497e-06,1
48435.0,48440.0,48437.5,1.2693899e-06,6.3469497e-06,1
48455.0,48460.0,48457.5,1.2693899e-06,6.3469497e-06,1
48460.0,48465.0,48462.5,1.2693899e-06,6.3469497e-06,1
48490.0,48495.0,48492.5,2.5387799e-06,1.2693899e-05,2
48500.0,48505.0,48502.5,2.5387799e-06,1.2693899e-05,2
48520.0,48525.0,48522.5,5.0775597e-06,2.5387799e-05,4
48525.0,48530.0,48527.5,1.2693899e-06,6.3469497e-06,1
48540.0,48545.0,48542.5,1.2693899e-06,6.3469497e-06,1
48550.0,48555.0,48552.5,2.5387799e-06,1.2693899e-05,2
48555.0,48560.0,48557.5,1.2693899e-06,6.3469497e-06,1
48570.0,48575.0,48572.5,2.5387799e-06,1.2693899e-05,2
48585.0,48590.0,48587.5,1.2693899e-06,6.3469497e-06,1
48590.0,48595.0,48592.5,1.2693899e-06,6.3469497e-06,1
48620.0,48625.0,48622.5,1.2693899e-06,6.3469497e-06,1
48625.0,48630.0,48627.5,2.5387799e-06,1.2693899e-05,2
48630.0,48635.0,48632.5,1.2693899e-06,6.3469497e-06,1
48640.0,48645.0,48642.5,1.2693899e-06,6.3469497e-06,1
48655.0,48660.0,48657.5,2.5387799e-06,1.2693899e-05,2
48675.0,48680.0,48677.5,1.2693899e-06,6.3469497e-06,1
48695.0,48700.0,48697.5,1.2693899e-06,6.3469497e-06,1
48700.0,48705.0,48702.5,3.8081698e-06,1.9040849e-05,3
48710.0,48715.0,48712.5,1.2693899e-06,6.3469497e-06,1
48715.0,48720.0,48717.5,1.2693899e-06,6.3469497e-06,1
48720.0,48725.0,48722.5,1.2693899e-06,6.3469497e-06,1
48725.0,48730.0,48727.5,1.2693899e-06,6.3469497e-06,1
48730.0,48735.0,48732.5,1.2693899e-06,6.3469497e-06,1
48735.0,48740.0,48737.5,1.2693899e-06,6.3469497e-06,1
48755.0,48760.0,48757.5,1.2693899e-06,6.3469497e-06,1
48770.0,48775.0,48772.5,1.2693899e-06,6.3469497e-06,1
48780.0,48785.0,48782.5,1.2693899e-06,6.3469497e-06,1
48790.0,48795.0,48792.5,1.2693899e-06,6.3469497e-06,1
48795.0,48800.0,48797.5,1.2693899e-06,6.3469497e-06,1
48810.0,48815.0,48812.5,5.0775597e-06,2.5387799e-05,4
48815.0,48820.0,48817.5,1.2693899e-06,6.3469497e-06,1
48840.0,48845.0,48842.5,2.5387799e-06,1.2693899e-05,2
48845.0,48850.0,48847.5,1.2693899e-06,6.3469497e-06,1
48850.0,48855.0,48852.5,3.8081698e-06,1.9040849e-05,3
48860.0,48865.0,48862.5,1.2693899e-06,6.3469497e-06,1
48885.0,48890.0,48887.5,1.2693899e-06,6.3469497e-06,1
48905.0,48910.0,48907.5,1.2693899e-06,6.3469497e-06,1
48910.0,48915.0,48912.5,2.5387799e-06,1.2693899e-05,2
48925.0,48930.0,48927.5,1.2693899e-06,6.3469497e-06,1
48930.0,48935.0,48932.5,2.5387799e-06,1.2693899e-05,2
48960.0,48965.0,48962.5,1.2693899e-06,6.3469497e-06,1
48980.0,48985.0,48982.5,2.5387799e-06,1.2693899e-05,2
48985.0,48990.0,48987.5,1.2693899e-06,6.3469497e-06,1
48990.0,48995.0,48992.5,1.2693899e-06,6.3469497e-06,1
48995.0,49000.0,48997.5,1.2693899e-06,6.3469497e-06,1
49025.0,49030.0,49027.5,1.2693899e-06,6.3469497e-06,1
49030.0,49035.0,49032.5,1.2693899e-06,6.3469497e-06,1
49040.0,49045.0,49042.5,1.2693899e-06,6.3469497e-06,1
49065.0,49070.0,49067.5,1.2693899e-06,6.3469497e-06,1
49075.0,49080.0,49077.5,2.5387799e-06,1.2693899e-05,2
49080.0,49085.0,49082.5,1.2693899e-06,6.3469497e-06,1
49100.0,49105.0,49102.5,1.2693899e-06,6.3469497e-06,1
49115.0,49120.0,49117.5,1.2693899e-06,6.3469497e-06,1
49135.0,49140.0,49137.5,1.2693899e-06,6.3469497e-06,1
49145.0,49150.0,49147.5,2.5387799e-06,1.2693899e-05,2
49150.0,49155.0,49152.5,1.2693899e-06,6.3469497e-06,1
49160.0,49165.0,49162.5,2.5387799e-06,1.2693899e-05,2
49165.0,49170.0,49167.5,2.5387799e-06,1.2693899e-05,2
49170.0,49175.0,49172.5,1.2693899e-06,6.3469497e-06,1
49175.0,49180.0,49177.5,1.2693899e-06,6.3469497e-06,1
49180.0,49185.0,49182.5,1.2693899e-06,6.3469497e-06,1
49185.0,49190.0,49187.5,3.8081698e-06,1.9040849e-05,3
49195.0,49200.0,49197.5,1.2693899e-06,6.3469497e-06,1
49200.0,49205.0,49202.5,1.2693899e-06,6.3469497e-06,1
49205.0,49210.0,49207.5,1.2693899e-06,6.3469497e-06,1
49210.0,49215.0,49212.5,1.2693899e-06,6.3469497e-06,1
49215.0,49220.0,49217.5,2.5387799e-06,1.2693899e-05,2
49225.0,49230.0,49227.5,1.2693899e-06,6.3469497e-06,1
49230.0,49235.0,49232.5,2.5387799e-06,1.2693899e-05,2
49235.0,49240.0,49237.5,1.2693899e-06,6.3469497e-06,1
49240.0,49245.0,49242.5,2.5387799e-06,1.2693899e-05,2
49245.0,49250.0,49247.5,2.5387799e-06,1.2693899e-05,2
49250.0,49255.0,49252.5,2.5387799e-06,1.2693899e-05,2
49260.0,49265.0,49262.5,1.2693899e-06,6.3469497e-06,1
49275.0,49280.0,49277.5,1.2693899e-06,6.3469497e-06,1
49285.0,49290.0,49287.5,1.2693899e-06,6.3469497e-06,1
49305.0,49310.0,49307.5,1.2693899e-06,6.3469497e-06,1
49325.0,49330.0,49327.5,1.2693899e-06,6.3469497e-06,1
49330.0,49335.0,49332.5,1.2693899e-06,6.3469497e-06,1
49340.0,49345.0,49342.5,1.2693899e-06,6.3469497e-06,1
49355.0,49360.0,49357.5,1.2693899e-06,6.3469497e-06,1
49400.0,49405.0,49402.5,1.2693899e-06,6.3469497e-06,1
49405.0,49410.0,49407.5,1.2693899e-06,6.3469497e-06,1
49435.0,49440.0,49437.5,1.2693899e-06,6.3469497e-06,1
49440.0,49445.0,49442.5,2.5387799e-06,1.2693899e-05,2
49470.0,49475.0,49472.5,2.5387799e-06,1.2693899e-05,2
49500.0,49505.0,49502.5,1.2693899e-06,6.3469497e-06,1
49505.0,49510.0,49507.5,1.2693899e-06,6.3469497e-06,1
49510.0,49515.0,49512.5,2.5387799e-06,1.2693899e-05,2
49540.0,49545.0,49542.5,1.2693899e-06,6.3469497e-06,1
49545.0,49550.0,49547.5,1.2693899e-06,6.3469497e-06,1
49585.0,49590.0,49587.5,1.2693899e-06,6.3469497e-06,1
49590.0,49595.0,49592.5,1.2693899e-06,6.3469497e-06,1
49600.0,49605.0,49602.5,1.2693899e-06,6.3469497e-06,1
49620.0,49625.0,49622.5,1.2693899e-06,6.3469497e-06,1
49625.0,49630.0,49627.5,1.2693899e-06,6.3469497e-06,1
49635.0,49640.0,49637.5,1.2693899e-06,6.3469497e-06,1
49640.0,49645.0,49642.5,1.2693899e-06,6.3469497e-06,1
49645.0,49650.0,49647.5,3.8081698e-06,1.9040849e-05,3
49650.0,49655.0,49652.5,1.2693899e-06,6.3469497e-06,1
49665.0,49670.0,49667.5,1.2693899e-06,6.3469497e-06,1
49675.0,49680.0,49677.5,1.2693899e-06,6.3469497e-06,1
49685.0,49690.0,49687.5,1.2693899e-06,6.3469497e-06,1
49690.0,49695.0,49692.5,1.2693899e-06,6.3469497e-06,1
49695.0,49700.0,49697.5,1.2693899e-06,6.3469497e-06,1
49700.0,49705.0,49702.5,1.2693899e-06,6.3469497e-06,1
49710.0,49715.0,49712.5,1.2693899e-06,6.3469497e-06,1
49730.0,49735.0,49732.5,2.5387799e-06,1.2693899e-05,2
49750.0,49755.0,49752.5,1.2693899e-06,6.3469497e-06,1
49755.0,49760.0,49757.5,1.2693899e-06,6.3469497e-06,1
49760.0,49765.0,49762.5,2.5387799e-06,1.2693899e-05,2
49780.0,49785.0,49782.5,1.2693899e-06,6.3469497e-06,1
49785.0,49790.0,49787.5,1.2693899e-06,6.3469497e-06,1
49795.0,49800.0,49797.5,1.2693899e-06,6.3469497e-06,1
49810.0,49815.0,49812.5,1.2693899e-06,6.3469497e-06,1
49840.0,49845.0,49842.5,2.5387799e-06,1.2693899e-05,2
49845.0,49850.0,49847.5,1.2693899e-06,6.3469497e-06,1
49855.0,49860.0,49857.5,2.5387799e-06,1.2693899e-05,2
49875.0,49880.0,49877.5,1.2693899e-06,6.3469497e-06,1
49900.0,49905.0,49902.5,3.8081698e-06,1.9040849e-05,3
49915.0,49920.0,49917.5,1.2693899e-06,6.3469497e-06,1
49950.0,49955.0,49952.5,1.2693899e-06,6.3469497e-06,1
49980.0,49985.0,49982.5,2.5387799e-06,1.2693899e-05,2
50005.0,50010.0,50007.5,1.2693899e-06,6.3469497e-06,1
50015.0,50020.0,50017.5,1.2693899e-06,6.3469497e-06,1
50025.0,50030.0,50027.5,2.5387799e-06,1.2693899e-05,2
50035.0,50040.0,50037.5,1.2693899e-06,6.3469497e-06,1
50065.0,50070.0,50067.5,1.2693899e-06,6.3469497e-06,1
50070.0,50075.0,50072.5,1.2693899e-06,6.3469497e-06,1
50090.0,50095.0,50092.5,2.5387799e-06,1.2693899e-05,2
50095.0,50100.0,50097.5,1.2693899e-06,6.3469497e-06,1
50110.0,50115.0,50112.5,1.2693899e-06,6.3469497e-06,1
50125.0,50130.0,50127.5,1.2693899e-06,6.3469497e-06,1
50130.0,50135.0,50132.5,1.2693899e-06,6.3469497e-06,1
50145.0,50150.0,50147.5,1.2693899e-06,6.3469497e-06,1
50150.0,50155.0,50152.5,1.2693899e-06,6.3469497e-06,1
50155.0,50160.0,50157.5,1.2693899e-06,6.3469497e-06,1
50165.0,50170.0,50167.5,1.2693899e-06,6.3469497e-06,1
50175.0,50180.0,50177.5,2.5387799e-06,1.2693899e-05,2
50205.0,50210.0,50207.5,1.2693899e-06,6.3469497e-06,1
50210.0,50215.0,50212.5,2.5387799e-06,1.2693899e-05,2
50215.0,50220.0,50217.5,1.2693899e-06,6.3469497e-06,1
50225.0,50230.0,50227.5,2.5387799e-06,1.2693899e-05,2
50240.0,50245.0,50242.5,2.5387799e-06,1.2693899e-05,2
50250.0,50255.0,50252.5,1.2693899e-06,6.3469497e-06,1
50255.0,50260.0,50257.5,1.2693899e-06,6.3469497e-06,1
50265.0,50270.0,50267.5,1.2693899e-06,6.3469497e-06,1
50275.0,50280.0,50277.5,1.2693899e-06,6.3469497e-06,1
50280.0,50285.0,50282.5,1.2693899e-06,6.3469497e-06,1
50285.0,50290.0,50287.5,1.2693899e-06,6.3469497e-06,1
50305.0,50310.0,50307.5,1.2693899e-06,6.3469497e-06,1
50355.0,50360.0,50357.5,1.2693899e-06,6.3469497e-06,1
50360.0,50365.0,50362.5,2.5387799e-06,1.2693899e-05,2
50370.0,50375.0,50372.5,2.5387799e-06,1.2693899e-05,2
50440.0,50445.0,50442.5,1.2693899e-06,6.3469497e-06,1
50450.0,50455.0,50452.5,2.5387799e-06,1.2693899e-05,2
50465.0,50470.0,50467.5,1.2693899e-06,6.3469497e-06,1
50485.0,50490.0,50487.5,1.2693899e-06,6.3469497e-06,1
50490.0,50495.0,50492.5,1.2693899e-06,6.3469497e-06,1
50505.0,50510.0,50507.5,1.2693899e-06,6.3469497e-06,1
50510.0,50515.0,50512.5,1.2693899e-06,6.3469497e-06,1
50520.0,50525.0,50522.5,1.2693899e-06,6.3469497e-06,1
50525.0,50530.0,50527.5,1.2693899e-06,6.3469497e-06,1
50530.0,50535.0,50532.5,1.2693899e-06,6.3469497e-06,1
50540.0,50545.0,50542.5,1.2693899e-06,6.3469497e-06,1
50550.0,50555.0,50552.5,1.2693899e-06,6.3469497e-06,1
50560.0,50565.0,50562.5,2.5387799e-06,1.2693899e-05,2
50565.0,50570.0,50567.5,1.2693899e-06,6.3469497e-06,1
50580.0,50585.0,50582.5,2.5387799e-06,1.2693899e-05,2
50615.0,50620.0,50617.5,1.2693899e-06,6.3469497e-06,1
50630.0,50635.0,50632.5,1.2693899e-06,6.3469497e-06,1
50635.0,50640.0,50637.5,1.2693899e-06,6.3469497e-06,1
50640.0,50645.0,50642.5,1.2693899e-06,6.3469497e-06,1
50655.0,50660.0,50657.5,1.2693899e-06,6.3469497e-06,1
50660.0,50665.0,50662.5,1.2693899e-06,6.3469497e-06,1
50680.0,50685.0,50682.5,2.5387799e-06,1.2693899e-05,2
50685.0,50690.0,50687.5,1.2693899e-06,6.3469497e-06,1
50695.0,50700.0,50697.5,1.2693899e-06,6.3469497e-06,1
50705.0,50710.0,50707.5,1.2693899e-06,6.3469497e-06,1
50710.0,50715.0,50712.5,2.5387799e-06,1.2693899e-05,2
50730.0,50735.0,50732.5,1.2693899e-06,6.3469497e-06,1
50735.0,50740.0,50737.5,1.2693899e-06,6.3469497e-06,1
50745.0,50750.0,50747.5,1.2693899e-06,6.3469497e-06,1
50750.0,50755.0,50752.5,1.2693899e-06,6.3469497e-06,1
50780.0,50785.0,50782.5,1.2693899e-06,6.3469497e-06,1
50795.0,50800.0,50797.5,1.2693899e-06,6.3469497e-06,1
50800.0,50805.0,50802.5,1.2693899e-06,6.3469497e-06,1
50805.0,50810.0,50807.5,2.5387799e-06,1.2693899e-05,2
50815.0,50820.0,50817.5,1.2693899e-06,6.3469497e-06,1
50825.0,50830.0,50827.5,1.2693899e-06,6.3469497e-06,1
50850.0,50855.0,50852.5,2.5387799e-06,1.2693899e-05,2
50855.0,50860.0,50857.5,1.2693899e-06,6.3469497e-06,1
50865.0,50870.0,50867.5,1.2693899e-06,6.3469497e-06,1
50890.0,50895.0,50892.5,1.2693899e-06,6.3469497e-06,1
50895.0,50900.0,50897.5,3.8081698e-06,1.9040849e-05,3
50900.0,50905.0,50902.5,1.2693899e-06,6.3469497e-06,1
50905.0,50910.0,50907.5,1.2693899e-06,6.3469497e-06,1
50910.0,50915.0,50912.5,1.2693899e-06,6.3469497e-06,1
50935.0,50940.0,50937.5,1.2693899e-06,6.3469497e-06,1
50940.0,50945.0,50942.5,1.2693899e-06,6.3469497e-06,1
50960.0,50965.0,50962.5,1.2693899e-06,6.3469497e-06,1
50970.0,50975.0,50972.5,1.2693899e-06,6.3469497e-06,1
50975.0,50980.0,50977.5,1.2693899e-06,6.3469497e-06,1
50990.0,50995.0,50992.5,3.8081698e-06,1.9040849e-05,3
51000.0,51005.0,51002.5,1.2693899e-06,6.3469497e-06,1
51005.0,51010.0,51007.5,1.2693899e-06,6.3469497e-06,1
51025.0,51030.0,51027.5,1.2693899e-06,6.3469497e-06,1
51035.0,51040.0,51037.5,1.2693899e-06,6.3469497e-06,1
51050.0,51055.0,51052.5,1.2693899e-06,6.3469497e-06,1
51055.0,51060.0,51057.5,1.2693899e-06,6.3469497e-06,1
51065.0,51070.0,51067.5,1.2693899e-06,6.3469497e-06,1
51070.0,51075.0,51072.5,2.5387799e-06,1.2693899e-05,2
51075.0,51080.0,51077.5,1.2693899e-06,6.3469497e-06,1
51085.0,51090.0,51087.5,1.2693899e-06,6.3469497e-06,1
51105.0,51110.0,51107.5,2.5387799e-06,1.2693899e-05,2
51110.0,51115.0,51112.5,1.2693899e-06,6.3469497e-06,1
51115.0,51120.0,51117.5,1.2693899e-06,6.3469497e-06,1
51135.0,51140.0,51137.5,3.8081698e-06,1.9040849e-05,3
51145.0,51150.0,51147.5,1.2693899e-06,6.3469497e-06,1
51160.0,51165.0,51162.5,1.2693899e-06,6.3469497e-06,1
51170.0,51175.0,51172.5,2.5387799e-06,1.2693899e-05,2
51175.0,51180.0,51177.5,2.5387799e-06,1.2693899e-05,2
51180.0,51185.0,51182.5,1.2693899e-06,6.3469497e-06,1
51185.0,51190.0,51187.5,1.2693899e-06,6.3469497e-06,1
51200.0,51205.0,51202.5,2.5387799e-06,1.2693899e-05,2
51205.0,51210.0,51207.5,1.2693899e-06,6.3469497e-06,1
51220.0,51225.0,51222.5,1.2693899e-06,6.3469497e-06,1
51240.0,51245.0,51242.5,1.2693899e-06,6.3469497e-06,1
51245.0,51250.0,51247.5,1.2693899e-06,6.3469497e-06,1
51250.0,51255.0,51252.5,1.2693899e-06,6.3469497e-06,1
51260.0,51265.0,51262.5,1.2693899e-06,6.3469497e-06,1
51270.0,51275.0,51272.5,1.2693899e-06,6.3469497e-06,1
51285.0,51290.0,51287.5,1.2693899e-06,6.3469497e-06,1
51290.0,51295.0,51292.5,1.2693899e-06,6.3469497e-06,1
51305.0,51310.0,51307.5,1.2693899e-06,6.3469497e-06,1
51315.0,51320.0,51317.5,1.2693899e-06,6.3469497e-06,1
51340.0,51345.0,51342.5,1.2693899e-06,6.3469497e-06,1
51355.0,51360.0,51357.5,2.5387799e-06,1.2693899e-05,2
51365.0,51370.0,51367.5,2.5387799e-06,1.2693899e-05,2
51380.0,51385.0,51382.5,1.2693899e-06,6.3469497e-06,1
51400.0,51405.0,51402.5,1.2693899e-06,6.3469497e-06,1
51410.0,51415.0,51412.5,1.2693899e-06,6.3469497e-06,1
51420.0,51425.0,51422.5,1.2693899e-06,6.3469497e-06,1
51425.0,51430.0,51427.5,1.2693899e-06,6.3469497e-06,1
51430.0,51435.0,51432.5,1.2693899e-06,6.3469497e-06,1
51445.0,51450.0,51447.5,1.2693899e-06,6.3469497e-06,1
51450.0,51455.0,51452.5,1.2693899e-06,6.3469497e-06,1
51455.0,51460.0,51457.5,2.5387799e-06,1.2693899e-05,2
51460.0,51465.0,51462.5,2.5387799e-06,1.2693899e-05,2
51535.0,51540.0,51537.5,1.2693899e-06,6.3469497e-06,1
51550.0,51555.0,51552.5,1.2693899e-06,6.3469497e-06,1
51560.0,51565.0,51562.5,1.2693899e-06,6.3469497e-06,1
51565.0,51570.0,51567.5,2.5387799e-06,1.2693899e-05,2
51570.0,51575.0,51572.5,1.2693899e-06,6.3469497e-06,1
51590.0,51595.0,51592.5,2.5387799e-06,1.2693899e-05,2
51625.0,51630.0,51627.5,1.2693899e-06,6.3469497e-06,1
51630.0,51635.0,51632.5,1.2693899e-06,6.3469497e-06,1
51670.0,51675.0,51672.5,1.2693899e-06,6.3469497e-06,1
51685.0,51690.0,51687.5,2.5387799e-06,1.2693899e-05,2
51700.0,51705.0,51702.5,1.2693899e-06,6.3469497e-06,1
51725.0,51730.0,51727.5,1.2693899e-06,6.3469497e-06,1
51740.0,51745.0,51742.5,1.2693899e-06,6.3469497e-06,1
51760.0,51765.0,51762.5,1.2693899e-06,6.3469497e-06,1
51785.0,51790.0,51787.5,1.2693899e-06,6.3469497e-06,1
51795.0,51800.0,51797.5,1.2693899e-06,6.3469497e-06,1
51805.0,51810.0,51807.5,1.2693899e-06,6.3469497e-06,1
51825.0,51830.0,51827.5,1.2693899e-06,6.3469497e-06,1
51840.0,51845.0,51842.5,1.2693899e-06,6.3469497e-06,1
51860.0,51865.0,51862.5,1.2693899e-06,6.3469497e-06,1
51870.0,51875.0,51872.5,2.5387799e-06,1.2693899e-05,2
51880.0,51885.0,51882.5,1.2693899e-06,6.3469497e-06,1
51900.0,51905.0,51902.5,1.2693899e-06,6.3469497e-06,1
51920.0,51925.0,51922.5,1.2693899e-06,6.3469497e-06,1
51930.0,51935.0,51932.5,1.2693899e-06,6.3469497e-06,1
51945.0,51950.0,51947.5,1.2693899e-06,6.3469497e-06,1
51975.0,51980.0,51977.5,1.2693899e-06,6.3469497e-06,1
51980.0,51985.0,51982.5,1.2693899e-06,6.3469497e-06,1
51985.0,51990.0,51987.5,1.2693899e-06,6.3469497e-06,1
51990.0,51995.0,51992.5,1.2693899e-06,6.3469497e-06,1
51995.0,52000.0,51997.5,1.2693899e-06,6.3469497e-06,1
52025.0,52030.0,52027.5,1.2693899e-06,6.3469497e-06,1
52035.0,52040.0,52037.5,1.2693899e-06,6.3469497e-06,1
52040.0,52045.0,52042.5,1.2693899e-06,6.3469497e-06,1
52045.0,52050.0,52047.5,2.5387799e-06,1.2693899e-05,2
52050.0,52055.0,52052.5,1.2693899e-06,6.3469497e-06,1
52055.0,52060.0,52057.5,1.2693899e-06,6.3469497e-06,1
52060.0,52065.0,52062.5,1.2693899e-06,6.3469497e-06,1
52065.0,52070.0,52067.5,1.2693899e-06,6.3469497e-06,1
52095.0,52100.0,52097.5,3.8081698e-06,1.9040849e-05,3
52140.0,52145.0,52142.5,1.2693899e-06,6.3469497e-06,1
52200.0,52205.0,52202.5,1.2693899e-06,6.3469497e-06,1
52210.0,52215.0,52212.5,1.2693899e-06,6.3469497e-06,1
52215.0,52220.0,52217.5,1.2693899e-06,6.3469497e-06,1
52220.0,52225.0,52222.5,1.2693899e-06,6.3469497e-06,1
52225.0,52230.0,52227.5,2.5387799e-06,1.2693899e-05,2
52235.0,52240.0,52237.5,1.2693899e-06,6.3469497e-06,1
52260.0,52265.0,52262.5,1.2693899e-06,6.3469497e-06,1
52275.0,52280.0,52277.5,1.2693899e-06,6.3469497e-06,1
52280.0,52285.0,52282.5,1.2693899e-06,6.3469497e-06,1
52285.0,52290.0,52287.5,2.5387799e-06,1.2693899e-05,2
52290.0,52295.0,52292.5,2.5387799e-06,1.2693899e-05,2
52300.0,52305.0,52302.5,2.5387799e-06,1.2693899e-05,2
52305.0,52310.0,52307.5,1.2693899e-06,6.3469497e-06,1
52315.0,52320.0,52317.5,1.2693899e-06,6.3469497e-06,1
52340.0,52345.0,52342.5,1.2693899e-06,6.3469497e-06,1
52355.0,52360.0,52357.5,1.2693899e-06,6.3469497e-06,1
52365.0,52370.0,52367.5,2.5387799e-06,1.2693899e-05,2
52475.0,52480.0,52477.5,1.2693899e-06,6.3469497e-06,1
52480.0,52485.0,52482.5,1.2693899e-06,6.3469497e-06,1
52495.0,52500.0,52497.5,2.5387799e-06,1.2693899e-05,2
52500.0,52505.0,52502.5,1.2693899e-06,6.3469497e-06,1
52505.0,52510.0,52507.5,1.2693899e-06,6.3469497e-06,1
52510.0,52515.0,52512.5,1.2693899e-06,6.3469497e-06,1
52515.0,52520.0,52517.5,1.2693899e-06,6.3469497e-06,1
52545.0,52550.0,52547.5,1.2693899e-06,6.3469497e-06,1
52550.0,52555.0,52552.5,1.2693899e-06,6.3469497e-06,1
52560.0,52565.0,52562.5,2.5387799e-06,1.2693899e-05,2
52580.0,52585.0,52582.5,1.2693899e-06,6.3469497e-06,1
52600.0,52605.0,52602.5,1.2693899e-06,6.3469497e-06,1
52620.0,52625.0,52622.5,1.2693899e-06,6.3469497e-06,1
52630.0,52635.0,52632.5,1.2693899e-06,6.3469497e-06,1
52635.0,52640.0,52637.5,1.2693899e-06,6.3469497e-06,1
52640.0,52645.0,52642.5,1.2693899e-06,6.3469497e-06,1
52645.0,52650.0,52647.5,1.2693899e-06,6.3469497e-06,1
52665.0,52670.0,52667.5,1.2693899e-06,6.3469497e-06,1
52670.0,52675.0,52672.5,1.2693899e-06,6.3469497e-06,1
52685.0,52690.0,52687.5,2.5387799e-06,1.2693899e-05,2
52690.0,52695.0,52692.5,1.2693899e-06,6.3469497e-06,1
52730.0,52735.0,52732.5,2.5387799e-06,1.2693899e-05,2
52735.0,52740.0,52737.5,2.5387799e-06,1.2693899e-05,2
52770.0,52775.0,52772.5,3.8081698e-06,1.9040849e-05,3
52780.0,52785.0,52782.5,2.5387799e-06,1.2693899e-05,2
52785.0,52790.0,52787.5,1.2693899e-06,6.3469497e-06,1
52810.0,52815.0,52812.5,1.2693899e-06,6.3469497e-06,1
52815.0,52820.0,52817.5,1.2693899e-06,6.3469497e-06,1
52820.0,52825.0,52822.5,1.2693899e-06,6.3469497e-06,1
52830.0,52835.0,52832.5,1.2693899e-06,6.3469497e-06,1
52835.0,52840.0,52837.5,1.2693899e-06,6.3469497e-06,1
52845.0,52850.0,52847.5,1.2693899e-06,6.3469497e-06,1
52850.0,52855.0,52852.5,1.2693899e-06,6.3469497e-06,1
52870.0,52875.0,52872.5,1.2693899e-06,6.3469497e-06,1
52880.0,52885.0,52882.5,1.2693899e-06,6.3469497e-06,1
52885.0,52890.0,52887.5,1.2693899e-06,6.3469497e-06,1
52890.0,52895.0,52892.5,2.5387799e-06,1.2693899e-05,2
52900.0,52905.0,52902.5,1.2693899e-06,6.3469497e-06,1
52915.0,52920.0,52917.5,1.2693899e-06,6.3469497e-06,1
52925.0,52930.0,52927.5,1.2693899e-06,6.3469497e-06,1
52945.0,52950.0,52947.5,1.2693899e-06,6.3469497e-06,1
52955.0,52960.0,52957.5,1.2693899e-06,6.3469497e-06,1
52970.0,52975.0,52972.5,1.2693899e-06,6.3469497e-06,1
52975.0,52980.0,52977.5,1.2693899e-06,6.3469497e-06,1
52980.0,52985.0,52982.5,2.5387799e-06,1.2693899e-05,2
53010.0,53015.0,53012.5,1.2693899e-06,6.3469497e-06,1
53015.0,53020.0,53017.5,1.2693899e-06,6.3469497e-06,1
53030.0,53035.0,53032.5,1.2693899e-06,6.3469497e-06,1
53035.0,53040.0,53037.5,1.2693899e-06,6.3469497e-06,1
53060.0,53065.0,53062.5,1.2693899e-06,6.3469497e-06,1
53070.0,53075.0,53072.5,1.2693899e-06,6.3469497e-06,1
53100.0,53105.0,53102.5,1.2693899e-06,6.3469497e-06,1
53115.0,53120.0,53117.5,1.2693899e-06,6.3469497e-06,1
53145.0,53150.0,53147.5,1.2693899e-06,6.3469497e-06,1
53155.0,53160.0,53157.5,1.2693899e-06,6.3469497e-06,1
53180.0,53185.0,53182.5,1.2693899e-06,6.3469497e-06,1
53225.0,53230.0,53227.5,1.2693899e-06,6.3469497e-06,1
53245.0,53250.0,53247.5,1.2693899e-06,6.3469497e-06,1
53285.0,53290.0,53287.5,1.2693899e-06,6.3469497e-06,1
53295.0,53300.0,53297.5,1.2693899e-06,6.3469497e-06,1
53300.0,53305.0,53302.5,1.2693899e-06,6.3469497e-06,1
53320.0,53325.0,53322.5,1.2693899e-06,6.3469497e-06,1
53330.0,53335.0,53332.5,1.2693899e-06,6.3469497e-06,1
53355.0,53360.0,53357.5,2.5387799e-06,1.2693899e-05,2
53360.0,53365.0,53362.5,1.2693899e-06,6.3469497e-06,1
53370.0,53375.0,53372.5,1.2693899e-06,6.3469497e-06,1
53425.0,53430.0,53427.5,1.2693899e-06,6.3469497e-06,1
53465.0,53470.0,53467.5,2.5387799e-06,1.2693899e-05,2
53480.0,53485.0,53482.5,1.2693899e-06,6.3469497e-06,1
53495.0,53500.0,53497.5,1.2693899e-06,6.3469497e-06,1
53505.0,53510.0,53507.5,1.2693899e-06,6.3469497e-06,1
53530.0,53535.0,53532.5,1.2693899e-06,6.3469497e-06,1
53540.0,53545.0,53542.5,1.2693899e-06,6.3469497e-06,1
53575.0,53580.0,53577.5,1.2693899e-06,6.3469497e-06,1
53590.0,53595.0,53592.5,1.2693899e-06,6.3469497e-06,1
53600.0,53605.0,53602.5,2.5387799e-06,1.2693899e-05,2
53615.0,53620.0,53617.5,1.2693899e-06,6.3469497e-06,1
53635.0,53640.0,53637.5,1.2693899e-06,6.3469497e-06,1
53650.0,53655.0,53652.5,1.2693899e-06,6.3469497e-06,1
53660.0,53665.0,53662.5,1.2693899e-06,6.3469497e-06,1
53670.0,53675.0,53672.5,1.2693899e-06,6.3469497e-06,1
53690.0,53695.0,53692.5,1.2693899e-06,6.3469497e-06,1
53695.0,53700.0,53697.5,1.2693899e-06,6.3469497e-06,1
53700.0,53705.0,53702.5,1.2693899e-06,6.3469497e-06,1
53740.0,53745.0,53742.5,1.2693899e-06,6.3469497e-06,1
53765.0,53770.0,53767.5,2.5387799e-06,1.2693899e-05,2
53805.0,53810.0,53807.5,2.5387799e-06,1.2693899e-05,2
53820.0,53825.0,53822.5,1.2693899e-06,6.3469497e-06,1
53825.0,53830.0,53827.5,1.2693899e-06,6.3469497e-06,1
53835.0,53840.0,53837.5,1.2693899e-06,6.3469497e-06,1
53840.0,53845.0,53842.5,1.2693899e-06,6.3469497e-06,1
53855.0,53860.0,53857.5,1.2693899e-06,6.3469497e-06,1
53880.0,53885.0,53882.5,1.2693899e-06,6.3469497e-06,1
53890.0,53895.0,53892.5,1.2693899e-06,6.3469497e-06,1
53915.0,53920.0,53917.5,1.2693899e-06,6.3469497e-06,1
53920.0,53925.0,53922.5,1.2693899e-06,6.3469497e-06,1
53925.0,53930.0,53927.5,2.5387799e-06,1.2693899e-05,2
53930.0,53935.0,53932.5,2.5387799e-06,1.2693899e-05,2
53975.0,53980.0,53977.5,1.2693899e-06,6.3469497e-06,1
53995.0,54000.0,53997.5,1.2693899e-06,6.3469497e-06,1
54005.0,54010.0,54007.5,1.2693899e-06,6.3469497e-06,1
54015.0,54020.0,54017.5,1.2693899e-06,6.3469497e-06,1
54020.0,54025.0,54022.5,1.2693899e-06,6.3469497e-06,1
54030.0,54035.0,54032.5,1.2693899e-06,6.3469497e-06,1
54035.0,54040.0,54037.5,1.2693899e-06,6.3469497e-06,1
54045.0,54050.0,54047.5,1.2693899e-06,6.3469497e-06,1
54050.0,54055.0,54052.5,2.5387799e-06,1.2693899e-05,2
54065.0,54070.0,54067.5,2.5387799e-06,1.2693899e-05,2
54075.0,54080.0,54077.5,1.2693899e-06,6.3469497e-06,1
54080.0,54085.0,54082.5,1.2693899e-06,6.3469497e-06,1
54105.0,54110.0,54107.5,1.2693899e-06,6.3469497e-06,1
54115.0,54120.0,54117.5,1.2693899e-06,6.3469497e-06,1
54120.0,54125.0,54122.5,1.2693899e-06,6.3469497e-06,1
54165.0,54170.0,54167.5,1.2693899e-06,6.3469497e-06,1
54190.0,54195.0,54192.5,3.8081698e-06,1.9040849e-05,3
54220.0,54225.0,54222.5,2.5387799e-06,1.2693899e-05,2
54230.0,54235.0,54232.5,1.2693899e-06,6.3469497e-06,1
54235.0,54240.0,54237.5,1.2693899e-06,6.3469497e-06,1
54240.0,54245.0,54242.5,1.2693899e-06,6.3469497e-06,1
54245.0,54250.0,54247.5,1.2693899e-06,6.3469497e-06,1
54255.0,54260.0,54257.5,1.2693899e-06,6.3469497e-06,1
54265.0,54270.0,54267.5,1.2693899e-06,6.3469497e-06,1
54285.0,54290.0,54287.5,1.2693899e-06,6.3469497e-06,1
54335.0,54340.0,54337.5,2.5387799e-06,1.2693899e-05,2
54340.0,54345.0,54342.5,1.2693899e-06,6.3469497e-06,1
54345.0,54350.0,54347.5,1.2693899e-06,6.3469497e-06,1
54375.0,54380.0,54377.5,1.2693899e-06,6.3469497e-06,1
54385.0,54390.0,54387.5,1.2693899e-06,6.3469497e-06,1
54390.0,54395.0,54392.5,1.2693899e-06,6.3469497e-06,1
54400.0,54405.0,54402.5,1.2693899e-06,6.3469497e-06,1
54435.0,54440.0,54437.5,1.2693899e-06,6.3469497e-06,1
54455.0,54460.0,54457.5,1.2693899e-06,6.3469497e-06,1
54480.0,54485.0,54482.5,2.5387799e-06,1.2693899e-05,2
54485.0,54490.0,54487.5,1.2693899e-06,6.3469497e-06,1
54525.0,54530.0,54527.5,1.2693899e-06,6.3469497e-06,1
54555.0,54560.0,54557.5,2.5387799e-06,1.2693899e-05,2
54560.0,54565.0,54562.5,1.2693899e-06,6.3469497e-06,1
54590.0,54595.0,54592.5,1.2693899e-06,6.3469497e-06,1
54620.0,54625.0,54622.5,1.2693899e-06,6.3469497e-06,1
54630.0,54635.0,54632.5,1.2693899e-06,6.3469497e-06,1
54645.0,54650.0,54647.5,1.2693899e-06,6.3469497e-06,1
54650.0,54655.0,54652.5,1.2693899e-06,6.3469497e-06,1
54675.0,54680.0,54677.5,1.2693899e-06,6.3469497e-06,1
54685.0,54690.0,54687.5,1.2693899e-06,6.3469497e-06,1
54700.0,54705.0,54702.5,1.2693899e-06,6.3469497e-06,1
54705.0,54710.0,54707.5,1.2693899e-06,6.3469497e-06,1
54710.0,54715.0,54712.5,2.5387799e-06,1.2693899e-05,2
54720.0,54725.0,54722.5,1.2693899e-06,6.3469497e-06,1
54750.0,54755.0,54752.5,1.2693899e-06,6.3469497e-06,1
54760.0,54765.0,54762.5,1.2693899e-06,6.3469497e-06,1
54775.0,54780.0,54777.5,1.2693899e-06,6.3469497e-06,1
54820.0,54825.0,54822.5,2.5387799e-06,1.2693899e-05,2
54825.0,54830.0,54827.5,1.2693899e-06,6.3469497e-06,1
54840.0,54845.0,54842.5,1.2693899e-06,6.3469497e-06,1
54865.0,54870.0,54867.5,1.2693899e-06,6.3469497e-06,1
54875.0,54880.0,54877.5,1.2693899e-06,6.3469497e-06,1
54885.0,54890.0,54887.5,1.2693899e-06,6.3469497e-06,1
54900.0,54905.0,54902.5,1.2693899e-06,6.3469497e-06,1
54910.0,54915.0,54912.5,1.2693899e-06,6.3469497e-06,1
54925.0,54930.0,54927.5,1.2693899e-06,6.3469497e-06,1
54940.0,54945.0,54942.5,1.2693899e-06,6.3469497e-06,1
54970.0,54975.0,54972.5,1.2693899e-06,6.3469497e-06,1
55000.0,55005.0,55002.5,1.2693899e-06,6.3469497e-06,1
55020.0,55025.0,55022.5,1.2693899e-06,6.3469497e-06,1
55030.0,55035.0,55032.5,3.8081698e-06,1.9040849e-05,3
55070.0,55075.0,55072.5,1.2693899e-06,6.3469497e-06,1
55120.0,55125.0,55122.5,2.5387799e-06,1.2693899e-05,2
55140.0,55145.0,55142.5,1.2693899e-06,6.3469497e-06,1
55155.0,55160.0,55157.5,1.2693899e-06,6.3469497e-06,1
55165.0,55170.0,55167.5,1.2693899e-06,6.3469497e-06,1
55170.0,55175.0,55172.5,1.2693899e-06,6.3469497e-06,1
55190.0,55195.0,55192.5,1.2693899e-06,6.3469497e-06,1
55195.0,55200.0,55197.5,1.2693899e-06,6.3469497e-06,1
55225.0,55230.0,55227.5,1.2693899e-06,6.3469497e-06,1
55230.0,55235.0,55232.5,1.2693899e-06,6.3469497e-06,1
55250.0,55255.0,55252.5,1.2693899e-06,6.3469497e-06,1
55260.0,55265.0,55262.5,1.2693899e-06,6.3469497e-06,1
55270.0,55275.0,55272.5,1.2693899e-06,6.3469497e-06,1
55295.0,55300.0,55297.5,1.2693899e-06,6.3469497e-06,1
55300.0,55305.0,55302.5,2.5387799e-06,1.2693899e-05,2
55310.0,55315.0,55312.5,1.2693899e-06,6.3469497e-06,1
55320.0,55325.0,55322.5,1.2693899e-06,6.3469497e-06,1
55330.0,55335.0,55332.5,3.8081698e-06,1.9040849e-05,3
55335.0,55340.0,55337.5,1.2693899e-06,6.3469497e-06,1
55350.0,55355.0,55352.5,2.5387799e-06,1.2693899e-05,2
55360.0,55365.0,55362.5,3.8081698e-06,1.9040849e-05,3
55375.0,55380.0,55377.5,2.5387799e-06,1.2693899e-05,2
55400.0,55405.0,55402.5,1.2693899e-06,6.3469497e-06,1
55415.0,55420.0,55417.5,1.2693899e-06,6.3469497e-06,1
55420.0,55425.0,55422.5,1.2693899e-06,6.3469497e-06,1
55425.0,55430.0,55427.5,1.2693899e-06,6.3469497e-06,1
55430.0,55435.0,55432.5,1.2693899e-06,6.3469497e-06,1
55480.0,55485.0,55482.5,1.2693899e-06,6.3469497e-06,1
55490.0,55495.0,55492.5,2.5387799e-06,1.2693899e-05,2
55510.0,55515.0,55512.5,1.2693899e-06,6.3469497e-06,1
55520.0,55525.0,55522.5,1.2693899e-06,6.3469497e-06,1
55525.0,55530.0,55527.5,1.2693899e-06,6.3469497e-06,1
55545.0,55550.0,55547.5,1.2693899e-06,6.3469497e-06,1
55585.0,55590.0,55587.5,1.2693899e-06,6.3469497e-06,1
55650.0,55655.0,55652.5,1.2693899e-06,6.3469497e-06,1
55660.0,55665.0,55662.5,1.2693899e-06,6.3469497e-06,1
55720.0,55725.0,55722.5,1.2693899e-06,6.3469497e-06,1
55730.0,55735.0,55732.5,2.5387799e-06,1.2693899e-05,2
55760.0,55765.0,55762.5,1.2693899e-06,6.3469497e-06,1
55770.0,55775.0,55772.5,2.5387799e-06,1.2693899e-05,2
55775.0,55780.0,55777.5,1.2693899e-06,6.3469497e-06,1
55780.0,55785.0,55782.5,1.2693899e-06,6.3469497e-06,1
55795.0,55800.0,55797.5,1.2693899e-06,6.3469497e-06,1
55805.0,55810.0,55807.5,1.2693899e-06,6.3469497e-06,1
55810.0,55815.0,55812.5,1.2693899e-06,6.3469497e-06,1
55860.0,55865.0,55862.5,1.2693899e-06,6.3469497e-06,1
55880.0,55885.0,55882.5,3.8081698e-06,1.9040849e-05,3
55895.0,55900.0,55897.5,1.2693899e-06,6.3469497e-06,1
55905.0,55910.0,55907.5,1.2693899e-06,6.3469497e-06,1
55915.0,55920.0,55917.5,1.2693899e-06,6.3469497e-06,1
55930.0,55935.0,55932.5,1.2693899e-06,6.3469497e-06,1
55935.0,55940.0,55937.5,1.2693899e-06,6.3469497e-06,1
55955.0,55960.0,55957.5,1.2693899e-06,6.3469497e-06,1
55965.0,55970.0,55967.5,2.5387799e-06,1.2693899e-05,2
55975.0,55980.0,55977.5,1.2693899e-06,6.3469497e-06,1
56000.0,56005.0,56002.5,1.2693899e-06,6.3469497e-06,1
56005.0,56010.0,56007.5,1.2693899e-06,6.3469497e-06,1
56035.0,56040.0,56037.5,1.2693899e-06,6.3469497e-06,1
56050.0,56055.0,56052.5,1.2693899e-06,6.3469497e-06,1
56055.0,56060.0,56057.5,1.2693899e-06,6.3469497e-06,1
56090.0,56095.0,56092.5,1.2693899e-06,6.3469497e-06,1
56125.0,56130.0,56127.5,2.5387799e-06,1.2693899e-05,2
56145.0,56150.0,56147.5,1.2693899e-06,6.3469497e-06,1
56185.0,56190.0,56187.5,1.2693899e-06,6.3469497e-06,1
56220.0,56225.0,56222.5,1.2693899e-06,6.3469497e-06,1
56250.0,56255.0,56252.5,1.2693899e-06,6.3469497e-06,1
56275.0,56280.0,56277.5,1.2693899e-06,6.3469497e-06,1
56305.0,56310.0,56307.5,1.2693899e-06,6.3469497e-06,1
56355.0,56360.0,56357.5,1.2693899e-06,6.3469497e-06,1
56425.0,56430.0,56427.5,1.2693899e-06,6.3469497e-06,1
56430.0,56435.0,56432.5,1.2693899e-06,6.3469497e-06,1
56455.0,56460.0,56457.5,1.2693899e-06,6.3469497e-06,1
56500.0,56505.0,56502.5,2.5387799e-06,1.2693899e-05,2
56515.0,56520.0,56517.5,1.2693899e-06,6.3469497e-06,1
56520.0,56525.0,56522.5,1.2693899e-06,6.3469497e-06,1
56595.0,56600.0,56597.5,1.2693899e-06,6.3469497e-06,1
56610.0,56615.0,56612.5,1.2693899e-06,6.3469497e-06,1
56620.0,56625.0,56622.5,1.2693899e-06,6.3469497e-06,1
56705.0,56710.0,56707.5,1.2693899e-06,6.3469497e-06,1
56710.0,56715.0,56712.5,1.2693899e-06,6.3469497e-06,1
56730.0,56735.0,56732.5,1.2693899e-06,6.3469497e-06,1
56780.0,56785.0,56782.5,1.2693899e-06,6.3469497e-06,1
56800.0,56805.0,56802.5,1.2693899e-06,6.3469497e-06,1
56830.0,56835.0,56832.5,2.5387799e-06,1.2693899e-05,2
56835.0,56840.0,56837.5,1.2693899e-06,6.3469497e-06,1
56840.0,56845.0,56842.5,1.2693899e-06,6.3469497e-06,1
56850.0,56855.0,56852.5,1.2693899e-06,6.3469497e-06,1
56855.0,56860.0,56857.5,1.2693899e-06,6.3469497e-06,1
56870.0,56875.0,56872.5,1.2693899e-06,6.3469497e-06,1
56940.0,56945.0,56942.5,2.5387799e-06,1.2693899e-05,2
56970.0,56975.0,56972.5,2.5387799e-06,1.2693899e-05,2
56980.0,56985.0,56982.5,1.2693899e-06,6.3469497e-06,1
56995.0,57000.0,56997.5,1.2693899e-06,6.3469497e-06,1
57005.0,57010.0,57007.5,1.2693899e-06,6.3469497e-06,1
57010.0,57015.0,57012.5,1.2693899e-06,6.3469497e-06,1
57015.0,57020.0,57017.5,2.5387799e-06,1.2693899e-05,2
57030.0,57035.0,57032.5,1.2693899e-06,6.3469497e-06,1
57040.0,57045.0,57042.5,1.2693899e-06,6.3469497e-06,1
57060.0,57065.0,57062.5,1.2693899e-06,6.3469497e-06,1
57065.0,57070.0,57067.5,2.5387799e-06,1.2693899e-05,2
57130.0,57135.0,57132.5,3.8081698e-06,1.9040849e-05,3
57160.0,57165.0,57162.5,2.5387799e-06,1.2693899e-05,2
57175.0,57180.0,57177.5,1.2693899e-06,6.3469497e-06,1
57180.0,57185.0,57182.5,2.5387799e-06,1.2693899e-05,2
57195.0,57200.0,57197.5,1.2693899e-06,6.3469497e-06,1
57255.0,57260.0,57257.5,1.2693899e-06,6.3469497e-06,1
57290.0,57295.0,57292.5,1.2693899e-06,6.3469497e-06,1
57305.0,57310.0,57307.5,1.2693899e-06,6.3469497e-06,1
57315.0,57320.0,57317.5,1.2693899e-06,6.3469497e-06,1
57325.0,57330.0,57327.5,1.2693899e-06,6.3469497e-06,1
57340.0,57345.0,57342.5,1.2693899e-06,6.3469497e-06,1
57360.0,57365.0,57362.5,1.2693899e-06,6.3469497e-06,1
57380.0,57385.0,57382.5,2.5387799e-06,1.2693899e-05,2
57395.0,57400.0,57397.5,1.2693899e-06,6.3469497e-06,1
57405.0,57410.0,57407.5,1.2693899e-06,6.3469497e-06,1
57410.0,57415.0,57412.5,1.2693899e-06,6.3469497e-06,1
57455.0,57460.0,57457.5,1.2693899e-06,6.3469497e-06,1
57460.0,57465.0,57462.5,1.2693899e-06,6.3469497e-06,1
57495.0,57500.0,57497.5,1.2693899e-06,6.3469497e-06,1
57500.0,57505.0,57502.5,1.2693899e-06,6.3469497e-06,1
57560.0,57565.0,57562.5,2.5387799e-06,1.2693899e-05,2
57565.0,57570.0,57567.5,1.2693899e-06,6.3469497e-06,1
57625.0,57630.0,57627.5,1.2693899e-06,6.3469497e-06,1
57640.0,57645.0,57642.5,1.2693899e-06,6.3469497e-06,1
57650.0,57655.0,57652.5,1.2693899e-06,6.3469497e-06,1
57660.0,57665.0,57662.5,1.2693899e-06,6.3469497e-06,1
57685.0,57690.0,57687.5,1.2693899e-06,6.3469497e-06,1
57705.0,57710.0,57707.5,1.2693899e-06,6.3469497e-06,1
57750.0,57755.0,57752.5,1.2693899e-06,6.3469497e-06,1
57755.0,57760.0,57757.5,1.2693899e-06,6.3469497e-06,1
57760.0,57765.0,57762.5,1.2693899e-06,6.3469497e-06,1
57795.0,57800.0,57797.5,1.2693899e-06,6.3469497e-06,1
57840.0,57845.0,57842.5,2.5387799e-06,1.2693899e-05,2
57855.0,57860.0,57857.5,1.2693899e-06,6.3469497e-06,1
57865.0,57870.0,57867.5,1.2693899e-06,6.3469497e-06,1
57900.0,57905.0,57902.5,1.2693899e-06,6.3469497e-06,1
57920.0,57925.0,57922.5,2.5387799e-06,1.2693899e-05,2
57945.0,57950.0,57947.5,1.2693899e-06,6.3469497e-06,1
57965.0,57970.0,57967.5,2.5387799e-06,1.2693899e-05,2
57970.0,57975.0,57972.5,1.2693899e-06,6.3469497e-06,1
57990.0,57995.0,57992.5,1.2693899e-06,6.3469497e-06,1
58000.0,58005.0,58002.5,1.2693899e-06,6.3469497e-06,1
58005.0,58010.0,58007.5,1.2693899e-06,6.3469497e-06,1
58095.0,58100.0,58097.5,1.2693899e-06,6.3469497e-06,1
58115.0,58120.0,58117.5,2.5387799e-06,1.2693899e-05,2
58135.0,58140.0,58137.5,1.2693899e-06,6.3469497e-06,1
58150.0,58155.0,58152.5,1.2693899e-06,6.3469497e-06,1
58155.0,58160.0,58157.5,1.2693899e-06,6.3469497e-06,1
58160.0,58165.0,58162.5,1.2693899e-06,6.3469497e-06,1
58165.0,58170.0,58167.5,1.2693899e-06,6.3469497e-06,1
58175.0,58180.0,58177.5,1.2693899e-06,6.3469497e-06,1
58180.0,58185.0,58182.5,1.2693899e-06,6.3469497e-06,1
58205.0,58210.0,58207.5,1.2693899e-06,6.3469497e-06,1
58250.0,58255.0,58252.5,1.2693899e-06,6.3469497e-06,1
58270.0,58275.0,58272.5,1.2693899e-06,6.3469497e-06,1
58285.0,58290.0,58287.5,1.2693899e-06,6.3469497e-06,1
58300.0,58305.0,58302.5,1.2693899e-06,6.3469497e-06,1
58320.0,58325.0,58322.5,1.2693899e-06,6.3469497e-06,1
58330.0,58335.0,58332.5,1.2693899e-06,6.3469497e-06,1
58340.0,58345.0,58342.5,1.2693899e-06,6.3469497e-06,1
58365.0,58370.0,58367.5,2.5387799e-06,1.2693899e-05,2
58380.0,58385.0,58382.5,1.2693899e-06,6.3469497e-06,1
58395.0,58400.0,58397.5,1.2693899e-06,6.3469497e-06,1
58400.0,58405.0,58402.5,1.2693899e-06,6.3469497e-06,1
58415.0,58420.0,58417.5,1.2693899e-06,6.3469497e-06,1
58420.0,58425.0,58422.5,1.2693899e-06,6.3469497e-06,1
58440.0,58445.0,58442.5,1.2693899e-06,6.3469497e-06,1
58485.0,58490.0,58487.5,1.2693899e-06,6.3469497e-06,1
58580.0,58585.0,58582.5,1.2693899e-06,6.3469497e-06,1
58600.0,58605.0,58602.5,1.2693899e-06,6.3469497e-06,1
58645.0,58650.0,58647.5,1.2693899e-06,6.3469497e-06,1
58690.0,58695.0,58692.5,1.2693899e-06,6.3469497e-06,1
58705.0,58710.0,58707.5,1.2693899e-06,6.3469497e-06,1
58735.0,58740.0,58737.5,1.2693899e-06,6.3469497e-06,1
58740.0,58745.0,58742.5,1.2693899e-06,6.3469497e-06,1
58755.0,58760.0,58757.5,1.2693899e-06,6.3469497e-06,1
58810.0,58815.0,58812.5,1.2693899e-06,6.3469497e-06,1
58815.0,58820.0,58817.5,1.2693899e-06,6.3469497e-06,1
58845.0,58850.0,58847.5,1.2693899e-06,6.3469497e-06,1
58850.0,58855.0,58852.5,1.2693899e-06,6.3469497e-06,1
58855.0,58860.0,58857.5,1.2693899e-06,6.3469497e-06,1
58915.0,58920.0,58917.5,1.2693899e-06,6.3469497e-06,1
58920.0,58925.0,58922.5,1.2693899e-06,6.3469497e-06,1
58930.0,58935.0,58932.5,1.2693899e-06,6.3469497e-06,1
58955.0,58960.0,58957.5,1.2693899e-06,6.3469497e-06,1
59025.0,59030.0,59027.5,1.2693899e-06,6.3469497e-06,1
59085.0,59090.0,59087.5,1.2693899e-06,6.3469497e-06,1
59095.0,59100.0,59097.5,1.2693899e-06,6.3469497e-06,1
59110.0,59115.0,59112.5,1.2693899e-06,6.3469497e-06,1
59130.0,59135.0,59132.5,1.2693899e-06,6.3469497e-06,1
59145.0,59150.0,59147.5,1.2693899e-06,6.3469497e-06,1
59160.0,59165.0,59162.5,1.2693899e-06,6.3469497e-06,1
59185.0,59190.0,59187.5,1.2693899e-06,6.3469497e-06,1
59205.0,59210.0,59207.5,1.2693899e-06,6.3469497e-06,1
59240.0,59245.0,59242.5,2.5387799e-06,1.2693899e-05,2
59250.0,59255.0,59252.5,1.2693899e-06,6.3469497e-06,1
59275.0,59280.0,59277.5,1.2693899e-06,6.3469497e-06,1
59290.0,59295.0,59292.5,2.5387799e-06,1.2693899e-05,2
59295.0,59300.0,59297.5,1.2693899e-06,6.3469497e-06,1
59320.0,59325.0,59322.5,1.2693899e-06,6.3469497e-06,1
59360.0,59365.0,59362.5,1.2693899e-06,6.3469497e-06,1
59375.0,59380.0,59377.5,1.2693899e-06,6.3469497e-06,1
59395.0,59400.0,59397.5,1.2693899e-06,6.3469497e-06,1
59425.0,59430.0,59427.5,1.2693899e-06,6.3469497e-06,1
59430.0,59435.0,59432.5,2.5387799e-06,1.2693899e-05,2
59470.0,59475.0,59472.5,1.2693899e-06,6.3469497e-06,1
59490.0,59495.0,59492.5,1.2693899e-06,6.3469497e-06,1
59505.0,59510.0,59507.5,1.2693899e-06,6.3469497e-06,1
59510.0,59515.0,59512.5,1.2693899e-06,6.3469497e-06,1
59565.0,59570.0,59567.5,1.2693899e-06,6.3469497e-06,1
59655.0,59660.0,59657.5,1.2693899e-06,6.3469497e-06,1
59680.0,59685.0,59682.5,1.2693899e-06,6.3469497e-06,1
59715.0,59720.0,59717.5,1.2693899e-06,6.3469497e-06,1
59770.0,59775.0,59772.5,1.2693899e-06,6.3469497e-06,1
59820.0,59825.0,59822.5,2.5387799e-06,1.2693899e-05,2
59825.0,59830.0,59827.5,1.2693899e-06,6.3469497e-06,1
59845.0,59850.0,59847.5,1.2693899e-06,6.3469497e-06,1
59855.0,59860.0,59857.5,1.2693899e-06,6.3469497e-06,1
59905.0,59910.0,59907.5,1.2693899e-06,6.3469497e-06,1
59915.0,59920.0,59917.5,1.2693899e-06,6.3469497e-06,1
59925.0,59930.0,59927.5,1.2693899e-06,6.3469497e-06,1
59955.0,59960.0,59957.5,1.2693899e-06,6.3469497e-06,1
59975.0,59980.0,59977.5,1.2693899e-06,6.3469497e-06,1
59985.0,59990.0,59987.5,1.2693899e-06,6.3469497e-06,1
60020.0,60025.0,60022.5,1.2693899e-06,6.3469497e-06,1
60055.0,60060.0,60057.5,1.2693899e-06,6.3469497e-06,1
60095.0,60100.0,60097.5,1.2693899e-06,6.3469497e-06,1
60120.0,60125.0,60122.5,1.2693899e-06,6.3469497e-06,1
60135.0,60140.0,60137.5,1.2693899e-06,6.3469497e-06,1
60140.0,60145.0,60142.5,1.2693899e-06,6.3469497e-06,1
60150.0,60155.0,60152.5,1.2693899e-06,6.3469497e-06,1
60170.0,60175.0,60172.5,1.2693899e-06,6.3469497e-06,1
60195.0,60200.0,60197.5,1.2693899e-06,6.3469497e-06,1
60210.0,60215.0,60212.5,1.2693899e-06,6.3469497e-06,1
60225.0,60230.0,60227.5,1.2693899e-06,6.3469497e-06,1
60230.0,60235.0,60232.5,1.2693899e-06,6.3469497e-06,1
60235.0,60240.0,60237.5,1.2693899e-06,6.3469497e-06,1
60240.0,60245.0,60242.5,1.2693899e-06,6.3469497e-06,1
60255.0,60260.0,60257.5,1.2693899e-06,6.3469497e-06,1
60280.0,60285.0,60282.5,1.2693899e-06,6.3469497e-06,1
60285.0,60290.0,60287.5,1.2693899e-06,6.3469497e-06,1
60330.0,60335.0,60332.5,1.2693899e-06,6.3469497e-06,1
60375.0,60380.0,60377.5,1.2693899e-06,6.3469497e-06,1
60390.0,60395.0,60392.5,3.8081698e-06,1.9040849e-05,3
60395.0,60400.0,60397.5,1.2693899e-06,6.3469497e-06,1
60415.0,60420.0,60417.5,1.2693899e-06,6.3469497e-06,1
60440.0,60445.0,60442.5,1.2693899e-06,6.3469497e-06,1
60460.0,60465.0,60462.5,1.2693899e-06,6.3469497e-06,1
60485.0,60490.0,60487.5,1.2693899e-06,6.3469497e-06,1
60530.0,60535.0,60532.5,1.2693899e-06,6.3469497e-06,1
60540.0,60545.0,60542.5,2.5387799e-06,1.2693899e-05,2
60555.0,60560.0,60557.5,1.2693899e-06,6.3469497e-06,1
60585.0,60590.0,60587.5,1.2693899e-06,6.3469497e-06,1
60600.0,60605.0,60602.5,1.2693899e-06,6.3469497e-06,1
60605.0,60610.0,60607.5,1.2693899e-06,6.3469497e-06,1
60650.0,60655.0,60652.5,1.2693899e-06,6.3469497e-06,1
60660.0,60665.0,60662.5,1.2693899e-06,6.3469497e-06,1
60680.0,60685.0,60682.5,1.2693899e-06,6.3469497e-06,1
60725.0,60730.0,60727.5,1.2693899e-06,6.3469497e-06,1
60745.0,60750.0,60747.5,1.2693899e-06,6.3469497e-06,1
60755.0,60760.0,60757.5,1.2693899e-06,6.3469497e-06,1
60760.0,60765.0,60762.5,1.2693899e-06,6.3469497e-06,1
60765.0,60770.0,60767.5,1.2693899e-06,6.3469497e-06,1
60775.0,60780.0,60777.5,1.2693899e-06,6.3469497e-06,1
60780.0,60785.0,60782.5,1.2693899e-06,6.3469497e-06,1
60800.0,60805.0,60802.5,1.2693899e-06,6.3469497e-06,1
60825.0,60830.0,60827.5,2.5387799e-06,1.2693899e-05,2
60835.0,60840.0,60837.5,1.2693899e-06,6.3469497e-06,1
60860.0,60865.0,60862.5,1.2693899e-06,6.3469497e-06,1
60895.0,60900.0,60897.5,2.5387799e-06,1.2693899e-05,2
60900.0,60905.0,60902.5,1.2693899e-06,6.3469497e-06,1
60920.0,60925.0,60922.5,1.2693899e-06,6.3469497e-06,1
60925.0,60930.0,60927.5,1.2693899e-06,6.3469497e-06,1
60950.0,60955.0,60952.5,1.2693899e-06,6.3469497e-06,1
60955.0,60960.0,60957.5,1.2693899e-06,6.3469497e-06,1
60990.0,60995.0,60992.5,1.2693899e-06,6.3469497e-06,1
61070.0,61075.0,61072.5,1.2693899e-06,6.3469497e-06,1
61115.0,61120.0,61117.5,1.2693899e-06,6.3469497e-06,1
61130.0,61135.0,61132.5,2.5387799e-06,1.2693899e-05,2
61180.0,61185.0,61182.5,2.5387799e-06,1.2693899e-05,2
61200.0,61205.0,61202.5,1.2693899e-06,6.3469497e-06,1
61220.0,61225.0,61222.5,1.2693899e-06,6.3469497e-06,1
61275.0,61280.0,61277.5,1.2693899e-06,6.3469497e-06,1
61330.0,61335.0,61332.5,1.2693899e-06,6.3469497e-06,1
61350.0,61355.0,61352.5,1.2693899e-06,6.3469497e-06,1
61370.0,61375.0,61372.5,1.2693899e-06,6.3469497e-06,1
61395.0,61400.0,61397.5,1.2693899e-06,6.3469497e-06,1
61410.0,61415.0,61412.5,1.2693899e-06,6.3469497e-06,1
61425.0,61430.0,61427.5,2.5387799e-06,1.2693899e-05,2
61440.0,61445.0,61442.5,1.2693899e-06,6.3469497e-06,1
61445.0,61450.0,61447.5,1.2693899e-06,6.3469497e-06,1
61490.0,61495.0,61492.5,1.2693899e-06,6.3469497e-06,1
61555.0,61560.0,61557.5,1.2693899e-06,6.3469497e-06,1
61580.0,61585.0,61582.5,1.2693899e-06,6.3469497e-06,1
61630.0,61635.0,61632.5,1.2693899e-06,6.3469497e-06,1
61775.0,61780.0,61777.5,1.2693899e-06,6.3469497e-06,1
61800.0,61805.0,61802.5,1.2693899e-06,6.3469497e-06,1
61810.0,61815.0,61812.5,1.2693899e-06,6.3469497e-06,1
61835.0,61840.0,61837.5,1.2693899e-06,6.3469497e-06,1
61855.0,61860.0,61857.5,1.2693899e-06,6.3469497e-06,1
61870.0,61875.0,61872.5,1.2693899e-06,6.3469497e-06,1
61890.0,61895.0,61892.5,1.2693899e-06,6.3469497e-06,1
61940.0,61945.0,61942.5,1.2693899e-06,6.3469497e-06,1
61985.0,61990.0,61987.5,1.2693899e-06,6.3469497e-06,1
62035.0,62040.0,62037.5,1.2693899e-06,6.3469497e-06,1
62065.0,62070.0,62067.5,1.2693899e-06,6.3469497e-06,1
62085.0,62090.0,62087.5,1.2693899e-06,6.3469497e-06,1
62185.0,62190.0,62187.5,1.2693899e-06,6.3469497e-06,1
62270.0,62275.0,62272.5,1.2693899e-06,6.3469497e-06,1
62275.0,62280.0,62277.5,1.2693899e-06,6.3469497e-06,1
62280.0,62285.0,62282.5,1.2693899e-06,6.3469497e-06,1
62320.0,62325.0,62322.5,1.2693899e-06,6.3469497e-06,1
62335.0,62340.0,62337.5,1.2693899e-06,6.3469497e-06,1
62345.0,62350.0,62347.5,1.2693899e-06,6.3469497e-06,1
62385.0,62390.0,62387.5,1.2693899e-06,6.3469497e-06,1
62395.0,62400.0,62397.5,2.5387799e-06,1.2693899e-05,2
62500.0,62505.0,62502.5,1.2693899e-06,6.3469497e-06,1
62515.0,62520.0,62517.5,1.2693899e-06,6.3469497e-06,1
62590.0,62595.0,62592.5,1.2693899e-06,6.3469497e-06,1
62600.0,62605.0,62602.5,1.2693899e-06,6.3469497e-06,1
62615.0,62620.0,62617.5,1.2693899e-06,6.3469497e-06,1
62625.0,62630.0,62627.5,1.2693899e-06,6.3469497e-06,1
62645.0,62650.0,62647.5,2.5387799e-06,1.2693899e-05,2
62660.0,62665.0,62662.5,1.2693899e-06,6.3469497e-06,1
62750.0,62755.0,62752.5,1.2693899e-06,6.3469497e-06,1
62775.0,62780.0,62777.5,2.5387799e-06,1.2693899e-05,2
62865.0,62870.0,62867.5,1.2693899e-06,6.3469497e-06,1
62910.0,62915.0,62912.5,1.2693899e-06,6.3469497e-06,1
62955.0,62960.0,62957.5,1.2693899e-06,6.3469497e-06,1
62965.0,62970.0,62967.5,1.2693899e-06,6.3469497e-06,1
63000.0,63005.0,63002.5,1.2693899e-06,6.3469497e-06,1
63015.0,63020.0,63017.5,1.2693899e-06,6.3469497e-06,1
63020.0,63025.0,63022.5,1.2693899e-06,6.3469497e-06,1
63035.0,63040.0,63037.5,1.2693899e-06,6.3469497e-06,1
63050.0,63055.0,63052.5,1.2693899e-06,6.3469497e-06,1
63075.0,63080.0,63077.5,1.2693899e-06,6.3469497e-06,1
63090.0,63095.0,63092.5,1.2693899e-06,6.3469497e-06,1
63285.0,63290.0,63287.5,1.2693899e-06,6.3469497e-06,1
63320.0,63325.0,63322.5,1.2693899e-06,6.3469497e-06,1
63385.0,63390.0,63387.5,1.2693899e-06,6.3469497e-06,1
63400.0,63405.0,63402.5,1.2693899e-06,6.3469497e-06,1
63410.0,63415.0,63412.5,1.2693899e-06,6.3469497e-06,1
63455.0,63460.0,63457.5,1.2693899e-06,6.3469497e-06,1
63480.0,63485.0,63482.5,1.2693899e-06,6.3469497e-06,1
63580.0,63585.0,63582.5,1.2693899e-06,6.3469497e-06,1
63590.0,63595.0,63592.5,1.2693899e-06,6.3469497e-06,1
63655.0,63660.0,63657.5,2.5387799e-06,1.2693899e-05,2
63755.0,63760.0,63757.5,1.2693899e-06,6.3469497e-06,1
63810.0,63815.0,63812.5,2.5387799e-06,1.2693899e-05,2
63815.0,63820.0,63817.5,1.2693899e-06,6.3469497e-06,1
63905.0,63910.0,63907.5,1.2693899e-06,6.3469497e-06,1
63935.0,63940.0,63937.5,2.5387799e-06,1.2693899e-05,2
63940.0,63945.0,63942.5,1.2693899e-06,6.3469497e-06,1
64115.0,64120.0,64117.5,1.2693899e-06,6.3469497e-06,1
64215.0,64220.0,64217.5,1.2693899e-06,6.3469497e-06,1
64240.0,64245.0,64242.5,1.2693899e-06,6.3469497e-06,1
64245.0,64250.0,64247.5,1.2693899e-06,6.3469497e-06,1
64285.0,64290.0,64287.5,1.2693899e-06,6.3469497e-06,1
64290.0,64295.0,64292.5,1.2693899e-06,6.3469497e-06,1
64315.0,64320.0,64317.5,1.2693899e-06,6.3469497e-06,1
64350.0,64355.0,64352.5,1.2693899e-06,6.3469497e-06,1
64425.0,64430.0,64427.5,1.2693899e-06,6.3469497e-06,1
64495.0,64500.0,64497.5,1.2693899e-06,6.3469497e-06,1
64610.0,64615.0,64612.5,1.2693899e-06,6.3469497e-06,1
64620.0,64625.0,64622.5,1.2693899e-06,6.3469497e-06,1
64655.0,64660.0,64657.5,1.2693899e-06,6.3469497e-06,1
64680.0,64685.0,64682.5,1.2693899e-06,6.3469497e-06,1
64710.0,64715.0,64712.5,1.2693899e-06,6.3469497e-06,1
64720.0,64725.0,64722.5,1.2693899e-06,6.3469497e-06,1
64770.0,64775.0,64772.5,1.2693899e-06,6.3469497e-06,1
64775.0,64780.0,64777.5,2.5387799e-06,1.2693899e-05,2
64825.0,64830.0,64827.5,1.2693899e-06,6.3469497e-06,1
64840.0,64845.0,64842.5,1.2693899e-06,6.3469497e-06,1
64965.0,64970.0,64967.5,1.2693899e-06,6.3469497e-06,1
64975.0,64980.0,64977.5,1.2693899e-06,6.3469497e-06,1
65135.0,65140.0,65137.5,1.2693899e-06,6.3469497e-06,1
65200.0,65205.0,65202.5,1.2693899e-06,6.3469497e-06,1
65275.0,65280.0,65277.5,1.2693899e-06,6.3469497e-06,1
65305.0,65310.0,65307.5,1.2693899e-06,6.3469497e-06,1
65355.0,65360.0,65357.5,1.2693899e-06,6.3469497e-06,1
65365.0,65370.0,65367.5,1.2693899e-06,6.3469497e-06,1
65455.0,65460.0,65457.5,1.2693899e-06,6.3469497e-06,1
65475.0,65480.0,65477.5,1.2693899e-06,6.3469497e-06,1
65510.0,65515.0,65512.5,1.2693899e-06,6.3469497e-06,1
65655.0,65660.0,65657.5,1.2693899e-06,6.3469497e-06,1
65665.0,65670.0,65667.5,1.2693899e-06,6.3469497e-06,1
65690.0,65695.0,65692.5,1.2693899e-06,6.3469497e-06,1
65715.0,65720.0,65717.5,1.2693899e-06,6.3469497e-06,1
65735.0,65740.0,65737.5,1.2693899e-06,6.3469497e-06,1
65775.0,65780.0,65777.5,1.2693899e-06,6.3469497e-06,1
65805.0,65810.0,65807.5,1.2693899e-06,6.3469497e-06,1
65810.0,65815.0,65812.5,1.2693899e-06,6.3469497e-06,1
65880.0,65885.0,65882.5,1.2693899e-06,6.3469497e-06,1
65960.0,65965.0,65962.5,1.2693899e-06,6.3469497e-06,1
66020.0,66025.0,66022.5,1.2693899e-06,6.3469497e-06,1
66030.0,66035.0,66032.5,1.2693899e-06,6.3469497e-06,1
66095.0,66100.0,66097.5,1.2693899e-06,6.3469497e-06,1
66115.0,66120.0,66117.5,1.2693899e-06,6.3469497e-06,1
66140.0,66145.0,66142.5,1.2693899e-06,6.3469497e-06,1
66150.0,66155.0,66152.5,1.2693899e-06,6.3469497e-06,1
66200.0,66205.0,66202.5,1.2693899e-06,6.3469497e-06,1
66225.0,66230.0,66227.5,1.2693899e-06,6.3469497e-06,1
66250.0,66255.0,66252.5,2.5387799e-06,1.2693899e-05,2
66310.0,66315.0,66312.5,1.2693899e-06,6.3469497e-06,1
66320.0,66325.0,66322.5,1.2693899e-06,6.3469497e-06,1
66355.0,66360.0,66357.5,1.2693899e-06,6.3469497e-06,1
66400.0,66405.0,66402.5,1.2693899e-06,6.3469497e-06,1
66445.0,66450.0,66447.5,1.2693899e-06,6.3469497e-06,1
66515.0,66520.0,66517.5,1.2693899e-06,6.3469497e-06,1
66525.0,66530.0,66527.5,1.2693899e-06,6.3469497e-06,1
66585.0,66590.0,66587.5,1.2693899e-06,6.3469497e-06,1
66590.0,66595.0,66592.5,1.2693899e-06,6.3469497e-06,1
66625.0,66630.0,66627.5,1.2693899e-06,6.3469497e-06,1
66740.0,66745.0,66742.5,1.2693899e-06,6.3469497e-06,1
66760.0,66765.0,66762.5,1.2693899e-06,6.3469497e-06,1
66785.0,66790.0,66787.5,1.2693899e-06,6.3469497e-06,1
67055.0,67060.0,67057.5,1.2693899e-06,6.3469497e-06,1
67115.0,67120.0,67117.5,1.2693899e-06,6.3469497e-06,1
67140.0,67145.0,67142.5,1.2693899e-06,6.3469497e-06,1
67295.0,67300.0,67297.5,1.2693899e-06,6.3469497e-06,1
67470.0,67475.0,67472.5,1.2693899e-06,6.3469497e-06,1
67605.0,67610.0,67607.5,1.2693899e-06,6.3469497e-06,1
67680.0,67685.0,67682.5,1.2693899e-06,6.3469497e-06,1
67730.0,67735.0,67732.5,1.2693899e-06,6.3469497e-06,1
67910.0,67915.0,67912.5,1.2693899e-06,6.3469497e-06,1
67975.0,67980.0,67977.5,1.2693899e-06,6.3469497e-06,1
68040.0,68045.0,68042.5,1.2693899e-06,6.3469497e-06,1
68060.0,68065.0,68062.5,2.5387799e-06,1.2693899e-05,2
68080.0,68085.0,68082.5,1.2693899e-06,6.3469497e-06,1
68085.0,68090.0,68087.5,1.2693899e-06,6.3469497e-06,1
68095.0,68100.0,68097.5,1.2693899e-06,6.3469497e-06,1
68155.0,68160.0,68157.5,1.2693899e-06,6.3469497e-06,1
68185.0,68190.0,68187.5,1.2693899e-06,6.3469497e-06,1
68255.0,68260.0,68257.5,1.2693899e-06,6.3469497e-06,1
68335.0,68340.0,68337.5,2.5387799e-06,1.2693899e-05,2
68445.0,68450.0,68447.5,1.2693899e-06,6.3469497e-06,1
68500.0,68505.0,68502.5,1.2693899e-06,6.3469497e-06,1
68685.0,68690.0,68687.5,1.2693899e-06,6.3469497e-06,1
68770.0,68775.0,68772.5,1.2693899e-06,6.3469497e-06,1
68835.0,68840.0,68837.5,1.2693899e-06,6.3469497e-06,1
68930.0,68935.0,68932.5,1.2693899e-06,6.3469497e-06,1
68940.0,68945.0,68942.5,2.5387799e-06,1.2693899e-05,2
69085.0,69090.0,69087.5,2.5387799e-06,1.2693899e-05,2
69105.0,69110.0,69107.5,1.2693899e-06,6.3469497e-06,1
69135.0,69140.0,69137.5,1.2693899e-06,6.3469497e-06,1
69165.0,69170.0,69167.5,1.2693899e-06,6.3469497e-06,1
69170.0,69175.0,69172.5,1.2693899e-06,6.3469497e-06,1
69350.0,69355.0,69352.5,1.2693899e-06,6.3469497e-06,1
69535.0,69540.0,69537.5,1.2693899e-06,6.3469497e-06,1
69570.0,69575.0,69572.5,1.2693899e-06,6.3469497e-06,1
69590.0,69595.0,69592.5,1.2693899e-06,6.3469497e-06,1
69760.0,69765.0,69762.5,1.2693899e-06,6.3469497e-06,1
69790.0,69795.0,69792.5,1.2693899e-06,6.3469497e-06,1
69860.0,69865.0,69862.5,1.2693899e-06,6.3469497e-06,1
70135.0,70140.0,70137.5,1.2693899e-06,6.3469497e-06,1
70205.0,70210.0,70207.5,1.2693899e-06,6.3469497e-06,1
70360.0,70365.0,70362.5,1.2693899e-06,6.3469497e-06,1
70440.0,70445.0,70442.5,1.2693899e-06,6.3469497e-06,1
70660.0,70665.0,70662.5,1.2693899e-06,6.3469497e-06,1
70670.0,70675.0,70672.5,1.2693899e-06,6.3469497e-06,1
70825.0,70830.0,70827.5,1.2693899e-06,6.3469497e-06,1
70895.0,70900.0,70897.5,1.2693899e-06,6.3469497e-06,1
70925.0,70930.0,70927.5,1.2693899e-06,6.3469497e-06,1
71020.0,71025.0,71022.5,1.2693899e-06,6.3469497e-06,1
71080.0,71085.0,71082.5,1.2693899e-06,6.3469497e-06,1
71125.0,71130.0,71127.5,1.2693899e-06,6.3469497e-06,1
71145.0,71150.0,71147.5,1.2693899e-06,6.3469497e-06,1
71190.0,71195.0,71192.5,1.2693899e-06,6.3469497e-06,1
71235.0,71240.0,71237.5,1.2693899e-06,6.3469497e-06,1
71360.0,71365.0,71362.5,1.2693899e-06,6.3469497e-06,1
71365.0,71370.0,71367.5,1.2693899e-06,6.3469497e-06,1
71445.0,71450.0,71447.5,1.2693899e-06,6.3469497e-06,1
71450.0,71455.0,71452.5,1.2693899e-06,6.3469497e-06,1
71470.0,71475.0,71472.5,1.2693899e-06,6.3469497e-06,1
71490.0,71495.0,71492.5,1.2693899e-06,6.3469497e-06,1
71525.0,71530.0,71527.5,2.5387799e-06,1.2693899e-05,2
71600.0,71605.0,71602.5,1.2693899e-06,6.3469497e-06,1
71635.0,71640.0,71637.5,1.2693899e-06,6.3469497e-06,1
71665.0,71670.0,71667.5,1.2693899e-06,6.3469497e-06,1
71925.0,71930.0,71927.5,1.2693899e-06,6.3469497e-06,1
71995.0,72000.0,71997.5,1.2693899e-06,6.3469497e-06,1
72095.0,72100.0,72097.5,1.2693899e-06,6.3469497e-06,1
72165.0,72170.0,72167.5,1.2693899e-06,6.3469497e-06,1
72360.0,72365.0,72362.5,1.2693899e-06,6.3469497e-06,1
72495.0,72500.0,72497.5,1.2693899e-06,6.3469497e-06,1
72525.0,72530.0,72527.5,1.2693899e-06,6.3469497e-06,1
72570.0,72575.0,72572.5,1.2693899e-06,6.3469497e-06,1
72590.0,72595.0,72592.5,1.2693899e-06,6.3469497e-06,1
72790.0,72795.0,72792.5,1.2693899e-06,6.3469497e-06,1
72795.0,72800.0,72797.5,1.2693899e-06,6.3469497e-06,1
72860.0,72865.0,72862.5,1.2693899e-06,6.3469497e-06,1
72865.0,72870.0,72867.5,1.2693899e-06,6.3469497e-06,1
73060.0,73065.0,73062.5,1.2693899e-06,6.3469497e-06,1
73140.0,73145.0,73142.5,1.2693899e-06,6.3469497e-06,1
73160.0,73165.0,73162.5,1.2693899e-06,6.3469497e-06,1
73225.0,73230.0,73227.5,1.2693899e-06,6.3469497e-06,1
73540.0,73545.0,73542.5,1.2693899e-06,6.3469497e-06,1
73795.0,73800.0,73797.5,1.2693899e-06,6.3469497e-06,1
73970.0,73975.0,73972.5,1.2693899e-06,6.3469497e-06,1
74085.0,74090.0,74087.5,1.2693899e-06,6.3469497e-06,1
74300.0,74305.0,74302.5,1.2693899e-06,6.3469497e-06,1
74365.0,74370.0,74367.5,1.2693899e-06,6.3469497e-06,1
74410.0,74415.0,74412.5,1.2693899e-06,6.3469497e-06,1
74450.0,74455.0,74452.5,1.2693899e-06,6.3469497e-06,1
74485.0,74490.0,74487.5,1.2693899e-06,6.3469497e-06,1
74555.0,74560.0,74557.5,1.2693899e-06,6.3469497e-06,1
74575.0,74580.0,74577.5,1.2693899e-06,6.3469497e-06,1
74900.0,74905.0,74902.5,1.2693899e-06,6.3469497e-06,1
74950.0,74955.0,74952.5,1.2693899e-06,6.3469497e-06,1
75290.0,75295.0,75292.5,1.2693899e-06,6.3469497e-06,1
75320.0,75325.0,75322.5,1.2693899e-06,6.3469497e-06,1
75480.0,75485.0,75482.5,1.2693899e-06,6.3469497e-06,1
75545.0,75550.0,75547.5,1.2693899e-06,6.3469497e-06,1
75550.0,75555.0,75552.5,1.2693899e-06,6.3469497e-06,1
75740.0,75745.0,75742.5,1.2693899e-06,6.3469497e-06,1
75890.0,75895.0,75892.5,1.2693899e-06,6.3469497e-06,1
75955.0,75960.0,75957.5,1.2693899e-06,6.3469497e-06,1
76105.0,76110.0,76107.5,1.2693899e-06,6.3469497e-06,1
76215.0,76220.0,76217.5,2.5387799e-06,1.2693899e-05,2
76360.0,76365.0,76362.5,1.2693899e-06,6.3469497e-06,1
76670.0,76675.0,76672.5,1.2693899e-06,6.3469497e-06,1
76890.0,76895.0,76892.5,1.2693899e-06,6.3469497e-06,1
77045.0,77050.0,77047.5,1.2693899e-06,6.3469497e-06,1
77105.0,77110.0,77107.5,1.2693899e-06,6.3469497e-06,1
77165.0,77170.0,77167.5,1.2693899e-06,6.3469497e-06,1
77800.0,77805.0,77802.5,1.2693899e-06,6.3469497e-06,1
77960.0,77965.0,77962.5,1.2693899e-06,6.3469497e-06,1
77975.0,77980.0,77977.5,1.2693899e-06,6.3469497e-06,1
78095.0,78100.0,78097.5,1.2693899e-06,6.3469497e-06,1
78105.0,78110.0,78107.5,1.2693899e-06,6.3469497e-06,1
78195.0,78200.0,78197.5,1.2693899e-06,6.3469497e-06,1
78665.0,78670.0,78667.5,1.2693899e-06,6.3469497e-06,1
78960.0,78965.0,78962.5,1.2693899e-06,6.3469497e-06,1
79270.0,79275.0,79272.5,1.2693899e-06,6.3469497e-06,1
79495.0,79500.0,79497.5,1.2693899e-06,6.3469497e-06,1
79515.0,79520.0,79517.5,1.2693899e-06,6.3469497e-06,1
79600.0,79605.0,79602.5,1.2693899e-06,6.3469497e-06,1
80875.0,80880.0,80877.5,1.2693899e-06,6.3469497e-06,1
81035.0,81040.0,81037.5,1.2693899e-06,6.3469497e-06,1
81615.0,81620.0,81617.5,1.2693899e-06,6.3469497e-06,1
81680.0,81685.0,81682.5,1.2693899e-06,6.3469497e-06,1
81730.0,81735.0,81732.5,1.2693899e-06,6.3469497e-06,1
81775.0,81780.0,81777.5,1.2693899e-06,6.3469497e-06,1
81820.0,81825.0,81822.5,1.2693899e-06,6.3469497e-06,1
82065.0,82070.0,82067.5,1.2693899e-06,6.3469497e-06,1
82165.0,82170.0,82167.5,1.2693899e-06,6.3469497e-06,1
82320.0,82325.0,82322.5,1.2693899e-06,6.3469497e-06,1
82615.0,82620.0,82617.5,1.2693899e-06,6.3469497e-06,1
82680.0,82685.0,82682.5,1.2693899e-06,6.3469497e-06,1
82690.0,82695.0,82692.5,1.2693899e-06,6.3469497e-06,1
82850.0,82855.0,82852.5,1.2693899e-06,6.3469497e-06,1
82870.0,82875.0,82872.5,1.2693899e-06,6.3469497e-06,1
83160.0,83165.0,83162.5,1.2693899e-06,6.3469497e-06,1
83435.0,83440.0,83437.5,1.2693899e-06,6.3469497e-06,1
83585.0,83590.0,83587.5,1.2693899e-06,6.3469497e-06,1
83895.0,83900.0,83897.5,1.2693899e-06,6.3469497e-06,1
84000.0,84005.0,84002.5,1.2693899e-06,6.3469497e-06,1
84290.0,84295.0,84292.5,1.2693899e-06,6.3469497e-06,1
84300.0,84305.0,84302.5,1.2693899e-06,6.3469497e-06,1
84420.0,84425.0,84422.5,1.2693899e-06,6.3469497e-06,1
84555.0,84560.0,84557.5,1.2693899e-06,6.3469497e-06,1
85195.0,85200.0,85197.5,1.2693899e-06,6.3469497e-06,1
86500.0,86505.0,86502.5,1.2693899e-06,6.3469497e-06,1
87355.0,87360.0,87357.5,1.2693899e-06,6.3469497e-06,1
87430.0,87435.0,87432.5,1.2693899e-06,6.3469497e-06,1
87690.0,87695.0,87692.5,1.2693899e-06,6.3469497e-06,1
88220.0,88225.0,88222.5,1.2693899e-06,6.3469497e-06,1
88950.0,88955.0,88952.5,1.2693899e-06,6.3469497e-06,1
89155.0,89160.0,89157.5,1.2693899e-06,6.3469497e-06,1
90355.0,90360.0,90357.5,1.2693899e-06,6.3469497e-06,1
90500.0,90505.0,90502.5,1.2693899e-06,6.3469497e-06,1
90600.0,90605.0,90602.5,1.2693899e-06,6.3469497e-06,1
90810.0,90815.0,90812.5,1.2693899e-06,6.3469497e-06,1
91320.0,91325.0,91322.5,1.2693899e-06,6.3469497e-06,1
92615.0,92620.0,92617.5,1.2693899e-06,6.3469497e-06,1
94245.0,94250.0,94247.5,1.2693899e-06,6.3469497e-06,1
95225.0,95230.0,95227.5,1.2693899e-06,6.3469497e-06,1
99640.0,99645.0,99642.5,1.2693899e-06,6.3469497e-06,1
101615.0,101620.0,101617.5,1.2693899e-06,6.3469497e-06,1
102405.0,102410.0,102407.5,1.2693899e-06,6.3469497e-06,1
107425.0,107430.0,107427.5,1.2693899e-06,6.3469497e-06,1
110155.0,110160.0,110157.5,1.2693899e-06,6.3469497e-06,1
118290.0,118295.0,118292.5,1.2693899e-06,6.3469497e-06,1
120710.0,120715.0,120712.5,1.2693899e-06,6.3469497e-06,1
