time_us,node_id,frame_type,size_bytes
1.00004e+06,20,CTS,14
1.0001e+06,6,QOSDATA_TID6,1066
1.00028e+06,20,ACK,14
1.00033e+06,6,CTL,20
1.00041e+06,18,RTS,20
1.00041e+06,10,RTS,20
1.00041e+06,1,RTS,20
1.00041e+06,19,RTS,20
1.00052e+06,16,RTS,20
1.00059e+06,20,CTS,14
1.00065e+06,16,QOSDATA_TID6,1066
1.00083e+06,20,ACK,14
1.00088e+06,16,CTL,20
1.00096e+06,14,RTS,20
1.00103e+06,20,CTS,14
1.00109e+06,14,QOSDATA_TID6,1066
1.00127e+06,20,ACK,14
1.00132e+06,14,QOSDATA_TID6,1066
1.0015e+06,20,ACK,14
1.00155e+06,14,CTL,20
1.00163e+06,13,RTS,20
1.0017e+06,20,CTS,14
1.00176e+06,13,QOSDATA_TID6,1066
1.00194e+06,20,ACK,14
1.00199e+06,13,CTL,20
1.00207e+06,10,RTS,20
1.00214e+06,20,CTS,14
1.0022e+06,10,QOSDATA_TID6,1066
1.00239e+06,20,ACK,14
1.00243e+06,10,CTL,20
1.00252e+06,1,RTS,20
1.00258e+06,20,CTS,14
1.00264e+06,1,QOSDATA_TID6,1066
1.00283e+06,20,ACK,14
1.00287e+06,1,CTL,20
1.00296e+06,19,RTS,20
1.00296e+06,11,RTS,20
1.00296e+06,12,RTS,20
1.00296e+06,7,RTS,20
1.00296e+06,0,RTS,20
1.00307e+06,3,RTS,20
1.00313e+06,20,CTS,14
1.00319e+06,3,QOSDATA_TID6,1066
1.00338e+06,20,ACK,14
1.00342e+06,3,CTL,20
1.00351e+06,1,RTS,20
1.00351e+06,12,RTS,20
1.00351e+06,6,RTS,20
1.00351e+06,7,RTS,20
1.00361e+06,11,RTS,20
1.00367e+06,20,CTS,14
1.00373e+06,11,QOSDATA_TID6,1066
1.00392e+06,20,ACK,14
1.00396e+06,11,CTL,20
1.00405e+06,17,RTS,20
1.00412e+06,20,CTS,14
1.00418e+06,17,QOSDATA_TID6,1066
1.00436e+06,20,ACK,14
1.0044e+06,17,CTL,20
1.00449e+06,7,RTS,20
1.00456e+06,20,CTS,14
1.00462e+06,7,QOSDATA_TID6,1066
1.0048e+06,20,ACK,14
1.00485e+06,7,CTL,20
1.00493e+06,5,RTS,20
1.00493e+06,19,RTS,20
1.005e+06,20,CTS,14
1.00506e+06,5,QOSDATA_TID6,1066
1.00524e+06,20,ACK,14
1.00529e+06,5,CTL,20
1.00537e+06,18,RTS,20
1.00544e+06,20,CTS,14
1.0055e+06,18,QOSDATA_TID6,1066
1.00569e+06,20,ACK,14
1.00573e+06,18,CTL,20
1.00582e+06,10,RTS,20
1.00582e+06,2,RTS,20
1.00582e+06,6,RTS,20
1.00582e+06,19,RTS,20
1.00582e+06,4,RTS,20
1.00596e+06,12,RTS,20
1.00603e+06,20,CTS,14
1.00609e+06,12,QOSDATA_TID6,1066
1.00627e+06,20,ACK,14
1.00632e+06,12,CTL,20
1.00641e+06,10,RTS,20
1.00648e+06,20,CTS,14
1.00654e+06,10,QOSDATA_TID6,1066
1.00672e+06,20,ACK,14
1.00677e+06,10,CTL,20
1.00685e+06,0,RTS,20
1.00685e+06,6,RTS,20
1.00685e+06,8,RTS,20
1.00685e+06,1,RTS,20
1.00685e+06,4,RTS,20
1.00695e+06,18,RTS,20
1.00702e+06,20,CTS,14
1.00708e+06,18,QOSDATA_TID6,1066
1.00726e+06,20,ACK,14
1.00731e+06,18,CTL,20
1.00739e+06,6,RTS,20
1.00739e+06,14,RTS,20
1.0075e+06,19,RTS,20
1.0075e+06,4,RTS,20
1.00757e+06,20,CTS,14
1.00763e+06,19,QOSDATA_TID6,1066
1.00781e+06,20,ACK,14
1.00786e+06,19,QOSDATA_TID6,1066
1.00804e+06,20,ACK,14
1.00808e+06,19,CTL,20
1.00818e+06,2,RTS,20
1.00818e+06,6,RTS,20
1.00828e+06,4,RTS,20
1.00834e+06,20,CTS,14
1.0084e+06,4,QOSDATA_TID6,1066
1.00859e+06,20,ACK,14
1.00863e+06,4,CTL,20
1.00873e+06,20,QOSDATA_TID0,66
1.00887e+06,1,RTS,20
1.00887e+06,0,CTS,14
1.00902e+06,0,RTS,20
1.00909e+06,20,CTS,14
1.00915e+06,0,QOSDATA_TID6,1066
1.00933e+06,20,ACK,14
1.00938e+06,0,QOSDATA_TID6,1066
1.00956e+06,20,ACK,14
1.00961e+06,0,CTL,20
1.00969e+06,16,RTS,20
1.00976e+06,20,CTS,14
1.00982e+06,16,QOSDATA_TID6,1066
1.01e+06,20,ACK,14
1.01005e+06,16,CTL,20
1.01014e+06,13,RTS,20
1.01014e+06,2,RTS,20
1.01014e+06,6,RTS,20
1.01014e+06,14,RTS,20
1.01023e+06,8,RTS,20
1.0103e+06,20,CTS,14
1.01036e+06,8,QOSDATA_TID6,1066
1.01054e+06,20,ACK,14
1.01059e+06,8,CTL,20
1.01068e+06,1,RTS,20
1.01068e+06,2,RTS,20
1.01068e+06,3,RTS,20
1.01078e+06,14,RTS,20
1.01078e+06,13,RTS,20
1.01088e+06,1,RTS,20
1.01095e+06,20,CTS,14
1.01101e+06,1,QOSDATA_TID6,1066
1.01119e+06,20,ACK,14
1.01124e+06,1,QOSDATA_TID6,1066
1.01142e+06,20,ACK,14
1.01146e+06,1,CTL,20
1.01155e+06,17,RTS,20
1.01155e+06,11,RTS,20
1.01162e+06,20,CTS,14
1.01168e+06,17,QOSDATA_TID6,1066
1.01186e+06,20,ACK,14
1.01191e+06,17,CTL,20
1.01199e+06,7,RTS,20
1.01206e+06,20,CTS,14
1.01212e+06,7,QOSDATA_TID6,1066
1.0123e+06,20,ACK,14
1.01235e+06,7,CTL,20
1.01243e+06,19,RTS,20
1.0125e+06,20,CTS,14
1.01256e+06,19,QOSDATA_TID6,1066
1.01275e+06,20,ACK,14
1.01279e+06,19,CTL,20
1.01288e+06,5,RTS,20
1.01288e+06,3,RTS,20
1.01294e+06,20,CTS,14
1.013e+06,5,QOSDATA_TID6,1066
1.01319e+06,20,ACK,14
1.01323e+06,5,CTL,20
1.01333e+06,12,RTS,20
1.01333e+06,4,RTS,20
1.01333e+06,10,RTS,20
1.0134e+06,20,CTS,14
1.01346e+06,12,QOSDATA_TID6,1066
1.01364e+06,20,ACK,14
1.01368e+06,12,CTL,20
1.01378e+06,13,RTS,20
1.01378e+06,14,RTS,20
1.01391e+06,2,RTS,20
1.01398e+06,20,CTS,14
1.01404e+06,2,QOSDATA_TID6,1066
1.01422e+06,20,ACK,14
1.01427e+06,2,QOSDATA_TID6,1066
1.01445e+06,20,ACK,14
1.0145e+06,2,CTL,20
1.01459e+06,3,RTS,20
1.01459e+06,18,RTS,20
1.01459e+06,13,RTS,20
1.01471e+06,14,RTS,20
1.01478e+06,20,CTS,14
1.01484e+06,14,QOSDATA_TID6,1066
1.01502e+06,20,ACK,14
1.01506e+06,14,CTL,20
1.01515e+06,8,RTS,20
1.01522e+06,20,CTS,14
1.01528e+06,8,QOSDATA_TID6,1066
1.01546e+06,20,ACK,14
1.0155e+06,8,CTL,20
1.01559e+06,11,RTS,20
1.01559e+06,4,RTS,20
1.01569e+06,3,RTS,20
1.01569e+06,6,RTS,20
1.01569e+06,14,RTS,20
1.0158e+06,18,RTS,20
1.0158e+06,10,RTS,20
1.0158e+06,4,RTS,20
1.0159e+06,20,RTS,20
1.0159e+06,3,RTS,20
1.01597e+06,15,CTS,14
1.01603e+06,20,QOSDATA_TID0,66
1.0161e+06,15,ACK,14
1.01616e+06,15,RTS,20
1.01622e+06,20,CTS,14
1.01628e+06,15,QOSDATA_TID6,1066
1.01647e+06,20,ACK,14
1.01651e+06,15,QOSDATA_TID6,1066
1.0167e+06,20,ACK,14
1.01674e+06,15,QOSDATA_TID6,1066
1.01692e+06,20,ACK,14
1.01697e+06,15,CTL,20
1.01706e+06,16,RTS,20
1.01712e+06,20,CTS,14
1.01718e+06,16,QOSDATA_TID6,1066
1.01737e+06,20,ACK,14
1.01741e+06,16,CTL,20
1.0175e+06,7,RTS,20
1.0175e+06,3,RTS,20
1.0175e+06,18,RTS,20
1.0175e+06,14,RTS,20
1.01761e+06,0,RTS,20
1.01768e+06,20,CTS,14
1.01774e+06,0,QOSDATA_TID6,1066
1.01793e+06,20,ACK,14
1.01797e+06,0,CTL,20
1.01806e+06,14,RTS,20
1.01812e+06,20,CTS,14
1.01818e+06,14,QOSDATA_TID6,1066
1.01837e+06,20,ACK,14
1.01841e+06,14,CTL,20
1.0185e+06,6,RTS,20
1.0185e+06,13,RTS,20
1.01866e+06,6,RTS,20
1.01872e+06,20,CTS,14
1.01878e+06,6,QOSDATA_TID6,1066
1.01897e+06,20,ACK,14
1.01901e+06,6,CTL,20
1.01911e+06,12,RTS,20
1.01911e+06,19,RTS,20
1.01911e+06,4,RTS,20
1.01918e+06,20,CTS,14
1.01924e+06,12,QOSDATA_TID6,1066
1.01942e+06,20,ACK,14
1.01946e+06,12,CTL,20
1.01955e+06,17,RTS,20
1.01955e+06,13,RTS,20
1.01955e+06,6,RTS,20
1.01962e+06,20,CTS,14
1.01968e+06,17,QOSDATA_TID6,1066
1.01986e+06,20,ACK,14
1.0199e+06,17,CTL,20
1.02e+06,3,RTS,20
1.02e+06,13,RTS,20
1.0201e+06,1,RTS,20
1.02017e+06,20,CTS,14
1.02023e+06,1,QOSDATA_TID6,1066
1.02041e+06,20,ACK,14
1.02045e+06,1,CTL,20
1.02054e+06,6,RTS,20
1.02061e+06,20,CTS,14
1.02067e+06,6,QOSDATA_TID6,1066
1.02085e+06,20,ACK,14
1.0209e+06,6,CTL,20
1.02099e+06,15,RTS,20
1.02099e+06,5,RTS,20
1.02106e+06,20,CTS,14
1.02112e+06,5,QOSDATA_TID6,1066
1.0213e+06,20,ACK,14
1.02135e+06,5,CTL,20
1.02145e+06,11,RTS,20
1.02145e+06,13,RTS,20
1.02155e+06,2,RTS,20
1.02155e+06,10,RTS,20
1.02162e+06,20,CTS,14
1.02168e+06,2,QOSDATA_TID6,1066
1.02186e+06,20,ACK,14
1.0219e+06,2,CTL,20
1.02199e+06,11,RTS,20
1.02206e+06,20,CTS,14
1.02212e+06,11,QOSDATA_TID6,1066
1.0223e+06,20,ACK,14
1.02235e+06,11,QOSDATA_TID6,1066
1.02253e+06,20,ACK,14
1.02258e+06,11,CTL,20
1.02266e+06,8,RTS,20
1.02273e+06,20,CTS,14
1.02279e+06,8,QOSDATA_TID6,1066
1.02297e+06,20,ACK,14
1.02302e+06,8,CTL,20
1.0231e+06,18,RTS,20
1.0231e+06,13,RTS,20
1.0232e+06,14,RTS,20
1.02327e+06,20,CTS,14
1.02333e+06,14,QOSDATA_TID6,1066
1.02351e+06,20,ACK,14
1.02356e+06,14,CTL,20
1.02365e+06,3,RTS,20
1.02372e+06,20,CTS,14
1.02378e+06,3,QOSDATA_TID6,1066
1.02396e+06,20,ACK,14
1.02401e+06,3,CTL,20
1.02409e+06,19,RTS,20
1.02409e+06,7,RTS,20
1.02419e+06,10,RTS,20
1.02426e+06,20,CTS,14
1.02432e+06,10,QOSDATA_TID6,1066
1.0245e+06,20,ACK,14
1.02455e+06,10,QOSDATA_TID6,1066
1.02473e+06,20,ACK,14
1.02478e+06,10,CTL,20
1.02486e+06,16,RTS,20
1.02486e+06,4,RTS,20
1.02498e+06,15,RTS,20
1.02498e+06,18,RTS,20
1.02508e+06,4,RTS,20
1.02515e+06,20,CTS,14
1.02521e+06,4,QOSDATA_TID6,1066
1.0254e+06,20,ACK,14
1.02544e+06,4,QOSDATA_TID6,1066
1.02563e+06,20,ACK,14
1.02567e+06,4,CTL,20
1.02576e+06,0,RTS,20
1.02582e+06,20,CTS,14
1.02588e+06,0,QOSDATA_TID6,1066
1.02607e+06,20,ACK,14
1.02611e+06,0,CTL,20
1.0262e+06,15,RTS,20
1.02627e+06,20,CTS,14
1.02633e+06,15,QOSDATA_TID6,1066
1.02651e+06,20,ACK,14
1.02655e+06,15,CTL,20
1.02664e+06,3,RTS,20
1.02671e+06,20,CTS,14
1.02677e+06,3,QOSDATA_TID6,1066
1.02695e+06,20,ACK,14
1.027e+06,3,CTL,20
1.02708e+06,19,RTS,20
1.02708e+06,12,RTS,20
1.02708e+06,6,RTS,20
1.02708e+06,13,RTS,20
1.02715e+06,20,CTS,14
1.02721e+06,12,QOSDATA_TID6,1066
1.02739e+06,20,ACK,14
1.02744e+06,12,CTL,20
1.02752e+06,17,RTS,20
1.02752e+06,1,RTS,20
1.02752e+06,19,RTS,20
1.02762e+06,7,RTS,20
1.02762e+06,6,RTS,20
1.02777e+06,7,RTS,20
1.02784e+06,20,CTS,14
1.0279e+06,7,QOSDATA_TID6,1066
1.02808e+06,20,ACK,14
1.02813e+06,7,QOSDATA_TID6,1066
1.02831e+06,20,ACK,14
1.02836e+06,7,CTL,20
1.02844e+06,5,RTS,20
1.02851e+06,20,CTS,14
1.02857e+06,5,QOSDATA_TID6,1066
1.02875e+06,20,ACK,14
1.0288e+06,5,CTL,20
1.02888e+06,19,RTS,20
1.02888e+06,11,RTS,20
1.02898e+06,15,RTS,20
1.02898e+06,6,RTS,20
1.02909e+06,17,RTS,20
1.02909e+06,16,RTS,20
1.02916e+06,20,CTS,14
1.02922e+06,17,QOSDATA_TID6,1066
1.0294e+06,20,ACK,14
1.02945e+06,17,CTL,20
1.02954e+06,13,RTS,20
1.02961e+06,20,CTS,14
1.02967e+06,13,QOSDATA_TID6,1066
1.02986e+06,20,ACK,14
1.0299e+06,13,QOSDATA_TID6,1066
1.03008e+06,20,ACK,14
1.03013e+06,13,CTL,20
1.03021e+06,2,RTS,20
1.03021e+06,18,RTS,20
1.03031e+06,4,RTS,20
1.03038e+06,20,CTS,14
1.03044e+06,4,QOSDATA_TID6,1066
1.03062e+06,20,ACK,14
1.03067e+06,4,CTL,20
1.03076e+06,11,RTS,20
1.03076e+06,1,RTS,20
1.03076e+06,8,RTS,20
1.03076e+06,19,RTS,20
1.03076e+06,15,RTS,20
1.03076e+06,6,RTS,20
1.03076e+06,10,RTS,20
1.03089e+06,19,RTS,20
1.0309e+06,9,RTS,20
1.03096e+06,20,CTS,14
1.03102e+06,19,QOSDATA_TID6,1066
1.0312e+06,20,ACK,14
1.03125e+06,19,QOSDATA_TID6,1066
1.03143e+06,20,ACK,14
1.03148e+06,19,CTL,20
1.03158e+06,16,RTS,20
1.03158e+06,18,RTS,20
1.03158e+06,14,RTS,20
1.03173e+06,6,RTS,20
1.0318e+06,20,CTS,14
1.03186e+06,6,QOSDATA_TID6,1066
1.03204e+06,20,ACK,14
1.03209e+06,6,CTL,20
1.03218e+06,18,RTS,20
1.03224e+06,20,CTS,14
1.0323e+06,18,QOSDATA_TID6,1066
1.03249e+06,20,ACK,14
1.03253e+06,18,QOSDATA_TID6,1066
1.03272e+06,20,ACK,14
1.03276e+06,18,CTL,20
1.03285e+06,14,RTS,20
1.03285e+06,16,RTS,20
1.03298e+06,10,RTS,20
1.03305e+06,20,CTS,14
1.03311e+06,10,QOSDATA_TID6,1066
1.03329e+06,20,ACK,14
1.03334e+06,10,CTL,20
1.03342e+06,0,RTS,20
1.03349e+06,20,CTS,14
1.03355e+06,0,QOSDATA_TID6,1066
1.03373e+06,20,ACK,14
1.03378e+06,0,CTL,20
1.03386e+06,13,RTS,20
1.03386e+06,16,RTS,20
1.03396e+06,7,RTS,20
1.03403e+06,20,CTS,14
1.03409e+06,7,QOSDATA_TID6,1066
1.03427e+06,20,ACK,14
1.03432e+06,7,CTL,20
1.0344e+06,12,RTS,20
1.0344e+06,2,RTS,20
1.03447e+06,20,CTS,14
1.03453e+06,12,QOSDATA_TID6,1066
1.03472e+06,20,ACK,14
1.03476e+06,12,CTL,20
1.03485e+06,3,RTS,20
1.03491e+06,20,CTS,14
1.03497e+06,3,QOSDATA_TID6,1066
1.03516e+06,20,ACK,14
1.0352e+06,3,CTL,20
1.03529e+06,1,RTS,20
1.03529e+06,6,RTS,20
1.03529e+06,11,RTS,20
1.03529e+06,14,RTS,20
1.03539e+06,2,RTS,20
1.03545e+06,20,CTS,14
1.03551e+06,2,QOSDATA_TID6,1066
1.0357e+06,20,ACK,14
1.03574e+06,2,CTL,20
1.03583e+06,1,RTS,20
1.0359e+06,20,CTS,14
1.03596e+06,1,QOSDATA_TID6,1066
1.03614e+06,20,ACK,14
1.03618e+06,1,QOSDATA_TID6,1066
1.03637e+06,20,ACK,14
1.03641e+06,1,CTL,20
1.0365e+06,17,RTS,20
1.0365e+06,15,RTS,20
1.03657e+06,20,CTS,14
1.03663e+06,17,QOSDATA_TID6,1066
1.03681e+06,20,ACK,14
1.03685e+06,17,CTL,20
1.03694e+06,10,RTS,20
1.03701e+06,20,CTS,14
1.03707e+06,10,QOSDATA_TID6,1066
1.03725e+06,20,ACK,14
1.0373e+06,10,CTL,20
1.03738e+06,2,RTS,20
1.03738e+06,8,RTS,20
1.03738e+06,15,RTS,20
1.03738e+06,13,RTS,20
1.03749e+06,4,RTS,20
1.03756e+06,20,CTS,14
1.03762e+06,4,QOSDATA_TID6,1066
1.0378e+06,20,ACK,14
1.03784e+06,4,CTL,20
1.03793e+06,6,RTS,20
1.038e+06,20,CTS,14
1.03806e+06,6,QOSDATA_TID6,1066
1.03824e+06,20,ACK,14
1.03829e+06,6,CTL,20
1.03837e+06,14,RTS,20
1.03837e+06,5,RTS,20
1.03837e+06,8,RTS,20
1.03837e+06,19,RTS,20
1.03837e+06,11,RTS,20
1.03848e+06,2,RTS,20
1.03855e+06,20,CTS,14
1.03861e+06,2,QOSDATA_TID6,1066
1.03879e+06,20,ACK,14
1.03884e+06,2,CTL,20
1.03892e+06,18,RTS,20
1.03892e+06,14,RTS,20
1.03902e+06,8,RTS,20
1.03902e+06,16,RTS,20
1.03909e+06,20,CTS,14
1.03915e+06,8,QOSDATA_TID6,1066
1.03933e+06,20,ACK,14
1.03938e+06,8,QOSDATA_TID6,1066
1.03956e+06,20,ACK,14
1.0396e+06,8,CTL,20
1.0397e+06,5,RTS,20
1.03977e+06,20,CTS,14
1.03983e+06,5,QOSDATA_TID6,1066
1.04001e+06,20,ACK,14
1.04006e+06,5,CTL,20
1.04013e+06,20,BEACON,152
1.04039e+06,14,RTS,20
1.04046e+06,20,CTS,14
1.04052e+06,14,QOSDATA_TID6,1066
1.04071e+06,20,ACK,14
1.04075e+06,14,QOSDATA_TID6,1066
1.04093e+06,20,ACK,14
1.04098e+06,14,CTL,20
1.04106e+06,13,RTS,20
1.04113e+06,20,CTS,14
1.04119e+06,13,QOSDATA_TID6,1066
1.04138e+06,20,ACK,14
1.04142e+06,13,CTL,20
1.04151e+06,15,RTS,20
1.04151e+06,16,RTS,20
1.04161e+06,7,RTS,20
1.04168e+06,20,CTS,14
1.04174e+06,7,QOSDATA_TID6,1066
1.04193e+06,20,ACK,14
1.04197e+06,7,CTL,20
1.04206e+06,16,RTS,20
1.04212e+06,20,CTS,14
1.04218e+06,16,QOSDATA_TID6,1066
1.04237e+06,20,ACK,14
1.04241e+06,16,QOSDATA_TID6,1066
1.0426e+06,20,ACK,14
1.04264e+06,16,CTL,20
1.04273e+06,12,RTS,20
1.04273e+06,19,RTS,20
1.04273e+06,3,RTS,20
1.04279e+06,20,CTS,14
1.04285e+06,12,QOSDATA_TID6,1066
1.04304e+06,20,ACK,14
1.04308e+06,12,CTL,20
1.04317e+06,11,RTS,20
1.04324e+06,20,CTS,14
1.0433e+06,11,QOSDATA_TID6,1066
1.04348e+06,20,ACK,14
1.04352e+06,11,QOSDATA_TID6,1066
1.04371e+06,20,ACK,14
1.04375e+06,11,QOSDATA_TID6,1066
1.04394e+06,20,ACK,14
1.04398e+06,11,CTL,20
1.04407e+06,1,RTS,20
1.04407e+06,0,RTS,20
1.04407e+06,18,RTS,20
1.04407e+06,6,RTS,20
1.04416e+06,13,RTS,20
1.04423e+06,20,CTS,14
1.04429e+06,13,QOSDATA_TID6,1066
1.04448e+06,20,ACK,14
1.04452e+06,13,CTL,20
1.04461e+06,15,RTS,20
1.04461e+06,3,RTS,20
1.04471e+06,17,RTS,20
1.04478e+06,20,CTS,14
1.04484e+06,17,QOSDATA_TID6,1066
1.04502e+06,20,ACK,14
1.04507e+06,17,CTL,20
1.04516e+06,2,RTS,20
1.04516e+06,4,RTS,20
1.04516e+06,10,RTS,20
1.04525e+06,0,RTS,20
1.04532e+06,20,CTS,14
1.04538e+06,0,QOSDATA_TID6,1066
1.04556e+06,20,ACK,14
1.04561e+06,0,CTL,20
1.0457e+06,5,RTS,20
1.0457e+06,3,RTS,20
1.0457e+06,19,RTS,20
1.04577e+06,20,CTS,14
1.04583e+06,5,QOSDATA_TID6,1066
1.04602e+06,20,ACK,14
1.04606e+06,5,CTL,20
1.04615e+06,6,RTS,20
1.04621e+06,20,CTS,14
1.04627e+06,6,QOSDATA_TID6,1066
1.04646e+06,20,ACK,14
1.0465e+06,6,CTL,20
1.04659e+06,10,RTS,20
1.04666e+06,20,CTS,14
1.04672e+06,10,QOSDATA_TID6,1066
1.0469e+06,20,ACK,14
1.04694e+06,10,CTL,20
1.04703e+06,18,RTS,20
1.0471e+06,20,CTS,14
1.04716e+06,18,QOSDATA_TID6,1066
1.04734e+06,20,ACK,14
1.04739e+06,18,QOSDATA_TID6,1066
1.04757e+06,20,ACK,14
1.04761e+06,18,CTL,20
1.0477e+06,14,RTS,20
1.0477e+06,1,RTS,20
1.0477e+06,15,RTS,20
1.04782e+06,2,RTS,20
1.04789e+06,20,CTS,14
1.04795e+06,2,QOSDATA_TID6,1066
1.04814e+06,20,ACK,14
1.04818e+06,2,CTL,20
1.04827e+06,14,RTS,20
1.04834e+06,20,CTS,14
1.0484e+06,14,QOSDATA_TID6,1066
1.04858e+06,20,ACK,14
1.04862e+06,14,CTL,20
1.04871e+06,19,RTS,20
1.04878e+06,20,CTS,14
1.04884e+06,19,QOSDATA_TID6,1066
1.04902e+06,20,ACK,14
1.04906e+06,19,QOSDATA_TID6,1066
1.04925e+06,20,ACK,14
1.04929e+06,19,CTL,20
1.04938e+06,1,RTS,20
1.04938e+06,8,RTS,20
1.04948e+06,16,RTS,20
1.04948e+06,7,RTS,20
1.04948e+06,4,RTS,20
1.04955e+06,20,CTS,14
1.04961e+06,7,QOSDATA_TID6,1066
1.04979e+06,20,ACK,14
1.04983e+06,7,CTL,20
1.04992e+06,13,RTS,20
1.04999e+06,20,CTS,14
1.05005e+06,13,QOSDATA_TID6,1066
1.05023e+06,20,ACK,14
1.05028e+06,13,CTL,20
1.05036e+06,4,RTS,20
1.05036e+06,0,RTS,20
1.05036e+06,3,RTS,20
1.05047e+06,12,RTS,20
1.05054e+06,20,CTS,14
1.0506e+06,12,QOSDATA_TID6,1066
1.05078e+06,20,ACK,14
1.05082e+06,12,CTL,20
1.05091e+06,11,RTS,20
1.05098e+06,20,CTS,14
1.05104e+06,11,QOSDATA_TID6,1066
1.05122e+06,20,ACK,14
1.05127e+06,11,CTL,20
1.05135e+06,16,RTS,20
1.05135e+06,8,RTS,20
1.05135e+06,17,RTS,20
1.05146e+06,1,RTS,20
1.05146e+06,15,RTS,20
1.05146e+06,6,RTS,20
1.05159e+06,1,RTS,20
1.05159e+06,15,RTS,20
1.05159e+06,3,RTS,20
1.05172e+06,0,RTS,20
1.05179e+06,20,CTS,14
1.05185e+06,0,QOSDATA_TID6,1066
1.05203e+06,20,ACK,14
1.05208e+06,0,CTL,20
1.05218e+06,15,RTS,20
1.05225e+06,20,CTS,14
1.05231e+06,15,QOSDATA_TID6,1066
1.05249e+06,20,ACK,14
1.05254e+06,15,QOSDATA_TID6,1066
1.05272e+06,20,ACK,14
1.05276e+06,15,QOSDATA_TID6,1066
1.05295e+06,20,ACK,14
1.05299e+06,15,CTL,20
1.05308e+06,17,RTS,20
1.05308e+06,8,RTS,20
1.05308e+06,1,RTS,20
1.05308e+06,2,RTS,20
1.05308e+06,19,RTS,20
1.05318e+06,5,RTS,20
1.05318e+06,3,RTS,20
1.05324e+06,20,CTS,14
1.0533e+06,5,QOSDATA_TID6,1066
1.05349e+06,20,ACK,14
1.05353e+06,5,CTL,20
1.05362e+06,6,RTS,20
1.05368e+06,20,CTS,14
1.05374e+06,6,QOSDATA_TID6,1066
1.05393e+06,20,ACK,14
1.05397e+06,6,CTL,20
1.05406e+06,10,RTS,20
1.05413e+06,20,CTS,14
1.05419e+06,10,QOSDATA_TID6,1066
1.05437e+06,20,ACK,14
1.05442e+06,10,CTL,20
1.0545e+06,18,RTS,20
1.0545e+06,3,RTS,20
1.0545e+06,1,RTS,20
1.0545e+06,4,RTS,20
1.05464e+06,2,RTS,20
1.0547e+06,20,CTS,14
1.05476e+06,2,QOSDATA_TID6,1066
1.05495e+06,20,ACK,14
1.05499e+06,2,CTL,20
1.0551e+06,16,RTS,20
1.05516e+06,20,CTS,14
1.05522e+06,16,QOSDATA_TID6,1066
1.05541e+06,20,ACK,14
1.05545e+06,16,CTL,20
1.05554e+06,4,RTS,20
1.05554e+06,19,RTS,20
1.05554e+06,14,RTS,20
1.05564e+06,18,RTS,20
1.0557e+06,20,CTS,14
1.05576e+06,18,QOSDATA_TID6,1066
1.05595e+06,20,ACK,14
1.05599e+06,18,CTL,20
1.05609e+06,8,RTS,20
1.05609e+06,17,RTS,20
1.05619e+06,1,RTS,20
1.05619e+06,3,RTS,20
1.05626e+06,20,CTS,14
1.05632e+06,1,QOSDATA_TID6,1066
1.0565e+06,20,ACK,14
1.05655e+06,1,CTL,20
1.05664e+06,8,RTS,20
1.0567e+06,20,CTS,14
1.05676e+06,8,QOSDATA_TID6,1066
1.05695e+06,20,ACK,14
1.05699e+06,8,QOSDATA_TID6,1066
1.05718e+06,20,ACK,14
1.05722e+06,8,CTL,20
1.0573e+06,3,RTS,20
1.05737e+06,20,CTS,14
1.05743e+06,3,QOSDATA_TID6,1066
1.05762e+06,20,ACK,14
1.05766e+06,3,CTL,20
1.05775e+06,13,RTS,20
1.05782e+06,20,CTS,14
1.05788e+06,13,QOSDATA_TID6,1066
1.05806e+06,20,ACK,14
1.0581e+06,13,CTL,20
1.05819e+06,14,RTS,20
1.05819e+06,16,RTS,20
1.05819e+06,19,RTS,20
1.0583e+06,7,RTS,20
1.05836e+06,20,CTS,14
1.05842e+06,7,QOSDATA_TID6,1066
1.05861e+06,20,ACK,14
1.05865e+06,7,CTL,20
1.05875e+06,17,RTS,20
1.05875e+06,0,RTS,20
1.05882e+06,20,CTS,14
1.05888e+06,17,QOSDATA_TID6,1066
1.05906e+06,20,ACK,14
1.0591e+06,17,CTL,20
1.05919e+06,1,RTS,20
1.05919e+06,3,RTS,20
1.05926e+06,20,CTS,14
1.05932e+06,1,QOSDATA_TID6,1066
1.0595e+06,20,ACK,14
1.05955e+06,1,CTL,20
1.05964e+06,14,RTS,20
1.05971e+06,20,CTS,14
1.05977e+06,14,QOSDATA_TID6,1066
1.05995e+06,20,ACK,14
1.06e+06,14,CTL,20
1.06008e+06,17,RTS,20
1.06008e+06,11,RTS,20
1.06015e+06,20,CTS,14
1.06021e+06,17,QOSDATA_TID6,1066
1.0604e+06,20,ACK,14
1.06044e+06,17,CTL,20
1.06053e+06,12,RTS,20
1.06053e+06,6,RTS,20
1.0606e+06,20,CTS,14
1.06066e+06,12,QOSDATA_TID6,1066
1.06085e+06,20,ACK,14
1.06089e+06,12,CTL,20
1.06098e+06,15,RTS,20
1.06104e+06,20,CTS,14
1.0611e+06,15,QOSDATA_TID6,1066
1.06129e+06,20,ACK,14
1.06133e+06,15,CTL,20
1.06142e+06,2,RTS,20
1.06142e+06,3,RTS,20
1.06149e+06,20,CTS,14
1.06155e+06,2,QOSDATA_TID6,1066
1.06173e+06,20,ACK,14
1.06177e+06,2,CTL,20
1.06186e+06,3,RTS,20
1.06186e+06,4,RTS,20
1.06197e+06,5,RTS,20
1.06204e+06,20,CTS,14
1.0621e+06,5,QOSDATA_TID6,1066
1.06228e+06,20,ACK,14
1.06232e+06,5,CTL,20
1.06241e+06,19,RTS,20
1.06241e+06,18,RTS,20
1.06255e+06,18,RTS,20
1.06255e+06,3,RTS,20
1.06265e+06,8,RTS,20
1.06272e+06,20,CTS,14
1.06278e+06,8,QOSDATA_TID6,1066
1.06296e+06,20,ACK,14
1.06301e+06,8,CTL,20
1.06309e+06,18,RTS,20
1.06316e+06,20,CTS,14
1.06322e+06,18,QOSDATA_TID6,1066
1.0634e+06,20,ACK,14
1.06345e+06,18,CTL,20
1.06353e+06,10,RTS,20
1.06353e+06,0,RTS,20
1.06353e+06,14,RTS,20
1.06353e+06,11,RTS,20
1.06353e+06,16,RTS,20
1.06364e+06,3,RTS,20
1.06371e+06,20,CTS,14
1.06377e+06,3,QOSDATA_TID6,1066
1.06395e+06,20,ACK,14
1.064e+06,3,CTL,20
1.06408e+06,10,RTS,20
1.06408e+06,14,RTS,20
1.06419e+06,4,RTS,20
1.06426e+06,20,CTS,14
1.06432e+06,4,QOSDATA_TID6,1066
1.0645e+06,20,ACK,14
1.06455e+06,4,QOSDATA_TID6,1066
1.06473e+06,20,ACK,14
1.06477e+06,4,QOSDATA_TID6,1066
1.06496e+06,20,ACK,14
1.065e+06,4,CTL,20
1.06509e+06,14,RTS,20
1.06516e+06,20,CTS,14
1.06522e+06,14,QOSDATA_TID6,1066
1.0654e+06,20,ACK,14
1.06544e+06,14,CTL,20
1.06553e+06,10,RTS,20
1.06553e+06,19,RTS,20
1.0656e+06,20,CTS,14
1.06566e+06,19,QOSDATA_TID6,1066
1.06584e+06,20,ACK,14
1.06589e+06,19,QOSDATA_TID6,1066
1.06607e+06,20,ACK,14
1.06612e+06,19,CTL,20
1.06622e+06,0,CTS,14
1.06622e+06,10,RTS,20
1.06622e+06,13,RTS,20
1.06632e+06,0,RTS,20
1.06639e+06,20,CTS,14
1.06645e+06,0,QOSDATA_TID6,1066
1.06664e+06,20,ACK,14
1.06668e+06,0,QOSDATA_TID6,1066
1.06686e+06,20,ACK,14
1.06691e+06,0,CTL,20
1.06699e+06,7,RTS,20
1.06699e+06,11,RTS,20
1.06706e+06,20,CTS,14
1.06712e+06,7,QOSDATA_TID6,1066
1.0673e+06,20,ACK,14
1.06735e+06,7,CTL,20
1.06744e+06,1,RTS,20
1.0675e+06,20,CTS,14
1.06756e+06,1,QOSDATA_TID6,1066
1.06775e+06,20,ACK,14
1.06779e+06,1,CTL,20
1.06788e+06,16,RTS,20
1.06788e+06,10,RTS,20
1.06802e+06,10,RTS,20
1.06808e+06,20,CTS,14
1.06814e+06,10,QOSDATA_TID6,1066
1.06833e+06,20,ACK,14
1.06837e+06,10,CTL,20
1.06847e+06,5,RTS,20
1.06847e+06,13,RTS,20
1.06854e+06,20,CTS,14
1.0686e+06,5,QOSDATA_TID6,1066
1.06878e+06,20,ACK,14
1.06882e+06,5,CTL,20
1.06892e+06,6,RTS,20
1.06892e+06,4,RTS,20
1.06899e+06,20,CTS,14
1.06905e+06,6,QOSDATA_TID6,1066
1.06923e+06,20,ACK,14
1.06928e+06,6,QOSDATA_TID6,1066
1.06946e+06,20,ACK,14
1.0695e+06,6,CTL,20
1.06959e+06,3,RTS,20
1.06966e+06,20,CTS,14
1.06972e+06,3,QOSDATA_TID6,1066
1.0699e+06,20,ACK,14
1.06994e+06,3,CTL,20
1.07003e+06,13,RTS,20
1.0701e+06,20,CTS,14
1.07016e+06,13,QOSDATA_TID6,1066
1.07034e+06,20,ACK,14
1.07039e+06,13,CTL,20
1.07047e+06,12,RTS,20
1.07047e+06,11,RTS,20
1.07047e+06,17,RTS,20
1.07047e+06,19,RTS,20
1.07047e+06,2,RTS,20
1.07057e+06,15,RTS,20
1.07064e+06,20,CTS,14
1.0707e+06,15,QOSDATA_TID6,1066
1.07088e+06,20,ACK,14
1.07093e+06,15,CTL,20
1.07101e+06,19,RTS,20
1.07108e+06,20,CTS,14
1.07114e+06,19,QOSDATA_TID6,1066
1.07132e+06,20,ACK,14
1.07137e+06,19,CTL,20
1.07146e+06,18,RTS,20
1.07146e+06,10,RTS,20
1.07155e+06,8,RTS,20
1.07155e+06,12,RTS,20
1.07155e+06,14,RTS,20
1.07165e+06,18,RTS,20
1.07165e+06,17,RTS,20
1.07165e+06,16,RTS,20
1.07172e+06,20,CTS,14
1.07178e+06,17,QOSDATA_TID6,1066
1.07196e+06,20,ACK,14
1.07201e+06,17,CTL,20
1.07211e+06,8,RTS,20
1.07211e+06,11,RTS,20
1.07211e+06,4,RTS,20
1.07211e+06,18,RTS,20
1.07211e+06,14,RTS,20
1.07221e+06,12,RTS,20
1.07228e+06,20,CTS,14
1.07234e+06,12,QOSDATA_TID6,1066
1.07252e+06,20,ACK,14
1.07256e+06,12,CTL,20
1.07265e+06,18,RTS,20
1.07272e+06,20,CTS,14
1.07278e+06,18,QOSDATA_TID6,1066
1.07296e+06,20,ACK,14
1.07301e+06,18,CTL,20
1.07309e+06,0,RTS,20
1.07309e+06,8,RTS,20
1.07309e+06,11,RTS,20
1.07321e+06,2,RTS,20
1.07328e+06,20,CTS,14
1.07334e+06,2,QOSDATA_TID6,1066
1.07352e+06,20,ACK,14
1.07357e+06,2,CTL,20
1.07365e+06,0,RTS,20
1.07365e+06,13,RTS,20
1.07372e+06,20,CTS,14
1.07378e+06,0,QOSDATA_TID6,1066
1.07396e+06,20,ACK,14
1.07401e+06,0,CTL,20
1.0741e+06,7,RTS,20
1.0741e+06,16,RTS,20
1.07417e+06,20,CTS,14
1.07423e+06,7,QOSDATA_TID6,1066
1.07442e+06,20,ACK,14
1.07446e+06,7,CTL,20
1.07456e+06,12,RTS,20
1.07456e+06,4,RTS,20
1.07456e+06,14,RTS,20
1.07463e+06,20,CTS,14
1.07469e+06,12,QOSDATA_TID6,1066
1.07488e+06,20,ACK,14
1.07492e+06,12,CTL,20
1.075e+06,19,RTS,20
1.075e+06,3,RTS,20
1.075e+06,10,RTS,20
1.0751e+06,6,RTS,20
1.0751e+06,13,RTS,20
1.07521e+06,1,RTS,20
1.07528e+06,20,CTS,14
1.07534e+06,1,QOSDATA_TID6,1066
1.07553e+06,20,ACK,14
1.07557e+06,1,CTL,20
1.07566e+06,17,RTS,20
1.07572e+06,20,CTS,14
1.07578e+06,17,QOSDATA_TID6,1066
1.07597e+06,20,ACK,14
1.07601e+06,17,CTL,20
1.0761e+06,6,RTS,20
1.07617e+06,20,CTS,14
1.07623e+06,6,QOSDATA_TID6,1066
1.07641e+06,20,ACK,14
1.07645e+06,6,CTL,20
1.07654e+06,13,RTS,20
1.07661e+06,20,CTS,14
1.07667e+06,13,QOSDATA_TID6,1066
1.07685e+06,20,ACK,14
1.0769e+06,13,CTL,20
1.07698e+06,15,RTS,20
1.07698e+06,14,RTS,20
1.07698e+06,11,RTS,20
1.07698e+06,19,RTS,20
1.07698e+06,10,RTS,20
1.07711e+06,2,RTS,20
1.07718e+06,20,CTS,14
1.07724e+06,2,QOSDATA_TID6,1066
1.07742e+06,20,ACK,14
1.07746e+06,2,CTL,20
1.07755e+06,3,RTS,20
1.07762e+06,20,CTS,14
1.07768e+06,3,QOSDATA_TID6,1066
1.07786e+06,20,ACK,14
1.0779e+06,3,CTL,20
1.07799e+06,5,RTS,20
1.07799e+06,8,RTS,20
1.07806e+06,20,CTS,14
1.07812e+06,5,QOSDATA_TID6,1066
1.0783e+06,20,ACK,14
1.07835e+06,5,CTL,20
1.07843e+06,18,RTS,20
1.0785e+06,20,CTS,14
1.07856e+06,18,QOSDATA_TID6,1066
1.07874e+06,20,ACK,14
1.07879e+06,18,CTL,20
1.07888e+06,15,RTS,20
1.07888e+06,16,RTS,20
1.07899e+06,9,RTS,20
1.07906e+06,20,CTS,14
1.07912e+06,9,QOSDATA_TID0,66
1.07918e+06,20,ACK,14
1.07924e+06,10,RTS,20
1.07931e+06,20,CTS,14
1.07937e+06,10,QOSDATA_TID6,1066
1.07956e+06,20,ACK,14
1.0796e+06,10,QOSDATA_TID6,1066
1.07978e+06,20,ACK,14
1.07983e+06,10,CTL,20
1.07992e+06,20,QOSDATA_TID0,66
1.07992e+06,16,RTS,20
1.07992e+06,4,RTS,20
1.08008e+06,8,RTS,20
1.08008e+06,4,RTS,20
1.08015e+06,20,CTS,14
1.08021e+06,8,QOSDATA_TID6,1066
1.08039e+06,20,ACK,14
1.08044e+06,8,QOSDATA_TID6,1066
1.08062e+06,20,ACK,14
1.08066e+06,8,CTL,20
1.08076e+06,15,RTS,20
1.08076e+06,14,RTS,20
1.08086e+06,16,RTS,20
1.08092e+06,20,CTS,14
1.08098e+06,16,QOSDATA_TID6,1066
1.08117e+06,20,ACK,14
1.08121e+06,16,QOSDATA_TID6,1066
1.0814e+06,20,ACK,14
1.08144e+06,16,QOSDATA_TID6,1066
1.08162e+06,20,ACK,14
1.08167e+06,16,CTL,20
1.08176e+06,11,RTS,20
1.08176e+06,7,RTS,20
1.08182e+06,20,CTS,14
1.08188e+06,7,QOSDATA_TID6,1066
1.08207e+06,20,ACK,14
1.08211e+06,7,CTL,20
1.0822e+06,11,RTS,20
1.08226e+06,20,CTS,14
1.08232e+06,11,QOSDATA_TID6,1066
1.08251e+06,20,ACK,14
1.08255e+06,11,QOSDATA_TID6,1066
1.08274e+06,20,ACK,14
1.08278e+06,11,QOSDATA_TID6,1066
1.08296e+06,20,ACK,14
1.08301e+06,11,CTL,20
1.0831e+06,13,RTS,20
1.0831e+06,0,RTS,20
1.0831e+06,6,RTS,20
1.08319e+06,12,RTS,20
1.08319e+06,1,RTS,20
1.08326e+06,20,CTS,14
1.08332e+06,12,QOSDATA_TID6,1066
1.0835e+06,20,ACK,14
1.08355e+06,12,CTL,20
1.08364e+06,4,RTS,20
1.08364e+06,3,RTS,20
1.08373e+06,1,RTS,20
1.08373e+06,15,RTS,20
1.08384e+06,20,RTS,20
1.08401e+06,20,RTS,20
1.08408e+06,9,CTS,14
1.08414e+06,20,QOSDATA_TID0,66
1.0842e+06,9,ACK,14
1.0843e+06,1,RTS,20
1.08436e+06,20,CTS,14
1.08442e+06,1,QOSDATA_TID6,1066
1.08461e+06,20,ACK,14
1.08465e+06,1,CTL,20
1.08474e+06,15,RTS,20
1.08474e+06,10,RTS,20
1.08481e+06,20,CTS,14
1.08487e+06,15,QOSDATA_TID6,1066
1.08505e+06,20,ACK,14
1.0851e+06,15,QOSDATA_TID6,1066
1.08528e+06,20,ACK,14
1.08532e+06,15,CTL,20
1.08541e+06,0,RTS,20
1.08541e+06,17,RTS,20
1.08541e+06,19,RTS,20
1.08551e+06,4,RTS,20
1.08558e+06,20,CTS,14
1.08564e+06,4,QOSDATA_TID6,1066
1.08582e+06,20,ACK,14
1.08586e+06,4,QOSDATA_TID6,1066
1.08605e+06,20,ACK,14
1.08609e+06,4,QOSDATA_TID6,1066
1.08628e+06,20,ACK,14
1.08632e+06,4,CTL,20
1.0864e+06,18,RTS,20
1.08647e+06,20,CTS,14
1.08653e+06,18,QOSDATA_TID6,1066
1.08672e+06,20,ACK,14
1.08676e+06,18,CTL,20
1.08685e+06,8,RTS,20
1.08685e+06,14,RTS,20
1.08692e+06,20,CTS,14
1.08698e+06,8,QOSDATA_TID6,1066
1.08716e+06,20,ACK,14
1.0872e+06,8,CTL,20
1.0873e+06,2,RTS,20
1.0873e+06,9,RTS,20
1.0873e+06,14,RTS,20
1.0874e+06,10,RTS,20
1.08747e+06,20,CTS,14
1.08753e+06,10,QOSDATA_TID6,1066
1.08772e+06,20,ACK,14
1.08776e+06,10,CTL,20
1.08785e+06,0,CTS,14
1.08792e+06,0,RTS,20
1.08799e+06,20,CTS,14
1.08805e+06,0,QOSDATA_TID6,1066
1.08824e+06,20,ACK,14
1.08828e+06,0,CTL,20
1.08838e+06,2,RTS,20
1.08838e+06,5,RTS,20
1.08838e+06,17,RTS,20
1.08838e+06,19,RTS,20
1.08848e+06,16,RTS,20
1.08854e+06,20,CTS,14
1.0886e+06,16,QOSDATA_TID6,1066
1.08879e+06,20,ACK,14
1.08883e+06,16,CTL,20
1.08892e+06,6,RTS,20
1.08898e+06,20,CTS,14
1.08904e+06,6,QOSDATA_TID6,1066
1.08923e+06,20,ACK,14
1.08927e+06,6,CTL,20
1.08936e+06,17,RTS,20
1.08943e+06,20,CTS,14
1.08949e+06,17,QOSDATA_TID6,1066
1.08967e+06,20,ACK,14
1.08972e+06,17,CTL,20
1.08981e+06,3,RTS,20
1.08981e+06,0,RTS,20
1.08981e+06,13,RTS,20
1.08991e+06,5,RTS,20
1.08998e+06,20,CTS,14
1.09004e+06,5,QOSDATA_TID6,1066
1.09022e+06,20,ACK,14
1.09026e+06,5,CTL,20
1.09037e+06,2,RTS,20
1.09037e+06,3,RTS,20
1.09037e+06,9,RTS,20
1.09047e+06,12,RTS,20
1.09047e+06,7,RTS,20
1.09047e+06,14,RTS,20
1.09047e+06,13,RTS,20
1.09056e+06,19,RTS,20
1.09063e+06,20,CTS,14
1.09069e+06,19,QOSDATA_TID6,1066
1.09088e+06,20,ACK,14
1.09092e+06,19,QOSDATA_TID6,1066
1.0911e+06,20,ACK,14
1.09115e+06,19,QOSDATA_TID6,1066
1.09133e+06,20,ACK,14
1.09138e+06,19,CTL,20
1.09146e+06,11,RTS,20
1.09146e+06,6,RTS,20
1.09146e+06,14,RTS,20
1.09159e+06,3,RTS,20
1.09166e+06,20,CTS,14
1.09172e+06,3,QOSDATA_TID6,1066
1.0919e+06,20,ACK,14
1.09194e+06,3,QOSDATA_TID6,1066
1.09213e+06,20,ACK,14
1.09217e+06,3,CTL,20
1.09226e+06,2,RTS,20
1.09226e+06,11,RTS,20
1.09226e+06,13,RTS,20
1.09238e+06,7,RTS,20
1.09238e+06,17,RTS,20
1.09238e+06,5,RTS,20
1.09238e+06,6,RTS,20
1.09249e+06,2,RTS,20
1.09249e+06,12,RTS,20
1.09249e+06,9,RTS,20
1.09256e+06,20,CTS,14
1.09262e+06,12,QOSDATA_TID6,1066
1.0928e+06,20,ACK,14
1.09284e+06,12,CTL,20
1.09293e+06,9,RTS,20
1.093e+06,20,CTS,14
1.09306e+06,9,QOSDATA_TID6,1066
1.09324e+06,20,ACK,14
1.09329e+06,9,QOSDATA_TID6,1066
1.09347e+06,20,ACK,14
1.09352e+06,9,QOSDATA_TID6,1066
1.0937e+06,20,ACK,14
1.09374e+06,9,QOSDATA_TID6,1066
1.09393e+06,20,ACK,14
1.09397e+06,9,CTL,20
1.09406e+06,1,RTS,20
1.09406e+06,0,RTS,20
1.09406e+06,6,RTS,20
1.09406e+06,4,RTS,20
1.09416e+06,10,RTS,20
1.09423e+06,20,CTS,14
1.09429e+06,10,QOSDATA_TID6,1066
1.09448e+06,20,ACK,14
1.09452e+06,10,CTL,20
1.09461e+06,18,RTS,20
1.09461e+06,15,RTS,20
1.09471e+06,1,RTS,20
1.09478e+06,20,CTS,14
1.09484e+06,1,QOSDATA_TID6,1066
1.09502e+06,20,ACK,14
1.09507e+06,1,CTL,20
1.09516e+06,8,RTS,20
1.09516e+06,17,RTS,20
1.09516e+06,6,RTS,20
1.09525e+06,2,RTS,20
1.09525e+06,7,RTS,20
1.09535e+06,5,RTS,20
1.09535e+06,8,RTS,20
1.09542e+06,20,CTS,14
1.09548e+06,5,QOSDATA_TID6,1066
1.09566e+06,20,ACK,14
1.09571e+06,5,CTL,20
1.09579e+06,14,RTS,20
1.09586e+06,20,CTS,14
1.09592e+06,14,QOSDATA_TID6,1066
1.09611e+06,20,ACK,14
1.09615e+06,14,QOSDATA_TID6,1066
1.09633e+06,20,ACK,14
1.09638e+06,14,QOSDATA_TID6,1066
1.09656e+06,20,ACK,14
1.09661e+06,14,CTL,20
1.09669e+06,17,RTS,20
1.09669e+06,11,RTS,20
1.09676e+06,20,CTS,14
1.09682e+06,17,QOSDATA_TID6,1066
1.097e+06,20,ACK,14
1.09705e+06,17,CTL,20
1.09714e+06,11,RTS,20
1.09714e+06,2,RTS,20
1.09714e+06,13,RTS,20
1.09728e+06,7,RTS,20
1.09728e+06,8,RTS,20
1.09728e+06,6,RTS,20
1.09738e+06,2,RTS,20
1.09744e+06,20,CTS,14
1.0975e+06,2,QOSDATA_TID6,1066
1.09769e+06,20,ACK,14
1.09773e+06,2,CTL,20
1.09782e+06,9,RTS,20
1.09782e+06,6,RTS,20
1.09788e+06,20,CTS,14
1.09794e+06,6,QOSDATA_TID6,1066
1.09813e+06,20,ACK,14
1.09817e+06,6,CTL,20
1.09827e+06,7,RTS,20
1.09827e+06,9,RTS,20
1.09827e+06,11,RTS,20
1.09827e+06,16,RTS,20
1.09827e+06,4,RTS,20
1.09837e+06,0,CTS,14
1.09837e+06,18,RTS,20
1.09845e+06,0,RTS,20
1.09852e+06,20,CTS,14
1.09858e+06,0,QOSDATA_TID6,1066
1.09876e+06,20,ACK,14
1.09881e+06,0,QOSDATA_TID6,1066
1.09899e+06,20,ACK,14
1.09904e+06,0,CTL,20
1.09912e+06,6,RTS,20
1.09912e+06,7,RTS,20
1.09922e+06,3,RTS,20
1.09929e+06,20,CTS,14
1.09935e+06,3,QOSDATA_TID6,1066
1.09953e+06,20,ACK,14
1.09958e+06,3,CTL,20
1.09966e+06,15,RTS,20
1.09973e+06,20,CTS,14
1.09979e+06,15,QOSDATA_TID6,1066
1.09997e+06,20,ACK,14
1.10002e+06,15,CTL,20
1.1001e+06,1,RTS,20
1.1001e+06,19,RTS,20
1.1002e+06,8,RTS,20
1.10027e+06,20,CTS,14
1.10033e+06,8,QOSDATA_TID6,1066
1.10051e+06,20,ACK,14
1.10056e+06,8,CTL,20
1.10064e+06,17,RTS,20
1.10064e+06,1,RTS,20
1.10064e+06,2,RTS,20
1.10064e+06,4,RTS,20
1.10064e+06,10,RTS,20
1.10074e+06,15,RTS,20
1.10081e+06,20,CTS,14
1.10087e+06,15,QOSDATA_TID6,1066
1.10105e+06,20,ACK,14
1.1011e+06,15,CTL,20
1.10118e+06,6,RTS,20
1.10118e+06,12,RTS,20
1.10118e+06,5,RTS,20
1.10118e+06,4,RTS,20
1.10118e+06,9,RTS,20
1.10128e+06,13,RTS,20
1.10135e+06,20,CTS,14
1.10141e+06,13,QOSDATA_TID6,1066
1.10159e+06,20,ACK,14
1.10164e+06,13,QOSDATA_TID6,1066
1.10182e+06,20,ACK,14
1.10187e+06,13,QOSDATA_TID6,1066
1.10205e+06,20,ACK,14
1.10209e+06,13,CTL,20
1.10218e+06,2,RTS,20
1.10225e+06,20,CTS,14
1.10231e+06,2,QOSDATA_TID6,1066
1.10249e+06,20,ACK,14
1.10254e+06,2,CTL,20
1.10262e+06,1,RTS,20
1.10262e+06,7,RTS,20
1.10272e+06,18,RTS,20
1.10279e+06,20,CTS,14
1.10285e+06,18,QOSDATA_TID6,1066
1.10303e+06,20,ACK,14
1.10308e+06,18,QOSDATA_TID6,1066
1.10326e+06,20,ACK,14
1.1033e+06,18,CTL,20
1.10339e+06,14,RTS,20
1.10346e+06,20,CTS,14
1.10352e+06,14,QOSDATA_TID6,1066
1.1037e+06,20,ACK,14
1.10375e+06,14,CTL,20
1.10383e+06,17,RTS,20
1.10383e+06,1,RTS,20
1.10383e+06,16,RTS,20
1.10393e+06,8,RTS,20
1.10393e+06,10,RTS,20
1.104e+06,20,CTS,14
1.10406e+06,8,QOSDATA_TID6,1066
1.10424e+06,20,ACK,14
1.10429e+06,8,CTL,20
1.10438e+06,6,RTS,20
1.10438e+06,10,RTS,20
1.10445e+06,20,CTS,14
1.10451e+06,6,QOSDATA_TID6,1066
1.10469e+06,20,ACK,14
1.10474e+06,6,CTL,20
1.10482e+06,12,RTS,20
1.10482e+06,19,RTS,20
1.10482e+06,4,RTS,20
1.10489e+06,20,CTS,14
1.10495e+06,12,QOSDATA_TID6,1066
1.10514e+06,20,ACK,14
1.10518e+06,12,CTL,20
1.10528e+06,7,RTS,20
1.10528e+06,1,RTS,20
1.10528e+06,11,RTS,20
1.10528e+06,4,RTS,20
1.10537e+06,0,RTS,20
1.10544e+06,20,CTS,14
1.1055e+06,0,QOSDATA_TID6,1066
1.10568e+06,20,ACK,14
1.10573e+06,0,CTL,20
1.10582e+06,9,RTS,20
1.10582e+06,16,RTS,20
1.10593e+06,5,RTS,20
1.106e+06,20,CTS,14
1.10606e+06,5,QOSDATA_TID6,1066
1.10624e+06,20,ACK,14
1.10629e+06,5,CTL,20
1.10638e+06,10,RTS,20
1.10645e+06,20,CTS,14
1.10651e+06,10,QOSDATA_TID6,1066
1.10669e+06,20,ACK,14
1.10674e+06,10,CTL,20
1.10682e+06,19,RTS,20
1.10682e+06,7,RTS,20
1.10682e+06,11,RTS,20
1.10682e+06,16,RTS,20
1.10682e+06,13,RTS,20
1.10692e+06,17,RTS,20
1.10699e+06,20,CTS,14
1.10705e+06,17,QOSDATA_TID6,1066
1.10723e+06,20,ACK,14
1.10728e+06,17,CTL,20
1.10736e+06,3,RTS,20
1.10736e+06,9,RTS,20
1.10746e+06,1,RTS,20
1.10746e+06,7,RTS,20
1.10757e+06,6,RTS,20
1.10764e+06,20,CTS,14
1.1077e+06,6,QOSDATA_TID6,1066
1.10788e+06,20,ACK,14
1.10792e+06,6,CTL,20
1.10801e+06,4,RTS,20
1.10808e+06,20,CTS,14
1.10814e+06,4,QOSDATA_TID6,1066
1.10832e+06,20,ACK,14
1.10837e+06,4,QOSDATA_TID6,1066
1.10855e+06,20,ACK,14
1.1086e+06,4,CTL,20
1.10868e+06,12,RTS,20
1.10868e+06,17,RTS,20
1.10868e+06,15,RTS,20
1.10868e+06,2,RTS,20
1.10879e+06,16,RTS,20
1.10886e+06,20,CTS,14
1.10892e+06,16,QOSDATA_TID6,1066
1.1091e+06,20,ACK,14
1.10914e+06,16,QOSDATA_TID6,1066
1.10933e+06,20,ACK,14
1.10937e+06,16,CTL,20
1.10946e+06,17,RTS,20
1.10953e+06,20,CTS,14
1.10959e+06,17,QOSDATA_TID6,1066
1.10977e+06,20,ACK,14
1.10981e+06,17,CTL,20
1.1099e+06,1,RTS,20
1.10997e+06,20,CTS,14
1.11003e+06,1,QOSDATA_TID6,1066
1.11021e+06,20,ACK,14
1.11026e+06,1,QOSDATA_TID6,1066
1.11044e+06,20,ACK,14
1.11048e+06,1,CTL,20
1.11057e+06,19,RTS,20
1.11057e+06,5,RTS,20
1.11057e+06,3,RTS,20
1.11057e+06,13,RTS,20
1.11064e+06,20,CTS,14
1.1107e+06,5,QOSDATA_TID6,1066
1.11088e+06,20,ACK,14
1.11093e+06,5,CTL,20
1.11101e+06,8,RTS,20
1.11101e+06,11,RTS,20
1.11101e+06,4,RTS,20
1.11108e+06,20,CTS,14
1.11114e+06,8,QOSDATA_TID6,1066
1.11132e+06,20,ACK,14
1.11137e+06,8,CTL,20
1.11146e+06,12,RTS,20
1.11146e+06,9,RTS,20
1.11146e+06,18,RTS,20
1.11146e+06,10,RTS,20
1.11152e+06,20,CTS,14
1.11158e+06,12,QOSDATA_TID6,1066
1.11177e+06,20,ACK,14
1.11181e+06,12,CTL,20
1.11191e+06,19,RTS,20
1.11191e+06,10,RTS,20
1.11197e+06,20,CTS,14
1.11203e+06,19,QOSDATA_TID6,1066
1.11222e+06,20,ACK,14
1.11226e+06,19,QOSDATA_TID6,1066
1.11245e+06,20,ACK,14
1.11249e+06,19,CTL,20
1.11258e+06,15,RTS,20
1.11264e+06,20,CTS,14
1.1127e+06,15,QOSDATA_TID6,1066
1.11289e+06,20,ACK,14
1.11293e+06,15,CTL,20
1.11303e+06,14,RTS,20
1.11303e+06,7,RTS,20
1.11303e+06,18,RTS,20
1.11316e+06,18,RTS,20
1.11323e+06,20,CTS,14
1.11329e+06,18,QOSDATA_TID6,1066
1.11347e+06,20,ACK,14
1.11351e+06,18,CTL,20
1.1136e+06,14,RTS,20
1.1136e+06,7,RTS,20
1.11367e+06,20,CTS,14
1.11373e+06,7,QOSDATA_TID6,1066
1.11391e+06,20,ACK,14
1.11396e+06,7,QOSDATA_TID6,1066
1.11414e+06,20,ACK,14
1.11418e+06,7,QOSDATA_TID6,1066
1.11437e+06,20,ACK,14
1.11441e+06,7,CTL,20
1.11452e+06,12,RTS,20
1.11452e+06,11,RTS,20
1.11452e+06,16,RTS,20
1.11452e+06,0,RTS,20
1.11452e+06,9,RTS,20
1.11461e+06,13,RTS,20
1.11468e+06,20,CTS,14
1.11474e+06,13,QOSDATA_TID6,1066
1.11493e+06,20,ACK,14
1.11497e+06,13,QOSDATA_TID6,1066
1.11515e+06,20,ACK,14
1.1152e+06,13,CTL,20
1.11528e+06,1,RTS,20
1.11535e+06,20,CTS,14
1.11541e+06,1,QOSDATA_TID6,1066
1.1156e+06,20,ACK,14
1.11564e+06,1,CTL,20
1.11573e+06,19,RTS,20
1.11573e+06,9,RTS,20
1.11579e+06,20,CTS,14
1.11585e+06,19,QOSDATA_TID6,1066
1.11604e+06,20,ACK,14
1.11608e+06,19,CTL,20
1.11618e+06,17,RTS,20
1.11618e+06,2,RTS,20
1.11618e+06,4,RTS,20
1.11624e+06,20,CTS,14
1.1163e+06,17,QOSDATA_TID6,1066
1.11649e+06,20,ACK,14
1.11653e+06,17,CTL,20
1.11662e+06,4,RTS,20
1.11662e+06,15,RTS,20
1.11669e+06,20,CTS,14
1.11675e+06,15,QOSDATA_TID6,1066
1.11693e+06,20,ACK,14
1.11698e+06,15,CTL,20
1.11706e+06,4,RTS,20
1.11713e+06,20,CTS,14
1.11719e+06,4,QOSDATA_TID6,1066
1.11737e+06,20,ACK,14
1.11742e+06,4,QOSDATA_TID6,1066
1.1176e+06,20,ACK,14
1.11764e+06,4,CTL,20
1.11773e+06,5,RTS,20
1.11773e+06,3,RTS,20
1.1178e+06,20,CTS,14
1.11786e+06,5,QOSDATA_TID6,1066
1.11804e+06,20,ACK,14
1.11809e+06,5,CTL,20
1.11817e+06,6,RTS,20
1.11824e+06,20,CTS,14
1.1183e+06,6,QOSDATA_TID6,1066
1.11848e+06,20,ACK,14
1.11853e+06,6,CTL,20
1.11862e+06,14,RTS,20
1.11862e+06,9,RTS,20
1.11862e+06,11,RTS,20
1.11874e+06,18,RTS,20
1.11881e+06,20,CTS,14
1.11887e+06,18,QOSDATA_TID6,1066
1.11905e+06,20,ACK,14
1.1191e+06,18,CTL,20
1.11919e+06,10,RTS,20
1.11919e+06,2,RTS,20
1.11919e+06,0,RTS,20
1.11919e+06,9,RTS,20
1.11919e+06,12,RTS,20
1.11919e+06,16,RTS,20
1.11931e+06,8,RTS,20
1.11938e+06,20,CTS,14
1.11944e+06,8,QOSDATA_TID6,1066
1.11962e+06,20,ACK,14
1.11966e+06,8,CTL,20
1.11975e+06,10,RTS,20
1.11982e+06,20,CTS,14
1.11988e+06,10,QOSDATA_TID6,1066
1.12006e+06,20,ACK,14
1.12011e+06,10,QOSDATA_TID6,1066
1.12029e+06,20,ACK,14
1.12033e+06,10,CTL,20
1.12042e+06,2,RTS,20
1.12042e+06,0,CTS,14
1.12042e+06,14,RTS,20
1.12051e+06,0,RTS,20
1.12057e+06,20,CTS,14
1.12063e+06,0,QOSDATA_TID6,1066
1.12082e+06,20,ACK,14
1.12086e+06,0,CTL,20
1.12095e+06,14,RTS,20
1.12095e+06,16,RTS,20
1.12106e+06,9,RTS,20
1.12112e+06,20,CTS,14
1.12118e+06,9,QOSDATA_TID6,1066
1.12137e+06,20,ACK,14
1.12141e+06,9,QOSDATA_TID6,1066
1.1216e+06,20,ACK,14
1.12164e+06,9,CTL,20
1.12172e+06,3,RTS,20
1.12172e+06,7,RTS,20
1.12172e+06,13,RTS,20
1.12179e+06,20,CTS,14
1.12185e+06,7,QOSDATA_TID6,1066
1.12204e+06,20,ACK,14
1.12208e+06,7,CTL,20
1.12218e+06,12,RTS,20
1.12218e+06,11,RTS,20
1.12218e+06,0,RTS,20
1.12218e+06,14,RTS,20
1.12218e+06,9,RTS,20
1.12228e+06,13,RTS,20
1.12235e+06,20,CTS,14
1.12241e+06,13,QOSDATA_TID6,1066
1.1226e+06,20,ACK,14
1.12264e+06,13,CTL,20
1.12272e+06,0,RTS,20
1.12279e+06,20,CTS,14
1.12285e+06,0,QOSDATA_TID6,1066
1.12304e+06,20,ACK,14
1.12308e+06,0,CTL,20
1.12318e+06,6,RTS,20
1.12318e+06,2,RTS,20
1.12318e+06,9,RTS,20
1.12318e+06,19,RTS,20
1.12318e+06,1,RTS,20
1.12329e+06,16,RTS,20
1.12336e+06,20,CTS,14
1.12342e+06,16,QOSDATA_TID6,1066
1.1236e+06,20,ACK,14
1.12365e+06,16,QOSDATA_TID6,1066
1.12383e+06,20,ACK,14
1.12388e+06,16,CTL,20
1.12396e+06,11,RTS,20
1.12403e+06,20,CTS,14
1.12409e+06,11,QOSDATA_TID6,1066
1.12427e+06,20,ACK,14
1.12432e+06,11,QOSDATA_TID6,1066
1.1245e+06,20,ACK,14
1.12455e+06,11,QOSDATA_TID6,1066
1.12473e+06,20,ACK,14
1.12477e+06,11,QOSDATA_TID6,1066
1.12496e+06,20,ACK,14
1.125e+06,11,CTL,20
1.1251e+06,4,RTS,20
1.1251e+06,17,RTS,20
1.1251e+06,6,RTS,20
1.12516e+06,20,CTS,14
1.12522e+06,17,QOSDATA_TID6,1066
1.12541e+06,20,ACK,14
1.12545e+06,17,CTL,20
1.12554e+06,4,RTS,20
1.12561e+06,20,CTS,14
1.12567e+06,4,QOSDATA_TID6,1066
1.12585e+06,20,ACK,14
1.1259e+06,4,CTL,20
1.12598e+06,2,RTS,20
1.12605e+06,20,CTS,14
1.12611e+06,2,QOSDATA_TID6,1066
1.12629e+06,20,ACK,14
1.12634e+06,2,QOSDATA_TID6,1066
1.12652e+06,20,ACK,14
1.12657e+06,2,QOSDATA_TID6,1066
1.12675e+06,20,ACK,14
1.12679e+06,2,CTL,20
1.12688e+06,3,RTS,20
1.12688e+06,9,RTS,20
1.12688e+06,1,RTS,20
1.12688e+06,12,RTS,20
1.12688e+06,15,RTS,20
1.12698e+06,18,RTS,20
1.12705e+06,20,CTS,14
1.12711e+06,18,QOSDATA_TID6,1066
1.12729e+06,20,ACK,14
1.12733e+06,18,CTL,20
1.12742e+06,10,RTS,20
1.12742e+06,6,RTS,20
1.12742e+06,5,RTS,20
1.12749e+06,20,CTS,14
1.12755e+06,5,QOSDATA_TID6,1066
1.12773e+06,20,ACK,14
1.12778e+06,5,CTL,20
1.12788e+06,8,RTS,20
1.12788e+06,19,RTS,20
1.12788e+06,6,RTS,20
1.12788e+06,14,RTS,20
1.12799e+06,1,RTS,20
1.12806e+06,20,CTS,14
1.12812e+06,1,QOSDATA_TID6,1066
1.1283e+06,20,ACK,14
1.12834e+06,1,CTL,20
1.12843e+06,19,RTS,20
1.12843e+06,6,RTS,20
1.12861e+06,19,RTS,20
1.12868e+06,20,CTS,14
1.12874e+06,19,QOSDATA_TID6,1066
1.12893e+06,20,ACK,14
1.12897e+06,19,CTL,20
1.12906e+06,16,RTS,20
1.12906e+06,6,RTS,20
1.12917e+06,3,RTS,20
1.12917e+06,9,RTS,20
1.12927e+06,0,RTS,20
1.12934e+06,20,CTS,14
1.1294e+06,0,QOSDATA_TID6,1066
1.12958e+06,20,ACK,14
1.12963e+06,0,CTL,20
1.12971e+06,3,RTS,20
1.12971e+06,9,RTS,20
1.12971e+06,13,RTS,20
1.12981e+06,8,RTS,20
1.12988e+06,20,CTS,14
1.12994e+06,8,QOSDATA_TID6,1066
1.13012e+06,20,ACK,14
1.13017e+06,8,CTL,20
1.13025e+06,10,RTS,20
1.13032e+06,20,CTS,14
1.13038e+06,10,QOSDATA_TID6,1066
1.13056e+06,20,ACK,14
1.13061e+06,10,CTL,20
1.13069e+06,16,RTS,20
1.13076e+06,20,CTS,14
1.13082e+06,16,QOSDATA_TID6,1066
1.13101e+06,20,ACK,14
1.13105e+06,16,CTL,20
1.13114e+06,11,RTS,20
1.13114e+06,12,RTS,20
1.13114e+06,7,RTS,20
1.13114e+06,6,RTS,20
1.13123e+06,19,RTS,20
1.1313e+06,20,CTS,14
1.13136e+06,19,QOSDATA_TID6,1066
1.13155e+06,20,ACK,14
1.13159e+06,19,CTL,20
1.13168e+06,1,RTS,20
1.13168e+06,11,RTS,20
1.13168e+06,6,RTS,20
1.13168e+06,13,RTS,20
1.13177e+06,9,RTS,20
1.13184e+06,20,CTS,14
1.1319e+06,9,QOSDATA_TID6,1066
1.13209e+06,20,ACK,14
1.13213e+06,9,QOSDATA_TID6,1066
1.13231e+06,20,ACK,14
1.13236e+06,9,CTL,20
1.13244e+06,13,RTS,20
1.13251e+06,20,CTS,14
1.13257e+06,13,QOSDATA_TID6,1066
1.13276e+06,20,ACK,14
1.1328e+06,13,CTL,20
1.13289e+06,7,RTS,20
1.13289e+06,15,RTS,20
1.13289e+06,14,RTS,20
1.13289e+06,4,RTS,20
1.13289e+06,6,RTS,20
1.13298e+06,17,RTS,20
1.13305e+06,20,CTS,14
1.13311e+06,17,QOSDATA_TID6,1066
1.1333e+06,20,ACK,14
1.13334e+06,17,CTL,20
1.13343e+06,5,RTS,20
1.13343e+06,7,RTS,20
1.13343e+06,3,RTS,20
1.13343e+06,14,RTS,20
1.13349e+06,20,CTS,14
1.13355e+06,5,QOSDATA_TID6,1066
1.13374e+06,20,ACK,14
1.13378e+06,5,CTL,20
1.13388e+06,1,RTS,20
1.13388e+06,2,RTS,20
1.13388e+06,10,RTS,20
1.13398e+06,6,RTS,20
1.13404e+06,20,CTS,14
1.1341e+06,6,QOSDATA_TID6,1066
1.13429e+06,20,ACK,14
1.13433e+06,6,CTL,20
1.13442e+06,15,RTS,20
1.13449e+06,20,CTS,14
1.13455e+06,15,QOSDATA_TID6,1066
1.13473e+06,20,ACK,14
1.13477e+06,15,QOSDATA_TID6,1066
1.13496e+06,20,ACK,14
1.135e+06,15,CTL,20
1.13509e+06,8,RTS,20
1.13509e+06,10,RTS,20
1.13516e+06,20,CTS,14
1.13522e+06,8,QOSDATA_TID6,1066
1.1354e+06,20,ACK,14
1.13544e+06,8,CTL,20
1.13554e+06,18,RTS,20
1.13561e+06,20,CTS,14
1.13567e+06,18,QOSDATA_TID6,1066
1.13585e+06,20,ACK,14
1.1359e+06,18,CTL,20
1.13598e+06,10,RTS,20
1.13598e+06,3,RTS,20
1.13609e+06,12,RTS,20
1.13609e+06,11,RTS,20
1.13609e+06,14,RTS,20
1.13616e+06,20,CTS,14
1.13622e+06,12,QOSDATA_TID6,1066
1.1364e+06,20,ACK,14
1.13644e+06,12,QOSDATA_TID6,1066
1.13663e+06,20,ACK,14
1.13667e+06,12,QOSDATA_TID6,1066
1.13686e+06,20,ACK,14
1.1369e+06,12,CTL,20
1.13699e+06,16,RTS,20
1.13699e+06,10,RTS,20
1.13714e+06,14,RTS,20
1.13721e+06,20,CTS,14
1.13727e+06,14,QOSDATA_TID6,1066
1.13745e+06,20,ACK,14
1.13749e+06,14,QOSDATA_TID6,1066
1.13768e+06,20,ACK,14
1.13772e+06,14,QOSDATA_TID6,1066
1.13791e+06,20,ACK,14
1.13795e+06,14,CTL,20
1.13804e+06,13,RTS,20
1.13804e+06,3,RTS,20
1.13804e+06,9,RTS,20
1.13814e+06,2,RTS,20
1.13814e+06,4,RTS,20
1.13821e+06,20,CTS,14
1.13827e+06,2,QOSDATA_TID6,1066
1.13846e+06,20,ACK,14
1.1385e+06,2,CTL,20
1.13859e+06,3,RTS,20
1.13859e+06,9,RTS,20
1.13859e+06,12,RTS,20
1.13859e+06,16,RTS,20
1.13866e+06,20,CTS,14
1.13872e+06,12,QOSDATA_TID6,1066
1.13891e+06,20,ACK,14
1.13895e+06,12,CTL,20
1.13905e+06,7,RTS,20
1.13905e+06,11,RTS,20
1.13905e+06,16,RTS,20
1.13905e+06,13,RTS,20
1.13905e+06,0,RTS,20
1.13905e+06,3,RTS,20
1.13905e+06,10,RTS,20
1.13915e+06,4,RTS,20
1.13922e+06,20,CTS,14
1.13928e+06,4,QOSDATA_TID6,1066
1.13946e+06,20,ACK,14
1.13951e+06,4,CTL,20
1.13959e+06,6,RTS,20
1.13966e+06,20,CTS,14
1.13972e+06,6,QOSDATA_TID6,1066
1.13991e+06,20,ACK,14
1.13995e+06,6,CTL,20
1.14004e+06,0,RTS,20
1.1401e+06,20,CTS,14
1.14016e+06,0,QOSDATA_TID6,1066
1.14035e+06,20,ACK,14
1.14039e+06,0,CTL,20
1.14048e+06,3,RTS,20
1.14048e+06,19,RTS,20
1.14048e+06,13,RTS,20
1.14048e+06,11,RTS,20
1.14058e+06,7,RTS,20
1.14064e+06,20,CTS,14
1.1407e+06,7,QOSDATA_TID6,1066
1.14089e+06,20,ACK,14
1.14093e+06,7,QOSDATA_TID6,1066
1.14112e+06,20,ACK,14
1.14116e+06,7,CTL,20
1.14126e+06,17,RTS,20
1.14126e+06,1,RTS,20
1.14126e+06,5,RTS,20
1.14126e+06,4,RTS,20
1.14126e+06,19,RTS,20
1.14135e+06,13,RTS,20
1.14135e+06,2,RTS,20
1.14146e+06,16,RTS,20
1.14153e+06,20,CTS,14
1.14159e+06,16,QOSDATA_TID6,1066
1.14177e+06,20,ACK,14
1.14182e+06,16,CTL,20
1.1419e+06,13,RTS,20
1.14197e+06,20,CTS,14
1.14203e+06,13,QOSDATA_TID6,1066
1.14222e+06,20,ACK,14
1.14226e+06,13,CTL,20
1.14234e+06,20,BEACON,152
1.1426e+06,5,RTS,20
1.1426e+06,18,RTS,20
1.14267e+06,20,CTS,14
1.14273e+06,5,QOSDATA_TID6,1066
1.14291e+06,20,ACK,14
1.14295e+06,5,CTL,20
1.14304e+06,8,RTS,20
1.14304e+06,15,RTS,20
1.14311e+06,20,CTS,14
1.14317e+06,8,QOSDATA_TID6,1066
1.14335e+06,20,ACK,14
1.1434e+06,8,CTL,20
1.14348e+06,15,RTS,20
1.14355e+06,20,CTS,14
1.14361e+06,15,QOSDATA_TID6,1066
1.14379e+06,20,ACK,14
1.14384e+06,15,CTL,20
1.14392e+06,11,RTS,20
1.14392e+06,10,RTS,20
1.14402e+06,14,RTS,20
1.14409e+06,20,CTS,14
1.14415e+06,14,QOSDATA_TID6,1066
1.14433e+06,20,ACK,14
1.14438e+06,14,CTL,20
1.14447e+06,17,RTS,20
1.14447e+06,1,RTS,20
1.14447e+06,11,RTS,20
1.14447e+06,16,RTS,20
1.14447e+06,9,RTS,20
1.14457e+06,4,RTS,20
1.14464e+06,20,CTS,14
1.1447e+06,4,QOSDATA_TID6,1066
1.14488e+06,20,ACK,14
1.14493e+06,4,CTL,20
1.14501e+06,16,RTS,20
1.14501e+06,17,RTS,20
1.14508e+06,20,CTS,14
1.14514e+06,17,QOSDATA_TID6,1066
1.14532e+06,20,ACK,14
1.14537e+06,17,CTL,20
1.14546e+06,1,RTS,20
1.14546e+06,11,RTS,20
1.14546e+06,7,RTS,20
1.14556e+06,10,RTS,20
1.14563e+06,20,CTS,14
1.14569e+06,10,QOSDATA_TID6,1066
1.14587e+06,20,ACK,14
1.14592e+06,10,QOSDATA_TID6,1066
1.1461e+06,20,ACK,14
1.14615e+06,10,CTL,20
1.14623e+06,18,RTS,20
1.14623e+06,3,RTS,20
1.14633e+06,13,RTS,20
1.1464e+06,20,CTS,14
1.14646e+06,13,QOSDATA_TID6,1066
1.14664e+06,20,ACK,14
1.14669e+06,13,CTL,20
1.14677e+06,2,RTS,20
1.14684e+06,20,CTS,14
1.1469e+06,2,QOSDATA_TID6,1066
1.14708e+06,20,ACK,14
1.14713e+06,2,CTL,20
1.14721e+06,0,RTS,20
1.14721e+06,12,RTS,20
1.14728e+06,20,CTS,14
1.14734e+06,12,QOSDATA_TID6,1066
1.14753e+06,20,ACK,14
1.14757e+06,12,CTL,20
1.14766e+06,9,RTS,20
1.14772e+06,20,CTS,14
1.14778e+06,9,QOSDATA_TID6,1066
1.14797e+06,20,ACK,14
1.14801e+06,9,QOSDATA_TID6,1066
1.1482e+06,20,ACK,14
1.14824e+06,9,CTL,20
1.14833e+06,17,RTS,20
1.14833e+06,6,RTS,20
1.14833e+06,11,RTS,20
1.14833e+06,7,RTS,20
1.14843e+06,3,RTS,20
1.1485e+06,20,CTS,14
1.14856e+06,3,QOSDATA_TID6,1066
1.14874e+06,20,ACK,14
1.14879e+06,3,QOSDATA_TID6,1066
1.14897e+06,20,ACK,14
1.14902e+06,3,QOSDATA_TID6,1066
1.1492e+06,20,ACK,14
1.14925e+06,3,QOSDATA_TID6,1066
1.14943e+06,20,ACK,14
1.14947e+06,3,CTL,20
1.14957e+06,10,RTS,20
1.14957e+06,5,RTS,20
1.14964e+06,20,CTS,14
1.1497e+06,5,QOSDATA_TID6,1066
1.14988e+06,20,ACK,14
1.14992e+06,5,CTL,20
1.15002e+06,2,RTS,20
1.15009e+06,20,CTS,14
1.15015e+06,2,QOSDATA_TID6,1066
1.15033e+06,20,ACK,14
1.15038e+06,2,CTL,20
1.15046e+06,19,RTS,20
1.15046e+06,11,RTS,20
1.15046e+06,4,RTS,20
1.15056e+06,15,RTS,20
1.15056e+06,18,RTS,20
1.15056e+06,6,RTS,20
1.15066e+06,8,RTS,20
1.15073e+06,20,CTS,14
1.15079e+06,8,QOSDATA_TID6,1066
1.15097e+06,20,ACK,14
1.15102e+06,8,CTL,20
1.1511e+06,16,RTS,20
1.1511e+06,18,RTS,20
1.15124e+06,18,RTS,20
1.15131e+06,20,CTS,14
1.15137e+06,18,QOSDATA_TID6,1066
1.15156e+06,20,ACK,14
1.1516e+06,18,QOSDATA_TID6,1066
1.15178e+06,20,ACK,14
1.15183e+06,18,CTL,20
1.15192e+06,10,RTS,20
1.15192e+06,0,RTS,20
1.15192e+06,1,RTS,20
1.15192e+06,15,RTS,20
1.15192e+06,7,RTS,20
1.15204e+06,16,RTS,20
1.15211e+06,20,CTS,14
1.15217e+06,16,QOSDATA_TID6,1066
1.15235e+06,20,ACK,14
1.1524e+06,16,CTL,20
1.15248e+06,15,RTS,20
1.15255e+06,20,CTS,14
1.15261e+06,15,QOSDATA_TID6,1066
1.15279e+06,20,ACK,14
1.15284e+06,15,CTL,20
1.15292e+06,1,RTS,20
1.15292e+06,16,RTS,20
1.15292e+06,4,RTS,20
1.15292e+06,10,RTS,20
1.15302e+06,7,RTS,20
1.15309e+06,20,CTS,14
1.15315e+06,7,QOSDATA_TID6,1066
1.15333e+06,20,ACK,14
1.15338e+06,7,CTL,20
1.15346e+06,11,RTS,20
1.15346e+06,14,RTS,20
1.15357e+06,10,RTS,20
1.15364e+06,20,CTS,14
1.1537e+06,10,QOSDATA_TID6,1066
1.15388e+06,20,ACK,14
1.15393e+06,10,CTL,20
1.15401e+06,9,RTS,20
1.15401e+06,14,RTS,20
1.15411e+06,17,RTS,20
1.15411e+06,16,RTS,20
1.15411e+06,4,RTS,20
1.15418e+06,20,CTS,14
1.15424e+06,17,QOSDATA_TID6,1066
1.15442e+06,20,ACK,14
1.15447e+06,17,CTL,20
1.15455e+06,12,RTS,20
1.15462e+06,20,CTS,14
1.15468e+06,12,QOSDATA_TID6,1066
1.15486e+06,20,ACK,14
1.15491e+06,12,CTL,20
1.15499e+06,11,RTS,20
1.15499e+06,0,CTS,14
1.15499e+06,9,RTS,20
1.15513e+06,0,RTS,20
1.1552e+06,20,CTS,14
1.15526e+06,0,QOSDATA_TID6,1066
1.15545e+06,20,ACK,14
1.15549e+06,0,QOSDATA_TID6,1066
1.15567e+06,20,ACK,14
1.15572e+06,0,CTL,20
1.1558e+06,7,RTS,20
1.1558e+06,13,RTS,20
1.15587e+06,20,CTS,14
1.15593e+06,7,QOSDATA_TID6,1066
1.15612e+06,20,ACK,14
1.15616e+06,7,CTL,20
1.15625e+06,3,RTS,20
1.15631e+06,20,CTS,14
1.15637e+06,3,QOSDATA_TID6,1066
1.15656e+06,20,ACK,14
1.1566e+06,3,CTL,20
1.15669e+06,5,RTS,20
1.15669e+06,1,RTS,20
1.15669e+06,13,RTS,20
1.15676e+06,20,CTS,14
1.15682e+06,5,QOSDATA_TID6,1066
1.157e+06,20,ACK,14
1.15704e+06,5,CTL,20
1.15713e+06,9,RTS,20
1.15713e+06,6,RTS,20
1.1572e+06,20,CTS,14
1.15726e+06,6,QOSDATA_TID6,1066
1.15744e+06,20,ACK,14
1.15749e+06,6,QOSDATA_TID6,1066
1.15767e+06,20,ACK,14
1.15772e+06,6,CTL,20
1.1578e+06,17,RTS,20
1.1578e+06,1,RTS,20
1.1578e+06,11,RTS,20
1.1578e+06,4,RTS,20
1.15791e+06,15,RTS,20
1.15791e+06,9,RTS,20
1.15791e+06,10,RTS,20
1.15801e+06,2,RTS,20
1.15801e+06,19,RTS,20
1.15811e+06,15,RTS,20
1.15818e+06,20,CTS,14
1.15824e+06,15,QOSDATA_TID6,1066
1.15842e+06,20,ACK,14
1.15847e+06,15,CTL,20
1.15856e+06,19,RTS,20
1.15856e+06,11,RTS,20
1.15856e+06,16,RTS,20
1.15856e+06,4,RTS,20
1.15856e+06,9,RTS,20
1.15866e+06,14,RTS,20
1.15873e+06,20,CTS,14
1.15879e+06,14,QOSDATA_TID6,1066
1.15897e+06,20,ACK,14
1.15902e+06,14,CTL,20
1.1591e+06,11,RTS,20
1.1591e+06,16,RTS,20
1.1592e+06,8,RTS,20
1.15927e+06,20,CTS,14
1.15933e+06,8,QOSDATA_TID6,1066
1.15951e+06,20,ACK,14
1.15956e+06,8,CTL,20
1.15964e+06,2,RTS,20
1.15964e+06,18,RTS,20
1.15974e+06,13,RTS,20
1.15981e+06,20,CTS,14
1.15987e+06,13,QOSDATA_TID6,1066
1.16005e+06,20,ACK,14
1.1601e+06,13,CTL,20
1.16018e+06,14,RTS,20
1.16025e+06,20,CTS,14
1.16031e+06,14,QOSDATA_TID6,1066
1.1605e+06,20,ACK,14
1.16054e+06,14,CTL,20
1.16063e+06,17,RTS,20
1.16069e+06,20,CTS,14
1.16075e+06,17,QOSDATA_TID6,1066
1.16094e+06,20,ACK,14
1.16098e+06,17,CTL,20
1.16107e+06,19,RTS,20
1.16107e+06,4,RTS,20
1.16114e+06,20,CTS,14
1.1612e+06,19,QOSDATA_TID6,1066
1.16138e+06,20,ACK,14
1.16142e+06,19,QOSDATA_TID6,1066
1.16161e+06,20,ACK,14
1.16165e+06,19,QOSDATA_TID6,1066
1.16184e+06,20,ACK,14
1.16188e+06,19,CTL,20
1.16197e+06,0,RTS,20
1.16203e+06,20,CTS,14
1.16209e+06,0,QOSDATA_TID6,1066
1.16228e+06,20,ACK,14
1.16232e+06,0,CTL,20
1.16241e+06,10,RTS,20
1.16241e+06,12,RTS,20
1.16248e+06,20,CTS,14
1.16254e+06,12,QOSDATA_TID6,1066
1.16272e+06,20,ACK,14
1.16276e+06,12,CTL,20
1.16286e+06,7,RTS,20
1.16286e+06,1,RTS,20
1.16286e+06,11,RTS,20
1.16286e+06,4,RTS,20
1.16296e+06,16,RTS,20
1.16296e+06,3,RTS,20
1.16296e+06,9,RTS,20
1.16306e+06,6,RTS,20
1.16313e+06,20,CTS,14
1.16319e+06,6,QOSDATA_TID6,1066
1.16338e+06,20,ACK,14
1.16342e+06,6,CTL,20
1.16351e+06,18,RTS,20
1.16351e+06,2,RTS,20
1.16351e+06,17,RTS,20
1.16351e+06,19,RTS,20
1.16351e+06,11,RTS,20
1.16351e+06,16,RTS,20
1.16361e+06,7,RTS,20
1.16361e+06,4,RTS,20
1.16368e+06,20,CTS,14
1.16374e+06,7,QOSDATA_TID6,1066
1.16392e+06,20,ACK,14
1.16397e+06,7,CTL,20
1.16406e+06,4,RTS,20
1.16406e+06,2,RTS,20
1.16413e+06,20,CTS,14
1.16419e+06,2,QOSDATA_TID6,1066
1.16438e+06,20,ACK,14
1.16442e+06,2,CTL,20
1.16451e+06,1,RTS,20
1.16457e+06,20,CTS,14
1.16463e+06,1,QOSDATA_TID6,1066
1.16482e+06,20,ACK,14
1.16486e+06,1,QOSDATA_TID6,1066
1.16505e+06,20,ACK,14
1.16509e+06,1,QOSDATA_TID6,1066
1.16528e+06,20,ACK,14
1.16532e+06,1,QOSDATA_TID6,1066
1.1655e+06,20,ACK,14
1.16555e+06,1,CTL,20
1.16563e+06,4,RTS,20
1.16563e+06,15,RTS,20
1.1657e+06,20,CTS,14
1.16576e+06,15,QOSDATA_TID6,1066
1.16594e+06,20,ACK,14
1.16599e+06,15,CTL,20
1.16608e+06,13,RTS,20
1.16608e+06,5,RTS,20
1.16608e+06,18,RTS,20
1.16608e+06,2,RTS,20
1.16608e+06,10,RTS,20
1.16615e+06,20,CTS,14
1.16621e+06,5,QOSDATA_TID6,1066
1.1664e+06,20,ACK,14
1.16644e+06,5,CTL,20
1.16653e+06,3,RTS,20
1.16653e+06,13,RTS,20
1.16664e+06,16,RTS,20
1.16664e+06,8,RTS,20
1.16671e+06,20,CTS,14
1.16677e+06,8,QOSDATA_TID6,1066
1.16695e+06,20,ACK,14
1.167e+06,8,CTL,20
1.16708e+06,16,RTS,20
1.16715e+06,20,CTS,14
1.16721e+06,16,QOSDATA_TID6,1066
1.1674e+06,20,ACK,14
1.16744e+06,16,CTL,20
1.16753e+06,2,RTS,20
1.16759e+06,20,CTS,14
1.16765e+06,2,QOSDATA_TID6,1066
1.16784e+06,20,ACK,14
1.16788e+06,2,CTL,20
1.16797e+06,3,RTS,20
1.16797e+06,9,RTS,20
1.16807e+06,4,RTS,20
1.16813e+06,20,CTS,14
1.16819e+06,4,QOSDATA_TID6,1066
1.16838e+06,20,ACK,14
1.16842e+06,4,QOSDATA_TID6,1066
1.16861e+06,20,ACK,14
1.16865e+06,4,CTL,20
1.16874e+06,11,RTS,20
1.16874e+06,17,RTS,20
1.16874e+06,19,RTS,20
1.16874e+06,14,RTS,20
1.16884e+06,18,RTS,20
1.16884e+06,3,RTS,20
1.16884e+06,9,RTS,20
1.16895e+06,13,RTS,20
1.16902e+06,20,CTS,14
1.16908e+06,13,QOSDATA_TID6,1066
1.16926e+06,20,ACK,14
1.16931e+06,13,CTL,20
1.16939e+06,3,RTS,20
1.16939e+06,9,RTS,20
1.16949e+06,16,RTS,20
1.16949e+06,7,RTS,20
1.16949e+06,14,RTS,20
1.16961e+06,17,RTS,20
1.16961e+06,19,RTS,20
1.16967e+06,20,CTS,14
1.16973e+06,17,QOSDATA_TID6,1066
1.16992e+06,20,ACK,14
1.16996e+06,17,CTL,20
1.17005e+06,16,RTS,20
1.17005e+06,14,RTS,20
1.17016e+06,13,RTS,20
1.17022e+06,20,CTS,14
1.17028e+06,13,QOSDATA_TID6,1066
1.17047e+06,20,ACK,14
1.17051e+06,13,CTL,20
1.1706e+06,16,RTS,20
1.17066e+06,20,CTS,14
1.17072e+06,16,QOSDATA_TID6,1066
1.17091e+06,20,ACK,14
1.17095e+06,16,CTL,20
1.17104e+06,9,RTS,20
1.17104e+06,18,RTS,20
1.17104e+06,10,RTS,20
1.17114e+06,14,RTS,20
1.1712e+06,20,CTS,14
1.17126e+06,14,QOSDATA_TID6,1066
1.17145e+06,20,ACK,14
1.17149e+06,14,CTL,20
1.17158e+06,6,RTS,20
1.17158e+06,17,RTS,20
1.17158e+06,11,RTS,20
1.17165e+06,20,CTS,14
1.17171e+06,17,QOSDATA_TID6,1066
1.17189e+06,20,ACK,14
1.17194e+06,17,CTL,20
1.17202e+06,11,RTS,20
1.17209e+06,20,CTS,14
1.17215e+06,11,QOSDATA_TID6,1066
1.17233e+06,20,ACK,14
1.17238e+06,11,QOSDATA_TID6,1066
1.17256e+06,20,ACK,14
1.17261e+06,11,QOSDATA_TID6,1066
1.17279e+06,20,ACK,14
1.17283e+06,11,QOSDATA_TID6,1066
1.17302e+06,20,ACK,14
1.17306e+06,11,CTL,20
1.17315e+06,12,RTS,20
1.17315e+06,7,RTS,20
1.17315e+06,3,RTS,20
1.17315e+06,9,RTS,20
1.17315e+06,15,RTS,20
1.17315e+06,0,RTS,20
1.17325e+06,1,RTS,20
1.17331e+06,20,CTS,14
1.17337e+06,1,QOSDATA_TID6,1066
1.17356e+06,20,ACK,14
1.1736e+06,1,CTL,20
1.17369e+06,19,RTS,20
1.17369e+06,2,RTS,20
1.17382e+06,2,RTS,20
1.17389e+06,20,CTS,14
1.17395e+06,2,QOSDATA_TID6,1066
1.17413e+06,20,ACK,14
1.17418e+06,2,CTL,20
1.17427e+06,5,RTS,20
1.17427e+06,19,RTS,20
1.17434e+06,20,CTS,14
1.1744e+06,5,QOSDATA_TID6,1066
1.17458e+06,20,ACK,14
1.17463e+06,5,CTL,20
1.17471e+06,19,RTS,20
1.17471e+06,18,RTS,20
1.17471e+06,15,RTS,20
1.17482e+06,12,RTS,20
1.17482e+06,3,RTS,20
1.17489e+06,20,CTS,14
1.17495e+06,12,QOSDATA_TID6,1066
1.17513e+06,20,ACK,14
1.17518e+06,12,CTL,20
1.17526e+06,14,RTS,20
1.17533e+06,20,CTS,14
1.17539e+06,14,QOSDATA_TID6,1066
1.17557e+06,20,ACK,14
1.17562e+06,14,CTL,20
1.17571e+06,7,RTS,20
1.17571e+06,8,RTS,20
1.17571e+06,10,RTS,20
1.17571e+06,4,RTS,20
1.17581e+06,3,RTS,20
1.17581e+06,0,RTS,20
1.17588e+06,20,CTS,14
1.17594e+06,0,QOSDATA_TID6,1066
1.17612e+06,20,ACK,14
1.17617e+06,0,CTL,20
1.17627e+06,6,RTS,20
1.17627e+06,10,RTS,20
1.17627e+06,15,RTS,20
1.17627e+06,3,RTS,20
1.17627e+06,9,RTS,20
1.1764e+06,19,RTS,20
1.17646e+06,20,CTS,14
1.17652e+06,19,QOSDATA_TID6,1066
1.17671e+06,20,ACK,14
1.17675e+06,19,QOSDATA_TID6,1066
1.17694e+06,20,ACK,14
1.17698e+06,19,CTL,20
1.17706e+06,4,RTS,20
1.17713e+06,20,CTS,14
1.17719e+06,4,QOSDATA_TID6,1066
1.17738e+06,20,ACK,14
1.17742e+06,4,CTL,20
1.17751e+06,16,RTS,20
1.17751e+06,7,RTS,20
1.17751e+06,10,RTS,20
1.17758e+06,20,CTS,14
1.17764e+06,7,QOSDATA_TID6,1066
1.17782e+06,20,ACK,14
1.17786e+06,7,QOSDATA_TID6,1066
1.17805e+06,20,ACK,14
1.17809e+06,7,CTL,20
1.17818e+06,13,RTS,20
1.17818e+06,8,RTS,20
1.17824e+06,20,CTS,14
1.1783e+06,8,QOSDATA_TID6,1066
1.17849e+06,20,ACK,14
1.17853e+06,8,CTL,20
1.17862e+06,0,RTS,20
1.17869e+06,20,CTS,14
1.17875e+06,0,QOSDATA_TID6,1066
1.17893e+06,20,ACK,14
1.17898e+06,0,CTL,20
1.17906e+06,12,RTS,20
1.17906e+06,19,RTS,20
1.17913e+06,20,CTS,14
1.17919e+06,12,QOSDATA_TID6,1066
1.17937e+06,20,ACK,14
1.17942e+06,12,CTL,20
1.1795e+06,17,RTS,20
1.1795e+06,11,RTS,20
1.1795e+06,6,RTS,20
1.17957e+06,20,CTS,14
1.17963e+06,17,QOSDATA_TID6,1066
1.17982e+06,20,ACK,14
1.17986e+06,17,CTL,20
1.17995e+06,19,RTS,20
1.17995e+06,16,RTS,20
1.17995e+06,13,RTS,20
1.17995e+06,15,RTS,20
1.18006e+06,18,RTS,20
1.18006e+06,10,RTS,20
1.18017e+06,15,RTS,20
1.18024e+06,20,CTS,14
1.1803e+06,15,QOSDATA_TID6,1066
1.18048e+06,20,ACK,14
1.18052e+06,15,CTL,20
1.18061e+06,2,RTS,20
1.18061e+06,9,RTS,20
1.18068e+06,20,CTS,14
1.18074e+06,2,QOSDATA_TID6,1066
1.18092e+06,20,ACK,14
1.18097e+06,2,CTL,20
1.18105e+06,10,RTS,20
1.18105e+06,1,RTS,20
1.18105e+06,11,RTS,20
1.18105e+06,15,RTS,20
1.18116e+06,3,RTS,20
1.18123e+06,20,CTS,14
1.18129e+06,3,QOSDATA_TID6,1066
1.18147e+06,20,ACK,14
1.18152e+06,3,QOSDATA_TID6,1066
1.1817e+06,20,ACK,14
1.18174e+06,3,CTL,20
1.18183e+06,1,RTS,20
1.18183e+06,6,RTS,20
1.18183e+06,13,RTS,20
1.18193e+06,4,RTS,20
1.182e+06,20,CTS,14
1.18206e+06,4,QOSDATA_TID6,1066
1.18224e+06,20,ACK,14
1.18228e+06,4,CTL,20
1.18238e+06,9,RTS,20
1.18245e+06,20,CTS,14
1.18251e+06,9,QOSDATA_TID6,1066
1.18269e+06,20,ACK,14
1.18274e+06,9,QOSDATA_TID6,1066
1.18292e+06,20,ACK,14
1.18296e+06,9,QOSDATA_TID6,1066
1.18315e+06,20,ACK,14
1.18319e+06,9,CTL,20
1.18328e+06,8,RTS,20
1.18328e+06,13,RTS,20
1.18334e+06,20,CTS,14
1.1834e+06,8,QOSDATA_TID6,1066
1.18359e+06,20,ACK,14
1.18363e+06,8,CTL,20
1.18373e+06,5,RTS,20
1.18373e+06,6,RTS,20
1.18373e+06,10,RTS,20
1.1838e+06,20,CTS,14
1.18386e+06,5,QOSDATA_TID6,1066
1.18404e+06,20,ACK,14
1.18408e+06,5,CTL,20
1.18419e+06,19,RTS,20
1.18419e+06,16,RTS,20
1.18419e+06,18,RTS,20
1.18419e+06,10,RTS,20
1.18419e+06,13,RTS,20
1.1843e+06,6,RTS,20
1.18436e+06,20,CTS,14
1.18442e+06,6,QOSDATA_TID6,1066
1.18461e+06,20,ACK,14
1.18465e+06,6,QOSDATA_TID6,1066
1.18484e+06,20,ACK,14
1.18488e+06,6,CTL,20
1.18496e+06,19,RTS,20
1.18503e+06,20,CTS,14
1.18509e+06,19,QOSDATA_TID6,1066
1.18528e+06,20,ACK,14
1.18532e+06,19,CTL,20
1.18541e+06,15,RTS,20
1.18541e+06,14,RTS,20
1.18551e+06,18,RTS,20
1.18558e+06,20,CTS,14
1.18564e+06,18,QOSDATA_TID6,1066
1.18583e+06,20,ACK,14
1.18587e+06,18,QOSDATA_TID6,1066
1.18605e+06,20,ACK,14
1.1861e+06,18,QOSDATA_TID6,1066
1.18628e+06,20,ACK,14
1.18633e+06,18,CTL,20
1.18641e+06,10,RTS,20
1.18641e+06,14,RTS,20
1.18641e+06,1,RTS,20
1.18641e+06,12,RTS,20
1.18641e+06,16,RTS,20
1.18651e+06,9,RTS,20
1.18658e+06,20,CTS,14
1.18664e+06,9,QOSDATA_TID6,1066
1.18682e+06,20,ACK,14
1.18687e+06,9,CTL,20
1.18695e+06,3,RTS,20
1.18695e+06,19,RTS,20
1.18695e+06,0,RTS,20
1.18707e+06,7,RTS,20
1.18714e+06,20,CTS,14
1.1872e+06,7,QOSDATA_TID6,1066
1.18738e+06,20,ACK,14
1.18742e+06,7,CTL,20
1.18751e+06,17,RTS,20
1.18751e+06,0,RTS,20
1.18758e+06,20,CTS,14
1.18764e+06,17,QOSDATA_TID6,1066
1.18782e+06,20,ACK,14
1.18787e+06,17,CTL,20
1.18795e+06,13,RTS,20
1.18802e+06,20,CTS,14
1.18808e+06,13,QOSDATA_TID6,1066
1.18826e+06,20,ACK,14
1.18831e+06,13,QOSDATA_TID6,1066
1.18849e+06,20,ACK,14
1.18854e+06,13,CTL,20
1.18862e+06,11,RTS,20
1.18862e+06,2,RTS,20
1.18862e+06,10,RTS,20
1.18873e+06,6,RTS,20
1.18873e+06,5,RTS,20
1.1888e+06,20,CTS,14
1.18886e+06,5,QOSDATA_TID6,1066
1.18904e+06,20,ACK,14
1.18909e+06,5,CTL,20
1.18917e+06,2,RTS,20
1.18917e+06,6,RTS,20
1.18917e+06,10,RTS,20
1.18929e+06,12,RTS,20
1.18929e+06,11,RTS,20
1.18929e+06,4,RTS,20
1.18936e+06,20,CTS,14
1.18942e+06,12,QOSDATA_TID6,1066
1.1896e+06,20,ACK,14
1.18964e+06,12,CTL,20
1.18973e+06,16,RTS,20
1.1898e+06,20,CTS,14
1.18986e+06,16,QOSDATA_TID6,1066
1.19004e+06,20,ACK,14
1.19009e+06,16,QOSDATA_TID6,1066
1.19027e+06,20,ACK,14
1.19031e+06,16,CTL,20
1.1904e+06,11,RTS,20
1.1904e+06,0,CTS,14
1.1905e+06,0,RTS,20
1.19056e+06,20,CTS,14
1.19062e+06,0,QOSDATA_TID6,1066
1.19081e+06,20,ACK,14
1.19085e+06,0,CTL,20
1.19094e+06,1,RTS,20
1.19094e+06,11,RTS,20
1.191e+06,20,CTS,14
1.19106e+06,1,QOSDATA_TID6,1066
1.19125e+06,20,ACK,14
1.19129e+06,1,QOSDATA_TID6,1066
1.19148e+06,20,ACK,14
1.19152e+06,1,CTL,20
1.19161e+06,14,RTS,20
1.19168e+06,20,CTS,14
1.19174e+06,14,QOSDATA_TID6,1066
1.19192e+06,20,ACK,14
1.19196e+06,14,QOSDATA_TID6,1066
1.19215e+06,20,ACK,14
1.19219e+06,14,CTL,20
1.19228e+06,18,RTS,20
1.19228e+06,11,RTS,20
1.19238e+06,15,RTS,20
1.19245e+06,20,CTS,14
1.19251e+06,15,QOSDATA_TID6,1066
1.1927e+06,20,ACK,14
1.19274e+06,15,QOSDATA_TID6,1066
1.19292e+06,20,ACK,14
1.19297e+06,15,CTL,20
1.19306e+06,3,RTS,20
1.19313e+06,20,CTS,14
1.19319e+06,3,QOSDATA_TID6,1066
1.19338e+06,20,ACK,14
1.19342e+06,3,CTL,20
1.1935e+06,10,RTS,20
1.1935e+06,19,RTS,20
1.1935e+06,8,RTS,20
1.1935e+06,6,RTS,20
1.1935e+06,16,RTS,20
1.1936e+06,7,RTS,20
1.1936e+06,2,RTS,20
1.1937e+06,19,RTS,20
1.19377e+06,20,CTS,14
1.19383e+06,19,QOSDATA_TID6,1066
1.19401e+06,20,ACK,14
1.19406e+06,19,CTL,20
1.19414e+06,8,RTS,20
1.19421e+06,20,CTS,14
1.19427e+06,8,QOSDATA_TID6,1066
1.19446e+06,20,ACK,14
1.1945e+06,8,CTL,20
1.19459e+06,4,RTS,20
1.19459e+06,9,RTS,20
1.19459e+06,18,RTS,20
1.19459e+06,13,RTS,20
1.19469e+06,12,RTS,20
1.19476e+06,20,CTS,14
1.19482e+06,12,QOSDATA_TID6,1066
1.195e+06,20,ACK,14
1.19505e+06,12,CTL,20
1.19514e+06,4,RTS,20
1.19514e+06,3,RTS,20
1.19526e+06,1,RTS,20
1.19533e+06,20,CTS,14
1.19539e+06,1,QOSDATA_TID6,1066
1.19557e+06,20,ACK,14
1.19562e+06,1,CTL,20
1.1957e+06,19,RTS,20
1.19577e+06,20,CTS,14
1.19583e+06,19,QOSDATA_TID6,1066
1.19601e+06,20,ACK,14
1.19606e+06,19,CTL,20
1.19615e+06,0,RTS,20
1.19622e+06,20,CTS,14
1.19628e+06,0,QOSDATA_TID6,1066
1.19646e+06,20,ACK,14
1.19651e+06,0,CTL,20
1.1966e+06,18,RTS,20
1.1966e+06,10,RTS,20
1.1966e+06,17,RTS,20
1.19666e+06,20,CTS,14
1.19672e+06,17,QOSDATA_TID6,1066
1.19691e+06,20,ACK,14
1.19695e+06,17,CTL,20
1.19704e+06,10,RTS,20
1.1971e+06,20,CTS,14
1.19716e+06,10,QOSDATA_TID6,1066
1.19735e+06,20,ACK,14
1.19739e+06,10,QOSDATA_TID6,1066
1.19758e+06,20,ACK,14
1.19762e+06,10,QOSDATA_TID6,1066
1.1978e+06,20,ACK,14
1.19785e+06,10,QOSDATA_TID6,1066
1.19803e+06,20,ACK,14
1.19808e+06,10,CTL,20
1.19816e+06,2,RTS,20
1.19816e+06,3,RTS,20
1.19816e+06,7,RTS,20
1.19816e+06,11,RTS,20
1.19816e+06,4,RTS,20
1.19826e+06,5,RTS,20
1.19826e+06,6,RTS,20
1.19833e+06,20,CTS,14
1.19839e+06,5,QOSDATA_TID6,1066
1.19857e+06,20,ACK,14
1.19862e+06,5,CTL,20
1.1987e+06,8,RTS,20
1.1987e+06,4,RTS,20
1.19877e+06,20,CTS,14
1.19883e+06,8,QOSDATA_TID6,1066
1.19902e+06,20,ACK,14
1.19906e+06,8,CTL,20
1.19914e+06,15,RTS,20
1.19914e+06,14,RTS,20
1.19924e+06,4,RTS,20
1.19931e+06,20,CTS,14
1.19937e+06,4,QOSDATA_TID6,1066
1.19956e+06,20,ACK,14
1.1996e+06,4,QOSDATA_TID6,1066
1.19978e+06,20,ACK,14
1.19983e+06,4,CTL,20
1.19991e+06,16,RTS,20
1.19991e+06,11,RTS,20
1.20002e+06,2,RTS,20
1.20002e+06,3,RTS,20
1.20002e+06,9,RTS,20
1.20002e+06,18,RTS,20
1.20012e+06,16,RTS,20
1.20012e+06,13,RTS,20
1.20022e+06,2,RTS,20
1.20022e+06,9,RTS,20
1.20028e+06,20,CTS,14
1.20034e+06,2,QOSDATA_TID6,1066
1.20053e+06,20,ACK,14
1.20057e+06,2,QOSDATA_TID6,1066
1.20076e+06,20,ACK,14
1.2008e+06,2,CTL,20
1.20089e+06,3,RTS,20
1.20089e+06,13,RTS,20
1.20098e+06,6,RTS,20
1.20105e+06,20,CTS,14
1.20111e+06,6,QOSDATA_TID6,1066
1.2013e+06,20,ACK,14
1.20134e+06,6,QOSDATA_TID6,1066
1.20152e+06,20,ACK,14
1.20157e+06,6,CTL,20
1.20166e+06,0,RTS,20
1.20173e+06,20,CTS,14
1.20179e+06,0,QOSDATA_TID6,1066
1.20198e+06,20,ACK,14
1.20202e+06,0,CTL,20
1.2021e+06,14,RTS,20
1.2021e+06,11,RTS,20
1.20221e+06,13,RTS,20
1.20228e+06,20,CTS,14
1.20234e+06,13,QOSDATA_TID6,1066
1.20252e+06,20,ACK,14
1.20257e+06,13,QOSDATA_TID6,1066
1.20275e+06,20,ACK,14
1.2028e+06,13,CTL,20
1.20289e+06,7,RTS,20
1.20289e+06,12,RTS,20
1.20289e+06,11,RTS,20
1.20299e+06,19,RTS,20
1.20306e+06,20,CTS,14
1.20312e+06,19,QOSDATA_TID6,1066
1.2033e+06,20,ACK,14
1.20335e+06,19,CTL,20
1.20343e+06,17,RTS,20
1.20343e+06,3,RTS,20
1.2035e+06,20,CTS,14
1.20356e+06,17,QOSDATA_TID6,1066
1.20374e+06,20,ACK,14
1.20379e+06,17,CTL,20
1.20388e+06,1,RTS,20
1.20388e+06,12,RTS,20
1.20388e+06,11,RTS,20
1.20388e+06,3,RTS,20
1.20388e+06,15,RTS,20
1.204e+06,6,RTS,20
1.20407e+06,20,CTS,14
1.20413e+06,6,QOSDATA_TID6,1066
1.20431e+06,20,ACK,14
1.20436e+06,6,CTL,20
1.20444e+06,18,RTS,20
1.20451e+06,20,CTS,14
1.20457e+06,18,QOSDATA_TID6,1066
1.20475e+06,20,ACK,14
1.2048e+06,18,QOSDATA_TID6,1066
1.20498e+06,20,ACK,14
1.20502e+06,18,CTL,20
1.20511e+06,3,RTS,20
1.20518e+06,20,CTS,14
1.20524e+06,3,QOSDATA_TID6,1066
1.20542e+06,20,ACK,14
1.20547e+06,3,QOSDATA_TID6,1066
1.20565e+06,20,ACK,14
1.2057e+06,3,CTL,20
1.20578e+06,9,RTS,20
1.20578e+06,2,RTS,20
1.20578e+06,10,RTS,20
1.20578e+06,5,RTS,20
1.20578e+06,7,RTS,20
1.20578e+06,14,RTS,20
1.20585e+06,20,CTS,14
1.20591e+06,5,QOSDATA_TID6,1066
1.20609e+06,20,ACK,14
1.20614e+06,5,CTL,20
1.20622e+06,2,RTS,20
1.20629e+06,20,CTS,14
1.20635e+06,2,QOSDATA_TID6,1066
1.20654e+06,20,ACK,14
1.20658e+06,2,CTL,20
1.20666e+06,10,RTS,20
1.20666e+06,8,RTS,20
1.20666e+06,14,RTS,20
1.20666e+06,16,RTS,20
1.20666e+06,4,RTS,20
1.20676e+06,12,RTS,20
1.20683e+06,20,CTS,14
1.20689e+06,12,QOSDATA_TID6,1066
1.20708e+06,20,ACK,14
1.20712e+06,12,CTL,20
1.2072e+06,16,RTS,20
1.2072e+06,14,RTS,20
1.2072e+06,9,RTS,20
1.2073e+06,18,RTS,20
1.20737e+06,20,CTS,14
1.20743e+06,18,QOSDATA_TID6,1066
1.20762e+06,20,ACK,14
1.20766e+06,18,CTL,20
1.20774e+06,9,RTS,20
1.20781e+06,20,CTS,14
1.20787e+06,9,QOSDATA_TID6,1066
1.20806e+06,20,ACK,14
1.2081e+06,9,QOSDATA_TID6,1066
1.20828e+06,20,ACK,14
1.20833e+06,9,CTL,20
1.20842e+06,10,RTS,20
1.20848e+06,20,CTS,14
1.20854e+06,10,QOSDATA_TID6,1066
1.20873e+06,20,ACK,14
1.20877e+06,10,CTL,20
1.20887e+06,15,RTS,20
1.20887e+06,16,RTS,20
1.20887e+06,4,RTS,20
1.20897e+06,8,RTS,20
1.20904e+06,20,CTS,14
1.2091e+06,8,QOSDATA_TID6,1066
1.20928e+06,20,ACK,14
1.20933e+06,8,CTL,20
1.20942e+06,7,RTS,20
1.20942e+06,0,RTS,20
1.20952e+06,15,RTS,20
1.20959e+06,20,CTS,14
1.20965e+06,15,QOSDATA_TID6,1066
1.20983e+06,20,ACK,14
1.20988e+06,15,QOSDATA_TID6,1066
1.21006e+06,20,ACK,14
1.21011e+06,15,CTL,20
1.2102e+06,13,RTS,20
1.2102e+06,4,RTS,20
1.21032e+06,9,RTS,20
1.21038e+06,20,CTS,14
1.21044e+06,9,QOSDATA_TID6,1066
1.21063e+06,20,ACK,14
1.21067e+06,9,CTL,20
1.21077e+06,7,RTS,20
1.21084e+06,20,CTS,14
1.2109e+06,7,QOSDATA_TID6,1066
1.21108e+06,20,ACK,14
1.21112e+06,7,QOSDATA_TID6,1066
1.21131e+06,20,ACK,14
1.21135e+06,7,QOSDATA_TID6,1066
1.21154e+06,20,ACK,14
1.21158e+06,7,CTL,20
1.21167e+06,1,RTS,20
1.21167e+06,11,RTS,20
1.21167e+06,3,RTS,20
1.21176e+06,12,RTS,20
1.21183e+06,20,CTS,14
1.21189e+06,12,QOSDATA_TID6,1066
1.21208e+06,20,ACK,14
1.21212e+06,12,CTL,20
1.21221e+06,6,RTS,20
1.21228e+06,20,CTS,14
1.21234e+06,6,QOSDATA_TID6,1066
1.21252e+06,20,ACK,14
1.21256e+06,6,CTL,20
1.21265e+06,14,RTS,20
1.21265e+06,15,RTS,20
1.21265e+06,19,RTS,20
1.21276e+06,10,RTS,20
1.21282e+06,20,CTS,14
1.21288e+06,10,QOSDATA_TID6,1066
1.21307e+06,20,ACK,14
1.21311e+06,10,CTL,20
1.2132e+06,0,RTS,20
1.2132e+06,15,RTS,20
1.2133e+06,17,RTS,20
1.21336e+06,20,CTS,14
1.21342e+06,17,QOSDATA_TID6,1066
1.21361e+06,20,ACK,14
1.21365e+06,17,CTL,20
1.21374e+06,16,RTS,20
1.21374e+06,0,CTS,14
1.21382e+06,0,RTS,20
1.21389e+06,20,CTS,14
1.21395e+06,0,QOSDATA_TID6,1066
1.21414e+06,20,ACK,14
1.21418e+06,0,CTL,20
1.21427e+06,5,RTS,20
1.21433e+06,20,CTS,14
1.21439e+06,5,QOSDATA_TID6,1066
1.21458e+06,20,ACK,14
1.21462e+06,5,CTL,20
1.21471e+06,13,RTS,20
1.21478e+06,20,CTS,14
1.21484e+06,13,QOSDATA_TID6,1066
1.21502e+06,20,ACK,14
1.21506e+06,13,CTL,20
1.21515e+06,4,RTS,20
1.21515e+06,1,RTS,20
1.21515e+06,19,RTS,20
1.21515e+06,18,RTS,20
1.21515e+06,3,RTS,20
1.21525e+06,8,RTS,20
1.21525e+06,11,RTS,20
1.21532e+06,20,CTS,14
1.21538e+06,8,QOSDATA_TID6,1066
1.21556e+06,20,ACK,14
1.2156e+06,8,CTL,20
1.21569e+06,4,RTS,20
1.21569e+06,18,RTS,20
1.21576e+06,20,CTS,14
1.21582e+06,18,QOSDATA_TID6,1066
1.216e+06,20,ACK,14
1.21605e+06,18,CTL,20
1.21613e+06,15,RTS,20
1.2162e+06,20,CTS,14
1.21626e+06,15,QOSDATA_TID6,1066
1.21644e+06,20,ACK,14
1.21649e+06,15,CTL,20
1.21657e+06,2,RTS,20
1.21664e+06,20,CTS,14
1.2167e+06,2,QOSDATA_TID6,1066
1.21689e+06,20,ACK,14
1.21693e+06,2,CTL,20
1.21702e+06,14,RTS,20
1.21708e+06,20,CTS,14
1.21714e+06,14,QOSDATA_TID6,1066
1.21733e+06,20,ACK,14
1.21737e+06,14,QOSDATA_TID6,1066
1.21756e+06,20,ACK,14
1.2176e+06,14,QOSDATA_TID6,1066
1.21778e+06,20,ACK,14
1.21783e+06,14,CTL,20
1.21791e+06,11,RTS,20
1.21791e+06,16,RTS,20
1.21801e+06,7,RTS,20
1.21801e+06,9,RTS,20
1.21808e+06,20,CTS,14
1.21814e+06,7,QOSDATA_TID6,1066
1.21832e+06,20,ACK,14
1.21837e+06,7,CTL,20
1.21846e+06,16,RTS,20
1.21846e+06,19,RTS,20
1.21846e+06,0,RTS,20
1.21856e+06,9,RTS,20
1.21856e+06,13,RTS,20
1.21866e+06,0,RTS,20
1.21873e+06,20,CTS,14
1.21879e+06,0,QOSDATA_TID6,1066
1.21897e+06,20,ACK,14
1.21902e+06,0,CTL,20
1.2191e+06,6,RTS,20
1.21917e+06,20,CTS,14
1.21923e+06,6,QOSDATA_TID6,1066
1.21941e+06,20,ACK,14
1.21946e+06,6,CTL,20
1.21954e+06,12,RTS,20
1.21954e+06,17,RTS,20
1.21954e+06,3,RTS,20
1.21954e+06,19,RTS,20
1.21964e+06,1,RTS,20
1.21971e+06,20,CTS,14
1.21977e+06,1,QOSDATA_TID6,1066
1.21995e+06,20,ACK,14
1.22e+06,1,QOSDATA_TID6,1066
1.22018e+06,20,ACK,14
1.22023e+06,1,QOSDATA_TID6,1066
1.22041e+06,20,ACK,14
1.22045e+06,1,CTL,20
1.22054e+06,11,RTS,20
1.22054e+06,12,RTS,20
1.22054e+06,4,RTS,20
1.22054e+06,3,RTS,20
1.22061e+06,20,CTS,14
1.22067e+06,12,QOSDATA_TID6,1066
1.22085e+06,20,ACK,14
1.2209e+06,12,CTL,20
1.22098e+06,11,RTS,20
1.22098e+06,19,RTS,20
1.22098e+06,13,RTS,20
1.22098e+06,3,RTS,20
1.22115e+06,11,RTS,20
1.22115e+06,13,RTS,20
1.22115e+06,3,RTS,20
1.22126e+06,5,RTS,20
1.22126e+06,19,RTS,20
1.22133e+06,20,CTS,14
1.22139e+06,5,QOSDATA_TID6,1066
1.22158e+06,20,ACK,14
1.22162e+06,5,CTL,20
1.22172e+06,17,RTS,20
1.22172e+06,11,RTS,20
1.22172e+06,16,RTS,20
1.22178e+06,20,CTS,14
1.22184e+06,17,QOSDATA_TID6,1066
1.22203e+06,20,ACK,14
1.22207e+06,17,CTL,20
1.22216e+06,2,RTS,20
1.22216e+06,10,RTS,20
1.22223e+06,20,CTS,14
1.22229e+06,2,QOSDATA_TID6,1066
1.22247e+06,20,ACK,14
1.22251e+06,2,CTL,20
1.2226e+06,15,RTS,20
1.22267e+06,20,CTS,14
1.22273e+06,15,QOSDATA_TID6,1066
1.22291e+06,20,ACK,14
1.22296e+06,15,CTL,20
1.22304e+06,8,RTS,20
1.22304e+06,18,RTS,20
1.22311e+06,20,CTS,14
1.22317e+06,8,QOSDATA_TID6,1066
1.22335e+06,20,ACK,14
1.2234e+06,8,CTL,20
1.22349e+06,16,RTS,20
1.22349e+06,3,RTS,20
1.22349e+06,9,RTS,20
1.22349e+06,18,RTS,20
1.22349e+06,13,RTS,20
1.22361e+06,14,RTS,20
1.22368e+06,20,CTS,14
1.22374e+06,14,QOSDATA_TID6,1066
1.22392e+06,20,ACK,14
1.22396e+06,14,CTL,20
1.22405e+06,19,RTS,20
1.22405e+06,16,RTS,20
1.22412e+06,20,CTS,14
1.22418e+06,19,QOSDATA_TID6,1066
1.22436e+06,20,ACK,14
1.22441e+06,19,QOSDATA_TID6,1066
1.22459e+06,20,ACK,14
1.22464e+06,19,CTL,20
1.22472e+06,16,RTS,20
1.22479e+06,20,CTS,14
1.22485e+06,16,QOSDATA_TID6,1066
1.22503e+06,20,ACK,14
1.22508e+06,16,QOSDATA_TID6,1066
1.22526e+06,20,ACK,14
1.2253e+06,16,QOSDATA_TID6,1066
1.22549e+06,20,ACK,14
1.22553e+06,16,QOSDATA_TID6,1066
1.22572e+06,20,ACK,14
1.22576e+06,16,CTL,20
1.22586e+06,4,RTS,20
1.22586e+06,0,RTS,20
1.22586e+06,10,RTS,20
1.22592e+06,20,CTS,14
1.22598e+06,0,QOSDATA_TID6,1066
1.22617e+06,20,ACK,14
1.22621e+06,0,CTL,20
1.22631e+06,10,RTS,20
1.22638e+06,20,CTS,14
1.22644e+06,10,QOSDATA_TID6,1066
1.22662e+06,20,ACK,14
1.22666e+06,10,CTL,20
1.22675e+06,9,RTS,20
1.22675e+06,12,RTS,20
1.22675e+06,11,RTS,20
1.22682e+06,20,CTS,14
1.22688e+06,12,QOSDATA_TID6,1066
1.22706e+06,20,ACK,14
1.2271e+06,12,CTL,20
1.22719e+06,1,RTS,20
1.22719e+06,6,RTS,20
1.22729e+06,13,RTS,20
1.22736e+06,20,CTS,14
1.22742e+06,13,QOSDATA_TID6,1066
1.2276e+06,20,ACK,14
1.22765e+06,13,QOSDATA_TID6,1066
1.22783e+06,20,ACK,14
1.22787e+06,13,CTL,20
1.22796e+06,1,RTS,20
1.22803e+06,20,CTS,14
1.22809e+06,1,QOSDATA_TID6,1066
1.22827e+06,20,ACK,14
1.22832e+06,1,CTL,20
1.2284e+06,7,RTS,20
1.2284e+06,3,RTS,20
1.22847e+06,20,CTS,14
1.22853e+06,7,QOSDATA_TID6,1066
1.22871e+06,20,ACK,14
1.22876e+06,7,CTL,20
1.22884e+06,2,RTS,20
1.22884e+06,6,RTS,20
1.22894e+06,18,RTS,20
1.22901e+06,20,CTS,14
1.22907e+06,18,QOSDATA_TID6,1066
1.22925e+06,20,ACK,14
1.2293e+06,18,CTL,20
1.22939e+06,5,RTS,20
1.22939e+06,15,RTS,20
1.22939e+06,11,RTS,20
1.22946e+06,20,CTS,14
1.22952e+06,5,QOSDATA_TID6,1066
1.2297e+06,20,ACK,14
1.22975e+06,5,CTL,20
1.22984e+06,10,RTS,20
1.22991e+06,20,CTS,14
1.22997e+06,10,QOSDATA_TID6,1066
1.23016e+06,20,ACK,14
1.2302e+06,10,CTL,20
1.23029e+06,3,RTS,20
1.23029e+06,19,RTS,20
1.23029e+06,17,RTS,20
1.23029e+06,11,RTS,20
1.23029e+06,4,RTS,20
1.23038e+06,18,RTS,20
1.23045e+06,20,CTS,14
1.23051e+06,18,QOSDATA_TID6,1066
1.2307e+06,20,ACK,14
1.23074e+06,18,CTL,20
1.23083e+06,6,RTS,20
1.23089e+06,20,CTS,14
1.23095e+06,6,QOSDATA_TID6,1066
1.23114e+06,20,ACK,14
1.23118e+06,6,CTL,20
1.23127e+06,9,RTS,20
1.23127e+06,19,RTS,20
1.23127e+06,11,RTS,20
1.23137e+06,15,RTS,20
1.23137e+06,14,RTS,20
1.23147e+06,19,RTS,20
1.23154e+06,20,CTS,14
1.2316e+06,19,QOSDATA_TID6,1066
1.23178e+06,20,ACK,14
1.23183e+06,19,CTL,20
1.23192e+06,8,RTS,20
1.23192e+06,2,RTS,20
1.23192e+06,9,RTS,20
1.23192e+06,4,RTS,20
1.23203e+06,14,RTS,20
1.2321e+06,20,CTS,14
1.23216e+06,14,QOSDATA_TID6,1066
1.23234e+06,20,ACK,14
1.23239e+06,14,CTL,20
1.23247e+06,2,RTS,20
1.23247e+06,16,RTS,20
1.23257e+06,15,RTS,20
1.23264e+06,20,CTS,14
1.2327e+06,15,QOSDATA_TID6,1066
1.23288e+06,20,ACK,14
1.23293e+06,15,CTL,20
1.23301e+06,17,RTS,20
1.23301e+06,8,RTS,20
1.23311e+06,0,RTS,20
1.23318e+06,20,CTS,14
1.23324e+06,0,QOSDATA_TID6,1066
1.23342e+06,20,ACK,14
1.23347e+06,0,CTL,20
1.23356e+06,17,RTS,20
1.23356e+06,3,RTS,20
1.23363e+06,20,CTS,14
1.23369e+06,17,QOSDATA_TID6,1066
1.23387e+06,20,ACK,14
1.23392e+06,17,CTL,20
1.23402e+06,7,RTS,20
1.23402e+06,11,RTS,20
1.23402e+06,9,RTS,20
1.23409e+06,20,CTS,14
1.23415e+06,7,QOSDATA_TID6,1066
1.23433e+06,20,ACK,14
1.23438e+06,7,CTL,20
1.23447e+06,12,RTS,20
1.23447e+06,8,RTS,20
1.23458e+06,4,RTS,20
1.23465e+06,20,CTS,14
1.23471e+06,4,QOSDATA_TID6,1066
1.23489e+06,20,ACK,14
1.23494e+06,4,QOSDATA_TID6,1066
1.23512e+06,20,ACK,14
1.23516e+06,4,QOSDATA_TID6,1066
1.23535e+06,20,ACK,14
1.23539e+06,4,CTL,20
1.23548e+06,12,RTS,20
1.23548e+06,9,RTS,20
1.23555e+06,20,CTS,14
1.23561e+06,12,QOSDATA_TID6,1066
1.23579e+06,20,ACK,14
1.23584e+06,12,CTL,20
1.23592e+06,6,RTS,20
1.23592e+06,9,RTS,20
1.23599e+06,20,CTS,14
1.23605e+06,6,QOSDATA_TID6,1066
1.23623e+06,20,ACK,14
1.23628e+06,6,CTL,20
1.23636e+06,1,RTS,20
1.23643e+06,20,CTS,14
1.23649e+06,1,QOSDATA_TID6,1066
1.23668e+06,20,ACK,14
1.23672e+06,1,CTL,20
1.2368e+06,17,RTS,20
1.2368e+06,5,RTS,20
1.2368e+06,11,RTS,20
1.23691e+06,19,RTS,20
1.23691e+06,13,RTS,20
1.23691e+06,2,RTS,20
1.23691e+06,9,RTS,20
1.23691e+06,15,RTS,20
1.23701e+06,10,RTS,20
1.23701e+06,4,RTS,20
1.23716e+06,4,RTS,20
1.23716e+06,19,RTS,20
1.23716e+06,5,RTS,20
1.23723e+06,20,CTS,14
1.23729e+06,5,QOSDATA_TID6,1066
1.23747e+06,20,ACK,14
1.23752e+06,5,CTL,20
1.23761e+06,2,RTS,20
1.23761e+06,11,RTS,20
1.23774e+06,2,RTS,20
1.23781e+06,20,CTS,14
1.23787e+06,2,QOSDATA_TID6,1066
1.23806e+06,20,ACK,14
1.2381e+06,2,QOSDATA_TID6,1066
1.23828e+06,20,ACK,14
1.23833e+06,2,CTL,20
1.23841e+06,18,RTS,20
1.23841e+06,19,RTS,20
1.23841e+06,15,RTS,20
1.23853e+06,9,RTS,20
1.2386e+06,20,CTS,14
1.23866e+06,9,QOSDATA_TID6,1066
1.23884e+06,20,ACK,14
1.23889e+06,9,QOSDATA_TID6,1066
1.23907e+06,20,ACK,14
1.23911e+06,9,CTL,20
1.2392e+06,3,RTS,20
1.23927e+06,20,CTS,14
1.23933e+06,3,QOSDATA_TID6,1066
1.23951e+06,20,ACK,14
1.23956e+06,3,QOSDATA_TID6,1066
1.23974e+06,20,ACK,14
1.23978e+06,3,QOSDATA_TID6,1066
1.23997e+06,20,ACK,14
1.24001e+06,3,CTL,20
1.2401e+06,18,RTS,20
1.24017e+06,20,CTS,14
1.24023e+06,18,QOSDATA_TID6,1066
1.24041e+06,20,ACK,14
1.24045e+06,18,CTL,20
1.24054e+06,17,RTS,20
1.24054e+06,14,RTS,20
1.24054e+06,16,RTS,20
1.24054e+06,4,RTS,20
1.24061e+06,20,CTS,14
1.24067e+06,17,QOSDATA_TID6,1066
1.24085e+06,20,ACK,14
1.2409e+06,17,CTL,20
1.24099e+06,19,RTS,20
1.24099e+06,15,RTS,20
1.24099e+06,10,RTS,20
1.24109e+06,0,RTS,20
1.24116e+06,20,CTS,14
1.24122e+06,0,QOSDATA_TID6,1066
1.2414e+06,20,ACK,14
1.24144e+06,0,CTL,20
1.24154e+06,15,RTS,20
1.24161e+06,20,CTS,14
1.24167e+06,15,QOSDATA_TID6,1066
1.24185e+06,20,ACK,14
1.2419e+06,15,CTL,20
1.24198e+06,8,RTS,20
1.24198e+06,16,RTS,20
1.24198e+06,4,RTS,20
1.24205e+06,20,CTS,14
1.24211e+06,8,QOSDATA_TID6,1066
1.24229e+06,20,ACK,14
1.24234e+06,8,QOSDATA_TID6,1066
1.24252e+06,20,ACK,14
1.24257e+06,8,CTL,20
1.24265e+06,12,RTS,20
1.24265e+06,7,RTS,20
1.24265e+06,3,RTS,20
1.24272e+06,20,CTS,14
1.24278e+06,12,QOSDATA_TID6,1066
1.24296e+06,20,ACK,14
1.24301e+06,12,CTL,20
1.24309e+06,7,RTS,20
1.24309e+06,11,RTS,20
1.24309e+06,16,RTS,20
1.24309e+06,6,RTS,20
1.24309e+06,3,RTS,20
1.24319e+06,1,RTS,20
1.24326e+06,20,CTS,14
1.24332e+06,1,QOSDATA_TID6,1066
1.2435e+06,20,ACK,14
1.24355e+06,1,CTL,20
1.24364e+06,10,RTS,20
1.2437e+06,20,CTS,14
1.24376e+06,10,QOSDATA_TID6,1066
1.24395e+06,20,ACK,14
1.24399e+06,10,CTL,20
1.24408e+06,9,RTS,20
1.24414e+06,20,CTS,14
1.2442e+06,9,QOSDATA_TID6,1066
1.24439e+06,20,ACK,14
1.24443e+06,9,CTL,20
1.24452e+06,3,RTS,20
1.24452e+06,17,RTS,20
1.24452e+06,4,RTS,20
1.24459e+06,20,CTS,14
1.24465e+06,17,QOSDATA_TID6,1066
1.24483e+06,20,ACK,14
1.24488e+06,17,CTL,20
1.24495e+06,20,BEACON,152
1.24521e+06,2,RTS,20
1.24528e+06,20,CTS,14
1.24534e+06,2,QOSDATA_TID6,1066
1.24553e+06,20,ACK,14
1.24557e+06,2,CTL,20
1.24566e+06,10,RTS,20
1.24566e+06,19,RTS,20
1.24566e+06,14,RTS,20
1.24566e+06,4,RTS,20
1.24566e+06,13,RTS,20
1.24576e+06,7,RTS,20
1.24576e+06,6,RTS,20
1.24587e+06,15,RTS,20
1.24594e+06,20,CTS,14
1.246e+06,15,QOSDATA_TID6,1066
1.24618e+06,20,ACK,14
1.24623e+06,15,CTL,20
1.24631e+06,14,RTS,20
1.24631e+06,18,RTS,20
1.24631e+06,19,RTS,20
1.24643e+06,7,RTS,20
1.24643e+06,13,RTS,20
1.2465e+06,20,CTS,14
1.24656e+06,7,QOSDATA_TID6,1066
1.24674e+06,20,ACK,14
1.24678e+06,7,CTL,20
1.24687e+06,3,RTS,20
1.24694e+06,20,CTS,14
1.247e+06,3,QOSDATA_TID6,1066
1.24718e+06,20,ACK,14
1.24723e+06,3,CTL,20
1.24731e+06,8,RTS,20
1.24738e+06,20,CTS,14
1.24744e+06,8,QOSDATA_TID6,1066
1.24762e+06,20,ACK,14
1.24767e+06,8,CTL,20
1.24775e+06,5,RTS,20
1.24775e+06,6,RTS,20
1.24782e+06,20,CTS,14
1.24788e+06,5,QOSDATA_TID6,1066
1.24807e+06,20,ACK,14
1.24811e+06,5,CTL,20
1.2482e+06,11,RTS,20
1.2482e+06,14,RTS,20
1.24832e+06,13,RTS,20
1.24839e+06,20,CTS,14
1.24845e+06,13,QOSDATA_TID6,1066
1.24863e+06,20,ACK,14
1.24868e+06,13,QOSDATA_TID6,1066
1.24886e+06,20,ACK,14
1.2489e+06,13,CTL,20
1.24899e+06,14,RTS,20
1.24906e+06,20,CTS,14
1.24912e+06,14,QOSDATA_TID6,1066
1.2493e+06,20,ACK,14
1.24935e+06,14,QOSDATA_TID6,1066
1.24953e+06,20,ACK,14
1.24958e+06,14,CTL,20
1.24966e+06,0,RTS,20
1.24973e+06,20,CTS,14
1.24979e+06,0,QOSDATA_TID6,1066
1.24997e+06,20,ACK,14
1.25002e+06,0,CTL,20
1.2501e+06,18,RTS,20
1.2501e+06,10,RTS,20
1.2501e+06,13,RTS,20
1.2501e+06,11,RTS,20
1.2501e+06,16,RTS,20
1.25021e+06,7,RTS,20
1.25021e+06,9,RTS,20
1.25028e+06,20,CTS,14
1.25034e+06,7,QOSDATA_TID6,1066
1.25052e+06,20,ACK,14
1.25057e+06,7,CTL,20
1.25065e+06,12,RTS,20
1.25065e+06,3,RTS,20
1.25072e+06,20,CTS,14
1.25078e+06,12,QOSDATA_TID6,1066
1.25096e+06,20,ACK,14
1.25101e+06,12,CTL,20
1.25109e+06,6,RTS,20
1.25116e+06,20,CTS,14
1.25122e+06,6,QOSDATA_TID6,1066
1.25141e+06,20,ACK,14
1.25145e+06,6,QOSDATA_TID6,1066
1.25164e+06,20,ACK,14
1.25168e+06,6,CTL,20
1.25176e+06,3,RTS,20
1.25176e+06,19,RTS,20
1.25183e+06,20,CTS,14
1.25189e+06,19,QOSDATA_TID6,1066
1.25208e+06,20,ACK,14
1.25212e+06,19,QOSDATA_TID6,1066
1.2523e+06,20,ACK,14
1.25235e+06,19,QOSDATA_TID6,1066
1.25253e+06,20,ACK,14
1.25258e+06,19,CTL,20
1.25267e+06,15,RTS,20
1.25274e+06,20,CTS,14
1.2528e+06,15,QOSDATA_TID6,1066
1.25298e+06,20,ACK,14
1.25303e+06,15,CTL,20
1.25311e+06,13,RTS,20
1.25311e+06,11,RTS,20
1.25311e+06,4,RTS,20
1.25322e+06,5,RTS,20
1.25322e+06,2,RTS,20
1.25322e+06,3,RTS,20
1.25322e+06,9,RTS,20
1.25329e+06,20,CTS,14
1.25335e+06,5,QOSDATA_TID6,1066
1.25353e+06,20,ACK,14
1.25358e+06,5,CTL,20
1.25366e+06,2,RTS,20
1.25366e+06,16,RTS,20
1.25377e+06,17,RTS,20
1.25384e+06,20,CTS,14
1.2539e+06,17,QOSDATA_TID6,1066
1.25408e+06,20,ACK,14
1.25413e+06,17,CTL,20
1.25422e+06,1,RTS,20
1.25422e+06,2,RTS,20
1.25434e+06,13,RTS,20
1.2544e+06,20,CTS,14
1.25446e+06,13,QOSDATA_TID6,1066
1.25465e+06,20,ACK,14
1.25469e+06,13,CTL,20
1.25478e+06,8,RTS,20
1.25485e+06,20,CTS,14
1.25491e+06,8,QOSDATA_TID6,1066
1.25509e+06,20,ACK,14
1.25514e+06,8,CTL,20
1.25522e+06,2,RTS,20
1.25529e+06,20,CTS,14
1.25535e+06,2,QOSDATA_TID6,1066
1.25553e+06,20,ACK,14
1.25558e+06,2,CTL,20
1.25567e+06,10,RTS,20
1.25567e+06,14,RTS,20
1.25578e+06,1,RTS,20
1.25585e+06,20,CTS,14
1.25591e+06,1,QOSDATA_TID6,1066
1.25609e+06,20,ACK,14
1.25614e+06,1,CTL,20
1.25622e+06,4,RTS,20
1.25629e+06,20,CTS,14
1.25635e+06,4,QOSDATA_TID6,1066
1.25653e+06,20,ACK,14
1.25658e+06,4,QOSDATA_TID6,1066
1.25676e+06,20,ACK,14
1.2568e+06,4,CTL,20
1.25689e+06,11,RTS,20
1.25696e+06,20,CTS,14
1.25702e+06,11,QOSDATA_TID6,1066
1.2572e+06,20,ACK,14
1.25725e+06,11,QOSDATA_TID6,1066
1.25743e+06,20,ACK,14
1.25748e+06,11,QOSDATA_TID6,1066
1.25766e+06,20,ACK,14
1.2577e+06,11,QOSDATA_TID6,1066
1.25789e+06,20,ACK,14
1.25793e+06,11,QOSDATA_TID6,1066
1.25812e+06,20,ACK,14
1.25816e+06,11,QOSDATA_TID6,1066
1.25834e+06,20,ACK,14
1.25839e+06,11,CTL,20
1.25847e+06,12,RTS,20
1.25847e+06,13,RTS,20
1.25847e+06,18,RTS,20
1.25854e+06,20,CTS,14
1.2586e+06,12,QOSDATA_TID6,1066
1.25878e+06,20,ACK,14
1.25883e+06,12,CTL,20
1.25892e+06,11,RTS,20
1.25892e+06,16,RTS,20
1.25892e+06,14,RTS,20
1.25902e+06,3,RTS,20
1.25909e+06,20,CTS,14
1.25915e+06,3,QOSDATA_TID6,1066
1.25933e+06,20,ACK,14
1.25938e+06,3,QOSDATA_TID6,1066
1.25956e+06,20,ACK,14
1.25961e+06,3,CTL,20
1.25969e+06,9,RTS,20
1.25969e+06,17,RTS,20
1.25969e+06,7,RTS,20
1.2598e+06,11,RTS,20
1.25987e+06,20,CTS,14
1.25993e+06,11,QOSDATA_TID6,1066
1.26011e+06,20,ACK,14
1.26016e+06,11,CTL,20
1.26024e+06,0,RTS,20
1.26031e+06,20,CTS,14
1.26037e+06,0,QOSDATA_TID6,1066
1.26055e+06,20,ACK,14
1.2606e+06,0,CTL,20
1.26068e+06,6,RTS,20
1.26068e+06,15,RTS,20
1.26068e+06,13,RTS,20
1.26078e+06,19,RTS,20
1.26078e+06,2,RTS,20
1.26088e+06,13,RTS,20
1.26095e+06,20,CTS,14
1.26101e+06,13,QOSDATA_TID6,1066
1.26119e+06,20,ACK,14
1.26124e+06,13,CTL,20
1.26132e+06,4,RTS,20
1.26132e+06,19,RTS,20
1.26139e+06,20,CTS,14
1.26145e+06,19,QOSDATA_TID6,1066
1.26163e+06,20,ACK,14
1.26168e+06,19,CTL,20
1.26177e+06,16,RTS,20
1.26177e+06,9,RTS,20
1.26187e+06,5,RTS,20
1.26187e+06,15,RTS,20
1.26187e+06,14,RTS,20
1.26194e+06,20,CTS,14
1.262e+06,5,QOSDATA_TID6,1066
1.26218e+06,20,ACK,14
1.26223e+06,5,CTL,20
1.26231e+06,9,RTS,20
1.26238e+06,20,CTS,14
1.26244e+06,9,QOSDATA_TID6,1066
1.26262e+06,20,ACK,14
1.26267e+06,9,QOSDATA_TID6,1066
1.26285e+06,20,ACK,14
1.2629e+06,9,CTL,20
1.26298e+06,6,RTS,20
1.26298e+06,15,RTS,20
1.26309e+06,1,RTS,20
1.26309e+06,16,RTS,20
1.26316e+06,20,CTS,14
1.26322e+06,1,QOSDATA_TID6,1066
1.2634e+06,20,ACK,14
1.26345e+06,1,CTL,20
1.26354e+06,16,RTS,20
1.26354e+06,7,RTS,20
1.26354e+06,2,RTS,20
1.26354e+06,18,RTS,20
1.26364e+06,8,RTS,20
1.26371e+06,20,CTS,14
1.26377e+06,8,QOSDATA_TID6,1066
1.26395e+06,20,ACK,14
1.264e+06,8,CTL,20
1.26408e+06,2,RTS,20
1.26415e+06,20,CTS,14
1.26421e+06,2,QOSDATA_TID6,1066
1.26439e+06,20,ACK,14
1.26444e+06,2,CTL,20
1.26452e+06,14,RTS,20
1.26452e+06,15,RTS,20
1.26462e+06,10,RTS,20
1.26469e+06,20,CTS,14
1.26475e+06,10,QOSDATA_TID6,1066
1.26493e+06,20,ACK,14
1.26498e+06,10,QOSDATA_TID6,1066
1.26516e+06,20,ACK,14
1.2652e+06,10,QOSDATA_TID6,1066
1.26539e+06,20,ACK,14
1.26543e+06,10,CTL,20
1.26552e+06,0,RTS,20
1.26552e+06,15,RTS,20
1.26562e+06,17,RTS,20
1.26568e+06,20,CTS,14
1.26574e+06,17,QOSDATA_TID6,1066
1.26593e+06,20,ACK,14
1.26597e+06,17,CTL,20
1.26606e+06,4,RTS,20
1.26613e+06,20,CTS,14
1.26619e+06,4,QOSDATA_TID6,1066
1.26637e+06,20,ACK,14
1.26642e+06,4,CTL,20
1.2665e+06,12,RTS,20
1.2665e+06,15,RTS,20
1.2665e+06,14,RTS,20
1.26657e+06,20,CTS,14
1.26663e+06,12,QOSDATA_TID6,1066
1.26681e+06,20,ACK,14
1.26686e+06,12,CTL,20
1.26694e+06,3,RTS,20
1.26694e+06,9,RTS,20
1.26704e+06,0,RTS,20
1.26704e+06,11,RTS,20
1.26704e+06,16,RTS,20
1.26704e+06,14,RTS,20
1.26714e+06,19,RTS,20
1.26721e+06,20,CTS,14
1.26727e+06,19,QOSDATA_TID6,1066
1.26745e+06,20,ACK,14
1.2675e+06,19,CTL,20
1.26758e+06,9,RTS,20
1.26758e+06,13,RTS,20
1.26768e+06,17,RTS,20
1.26775e+06,20,CTS,14
1.26781e+06,17,QOSDATA_TID6,1066
1.26799e+06,20,ACK,14
1.26804e+06,17,CTL,20
1.26812e+06,6,RTS,20
1.26819e+06,20,CTS,14
1.26825e+06,6,QOSDATA_TID6,1066
1.26843e+06,20,ACK,14
1.26848e+06,6,QOSDATA_TID6,1066
1.26866e+06,20,ACK,14
1.26871e+06,6,CTL,20
1.26879e+06,7,RTS,20
1.26879e+06,1,RTS,20
1.26879e+06,9,RTS,20
1.26889e+06,18,RTS,20
1.26889e+06,14,RTS,20
1.269e+06,16,RTS,20
1.26906e+06,20,CTS,14
1.26912e+06,16,QOSDATA_TID6,1066
1.26931e+06,20,ACK,14
1.26935e+06,16,QOSDATA_TID6,1066
1.26954e+06,20,ACK,14
1.26958e+06,16,QOSDATA_TID6,1066
1.26976e+06,20,ACK,14
1.26981e+06,16,QOSDATA_TID6,1066
1.26999e+06,20,ACK,14
1.27004e+06,16,CTL,20
1.27012e+06,11,RTS,20
1.27012e+06,4,RTS,20
1.27012e+06,7,RTS,20
1.27019e+06,20,CTS,14
1.27025e+06,7,QOSDATA_TID6,1066
1.27044e+06,20,ACK,14
1.27048e+06,7,QOSDATA_TID6,1066
1.27066e+06,20,ACK,14
1.27071e+06,7,CTL,20
1.27079e+06,4,RTS,20
1.27086e+06,20,CTS,14
1.27092e+06,4,QOSDATA_TID6,1066
1.2711e+06,20,ACK,14
1.27115e+06,4,CTL,20
1.27124e+06,1,RTS,20
1.27124e+06,15,RTS,20
1.27124e+06,3,RTS,20
1.27124e+06,9,RTS,20
1.27135e+06,2,RTS,20
1.27135e+06,0,CTS,14
1.27135e+06,10,RTS,20
1.27147e+06,5,RTS,20
1.27147e+06,8,RTS,20
1.27154e+06,20,CTS,14
1.2716e+06,5,QOSDATA_TID6,1066
1.27178e+06,20,ACK,14
1.27182e+06,5,CTL,20
1.27192e+06,2,RTS,20
1.27199e+06,20,CTS,14
1.27205e+06,2,QOSDATA_TID6,1066
1.27223e+06,20,ACK,14
1.27227e+06,2,CTL,20
1.27236e+06,13,RTS,20
1.27243e+06,20,CTS,14
1.27249e+06,13,QOSDATA_TID6,1066
1.27267e+06,20,ACK,14
1.27272e+06,13,CTL,20
1.2728e+06,15,RTS,20
1.2728e+06,14,RTS,20
1.2728e+06,11,RTS,20
1.2728e+06,18,RTS,20
1.27293e+06,14,RTS,20
1.273e+06,20,CTS,14
1.27306e+06,14,QOSDATA_TID6,1066
1.27324e+06,20,ACK,14
1.27329e+06,14,QOSDATA_TID6,1066
1.27347e+06,20,ACK,14
1.27352e+06,14,CTL,20
1.2736e+06,15,RTS,20
1.2736e+06,0,RTS,20
1.2736e+06,7,RTS,20
1.27371e+06,3,RTS,20
1.27371e+06,9,RTS,20
1.27381e+06,13,RTS,20
1.27388e+06,20,CTS,14
1.27394e+06,13,QOSDATA_TID6,1066
1.27412e+06,20,ACK,14
1.27416e+06,13,CTL,20
1.27425e+06,11,RTS,20
1.27425e+06,18,RTS,20
1.27425e+06,10,RTS,20
1.27436e+06,15,RTS,20
1.27443e+06,20,CTS,14
1.27449e+06,15,QOSDATA_TID6,1066
1.27467e+06,20,ACK,14
1.27471e+06,15,CTL,20
1.2748e+06,12,RTS,20
1.2748e+06,3,RTS,20
1.27487e+06,20,CTS,14
1.27493e+06,12,QOSDATA_TID6,1066
1.27511e+06,20,ACK,14
1.27516e+06,12,CTL,20
1.27524e+06,19,RTS,20
1.27524e+06,3,RTS,20
1.27531e+06,20,CTS,14
1.27537e+06,19,QOSDATA_TID6,1066
1.27555e+06,20,ACK,14
1.2756e+06,19,CTL,20
1.27569e+06,1,RTS,20
1.27569e+06,8,RTS,20
1.27569e+06,11,RTS,20
1.27579e+06,6,RTS,20
1.27586e+06,20,CTS,14
1.27592e+06,6,QOSDATA_TID6,1066
1.2761e+06,20,ACK,14
1.27615e+06,6,CTL,20
1.27623e+06,17,RTS,20
1.2763e+06,20,CTS,14
1.27636e+06,17,QOSDATA_TID6,1066
1.27654e+06,20,ACK,14
1.27659e+06,17,CTL,20
1.27668e+06,0,RTS,20
1.27668e+06,9,RTS,20
1.27668e+06,15,RTS,20
1.27677e+06,11,RTS,20
1.27684e+06,20,CTS,14
1.2769e+06,11,QOSDATA_TID6,1066
1.27708e+06,20,ACK,14
1.27713e+06,11,QOSDATA_TID6,1066
1.27731e+06,20,ACK,14
1.27736e+06,11,CTL,20
1.27744e+06,16,RTS,20
1.27744e+06,1,RTS,20
1.27744e+06,7,RTS,20
1.27744e+06,5,RTS,20
1.27744e+06,0,RTS,20
1.27755e+06,10,RTS,20
1.27755e+06,8,RTS,20
1.27762e+06,20,CTS,14
1.27768e+06,8,QOSDATA_TID6,1066
1.27786e+06,20,ACK,14
1.27791e+06,8,CTL,20
1.278e+06,1,RTS,20
1.278e+06,0,RTS,20
1.278e+06,18,RTS,20
1.278e+06,15,RTS,20
1.27812e+06,7,RTS,20
1.27818e+06,20,CTS,14
1.27824e+06,7,QOSDATA_TID6,1066
1.27843e+06,20,ACK,14
1.27847e+06,7,CTL,20
1.27856e+06,18,RTS,20
1.27856e+06,3,RTS,20
1.27867e+06,16,RTS,20
1.27873e+06,20,CTS,14
1.27879e+06,16,QOSDATA_TID6,1066
1.27898e+06,20,ACK,14
1.27902e+06,16,CTL,20
1.27911e+06,4,RTS,20
1.27911e+06,8,RTS,20
1.27918e+06,20,CTS,14
1.27924e+06,8,QOSDATA_TID6,1066
1.27942e+06,20,ACK,14
1.27946e+06,8,CTL,20
1.27955e+06,4,RTS,20
1.27955e+06,14,RTS,20
1.27966e+06,5,RTS,20
1.27966e+06,2,RTS,20
1.27966e+06,9,RTS,20
1.27972e+06,20,CTS,14
1.27978e+06,5,QOSDATA_TID6,1066
1.27997e+06,20,ACK,14
1.28001e+06,5,CTL,20
1.28011e+06,1,RTS,20
1.28018e+06,20,CTS,14
1.28024e+06,1,QOSDATA_TID6,1066
1.28042e+06,20,ACK,14
1.28046e+06,1,QOSDATA_TID6,1066
1.28065e+06,20,ACK,14
1.28069e+06,1,CTL,20
1.28078e+06,16,RTS,20
1.28078e+06,4,RTS,20
1.28078e+06,10,RTS,20
1.28089e+06,15,RTS,20
1.28096e+06,20,CTS,14
1.28102e+06,15,QOSDATA_TID6,1066
1.28121e+06,20,ACK,14
1.28125e+06,15,CTL,20
1.28134e+06,14,RTS,20
1.28134e+06,4,RTS,20
1.28143e+06,2,RTS,20
1.2815e+06,20,CTS,14
1.28156e+06,2,QOSDATA_TID6,1066
1.28175e+06,20,ACK,14
1.28179e+06,2,CTL,20
1.28188e+06,13,RTS,20
1.28194e+06,20,CTS,14
1.282e+06,13,QOSDATA_TID6,1066
1.28219e+06,20,ACK,14
1.28223e+06,13,CTL,20
1.28232e+06,7,RTS,20
1.28232e+06,9,RTS,20
1.28239e+06,20,CTS,14
1.28245e+06,7,QOSDATA_TID6,1066
1.28263e+06,20,ACK,14
1.28268e+06,7,CTL,20
1.28277e+06,10,RTS,20
1.28284e+06,20,CTS,14
1.2829e+06,10,QOSDATA_TID6,1066
1.28308e+06,20,ACK,14
1.28313e+06,10,QOSDATA_TID6,1066
1.28331e+06,20,ACK,14
1.28335e+06,10,CTL,20
1.28344e+06,18,RTS,20
1.28344e+06,9,RTS,20
1.28344e+06,3,RTS,20
1.28344e+06,0,RTS,20
1.28344e+06,11,RTS,20
1.28355e+06,17,RTS,20
1.28355e+06,12,RTS,20
1.28365e+06,11,RTS,20
1.28365e+06,6,RTS,20
1.28377e+06,3,RTS,20
1.28377e+06,9,RTS,20
1.28387e+06,11,RTS,20
1.28394e+06,20,CTS,14
1.284e+06,11,QOSDATA_TID6,1066
1.28418e+06,20,ACK,14
1.28422e+06,11,CTL,20
1.28431e+06,1,RTS,20
1.28431e+06,5,RTS,20
1.28438e+06,20,CTS,14
1.28444e+06,5,QOSDATA_TID6,1066
1.28462e+06,20,ACK,14
1.28467e+06,5,CTL,20
1.28475e+06,4,RTS,20
1.28482e+06,20,CTS,14
1.28488e+06,4,QOSDATA_TID6,1066
1.28506e+06,20,ACK,14
1.28511e+06,4,QOSDATA_TID6,1066
1.28529e+06,20,ACK,14
1.28534e+06,4,CTL,20
1.28542e+06,19,RTS,20
1.28542e+06,0,RTS,20
1.28542e+06,9,RTS,20
1.28554e+06,2,RTS,20
1.28554e+06,10,RTS,20
1.28561e+06,20,CTS,14
1.28567e+06,2,QOSDATA_TID6,1066
1.28585e+06,20,ACK,14
1.28589e+06,2,CTL,20
1.28598e+06,19,RTS,20
1.28605e+06,20,CTS,14
1.28611e+06,19,QOSDATA_TID6,1066
1.28629e+06,20,ACK,14
1.28634e+06,19,CTL,20
1.28642e+06,16,RTS,20
1.28642e+06,3,RTS,20
1.28642e+06,18,RTS,20
1.28642e+06,14,RTS,20
1.28652e+06,0,RTS,20
1.28652e+06,17,RTS,20
1.28659e+06,20,CTS,14
1.28665e+06,17,QOSDATA_TID6,1066
1.28683e+06,20,ACK,14
1.28688e+06,17,CTL,20
1.28696e+06,8,RTS,20
1.28703e+06,20,CTS,14
1.28709e+06,8,QOSDATA_TID6,1066
1.28727e+06,20,ACK,14
1.28732e+06,8,CTL,20
1.2874e+06,1,RTS,20
1.2874e+06,6,RTS,20
1.2874e+06,15,RTS,20
1.2874e+06,14,RTS,20
1.28752e+06,9,RTS,20
1.28759e+06,20,CTS,14
1.28765e+06,9,QOSDATA_TID6,1066
1.28783e+06,20,ACK,14
1.28788e+06,9,QOSDATA_TID6,1066
1.28806e+06,20,ACK,14
1.2881e+06,9,CTL,20
1.28819e+06,3,RTS,20
1.28819e+06,10,RTS,20
1.28819e+06,6,RTS,20
1.28819e+06,14,RTS,20
1.28829e+06,16,RTS,20
1.28836e+06,20,CTS,14
1.28842e+06,16,QOSDATA_TID6,1066
1.2886e+06,20,ACK,14
1.28864e+06,16,QOSDATA_TID6,1066
1.28883e+06,20,ACK,14
1.28887e+06,16,CTL,20
1.28896e+06,12,RTS,20
1.28896e+06,14,RTS,20
1.28903e+06,20,CTS,14
1.28909e+06,12,QOSDATA_TID6,1066
1.28927e+06,20,ACK,14
1.28932e+06,12,CTL,20
1.28942e+06,15,RTS,20
1.28942e+06,18,RTS,20
1.28955e+06,15,RTS,20
1.28955e+06,18,RTS,20
1.28969e+06,1,RTS,20
1.28976e+06,20,CTS,14
1.28982e+06,1,QOSDATA_TID6,1066
1.29e+06,20,ACK,14
1.29005e+06,1,CTL,20
1.29014e+06,9,RTS,20
1.29014e+06,6,RTS,20
1.29021e+06,20,CTS,14
1.29027e+06,6,QOSDATA_TID6,1066
1.29046e+06,20,ACK,14
1.2905e+06,6,CTL,20
1.29059e+06,7,RTS,20
1.29065e+06,20,CTS,14
1.29071e+06,7,QOSDATA_TID6,1066
1.2909e+06,20,ACK,14
1.29094e+06,7,CTL,20
1.29103e+06,11,RTS,20
1.29103e+06,9,RTS,20
1.29114e+06,15,RTS,20
1.2912e+06,20,CTS,14
1.29126e+06,15,QOSDATA_TID6,1066
1.29145e+06,20,ACK,14
1.29149e+06,15,CTL,20
1.29158e+06,6,RTS,20
1.29158e+06,0,RTS,20
1.29168e+06,14,RTS,20
1.29168e+06,17,RTS,20
1.29168e+06,1,RTS,20
1.29168e+06,19,RTS,20
1.29177e+06,13,RTS,20
1.29184e+06,20,CTS,14
1.2919e+06,13,QOSDATA_TID6,1066
1.29208e+06,20,ACK,14
1.29213e+06,13,CTL,20
1.29222e+06,12,RTS,20
1.29222e+06,19,RTS,20
1.29228e+06,20,CTS,14
1.29234e+06,12,QOSDATA_TID6,1066
1.29253e+06,20,ACK,14
1.29257e+06,12,CTL,20
1.29267e+06,17,RTS,20
1.29267e+06,0,RTS,20
1.29267e+06,6,RTS,20
1.29267e+06,14,RTS,20
1.29277e+06,9,RTS,20
1.29284e+06,20,CTS,14
1.2929e+06,9,QOSDATA_TID6,1066
1.29308e+06,20,ACK,14
1.29313e+06,9,CTL,20
1.29322e+06,3,RTS,20
1.29322e+06,2,RTS,20
1.29322e+06,10,RTS,20
1.29322e+06,14,RTS,20
1.29332e+06,18,RTS,20
1.29339e+06,20,CTS,14
1.29345e+06,18,QOSDATA_TID6,1066
1.29363e+06,20,ACK,14
1.29368e+06,18,QOSDATA_TID6,1066
1.29386e+06,20,ACK,14
1.29391e+06,18,QOSDATA_TID6,1066
1.29409e+06,20,ACK,14
1.29413e+06,18,QOSDATA_TID6,1066
1.29432e+06,20,ACK,14
1.29436e+06,18,QOSDATA_TID6,1066
1.29455e+06,20,ACK,14
1.29459e+06,18,QOSDATA_TID6,1066
1.29477e+06,20,ACK,14
1.29482e+06,18,CTL,20
1.2949e+06,5,RTS,20
1.2949e+06,8,RTS,20
1.2949e+06,19,RTS,20
1.2949e+06,1,RTS,20
1.2949e+06,11,RTS,20
1.295e+06,2,RTS,20
1.295e+06,0,RTS,20
1.295e+06,6,RTS,20
1.295e+06,10,RTS,20
1.2951e+06,11,RTS,20
1.29517e+06,20,CTS,14
1.29523e+06,11,QOSDATA_TID6,1066
1.29541e+06,20,ACK,14
1.29546e+06,11,CTL,20
1.29554e+06,4,RTS,20
1.29554e+06,15,RTS,20
1.29554e+06,0,RTS,20
1.29565e+06,17,RTS,20
1.29565e+06,8,RTS,20
1.29565e+06,1,RTS,20
1.29576e+06,2,RTS,20
1.29576e+06,0,RTS,20
1.29576e+06,14,RTS,20
1.29585e+06,4,RTS,20
1.29592e+06,20,CTS,14
1.29598e+06,4,QOSDATA_TID6,1066
1.29617e+06,20,ACK,14
1.29621e+06,4,CTL,20
1.29632e+06,5,RTS,20
1.29632e+06,6,RTS,20
1.29638e+06,20,CTS,14
1.29644e+06,5,QOSDATA_TID6,1066
1.29663e+06,20,ACK,14
1.29667e+06,5,CTL,20
1.29678e+06,19,RTS,20
1.29678e+06,16,RTS,20
1.29678e+06,10,RTS,20
1.29689e+06,15,RTS,20
1.29696e+06,20,CTS,14
1.29702e+06,15,QOSDATA_TID6,1066
1.2972e+06,20,ACK,14
1.29725e+06,15,CTL,20
1.29733e+06,10,RTS,20
1.2974e+06,20,CTS,14
1.29746e+06,10,QOSDATA_TID6,1066
1.29764e+06,20,ACK,14
1.29769e+06,10,QOSDATA_TID6,1066
1.29787e+06,20,ACK,14
1.29792e+06,10,CTL,20
1.298e+06,19,RTS,20
1.298e+06,7,RTS,20
1.29813e+06,0,RTS,20
1.2982e+06,20,CTS,14
1.29826e+06,0,QOSDATA_TID6,1066
1.29844e+06,20,ACK,14
1.29848e+06,0,QOSDATA_TID6,1066
1.29867e+06,20,ACK,14
1.29871e+06,0,QOSDATA_TID6,1066
1.2989e+06,20,ACK,14
1.29894e+06,0,CTL,20
1.29903e+06,6,RTS,20
1.29903e+06,16,RTS,20
1.29912e+06,3,RTS,20
1.29919e+06,20,CTS,14
1.29925e+06,3,QOSDATA_TID6,1066
1.29944e+06,20,ACK,14
1.29948e+06,3,QOSDATA_TID6,1066
1.29966e+06,20,ACK,14
1.29971e+06,3,QOSDATA_TID6,1066
1.29989e+06,20,ACK,14
1.29994e+06,3,QOSDATA_TID6,1066
1.30012e+06,20,ACK,14
1.30016e+06,3,CTL,20
1.30026e+06,9,RTS,20
1.30026e+06,13,RTS,20
1.30036e+06,5,RTS,20
1.30042e+06,20,CTS,14
1.30048e+06,5,QOSDATA_TID6,1066
1.30067e+06,20,ACK,14
1.30071e+06,5,CTL,20
1.3008e+06,8,RTS,20
1.3008e+06,17,RTS,20
1.3008e+06,15,RTS,20
1.30091e+06,1,RTS,20
1.30091e+06,11,RTS,20
1.30091e+06,16,RTS,20
1.301e+06,4,RTS,20
1.301e+06,2,RTS,20
1.301e+06,6,RTS,20
1.301e+06,10,RTS,20
1.3011e+06,1,RTS,20
1.3011e+06,12,RTS,20
1.30117e+06,20,CTS,14
1.30123e+06,12,QOSDATA_TID6,1066
1.30141e+06,20,ACK,14
1.30146e+06,12,CTL,20
1.30154e+06,16,RTS,20
1.30161e+06,20,CTS,14
1.30167e+06,16,QOSDATA_TID6,1066
1.30186e+06,20,ACK,14
1.3019e+06,16,CTL,20
1.30199e+06,8,RTS,20
1.30199e+06,17,RTS,20
1.30208e+06,9,RTS,20
1.30208e+06,15,RTS,20
1.30215e+06,20,CTS,14
1.30221e+06,15,QOSDATA_TID6,1066
1.3024e+06,20,ACK,14
1.30244e+06,15,CTL,20
1.30253e+06,18,RTS,20
1.30253e+06,1,RTS,20
1.30259e+06,20,CTS,14
1.30265e+06,1,QOSDATA_TID6,1066
1.30284e+06,20,ACK,14
1.30288e+06,1,QOSDATA_TID6,1066
1.30307e+06,20,ACK,14
1.30311e+06,1,CTL,20
1.30321e+06,19,RTS,20
1.30321e+06,6,RTS,20
1.30331e+06,2,RTS,20
1.30338e+06,20,CTS,14
1.30344e+06,2,QOSDATA_TID6,1066
1.30362e+06,20,ACK,14
1.30367e+06,2,QOSDATA_TID6,1066
1.30385e+06,20,ACK,14
1.3039e+06,2,CTL,20
1.30399e+06,19,RTS,20
1.30406e+06,20,CTS,14
1.30412e+06,19,QOSDATA_TID6,1066
1.3043e+06,20,ACK,14
1.30435e+06,19,QOSDATA_TID6,1066
1.30453e+06,20,ACK,14
1.30458e+06,19,CTL,20
1.30466e+06,6,RTS,20
1.30473e+06,20,CTS,14
1.30479e+06,6,QOSDATA_TID6,1066
1.30497e+06,20,ACK,14
1.30502e+06,6,CTL,20
1.3051e+06,0,RTS,20
1.3051e+06,14,RTS,20
1.3051e+06,7,RTS,20
1.30521e+06,9,RTS,20
1.30528e+06,20,CTS,14
1.30534e+06,9,QOSDATA_TID6,1066
1.30552e+06,20,ACK,14
1.30557e+06,9,CTL,20
1.30566e+06,10,RTS,20
1.30566e+06,17,RTS,20
1.30566e+06,13,RTS,20
1.30573e+06,20,CTS,14
1.30579e+06,17,QOSDATA_TID6,1066
1.30597e+06,20,ACK,14
1.30602e+06,17,QOSDATA_TID6,1066
1.3062e+06,20,ACK,14
1.30625e+06,17,CTL,20
1.30633e+06,4,RTS,20
1.3064e+06,20,CTS,14
1.30646e+06,4,QOSDATA_TID6,1066
1.30664e+06,20,ACK,14
1.30669e+06,4,CTL,20
1.30678e+06,16,RTS,20
1.30678e+06,11,RTS,20
1.30678e+06,12,RTS,20
1.30678e+06,0,RTS,20
1.30685e+06,20,CTS,14
1.30691e+06,12,QOSDATA_TID6,1066
1.3071e+06,20,ACK,14
1.30714e+06,12,CTL,20
1.30722e+06,16,RTS,20
1.30722e+06,19,RTS,20
1.30729e+06,20,CTS,14
1.30735e+06,19,QOSDATA_TID6,1066
1.30754e+06,20,ACK,14
1.30758e+06,19,CTL,20
1.30767e+06,6,RTS,20
1.30774e+06,20,CTS,14
1.3078e+06,6,QOSDATA_TID6,1066
1.30798e+06,20,ACK,14
1.30802e+06,6,CTL,20
1.30811e+06,14,RTS,20
1.30811e+06,7,RTS,20
1.30811e+06,17,RTS,20
1.30821e+06,11,RTS,20
1.30821e+06,16,RTS,20
1.30821e+06,9,RTS,20
1.3083e+06,17,RTS,20
1.3083e+06,7,RTS,20
1.30831e+06,5,RTS,20
1.30841e+06,8,RTS,20
1.30841e+06,11,RTS,20
1.30848e+06,20,CTS,14
1.30854e+06,8,QOSDATA_TID6,1066
1.30872e+06,20,ACK,14
1.30876e+06,8,QOSDATA_TID6,1066
1.30895e+06,20,ACK,14
1.30899e+06,8,CTL,20
1.30909e+06,17,RTS,20
1.30909e+06,3,RTS,20
1.30909e+06,14,RTS,20
1.30915e+06,20,CTS,14
1.30921e+06,17,QOSDATA_TID6,1066
1.3094e+06,20,ACK,14
1.30944e+06,17,CTL,20
1.30953e+06,14,RTS,20
1.3096e+06,20,CTS,14
1.30966e+06,14,QOSDATA_TID6,1066
1.30984e+06,20,ACK,14
1.30988e+06,14,QOSDATA_TID6,1066
1.31007e+06,20,ACK,14
1.31011e+06,14,QOSDATA_TID6,1066
1.3103e+06,20,ACK,14
1.31034e+06,14,CTL,20
1.31043e+06,3,RTS,20
1.31049e+06,20,CTS,14
1.31055e+06,3,QOSDATA_TID6,1066
1.31074e+06,20,ACK,14
1.31078e+06,3,CTL,20
1.31087e+06,2,RTS,20
1.31087e+06,18,RTS,20
1.31087e+06,1,RTS,20
1.31087e+06,4,RTS,20
1.31097e+06,7,RTS,20
1.31103e+06,20,CTS,14
1.31109e+06,7,QOSDATA_TID6,1066
1.31128e+06,20,ACK,14
1.31132e+06,7,QOSDATA_TID6,1066
1.31151e+06,20,ACK,14
1.31155e+06,7,CTL,20
1.31164e+06,13,RTS,20
1.31164e+06,15,RTS,20
1.31173e+06,1,RTS,20
1.3118e+06,20,CTS,14
1.31186e+06,1,QOSDATA_TID6,1066
1.31205e+06,20,ACK,14
1.31209e+06,1,CTL,20
1.31218e+06,8,RTS,20
1.31218e+06,11,RTS,20
1.31218e+06,16,RTS,20
1.31218e+06,2,RTS,20
1.31228e+06,0,CTS,14
1.3124e+06,0,RTS,20
1.31247e+06,20,CTS,14
1.31253e+06,0,QOSDATA_TID6,1066
1.31271e+06,20,ACK,14
1.31275e+06,0,CTL,20
1.31284e+06,14,RTS,20
1.31284e+06,13,RTS,20
1.31284e+06,4,RTS,20
1.31294e+06,10,RTS,20
1.31301e+06,20,CTS,14
1.31307e+06,10,QOSDATA_TID6,1066
1.31325e+06,20,ACK,14
1.31329e+06,10,QOSDATA_TID6,1066
1.31348e+06,20,ACK,14
1.31352e+06,10,CTL,20
1.31361e+06,2,RTS,20
1.31361e+06,5,RTS,20
1.31361e+06,14,RTS,20
1.31368e+06,20,CTS,14
1.31374e+06,5,QOSDATA_TID6,1066
1.31392e+06,20,ACK,14
1.31396e+06,5,CTL,20
1.31406e+06,7,RTS,20
1.31406e+06,18,RTS,20
1.31406e+06,13,RTS,20
1.31406e+06,14,RTS,20
1.31416e+06,0,RTS,20
1.31416e+06,8,RTS,20
1.31422e+06,20,CTS,14
1.31428e+06,8,QOSDATA_TID6,1066
1.31447e+06,20,ACK,14
1.31451e+06,8,CTL,20
1.31462e+06,9,RTS,20
1.31462e+06,15,RTS,20
1.31468e+06,20,CTS,14
1.31474e+06,15,QOSDATA_TID6,1066
1.31493e+06,20,ACK,14
1.31497e+06,15,CTL,20
1.31506e+06,3,RTS,20
1.31513e+06,20,CTS,14
1.31519e+06,3,QOSDATA_TID6,1066
1.31537e+06,20,ACK,14
1.31542e+06,3,CTL,20
1.3155e+06,9,RTS,20
1.3155e+06,1,RTS,20
1.3155e+06,6,RTS,20
1.31562e+06,18,RTS,20
1.31568e+06,20,CTS,14
1.31574e+06,18,QOSDATA_TID6,1066
1.31593e+06,20,ACK,14
1.31597e+06,18,QOSDATA_TID6,1066
1.31616e+06,20,ACK,14
1.3162e+06,18,CTL,20
1.3163e+06,9,RTS,20
1.3163e+06,5,RTS,20
1.31636e+06,20,CTS,14
1.31642e+06,5,QOSDATA_TID6,1066
1.31661e+06,20,ACK,14
1.31665e+06,5,CTL,20
1.31674e+06,9,RTS,20
1.31681e+06,20,CTS,14
1.31687e+06,9,QOSDATA_TID6,1066
1.31705e+06,20,ACK,14
1.31709e+06,9,QOSDATA_TID6,1066
1.31728e+06,20,ACK,14
1.31732e+06,9,CTL,20
1.31741e+06,6,RTS,20
1.31741e+06,15,RTS,20
1.31751e+06,19,RTS,20
1.31757e+06,20,CTS,14
1.31763e+06,19,QOSDATA_TID6,1066
1.31782e+06,20,ACK,14
1.31786e+06,19,CTL,20
1.31795e+06,17,RTS,20
1.31795e+06,11,RTS,20
1.31795e+06,12,RTS,20
1.31795e+06,4,RTS,20
1.31795e+06,15,RTS,20
1.31805e+06,16,RTS,20
1.31811e+06,20,CTS,14
1.31817e+06,16,QOSDATA_TID6,1066
1.31836e+06,20,ACK,14
1.3184e+06,16,QOSDATA_TID6,1066
1.31859e+06,20,ACK,14
1.31863e+06,16,CTL,20
1.31872e+06,13,RTS,20
1.31872e+06,18,RTS,20
1.31872e+06,10,RTS,20
1.31881e+06,2,RTS,20
1.31888e+06,20,CTS,14
1.31894e+06,2,QOSDATA_TID6,1066
1.31913e+06,20,ACK,14
1.31917e+06,2,QOSDATA_TID6,1066
1.31935e+06,20,ACK,14
1.3194e+06,2,CTL,20
1.31948e+06,18,RTS,20
1.31948e+06,1,RTS,20
1.31948e+06,13,RTS,20
1.31959e+06,14,RTS,20
1.31966e+06,20,CTS,14
1.31972e+06,14,QOSDATA_TID6,1066
1.3199e+06,20,ACK,14
1.31995e+06,14,QOSDATA_TID6,1066
1.32013e+06,20,ACK,14
1.32018e+06,14,CTL,20
1.32026e+06,7,RTS,20
1.32033e+06,20,CTS,14
1.32039e+06,7,QOSDATA_TID6,1066
1.32057e+06,20,ACK,14
1.32062e+06,7,CTL,20
1.3207e+06,8,RTS,20
1.3207e+06,4,RTS,20
1.3207e+06,18,RTS,20
1.32077e+06,20,CTS,14
1.32083e+06,8,QOSDATA_TID6,1066
1.32102e+06,20,ACK,14
1.32106e+06,8,CTL,20
1.32116e+06,12,RTS,20
1.32123e+06,20,CTS,14
1.32129e+06,12,QOSDATA_TID6,1066
1.32148e+06,20,ACK,14
1.32152e+06,12,CTL,20
1.32161e+06,7,RTS,20
1.32161e+06,17,RTS,20
1.32161e+06,11,RTS,20
1.32161e+06,16,RTS,20
1.32161e+06,13,RTS,20
1.32161e+06,0,RTS,20
1.32161e+06,18,RTS,20
1.32171e+06,9,RTS,20
1.32178e+06,20,CTS,14
1.32184e+06,9,QOSDATA_TID6,1066
1.32202e+06,20,ACK,14
1.32207e+06,9,CTL,20
1.32216e+06,4,RTS,20
1.32216e+06,15,RTS,20
1.32222e+06,20,CTS,14
1.32228e+06,15,QOSDATA_TID6,1066
1.32247e+06,20,ACK,14
1.32251e+06,15,CTL,20
1.3226e+06,12,RTS,20
1.32266e+06,20,CTS,14
1.32272e+06,12,QOSDATA_TID6,1066
1.32291e+06,20,ACK,14
1.32295e+06,12,CTL,20
1.32304e+06,6,RTS,20
1.32311e+06,20,CTS,14
1.32317e+06,6,QOSDATA_TID6,1066
1.32335e+06,20,ACK,14
1.3234e+06,6,QOSDATA_TID6,1066
1.32358e+06,20,ACK,14
1.32362e+06,6,CTL,20
1.32371e+06,7,RTS,20
1.32371e+06,3,RTS,20
1.32378e+06,20,CTS,14
1.32384e+06,7,QOSDATA_TID6,1066
1.32402e+06,20,ACK,14
1.32406e+06,7,CTL,20
1.32416e+06,13,RTS,20
1.32416e+06,17,RTS,20
1.32416e+06,1,RTS,20
1.32416e+06,11,RTS,20
1.32416e+06,19,RTS,20
1.32416e+06,3,RTS,20
1.32416e+06,10,RTS,20
1.32428e+06,0,CTS,14
1.32439e+06,0,RTS,20
1.32446e+06,20,CTS,14
1.32452e+06,0,QOSDATA_TID6,1066
1.3247e+06,20,ACK,14
1.32475e+06,0,QOSDATA_TID6,1066
1.32493e+06,20,ACK,14
1.32497e+06,0,CTL,20
1.32506e+06,3,RTS,20
1.32513e+06,20,CTS,14
1.32519e+06,3,QOSDATA_TID6,1066
1.32537e+06,20,ACK,14
1.32542e+06,3,CTL,20
1.3255e+06,2,RTS,20
1.3255e+06,10,RTS,20
1.3255e+06,15,RTS,20
1.3256e+06,1,RTS,20
1.3256e+06,11,RTS,20
1.32567e+06,20,CTS,14
1.32573e+06,1,QOSDATA_TID6,1066
1.32591e+06,20,ACK,14
1.32596e+06,1,QOSDATA_TID6,1066
1.32614e+06,20,ACK,14
1.32618e+06,1,CTL,20
1.32627e+06,15,RTS,20
1.32634e+06,20,CTS,14
1.3264e+06,15,QOSDATA_TID6,1066
1.32658e+06,20,ACK,14
1.32663e+06,15,CTL,20
1.32671e+06,5,RTS,20
1.32671e+06,17,RTS,20
1.32671e+06,18,RTS,20
1.32671e+06,11,RTS,20
1.32671e+06,16,RTS,20
1.32681e+06,4,RTS,20
1.32688e+06,20,CTS,14
1.32694e+06,4,QOSDATA_TID6,1066
1.32712e+06,20,ACK,14
1.32717e+06,4,QOSDATA_TID6,1066
1.32735e+06,20,ACK,14
1.3274e+06,4,QOSDATA_TID6,1066
1.32758e+06,20,ACK,14
1.32762e+06,4,CTL,20
1.32771e+06,11,RTS,20
1.32771e+06,8,RTS,20
1.32778e+06,20,CTS,14
1.32784e+06,8,QOSDATA_TID6,1066
1.32802e+06,20,ACK,14
1.32806e+06,8,CTL,20
1.32816e+06,5,RTS,20
1.32816e+06,11,RTS,20
1.32816e+06,16,RTS,20
1.32816e+06,14,RTS,20
1.32823e+06,20,CTS,14
1.32829e+06,5,QOSDATA_TID6,1066
1.32847e+06,20,ACK,14
1.32852e+06,5,CTL,20
1.3286e+06,11,RTS,20
1.32867e+06,20,CTS,14
1.32873e+06,11,QOSDATA_TID6,1066
1.32891e+06,20,ACK,14
1.32896e+06,11,QOSDATA_TID6,1066
1.32914e+06,20,ACK,14
1.32919e+06,11,QOSDATA_TID6,1066
1.32937e+06,20,ACK,14
1.32941e+06,11,CTL,20
1.3295e+06,19,RTS,20
1.3295e+06,0,RTS,20
1.32961e+06,13,RTS,20
1.32968e+06,20,CTS,14
1.32974e+06,13,QOSDATA_TID6,1066
1.32992e+06,20,ACK,14
1.32996e+06,13,QOSDATA_TID6,1066
1.33015e+06,20,ACK,14
1.33019e+06,13,QOSDATA_TID6,1066
1.33038e+06,20,ACK,14
1.33042e+06,13,QOSDATA_TID6,1066
1.3306e+06,20,ACK,14
1.33065e+06,13,CTL,20
1.33073e+06,7,RTS,20
1.33073e+06,0,RTS,20
1.33084e+06,3,RTS,20
1.33084e+06,9,RTS,20
1.33094e+06,0,CTS,14
1.33107e+06,0,RTS,20
1.33114e+06,20,CTS,14
1.3312e+06,0,QOSDATA_TID6,1066
1.33138e+06,20,ACK,14
1.33143e+06,0,CTL,20
1.33151e+06,6,RTS,20
1.33151e+06,2,RTS,20
1.33151e+06,10,RTS,20
1.33151e+06,12,RTS,20
1.33151e+06,16,RTS,20
1.33162e+06,1,RTS,20
1.33162e+06,18,RTS,20
1.33169e+06,20,CTS,14
1.33175e+06,1,QOSDATA_TID6,1066
1.33193e+06,20,ACK,14
1.33198e+06,1,CTL,20
1.33207e+06,3,RTS,20
1.33207e+06,14,RTS,20
1.33217e+06,11,RTS,20
1.33224e+06,20,CTS,14
1.3323e+06,11,QOSDATA_TID6,1066
1.33248e+06,20,ACK,14
1.33252e+06,11,CTL,20
1.33262e+06,15,RTS,20
1.33269e+06,20,CTS,14
1.33275e+06,15,QOSDATA_TID6,1066
1.33293e+06,20,ACK,14
1.33298e+06,15,CTL,20
1.33306e+06,12,RTS,20
1.33306e+06,5,RTS,20
1.33306e+06,17,RTS,20
1.33306e+06,10,RTS,20
1.33317e+06,3,RTS,20
1.33317e+06,16,RTS,20
1.33317e+06,4,RTS,20
1.33328e+06,6,RTS,20
1.33328e+06,14,RTS,20
1.33337e+06,5,RTS,20
1.33344e+06,20,CTS,14
1.3335e+06,5,QOSDATA_TID6,1066
1.33368e+06,20,ACK,14
1.33373e+06,5,CTL,20
1.33382e+06,6,RTS,20
1.33388e+06,20,CTS,14
1.33394e+06,6,QOSDATA_TID6,1066
1.33413e+06,20,ACK,14
1.33417e+06,6,CTL,20
1.33426e+06,18,RTS,20
1.33426e+06,12,RTS,20
1.33426e+06,7,RTS,20
1.33426e+06,3,RTS,20
1.33426e+06,19,RTS,20
1.33436e+06,14,RTS,20
1.33442e+06,20,CTS,14
1.33448e+06,14,QOSDATA_TID6,1066
1.33467e+06,20,ACK,14
1.33471e+06,14,CTL,20
1.3348e+06,18,RTS,20
1.3348e+06,16,RTS,20
1.33494e+06,18,RTS,20
1.33494e+06,16,RTS,20
1.33508e+06,16,RTS,20
1.33515e+06,20,CTS,14
1.33521e+06,16,QOSDATA_TID6,1066
1.33539e+06,20,ACK,14
1.33543e+06,16,CTL,20
1.33553e+06,9,RTS,20
1.33553e+06,18,RTS,20
1.3356e+06,20,CTS,14
1.33566e+06,18,QOSDATA_TID6,1066
1.33584e+06,20,ACK,14
1.33588e+06,18,QOSDATA_TID6,1066
1.33607e+06,20,ACK,14
1.33611e+06,18,CTL,20
1.3362e+06,17,RTS,20
1.33627e+06,20,CTS,14
1.33633e+06,17,QOSDATA_TID6,1066
1.33651e+06,20,ACK,14
1.33656e+06,17,QOSDATA_TID6,1066
1.33674e+06,20,ACK,14
1.33678e+06,17,QOSDATA_TID6,1066
1.33697e+06,20,ACK,14
1.33701e+06,17,CTL,20
1.3371e+06,8,RTS,20
1.3371e+06,4,RTS,20
1.3371e+06,0,RTS,20
1.3372e+06,3,RTS,20
1.33726e+06,20,CTS,14
1.33732e+06,3,QOSDATA_TID6,1066
1.33751e+06,20,ACK,14
1.33755e+06,3,CTL,20
1.33764e+06,9,RTS,20
1.33764e+06,2,RTS,20
1.33764e+06,8,RTS,20
1.33764e+06,13,RTS,20
1.33774e+06,0,RTS,20
1.3378e+06,20,CTS,14
1.33786e+06,0,QOSDATA_TID6,1066
1.33805e+06,20,ACK,14
1.33809e+06,0,CTL,20
1.33818e+06,14,RTS,20
1.33818e+06,10,RTS,20
1.33818e+06,9,RTS,20
1.33829e+06,2,RTS,20
1.33829e+06,16,RTS,20
1.33829e+06,7,RTS,20
1.33829e+06,4,RTS,20
1.33842e+06,19,RTS,20
1.33849e+06,20,CTS,14
1.33855e+06,19,QOSDATA_TID6,1066
1.33873e+06,20,ACK,14
1.33877e+06,19,QOSDATA_TID6,1066
1.33896e+06,20,ACK,14
1.339e+06,19,QOSDATA_TID6,1066
1.33919e+06,20,ACK,14
1.33923e+06,19,CTL,20
1.33932e+06,3,RTS,20
1.33932e+06,6,RTS,20
1.33932e+06,14,RTS,20
1.33941e+06,17,RTS,20
1.33948e+06,20,CTS,14
1.33954e+06,17,QOSDATA_TID6,1066
1.33973e+06,20,ACK,14
1.33977e+06,17,CTL,20
1.33986e+06,1,RTS,20
1.33986e+06,10,RTS,20
1.33992e+06,20,CTS,14
1.33998e+06,1,QOSDATA_TID6,1066
1.34017e+06,20,ACK,14
1.34021e+06,1,CTL,20
1.3403e+06,5,RTS,20
1.34037e+06,20,CTS,14
1.34043e+06,5,QOSDATA_TID6,1066
1.34061e+06,20,ACK,14
1.34065e+06,5,CTL,20
1.34074e+06,8,RTS,20
1.34074e+06,11,RTS,20
1.34074e+06,14,RTS,20
1.34081e+06,20,CTS,14
1.34087e+06,8,QOSDATA_TID6,1066
1.34105e+06,20,ACK,14
1.3411e+06,8,CTL,20
1.34119e+06,12,RTS,20
1.34119e+06,2,RTS,20
1.34119e+06,4,RTS,20
1.34119e+06,10,RTS,20
1.34126e+06,20,CTS,14
1.34132e+06,12,QOSDATA_TID6,1066
1.3415e+06,20,ACK,14
1.34155e+06,12,QOSDATA_TID6,1066
1.34173e+06,20,ACK,14
1.34178e+06,12,CTL,20
1.34186e+06,15,RTS,20
1.34193e+06,20,CTS,14
1.34199e+06,15,QOSDATA_TID6,1066
1.34217e+06,20,ACK,14
1.34222e+06,15,CTL,20
1.3423e+06,13,RTS,20
1.3423e+06,18,RTS,20
1.34243e+06,14,RTS,20
1.3425e+06,20,CTS,14
1.34256e+06,14,QOSDATA_TID6,1066
1.34274e+06,20,ACK,14
1.34278e+06,14,CTL,20
1.34288e+06,6,RTS,20
1.34288e+06,10,RTS,20
1.34288e+06,3,RTS,20
1.34288e+06,11,RTS,20
1.34288e+06,4,RTS,20
1.34299e+06,16,RTS,20
1.34305e+06,20,CTS,14
1.34311e+06,16,QOSDATA_TID6,1066
1.3433e+06,20,ACK,14
1.34334e+06,16,CTL,20
1.34343e+06,8,RTS,20
1.34343e+06,13,RTS,20
1.34343e+06,2,RTS,20
1.34354e+06,7,RTS,20
1.34354e+06,4,RTS,20
1.3436e+06,20,CTS,14
1.34366e+06,7,QOSDATA_TID6,1066
1.34385e+06,20,ACK,14
1.34389e+06,7,QOSDATA_TID6,1066
1.34408e+06,20,ACK,14
1.34412e+06,7,CTL,20
1.34421e+06,8,RTS,20
1.34427e+06,20,CTS,14
1.34433e+06,8,QOSDATA_TID6,1066
1.34452e+06,20,ACK,14
1.34456e+06,8,CTL,20
1.34465e+06,13,RTS,20
1.34472e+06,20,CTS,14
1.34478e+06,13,QOSDATA_TID6,1066
1.34496e+06,20,ACK,14
1.345e+06,13,CTL,20
1.34509e+06,14,RTS,20
1.34509e+06,0,RTS,20
1.34509e+06,9,RTS,20
1.3452e+06,16,RTS,20
1.34526e+06,20,CTS,14
1.34532e+06,16,QOSDATA_TID6,1066
1.34551e+06,20,ACK,14
1.34555e+06,16,CTL,20
1.34564e+06,13,RTS,20
1.34571e+06,20,CTS,14
1.34577e+06,13,QOSDATA_TID6,1066
1.34595e+06,20,ACK,14
1.346e+06,13,CTL,20
1.34608e+06,11,RTS,20
1.34608e+06,18,RTS,20
1.34622e+06,18,RTS,20
1.34629e+06,20,CTS,14
1.34635e+06,18,QOSDATA_TID6,1066
1.34653e+06,20,ACK,14
1.34658e+06,18,CTL,20
1.34668e+06,10,RTS,20
1.34668e+06,2,RTS,20
1.34668e+06,9,RTS,20
1.34668e+06,12,RTS,20
1.34668e+06,7,RTS,20
1.34668e+06,4,RTS,20
1.34682e+06,11,RTS,20
1.34682e+06,0,RTS,20
1.34682e+06,6,RTS,20
1.34692e+06,2,RTS,20
1.34699e+06,20,CTS,14
1.34705e+06,2,QOSDATA_TID6,1066
1.34723e+06,20,ACK,14
1.34728e+06,2,QOSDATA_TID6,1066
1.34746e+06,20,ACK,14
1.34751e+06,2,CTL,20
1.34758e+06,20,BEACON,152
1.34784e+06,0,CTS,14
1.34784e+06,19,RTS,20
1.34796e+06,0,RTS,20
1.34803e+06,20,CTS,14
1.34809e+06,0,QOSDATA_TID6,1066
1.34827e+06,20,ACK,14
1.34831e+06,0,CTL,20
1.3484e+06,5,RTS,20
1.3484e+06,17,RTS,20
1.3484e+06,3,RTS,20
1.34852e+06,19,RTS,20
1.34852e+06,4,RTS,20
1.34858e+06,20,CTS,14
1.34864e+06,19,QOSDATA_TID6,1066
1.34883e+06,20,ACK,14
1.34887e+06,19,CTL,20
1.34896e+06,17,RTS,20
1.34896e+06,15,RTS,20
1.34896e+06,14,RTS,20
1.34903e+06,20,CTS,14
1.34909e+06,17,QOSDATA_TID6,1066
1.34927e+06,20,ACK,14
1.34931e+06,17,CTL,20
1.34941e+06,1,RTS,20
1.34941e+06,2,RTS,20
1.34941e+06,3,RTS,20
1.34952e+06,10,RTS,20
1.34958e+06,20,CTS,14
1.34964e+06,10,QOSDATA_TID6,1066
1.34983e+06,20,ACK,14
1.34987e+06,10,QOSDATA_TID6,1066
1.35006e+06,20,ACK,14
1.3501e+06,10,QOSDATA_TID6,1066
1.35028e+06,20,ACK,14
1.35033e+06,10,QOSDATA_TID6,1066
1.35051e+06,20,ACK,14
1.35056e+06,10,CTL,20
1.35064e+06,8,RTS,20
1.35071e+06,20,CTS,14
1.35077e+06,8,QOSDATA_TID6,1066
1.35095e+06,20,ACK,14
1.351e+06,8,CTL,20
1.35108e+06,6,RTS,20
1.35108e+06,14,RTS,20
1.35118e+06,5,RTS,20
1.35118e+06,1,RTS,20
1.35125e+06,20,CTS,14
1.35131e+06,5,QOSDATA_TID6,1066
1.35149e+06,20,ACK,14
1.35154e+06,5,CTL,20
1.35162e+06,12,RTS,20
1.35162e+06,6,RTS,20
1.35169e+06,20,CTS,14
1.35175e+06,12,QOSDATA_TID6,1066
1.35194e+06,20,ACK,14
1.35198e+06,12,CTL,20
1.35208e+06,11,RTS,20
1.35208e+06,4,RTS,20
1.35208e+06,2,RTS,20
1.35208e+06,3,RTS,20
1.35208e+06,18,RTS,20
1.35217e+06,7,RTS,20
1.35224e+06,20,CTS,14
1.3523e+06,7,QOSDATA_TID6,1066
1.35249e+06,20,ACK,14
1.35253e+06,7,CTL,20
1.35262e+06,4,RTS,20
1.35268e+06,20,CTS,14
1.35274e+06,4,QOSDATA_TID6,1066
1.35293e+06,20,ACK,14
1.35297e+06,4,QOSDATA_TID6,1066
1.35316e+06,20,ACK,14
1.3532e+06,4,CTL,20
1.35329e+06,15,RTS,20
1.35329e+06,2,RTS,20
1.35329e+06,14,RTS,20
1.35338e+06,16,RTS,20
1.35345e+06,20,CTS,14
1.35351e+06,16,QOSDATA_TID6,1066
1.3537e+06,20,ACK,14
1.35374e+06,16,CTL,20
1.35383e+06,11,RTS,20
1.35383e+06,13,RTS,20
1.35383e+06,6,RTS,20
1.35393e+06,9,RTS,20
1.354e+06,20,CTS,14
1.35406e+06,9,QOSDATA_TID6,1066
1.35424e+06,20,ACK,14
1.35429e+06,9,QOSDATA_TID6,1066
1.35447e+06,20,ACK,14
1.35452e+06,9,QOSDATA_TID6,1066
1.3547e+06,20,ACK,14
1.35474e+06,9,QOSDATA_TID6,1066
1.35493e+06,20,ACK,14
1.35497e+06,9,CTL,20
1.35506e+06,3,RTS,20
1.35506e+06,11,RTS,20
1.35506e+06,7,RTS,20
1.35506e+06,15,RTS,20
1.35517e+06,0,RTS,20
1.35517e+06,1,RTS,20
1.35517e+06,18,RTS,20
1.35527e+06,3,RTS,20
1.35534e+06,20,CTS,14
1.3554e+06,3,QOSDATA_TID6,1066
1.35558e+06,20,ACK,14
1.35563e+06,3,QOSDATA_TID6,1066
1.35581e+06,20,ACK,14
1.35586e+06,3,QOSDATA_TID6,1066
1.35604e+06,20,ACK,14
1.35608e+06,3,CTL,20
1.35617e+06,1,RTS,20
1.35624e+06,20,CTS,14
1.3563e+06,1,QOSDATA_TID6,1066
1.35648e+06,20,ACK,14
1.35653e+06,1,QOSDATA_TID6,1066
1.35671e+06,20,ACK,14
1.35676e+06,1,CTL,20
1.35684e+06,4,RTS,20
1.35684e+06,13,RTS,20
1.35694e+06,17,RTS,20
1.35701e+06,20,CTS,14
1.35707e+06,17,QOSDATA_TID6,1066
1.35725e+06,20,ACK,14
1.3573e+06,17,CTL,20
1.35738e+06,12,RTS,20
1.35738e+06,10,RTS,20
1.35745e+06,20,CTS,14
1.35751e+06,12,QOSDATA_TID6,1066
1.35769e+06,20,ACK,14
1.35774e+06,12,CTL,20
1.35783e+06,5,RTS,20
1.35783e+06,11,RTS,20
1.35783e+06,19,RTS,20
1.35783e+06,6,RTS,20
1.35783e+06,14,RTS,20
1.35783e+06,18,RTS,20
1.3579e+06,20,CTS,14
1.35796e+06,5,QOSDATA_TID6,1066
1.35814e+06,20,ACK,14
1.35819e+06,5,CTL,20
1.35827e+06,11,RTS,20
1.35834e+06,20,CTS,14
1.3584e+06,11,QOSDATA_TID6,1066
1.35859e+06,20,ACK,14
1.35863e+06,11,QOSDATA_TID6,1066
1.35881e+06,20,ACK,14
1.35886e+06,11,CTL,20
1.35895e+06,8,RTS,20
1.35895e+06,2,RTS,20
1.35895e+06,18,RTS,20
1.35906e+06,15,RTS,20
1.35913e+06,20,CTS,14
1.35919e+06,15,QOSDATA_TID6,1066
1.35937e+06,20,ACK,14
1.35942e+06,15,QOSDATA_TID6,1066
1.3596e+06,20,ACK,14
1.35964e+06,15,CTL,20
1.35974e+06,13,RTS,20
1.35981e+06,20,CTS,14
1.35987e+06,13,QOSDATA_TID6,1066
1.36005e+06,20,ACK,14
1.3601e+06,13,CTL,20
1.36018e+06,7,RTS,20
1.36018e+06,8,RTS,20
1.36018e+06,2,RTS,20
1.36028e+06,14,RTS,20
1.36028e+06,4,RTS,20
1.3604e+06,2,RTS,20
1.36046e+06,20,CTS,14
1.36052e+06,2,QOSDATA_TID6,1066
1.36071e+06,20,ACK,14
1.36075e+06,2,QOSDATA_TID6,1066
1.36094e+06,20,ACK,14
1.36098e+06,2,CTL,20
1.36107e+06,14,RTS,20
1.36113e+06,20,CTS,14
1.36119e+06,14,QOSDATA_TID6,1066
1.36138e+06,20,ACK,14
1.36142e+06,14,QOSDATA_TID6,1066
1.36161e+06,20,ACK,14
1.36165e+06,14,QOSDATA_TID6,1066
1.36183e+06,20,ACK,14
1.36188e+06,14,CTL,20
1.36196e+06,0,RTS,20
1.36203e+06,20,CTS,14
1.36209e+06,0,QOSDATA_TID6,1066
1.36228e+06,20,ACK,14
1.36232e+06,0,QOSDATA_TID6,1066
1.3625e+06,20,ACK,14
1.36255e+06,0,CTL,20
1.36263e+06,18,RTS,20
1.36263e+06,3,RTS,20
1.36263e+06,9,RTS,20
1.36263e+06,13,RTS,20
1.36263e+06,16,RTS,20
1.36274e+06,12,RTS,20
1.36274e+06,7,RTS,20
1.36274e+06,19,RTS,20
1.36284e+06,18,RTS,20
1.36291e+06,20,CTS,14
1.36297e+06,18,QOSDATA_TID6,1066
1.36315e+06,20,ACK,14
1.3632e+06,18,QOSDATA_TID6,1066
1.36338e+06,20,ACK,14
1.36342e+06,18,CTL,20
1.36351e+06,10,RTS,20
1.36351e+06,6,RTS,20
1.36351e+06,3,RTS,20
1.36351e+06,19,RTS,20
1.36351e+06,11,RTS,20
1.36351e+06,13,RTS,20
1.36351e+06,4,RTS,20
1.36361e+06,16,RTS,20
1.36368e+06,20,CTS,14
1.36374e+06,16,QOSDATA_TID6,1066
1.36392e+06,20,ACK,14
1.36396e+06,16,CTL,20
1.36405e+06,10,RTS,20
1.36412e+06,20,CTS,14
1.36418e+06,10,QOSDATA_TID6,1066
1.36436e+06,20,ACK,14
1.3644e+06,10,CTL,20
1.36449e+06,9,RTS,20
1.36456e+06,20,CTS,14
1.36462e+06,9,QOSDATA_TID6,1066
1.3648e+06,20,ACK,14
1.36485e+06,9,CTL,20
1.36493e+06,1,RTS,20
1.36493e+06,17,RTS,20
1.36493e+06,13,RTS,20
1.36503e+06,6,RTS,20
1.36503e+06,10,RTS,20
1.3651e+06,20,CTS,14
1.36516e+06,6,QOSDATA_TID6,1066
1.36534e+06,20,ACK,14
1.36539e+06,6,QOSDATA_TID6,1066
1.36557e+06,20,ACK,14
1.36562e+06,6,QOSDATA_TID6,1066
1.3658e+06,20,ACK,14
1.36584e+06,6,CTL,20
1.36593e+06,10,RTS,20
1.36593e+06,12,RTS,20
1.36593e+06,7,RTS,20
1.36593e+06,17,RTS,20
1.36593e+06,4,RTS,20
1.36603e+06,2,RTS,20
1.3661e+06,20,CTS,14
1.36616e+06,2,QOSDATA_TID6,1066
1.36634e+06,20,ACK,14
1.36638e+06,2,CTL,20
1.36647e+06,18,RTS,20
1.36647e+06,7,RTS,20
1.36654e+06,20,CTS,14
1.3666e+06,7,QOSDATA_TID6,1066
1.36678e+06,20,ACK,14
1.36683e+06,7,QOSDATA_TID6,1066
1.36701e+06,20,ACK,14
1.36705e+06,7,CTL,20
1.36714e+06,14,RTS,20
1.36721e+06,20,CTS,14
1.36727e+06,14,QOSDATA_TID6,1066
1.36745e+06,20,ACK,14
1.3675e+06,14,CTL,20
1.36758e+06,12,RTS,20
1.36758e+06,5,RTS,20
1.36758e+06,3,RTS,20
1.36768e+06,11,RTS,20
1.36768e+06,4,RTS,20
1.36768e+06,15,RTS,20
1.36779e+06,5,RTS,20
1.36786e+06,20,CTS,14
1.36792e+06,5,QOSDATA_TID6,1066
1.3681e+06,20,ACK,14
1.36814e+06,5,CTL,20
1.36823e+06,12,RTS,20
1.36823e+06,18,RTS,20
1.36823e+06,4,RTS,20
1.36823e+06,13,RTS,20
1.3683e+06,20,CTS,14
1.36836e+06,12,QOSDATA_TID6,1066
1.36854e+06,20,ACK,14
1.36858e+06,12,CTL,20
1.36867e+06,19,RTS,20
1.36874e+06,20,CTS,14
1.3688e+06,19,QOSDATA_TID6,1066
1.36898e+06,20,ACK,14
1.36903e+06,19,QOSDATA_TID6,1066
1.36921e+06,20,ACK,14
1.36926e+06,19,CTL,20
1.36934e+06,8,RTS,20
1.36934e+06,13,RTS,20
1.36941e+06,20,CTS,14
1.36947e+06,8,QOSDATA_TID6,1066
1.36965e+06,20,ACK,14
1.3697e+06,8,QOSDATA_TID6,1066
1.36988e+06,20,ACK,14
1.36992e+06,8,CTL,20
1.37002e+06,9,RTS,20
1.37002e+06,0,RTS,20
1.37009e+06,20,CTS,14
1.37015e+06,0,QOSDATA_TID6,1066
1.37033e+06,20,ACK,14
1.37038e+06,0,CTL,20
1.37046e+06,17,RTS,20
1.37046e+06,1,RTS,20
1.37046e+06,16,RTS,20
1.37056e+06,7,RTS,20
1.37056e+06,10,RTS,20
1.37063e+06,20,CTS,14
1.37069e+06,7,QOSDATA_TID6,1066
1.37087e+06,20,ACK,14
1.37092e+06,7,CTL,20
1.37101e+06,12,RTS,20
1.37101e+06,13,RTS,20
1.37101e+06,4,RTS,20
1.37101e+06,3,RTS,20
1.37108e+06,20,CTS,14
1.37114e+06,12,QOSDATA_TID6,1066
1.37132e+06,20,ACK,14
1.37137e+06,12,CTL,20
1.37145e+06,19,RTS,20
1.37152e+06,20,CTS,14
1.37158e+06,19,QOSDATA_TID6,1066
1.37176e+06,20,ACK,14
1.37181e+06,19,CTL,20
1.3719e+06,4,RTS,20
1.3719e+06,6,RTS,20
1.3719e+06,13,RTS,20
1.372e+06,15,RTS,20
1.37207e+06,20,CTS,14
1.37213e+06,15,QOSDATA_TID6,1066
1.37231e+06,20,ACK,14
1.37236e+06,15,CTL,20
1.37244e+06,17,RTS,20
1.37244e+06,9,RTS,20
1.37251e+06,20,CTS,14
1.37257e+06,17,QOSDATA_TID6,1066
1.37276e+06,20,ACK,14
1.3728e+06,17,QOSDATA_TID6,1066
1.37298e+06,20,ACK,14
1.37303e+06,17,CTL,20
1.37312e+06,11,RTS,20
1.37312e+06,13,RTS,20
1.37312e+06,6,RTS,20
1.37322e+06,15,RTS,20
1.37329e+06,20,CTS,14
1.37335e+06,15,QOSDATA_TID6,1066
1.37353e+06,20,ACK,14
1.37358e+06,15,CTL,20
1.37366e+06,5,RTS,20
1.37373e+06,20,CTS,14
1.37379e+06,5,QOSDATA_TID6,1066
1.37398e+06,20,ACK,14
1.37402e+06,5,CTL,20
1.3741e+06,2,RTS,20
1.3741e+06,3,RTS,20
1.3741e+06,11,RTS,20
1.37421e+06,6,RTS,20
1.37421e+06,10,RTS,20
1.37421e+06,13,RTS,20
1.37433e+06,1,RTS,20
1.37433e+06,16,RTS,20
1.3744e+06,20,CTS,14
1.37446e+06,1,QOSDATA_TID6,1066
1.37464e+06,20,ACK,14
1.37468e+06,1,QOSDATA_TID6,1066
1.37487e+06,20,ACK,14
1.37491e+06,1,CTL,20
1.37501e+06,8,RTS,20
1.37501e+06,4,RTS,20
1.37501e+06,10,RTS,20
1.37508e+06,20,CTS,14
1.37514e+06,8,QOSDATA_TID6,1066
1.37532e+06,20,ACK,14
1.37536e+06,8,CTL,20
1.37547e+06,9,RTS,20
1.37554e+06,20,CTS,14
1.3756e+06,9,QOSDATA_TID6,1066
1.37578e+06,20,ACK,14
1.37582e+06,9,CTL,20
1.37591e+06,18,RTS,20
1.37591e+06,14,RTS,20
1.37601e+06,11,RTS,20
1.37608e+06,20,CTS,14
1.37614e+06,11,QOSDATA_TID6,1066
1.37632e+06,20,ACK,14
1.37636e+06,11,QOSDATA_TID6,1066
1.37655e+06,20,ACK,14
1.37659e+06,11,CTL,20
1.37668e+06,4,RTS,20
1.37668e+06,18,RTS,20
1.37675e+06,20,CTS,14
1.37681e+06,18,QOSDATA_TID6,1066
1.37699e+06,20,ACK,14
1.37703e+06,18,QOSDATA_TID6,1066
1.37722e+06,20,ACK,14
1.37726e+06,18,CTL,20
1.37736e+06,6,RTS,20
1.37736e+06,13,RTS,20
1.37749e+06,6,RTS,20
1.37756e+06,20,CTS,14
1.37762e+06,6,QOSDATA_TID6,1066
1.3778e+06,20,ACK,14
1.37784e+06,6,CTL,20
1.37793e+06,7,RTS,20
1.378e+06,20,CTS,14
1.37806e+06,7,QOSDATA_TID6,1066
1.37824e+06,20,ACK,14
1.37829e+06,7,CTL,20
1.37838e+06,12,RTS,20
1.37838e+06,16,RTS,20
1.37838e+06,2,RTS,20
1.37838e+06,14,RTS,20
1.37838e+06,9,RTS,20
1.37845e+06,20,CTS,14
1.37851e+06,12,QOSDATA_TID6,1066
1.37869e+06,20,ACK,14
1.37874e+06,12,CTL,20
1.37882e+06,16,RTS,20
1.37882e+06,13,RTS,20
1.37892e+06,9,RTS,20
1.37899e+06,20,CTS,14
1.37905e+06,9,QOSDATA_TID6,1066
1.37923e+06,20,ACK,14
1.37928e+06,9,CTL,20
1.37936e+06,19,RTS,20
1.37936e+06,1,RTS,20
1.37936e+06,17,RTS,20
1.37936e+06,0,RTS,20
1.37946e+06,10,RTS,20
1.37953e+06,20,CTS,14
1.37959e+06,10,QOSDATA_TID6,1066
1.37977e+06,20,ACK,14
1.37982e+06,10,QOSDATA_TID6,1066
1.38e+06,20,ACK,14
1.38004e+06,10,CTL,20
1.38013e+06,3,RTS,20
1.38013e+06,11,RTS,20
1.38025e+06,0,RTS,20
1.38025e+06,6,RTS,20
1.38025e+06,14,RTS,20
1.38034e+06,3,RTS,20
1.38041e+06,20,CTS,14
1.38047e+06,3,QOSDATA_TID6,1066
1.38066e+06,20,ACK,14
1.3807e+06,3,QOSDATA_TID6,1066
1.38088e+06,20,ACK,14
1.38093e+06,3,QOSDATA_TID6,1066
1.38111e+06,20,ACK,14
1.38116e+06,3,CTL,20
1.38124e+06,2,RTS,20
1.38124e+06,16,RTS,20
1.38124e+06,4,RTS,20
1.38134e+06,5,RTS,20
1.38134e+06,15,RTS,20
1.38141e+06,20,CTS,14
1.38147e+06,5,QOSDATA_TID6,1066
1.38165e+06,20,ACK,14
1.3817e+06,5,CTL,20
1.38178e+06,2,RTS,20
1.38185e+06,20,CTS,14
1.38191e+06,2,QOSDATA_TID6,1066
1.3821e+06,20,ACK,14
1.38214e+06,2,QOSDATA_TID6,1066
1.38232e+06,20,ACK,14
1.38237e+06,2,CTL,20
1.38245e+06,4,RTS,20
1.38245e+06,13,RTS,20
1.38255e+06,18,RTS,20
1.38262e+06,20,CTS,14
1.38268e+06,18,QOSDATA_TID6,1066
1.38286e+06,20,ACK,14
1.38291e+06,18,CTL,20
1.38299e+06,10,RTS,20
1.38306e+06,20,CTS,14
1.38312e+06,10,QOSDATA_TID6,1066
1.38331e+06,20,ACK,14
1.38335e+06,10,CTL,20
1.38344e+06,0,CTS,14
1.38344e+06,19,RTS,20
1.38358e+06,0,RTS,20
1.38364e+06,20,CTS,14
1.3837e+06,0,QOSDATA_TID6,1066
1.38389e+06,20,ACK,14
1.38393e+06,0,CTL,20
1.38402e+06,8,RTS,20
1.38402e+06,17,RTS,20
1.38402e+06,11,RTS,20
1.38412e+06,1,RTS,20
1.38418e+06,20,CTS,14
1.38424e+06,1,QOSDATA_TID6,1066
1.38443e+06,20,ACK,14
1.38447e+06,1,CTL,20
1.38456e+06,11,RTS,20
1.38463e+06,20,CTS,14
1.38469e+06,11,QOSDATA_TID6,1066
1.38487e+06,20,ACK,14
1.38491e+06,11,CTL,20
1.385e+06,8,RTS,20
1.385e+06,17,RTS,20
1.385e+06,19,RTS,20
1.3851e+06,0,RTS,20
1.3851e+06,15,RTS,20
1.3852e+06,19,RTS,20
1.3852e+06,4,RTS,20
1.38527e+06,20,CTS,14
1.38533e+06,19,QOSDATA_TID6,1066
1.38552e+06,20,ACK,14
1.38556e+06,19,CTL,20
1.38565e+06,7,RTS,20
1.38572e+06,20,CTS,14
1.38578e+06,7,QOSDATA_TID6,1066
1.38596e+06,20,ACK,14
1.386e+06,7,CTL,20
1.38609e+06,13,RTS,20
1.38609e+06,14,RTS,20
1.3862e+06,17,RTS,20
1.38626e+06,20,CTS,14
1.38632e+06,17,QOSDATA_TID6,1066
1.38651e+06,20,ACK,14
1.38655e+06,17,CTL,20
1.38664e+06,12,RTS,20
1.38664e+06,3,RTS,20
1.38664e+06,9,RTS,20
1.38671e+06,20,CTS,14
1.38677e+06,12,QOSDATA_TID6,1066
1.38695e+06,20,ACK,14
1.38699e+06,12,CTL,20
1.38708e+06,19,RTS,20
1.38708e+06,0,RTS,20
1.38708e+06,6,RTS,20
1.38719e+06,15,RTS,20
1.38719e+06,14,RTS,20
1.38728e+06,1,RTS,20
1.38728e+06,9,RTS,20
1.38735e+06,20,CTS,14
1.38741e+06,1,QOSDATA_TID6,1066
1.3876e+06,20,ACK,14
1.38764e+06,1,CTL,20
1.38774e+06,11,RTS,20
1.38774e+06,16,RTS,20
1.38774e+06,6,RTS,20
1.38783e+06,8,RTS,20
1.38783e+06,17,RTS,20
1.38793e+06,19,RTS,20
1.388e+06,20,CTS,14
1.38806e+06,19,QOSDATA_TID6,1066
1.38824e+06,20,ACK,14
1.38829e+06,19,CTL,20
1.38837e+06,3,RTS,20
1.38837e+06,9,RTS,20
1.38847e+06,11,RTS,20
1.38847e+06,14,RTS,20
1.38858e+06,13,RTS,20
1.38865e+06,20,CTS,14
1.38871e+06,13,QOSDATA_TID6,1066
1.38889e+06,20,ACK,14
1.38894e+06,13,QOSDATA_TID6,1066
1.38912e+06,20,ACK,14
1.38916e+06,13,QOSDATA_TID6,1066
1.38935e+06,20,ACK,14
1.38939e+06,13,CTL,20
1.38948e+06,14,RTS,20
1.38954e+06,20,CTS,14
1.3896e+06,14,QOSDATA_TID6,1066
1.38979e+06,20,ACK,14
1.38983e+06,14,QOSDATA_TID6,1066
1.39002e+06,20,ACK,14
1.39006e+06,14,CTL,20
1.39015e+06,5,RTS,20
1.39015e+06,8,RTS,20
1.39015e+06,9,RTS,20
1.39022e+06,20,CTS,14
1.39028e+06,5,QOSDATA_TID6,1066
1.39046e+06,20,ACK,14
1.3905e+06,5,CTL,20
1.39059e+06,16,RTS,20
1.39059e+06,0,CTS,14
1.39071e+06,0,RTS,20
1.39078e+06,20,CTS,14
1.39084e+06,0,QOSDATA_TID6,1066
1.39102e+06,20,ACK,14
1.39107e+06,0,CTL,20
1.39116e+06,6,RTS,20
1.39116e+06,14,RTS,20
1.39116e+06,2,RTS,20
1.39116e+06,10,RTS,20
1.39116e+06,4,RTS,20
1.39126e+06,9,RTS,20
1.39133e+06,20,CTS,14
1.39139e+06,9,QOSDATA_TID6,1066
1.39157e+06,20,ACK,14
1.39162e+06,9,CTL,20
1.3917e+06,6,RTS,20
1.39177e+06,20,CTS,14
1.39183e+06,6,QOSDATA_TID6,1066
1.39202e+06,20,ACK,14
1.39206e+06,6,QOSDATA_TID6,1066
1.39224e+06,20,ACK,14
1.39229e+06,6,CTL,20
1.39237e+06,18,RTS,20
1.39237e+06,10,RTS,20
1.39237e+06,17,RTS,20
1.39244e+06,20,CTS,14
1.3925e+06,17,QOSDATA_TID6,1066
1.39268e+06,20,ACK,14
1.39273e+06,17,CTL,20
1.39282e+06,2,RTS,20
1.39288e+06,20,CTS,14
1.39294e+06,2,QOSDATA_TID6,1066
1.39313e+06,20,ACK,14
1.39317e+06,2,CTL,20
1.39326e+06,11,RTS,20
1.39326e+06,15,RTS,20
1.39336e+06,10,RTS,20
1.39336e+06,3,RTS,20
1.39346e+06,7,RTS,20
1.39347e+06,16,RTS,20
1.39347e+06,4,RTS,20
1.39353e+06,20,CTS,14
1.39359e+06,7,QOSDATA_TID6,1066
1.39377e+06,20,ACK,14
1.39382e+06,7,CTL,20
1.3939e+06,14,RTS,20
1.39397e+06,20,CTS,14
1.39403e+06,14,QOSDATA_TID6,1066
1.39422e+06,20,ACK,14
1.39426e+06,14,CTL,20
1.39435e+06,0,RTS,20
1.39441e+06,20,CTS,14
1.39447e+06,0,QOSDATA_TID6,1066
1.39466e+06,20,ACK,14
1.3947e+06,0,CTL,20
1.39479e+06,8,RTS,20
1.39479e+06,3,RTS,20
1.39479e+06,9,RTS,20
1.39479e+06,13,RTS,20
1.39479e+06,16,RTS,20
1.39489e+06,12,RTS,20
1.39489e+06,18,RTS,20
1.39495e+06,20,CTS,14
1.39501e+06,12,QOSDATA_TID6,1066
1.3952e+06,20,ACK,14
1.39524e+06,12,CTL,20
1.39533e+06,16,RTS,20
1.3954e+06,20,CTS,14
1.39546e+06,16,QOSDATA_TID6,1066
1.39564e+06,20,ACK,14
1.39568e+06,16,QOSDATA_TID6,1066
1.39587e+06,20,ACK,14
1.39591e+06,16,QOSDATA_TID6,1066
1.3961e+06,20,ACK,14
1.39614e+06,16,CTL,20
1.39623e+06,8,RTS,20
1.39623e+06,17,RTS,20
1.39632e+06,1,RTS,20
1.39632e+06,5,RTS,20
1.39632e+06,19,RTS,20
1.39632e+06,15,RTS,20
1.39639e+06,20,CTS,14
1.39645e+06,5,QOSDATA_TID6,1066
1.39664e+06,20,ACK,14
1.39668e+06,5,CTL,20
1.39677e+06,2,RTS,20
1.39677e+06,4,RTS,20
1.39683e+06,20,CTS,14
1.39689e+06,2,QOSDATA_TID6,1066
1.39708e+06,20,ACK,14
1.39712e+06,2,CTL,20
1.39722e+06,10,RTS,20
1.39722e+06,15,RTS,20
1.39722e+06,13,RTS,20
1.39733e+06,4,RTS,20
1.39733e+06,6,RTS,20
1.3974e+06,20,CTS,14
1.39746e+06,6,QOSDATA_TID6,1066
1.39764e+06,20,ACK,14
1.39769e+06,6,CTL,20
1.39778e+06,15,RTS,20
1.39784e+06,20,CTS,14
1.3979e+06,15,QOSDATA_TID6,1066
1.39809e+06,20,ACK,14
1.39813e+06,15,QOSDATA_TID6,1066
1.39832e+06,20,ACK,14
1.39836e+06,15,QOSDATA_TID6,1066
1.39854e+06,20,ACK,14
1.39859e+06,15,CTL,20
1.39867e+06,8,RTS,20
1.39874e+06,20,CTS,14
1.3988e+06,8,QOSDATA_TID6,1066
1.39899e+06,20,ACK,14
1.39903e+06,8,QOSDATA_TID6,1066
1.39921e+06,20,ACK,14
1.39926e+06,8,QOSDATA_TID6,1066
1.39944e+06,20,ACK,14
1.39949e+06,8,CTL,20
1.39957e+06,4,RTS,20
1.39957e+06,18,RTS,20
1.39957e+06,13,RTS,20
1.39967e+06,17,RTS,20
1.39974e+06,20,CTS,14
1.3998e+06,17,QOSDATA_TID6,1066
1.39998e+06,20,ACK,14
1.40003e+06,17,CTL,20
1.40011e+06,19,RTS,20
1.40011e+06,18,RTS,20
1.40022e+06,9,RTS,20
1.40022e+06,3,RTS,20
1.40033e+06,11,RTS,20
1.40033e+06,14,RTS,20
1.40043e+06,9,RTS,20
1.4005e+06,20,CTS,14
1.40056e+06,9,QOSDATA_TID6,1066
1.40074e+06,20,ACK,14
1.40079e+06,9,CTL,20
1.40088e+06,10,RTS,20
1.40088e+06,13,RTS,20
1.40099e+06,1,RTS,20
1.40106e+06,20,CTS,14
1.40112e+06,1,QOSDATA_TID6,1066
1.4013e+06,20,ACK,14
1.40135e+06,1,CTL,20
1.40144e+06,11,RTS,20
1.40144e+06,0,RTS,20
1.40144e+06,13,RTS,20
1.40157e+06,7,RTS,20
1.40157e+06,3,RTS,20
1.40164e+06,20,CTS,14
1.4017e+06,7,QOSDATA_TID6,1066
1.40188e+06,20,ACK,14
1.40192e+06,7,CTL,20
1.40203e+06,16,RTS,20
1.40203e+06,9,RTS,20
1.40212e+06,19,RTS,20
1.40219e+06,20,CTS,14
1.40225e+06,19,QOSDATA_TID6,1066
1.40244e+06,20,ACK,14
1.40248e+06,19,CTL,20
1.40259e+06,12,RTS,20
1.40259e+06,14,RTS,20
1.40266e+06,20,CTS,14
1.40272e+06,12,QOSDATA_TID6,1066
1.40291e+06,20,ACK,14
1.40295e+06,12,CTL,20
1.40304e+06,10,RTS,20
1.40311e+06,20,CTS,14
1.40317e+06,10,QOSDATA_TID6,1066
1.40336e+06,20,ACK,14
1.4034e+06,10,QOSDATA_TID6,1066
1.40358e+06,20,ACK,14
1.40363e+06,10,CTL,20
1.40372e+06,19,RTS,20
1.40372e+06,17,RTS,20
1.40372e+06,13,RTS,20
1.40379e+06,20,CTS,14
1.40385e+06,17,QOSDATA_TID6,1066
1.40404e+06,20,ACK,14
1.40408e+06,17,CTL,20
1.40417e+06,4,RTS,20
1.40417e+06,6,RTS,20
1.40423e+06,20,CTS,14
1.40429e+06,6,QOSDATA_TID6,1066
1.40448e+06,20,ACK,14
1.40452e+06,6,CTL,20
1.40461e+06,5,RTS,20
1.40468e+06,20,CTS,14
1.40474e+06,5,QOSDATA_TID6,1066
1.40492e+06,20,ACK,14
1.40496e+06,5,CTL,20
1.40505e+06,1,RTS,20
1.40505e+06,19,RTS,20
1.40505e+06,2,RTS,20
1.40505e+06,9,RTS,20
1.40505e+06,10,RTS,20
1.40515e+06,0,RTS,20
1.40522e+06,20,CTS,14
1.40528e+06,0,QOSDATA_TID6,1066
1.40546e+06,20,ACK,14
1.4055e+06,0,CTL,20
1.40559e+06,15,RTS,20
1.40559e+06,19,RTS,20
1.40559e+06,11,RTS,20
1.40559e+06,16,RTS,20
1.40569e+06,3,RTS,20
1.40576e+06,20,CTS,14
1.40582e+06,3,QOSDATA_TID6,1066
1.406e+06,20,ACK,14
1.40604e+06,3,QOSDATA_TID6,1066
1.40623e+06,20,ACK,14
1.40627e+06,3,QOSDATA_TID6,1066
1.40646e+06,20,ACK,14
1.4065e+06,3,CTL,20
1.40659e+06,4,RTS,20
1.40666e+06,20,CTS,14
1.40672e+06,4,QOSDATA_TID6,1066
1.4069e+06,20,ACK,14
1.40694e+06,4,QOSDATA_TID6,1066
1.40713e+06,20,ACK,14
1.40717e+06,4,QOSDATA_TID6,1066
1.40736e+06,20,ACK,14
1.4074e+06,4,QOSDATA_TID6,1066
1.40758e+06,20,ACK,14
1.40763e+06,4,QOSDATA_TID6,1066
1.40781e+06,20,ACK,14
1.40786e+06,4,CTL,20
1.40794e+06,8,RTS,20
1.40794e+06,13,RTS,20
1.40801e+06,20,CTS,14
1.40807e+06,8,QOSDATA_TID6,1066
1.40825e+06,20,ACK,14
1.4083e+06,8,CTL,20
1.40838e+06,13,RTS,20
1.40845e+06,20,CTS,14
1.40851e+06,13,QOSDATA_TID6,1066
1.4087e+06,20,ACK,14
1.40874e+06,13,CTL,20
1.40882e+06,16,RTS,20
1.40882e+06,1,RTS,20
1.40882e+06,2,RTS,20
1.40882e+06,18,RTS,20
1.40882e+06,10,RTS,20
1.40882e+06,9,RTS,20
1.40893e+06,14,RTS,20
1.409e+06,20,CTS,14
1.40906e+06,14,QOSDATA_TID6,1066
1.40924e+06,20,ACK,14
1.40929e+06,14,QOSDATA_TID6,1066
1.40947e+06,20,ACK,14
1.40952e+06,14,CTL,20
1.40961e+06,18,RTS,20
1.40961e+06,16,RTS,20
1.40971e+06,15,RTS,20
1.40978e+06,20,CTS,14
1.40984e+06,15,QOSDATA_TID6,1066
1.41002e+06,20,ACK,14
1.41006e+06,15,CTL,20
1.41016e+06,13,RTS,20
1.41023e+06,20,CTS,14
1.41029e+06,13,QOSDATA_TID6,1066
1.41047e+06,20,ACK,14
1.41052e+06,13,CTL,20
1.4106e+06,7,RTS,20
1.4106e+06,0,RTS,20
1.4106e+06,19,RTS,20
1.4106e+06,2,RTS,20
1.41072e+06,18,RTS,20
1.41072e+06,11,RTS,20
1.4109e+06,11,RTS,20
1.41097e+06,20,CTS,14
1.41103e+06,11,QOSDATA_TID6,1066
1.41122e+06,20,ACK,14
1.41126e+06,11,QOSDATA_TID6,1066
1.41144e+06,20,ACK,14
1.41149e+06,11,QOSDATA_TID6,1066
1.41167e+06,20,ACK,14
1.41172e+06,11,CTL,20
1.4118e+06,0,RTS,20
1.4118e+06,18,RTS,20
1.4119e+06,12,RTS,20
1.41197e+06,20,CTS,14
1.41203e+06,12,QOSDATA_TID6,1066
1.41221e+06,20,ACK,14
1.41226e+06,12,CTL,20
1.41234e+06,17,RTS,20
1.41234e+06,5,RTS,20
1.41241e+06,20,CTS,14
1.41247e+06,5,QOSDATA_TID6,1066
1.41265e+06,20,ACK,14
1.4127e+06,5,CTL,20
1.41278e+06,3,RTS,20
1.41278e+06,18,RTS,20
1.41278e+06,6,RTS,20
1.41288e+06,4,RTS,20
1.41295e+06,20,CTS,14
1.41301e+06,4,QOSDATA_TID6,1066
1.41319e+06,20,ACK,14
1.41324e+06,4,CTL,20
1.41332e+06,6,RTS,20
1.41339e+06,20,CTS,14
1.41345e+06,6,QOSDATA_TID6,1066
1.41364e+06,20,ACK,14
1.41368e+06,6,CTL,20
1.41377e+06,7,RTS,20
1.41377e+06,17,RTS,20
1.41377e+06,1,RTS,20
1.41377e+06,9,RTS,20
1.41377e+06,16,RTS,20
1.41387e+06,19,RTS,20
1.41387e+06,15,RTS,20
1.41387e+06,0,CTS,14
1.41387e+06,18,RTS,20
1.41398e+06,3,RTS,20
1.41405e+06,20,CTS,14
1.41411e+06,3,QOSDATA_TID6,1066
1.41429e+06,20,ACK,14
1.41434e+06,3,CTL,20
1.41442e+06,19,RTS,20
1.41449e+06,20,CTS,14
1.41455e+06,19,QOSDATA_TID6,1066
1.41473e+06,20,ACK,14
1.41478e+06,19,QOSDATA_TID6,1066
1.41496e+06,20,ACK,14
1.41501e+06,19,CTL,20
1.41509e+06,15,RTS,20
1.41516e+06,20,CTS,14
1.41522e+06,15,QOSDATA_TID6,1066
1.4154e+06,20,ACK,14
1.41545e+06,15,CTL,20
1.41553e+06,8,RTS,20
1.41553e+06,2,RTS,20
1.41553e+06,10,RTS,20
1.41564e+06,9,RTS,20
1.41571e+06,20,CTS,14
1.41577e+06,9,QOSDATA_TID6,1066
1.41595e+06,20,ACK,14
1.416e+06,9,QOSDATA_TID6,1066
1.41618e+06,20,ACK,14
1.41622e+06,9,CTL,20
1.41631e+06,14,RTS,20
1.41638e+06,20,CTS,14
1.41644e+06,14,QOSDATA_TID6,1066
1.41662e+06,20,ACK,14
1.41667e+06,14,CTL,20
1.41675e+06,8,RTS,20
1.41682e+06,20,CTS,14
1.41688e+06,8,QOSDATA_TID6,1066
1.41706e+06,20,ACK,14
1.41711e+06,8,CTL,20
1.4172e+06,17,RTS,20
1.4172e+06,0,RTS,20
1.4172e+06,18,RTS,20
1.41734e+06,17,RTS,20
1.41734e+06,18,RTS,20
1.41734e+06,2,RTS,20
1.41748e+06,17,RTS,20
1.41748e+06,2,RTS,20
1.41754e+06,20,CTS,14
1.4176e+06,17,QOSDATA_TID6,1066
1.41779e+06,20,ACK,14
1.41783e+06,17,CTL,20
1.41792e+06,2,RTS,20
1.41798e+06,20,CTS,14
1.41804e+06,2,QOSDATA_TID6,1066
1.41823e+06,20,ACK,14
1.41827e+06,2,QOSDATA_TID6,1066
1.41846e+06,20,ACK,14
1.4185e+06,2,CTL,20
1.41859e+06,16,RTS,20
1.41859e+06,13,RTS,20
1.41869e+06,7,RTS,20
1.41869e+06,12,RTS,20
1.41869e+06,9,RTS,20
1.41876e+06,20,CTS,14
1.41882e+06,12,QOSDATA_TID6,1066
1.41901e+06,20,ACK,14
1.41905e+06,12,CTL,20
1.41914e+06,7,RTS,20
1.41914e+06,11,RTS,20
1.41914e+06,19,RTS,20
1.41914e+06,3,RTS,20
1.41925e+06,6,RTS,20
1.41932e+06,20,CTS,14
1.41938e+06,6,QOSDATA_TID6,1066
1.41956e+06,20,ACK,14
1.41961e+06,6,CTL,20
1.41969e+06,18,RTS,20
1.41976e+06,20,CTS,14
1.41982e+06,18,QOSDATA_TID6,1066
1.42001e+06,20,ACK,14
1.42005e+06,18,QOSDATA_TID6,1066
1.42023e+06,20,ACK,14
1.42028e+06,18,QOSDATA_TID6,1066
1.42046e+06,20,ACK,14
1.42051e+06,18,CTL,20
1.4206e+06,10,RTS,20
1.4206e+06,17,RTS,20
1.4206e+06,1,RTS,20
1.4206e+06,7,RTS,20
1.4207e+06,9,RTS,20
1.42077e+06,20,CTS,14
1.42083e+06,9,QOSDATA_TID6,1066
1.42101e+06,20,ACK,14
1.42106e+06,9,CTL,20
1.42114e+06,2,RTS,20
1.42114e+06,10,RTS,20
1.42114e+06,1,RTS,20
1.42114e+06,0,RTS,20
1.42126e+06,15,RTS,20
1.42133e+06,20,CTS,14
1.42139e+06,15,QOSDATA_TID6,1066
1.42157e+06,20,ACK,14
1.42161e+06,15,CTL,20
1.42171e+06,0,RTS,20
1.42171e+06,7,RTS,20
1.42171e+06,16,RTS,20
1.42181e+06,17,RTS,20
1.42181e+06,3,RTS,20
1.42188e+06,20,CTS,14
1.42194e+06,17,QOSDATA_TID6,1066
1.42212e+06,20,ACK,14
1.42216e+06,17,CTL,20
1.42225e+06,3,RTS,20
1.42232e+06,20,CTS,14
1.42238e+06,3,QOSDATA_TID6,1066
1.42256e+06,20,ACK,14
1.4226e+06,3,CTL,20
1.42269e+06,5,RTS,20
1.42269e+06,7,RTS,20
1.42276e+06,20,CTS,14
1.42282e+06,5,QOSDATA_TID6,1066
1.423e+06,20,ACK,14
1.42305e+06,5,CTL,20
1.42313e+06,14,RTS,20
1.4232e+06,20,CTS,14
1.42326e+06,14,QOSDATA_TID6,1066
1.42344e+06,20,ACK,14
1.42349e+06,14,CTL,20
1.42358e+06,13,RTS,20
1.42358e+06,2,RTS,20
1.42358e+06,10,RTS,20
1.42358e+06,4,RTS,20
1.42367e+06,8,RTS,20
1.42367e+06,19,RTS,20
1.42374e+06,20,CTS,14
1.4238e+06,8,QOSDATA_TID6,1066
1.42398e+06,20,ACK,14
1.42403e+06,8,CTL,20
1.42412e+06,18,RTS,20
1.42418e+06,20,CTS,14
1.42424e+06,18,QOSDATA_TID6,1066
1.42443e+06,20,ACK,14
1.42447e+06,18,CTL,20
1.42456e+06,2,RTS,20
1.42456e+06,4,RTS,20
1.42462e+06,20,CTS,14
1.42468e+06,2,QOSDATA_TID6,1066
1.42487e+06,20,ACK,14
1.42491e+06,2,CTL,20
1.425e+06,4,RTS,20
1.42507e+06,20,CTS,14
1.42513e+06,4,QOSDATA_TID6,1066
1.42531e+06,20,ACK,14
1.42536e+06,4,CTL,20
1.42544e+06,1,RTS,20
1.42544e+06,0,RTS,20
1.42557e+06,13,RTS,20
1.42563e+06,20,CTS,14
1.42569e+06,13,QOSDATA_TID6,1066
1.42588e+06,20,ACK,14
1.42592e+06,13,QOSDATA_TID6,1066
1.42611e+06,20,ACK,14
1.42615e+06,13,CTL,20
1.42624e+06,7,RTS,20
1.42624e+06,11,RTS,20
1.42624e+06,16,RTS,20
1.42624e+06,9,RTS,20
1.42636e+06,1,RTS,20
1.42636e+06,0,RTS,20
1.42646e+06,9,RTS,20
1.42653e+06,20,CTS,14
1.42659e+06,9,QOSDATA_TID6,1066
1.42677e+06,20,ACK,14
1.42682e+06,9,CTL,20
1.42691e+06,0,RTS,20
1.42691e+06,12,RTS,20
1.42698e+06,20,CTS,14
1.42704e+06,12,QOSDATA_TID6,1066
1.42722e+06,20,ACK,14
1.42727e+06,12,CTL,20
1.42735e+06,17,RTS,20
1.42735e+06,3,RTS,20
1.42742e+06,20,CTS,14
1.42748e+06,17,QOSDATA_TID6,1066
1.42766e+06,20,ACK,14
1.42771e+06,17,CTL,20
1.42779e+06,0,RTS,20
1.42779e+06,6,RTS,20
1.42791e+06,10,RTS,20
1.42791e+06,7,RTS,20
1.42791e+06,19,RTS,20
1.42791e+06,16,RTS,20
1.42801e+06,3,RTS,20
1.42808e+06,20,CTS,14
1.42814e+06,3,QOSDATA_TID6,1066
1.42832e+06,20,ACK,14
1.42836e+06,3,CTL,20
1.42846e+06,10,RTS,20
1.42846e+06,5,RTS,20
1.42846e+06,6,RTS,20
1.42846e+06,7,RTS,20
1.42853e+06,20,CTS,14
1.42859e+06,5,QOSDATA_TID6,1066
1.42877e+06,20,ACK,14
1.42882e+06,5,CTL,20
1.4289e+06,10,RTS,20
1.42897e+06,20,CTS,14
1.42903e+06,10,QOSDATA_TID6,1066
1.42921e+06,20,ACK,14
1.42926e+06,10,QOSDATA_TID6,1066
1.42944e+06,20,ACK,14
1.42949e+06,10,QOSDATA_TID6,1066
1.42967e+06,20,ACK,14
1.42971e+06,10,CTL,20
1.4298e+06,6,RTS,20
1.4298e+06,4,RTS,20
1.42987e+06,20,CTS,14
1.42993e+06,6,QOSDATA_TID6,1066
1.43011e+06,20,ACK,14
1.43016e+06,6,CTL,20
1.43025e+06,7,RTS,20
1.43032e+06,20,CTS,14
1.43038e+06,7,QOSDATA_TID6,1066
1.43056e+06,20,ACK,14
1.43061e+06,7,QOSDATA_TID6,1066
1.43079e+06,20,ACK,14
1.43084e+06,7,CTL,20
1.43092e+06,11,RTS,20
1.43092e+06,15,RTS,20
1.43092e+06,2,RTS,20
1.43102e+06,8,RTS,20
1.43109e+06,20,CTS,14
1.43115e+06,8,QOSDATA_TID6,1066
1.43133e+06,20,ACK,14
1.43138e+06,8,CTL,20
1.43146e+06,0,RTS,20
1.43153e+06,20,CTS,14
1.43159e+06,0,QOSDATA_TID6,1066
1.43177e+06,20,ACK,14
1.43182e+06,0,QOSDATA_TID6,1066
1.432e+06,20,ACK,14
1.43204e+06,0,CTL,20
1.43214e+06,14,RTS,20
1.43214e+06,1,RTS,20
1.43214e+06,19,RTS,20
1.43214e+06,16,RTS,20
1.43226e+06,2,RTS,20
1.43226e+06,18,RTS,20
1.43239e+06,11,RTS,20
1.43239e+06,16,RTS,20
1.43239e+06,4,RTS,20
1.43249e+06,1,RTS,20
1.43249e+06,2,RTS,20
1.43249e+06,18,RTS,20
1.43249e+06,14,RTS,20
1.43263e+06,1,RTS,20
1.43263e+06,14,RTS,20
1.4327e+06,20,CTS,14
1.43276e+06,1,QOSDATA_TID6,1066
1.43294e+06,20,ACK,14
1.43298e+06,1,QOSDATA_TID6,1066
1.43317e+06,20,ACK,14
1.43321e+06,1,QOSDATA_TID6,1066
1.4334e+06,20,ACK,14
1.43344e+06,1,CTL,20
1.43353e+06,4,RTS,20
1.43359e+06,20,CTS,14
1.43365e+06,4,QOSDATA_TID6,1066
1.43384e+06,20,ACK,14
1.43388e+06,4,CTL,20
1.43397e+06,7,RTS,20
1.43397e+06,15,RTS,20
1.43397e+06,0,RTS,20
1.43407e+06,19,RTS,20
1.43413e+06,20,CTS,14
1.43419e+06,19,QOSDATA_TID6,1066
1.43438e+06,20,ACK,14
1.43442e+06,19,QOSDATA_TID6,1066
1.43461e+06,20,ACK,14
1.43465e+06,19,CTL,20
1.43474e+06,12,RTS,20
1.43474e+06,9,RTS,20
1.43474e+06,13,RTS,20
1.4348e+06,20,CTS,14
1.43486e+06,12,QOSDATA_TID6,1066
1.43505e+06,20,ACK,14
1.43509e+06,12,CTL,20
1.43518e+06,6,RTS,20
1.43525e+06,20,CTS,14
1.43531e+06,6,QOSDATA_TID6,1066
1.43549e+06,20,ACK,14
1.43553e+06,6,CTL,20
1.43562e+06,0,RTS,20
1.43562e+06,2,RTS,20
1.43562e+06,3,RTS,20
1.43562e+06,1,RTS,20
1.43562e+06,19,RTS,20
1.43572e+06,15,RTS,20
1.43579e+06,20,CTS,14
1.43585e+06,15,QOSDATA_TID6,1066
1.43603e+06,20,ACK,14
1.43607e+06,15,CTL,20
1.43616e+06,0,CTS,14
1.43616e+06,7,RTS,20
1.43616e+06,17,RTS,20
1.43616e+06,2,RTS,20
1.43616e+06,11,RTS,20
1.43626e+06,0,RTS,20
1.43633e+06,20,CTS,14
1.43639e+06,0,QOSDATA_TID6,1066
1.43658e+06,20,ACK,14
1.43662e+06,0,CTL,20
1.43671e+06,13,RTS,20
1.43678e+06,20,CTS,14
1.43684e+06,13,QOSDATA_TID6,1066
1.43702e+06,20,ACK,14
1.43706e+06,13,CTL,20
1.43715e+06,4,RTS,20
1.43715e+06,16,RTS,20
1.43715e+06,17,RTS,20
1.43715e+06,2,RTS,20
1.43725e+06,15,RTS,20
1.43732e+06,20,CTS,14
1.43738e+06,15,QOSDATA_TID6,1066
1.43756e+06,20,ACK,14
1.4376e+06,15,CTL,20
1.4377e+06,14,RTS,20
1.4377e+06,5,RTS,20
1.4377e+06,17,RTS,20
1.4377e+06,18,RTS,20
1.4377e+06,2,RTS,20
1.4377e+06,4,RTS,20
1.4378e+06,9,RTS,20
1.43787e+06,20,CTS,14
1.43793e+06,9,QOSDATA_TID6,1066
1.43812e+06,20,ACK,14
1.43816e+06,9,CTL,20
1.43825e+06,19,RTS,20
1.43825e+06,17,RTS,20
1.43825e+06,7,RTS,20
1.43835e+06,1,RTS,20
1.43835e+06,10,RTS,20
1.43842e+06,20,CTS,14
1.43848e+06,1,QOSDATA_TID6,1066
1.43867e+06,20,ACK,14
1.43871e+06,1,CTL,20
1.4388e+06,8,RTS,20
1.43886e+06,20,CTS,14
1.43892e+06,8,QOSDATA_TID6,1066
1.43911e+06,20,ACK,14
1.43915e+06,8,CTL,20
1.43924e+06,10,RTS,20
1.43931e+06,20,CTS,14
1.43937e+06,10,QOSDATA_TID6,1066
1.43955e+06,20,ACK,14
1.43959e+06,10,CTL,20
1.43968e+06,14,RTS,20
1.43975e+06,20,CTS,14
1.43981e+06,14,QOSDATA_TID6,1066
1.43999e+06,20,ACK,14
1.44004e+06,14,QOSDATA_TID6,1066
1.44022e+06,20,ACK,14
1.44026e+06,14,CTL,20
1.44035e+06,5,RTS,20
1.44035e+06,17,RTS,20
1.44035e+06,19,RTS,20
1.44035e+06,11,RTS,20
1.44035e+06,16,RTS,20
1.44045e+06,2,RTS,20
1.44052e+06,20,CTS,14
1.44058e+06,2,QOSDATA_TID6,1066
1.44076e+06,20,ACK,14
1.4408e+06,2,CTL,20
1.44089e+06,3,RTS,20
1.44089e+06,18,RTS,20
1.44099e+06,16,RTS,20
1.44106e+06,20,CTS,14
1.44112e+06,16,QOSDATA_TID6,1066
1.4413e+06,20,ACK,14
1.44134e+06,16,QOSDATA_TID6,1066
1.44153e+06,20,ACK,14
1.44157e+06,16,QOSDATA_TID6,1066
1.44176e+06,20,ACK,14
1.4418e+06,16,QOSDATA_TID6,1066
1.44198e+06,20,ACK,14
1.44203e+06,16,QOSDATA_TID6,1066
1.44221e+06,20,ACK,14
1.44226e+06,16,CTL,20
1.44234e+06,11,RTS,20
1.44234e+06,4,RTS,20
1.44234e+06,17,RTS,20
1.44234e+06,3,RTS,20
1.44241e+06,20,CTS,14
1.44247e+06,17,QOSDATA_TID6,1066
1.44265e+06,20,ACK,14
1.4427e+06,17,CTL,20
1.44279e+06,7,RTS,20
1.44279e+06,3,RTS,20
1.44286e+06,20,CTS,14
1.44292e+06,7,QOSDATA_TID6,1066
1.4431e+06,20,ACK,14
1.44315e+06,7,QOSDATA_TID6,1066
1.44333e+06,20,ACK,14
1.44338e+06,7,CTL,20
1.44347e+06,5,RTS,20
1.44347e+06,6,RTS,20
1.44354e+06,20,CTS,14
1.4436e+06,5,QOSDATA_TID6,1066
1.44378e+06,20,ACK,14
1.44383e+06,5,CTL,20
1.44392e+06,13,RTS,20
1.44399e+06,20,CTS,14
1.44405e+06,13,QOSDATA_TID6,1066
1.44424e+06,20,ACK,14
1.44428e+06,13,CTL,20
1.44437e+06,12,RTS,20
1.44437e+06,5,RTS,20
1.44437e+06,9,RTS,20
1.44446e+06,11,RTS,20
1.44453e+06,20,CTS,14
1.44459e+06,11,QOSDATA_TID6,1066
1.44478e+06,20,ACK,14
1.44482e+06,11,QOSDATA_TID6,1066
1.445e+06,20,ACK,14
1.44505e+06,11,QOSDATA_TID6,1066
1.44523e+06,20,ACK,14
1.44528e+06,11,CTL,20
1.44536e+06,4,RTS,20
1.44536e+06,1,RTS,20
1.44536e+06,17,RTS,20
1.44536e+06,9,RTS,20
1.44536e+06,0,RTS,20
1.44547e+06,2,RTS,20
1.44547e+06,15,RTS,20
1.44558e+06,0,RTS,20
1.44564e+06,20,CTS,14
1.4457e+06,0,QOSDATA_TID6,1066
1.44589e+06,20,ACK,14
1.44593e+06,0,CTL,20
1.44604e+06,6,RTS,20
1.44604e+06,10,RTS,20
1.44604e+06,5,RTS,20
1.44604e+06,17,RTS,20
1.44604e+06,4,RTS,20
1.44616e+06,15,RTS,20
1.44616e+06,3,RTS,20
1.44626e+06,12,RTS,20
1.44633e+06,20,CTS,14
1.44639e+06,12,QOSDATA_TID6,1066
1.44657e+06,20,ACK,14
1.44662e+06,12,CTL,20
1.4467e+06,5,RTS,20
1.44677e+06,20,CTS,14
1.44683e+06,5,QOSDATA_TID6,1066
1.44701e+06,20,ACK,14
1.44706e+06,5,CTL,20
1.44714e+06,14,RTS,20
1.44721e+06,20,CTS,14
1.44727e+06,14,QOSDATA_TID6,1066
1.44746e+06,20,ACK,14
1.4475e+06,14,CTL,20
1.44758e+06,8,RTS,20
1.44765e+06,20,CTS,14
1.44771e+06,8,QOSDATA_TID6,1066
1.4479e+06,20,ACK,14
1.44794e+06,8,CTL,20
1.44803e+06,1,RTS,20
1.44803e+06,4,RTS,20
1.44803e+06,18,RTS,20
1.44803e+06,6,RTS,20
1.44813e+06,9,RTS,20
1.4482e+06,20,CTS,14
1.44826e+06,9,QOSDATA_TID6,1066
1.44845e+06,20,ACK,14
1.44849e+06,9,CTL,20
1.44858e+06,16,RTS,20
1.44864e+06,20,CTS,14
1.4487e+06,16,QOSDATA_TID6,1066
1.44889e+06,20,ACK,14
1.44893e+06,16,CTL,20
1.44902e+06,17,RTS,20
1.44902e+06,19,RTS,20
1.44902e+06,15,RTS,20
1.44912e+06,0,RTS,20
1.44912e+06,3,RTS,20
1.44918e+06,20,CTS,14
1.44924e+06,0,QOSDATA_TID6,1066
1.44943e+06,20,ACK,14
1.44947e+06,0,CTL,20
1.44955e+06,20,BEACON,152
1.44981e+06,15,RTS,20
1.44988e+06,20,CTS,14
1.44994e+06,15,QOSDATA_TID6,1066
1.45012e+06,20,ACK,14
1.45017e+06,15,CTL,20
1.45025e+06,13,RTS,20
1.45025e+06,6,RTS,20
1.45025e+06,3,RTS,20
1.45025e+06,9,RTS,20
1.45035e+06,18,RTS,20
1.45042e+06,20,CTS,14
1.45048e+06,18,QOSDATA_TID6,1066
1.45066e+06,20,ACK,14
1.45071e+06,18,QOSDATA_TID6,1066
1.45089e+06,20,ACK,14
1.45094e+06,18,QOSDATA_TID6,1066
1.45112e+06,20,ACK,14
1.45116e+06,18,CTL,20
1.45125e+06,2,RTS,20
1.45125e+06,3,RTS,20
1.45125e+06,19,RTS,20
1.45125e+06,12,RTS,20
1.45125e+06,11,RTS,20
1.45125e+06,4,RTS,20
1.45135e+06,10,RTS,20
1.45142e+06,20,CTS,14
1.45148e+06,10,QOSDATA_TID6,1066
1.45166e+06,20,ACK,14
1.4517e+06,10,CTL,20
1.45179e+06,3,RTS,20
1.45186e+06,20,CTS,14
1.45192e+06,3,QOSDATA_TID6,1066
1.4521e+06,20,ACK,14
1.45215e+06,3,QOSDATA_TID6,1066
1.45233e+06,20,ACK,14
1.45237e+06,3,CTL,20
1.45246e+06,9,RTS,20
1.45246e+06,17,RTS,20
1.45246e+06,6,RTS,20
1.45246e+06,7,RTS,20
1.45257e+06,2,RTS,20
1.45257e+06,11,RTS,20
1.45267e+06,15,RTS,20
1.45274e+06,20,CTS,14
1.4528e+06,15,QOSDATA_TID6,1066
1.45299e+06,20,ACK,14
1.45303e+06,15,CTL,20
1.45312e+06,19,RTS,20
1.45318e+06,20,CTS,14
1.45324e+06,19,QOSDATA_TID6,1066
1.45343e+06,20,ACK,14
1.45347e+06,19,QOSDATA_TID6,1066
1.45366e+06,20,ACK,14
1.4537e+06,19,QOSDATA_TID6,1066
1.45388e+06,20,ACK,14
1.45393e+06,19,CTL,20
1.45401e+06,1,RTS,20
1.45401e+06,5,RTS,20
1.45401e+06,11,RTS,20
1.45401e+06,9,RTS,20
1.45408e+06,20,CTS,14
1.45414e+06,5,QOSDATA_TID6,1066
1.45433e+06,20,ACK,14
1.45437e+06,5,CTL,20
1.45446e+06,18,RTS,20
1.45452e+06,20,CTS,14
1.45458e+06,18,QOSDATA_TID6,1066
1.45477e+06,20,ACK,14
1.45481e+06,18,CTL,20
1.4549e+06,9,RTS,20
1.4549e+06,7,RTS,20
1.4549e+06,13,RTS,20
1.45497e+06,20,CTS,14
1.45503e+06,7,QOSDATA_TID6,1066
1.45521e+06,20,ACK,14
1.45525e+06,7,CTL,20
1.45535e+06,17,RTS,20
1.45535e+06,10,RTS,20
1.45542e+06,20,CTS,14
1.45548e+06,17,QOSDATA_TID6,1066
1.45566e+06,20,ACK,14
1.4557e+06,17,QOSDATA_TID6,1066
1.45589e+06,20,ACK,14
1.45593e+06,17,CTL,20
1.45603e+06,14,RTS,20
1.4561e+06,20,CTS,14
1.45616e+06,14,QOSDATA_TID6,1066
1.45634e+06,20,ACK,14
1.45638e+06,14,CTL,20
1.45647e+06,13,RTS,20
1.45647e+06,12,RTS,20
1.45647e+06,8,RTS,20
1.45647e+06,1,RTS,20
1.45647e+06,16,RTS,20
1.45647e+06,9,RTS,20
1.45657e+06,6,RTS,20
1.45657e+06,10,RTS,20
1.45664e+06,20,CTS,14
1.4567e+06,6,QOSDATA_TID6,1066
1.45688e+06,20,ACK,14
1.45692e+06,6,QOSDATA_TID6,1066
1.45711e+06,20,ACK,14
1.45715e+06,6,CTL,20
1.45724e+06,10,RTS,20
1.45724e+06,8,RTS,20
1.45731e+06,20,CTS,14
1.45737e+06,8,QOSDATA_TID6,1066
1.45755e+06,20,ACK,14
1.45759e+06,8,CTL,20
1.45769e+06,0,RTS,20
1.45769e+06,13,RTS,20
1.45769e+06,10,RTS,20
1.45779e+06,16,RTS,20
1.45786e+06,20,CTS,14
1.45792e+06,16,QOSDATA_TID6,1066
1.4581e+06,20,ACK,14
1.45814e+06,16,CTL,20
1.45824e+06,11,RTS,20
1.45824e+06,10,RTS,20
1.45839e+06,11,RTS,20
1.45846e+06,20,CTS,14
1.45852e+06,11,QOSDATA_TID6,1066
1.4587e+06,20,ACK,14
1.45874e+06,11,CTL,20
1.45884e+06,10,RTS,20
1.45891e+06,20,CTS,14
1.45897e+06,10,QOSDATA_TID6,1066
1.45915e+06,20,ACK,14
1.4592e+06,10,CTL,20
1.45928e+06,2,RTS,20
1.45928e+06,3,RTS,20
1.45928e+06,6,RTS,20
1.45928e+06,19,RTS,20
1.45928e+06,12,RTS,20
1.45928e+06,7,RTS,20
1.45928e+06,4,RTS,20
1.45939e+06,11,RTS,20
1.45939e+06,17,RTS,20
1.45946e+06,20,CTS,14
1.45952e+06,17,QOSDATA_TID6,1066
1.4597e+06,20,ACK,14
1.45974e+06,17,CTL,20
1.45984e+06,1,RTS,20
1.45984e+06,4,RTS,20
1.45991e+06,20,CTS,14
1.45997e+06,1,QOSDATA_TID6,1066
1.46015e+06,20,ACK,14
1.4602e+06,1,QOSDATA_TID6,1066
1.46038e+06,20,ACK,14
1.46042e+06,1,QOSDATA_TID6,1066
1.46061e+06,20,ACK,14
1.46065e+06,1,CTL,20
1.46074e+06,5,RTS,20
1.46074e+06,15,RTS,20
1.4608e+06,20,CTS,14
1.46086e+06,5,QOSDATA_TID6,1066
1.46105e+06,20,ACK,14
1.46109e+06,5,CTL,20
1.46119e+06,4,RTS,20
1.46126e+06,20,CTS,14
1.46132e+06,4,QOSDATA_TID6,1066
1.4615e+06,20,ACK,14
1.46154e+06,4,QOSDATA_TID6,1066
1.46173e+06,20,ACK,14
1.46177e+06,4,QOSDATA_TID6,1066
1.46196e+06,20,ACK,14
1.462e+06,4,CTL,20
1.46209e+06,15,RTS,20
1.46209e+06,0,RTS,20
1.46209e+06,10,RTS,20
1.46218e+06,7,RTS,20
1.46225e+06,20,CTS,14
1.46231e+06,7,QOSDATA_TID6,1066
1.4625e+06,20,ACK,14
1.46254e+06,7,CTL,20
1.46263e+06,19,RTS,20
1.46269e+06,20,CTS,14
1.46275e+06,19,QOSDATA_TID6,1066
1.46294e+06,20,ACK,14
1.46298e+06,19,CTL,20
1.46307e+06,9,RTS,20
1.46307e+06,0,CTS,14
1.46316e+06,0,RTS,20
1.46323e+06,20,CTS,14
1.46329e+06,0,QOSDATA_TID6,1066
1.46348e+06,20,ACK,14
1.46352e+06,0,CTL,20
1.4636e+06,14,RTS,20
1.4636e+06,8,RTS,20
1.4636e+06,3,RTS,20
1.4636e+06,11,RTS,20
1.46367e+06,20,CTS,14
1.46373e+06,8,QOSDATA_TID6,1066
1.46392e+06,20,ACK,14
1.46396e+06,8,CTL,20
1.46406e+06,13,RTS,20
1.46406e+06,6,RTS,20
1.46406e+06,14,RTS,20
1.46415e+06,12,RTS,20
1.46415e+06,2,RTS,20
1.46415e+06,3,RTS,20
1.46422e+06,20,CTS,14
1.46428e+06,12,QOSDATA_TID6,1066
1.46447e+06,20,ACK,14
1.46451e+06,12,QOSDATA_TID6,1066
1.46469e+06,20,ACK,14
1.46474e+06,12,CTL,20
1.46482e+06,16,RTS,20
1.46489e+06,20,CTS,14
1.46495e+06,16,QOSDATA_TID6,1066
1.46514e+06,20,ACK,14
1.46518e+06,16,CTL,20
1.46527e+06,0,RTS,20
1.46527e+06,6,RTS,20
1.46536e+06,18,RTS,20
1.46543e+06,20,CTS,14
1.46549e+06,18,QOSDATA_TID6,1066
1.46568e+06,20,ACK,14
1.46572e+06,18,CTL,20
1.46581e+06,10,RTS,20
1.46581e+06,3,RTS,20
1.46581e+06,11,RTS,20
1.46591e+06,13,RTS,20
1.46591e+06,2,RTS,20
1.46591e+06,15,RTS,20
1.46591e+06,14,RTS,20
1.46602e+06,7,RTS,20
1.46602e+06,11,RTS,20
1.46609e+06,20,CTS,14
1.46615e+06,7,QOSDATA_TID6,1066
1.46633e+06,20,ACK,14
1.46638e+06,7,CTL,20
1.46646e+06,0,RTS,20
1.46646e+06,14,RTS,20
1.46653e+06,20,CTS,14
1.46659e+06,0,QOSDATA_TID6,1066
1.46677e+06,20,ACK,14
1.46682e+06,0,CTL,20
1.4669e+06,12,RTS,20
1.46697e+06,20,CTS,14
1.46703e+06,12,QOSDATA_TID6,1066
1.46722e+06,20,ACK,14
1.46726e+06,12,CTL,20
1.46735e+06,17,RTS,20
1.46735e+06,14,RTS,20
1.46735e+06,9,RTS,20
1.46742e+06,20,CTS,14
1.46748e+06,17,QOSDATA_TID6,1066
1.46766e+06,20,ACK,14
1.4677e+06,17,CTL,20
1.46779e+06,9,RTS,20
1.46786e+06,20,CTS,14
1.46792e+06,9,QOSDATA_TID6,1066
1.4681e+06,20,ACK,14
1.46814e+06,9,QOSDATA_TID6,1066
1.46833e+06,20,ACK,14
1.46837e+06,9,CTL,20
1.46846e+06,10,RTS,20
1.46846e+06,1,RTS,20
1.46853e+06,20,CTS,14
1.46859e+06,1,QOSDATA_TID6,1066
1.46877e+06,20,ACK,14
1.46882e+06,1,CTL,20
1.46891e+06,4,RTS,20
1.46891e+06,2,RTS,20
1.46891e+06,13,RTS,20
1.46891e+06,6,RTS,20
1.46901e+06,5,RTS,20
1.46901e+06,19,RTS,20
1.46908e+06,20,CTS,14
1.46914e+06,5,QOSDATA_TID6,1066
1.46932e+06,20,ACK,14
1.46936e+06,5,CTL,20
1.46946e+06,6,RTS,20
1.46946e+06,15,RTS,20
1.46956e+06,4,RTS,20
1.46962e+06,20,CTS,14
1.46968e+06,4,QOSDATA_TID6,1066
1.46987e+06,20,ACK,14
1.46991e+06,4,CTL,20
1.47e+06,11,RTS,20
1.47e+06,15,RTS,20
1.47011e+06,2,RTS,20
1.47011e+06,3,RTS,20
1.47017e+06,20,CTS,14
1.47023e+06,2,QOSDATA_TID6,1066
1.47042e+06,20,ACK,14
1.47046e+06,2,QOSDATA_TID6,1066
1.47065e+06,20,ACK,14
1.47069e+06,2,QOSDATA_TID6,1066
1.47087e+06,20,ACK,14
1.47092e+06,2,CTL,20
1.47101e+06,18,RTS,20
1.47101e+06,19,RTS,20
1.47101e+06,15,RTS,20
1.47111e+06,6,RTS,20
1.47118e+06,20,CTS,14
1.47124e+06,6,QOSDATA_TID6,1066
1.47142e+06,20,ACK,14
1.47147e+06,6,QOSDATA_TID6,1066
1.47165e+06,20,ACK,14
1.4717e+06,6,CTL,20
1.47178e+06,18,RTS,20
1.47185e+06,20,CTS,14
1.47191e+06,18,QOSDATA_TID6,1066
1.47209e+06,20,ACK,14
1.47214e+06,18,CTL,20
1.47223e+06,14,RTS,20
1.47223e+06,13,RTS,20
1.47233e+06,3,RTS,20
1.4724e+06,20,CTS,14
1.47246e+06,3,QOSDATA_TID6,1066
1.47264e+06,20,ACK,14
1.47269e+06,3,QOSDATA_TID6,1066
1.47287e+06,20,ACK,14
1.47291e+06,3,CTL,20
1.47301e+06,8,RTS,20
1.47301e+06,16,RTS,20
1.47301e+06,14,RTS,20
1.47308e+06,20,CTS,14
1.47314e+06,8,QOSDATA_TID6,1066
1.47332e+06,20,ACK,14
1.47336e+06,8,CTL,20
1.47346e+06,16,RTS,20
1.47346e+06,14,RTS,20
1.47358e+06,13,RTS,20
1.47365e+06,20,CTS,14
1.47371e+06,13,QOSDATA_TID6,1066
1.4739e+06,20,ACK,14
1.47394e+06,13,QOSDATA_TID6,1066
1.47412e+06,20,ACK,14
1.47417e+06,13,QOSDATA_TID6,1066
1.47435e+06,20,ACK,14
1.4744e+06,13,CTL,20
1.47448e+06,7,RTS,20
1.47448e+06,16,RTS,20
1.47448e+06,10,RTS,20
1.47455e+06,20,CTS,14
1.47461e+06,7,QOSDATA_TID6,1066
1.4748e+06,20,ACK,14
1.47484e+06,7,CTL,20
1.47494e+06,14,RTS,20
1.47494e+06,9,RTS,20
1.47504e+06,12,RTS,20
1.47511e+06,20,CTS,14
1.47517e+06,12,QOSDATA_TID6,1066
1.47535e+06,20,ACK,14
1.4754e+06,12,CTL,20
1.47548e+06,14,RTS,20
1.47555e+06,20,CTS,14
1.47561e+06,14,QOSDATA_TID6,1066
1.4758e+06,20,ACK,14
1.47584e+06,14,CTL,20
1.47593e+06,9,RTS,20
1.47599e+06,20,CTS,14
1.47605e+06,9,QOSDATA_TID6,1066
1.47624e+06,20,ACK,14
1.47628e+06,9,CTL,20
1.47637e+06,5,RTS,20
1.47637e+06,17,RTS,20
1.47637e+06,6,RTS,20
1.47647e+06,3,RTS,20
1.47653e+06,20,CTS,14
1.47659e+06,3,QOSDATA_TID6,1066
1.47678e+06,20,ACK,14
1.47682e+06,3,CTL,20
1.47692e+06,1,RTS,20
1.47692e+06,0,RTS,20
1.47692e+06,11,RTS,20
1.47692e+06,16,RTS,20
1.47692e+06,15,RTS,20
1.47702e+06,10,RTS,20
1.47708e+06,20,CTS,14
1.47714e+06,10,QOSDATA_TID6,1066
1.47733e+06,20,ACK,14
1.47737e+06,10,QOSDATA_TID6,1066
1.47756e+06,20,ACK,14
1.4776e+06,10,QOSDATA_TID6,1066
1.47778e+06,20,ACK,14
1.47783e+06,10,CTL,20
1.47791e+06,15,RTS,20
1.47798e+06,20,CTS,14
1.47804e+06,15,QOSDATA_TID6,1066
1.47822e+06,20,ACK,14
1.47827e+06,15,QOSDATA_TID6,1066
1.47845e+06,20,ACK,14
1.4785e+06,15,CTL,20
1.47858e+06,2,RTS,20
1.47865e+06,20,CTS,14
1.47871e+06,2,QOSDATA_TID6,1066
1.4789e+06,20,ACK,14
1.47894e+06,2,CTL,20
1.47902e+06,18,RTS,20
1.47902e+06,19,RTS,20
1.47902e+06,8,RTS,20
1.47902e+06,4,RTS,20
1.47912e+06,1,RTS,20
1.47912e+06,14,RTS,20
1.47919e+06,20,CTS,14
1.47925e+06,1,QOSDATA_TID6,1066
1.47944e+06,20,ACK,14
1.47948e+06,1,CTL,20
1.47957e+06,17,RTS,20
1.47957e+06,4,RTS,20
1.47964e+06,20,CTS,14
1.4797e+06,17,QOSDATA_TID6,1066
1.47989e+06,20,ACK,14
1.47993e+06,17,CTL,20
1.48003e+06,19,RTS,20
1.48003e+06,11,RTS,20
1.48003e+06,6,RTS,20
1.48016e+06,6,RTS,20
1.48023e+06,20,CTS,14
1.48029e+06,6,QOSDATA_TID6,1066
1.48048e+06,20,ACK,14
1.48052e+06,6,CTL,20
1.48063e+06,18,RTS,20
1.48063e+06,8,RTS,20
1.48063e+06,11,RTS,20
1.4807e+06,20,CTS,14
1.48076e+06,8,QOSDATA_TID6,1066
1.48095e+06,20,ACK,14
1.48099e+06,8,CTL,20
1.48108e+06,18,RTS,20
1.48114e+06,20,CTS,14
1.4812e+06,18,QOSDATA_TID6,1066
1.48139e+06,20,ACK,14
1.48143e+06,18,CTL,20
1.48152e+06,7,RTS,20
1.48159e+06,20,CTS,14
1.48165e+06,7,QOSDATA_TID6,1066
1.48183e+06,20,ACK,14
1.48187e+06,7,CTL,20
1.48196e+06,11,RTS,20
1.48196e+06,9,RTS,20
1.48206e+06,14,RTS,20
1.48213e+06,20,CTS,14
1.48219e+06,14,QOSDATA_TID6,1066
1.48237e+06,20,ACK,14
1.48242e+06,14,CTL,20
1.4825e+06,5,RTS,20
1.48257e+06,20,CTS,14
1.48263e+06,5,QOSDATA_TID6,1066
1.48281e+06,20,ACK,14
1.48286e+06,5,CTL,20
1.48294e+06,12,RTS,20
1.48294e+06,13,RTS,20
1.48301e+06,20,CTS,14
1.48307e+06,12,QOSDATA_TID6,1066
1.48326e+06,20,ACK,14
1.4833e+06,12,CTL,20
1.48338e+06,0,RTS,20
1.48345e+06,20,CTS,14
1.48351e+06,0,QOSDATA_TID6,1066
1.4837e+06,20,ACK,14
1.48374e+06,0,QOSDATA_TID6,1066
1.48392e+06,20,ACK,14
1.48397e+06,0,CTL,20
1.48406e+06,6,RTS,20
1.48406e+06,1,RTS,20
1.48406e+06,9,RTS,20
1.48406e+06,11,RTS,20
1.48406e+06,16,RTS,20
1.48417e+06,4,RTS,20
1.48424e+06,20,CTS,14
1.4843e+06,4,QOSDATA_TID6,1066
1.48448e+06,20,ACK,14
1.48453e+06,4,CTL,20
1.48461e+06,11,RTS,20
1.48461e+06,13,RTS,20
1.48461e+06,15,RTS,20
1.48461e+06,2,RTS,20
1.48461e+06,6,RTS,20
1.48461e+06,10,RTS,20
1.48471e+06,17,RTS,20
1.48478e+06,20,CTS,14
1.48484e+06,17,QOSDATA_TID6,1066
1.48502e+06,20,ACK,14
1.48507e+06,17,CTL,20
1.48515e+06,5,RTS,20
1.48515e+06,19,RTS,20
1.48522e+06,20,CTS,14
1.48528e+06,5,QOSDATA_TID6,1066
1.48546e+06,20,ACK,14
1.48551e+06,5,CTL,20
1.4856e+06,13,RTS,20
1.48566e+06,20,CTS,14
1.48572e+06,13,QOSDATA_TID6,1066
1.48591e+06,20,ACK,14
1.48595e+06,13,CTL,20
1.48604e+06,9,RTS,20
1.4861e+06,20,CTS,14
1.48616e+06,9,QOSDATA_TID6,1066
1.48635e+06,20,ACK,14
1.48639e+06,9,CTL,20
1.48648e+06,3,RTS,20
1.48648e+06,4,RTS,20
1.4866e+06,1,RTS,20
1.48666e+06,20,CTS,14
1.48672e+06,1,QOSDATA_TID6,1066
1.48691e+06,20,ACK,14
1.48695e+06,1,CTL,20
1.48704e+06,19,RTS,20
1.48704e+06,3,RTS,20
1.4871e+06,20,CTS,14
1.48716e+06,19,QOSDATA_TID6,1066
1.48735e+06,20,ACK,14
1.48739e+06,19,QOSDATA_TID6,1066
1.48758e+06,20,ACK,14
1.48762e+06,19,QOSDATA_TID6,1066
1.4878e+06,20,ACK,14
1.48785e+06,19,CTL,20
1.48794e+06,15,RTS,20
1.488e+06,20,CTS,14
1.48806e+06,15,QOSDATA_TID6,1066
1.48825e+06,20,ACK,14
1.48829e+06,15,CTL,20
1.48838e+06,8,RTS,20
1.48838e+06,18,RTS,20
1.48838e+06,10,RTS,20
1.48844e+06,20,CTS,14
1.4885e+06,8,QOSDATA_TID6,1066
1.48869e+06,20,ACK,14
1.48873e+06,8,CTL,20
1.48883e+06,11,RTS,20
1.48883e+06,16,RTS,20
1.48883e+06,4,RTS,20
1.48883e+06,6,RTS,20
1.48883e+06,14,RTS,20
1.48894e+06,2,RTS,20
1.48894e+06,10,RTS,20
1.48894e+06,3,RTS,20
1.48904e+06,14,RTS,20
1.48911e+06,20,CTS,14
1.48917e+06,14,QOSDATA_TID6,1066
1.48935e+06,20,ACK,14
1.4894e+06,14,CTL,20
1.48948e+06,0,RTS,20
1.48948e+06,7,RTS,20
1.4896e+06,3,RTS,20
1.48967e+06,20,CTS,14
1.48973e+06,3,QOSDATA_TID6,1066
1.48991e+06,20,ACK,14
1.48996e+06,3,CTL,20
1.49004e+06,13,RTS,20
1.49011e+06,20,CTS,14
1.49017e+06,13,QOSDATA_TID6,1066
1.49036e+06,20,ACK,14
1.4904e+06,13,CTL,20
1.49048e+06,6,RTS,20
1.49055e+06,20,CTS,14
1.49061e+06,6,QOSDATA_TID6,1066
1.4908e+06,20,ACK,14
1.49084e+06,6,CTL,20
1.49093e+06,3,RTS,20
1.491e+06,20,CTS,14
1.49106e+06,3,QOSDATA_TID6,1066
1.49124e+06,20,ACK,14
1.49128e+06,3,CTL,20
1.49137e+06,9,RTS,20
1.49137e+06,17,RTS,20
1.49137e+06,12,RTS,20
1.49147e+06,11,RTS,20
1.49147e+06,16,RTS,20
1.49156e+06,12,RTS,20
1.49156e+06,0,RTS,20
1.49156e+06,18,RTS,20
1.49163e+06,20,CTS,14
1.49169e+06,12,QOSDATA_TID6,1066
1.49188e+06,20,ACK,14
1.49192e+06,12,CTL,20
1.49201e+06,16,RTS,20
1.49208e+06,20,CTS,14
1.49214e+06,16,QOSDATA_TID6,1066
1.49232e+06,20,ACK,14
1.49236e+06,16,QOSDATA_TID6,1066
1.49255e+06,20,ACK,14
1.49259e+06,16,CTL,20
1.49268e+06,11,RTS,20
1.49268e+06,4,RTS,20
1.49268e+06,6,RTS,20
1.49278e+06,9,RTS,20
1.49285e+06,20,CTS,14
1.49291e+06,9,QOSDATA_TID6,1066
1.4931e+06,20,ACK,14
1.49314e+06,9,CTL,20
1.49323e+06,5,RTS,20
1.49323e+06,11,RTS,20
1.49323e+06,7,RTS,20
1.49329e+06,20,CTS,14
1.49335e+06,5,QOSDATA_TID6,1066
1.49354e+06,20,ACK,14
1.49358e+06,5,CTL,20
1.49367e+06,1,RTS,20
1.49367e+06,11,RTS,20
1.49367e+06,6,RTS,20
1.49367e+06,10,RTS,20
1.49378e+06,2,RTS,20
1.49384e+06,20,CTS,14
1.4939e+06,2,QOSDATA_TID6,1066
1.49409e+06,20,ACK,14
1.49413e+06,2,QOSDATA_TID6,1066
1.49432e+06,20,ACK,14
1.49436e+06,2,CTL,20
1.49444e+06,11,RTS,20
1.49444e+06,15,RTS,20
1.49456e+06,7,RTS,20
1.49456e+06,18,RTS,20
1.49463e+06,20,CTS,14
1.49469e+06,7,QOSDATA_TID6,1066
1.49487e+06,20,ACK,14
1.49492e+06,7,CTL,20
1.495e+06,15,RTS,20
1.49507e+06,20,CTS,14
1.49513e+06,15,QOSDATA_TID6,1066
1.49532e+06,20,ACK,14
1.49536e+06,15,CTL,20
1.49544e+06,0,CTS,14
1.49544e+06,18,RTS,20
1.49544e+06,19,RTS,20
1.49559e+06,0,RTS,20
1.49566e+06,20,CTS,14
1.49572e+06,0,QOSDATA_TID6,1066
1.49591e+06,20,ACK,14
1.49595e+06,0,CTL,20
1.49604e+06,18,RTS,20
1.49604e+06,8,RTS,20
1.4961e+06,20,CTS,14
1.49616e+06,8,QOSDATA_TID6,1066
1.49635e+06,20,ACK,14
1.49639e+06,8,CTL,20
1.49648e+06,16,RTS,20
1.49655e+06,20,CTS,14
1.49661e+06,16,QOSDATA_TID6,1066
1.49679e+06,20,ACK,14
1.49683e+06,16,CTL,20
1.49692e+06,18,RTS,20
1.49699e+06,20,CTS,14
1.49705e+06,18,QOSDATA_TID6,1066
1.49723e+06,20,ACK,14
1.49728e+06,18,QOSDATA_TID6,1066
1.49746e+06,20,ACK,14
1.4975e+06,18,CTL,20
1.49759e+06,17,RTS,20
1.49759e+06,14,RTS,20
1.49759e+06,19,RTS,20
1.49766e+06,20,CTS,14
1.49772e+06,17,QOSDATA_TID6,1066
1.4979e+06,20,ACK,14
1.49795e+06,17,CTL,20
1.49803e+06,1,RTS,20
1.49803e+06,19,RTS,20
1.49803e+06,13,RTS,20
1.49813e+06,11,RTS,20
1.4982e+06,20,CTS,14
1.49826e+06,11,QOSDATA_TID6,1066
1.49844e+06,20,ACK,14
1.49849e+06,11,QOSDATA_TID6,1066
1.49867e+06,20,ACK,14
1.49872e+06,11,QOSDATA_TID6,1066
1.4989e+06,20,ACK,14
1.49894e+06,11,QOSDATA_TID6,1066
1.49913e+06,20,ACK,14
1.49917e+06,11,CTL,20
1.49926e+06,4,RTS,20
1.49926e+06,12,RTS,20
1.49926e+06,7,RTS,20
1.49926e+06,19,RTS,20
1.49926e+06,3,RTS,20
1.49926e+06,0,RTS,20
1.49926e+06,6,RTS,20
1.49926e+06,10,RTS,20
1.49936e+06,17,RTS,20
1.49936e+06,13,RTS,20
1.49942e+06,20,CTS,14
1.49948e+06,17,QOSDATA_TID6,1066
1.49967e+06,20,ACK,14
1.49971e+06,17,CTL,20
1.49981e+06,0,RTS,20
1.49981e+06,9,RTS,20
1.49987e+06,20,CTS,14
1.49993e+06,0,QOSDATA_TID6,1066
1.50012e+06,20,ACK,14
1.50016e+06,0,CTL,20
1.50025e+06,9,RTS,20
1.50032e+06,20,CTS,14
1.50038e+06,9,QOSDATA_TID6,1066
1.50056e+06,20,ACK,14
1.5006e+06,9,CTL,20
1.50069e+06,2,RTS,20
1.50069e+06,5,RTS,20
1.50076e+06,20,CTS,14
1.50082e+06,5,QOSDATA_TID6,1066
1.501e+06,20,ACK,14
1.50105e+06,5,CTL,20
1.50115e+06,1,RTS,20
1.50115e+06,12,RTS,20
1.50115e+06,7,RTS,20
1.50125e+06,6,RTS,20
1.50125e+06,3,RTS,20
1.50132e+06,20,CTS,14
1.50138e+06,6,QOSDATA_TID6,1066
1.50156e+06,20,ACK,14
1.5016e+06,6,QOSDATA_TID6,1066
1.50179e+06,20,ACK,14
1.50183e+06,6,CTL,20
1.50193e+06,2,RTS,20
1.50193e+06,10,RTS,20
1.50193e+06,12,RTS,20
1.502e+06,20,CTS,14
1.50206e+06,12,QOSDATA_TID6,1066
1.50224e+06,20,ACK,14
1.50228e+06,12,CTL,20
1.50237e+06,10,RTS,20
1.50244e+06,20,CTS,14
1.5025e+06,10,QOSDATA_TID6,1066
1.50268e+06,20,ACK,14
1.50272e+06,10,QOSDATA_TID6,1066
1.50291e+06,20,ACK,14
1.50295e+06,10,QOSDATA_TID6,1066
1.50314e+06,20,ACK,14
1.50318e+06,10,CTL,20
1.50327e+06,18,RTS,20
1.50327e+06,15,RTS,20
1.50338e+06,8,RTS,20
1.50338e+06,19,RTS,20
1.50345e+06,20,CTS,14
1.50351e+06,8,QOSDATA_TID6,1066
1.5037e+06,20,ACK,14
1.50374e+06,8,CTL,20
1.50382e+06,1,RTS,20
1.50382e+06,15,RTS,20
1.50392e+06,18,RTS,20
1.50399e+06,20,CTS,14
1.50405e+06,18,QOSDATA_TID6,1066
1.50424e+06,20,ACK,14
1.50428e+06,18,CTL,20
1.50437e+06,3,RTS,20
1.50437e+06,19,RTS,20
1.50437e+06,15,RTS,20
1.50447e+06,4,RTS,20
1.50454e+06,20,CTS,14
1.5046e+06,4,QOSDATA_TID6,1066
1.50478e+06,20,ACK,14
1.50483e+06,4,QOSDATA_TID6,1066
1.50501e+06,20,ACK,14
1.50506e+06,4,QOSDATA_TID6,1066
1.50524e+06,20,ACK,14
1.50528e+06,4,CTL,20
1.50537e+06,16,RTS,20
1.50537e+06,0,RTS,20
1.50544e+06,20,CTS,14
1.5055e+06,0,QOSDATA_TID6,1066
1.50568e+06,20,ACK,14
1.50573e+06,0,CTL,20
1.50582e+06,13,RTS,20
1.50589e+06,20,CTS,14
1.50595e+06,13,QOSDATA_TID6,1066
1.50613e+06,20,ACK,14
1.50618e+06,13,QOSDATA_TID6,1066
1.50636e+06,20,ACK,14
1.50641e+06,13,CTL,20
1.5065e+06,7,RTS,20
1.5065e+06,12,RTS,20
1.5065e+06,14,RTS,20
1.5065e+06,1,RTS,20
1.5065e+06,9,RTS,20
1.50662e+06,16,RTS,20
1.50668e+06,20,CTS,14
1.50674e+06,16,QOSDATA_TID6,1066
1.50693e+06,20,ACK,14
1.50697e+06,16,CTL,20
1.50707e+06,6,RTS,20
1.50714e+06,20,CTS,14
1.5072e+06,6,QOSDATA_TID6,1066
1.50738e+06,20,ACK,14
1.50742e+06,6,CTL,20
1.50751e+06,11,RTS,20
1.50758e+06,20,CTS,14
1.50764e+06,11,QOSDATA_TID6,1066
1.50782e+06,20,ACK,14
1.50787e+06,11,CTL,20
1.50795e+06,12,RTS,20
1.50795e+06,17,RTS,20
1.50795e+06,2,RTS,20
1.50805e+06,15,RTS,20
1.50805e+06,14,RTS,20
1.50816e+06,19,RTS,20
1.50823e+06,20,CTS,14
1.50829e+06,19,QOSDATA_TID6,1066
1.50847e+06,20,ACK,14
1.50852e+06,19,QOSDATA_TID6,1066
1.5087e+06,20,ACK,14
1.50874e+06,19,QOSDATA_TID6,1066
1.50893e+06,20,ACK,14
1.50897e+06,19,CTL,20
1.50906e+06,3,RTS,20
1.50913e+06,20,CTS,14
1.50919e+06,3,QOSDATA_TID6,1066
1.50937e+06,20,ACK,14
1.50942e+06,3,QOSDATA_TID6,1066
1.5096e+06,20,ACK,14
1.50964e+06,3,CTL,20
1.50973e+06,5,RTS,20
1.50973e+06,1,RTS,20
1.50973e+06,17,RTS,20
1.50983e+06,2,RTS,20
1.50983e+06,4,RTS,20
1.50983e+06,9,RTS,20
1.50983e+06,10,RTS,20
1.50983e+06,14,RTS,20
1.50993e+06,7,RTS,20
1.51e+06,20,CTS,14
1.51006e+06,7,QOSDATA_TID6,1066
1.51025e+06,20,ACK,14
1.51029e+06,7,QOSDATA_TID6,1066
1.51047e+06,20,ACK,14
1.51052e+06,7,CTL,20
1.5106e+06,12,RTS,20
1.51067e+06,20,CTS,14
1.51073e+06,12,QOSDATA_TID6,1066
1.51092e+06,20,ACK,14
1.51096e+06,12,CTL,20
1.51105e+06,17,RTS,20
1.51105e+06,5,RTS,20
1.51105e+06,2,RTS,20
1.51105e+06,14,RTS,20
1.51116e+06,8,RTS,20
1.51116e+06,4,RTS,20
1.51123e+06,20,CTS,14
1.51129e+06,8,QOSDATA_TID6,1066
1.51147e+06,20,ACK,14
1.51152e+06,8,CTL,20
1.51161e+06,4,RTS,20
1.51161e+06,18,RTS,20
1.51161e+06,14,RTS,20
1.51171e+06,1,RTS,20
1.51178e+06,20,CTS,14
1.51184e+06,1,QOSDATA_TID6,1066
1.51202e+06,20,ACK,14
1.51207e+06,1,QOSDATA_TID6,1066
1.51225e+06,20,ACK,14
1.5123e+06,1,QOSDATA_TID6,1066
1.51248e+06,20,ACK,14
1.51252e+06,1,CTL,20
1.51261e+06,17,RTS,20
1.51261e+06,16,RTS,20
1.51261e+06,14,RTS,20
1.51268e+06,20,CTS,14
1.51274e+06,17,QOSDATA_TID6,1066
1.51292e+06,20,ACK,14
1.51296e+06,17,CTL,20
1.51307e+06,4,RTS,20
1.51307e+06,18,RTS,20
1.51307e+06,15,RTS,20
1.5132e+06,18,RTS,20
1.51327e+06,20,CTS,14
1.51333e+06,18,QOSDATA_TID6,1066
1.51351e+06,20,ACK,14
1.51356e+06,18,CTL,20
1.51364e+06,5,RTS,20
1.51364e+06,13,RTS,20
1.51364e+06,4,RTS,20
1.51371e+06,20,CTS,14
1.51377e+06,5,QOSDATA_TID6,1066
1.51396e+06,20,ACK,14
1.514e+06,5,CTL,20
1.51408e+06,13,RTS,20
1.51415e+06,20,CTS,14
1.51421e+06,13,QOSDATA_TID6,1066
1.5144e+06,20,ACK,14
1.51444e+06,13,CTL,20
1.51453e+06,15,RTS,20
1.5146e+06,20,CTS,14
1.51466e+06,15,QOSDATA_TID6,1066
1.51484e+06,20,ACK,14
1.51488e+06,15,QOSDATA_TID6,1066
1.51507e+06,20,ACK,14
1.51511e+06,15,CTL,20
1.5152e+06,1,RTS,20
1.51526e+06,20,CTS,14
1.51532e+06,1,QOSDATA_TID6,1066
1.51551e+06,20,ACK,14
1.51555e+06,1,CTL,20
1.51564e+06,7,RTS,20
1.51564e+06,2,RTS,20
1.51564e+06,0,RTS,20
1.51564e+06,10,RTS,20
1.51564e+06,14,RTS,20
1.51574e+06,17,RTS,20
1.5158e+06,20,CTS,14
1.51586e+06,17,QOSDATA_TID6,1066
1.51605e+06,20,ACK,14
1.51609e+06,17,CTL,20
1.51618e+06,9,RTS,20
1.51625e+06,20,CTS,14
1.51631e+06,9,QOSDATA_TID6,1066
1.51649e+06,20,ACK,14
1.51654e+06,9,QOSDATA_TID6,1066
1.51672e+06,20,ACK,14
1.51676e+06,9,CTL,20
1.51685e+06,19,RTS,20
1.51685e+06,12,RTS,20
1.51685e+06,11,RTS,20
1.51692e+06,20,CTS,14
1.51698e+06,12,QOSDATA_TID6,1066
1.51716e+06,20,ACK,14
1.5172e+06,12,CTL,20
1.51729e+06,5,RTS,20
1.51729e+06,3,RTS,20
1.51729e+06,10,RTS,20
1.51736e+06,20,CTS,14
1.51742e+06,5,QOSDATA_TID6,1066
1.5176e+06,20,ACK,14
1.51765e+06,5,CTL,20
1.51773e+06,15,RTS,20
1.51773e+06,14,RTS,20
1.51783e+06,2,RTS,20
1.51783e+06,3,RTS,20
1.5179e+06,20,CTS,14
1.51796e+06,2,QOSDATA_TID6,1066
1.51814e+06,20,ACK,14
1.51819e+06,2,QOSDATA_TID6,1066
1.51837e+06,20,ACK,14
1.51842e+06,2,QOSDATA_TID6,1066
1.5186e+06,20,ACK,14
1.51864e+06,2,CTL,20
1.51873e+06,19,RTS,20
1.51873e+06,16,RTS,20
1.51873e+06,4,RTS,20
1.51883e+06,18,RTS,20
1.51883e+06,6,RTS,20
1.51893e+06,7,RTS,20
1.519e+06,20,CTS,14
1.51906e+06,7,QOSDATA_TID6,1066
1.51925e+06,20,ACK,14
1.51929e+06,7,CTL,20
1.51938e+06,8,RTS,20
1.51938e+06,18,RTS,20
1.51944e+06,20,CTS,14
1.5195e+06,8,QOSDATA_TID6,1066
1.51969e+06,20,ACK,14
1.51973e+06,8,CTL,20
1.51982e+06,18,RTS,20
1.51989e+06,20,CTS,14
1.51995e+06,18,QOSDATA_TID6,1066
1.52013e+06,20,ACK,14
1.52017e+06,18,CTL,20
1.52026e+06,19,RTS,20
1.52026e+06,11,RTS,20
1.52036e+06,15,RTS,20
1.52043e+06,20,CTS,14
1.52049e+06,15,QOSDATA_TID6,1066
1.52067e+06,20,ACK,14
1.52071e+06,15,CTL,20
1.5208e+06,19,RTS,20
1.52087e+06,20,CTS,14
1.52093e+06,19,QOSDATA_TID6,1066
1.52111e+06,20,ACK,14
1.52116e+06,19,CTL,20
1.52124e+06,0,RTS,20
1.52124e+06,6,RTS,20
1.52134e+06,4,RTS,20
1.52141e+06,20,CTS,14
1.52147e+06,4,QOSDATA_TID6,1066
1.52165e+06,20,ACK,14
1.5217e+06,4,QOSDATA_TID6,1066
1.52188e+06,20,ACK,14
1.52192e+06,4,CTL,20
1.52201e+06,16,RTS,20
1.52201e+06,10,RTS,20
1.52212e+06,14,RTS,20
1.52219e+06,20,CTS,14
1.52225e+06,14,QOSDATA_TID6,1066
1.52243e+06,20,ACK,14
1.52247e+06,14,QOSDATA_TID6,1066
1.52266e+06,20,ACK,14
1.5227e+06,14,QOSDATA_TID6,1066
1.52289e+06,20,ACK,14
1.52293e+06,14,CTL,20
1.52302e+06,12,RTS,20
1.52308e+06,20,CTS,14
1.52314e+06,12,QOSDATA_TID6,1066
1.52333e+06,20,ACK,14
1.52337e+06,12,CTL,20
1.52346e+06,7,RTS,20
1.52346e+06,13,RTS,20
1.52353e+06,20,CTS,14
1.52359e+06,7,QOSDATA_TID6,1066
1.52377e+06,20,ACK,14
1.52381e+06,7,CTL,20
1.5239e+06,3,RTS,20
1.5239e+06,10,RTS,20
1.524e+06,17,RTS,20
1.52407e+06,20,CTS,14
1.52413e+06,17,QOSDATA_TID6,1066
1.52431e+06,20,ACK,14
1.52435e+06,17,CTL,20
1.52444e+06,16,RTS,20
1.52451e+06,20,CTS,14
1.52457e+06,16,QOSDATA_TID6,1066
1.52475e+06,20,ACK,14
1.5248e+06,16,QOSDATA_TID6,1066
1.52498e+06,20,ACK,14
1.52502e+06,16,CTL,20
1.52511e+06,11,RTS,20
1.52511e+06,19,RTS,20
1.52511e+06,5,RTS,20
1.52511e+06,9,RTS,20
1.52518e+06,20,CTS,14
1.52524e+06,5,QOSDATA_TID6,1066
1.52542e+06,20,ACK,14
1.52547e+06,5,CTL,20
1.52556e+06,1,RTS,20
1.52556e+06,2,RTS,20
1.52556e+06,11,RTS,20
1.52556e+06,6,RTS,20
1.52569e+06,15,RTS,20
1.52569e+06,13,RTS,20
1.52579e+06,1,RTS,20
1.52586e+06,20,CTS,14
1.52592e+06,1,QOSDATA_TID6,1066
1.5261e+06,20,ACK,14
1.52615e+06,1,CTL,20
1.52624e+06,10,RTS,20
1.52631e+06,20,CTS,14
1.52637e+06,10,QOSDATA_TID6,1066
1.52656e+06,20,ACK,14
1.5266e+06,10,QOSDATA_TID6,1066
1.52678e+06,20,ACK,14
1.52683e+06,10,QOSDATA_TID6,1066
1.52701e+06,20,ACK,14
1.52706e+06,10,CTL,20
1.52714e+06,9,RTS,20
1.52714e+06,14,RTS,20
1.52724e+06,4,RTS,20
1.52731e+06,20,CTS,14
1.52737e+06,4,QOSDATA_TID6,1066
1.52755e+06,20,ACK,14
1.5276e+06,4,CTL,20
1.52768e+06,11,RTS,20
1.52768e+06,14,RTS,20
1.52779e+06,3,RTS,20
1.52786e+06,20,CTS,14
1.52792e+06,3,QOSDATA_TID6,1066
1.5281e+06,20,ACK,14
1.52814e+06,3,QOSDATA_TID6,1066
1.52833e+06,20,ACK,14
1.52837e+06,3,CTL,20
1.52846e+06,2,RTS,20
1.52853e+06,20,CTS,14
1.52859e+06,2,QOSDATA_TID6,1066
1.52877e+06,20,ACK,14
1.52882e+06,2,CTL,20
1.5289e+06,19,RTS,20
1.5289e+06,8,RTS,20
1.52897e+06,20,CTS,14
1.52903e+06,8,QOSDATA_TID6,1066
1.52921e+06,20,ACK,14
1.52926e+06,8,CTL,20
1.52934e+06,19,RTS,20
1.52934e+06,0,CTS,14
1.52934e+06,13,RTS,20
1.52944e+06,0,RTS,20
1.52951e+06,20,CTS,14
1.52957e+06,0,QOSDATA_TID6,1066
1.52975e+06,20,ACK,14
1.5298e+06,0,QOSDATA_TID6,1066
1.52998e+06,20,ACK,14
1.53002e+06,0,QOSDATA_TID6,1066
1.53021e+06,20,ACK,14
1.53025e+06,0,CTL,20
1.53034e+06,9,RTS,20
1.53034e+06,16,RTS,20
1.53044e+06,6,RTS,20
1.5305e+06,20,CTS,14
1.53056e+06,6,QOSDATA_TID6,1066
1.53075e+06,20,ACK,14
1.53079e+06,6,QOSDATA_TID6,1066
1.53098e+06,20,ACK,14
1.53102e+06,6,CTL,20
1.5311e+06,12,RTS,20
1.5311e+06,9,RTS,20
1.53117e+06,20,CTS,14
1.53123e+06,12,QOSDATA_TID6,1066
1.53142e+06,20,ACK,14
1.53146e+06,12,CTL,20
1.53155e+06,1,RTS,20
1.53162e+06,20,CTS,14
1.53168e+06,1,QOSDATA_TID6,1066
1.53186e+06,20,ACK,14
1.5319e+06,1,CTL,20
1.53199e+06,7,RTS,20
1.53199e+06,6,RTS,20
1.5321e+06,15,RTS,20
1.5321e+06,3,RTS,20
1.5322e+06,11,RTS,20
1.53227e+06,20,CTS,14
1.53233e+06,11,QOSDATA_TID6,1066
1.53252e+06,20,ACK,14
1.53256e+06,11,QOSDATA_TID6,1066
1.53274e+06,20,ACK,14
1.53279e+06,11,QOSDATA_TID6,1066
1.53297e+06,20,ACK,14
1.53302e+06,11,CTL,20
1.5331e+06,16,RTS,20
1.5331e+06,4,RTS,20
1.5331e+06,17,RTS,20
1.53317e+06,20,CTS,14
1.53323e+06,17,QOSDATA_TID6,1066
1.53341e+06,20,ACK,14
1.53346e+06,17,CTL,20
1.53354e+06,16,RTS,20
1.53354e+06,18,RTS,20
1.53365e+06,5,RTS,20
1.53372e+06,20,CTS,14
1.53378e+06,5,QOSDATA_TID6,1066
1.53396e+06,20,ACK,14
1.53401e+06,5,CTL,20
1.5341e+06,2,RTS,20
1.5341e+06,10,RTS,20
1.5341e+06,14,RTS,20
1.5342e+06,16,RTS,20
1.53427e+06,20,CTS,14
1.53433e+06,16,QOSDATA_TID6,1066
1.53451e+06,20,ACK,14
1.53456e+06,16,CTL,20
1.53464e+06,8,RTS,20
1.53464e+06,14,RTS,20
1.53471e+06,20,CTS,14
1.53477e+06,8,QOSDATA_TID6,1066
1.53495e+06,20,ACK,14
1.535e+06,8,CTL,20
1.53508e+06,18,RTS,20
1.53515e+06,20,CTS,14
1.53521e+06,18,QOSDATA_TID6,1066
1.5354e+06,20,ACK,14
1.53544e+06,18,QOSDATA_TID6,1066
1.53562e+06,20,ACK,14
1.53567e+06,18,CTL,20
1.53575e+06,14,RTS,20
1.53575e+06,13,RTS,20
1.53586e+06,9,RTS,20
1.53593e+06,20,CTS,14
1.53599e+06,9,QOSDATA_TID6,1066
1.53617e+06,20,ACK,14
1.53622e+06,9,QOSDATA_TID6,1066
1.5364e+06,20,ACK,14
1.53644e+06,9,CTL,20
1.53653e+06,2,RTS,20
1.53653e+06,13,RTS,20
1.53665e+06,14,RTS,20
1.53672e+06,20,CTS,14
1.53678e+06,14,QOSDATA_TID6,1066
1.53696e+06,20,ACK,14
1.537e+06,14,QOSDATA_TID6,1066
1.53719e+06,20,ACK,14
1.53723e+06,14,CTL,20
1.53732e+06,0,RTS,20
1.53732e+06,16,RTS,20
1.53738e+06,20,CTS,14
1.53744e+06,0,QOSDATA_TID6,1066
1.53763e+06,20,ACK,14
1.53767e+06,0,CTL,20
1.53776e+06,3,RTS,20
1.53783e+06,20,CTS,14
1.53789e+06,3,QOSDATA_TID6,1066
1.53807e+06,20,ACK,14
1.53812e+06,3,CTL,20
1.5382e+06,9,RTS,20
1.5382e+06,19,RTS,20
1.5382e+06,16,RTS,20
1.5382e+06,7,RTS,20
1.53831e+06,6,RTS,20
1.53838e+06,20,CTS,14
1.53844e+06,6,QOSDATA_TID6,1066
1.53862e+06,20,ACK,14
1.53866e+06,6,CTL,20
1.53875e+06,15,RTS,20
1.53875e+06,12,RTS,20
1.53882e+06,20,CTS,14
1.53888e+06,12,QOSDATA_TID6,1066
1.53906e+06,20,ACK,14
1.53911e+06,12,CTL,20
1.53919e+06,1,RTS,20
1.53926e+06,20,CTS,14
1.53932e+06,1,QOSDATA_TID6,1066
1.5395e+06,20,ACK,14
1.53955e+06,1,CTL,20
1.53963e+06,4,RTS,20
1.53963e+06,9,RTS,20
1.53975e+06,17,RTS,20
1.53982e+06,20,CTS,14
1.53988e+06,17,QOSDATA_TID6,1066
1.54006e+06,20,ACK,14
1.54011e+06,17,CTL,20
1.54019e+06,15,RTS,20
1.54026e+06,20,CTS,14
1.54032e+06,15,QOSDATA_TID6,1066
1.5405e+06,20,ACK,14
1.54055e+06,15,QOSDATA_TID6,1066
1.54073e+06,20,ACK,14
1.54078e+06,15,QOSDATA_TID6,1066
1.54096e+06,20,ACK,14
1.541e+06,15,CTL,20
1.54109e+06,7,RTS,20
1.54109e+06,19,RTS,20
1.54109e+06,11,RTS,20
1.54109e+06,3,RTS,20
1.54119e+06,6,RTS,20
1.54126e+06,20,CTS,14
1.54132e+06,6,QOSDATA_TID6,1066
1.5415e+06,20,ACK,14
1.54154e+06,6,CTL,20
1.54163e+06,19,RTS,20
1.5417e+06,20,CTS,14
1.54176e+06,19,QOSDATA_TID6,1066
1.54194e+06,20,ACK,14
1.54199e+06,19,QOSDATA_TID6,1066
1.54217e+06,20,ACK,14
1.54221e+06,19,QOSDATA_TID6,1066
1.5424e+06,20,ACK,14
1.54244e+06,19,CTL,20
1.54253e+06,5,RTS,20
1.54253e+06,3,RTS,20
1.54253e+06,7,RTS,20
1.54253e+06,4,RTS,20
1.5426e+06,20,CTS,14
1.54266e+06,5,QOSDATA_TID6,1066
1.54284e+06,20,ACK,14
1.54288e+06,5,CTL,20
1.54298e+06,11,RTS,20
1.54298e+06,16,RTS,20
1.54298e+06,18,RTS,20
1.54298e+06,10,RTS,20
1.54308e+06,8,RTS,20
1.54308e+06,7,RTS,20
1.54308e+06,13,RTS,20
1.54318e+06,4,RTS,20
1.54318e+06,18,RTS,20
1.54325e+06,20,CTS,14
1.54331e+06,18,QOSDATA_TID6,1066
1.5435e+06,20,ACK,14
1.54354e+06,18,CTL,20
1.54364e+06,2,RTS,20
1.5437e+06,20,CTS,14
1.54376e+06,2,QOSDATA_TID6,1066
1.54395e+06,20,ACK,14
1.54399e+06,2,QOSDATA_TID6,1066
1.54418e+06,20,ACK,14
1.54422e+06,2,CTL,20
1.5443e+06,9,RTS,20
1.54431e+06,14,RTS,20
1.5444e+06,16,RTS,20
1.54447e+06,20,CTS,14
1.54453e+06,16,QOSDATA_TID6,1066
1.54472e+06,20,ACK,14
1.54476e+06,16,QOSDATA_TID6,1066
1.54494e+06,20,ACK,14
1.54499e+06,16,CTL,20
1.54507e+06,9,RTS,20
1.54514e+06,20,CTS,14
1.5452e+06,9,QOSDATA_TID6,1066
1.54539e+06,20,ACK,14
1.54543e+06,9,CTL,20
1.54552e+06,3,RTS,20
1.54552e+06,0,RTS,20
1.54552e+06,11,RTS,20
1.54552e+06,4,RTS,20
1.54552e+06,13,RTS,20
1.54563e+06,10,RTS,20
1.5457e+06,20,CTS,14
1.54576e+06,10,QOSDATA_TID6,1066
1.54594e+06,20,ACK,14
1.54599e+06,10,QOSDATA_TID6,1066
1.54617e+06,20,ACK,14
1.54622e+06,10,CTL,20
1.5463e+06,8,RTS,20
1.5463e+06,7,RTS,20
1.5463e+06,11,RTS,20
1.54641e+06,9,RTS,20
1.54648e+06,20,CTS,14
1.54654e+06,9,QOSDATA_TID6,1066
1.54672e+06,20,ACK,14
1.54676e+06,9,CTL,20
1.54685e+06,14,RTS,20
1.54692e+06,20,CTS,14
1.54698e+06,14,QOSDATA_TID6,1066
1.54716e+06,20,ACK,14
1.54721e+06,14,CTL,20
1.54729e+06,7,RTS,20
1.54736e+06,20,CTS,14
1.54742e+06,7,QOSDATA_TID6,1066
1.5476e+06,20,ACK,14
1.54765e+06,7,QOSDATA_TID6,1066
1.54783e+06,20,ACK,14
1.54788e+06,7,QOSDATA_TID6,1066
1.54806e+06,20,ACK,14
1.5481e+06,7,CTL,20
1.54819e+06,19,RTS,20
1.54819e+06,3,RTS,20
1.54826e+06,20,CTS,14
1.54832e+06,19,QOSDATA_TID6,1066
1.5485e+06,20,ACK,14
1.54855e+06,19,CTL,20
1.54863e+06,5,RTS,20
1.54863e+06,2,RTS,20
1.54863e+06,10,RTS,20
1.54863e+06,15,RTS,20
1.5487e+06,20,CTS,14
1.54876e+06,5,QOSDATA_TID6,1066
1.54894e+06,20,ACK,14
1.54899e+06,5,CTL,20
1.54908e+06,11,RTS,20
1.54914e+06,20,CTS,14
1.5492e+06,11,QOSDATA_TID6,1066
1.54939e+06,20,ACK,14
1.54943e+06,11,QOSDATA_TID6,1066
1.54962e+06,20,ACK,14
1.54966e+06,11,CTL,20
1.54974e+06,1,RTS,20
1.54974e+06,12,RTS,20
1.54974e+06,17,RTS,20
1.54974e+06,3,RTS,20
1.54974e+06,0,RTS,20
1.54984e+06,8,RTS,20
1.54984e+06,13,RTS,20
1.54991e+06,20,CTS,14
1.54997e+06,8,QOSDATA_TID6,1066
1.55016e+06,20,ACK,14
1.5502e+06,8,CTL,20
1.55028e+06,4,RTS,20
1.55035e+06,20,CTS,14
1.55041e+06,4,QOSDATA_TID6,1066
1.5506e+06,20,ACK,14
1.55064e+06,4,QOSDATA_TID6,1066
1.55082e+06,20,ACK,14
1.55087e+06,4,QOSDATA_TID6,1066
1.55105e+06,20,ACK,14
1.5511e+06,4,CTL,20
1.55118e+06,6,RTS,20
1.55118e+06,18,RTS,20
1.55118e+06,10,RTS,20
1.55128e+06,8,RTS,20
1.55135e+06,20,CTS,14
1.55141e+06,8,QOSDATA_TID6,1066
1.55159e+06,20,ACK,14
1.55164e+06,8,CTL,20
1.55172e+06,1,RTS,20
1.55172e+06,13,RTS,20
1.55179e+06,20,CTS,14
1.55185e+06,1,QOSDATA_TID6,1066
1.55204e+06,20,ACK,14
1.55208e+06,1,CTL,20
1.55216e+06,20,BEACON,152
1.55242e+06,0,CTS,14
1.55255e+06,0,RTS,20
1.55262e+06,20,CTS,14
1.55268e+06,0,QOSDATA_TID6,1066
1.55286e+06,20,ACK,14
1.55291e+06,0,CTL,20
1.55299e+06,2,RTS,20
1.55299e+06,10,RTS,20
1.55306e+06,20,CTS,14
1.55312e+06,2,QOSDATA_TID6,1066
1.5533e+06,20,ACK,14
1.55335e+06,2,CTL,20
1.55344e+06,14,RTS,20
1.5535e+06,20,CTS,14
1.55356e+06,14,QOSDATA_TID6,1066
1.55375e+06,20,ACK,14
1.55379e+06,14,CTL,20
1.55388e+06,18,RTS,20
1.55388e+06,17,RTS,20
1.55388e+06,10,RTS,20
1.55388e+06,9,RTS,20
1.55394e+06,20,CTS,14
1.554e+06,17,QOSDATA_TID6,1066
1.55419e+06,20,ACK,14
1.55423e+06,17,CTL,20
1.55432e+06,13,RTS,20
1.55439e+06,20,CTS,14
1.55445e+06,13,QOSDATA_TID6,1066
1.55463e+06,20,ACK,14
1.55468e+06,13,QOSDATA_TID6,1066
1.55486e+06,20,ACK,14
1.5549e+06,13,QOSDATA_TID6,1066
1.55509e+06,20,ACK,14
1.55513e+06,13,QOSDATA_TID6,1066
1.55532e+06,20,ACK,14
1.55536e+06,13,CTL,20
1.55544e+06,7,RTS,20
1.55544e+06,1,RTS,20
1.55544e+06,0,RTS,20
1.55544e+06,19,RTS,20
1.55544e+06,3,RTS,20
1.55544e+06,10,RTS,20
1.55555e+06,15,RTS,20
1.55555e+06,16,RTS,20
1.55565e+06,7,RTS,20
1.55572e+06,20,CTS,14
1.55578e+06,7,QOSDATA_TID6,1066
1.55596e+06,20,ACK,14
1.55601e+06,7,CTL,20
1.55609e+06,0,RTS,20
1.55616e+06,20,CTS,14
1.55622e+06,0,QOSDATA_TID6,1066
1.5564e+06,20,ACK,14
1.55645e+06,0,CTL,20
1.55653e+06,6,RTS,20
1.55653e+06,12,RTS,20
1.5566e+06,20,CTS,14
1.55666e+06,12,QOSDATA_TID6,1066
1.55685e+06,20,ACK,14
1.55689e+06,12,QOSDATA_TID6,1066
1.55707e+06,20,ACK,14
1.55712e+06,12,CTL,20
1.5572e+06,15,RTS,20
1.5572e+06,2,RTS,20
1.5573e+06,11,RTS,20
1.5573e+06,4,RTS,20
1.55741e+06,2,RTS,20
1.55741e+06,3,RTS,20
1.55748e+06,20,CTS,14
1.55754e+06,2,QOSDATA_TID6,1066
1.55772e+06,20,ACK,14
1.55776e+06,2,CTL,20
1.55785e+06,15,RTS,20
1.55792e+06,20,CTS,14
1.55798e+06,15,QOSDATA_TID6,1066
1.55816e+06,20,ACK,14
1.55821e+06,15,QOSDATA_TID6,1066
1.55839e+06,20,ACK,14
1.55844e+06,15,CTL,20
1.55852e+06,5,RTS,20
1.55852e+06,19,RTS,20
1.55859e+06,20,CTS,14
1.55865e+06,5,QOSDATA_TID6,1066
1.55883e+06,20,ACK,14
1.55888e+06,5,CTL,20
1.55896e+06,8,RTS,20
1.55896e+06,17,RTS,20
1.55906e+06,18,RTS,20
1.55906e+06,10,RTS,20
1.55916e+06,14,RTS,20
1.55916e+06,16,RTS,20
1.55927e+06,9,RTS,20
1.55933e+06,20,CTS,14
1.55939e+06,9,QOSDATA_TID6,1066
1.55958e+06,20,ACK,14
1.55962e+06,9,CTL,20
1.55972e+06,3,RTS,20
1.55979e+06,20,CTS,14
1.55985e+06,3,QOSDATA_TID6,1066
1.56003e+06,20,ACK,14
1.56007e+06,3,QOSDATA_TID6,1066
1.56026e+06,20,ACK,14
1.5603e+06,3,CTL,20
1.5604e+06,10,RTS,20
1.5604e+06,19,RTS,20
1.5604e+06,1,RTS,20
1.5604e+06,11,RTS,20
1.5605e+06,6,RTS,20
1.56056e+06,20,CTS,14
1.56062e+06,6,QOSDATA_TID6,1066
1.56081e+06,20,ACK,14
1.56085e+06,6,QOSDATA_TID6,1066
1.56104e+06,20,ACK,14
1.56108e+06,6,CTL,20
1.56116e+06,0,RTS,20
1.56116e+06,14,RTS,20
1.56116e+06,10,RTS,20
1.56116e+06,11,RTS,20
1.56128e+06,18,RTS,20
1.56135e+06,20,CTS,14
1.56141e+06,18,QOSDATA_TID6,1066
1.56159e+06,20,ACK,14
1.56164e+06,18,QOSDATA_TID6,1066
1.56182e+06,20,ACK,14
1.56186e+06,18,CTL,20
1.56195e+06,14,RTS,20
1.56202e+06,20,CTS,14
1.56208e+06,14,QOSDATA_TID6,1066
1.56226e+06,20,ACK,14
1.56231e+06,14,CTL,20
1.56239e+06,12,RTS,20
1.56239e+06,10,RTS,20
1.56239e+06,11,RTS,20
1.56239e+06,9,RTS,20
1.56246e+06,20,CTS,14
1.56252e+06,12,QOSDATA_TID6,1066
1.5627e+06,20,ACK,14
1.56275e+06,12,CTL,20
1.56284e+06,8,RTS,20
1.5629e+06,20,CTS,14
1.56296e+06,8,QOSDATA_TID6,1066
1.56315e+06,20,ACK,14
1.56319e+06,8,CTL,20
1.56328e+06,17,RTS,20
1.56328e+06,19,RTS,20
1.56328e+06,7,RTS,20
1.56328e+06,4,RTS,20
1.56328e+06,3,RTS,20
1.56328e+06,13,RTS,20
1.56338e+06,0,RTS,20
1.56338e+06,10,RTS,20
1.56345e+06,20,CTS,14
1.56351e+06,0,QOSDATA_TID6,1066
1.5637e+06,20,ACK,14
1.56374e+06,0,CTL,20
1.56384e+06,7,RTS,20
1.56384e+06,1,RTS,20
1.56384e+06,16,RTS,20
1.56393e+06,6,RTS,20
1.56393e+06,10,RTS,20
1.564e+06,20,CTS,14
1.56406e+06,6,QOSDATA_TID6,1066
1.56424e+06,20,ACK,14
1.56429e+06,6,CTL,20
1.56438e+06,10,RTS,20
1.56445e+06,20,CTS,14
1.56451e+06,10,QOSDATA_TID6,1066
1.5647e+06,20,ACK,14
1.56474e+06,10,QOSDATA_TID6,1066
1.56492e+06,20,ACK,14
1.56497e+06,10,CTL,20
1.56505e+06,3,RTS,20
1.56505e+06,15,RTS,20
1.56515e+06,5,RTS,20
1.56522e+06,20,CTS,14
1.56528e+06,5,QOSDATA_TID6,1066
1.56546e+06,20,ACK,14
1.56551e+06,5,CTL,20
1.56559e+06,3,RTS,20
1.56559e+06,11,RTS,20
1.56559e+06,16,RTS,20
1.56559e+06,4,RTS,20
1.56569e+06,17,RTS,20
1.56576e+06,20,CTS,14
1.56582e+06,17,QOSDATA_TID6,1066
1.566e+06,20,ACK,14
1.56605e+06,17,QOSDATA_TID6,1066
1.56623e+06,20,ACK,14
1.56628e+06,17,CTL,20
1.56636e+06,19,RTS,20
1.56636e+06,16,RTS,20
1.56643e+06,20,CTS,14
1.56649e+06,19,QOSDATA_TID6,1066
1.56667e+06,20,ACK,14
1.56672e+06,19,QOSDATA_TID6,1066
1.5669e+06,20,ACK,14
1.56695e+06,19,CTL,20
1.56704e+06,1,RTS,20
1.56704e+06,11,RTS,20
1.56704e+06,9,RTS,20
1.56704e+06,18,RTS,20
1.56714e+06,14,RTS,20
1.56721e+06,20,CTS,14
1.56727e+06,14,QOSDATA_TID6,1066
1.56745e+06,20,ACK,14
1.5675e+06,14,CTL,20
1.56758e+06,18,RTS,20
1.56765e+06,20,CTS,14
1.56771e+06,18,QOSDATA_TID6,1066
1.56789e+06,20,ACK,14
1.56794e+06,18,CTL,20
1.56802e+06,2,RTS,20
1.56802e+06,1,RTS,20
1.56802e+06,15,RTS,20
1.56813e+06,7,RTS,20
1.5682e+06,20,CTS,14
1.56826e+06,7,QOSDATA_TID6,1066
1.56844e+06,20,ACK,14
1.56849e+06,7,CTL,20
1.56859e+06,13,RTS,20
1.56859e+06,8,RTS,20
1.56866e+06,20,CTS,14
1.56872e+06,8,QOSDATA_TID6,1066
1.5689e+06,20,ACK,14
1.56895e+06,8,CTL,20
1.56904e+06,4,RTS,20
1.56911e+06,20,CTS,14
1.56917e+06,4,QOSDATA_TID6,1066
1.56935e+06,20,ACK,14
1.5694e+06,4,QOSDATA_TID6,1066
1.56958e+06,20,ACK,14
1.56963e+06,4,CTL,20
1.56971e+06,7,RTS,20
1.56971e+06,0,RTS,20
1.56982e+06,9,RTS,20
1.56989e+06,20,CTS,14
1.56995e+06,9,QOSDATA_TID6,1066
1.57013e+06,20,ACK,14
1.57018e+06,9,QOSDATA_TID6,1066
1.57036e+06,20,ACK,14
1.5704e+06,9,CTL,20
1.57049e+06,3,RTS,20
1.57056e+06,20,CTS,14
1.57062e+06,3,QOSDATA_TID6,1066
1.5708e+06,20,ACK,14
1.57084e+06,3,QOSDATA_TID6,1066
1.57103e+06,20,ACK,14
1.57107e+06,3,CTL,20
1.57116e+06,2,RTS,20
1.57116e+06,6,RTS,20
1.57116e+06,13,RTS,20
1.57127e+06,12,RTS,20
1.57127e+06,11,RTS,20
1.57133e+06,20,CTS,14
1.57139e+06,12,QOSDATA_TID6,1066
1.57158e+06,20,ACK,14
1.57162e+06,12,CTL,20
1.57172e+06,1,RTS,20
1.57172e+06,0,RTS,20
1.57185e+06,13,RTS,20
1.57192e+06,20,CTS,14
1.57198e+06,13,QOSDATA_TID6,1066
1.57216e+06,20,ACK,14
1.57221e+06,13,QOSDATA_TID6,1066
1.57239e+06,20,ACK,14
1.57244e+06,13,CTL,20
1.57252e+06,1,RTS,20
1.57259e+06,20,CTS,14
1.57265e+06,1,QOSDATA_TID6,1066
1.57283e+06,20,ACK,14
1.57288e+06,1,QOSDATA_TID6,1066
1.57306e+06,20,ACK,14
1.5731e+06,1,QOSDATA_TID6,1066
1.57329e+06,20,ACK,14
1.57333e+06,1,CTL,20
1.57342e+06,5,RTS,20
1.57349e+06,20,CTS,14
1.57355e+06,5,QOSDATA_TID6,1066
1.57373e+06,20,ACK,14
1.57378e+06,5,CTL,20
1.57386e+06,17,RTS,20
1.57386e+06,19,RTS,20
1.57386e+06,2,RTS,20
1.57386e+06,10,RTS,20
1.57386e+06,15,RTS,20
1.57396e+06,7,RTS,20
1.57396e+06,16,RTS,20
1.57396e+06,4,RTS,20
1.57403e+06,20,CTS,14
1.57409e+06,7,QOSDATA_TID6,1066
1.57427e+06,20,ACK,14
1.57432e+06,7,CTL,20
1.5744e+06,17,RTS,20
1.5744e+06,2,RTS,20
1.5744e+06,6,RTS,20
1.5744e+06,18,RTS,20
1.5744e+06,10,RTS,20
1.57454e+06,17,RTS,20
1.57454e+06,10,RTS,20
1.57461e+06,20,CTS,14
1.57467e+06,17,QOSDATA_TID6,1066
1.57485e+06,20,ACK,14
1.5749e+06,17,CTL,20
1.57499e+06,15,RTS,20
1.57506e+06,20,CTS,14
1.57512e+06,15,QOSDATA_TID6,1066
1.5753e+06,20,ACK,14
1.57535e+06,15,QOSDATA_TID6,1066
1.57553e+06,20,ACK,14
1.57558e+06,15,CTL,20
1.57566e+06,14,RTS,20
1.57566e+06,2,RTS,20
1.57566e+06,11,RTS,20
1.57566e+06,10,RTS,20
1.57576e+06,0,CTS,14
1.57588e+06,0,RTS,20
1.57595e+06,20,CTS,14
1.57601e+06,0,QOSDATA_TID6,1066
1.5762e+06,20,ACK,14
1.57624e+06,0,CTL,20
1.57633e+06,18,RTS,20
1.57633e+06,8,RTS,20
1.57633e+06,11,RTS,20
1.57639e+06,20,CTS,14
1.57645e+06,8,QOSDATA_TID6,1066
1.57664e+06,20,ACK,14
1.57668e+06,8,CTL,20
1.57678e+06,16,RTS,20
1.57678e+06,10,RTS,20
1.57678e+06,14,RTS,20
1.57693e+06,10,RTS,20
1.57699e+06,20,CTS,14
1.57705e+06,10,QOSDATA_TID6,1066
1.57724e+06,20,ACK,14
1.57728e+06,10,CTL,20
1.57738e+06,0,RTS,20
1.57738e+06,14,RTS,20
1.57744e+06,20,CTS,14
1.5775e+06,0,QOSDATA_TID6,1066
1.57769e+06,20,ACK,14
1.57773e+06,0,CTL,20
1.57782e+06,7,RTS,20
1.57782e+06,9,RTS,20
1.57782e+06,4,RTS,20
1.57789e+06,20,CTS,14
1.57795e+06,7,QOSDATA_TID6,1066
1.57813e+06,20,ACK,14
1.57818e+06,7,CTL,20
1.57827e+06,19,RTS,20
1.57834e+06,20,CTS,14
1.5784e+06,19,QOSDATA_TID6,1066
1.57858e+06,20,ACK,14
1.57863e+06,19,CTL,20
1.57871e+06,12,RTS,20
1.57871e+06,16,RTS,20
1.57871e+06,2,RTS,20
1.57871e+06,6,RTS,20
1.57878e+06,20,CTS,14
1.57884e+06,12,QOSDATA_TID6,1066
1.57902e+06,20,ACK,14
1.57907e+06,12,CTL,20
1.57915e+06,13,RTS,20
1.57915e+06,6,RTS,20
1.57927e+06,19,RTS,20
1.57934e+06,20,CTS,14
1.5794e+06,19,QOSDATA_TID6,1066
1.57958e+06,20,ACK,14
1.57963e+06,19,CTL,20
1.57971e+06,1,RTS,20
1.57978e+06,20,CTS,14
1.57984e+06,1,QOSDATA_TID6,1066
1.58002e+06,20,ACK,14
1.58007e+06,1,CTL,20
1.58015e+06,17,RTS,20
1.58015e+06,4,RTS,20
1.58015e+06,3,RTS,20
1.58022e+06,20,CTS,14
1.58028e+06,17,QOSDATA_TID6,1066
1.58047e+06,20,ACK,14
1.58051e+06,17,CTL,20
1.5806e+06,6,RTS,20
1.58066e+06,20,CTS,14
1.58072e+06,6,QOSDATA_TID6,1066
1.58091e+06,20,ACK,14
1.58095e+06,6,QOSDATA_TID6,1066
1.58114e+06,20,ACK,14
1.58118e+06,6,CTL,20
1.58127e+06,18,RTS,20
1.58127e+06,5,RTS,20
1.58127e+06,11,RTS,20
1.58127e+06,16,RTS,20
1.58133e+06,20,CTS,14
1.58139e+06,5,QOSDATA_TID6,1066
1.58158e+06,20,ACK,14
1.58162e+06,5,CTL,20
1.58171e+06,2,RTS,20
1.58171e+06,11,RTS,20
1.58171e+06,9,RTS,20
1.58171e+06,14,RTS,20
1.58182e+06,10,RTS,20
1.58182e+06,13,RTS,20
1.58196e+06,10,RTS,20
1.58203e+06,20,CTS,14
1.58209e+06,10,QOSDATA_TID6,1066
1.58228e+06,20,ACK,14
1.58232e+06,10,CTL,20
1.58242e+06,16,RTS,20
1.58248e+06,20,CTS,14
1.58254e+06,16,QOSDATA_TID6,1066
1.58273e+06,20,ACK,14
1.58277e+06,16,QOSDATA_TID6,1066
1.58296e+06,20,ACK,14
1.583e+06,16,QOSDATA_TID6,1066
1.58318e+06,20,ACK,14
1.58323e+06,16,CTL,20
1.58331e+06,4,RTS,20
1.58331e+06,13,RTS,20
1.58331e+06,15,RTS,20
1.58331e+06,18,RTS,20
1.58342e+06,8,RTS,20
1.58349e+06,20,CTS,14
1.58355e+06,8,QOSDATA_TID6,1066
1.58373e+06,20,ACK,14
1.58378e+06,8,CTL,20
1.58387e+06,4,RTS,20
1.58387e+06,14,RTS,20
1.58397e+06,3,RTS,20
1.58397e+06,9,RTS,20
1.58407e+06,4,RTS,20
1.58414e+06,20,CTS,14
1.5842e+06,4,QOSDATA_TID6,1066
1.58438e+06,20,ACK,14
1.58442e+06,4,QOSDATA_TID6,1066
1.58461e+06,20,ACK,14
1.58465e+06,4,CTL,20
1.58475e+06,16,RTS,20
1.58475e+06,13,RTS,20
1.58475e+06,2,RTS,20
1.58475e+06,18,RTS,20
1.58487e+06,14,RTS,20
1.58494e+06,20,CTS,14
1.585e+06,14,QOSDATA_TID6,1066
1.58518e+06,20,ACK,14
1.58523e+06,14,QOSDATA_TID6,1066
1.58541e+06,20,ACK,14
1.58546e+06,14,CTL,20
1.58554e+06,13,RTS,20
1.58554e+06,7,RTS,20
1.58561e+06,20,CTS,14
1.58567e+06,7,QOSDATA_TID6,1066
1.58585e+06,20,ACK,14
1.5859e+06,7,CTL,20
1.58598e+06,0,RTS,20
1.58598e+06,2,RTS,20
1.58611e+06,18,RTS,20
1.58611e+06,11,RTS,20
1.58611e+06,13,RTS,20
1.58624e+06,13,RTS,20
1.58631e+06,20,CTS,14
1.58637e+06,13,QOSDATA_TID6,1066
1.58655e+06,20,ACK,14
1.5866e+06,13,QOSDATA_TID6,1066
1.58678e+06,20,ACK,14
1.58682e+06,13,CTL,20
1.58692e+06,15,RTS,20
1.58692e+06,11,RTS,20
1.58692e+06,2,RTS,20
1.58704e+06,12,RTS,20
1.5871e+06,20,CTS,14
1.58716e+06,12,QOSDATA_TID6,1066
1.58735e+06,20,ACK,14
1.58739e+06,12,CTL,20
1.58748e+06,1,RTS,20
1.58748e+06,19,RTS,20
1.58759e+06,17,RTS,20
1.58759e+06,0,RTS,20
1.58759e+06,6,RTS,20
1.5877e+06,3,RTS,20
1.58777e+06,20,CTS,14
1.58783e+06,3,QOSDATA_TID6,1066
1.58801e+06,20,ACK,14
1.58806e+06,3,QOSDATA_TID6,1066
1.58824e+06,20,ACK,14
1.58828e+06,3,CTL,20
1.58837e+06,9,RTS,20
1.58844e+06,20,CTS,14
1.5885e+06,9,QOSDATA_TID6,1066
1.58868e+06,20,ACK,14
1.58873e+06,9,QOSDATA_TID6,1066
1.58891e+06,20,ACK,14
1.58895e+06,9,CTL,20
1.58904e+06,18,RTS,20
1.58904e+06,6,RTS,20
1.58904e+06,4,RTS,20
1.58914e+06,5,RTS,20
1.58921e+06,20,CTS,14
1.58927e+06,5,QOSDATA_TID6,1066
1.58945e+06,20,ACK,14
1.58949e+06,5,CTL,20
1.58958e+06,6,RTS,20
1.58965e+06,20,CTS,14
1.58971e+06,6,QOSDATA_TID6,1066
1.58989e+06,20,ACK,14
1.58994e+06,6,CTL,20
1.59002e+06,15,RTS,20
1.59002e+06,19,RTS,20
1.59014e+06,18,RTS,20
1.59014e+06,10,RTS,20
1.59025e+06,2,RTS,20
1.59025e+06,19,RTS,20
1.59025e+06,17,RTS,20
1.59025e+06,16,RTS,20
1.59038e+06,1,RTS,20
1.59045e+06,20,CTS,14
1.59051e+06,1,QOSDATA_TID6,1066
1.59069e+06,20,ACK,14
1.59074e+06,1,CTL,20
1.59082e+06,0,CTS,14
1.59082e+06,18,RTS,20
1.59093e+06,0,RTS,20
1.591e+06,20,CTS,14
1.59106e+06,0,QOSDATA_TID6,1066
1.59125e+06,20,ACK,14
1.59129e+06,0,CTL,20
1.59138e+06,14,RTS,20
1.59144e+06,20,CTS,14
1.5915e+06,14,QOSDATA_TID6,1066
1.59169e+06,20,ACK,14
1.59173e+06,14,CTL,20
1.59182e+06,10,RTS,20
1.59189e+06,20,CTS,14
1.59195e+06,10,QOSDATA_TID6,1066
1.59213e+06,20,ACK,14
1.59218e+06,10,CTL,20
1.59226e+06,18,RTS,20
1.59226e+06,8,RTS,20
1.59226e+06,15,RTS,20
1.59226e+06,11,RTS,20
1.59239e+06,8,RTS,20
1.59246e+06,20,CTS,14
1.59252e+06,8,QOSDATA_TID6,1066
1.5927e+06,20,ACK,14
1.59275e+06,8,CTL,20
1.59284e+06,15,RTS,20
1.59291e+06,20,CTS,14
1.59297e+06,15,QOSDATA_TID6,1066
1.59316e+06,20,ACK,14
1.5932e+06,15,QOSDATA_TID6,1066
1.59338e+06,20,ACK,14
1.59343e+06,15,CTL,20
1.59351e+06,11,RTS,20
1.59358e+06,20,CTS,14
1.59364e+06,11,QOSDATA_TID6,1066
1.59382e+06,20,ACK,14
1.59387e+06,11,QOSDATA_TID6,1066
1.59405e+06,20,ACK,14
1.5941e+06,11,QOSDATA_TID6,1066
1.59428e+06,20,ACK,14
1.59432e+06,11,CTL,20
1.59441e+06,4,RTS,20
1.59441e+06,17,RTS,20
1.59441e+06,12,RTS,20
1.59441e+06,7,RTS,20
1.59441e+06,19,RTS,20
1.59441e+06,2,RTS,20
1.59441e+06,9,RTS,20
1.59441e+06,0,RTS,20
1.59441e+06,18,RTS,20
1.59451e+06,16,RTS,20
1.59451e+06,13,RTS,20
1.59461e+06,9,RTS,20
1.59468e+06,20,CTS,14
1.59474e+06,9,QOSDATA_TID6,1066
1.59492e+06,20,ACK,14
1.59496e+06,9,CTL,20
1.59505e+06,0,RTS,20
1.59505e+06,7,RTS,20
1.59505e+06,13,RTS,20
1.59516e+06,3,RTS,20
1.59522e+06,20,CTS,14
1.59528e+06,3,QOSDATA_TID6,1066
1.59547e+06,20,ACK,14
1.59551e+06,3,CTL,20
1.5956e+06,0,CTS,14
1.59572e+06,0,RTS,20
1.59579e+06,20,CTS,14
1.59585e+06,0,QOSDATA_TID6,1066
1.59603e+06,20,ACK,14
1.59608e+06,0,CTL,20
1.59616e+06,18,RTS,20
1.59616e+06,7,RTS,20
1.59616e+06,19,RTS,20
1.59616e+06,11,RTS,20
1.59629e+06,18,RTS,20
1.59636e+06,20,CTS,14
1.59642e+06,18,QOSDATA_TID6,1066
1.59661e+06,20,ACK,14
1.59665e+06,18,QOSDATA_TID6,1066
1.59683e+06,20,ACK,14
1.59688e+06,18,CTL,20
1.59697e+06,6,RTS,20
1.59697e+06,15,RTS,20
1.59697e+06,7,RTS,20
1.59708e+06,2,RTS,20
1.59715e+06,20,CTS,14
1.59721e+06,2,QOSDATA_TID6,1066
1.59739e+06,20,ACK,14
1.59744e+06,2,QOSDATA_TID6,1066
1.59762e+06,20,ACK,14
1.59766e+06,2,QOSDATA_TID6,1066
1.59785e+06,20,ACK,14
1.59789e+06,2,QOSDATA_TID6,1066
1.59808e+06,20,ACK,14
1.59812e+06,2,CTL,20
1.59821e+06,5,RTS,20
1.59821e+06,7,RTS,20
1.59827e+06,20,CTS,14
1.59833e+06,5,QOSDATA_TID6,1066
1.59852e+06,20,ACK,14
1.59856e+06,5,CTL,20
1.59865e+06,8,RTS,20
1.59872e+06,20,CTS,14
1.59878e+06,8,QOSDATA_TID6,1066
1.59896e+06,20,ACK,14
1.599e+06,8,CTL,20
1.5991e+06,1,RTS,20
1.5991e+06,7,RTS,20
1.5991e+06,4,RTS,20
1.5991e+06,15,RTS,20
1.5992e+06,18,RTS,20
1.5992e+06,10,RTS,20
1.5993e+06,13,RTS,20
1.59936e+06,20,CTS,14
1.59942e+06,13,QOSDATA_TID6,1066
1.59961e+06,20,ACK,14
1.59965e+06,13,CTL,20
1.59974e+06,7,RTS,20
1.59974e+06,15,RTS,20
1.59974e+06,11,RTS,20
1.59974e+06,18,RTS,20
1.59984e+06,19,RTS,20
1.59991e+06,20,CTS,14
1.59997e+06,19,QOSDATA_TID6,1066
1.60016e+06,20,ACK,14
1.6002e+06,19,QOSDATA_TID6,1066
1.60038e+06,20,ACK,14
1.60043e+06,19,CTL,20
1.60052e+06,18,RTS,20
1.60058e+06,20,CTS,14
1.60064e+06,18,QOSDATA_TID6,1066
1.60083e+06,20,ACK,14
1.60087e+06,18,CTL,20
1.60096e+06,17,RTS,20
1.60096e+06,11,RTS,20
1.60102e+06,20,CTS,14
1.60108e+06,17,QOSDATA_TID6,1066
1.60127e+06,20,ACK,14
1.60131e+06,17,QOSDATA_TID6,1066
1.6015e+06,20,ACK,14
1.60154e+06,17,CTL,20
1.60163e+06,13,RTS,20
1.60163e+06,14,RTS,20
1.60172e+06,9,RTS,20
1.60179e+06,20,CTS,14
1.60185e+06,9,QOSDATA_TID6,1066
1.60204e+06,20,ACK,14
1.60208e+06,9,CTL,20
1.60218e+06,0,RTS,20
1.60218e+06,12,RTS,20
1.60218e+06,7,RTS,20
1.60218e+06,14,RTS,20
1.60218e+06,15,RTS,20
1.60227e+06,16,RTS,20
1.60234e+06,20,CTS,14
1.6024e+06,16,QOSDATA_TID6,1066
1.60259e+06,20,ACK,14
1.60263e+06,16,QOSDATA_TID6,1066
1.60281e+06,20,ACK,14
1.60286e+06,16,QOSDATA_TID6,1066
1.60304e+06,20,ACK,14
1.60309e+06,16,CTL,20
1.60317e+06,3,RTS,20
1.60317e+06,0,RTS,20
1.60324e+06,20,CTS,14
1.6033e+06,0,QOSDATA_TID6,1066
1.60348e+06,20,ACK,14
1.60353e+06,0,CTL,20
1.60361e+06,7,RTS,20
1.60368e+06,20,CTS,14
1.60374e+06,7,QOSDATA_TID6,1066
1.60393e+06,20,ACK,14
1.60397e+06,7,CTL,20
1.60406e+06,4,RTS,20
1.60406e+06,19,RTS,20
1.60412e+06,20,CTS,14
1.60418e+06,19,QOSDATA_TID6,1066
1.60437e+06,20,ACK,14
1.60441e+06,19,CTL,20
1.60451e+06,1,RTS,20
1.60451e+06,11,RTS,20
1.60451e+06,10,RTS,20
1.60451e+06,6,RTS,20
1.60451e+06,14,RTS,20
1.60461e+06,2,RTS,20
1.60468e+06,20,CTS,14
1.60474e+06,2,QOSDATA_TID6,1066
1.60493e+06,20,ACK,14
1.60497e+06,2,CTL,20
1.60506e+06,12,RTS,20
1.60512e+06,20,CTS,14
1.60518e+06,12,QOSDATA_TID6,1066
1.60537e+06,20,ACK,14
1.60541e+06,12,QOSDATA_TID6,1066
1.6056e+06,20,ACK,14
1.60564e+06,12,CTL,20
1.60573e+06,13,RTS,20
1.60573e+06,10,RTS,20
1.60582e+06,17,RTS,20
1.60589e+06,20,CTS,14
1.60595e+06,17,QOSDATA_TID6,1066
1.60614e+06,20,ACK,14
1.60618e+06,17,CTL,20
1.60627e+06,1,RTS,20
1.60627e+06,5,RTS,20
1.60627e+06,13,RTS,20
1.60633e+06,20,CTS,14
1.60639e+06,5,QOSDATA_TID6,1066
1.60658e+06,20,ACK,14
1.60662e+06,5,CTL,20
1.60671e+06,1,RTS,20
1.60671e+06,3,RTS,20
1.60671e+06,18,RTS,20
1.60684e+06,18,RTS,20
1.60684e+06,15,RTS,20
1.60684e+06,14,RTS,20
1.60684e+06,13,RTS,20
1.60695e+06,11,RTS,20
1.60702e+06,20,CTS,14
1.60708e+06,11,QOSDATA_TID6,1066
1.60726e+06,20,ACK,14
1.60731e+06,11,QOSDATA_TID6,1066
1.60749e+06,20,ACK,14
1.60753e+06,11,CTL,20
1.60762e+06,1,RTS,20
1.60762e+06,8,RTS,20
1.60762e+06,18,RTS,20
1.60762e+06,6,RTS,20
1.60762e+06,14,RTS,20
1.60774e+06,4,RTS,20
1.6078e+06,20,CTS,14
1.60786e+06,4,QOSDATA_TID6,1066
1.60805e+06,20,ACK,14
1.60809e+06,4,QOSDATA_TID6,1066
1.60828e+06,20,ACK,14
1.60832e+06,4,QOSDATA_TID6,1066
1.6085e+06,20,ACK,14
1.60855e+06,4,CTL,20
1.60864e+06,13,RTS,20
1.60871e+06,20,CTS,14
1.60877e+06,13,QOSDATA_TID6,1066
1.60896e+06,20,ACK,14
1.609e+06,13,CTL,20
1.60908e+06,16,RTS,20
1.60908e+06,0,RTS,20
1.60908e+06,3,RTS,20
1.60908e+06,10,RTS,20
1.6092e+06,8,RTS,20
1.60927e+06,20,CTS,14
1.60933e+06,8,QOSDATA_TID6,1066
1.60951e+06,20,ACK,14
1.60956e+06,8,CTL,20
1.60964e+06,7,RTS,20
1.60964e+06,13,RTS,20
1.60971e+06,20,CTS,14
1.60977e+06,7,QOSDATA_TID6,1066
1.60996e+06,20,ACK,14
1.61e+06,7,CTL,20
1.61008e+06,6,RTS,20
1.61008e+06,9,RTS,20
1.61015e+06,20,CTS,14
1.61021e+06,6,QOSDATA_TID6,1066
1.6104e+06,20,ACK,14
1.61044e+06,6,QOSDATA_TID6,1066
1.61062e+06,20,ACK,14
1.61067e+06,6,CTL,20
1.61076e+06,14,RTS,20
1.61076e+06,18,RTS,20
1.61076e+06,3,RTS,20
1.61076e+06,1,RTS,20
1.61086e+06,13,RTS,20
1.61093e+06,20,CTS,14
1.61099e+06,13,QOSDATA_TID6,1066
1.61117e+06,20,ACK,14
1.61122e+06,13,CTL,20
1.6113e+06,1,RTS,20
1.6113e+06,18,RTS,20
1.6113e+06,3,RTS,20
1.61143e+06,14,RTS,20
1.6115e+06,20,CTS,14
1.61156e+06,14,QOSDATA_TID6,1066
1.61174e+06,20,ACK,14
1.61178e+06,14,QOSDATA_TID6,1066
1.61197e+06,20,ACK,14
1.61201e+06,14,CTL,20
1.6121e+06,3,RTS,20
1.61217e+06,20,CTS,14
1.61223e+06,3,QOSDATA_TID6,1066
1.61241e+06,20,ACK,14
1.61246e+06,3,QOSDATA_TID6,1066
1.61264e+06,20,ACK,14
1.61268e+06,3,CTL,20
1.61277e+06,17,RTS,20
1.61277e+06,0,RTS,20
1.61277e+06,11,RTS,20
1.61277e+06,15,RTS,20
1.61288e+06,2,RTS,20
1.61295e+06,20,CTS,14
1.61301e+06,2,QOSDATA_TID6,1066
1.6132e+06,20,ACK,14
1.61324e+06,2,CTL,20
1.61333e+06,10,RTS,20
1.61333e+06,0,CTS,14
1.61347e+06,0,RTS,20
1.61354e+06,20,CTS,14
1.6136e+06,0,QOSDATA_TID6,1066
1.61378e+06,20,ACK,14
1.61382e+06,0,CTL,20
1.61392e+06,10,RTS,20
1.61392e+06,5,RTS,20
1.61392e+06,12,RTS,20
1.61392e+06,17,RTS,20
1.61392e+06,9,RTS,20
1.61392e+06,19,RTS,20
1.61392e+06,4,RTS,20
1.61402e+06,6,RTS,20
1.61408e+06,20,CTS,14
1.61414e+06,6,QOSDATA_TID6,1066
1.61433e+06,20,ACK,14
1.61437e+06,6,CTL,20
1.61448e+06,5,RTS,20
1.61448e+06,17,RTS,20
1.61454e+06,20,CTS,14
1.6146e+06,5,QOSDATA_TID6,1066
1.61479e+06,20,ACK,14
1.61483e+06,5,CTL,20
1.61492e+06,8,RTS,20
1.61492e+06,15,RTS,20
1.61499e+06,20,CTS,14
1.61505e+06,8,QOSDATA_TID6,1066
1.61523e+06,20,ACK,14
1.61528e+06,8,CTL,20
1.61536e+06,18,RTS,20
1.61543e+06,20,CTS,14
1.61549e+06,18,QOSDATA_TID6,1066
1.61567e+06,20,ACK,14
1.61572e+06,18,QOSDATA_TID6,1066
1.6159e+06,20,ACK,14
1.61594e+06,18,CTL,20
1.61603e+06,10,RTS,20
1.61603e+06,17,RTS,20
1.6161e+06,20,CTS,14
1.61616e+06,17,QOSDATA_TID6,1066
1.61634e+06,20,ACK,14
1.61639e+06,17,CTL,20
1.61648e+06,9,RTS,20
1.61648e+06,15,RTS,20
1.61648e+06,14,RTS,20
1.61658e+06,11,RTS,20
1.61665e+06,20,CTS,14
1.61671e+06,11,QOSDATA_TID6,1066
1.61689e+06,20,ACK,14
1.61694e+06,11,CTL,20
1.61702e+06,1,RTS,20
1.61702e+06,9,RTS,20
1.61702e+06,15,RTS,20
1.61712e+06,0,RTS,20
1.61719e+06,20,CTS,14
1.61725e+06,0,QOSDATA_TID6,1066
1.61743e+06,20,ACK,14
1.61748e+06,0,CTL,20
1.61756e+06,9,RTS,20
1.61763e+06,20,CTS,14
1.61769e+06,9,QOSDATA_TID6,1066
1.61787e+06,20,ACK,14
1.61792e+06,9,QOSDATA_TID6,1066
1.6181e+06,20,ACK,14
1.61815e+06,9,CTL,20
1.61823e+06,1,RTS,20
1.61823e+06,4,RTS,20
1.61823e+06,13,RTS,20
1.61835e+06,7,RTS,20
1.61842e+06,20,CTS,14
1.61848e+06,7,QOSDATA_TID6,1066
1.61866e+06,20,ACK,14
1.6187e+06,7,CTL,20
1.61879e+06,11,RTS,20
1.61886e+06,20,CTS,14
1.61892e+06,11,QOSDATA_TID6,1066
1.6191e+06,20,ACK,14
1.61915e+06,11,CTL,20
1.61923e+06,19,RTS,20
1.61923e+06,10,RTS,20
1.6193e+06,20,CTS,14
1.61936e+06,19,QOSDATA_TID6,1066
1.61954e+06,20,ACK,14
1.61959e+06,19,QOSDATA_TID6,1066
1.61977e+06,20,ACK,14
1.61982e+06,19,CTL,20
1.6199e+06,10,RTS,20
1.61997e+06,20,CTS,14
1.62003e+06,10,QOSDATA_TID6,1066
1.62021e+06,20,ACK,14
1.62026e+06,10,QOSDATA_TID6,1066
1.62044e+06,20,ACK,14
1.62049e+06,10,CTL,20
1.62057e+06,3,RTS,20
1.62057e+06,6,RTS,20
1.62057e+06,12,RTS,20
1.62057e+06,14,RTS,20
1.62057e+06,16,RTS,20
1.62064e+06,20,CTS,14
1.6207e+06,12,QOSDATA_TID6,1066
1.62088e+06,20,ACK,14
1.62093e+06,12,QOSDATA_TID6,1066
1.62111e+06,20,ACK,14
1.62116e+06,12,CTL,20
1.62124e+06,16,RTS,20
1.62124e+06,2,RTS,20
1.62134e+06,17,RTS,20
1.62141e+06,20,CTS,14
1.62147e+06,17,QOSDATA_TID6,1066
1.62165e+06,20,ACK,14
1.6217e+06,17,CTL,20
1.62179e+06,1,RTS,20
1.62179e+06,16,RTS,20
1.62179e+06,4,RTS,20
1.62179e+06,14,RTS,20
1.62189e+06,10,RTS,20
1.62196e+06,20,CTS,14
1.62202e+06,10,QOSDATA_TID6,1066
1.6222e+06,20,ACK,14
1.62225e+06,10,CTL,20
1.62234e+06,2,RTS,20
1.62234e+06,14,RTS,20
1.62241e+06,20,CTS,14
1.62247e+06,2,QOSDATA_TID6,1066
1.62265e+06,20,ACK,14
1.6227e+06,2,CTL,20
1.6228e+06,18,RTS,20
1.6228e+06,5,RTS,20
1.6228e+06,1,RTS,20
1.6228e+06,6,RTS,20
1.6228e+06,15,RTS,20
1.62287e+06,20,CTS,14
1.62293e+06,5,QOSDATA_TID6,1066
1.62311e+06,20,ACK,14
1.62316e+06,5,CTL,20
1.62324e+06,8,RTS,20
1.62331e+06,20,CTS,14
1.62337e+06,8,QOSDATA_TID6,1066
1.62356e+06,20,ACK,14
1.6236e+06,8,CTL,20
1.62368e+06,3,RTS,20
1.62375e+06,20,CTS,14
1.62381e+06,3,QOSDATA_TID6,1066
1.624e+06,20,ACK,14
1.62404e+06,3,CTL,20
1.62413e+06,15,RTS,20
1.6242e+06,20,CTS,14
1.62426e+06,15,QOSDATA_TID6,1066
1.62444e+06,20,ACK,14
1.62448e+06,15,QOSDATA_TID6,1066
1.62467e+06,20,ACK,14
1.62471e+06,15,QOSDATA_TID6,1066
1.6249e+06,20,ACK,14
1.62494e+06,15,CTL,20
1.62502e+06,13,RTS,20
1.62502e+06,18,RTS,20
1.62502e+06,16,RTS,20
1.62515e+06,14,RTS,20
1.62522e+06,20,CTS,14
1.62528e+06,14,QOSDATA_TID6,1066
1.62546e+06,20,ACK,14
1.62551e+06,14,QOSDATA_TID6,1066
1.62569e+06,20,ACK,14
1.62573e+06,14,CTL,20
1.62582e+06,7,RTS,20
1.62589e+06,20,CTS,14
1.62595e+06,7,QOSDATA_TID6,1066
1.62613e+06,20,ACK,14
1.62618e+06,7,CTL,20
1.62626e+06,16,RTS,20
1.62626e+06,4,RTS,20
1.62626e+06,0,RTS,20
1.62626e+06,9,RTS,20
1.62637e+06,13,RTS,20
1.62644e+06,20,CTS,14
1.6265e+06,13,QOSDATA_TID6,1066
1.62668e+06,20,ACK,14
1.62672e+06,13,QOSDATA_TID6,1066
1.62691e+06,20,ACK,14
1.62695e+06,13,CTL,20
1.62704e+06,12,RTS,20
1.62704e+06,0,RTS,20
1.62711e+06,20,CTS,14
1.62717e+06,12,QOSDATA_TID6,1066
1.62735e+06,20,ACK,14
1.6274e+06,12,CTL,20
1.62748e+06,17,RTS,20
1.62755e+06,20,CTS,14
1.62761e+06,17,QOSDATA_TID6,1066
1.62779e+06,20,ACK,14
1.62784e+06,17,CTL,20
1.62792e+06,19,RTS,20
1.62792e+06,16,RTS,20
1.62792e+06,3,RTS,20
1.62792e+06,6,RTS,20
1.62806e+06,3,RTS,20
1.62807e+06,18,RTS,20
1.62817e+06,1,RTS,20
1.62824e+06,20,CTS,14
1.6283e+06,1,QOSDATA_TID6,1066
1.62848e+06,20,ACK,14
1.62853e+06,1,QOSDATA_TID6,1066
1.62871e+06,20,ACK,14
1.62876e+06,1,QOSDATA_TID6,1066
1.62894e+06,20,ACK,14
1.62898e+06,1,QOSDATA_TID6,1066
1.62917e+06,20,ACK,14
1.62921e+06,1,CTL,20
1.6293e+06,11,RTS,20
1.6293e+06,4,RTS,20
1.6293e+06,10,RTS,20
1.6294e+06,15,RTS,20
1.62946e+06,20,CTS,14
1.62952e+06,15,QOSDATA_TID6,1066
1.62971e+06,20,ACK,14
1.62975e+06,15,CTL,20
1.62984e+06,5,RTS,20
1.62984e+06,16,RTS,20
1.62991e+06,20,CTS,14
1.62997e+06,5,QOSDATA_TID6,1066
1.63015e+06,20,ACK,14
1.6302e+06,5,CTL,20
1.63029e+06,2,RTS,20
1.63029e+06,16,RTS,20
1.63029e+06,0,CTS,14
1.63038e+06,0,RTS,20
1.63044e+06,20,CTS,14
1.6305e+06,0,QOSDATA_TID6,1066
1.63069e+06,20,ACK,14
1.63073e+06,0,CTL,20
1.63083e+06,8,RTS,20
1.6309e+06,20,CTS,14
1.63096e+06,8,QOSDATA_TID6,1066
1.63114e+06,20,ACK,14
1.63118e+06,8,CTL,20
1.63127e+06,16,RTS,20
1.63127e+06,9,RTS,20
1.63127e+06,18,RTS,20
1.63138e+06,14,RTS,20
1.63144e+06,20,CTS,14
1.6315e+06,14,QOSDATA_TID6,1066
1.63169e+06,20,ACK,14
1.63173e+06,14,CTL,20
1.63182e+06,19,RTS,20
1.63189e+06,20,CTS,14
1.63195e+06,19,QOSDATA_TID6,1066
1.63213e+06,20,ACK,14
1.63218e+06,19,CTL,20
1.63226e+06,3,RTS,20
1.63226e+06,9,RTS,20
1.63226e+06,18,RTS,20
1.63237e+06,2,RTS,20
1.63244e+06,20,CTS,14
1.6325e+06,2,QOSDATA_TID6,1066
1.63268e+06,20,ACK,14
1.63272e+06,2,CTL,20
1.63281e+06,16,RTS,20
1.63288e+06,20,CTS,14
1.63294e+06,16,QOSDATA_TID6,1066
1.63312e+06,20,ACK,14
1.63317e+06,16,QOSDATA_TID6,1066
1.63335e+06,20,ACK,14
1.63339e+06,16,QOSDATA_TID6,1066
1.63358e+06,20,ACK,14
1.63362e+06,16,CTL,20
1.63371e+06,11,RTS,20
1.63371e+06,4,RTS,20
1.63371e+06,0,RTS,20
1.63382e+06,13,RTS,20
1.63388e+06,20,CTS,14
1.63394e+06,13,QOSDATA_TID6,1066
1.63413e+06,20,ACK,14
1.63417e+06,13,CTL,20
1.63426e+06,7,RTS,20
1.63432e+06,20,CTS,14
1.63438e+06,7,QOSDATA_TID6,1066
1.63457e+06,20,ACK,14
1.63461e+06,7,CTL,20
1.63471e+06,6,RTS,20
1.63471e+06,10,RTS,20
1.63478e+06,20,CTS,14
1.63484e+06,6,QOSDATA_TID6,1066
1.63502e+06,20,ACK,14
1.63506e+06,6,QOSDATA_TID6,1066
1.63525e+06,20,ACK,14
1.63529e+06,6,QOSDATA_TID6,1066
1.63548e+06,20,ACK,14
1.63552e+06,6,CTL,20
1.63561e+06,1,RTS,20
1.63561e+06,11,RTS,20
1.63567e+06,20,CTS,14
1.63573e+06,1,QOSDATA_TID6,1066
1.63592e+06,20,ACK,14
1.63596e+06,1,CTL,20
1.63605e+06,12,RTS,20
1.63612e+06,20,CTS,14
1.63618e+06,12,QOSDATA_TID6,1066
1.63636e+06,20,ACK,14
1.6364e+06,12,CTL,20
1.63649e+06,5,RTS,20
1.63649e+06,0,RTS,20
1.63649e+06,10,RTS,20
1.63656e+06,20,CTS,14
1.63662e+06,5,QOSDATA_TID6,1066
1.6368e+06,20,ACK,14
1.63685e+06,5,CTL,20
1.63693e+06,2,RTS,20
1.637e+06,20,CTS,14
1.63706e+06,2,QOSDATA_TID6,1066
1.63724e+06,20,ACK,14
1.63729e+06,2,CTL,20
1.63737e+06,3,RTS,20
1.63737e+06,9,RTS,20
1.63737e+06,10,RTS,20
1.63737e+06,4,RTS,20
1.63747e+06,19,RTS,20
1.63747e+06,15,RTS,20
1.63759e+06,18,RTS,20
1.63766e+06,20,CTS,14
1.63772e+06,18,QOSDATA_TID6,1066
1.6379e+06,20,ACK,14
1.63795e+06,18,QOSDATA_TID6,1066
1.63813e+06,20,ACK,14
1.63818e+06,18,CTL,20
1.63826e+06,9,RTS,20
1.63826e+06,4,RTS,20
1.63837e+06,17,RTS,20
1.63844e+06,20,CTS,14
1.6385e+06,17,QOSDATA_TID6,1066
1.63868e+06,20,ACK,14
1.63873e+06,17,CTL,20
1.63881e+06,19,RTS,20
1.63881e+06,9,RTS,20
1.63888e+06,20,CTS,14
1.63894e+06,19,QOSDATA_TID6,1066
1.63912e+06,20,ACK,14
1.63917e+06,19,CTL,20
1.63926e+06,8,RTS,20
1.63926e+06,11,RTS,20
1.63933e+06,20,CTS,14
1.63939e+06,8,QOSDATA_TID6,1066
1.63958e+06,20,ACK,14
1.63962e+06,8,CTL,20
1.6397e+06,15,RTS,20
1.6397e+06,14,RTS,20
1.6398e+06,11,RTS,20
1.63987e+06,20,CTS,14
1.63993e+06,11,QOSDATA_TID6,1066
1.64012e+06,20,ACK,14
1.64016e+06,11,QOSDATA_TID6,1066
1.64034e+06,20,ACK,14
1.64039e+06,11,CTL,20
1.64047e+06,16,RTS,20
1.64047e+06,4,RTS,20
1.64047e+06,9,RTS,20
1.64058e+06,15,RTS,20
1.64065e+06,20,CTS,14
1.64071e+06,15,QOSDATA_TID6,1066
1.64089e+06,20,ACK,14
1.64094e+06,15,CTL,20
1.64103e+06,18,RTS,20
1.64103e+06,3,RTS,20
1.64116e+06,16,RTS,20
1.64123e+06,20,CTS,14
1.64129e+06,16,QOSDATA_TID6,1066
1.64148e+06,20,ACK,14
1.64152e+06,16,CTL,20
1.64161e+06,18,RTS,20
1.64168e+06,20,CTS,14
1.64174e+06,18,QOSDATA_TID6,1066
1.64192e+06,20,ACK,14
1.64196e+06,18,CTL,20
1.64206e+06,0,CTS,14
1.64206e+06,14,RTS,20
1.64206e+06,7,RTS,20
1.64206e+06,4,RTS,20
1.64219e+06,0,RTS,20
1.64226e+06,20,CTS,14
1.64232e+06,0,QOSDATA_TID6,1066
1.6425e+06,20,ACK,14
1.64254e+06,0,QOSDATA_TID6,1066
1.64273e+06,20,ACK,14
1.64277e+06,0,CTL,20
1.64286e+06,7,RTS,20
1.64286e+06,13,RTS,20
1.64286e+06,11,RTS,20
1.64286e+06,4,RTS,20
1.64296e+06,19,RTS,20
1.64302e+06,20,CTS,14
1.64308e+06,19,QOSDATA_TID6,1066
1.64327e+06,20,ACK,14
1.64331e+06,19,CTL,20
1.6434e+06,17,RTS,20
1.6434e+06,3,RTS,20
1.6434e+06,9,RTS,20
1.6434e+06,10,RTS,20
1.64347e+06,20,CTS,14
1.64353e+06,17,QOSDATA_TID6,1066
1.64371e+06,20,ACK,14
1.64376e+06,17,CTL,20
1.64384e+06,10,RTS,20
1.64391e+06,20,CTS,14
1.64397e+06,10,QOSDATA_TID6,1066
1.64415e+06,20,ACK,14
1.6442e+06,10,QOSDATA_TID6,1066
1.64438e+06,20,ACK,14
1.64442e+06,10,CTL,20
1.64451e+06,6,RTS,20
1.64451e+06,5,RTS,20
1.64451e+06,1,RTS,20
1.64451e+06,4,RTS,20
1.64458e+06,20,CTS,14
1.64464e+06,5,QOSDATA_TID6,1066
1.64482e+06,20,ACK,14
1.64487e+06,5,CTL,20
1.64495e+06,2,RTS,20
1.64502e+06,20,CTS,14
1.64508e+06,2,QOSDATA_TID6,1066
1.64526e+06,20,ACK,14
1.64531e+06,2,CTL,20
1.6454e+06,9,RTS,20
1.6454e+06,10,RTS,20
1.6454e+06,12,RTS,20
1.6454e+06,14,RTS,20
1.64546e+06,20,CTS,14
1.64552e+06,12,QOSDATA_TID6,1066
1.64571e+06,20,ACK,14
1.64575e+06,12,CTL,20
1.64585e+06,15,RTS,20
1.64591e+06,20,CTS,14
1.64597e+06,15,QOSDATA_TID6,1066
1.64616e+06,20,ACK,14
1.6462e+06,15,CTL,20
1.64629e+06,13,RTS,20
1.64629e+06,7,RTS,20
1.64629e+06,18,RTS,20
1.64629e+06,11,RTS,20
1.6464e+06,3,RTS,20
1.64646e+06,20,CTS,14
1.64652e+06,3,QOSDATA_TID6,1066
1.64671e+06,20,ACK,14
1.64675e+06,3,QOSDATA_TID6,1066
1.64694e+06,20,ACK,14
1.64698e+06,3,QOSDATA_TID6,1066
1.64716e+06,20,ACK,14
1.64721e+06,3,CTL,20
1.6473e+06,10,RTS,20
1.6473e+06,11,RTS,20
1.6473e+06,13,RTS,20
1.64741e+06,6,RTS,20
1.64748e+06,20,CTS,14
1.64754e+06,6,QOSDATA_TID6,1066
1.64772e+06,20,ACK,14
1.64777e+06,6,CTL,20
1.64785e+06,14,RTS,20
1.64785e+06,10,RTS,20
1.64795e+06,11,RTS,20
1.64802e+06,20,CTS,14
1.64808e+06,11,QOSDATA_TID6,1066
1.64826e+06,20,ACK,14
1.64831e+06,11,CTL,20
1.64841e+06,4,RTS,20
1.64841e+06,8,RTS,20
1.64841e+06,7,RTS,20
1.64851e+06,18,RTS,20
1.64858e+06,20,CTS,14
1.64864e+06,18,QOSDATA_TID6,1066
1.64882e+06,20,ACK,14
1.64886e+06,18,CTL,20
1.64895e+06,10,RTS,20
1.64895e+06,9,RTS,20
1.64906e+06,16,RTS,20
1.64906e+06,14,RTS,20
1.64919e+06,16,RTS,20
1.64926e+06,20,CTS,14
1.64932e+06,16,QOSDATA_TID6,1066
1.6495e+06,20,ACK,14
1.64954e+06,16,CTL,20
1.64963e+06,9,RTS,20
1.64963e+06,0,RTS,20
1.64963e+06,10,RTS,20
1.64973e+06,13,RTS,20
1.6498e+06,20,CTS,14
1.64986e+06,13,QOSDATA_TID6,1066
1.65004e+06,20,ACK,14
1.65008e+06,13,QOSDATA_TID6,1066
1.65027e+06,20,ACK,14
1.65031e+06,13,CTL,20
1.6504e+06,12,RTS,20
1.65047e+06,20,CTS,14
1.65053e+06,12,QOSDATA_TID6,1066
1.65071e+06,20,ACK,14
1.65075e+06,12,CTL,20
1.65084e+06,8,RTS,20
1.65084e+06,1,RTS,20
1.65084e+06,4,RTS,20
1.65084e+06,10,RTS,20
1.65095e+06,9,RTS,20
1.65095e+06,11,RTS,20
1.65106e+06,6,RTS,20
1.65113e+06,20,CTS,14
1.65119e+06,6,QOSDATA_TID6,1066
1.65138e+06,20,ACK,14
1.65142e+06,6,CTL,20
1.6515e+06,10,RTS,20
1.6515e+06,8,RTS,20
1.6515e+06,19,RTS,20
1.6516e+06,17,RTS,20
1.6516e+06,0,RTS,20
1.65167e+06,20,CTS,14
1.65173e+06,17,QOSDATA_TID6,1066
1.65192e+06,20,ACK,14
1.65196e+06,17,CTL,20
1.65205e+06,8,RTS,20
1.65205e+06,3,RTS,20
1.65205e+06,14,RTS,20
1.65212e+06,20,CTS,14
1.65218e+06,8,QOSDATA_TID6,1066
1.65237e+06,20,ACK,14
1.65241e+06,8,CTL,20
1.6525e+06,5,RTS,20
1.65256e+06,20,CTS,14
1.65262e+06,5,QOSDATA_TID6,1066
1.65281e+06,20,ACK,14
1.65285e+06,5,CTL,20
1.65294e+06,2,RTS,20
1.65294e+06,10,RTS,20
1.65301e+06,20,CTS,14
1.65307e+06,2,QOSDATA_TID6,1066
1.65325e+06,20,ACK,14
1.65329e+06,2,CTL,20
1.65338e+06,7,RTS,20
1.65338e+06,15,RTS,20
1.65348e+06,3,RTS,20
1.65355e+06,20,CTS,14
1.65361e+06,3,QOSDATA_TID6,1066
1.65379e+06,20,ACK,14
1.65384e+06,3,CTL,20
1.65393e+06,9,RTS,20
1.65393e+06,0,CTS,14
1.65393e+06,11,RTS,20
1.65393e+06,14,RTS,20
1.65405e+06,0,RTS,20
1.65412e+06,20,CTS,14
1.65418e+06,0,QOSDATA_TID6,1066
1.65436e+06,20,ACK,14
1.65441e+06,0,CTL,20
1.65448e+06,20,BEACON,152
1.65475e+06,10,RTS,20
1.65482e+06,20,CTS,14
1.65488e+06,10,QOSDATA_TID6,1066
1.65506e+06,20,ACK,14
1.6551e+06,10,CTL,20
1.6552e+06,8,RTS,20
1.6552e+06,14,RTS,20
1.65527e+06,20,CTS,14
1.65533e+06,8,QOSDATA_TID6,1066
1.65551e+06,20,ACK,14
1.65555e+06,8,CTL,20
1.65564e+06,18,RTS,20
1.65571e+06,20,CTS,14
1.65577e+06,18,QOSDATA_TID6,1066
1.65595e+06,20,ACK,14
1.656e+06,18,CTL,20
1.65609e+06,14,RTS,20
1.65609e+06,15,RTS,20
1.65609e+06,4,RTS,20
1.65621e+06,19,RTS,20
1.65628e+06,20,CTS,14
1.65634e+06,19,QOSDATA_TID6,1066
1.65652e+06,20,ACK,14
1.65656e+06,19,CTL,20
1.65666e+06,7,RTS,20
1.65666e+06,9,RTS,20
1.65666e+06,15,RTS,20
1.65682e+06,9,RTS,20
1.65688e+06,20,CTS,14
1.65694e+06,9,QOSDATA_TID6,1066
1.65713e+06,20,ACK,14
1.65717e+06,9,QOSDATA_TID6,1066
1.65736e+06,20,ACK,14
1.6574e+06,9,CTL,20
1.65749e+06,7,RTS,20
1.65755e+06,20,CTS,14
1.65761e+06,7,QOSDATA_TID6,1066
1.6578e+06,20,ACK,14
1.65784e+06,7,QOSDATA_TID6,1066
1.65803e+06,20,ACK,14
1.65807e+06,7,QOSDATA_TID6,1066
1.65825e+06,20,ACK,14
1.6583e+06,7,CTL,20
1.65838e+06,12,RTS,20
1.65838e+06,15,RTS,20
1.65838e+06,0,RTS,20
1.65845e+06,20,CTS,14
1.65851e+06,12,QOSDATA_TID6,1066
1.6587e+06,20,ACK,14
1.65874e+06,12,CTL,20
1.65883e+06,3,RTS,20
1.65889e+06,20,CTS,14
1.65895e+06,3,QOSDATA_TID6,1066
1.65914e+06,20,ACK,14
1.65918e+06,3,CTL,20
1.65927e+06,19,RTS,20
1.65927e+06,1,RTS,20
1.65927e+06,6,RTS,20
1.65927e+06,16,RTS,20
1.65937e+06,17,RTS,20
1.65937e+06,9,RTS,20
1.65943e+06,20,CTS,14
1.65949e+06,17,QOSDATA_TID6,1066
1.65968e+06,20,ACK,14
1.65972e+06,17,CTL,20
1.65982e+06,0,RTS,20
1.65982e+06,9,RTS,20
1.65988e+06,20,CTS,14
1.65994e+06,0,QOSDATA_TID6,1066
1.66013e+06,20,ACK,14
1.66017e+06,0,CTL,20
1.66027e+06,11,RTS,20
1.66027e+06,16,RTS,20
1.66037e+06,13,RTS,20
1.66037e+06,15,RTS,20
1.66037e+06,9,RTS,20
1.66037e+06,14,RTS,20
1.66047e+06,1,RTS,20
1.66047e+06,19,RTS,20
1.66057e+06,5,RTS,20
1.66057e+06,13,RTS,20
1.66057e+06,15,RTS,20
1.66057e+06,14,RTS,20
1.66064e+06,20,CTS,14
1.6607e+06,5,QOSDATA_TID6,1066
1.66088e+06,20,ACK,14
1.66093e+06,5,CTL,20
1.66101e+06,19,RTS,20
1.66101e+06,2,RTS,20
1.66115e+06,14,RTS,20
1.66115e+06,13,RTS,20
1.66127e+06,2,RTS,20
1.66127e+06,9,RTS,20
1.66134e+06,20,CTS,14
1.6614e+06,2,QOSDATA_TID6,1066
1.66158e+06,20,ACK,14
1.66163e+06,2,CTL,20
1.66171e+06,9,RTS,20
1.66171e+06,14,RTS,20
1.66181e+06,16,RTS,20
1.66181e+06,4,RTS,20
1.66191e+06,9,RTS,20
1.66198e+06,20,CTS,14
1.66204e+06,9,QOSDATA_TID6,1066
1.66222e+06,20,ACK,14
1.66227e+06,9,CTL,20
1.66235e+06,6,RTS,20
1.66242e+06,20,CTS,14
1.66248e+06,6,QOSDATA_TID6,1066
1.66266e+06,20,ACK,14
1.66271e+06,6,CTL,20
1.6628e+06,18,RTS,20
1.6628e+06,10,RTS,20
1.6628e+06,19,RTS,20
1.6628e+06,11,RTS,20
1.6628e+06,16,RTS,20
1.6628e+06,4,RTS,20
1.6629e+06,13,RTS,20
1.66297e+06,20,CTS,14
1.66303e+06,13,QOSDATA_TID6,1066
1.66321e+06,20,ACK,14
1.66326e+06,13,CTL,20
1.66334e+06,18,RTS,20
1.66341e+06,20,CTS,14
1.66347e+06,18,QOSDATA_TID6,1066
1.66366e+06,20,ACK,14
1.6637e+06,18,CTL,20
1.66379e+06,14,RTS,20
1.66379e+06,19,RTS,20
1.66379e+06,1,RTS,20
1.66379e+06,4,RTS,20
1.66389e+06,8,RTS,20
1.66389e+06,11,RTS,20
1.66396e+06,20,CTS,14
1.66402e+06,8,QOSDATA_TID6,1066
1.6642e+06,20,ACK,14
1.66425e+06,8,CTL,20
1.66434e+06,14,RTS,20
1.6644e+06,20,CTS,14
1.66446e+06,14,QOSDATA_TID6,1066
1.66465e+06,20,ACK,14
1.66469e+06,14,QOSDATA_TID6,1066
1.66488e+06,20,ACK,14
1.66492e+06,14,CTL,20
1.665e+06,15,RTS,20
1.66507e+06,20,CTS,14
1.66513e+06,15,QOSDATA_TID6,1066
1.66532e+06,20,ACK,14
1.66536e+06,15,QOSDATA_TID6,1066
1.66554e+06,20,ACK,14
1.66559e+06,15,CTL,20
1.66568e+06,7,RTS,20
1.66574e+06,20,CTS,14
1.6658e+06,7,QOSDATA_TID6,1066
1.66599e+06,20,ACK,14
1.66603e+06,7,CTL,20
1.66612e+06,0,RTS,20
1.66612e+06,10,RTS,20
1.66618e+06,20,CTS,14
1.66624e+06,0,QOSDATA_TID6,1066
1.66643e+06,20,ACK,14
1.66647e+06,0,CTL,20
1.66656e+06,11,RTS,20
1.66656e+06,16,RTS,20
1.66666e+06,13,RTS,20
1.66666e+06,3,RTS,20
1.66666e+06,9,RTS,20
1.66666e+06,10,RTS,20
1.66676e+06,19,RTS,20
1.66676e+06,12,RTS,20
1.66682e+06,20,CTS,14
1.66688e+06,12,QOSDATA_TID6,1066
1.66707e+06,20,ACK,14
1.66711e+06,12,CTL,20
1.6672e+06,13,RTS,20
1.6672e+06,10,RTS,20
1.6673e+06,1,RTS,20
1.66736e+06,20,CTS,14
1.66742e+06,1,QOSDATA_TID6,1066
1.66761e+06,20,ACK,14
1.66765e+06,1,QOSDATA_TID6,1066
1.66784e+06,20,ACK,14
1.66788e+06,1,QOSDATA_TID6,1066
1.66806e+06,20,ACK,14
1.66811e+06,1,QOSDATA_TID6,1066
1.66829e+06,20,ACK,14
1.66834e+06,1,CTL,20
1.66843e+06,11,RTS,20
1.66843e+06,6,RTS,20
1.66854e+06,5,RTS,20
1.6686e+06,20,CTS,14
1.66866e+06,5,QOSDATA_TID6,1066
1.66885e+06,20,ACK,14
1.66889e+06,5,CTL,20
1.66898e+06,2,RTS,20
1.66905e+06,20,CTS,14
1.66911e+06,2,QOSDATA_TID6,1066
1.66929e+06,20,ACK,14
1.66934e+06,2,CTL,20
1.66942e+06,9,RTS,20
1.66942e+06,13,RTS,20
1.66953e+06,17,RTS,20
1.6696e+06,20,CTS,14
1.66966e+06,17,QOSDATA_TID6,1066
1.66984e+06,20,ACK,14
1.66988e+06,17,CTL,20
1.66997e+06,9,RTS,20
1.66997e+06,6,RTS,20
1.67004e+06,20,CTS,14
1.6701e+06,6,QOSDATA_TID6,1066
1.67028e+06,20,ACK,14
1.67033e+06,6,CTL,20
1.67041e+06,18,RTS,20
1.67041e+06,4,RTS,20
1.67048e+06,20,CTS,14
1.67054e+06,18,QOSDATA_TID6,1066
1.67072e+06,20,ACK,14
1.67077e+06,18,CTL,20
1.67086e+06,8,RTS,20
1.67092e+06,20,CTS,14
1.67098e+06,8,QOSDATA_TID6,1066
1.67117e+06,20,ACK,14
1.67121e+06,8,CTL,20
1.6713e+06,4,RTS,20
1.6713e+06,3,RTS,20
1.6713e+06,15,RTS,20
1.67141e+06,19,RTS,20
1.67148e+06,20,CTS,14
1.67154e+06,19,QOSDATA_TID6,1066
1.67172e+06,20,ACK,14
1.67177e+06,19,QOSDATA_TID6,1066
1.67195e+06,20,ACK,14
1.672e+06,19,CTL,20
1.67209e+06,11,RTS,20
1.67209e+06,16,RTS,20
1.67209e+06,14,RTS,20
1.67219e+06,9,RTS,20
1.67226e+06,20,CTS,14
1.67232e+06,9,QOSDATA_TID6,1066
1.6725e+06,20,ACK,14
1.67255e+06,9,CTL,20
1.67265e+06,10,RTS,20
1.67265e+06,11,RTS,20
1.67265e+06,16,RTS,20
1.67275e+06,4,RTS,20
1.67282e+06,20,CTS,14
1.67288e+06,4,QOSDATA_TID6,1066
1.67306e+06,20,ACK,14
1.6731e+06,4,QOSDATA_TID6,1066
1.67329e+06,20,ACK,14
1.67333e+06,4,QOSDATA_TID6,1066
1.67352e+06,20,ACK,14
1.67356e+06,4,QOSDATA_TID6,1066
1.67374e+06,20,ACK,14
1.67379e+06,4,QOSDATA_TID6,1066
1.67397e+06,20,ACK,14
1.67402e+06,4,QOSDATA_TID6,1066
1.6742e+06,20,ACK,14
1.67424e+06,4,CTL,20
1.67433e+06,0,RTS,20
1.6744e+06,20,CTS,14
1.67446e+06,0,QOSDATA_TID6,1066
1.67464e+06,20,ACK,14
1.67469e+06,0,CTL,20
1.67478e+06,12,RTS,20
1.67478e+06,7,RTS,20
1.67478e+06,9,RTS,20
1.67478e+06,13,RTS,20
1.67488e+06,11,RTS,20
1.67488e+06,16,RTS,20
1.67498e+06,19,RTS,20
1.67504e+06,20,CTS,14
1.6751e+06,19,QOSDATA_TID6,1066
1.67529e+06,20,ACK,14
1.67533e+06,19,CTL,20
1.67542e+06,1,RTS,20
1.67542e+06,14,RTS,20
1.67549e+06,20,CTS,14
1.67555e+06,1,QOSDATA_TID6,1066
1.67573e+06,20,ACK,14
1.67578e+06,1,CTL,20
1.67587e+06,12,RTS,20
1.67587e+06,16,RTS,20
1.67587e+06,15,RTS,20
1.67587e+06,6,RTS,20
1.67587e+06,10,RTS,20
1.67587e+06,14,RTS,20
1.67599e+06,3,RTS,20
1.67599e+06,13,RTS,20
1.67608e+06,16,RTS,20
1.67615e+06,20,CTS,14
1.67621e+06,16,QOSDATA_TID6,1066
1.6764e+06,20,ACK,14
1.67644e+06,16,QOSDATA_TID6,1066
1.67662e+06,20,ACK,14
1.67667e+06,16,CTL,20
1.67676e+06,13,RTS,20
1.67682e+06,20,CTS,14
1.67688e+06,13,QOSDATA_TID6,1066
1.67707e+06,20,ACK,14
1.67711e+06,13,QOSDATA_TID6,1066
1.6773e+06,20,ACK,14
1.67734e+06,13,CTL,20
1.67742e+06,12,RTS,20
1.67742e+06,10,RTS,20
1.67749e+06,20,CTS,14
1.67755e+06,12,QOSDATA_TID6,1066
1.67774e+06,20,ACK,14
1.67778e+06,12,CTL,20
1.67788e+06,17,RTS,20
1.67788e+06,4,RTS,20
1.67788e+06,14,RTS,20
1.67794e+06,20,CTS,14
1.678e+06,17,QOSDATA_TID6,1066
1.67819e+06,20,ACK,14
1.67823e+06,17,CTL,20
1.67832e+06,18,RTS,20
1.67832e+06,10,RTS,20
1.67842e+06,7,RTS,20
1.67842e+06,4,RTS,20
1.67848e+06,20,CTS,14
1.67854e+06,7,QOSDATA_TID6,1066
1.67873e+06,20,ACK,14
1.67877e+06,7,CTL,20
1.67886e+06,2,RTS,20
1.67893e+06,20,CTS,14
1.67899e+06,2,QOSDATA_TID6,1066
1.67917e+06,20,ACK,14
1.67921e+06,2,CTL,20
1.6793e+06,18,RTS,20
1.6793e+06,5,RTS,20
1.6793e+06,15,RTS,20
1.67937e+06,20,CTS,14
1.67943e+06,5,QOSDATA_TID6,1066
1.67961e+06,20,ACK,14
1.67966e+06,5,CTL,20
1.67974e+06,3,RTS,20
1.67974e+06,4,RTS,20
1.67985e+06,8,RTS,20
1.67985e+06,15,RTS,20
1.67985e+06,14,RTS,20
1.67992e+06,20,CTS,14
1.67998e+06,8,QOSDATA_TID6,1066
1.68016e+06,20,ACK,14
1.6802e+06,8,CTL,20
1.68029e+06,4,RTS,20
1.68036e+06,20,CTS,14
1.68042e+06,4,QOSDATA_TID6,1066
1.6806e+06,20,ACK,14
1.68065e+06,4,CTL,20
1.68073e+06,11,RTS,20
1.68073e+06,15,RTS,20
1.68073e+06,3,RTS,20
1.68086e+06,18,RTS,20
1.68093e+06,20,CTS,14
1.68099e+06,18,QOSDATA_TID6,1066
1.68117e+06,20,ACK,14
1.68121e+06,18,CTL,20
1.6813e+06,11,RTS,20
1.68137e+06,20,CTS,14
1.68143e+06,11,QOSDATA_TID6,1066
1.68161e+06,20,ACK,14
1.68166e+06,11,QOSDATA_TID6,1066
1.68184e+06,20,ACK,14
1.68188e+06,11,QOSDATA_TID6,1066
1.68207e+06,20,ACK,14
1.68211e+06,11,CTL,20
1.6822e+06,13,RTS,20
1.6822e+06,9,RTS,20
1.6822e+06,0,RTS,20
1.6822e+06,6,RTS,20
1.6822e+06,10,RTS,20
1.6823e+06,16,RTS,20
1.68236e+06,20,CTS,14
1.68242e+06,16,QOSDATA_TID6,1066
1.68261e+06,20,ACK,14
1.68265e+06,16,CTL,20
1.68275e+06,12,RTS,20
1.68282e+06,20,CTS,14
1.68288e+06,12,QOSDATA_TID6,1066
1.68306e+06,20,ACK,14
1.6831e+06,12,CTL,20
1.68319e+06,7,RTS,20
1.68319e+06,1,RTS,20
1.68319e+06,6,RTS,20
1.6833e+06,10,RTS,20
1.6833e+06,3,RTS,20
1.68339e+06,17,RTS,20
1.68339e+06,7,RTS,20
1.68339e+06,15,RTS,20
1.68349e+06,11,RTS,20
1.68356e+06,20,CTS,14
1.68362e+06,11,QOSDATA_TID6,1066
1.6838e+06,20,ACK,14
1.68385e+06,11,CTL,20
1.68393e+06,1,RTS,20
1.68393e+06,17,RTS,20
1.68393e+06,7,RTS,20
1.68393e+06,13,RTS,20
1.68404e+06,14,RTS,20
1.68404e+06,6,RTS,20
1.68404e+06,19,RTS,20
1.68414e+06,7,RTS,20
1.68421e+06,20,CTS,14
1.68427e+06,7,QOSDATA_TID6,1066
1.68445e+06,20,ACK,14
1.6845e+06,7,CTL,20
1.68459e+06,5,RTS,20
1.68459e+06,19,RTS,20
1.68459e+06,6,RTS,20
1.68466e+06,20,CTS,14
1.68472e+06,5,QOSDATA_TID6,1066
1.6849e+06,20,ACK,14
1.68495e+06,5,CTL,20
1.68503e+06,2,RTS,20
1.6851e+06,20,CTS,14
1.68516e+06,2,QOSDATA_TID6,1066
1.68534e+06,20,ACK,14
1.68539e+06,2,CTL,20
1.68548e+06,13,RTS,20
1.68554e+06,20,CTS,14
1.6856e+06,13,QOSDATA_TID6,1066
1.68579e+06,20,ACK,14
1.68583e+06,13,CTL,20
1.68592e+06,10,RTS,20
1.68592e+06,9,RTS,20
1.68602e+06,17,RTS,20
1.68602e+06,15,RTS,20
1.68602e+06,4,RTS,20
1.68608e+06,20,CTS,14
1.68614e+06,17,QOSDATA_TID6,1066
1.68633e+06,20,ACK,14
1.68637e+06,17,CTL,20
1.68646e+06,15,RTS,20
1.68652e+06,20,CTS,14
1.68658e+06,15,QOSDATA_TID6,1066
1.68677e+06,20,ACK,14
1.68681e+06,15,QOSDATA_TID6,1066
1.687e+06,20,ACK,14
1.68704e+06,15,CTL,20
1.68713e+06,14,RTS,20
1.68713e+06,0,RTS,20
1.68713e+06,10,RTS,20
1.68713e+06,9,RTS,20
1.68723e+06,18,RTS,20
1.68723e+06,1,RTS,20
1.6873e+06,20,CTS,14
1.68736e+06,1,QOSDATA_TID6,1066
1.68755e+06,20,ACK,14
1.68759e+06,1,CTL,20
1.68768e+06,3,RTS,20
1.68768e+06,0,CTS,14
1.68777e+06,0,RTS,20
1.68784e+06,20,CTS,14
1.6879e+06,0,QOSDATA_TID6,1066
1.68808e+06,20,ACK,14
1.68813e+06,0,CTL,20
1.68821e+06,8,RTS,20
1.68828e+06,20,CTS,14
1.68834e+06,8,QOSDATA_TID6,1066
1.68852e+06,20,ACK,14
1.68857e+06,8,CTL,20
1.68866e+06,19,RTS,20
1.68866e+06,16,RTS,20
1.68872e+06,20,CTS,14
1.68878e+06,19,QOSDATA_TID6,1066
1.68897e+06,20,ACK,14
1.68901e+06,19,CTL,20
1.6891e+06,6,RTS,20
1.68916e+06,20,CTS,14
1.68922e+06,6,QOSDATA_TID6,1066
1.68941e+06,20,ACK,14
1.68945e+06,6,QOSDATA_TID6,1066
1.68964e+06,20,ACK,14
1.68968e+06,6,CTL,20
1.68977e+06,0,RTS,20
1.68977e+06,10,RTS,20
1.68977e+06,9,RTS,20
1.68977e+06,4,RTS,20
1.68987e+06,7,RTS,20
1.68994e+06,20,CTS,14
1.69e+06,7,QOSDATA_TID6,1066
1.69019e+06,20,ACK,14
1.69023e+06,7,CTL,20
1.69032e+06,13,RTS,20
1.69038e+06,20,CTS,14
1.69044e+06,13,QOSDATA_TID6,1066
1.69063e+06,20,ACK,14
1.69067e+06,13,CTL,20
1.69076e+06,0,RTS,20
1.69083e+06,20,CTS,14
1.69089e+06,0,QOSDATA_TID6,1066
1.69107e+06,20,ACK,14
1.69111e+06,0,CTL,20
1.6912e+06,14,RTS,20
1.6912e+06,3,RTS,20
1.6912e+06,1,RTS,20
1.6912e+06,11,RTS,20
1.6913e+06,12,RTS,20
1.69137e+06,20,CTS,14
1.69143e+06,12,QOSDATA_TID6,1066
1.69161e+06,20,ACK,14
1.69165e+06,12,CTL,20
1.69174e+06,14,RTS,20
1.69174e+06,18,RTS,20
1.69184e+06,6,RTS,20
1.69184e+06,17,RTS,20
1.69191e+06,20,CTS,14
1.69197e+06,17,QOSDATA_TID6,1066
1.69215e+06,20,ACK,14
1.69219e+06,17,CTL,20
1.69229e+06,1,RTS,20
1.69229e+06,5,RTS,20
1.69229e+06,16,RTS,20
1.69229e+06,4,RTS,20
1.69229e+06,9,RTS,20
1.69236e+06,20,CTS,14
1.69242e+06,5,QOSDATA_TID6,1066
1.6926e+06,20,ACK,14
1.69264e+06,5,CTL,20
1.69273e+06,2,RTS,20
1.6928e+06,20,CTS,14
1.69286e+06,2,QOSDATA_TID6,1066
1.69304e+06,20,ACK,14
1.69309e+06,2,CTL,20
1.69317e+06,6,RTS,20
1.69317e+06,14,RTS,20
1.69327e+06,19,RTS,20
1.69327e+06,11,RTS,20
1.69327e+06,16,RTS,20
1.69327e+06,4,RTS,20
1.69338e+06,10,RTS,20
1.69338e+06,9,RTS,20
1.69348e+06,15,RTS,20
1.69355e+06,20,CTS,14
1.69361e+06,15,QOSDATA_TID6,1066
1.69379e+06,20,ACK,14
1.69384e+06,15,CTL,20
1.69392e+06,9,RTS,20
1.69399e+06,20,CTS,14
1.69405e+06,9,QOSDATA_TID6,1066
1.69424e+06,20,ACK,14
1.69428e+06,9,QOSDATA_TID6,1066
1.69446e+06,20,ACK,14
1.69451e+06,9,CTL,20
1.69459e+06,1,RTS,20
1.69466e+06,20,CTS,14
1.69472e+06,1,QOSDATA_TID6,1066
1.6949e+06,20,ACK,14
1.69495e+06,1,CTL,20
1.69504e+06,8,RTS,20
1.69504e+06,11,RTS,20
1.69504e+06,3,RTS,20
1.69504e+06,18,RTS,20
1.69504e+06,6,RTS,20
1.69518e+06,8,RTS,20
1.69518e+06,11,RTS,20
1.69518e+06,6,RTS,20
1.69528e+06,10,RTS,20
1.69535e+06,20,CTS,14
1.69541e+06,10,QOSDATA_TID6,1066
1.69559e+06,20,ACK,14
1.69564e+06,10,QOSDATA_TID6,1066
1.69582e+06,20,ACK,14
1.69587e+06,10,QOSDATA_TID6,1066
1.69605e+06,20,ACK,14
1.69609e+06,10,CTL,20
1.69618e+06,11,RTS,20
1.69625e+06,20,CTS,14
1.69631e+06,11,QOSDATA_TID6,1066
1.69649e+06,20,ACK,14
1.69654e+06,11,CTL,20
1.69662e+06,4,RTS,20
1.69662e+06,3,RTS,20
1.69673e+06,14,RTS,20
1.6968e+06,20,CTS,14
1.69686e+06,14,QOSDATA_TID6,1066
1.69704e+06,20,ACK,14
1.69708e+06,14,QOSDATA_TID6,1066
1.69727e+06,20,ACK,14
1.69731e+06,14,QOSDATA_TID6,1066
1.6975e+06,20,ACK,14
1.69754e+06,14,CTL,20
1.69763e+06,13,RTS,20
1.69763e+06,19,RTS,20
1.69774e+06,6,RTS,20
1.69781e+06,20,CTS,14
1.69787e+06,6,QOSDATA_TID6,1066
1.69806e+06,20,ACK,14
1.6981e+06,6,CTL,20
1.69818e+06,0,RTS,20
1.69825e+06,20,CTS,14
1.69831e+06,0,QOSDATA_TID6,1066
1.6985e+06,20,ACK,14
1.69854e+06,0,CTL,20
1.69863e+06,18,RTS,20
1.6987e+06,20,CTS,14
1.69876e+06,18,QOSDATA_TID6,1066
1.69894e+06,20,ACK,14
1.69898e+06,18,QOSDATA_TID6,1066
1.69917e+06,20,ACK,14
1.69921e+06,18,CTL,20
1.6993e+06,3,RTS,20
1.6993e+06,1,RTS,20
1.6993e+06,7,RTS,20
1.6994e+06,16,RTS,20
1.69946e+06,20,CTS,14
1.69952e+06,16,QOSDATA_TID6,1066
1.69971e+06,20,ACK,14
1.69975e+06,16,QOSDATA_TID6,1066
1.69994e+06,20,ACK,14
1.69998e+06,16,CTL,20
1.70008e+06,4,RTS,20
1.70008e+06,8,RTS,20
1.70008e+06,12,RTS,20
1.70008e+06,17,RTS,20
1.70008e+06,19,RTS,20
1.70008e+06,9,RTS,20
1.70017e+06,6,RTS,20
1.70017e+06,13,RTS,20
1.70027e+06,17,RTS,20
1.70034e+06,20,CTS,14
1.7004e+06,17,QOSDATA_TID6,1066
1.70058e+06,20,ACK,14
1.70063e+06,17,CTL,20
1.70071e+06,8,RTS,20
1.70071e+06,5,RTS,20
1.70071e+06,9,RTS,20
1.70078e+06,20,CTS,14
1.70084e+06,5,QOSDATA_TID6,1066
1.70102e+06,20,ACK,14
1.70107e+06,5,CTL,20
1.70116e+06,11,RTS,20
1.70116e+06,9,RTS,20
1.70126e+06,15,RTS,20
1.70133e+06,20,CTS,14
1.70139e+06,15,QOSDATA_TID6,1066
1.70157e+06,20,ACK,14
1.70162e+06,15,CTL,20
1.70171e+06,2,RTS,20
1.70171e+06,19,RTS,20
1.70182e+06,13,RTS,20
1.70189e+06,20,CTS,14
1.70195e+06,13,QOSDATA_TID6,1066
1.70213e+06,20,ACK,14
1.70218e+06,13,CTL,20
1.70228e+06,6,RTS,20
1.70228e+06,10,RTS,20
1.70235e+06,20,CTS,14
1.70241e+06,6,QOSDATA_TID6,1066
1.70259e+06,20,ACK,14
1.70264e+06,6,CTL,20
1.70272e+06,12,RTS,20
1.70279e+06,20,CTS,14
1.70285e+06,12,QOSDATA_TID6,1066
1.70303e+06,20,ACK,14
1.70308e+06,12,CTL,20
1.70316e+06,1,RTS,20
1.70316e+06,10,RTS,20
1.70323e+06,20,CTS,14
1.70329e+06,1,QOSDATA_TID6,1066
1.70348e+06,20,ACK,14
1.70352e+06,1,CTL,20
1.70362e+06,4,RTS,20
1.70368e+06,20,CTS,14
1.70374e+06,4,QOSDATA_TID6,1066
1.70393e+06,20,ACK,14
1.70397e+06,4,QOSDATA_TID6,1066
1.70416e+06,20,ACK,14
1.7042e+06,4,QOSDATA_TID6,1066
1.70438e+06,20,ACK,14
1.70443e+06,4,CTL,20
1.70451e+06,7,RTS,20
1.70451e+06,2,RTS,20
1.70451e+06,9,RTS,20
1.70451e+06,18,RTS,20
1.70461e+06,8,RTS,20
1.70468e+06,20,CTS,14
1.70474e+06,8,QOSDATA_TID6,1066
1.70492e+06,20,ACK,14
1.70497e+06,8,QOSDATA_TID6,1066
1.70515e+06,20,ACK,14
1.7052e+06,8,CTL,20
1.70528e+06,0,RTS,20
1.70528e+06,14,RTS,20
1.70535e+06,20,CTS,14
1.70541e+06,0,QOSDATA_TID6,1066
1.70559e+06,20,ACK,14
1.70564e+06,0,CTL,20
1.70572e+06,7,RTS,20
1.70572e+06,19,RTS,20
1.70572e+06,11,RTS,20
1.70585e+06,18,RTS,20
1.70585e+06,10,RTS,20
1.70595e+06,14,RTS,20
1.70595e+06,11,RTS,20
1.70604e+06,13,RTS,20
1.70604e+06,9,RTS,20
1.70616e+06,16,RTS,20
1.70622e+06,20,CTS,14
1.70628e+06,16,QOSDATA_TID6,1066
1.70647e+06,20,ACK,14
1.70651e+06,16,CTL,20
1.7066e+06,11,RTS,20
1.7066e+06,9,RTS,20
1.7067e+06,14,RTS,20
1.70676e+06,20,CTS,14
1.70682e+06,14,QOSDATA_TID6,1066
1.70701e+06,20,ACK,14
1.70705e+06,14,CTL,20
1.70715e+06,6,RTS,20
1.70715e+06,12,RTS,20
1.70715e+06,2,RTS,20
1.70715e+06,3,RTS,20
1.70721e+06,20,CTS,14
1.70727e+06,12,QOSDATA_TID6,1066
1.70746e+06,20,ACK,14
1.7075e+06,12,CTL,20
1.70759e+06,1,RTS,20
1.70766e+06,20,CTS,14
1.70772e+06,1,QOSDATA_TID6,1066
1.7079e+06,20,ACK,14
1.70794e+06,1,CTL,20
1.70804e+06,17,RTS,20
1.70804e+06,7,RTS,20
1.70804e+06,18,RTS,20
1.70814e+06,11,RTS,20
1.70821e+06,20,CTS,14
1.70827e+06,11,QOSDATA_TID6,1066
1.70845e+06,20,ACK,14
1.70849e+06,11,QOSDATA_TID6,1066
1.70868e+06,20,ACK,14
1.70872e+06,11,CTL,20
1.70881e+06,5,RTS,20
1.70881e+06,15,RTS,20
1.70888e+06,20,CTS,14
1.70894e+06,5,QOSDATA_TID6,1066
1.70912e+06,20,ACK,14
1.70916e+06,5,CTL,20
1.70926e+06,7,RTS,20
1.70926e+06,18,RTS,20
1.70933e+06,20,CTS,14
1.70939e+06,7,QOSDATA_TID6,1066
1.70957e+06,20,ACK,14
1.70962e+06,7,QOSDATA_TID6,1066
1.7098e+06,20,ACK,14
1.70984e+06,7,CTL,20
1.70995e+06,4,RTS,20
1.70995e+06,19,RTS,20
1.71002e+06,20,CTS,14
1.71008e+06,19,QOSDATA_TID6,1066
1.71026e+06,20,ACK,14
1.7103e+06,19,QOSDATA_TID6,1066
1.71049e+06,20,ACK,14
1.71053e+06,19,QOSDATA_TID6,1066
1.71072e+06,20,ACK,14
1.71076e+06,19,CTL,20
1.71084e+06,13,RTS,20
1.71091e+06,20,CTS,14
1.71097e+06,13,QOSDATA_TID6,1066
1.71116e+06,20,ACK,14
1.7112e+06,13,CTL,20
1.71129e+06,14,RTS,20
1.71129e+06,8,RTS,20
1.71136e+06,20,CTS,14
1.71142e+06,8,QOSDATA_TID6,1066
1.7116e+06,20,ACK,14
1.71164e+06,8,CTL,20
1.71174e+06,14,RTS,20
1.71181e+06,20,CTS,14
1.71187e+06,14,QOSDATA_TID6,1066
1.71205e+06,20,ACK,14
1.71209e+06,14,CTL,20
1.71218e+06,15,RTS,20
1.71218e+06,6,RTS,20
1.71218e+06,10,RTS,20
1.71229e+06,17,RTS,20
1.71229e+06,4,RTS,20
1.71236e+06,20,CTS,14
1.71242e+06,17,QOSDATA_TID6,1066
1.7126e+06,20,ACK,14
1.71264e+06,17,CTL,20
1.71274e+06,9,RTS,20
1.71274e+06,15,RTS,20
1.71274e+06,6,RTS,20
1.71284e+06,10,RTS,20
1.71284e+06,4,RTS,20
1.71294e+06,15,RTS,20
1.71301e+06,20,CTS,14
1.71307e+06,15,QOSDATA_TID6,1066
1.71326e+06,20,ACK,14
1.7133e+06,15,CTL,20
1.7134e+06,0,RTS,20
1.7134e+06,18,RTS,20
1.7134e+06,3,RTS,20
1.7135e+06,7,RTS,20
1.71357e+06,20,CTS,14
1.71363e+06,7,QOSDATA_TID6,1066
1.71381e+06,20,ACK,14
1.71386e+06,7,CTL,20
1.71395e+06,3,RTS,20
1.71402e+06,20,CTS,14
1.71408e+06,3,QOSDATA_TID6,1066
1.71426e+06,20,ACK,14
1.71431e+06,3,QOSDATA_TID6,1066
1.71449e+06,20,ACK,14
1.71454e+06,3,QOSDATA_TID6,1066
1.71472e+06,20,ACK,14
1.71476e+06,3,QOSDATA_TID6,1066
1.71495e+06,20,ACK,14
1.71499e+06,3,QOSDATA_TID6,1066
1.71518e+06,20,ACK,14
1.71522e+06,3,QOSDATA_TID6,1066
1.7154e+06,20,ACK,14
1.71545e+06,3,CTL,20
1.71554e+06,2,RTS,20
1.71554e+06,0,RTS,20
1.71554e+06,12,RTS,20
1.71554e+06,16,RTS,20
1.71554e+06,4,RTS,20
1.71563e+06,13,RTS,20
1.7157e+06,20,CTS,14
1.71576e+06,13,QOSDATA_TID6,1066
1.71594e+06,20,ACK,14
1.71599e+06,13,CTL,20
1.71608e+06,4,RTS,20
1.71614e+06,20,CTS,14
1.7162e+06,4,QOSDATA_TID6,1066
1.71639e+06,20,ACK,14
1.71643e+06,4,CTL,20
1.71652e+06,16,RTS,20
1.71652e+06,1,RTS,20
1.71652e+06,19,RTS,20
1.71652e+06,5,RTS,20
1.71652e+06,6,RTS,20
1.71658e+06,20,CTS,14
1.71664e+06,5,QOSDATA_TID6,1066
1.71683e+06,20,ACK,14
1.71687e+06,5,CTL,20
1.71696e+06,16,RTS,20
1.71703e+06,20,CTS,14
1.71709e+06,16,QOSDATA_TID6,1066
1.71727e+06,20,ACK,14
1.71732e+06,16,CTL,20
1.7174e+06,11,RTS,20
1.7174e+06,2,RTS,20
1.71752e+06,19,RTS,20
1.71752e+06,15,RTS,20
1.71762e+06,18,RTS,20
1.71762e+06,10,RTS,20
1.71772e+06,2,RTS,20
1.71779e+06,20,CTS,14
1.71785e+06,2,QOSDATA_TID6,1066
1.71803e+06,20,ACK,14
1.71808e+06,2,QOSDATA_TID6,1066
1.71826e+06,20,ACK,14
1.71831e+06,2,QOSDATA_TID6,1066
1.71849e+06,20,ACK,14
1.71853e+06,2,CTL,20
1.71862e+06,18,RTS,20
1.71862e+06,17,RTS,20
1.71862e+06,15,RTS,20
1.71862e+06,4,RTS,20
1.71872e+06,6,RTS,20
1.71879e+06,20,CTS,14
1.71885e+06,6,QOSDATA_TID6,1066
1.71903e+06,20,ACK,14
1.71907e+06,6,QOSDATA_TID6,1066
1.71926e+06,20,ACK,14
1.7193e+06,6,CTL,20
1.71939e+06,18,RTS,20
1.71939e+06,17,RTS,20
1.71939e+06,9,RTS,20
1.71946e+06,20,CTS,14
1.71952e+06,17,QOSDATA_TID6,1066
1.7197e+06,20,ACK,14
1.71974e+06,17,CTL,20
1.71984e+06,8,RTS,20
1.71984e+06,1,RTS,20
1.71984e+06,11,RTS,20
1.71984e+06,9,RTS,20
1.71994e+06,0,CTS,14
1.71994e+06,12,RTS,20
1.71994e+06,14,RTS,20
1.72008e+06,0,RTS,20
1.72014e+06,20,CTS,14
1.7202e+06,0,QOSDATA_TID6,1066
1.72039e+06,20,ACK,14
1.72043e+06,0,CTL,20
1.72054e+06,9,RTS,20
1.7206e+06,20,CTS,14
1.72066e+06,9,QOSDATA_TID6,1066
1.72085e+06,20,ACK,14
1.72089e+06,9,QOSDATA_TID6,1066
1.72108e+06,20,ACK,14
1.72112e+06,9,CTL,20
1.72121e+06,18,RTS,20
1.72121e+06,8,RTS,20
1.72121e+06,16,RTS,20
1.72121e+06,15,RTS,20
1.72134e+06,16,RTS,20
1.72134e+06,15,RTS,20
1.72146e+06,7,RTS,20
1.72153e+06,20,CTS,14
1.72159e+06,7,QOSDATA_TID6,1066
1.72178e+06,20,ACK,14
1.72182e+06,7,CTL,20
1.7219e+06,10,RTS,20
1.72197e+06,20,CTS,14
1.72203e+06,10,QOSDATA_TID6,1066
1.72222e+06,20,ACK,14
1.72226e+06,10,QOSDATA_TID6,1066
1.72244e+06,20,ACK,14
1.72249e+06,10,QOSDATA_TID6,1066
1.72267e+06,20,ACK,14
1.72272e+06,10,CTL,20
1.7228e+06,18,RTS,20
1.7228e+06,19,RTS,20
1.7228e+06,12,RTS,20
1.7228e+06,14,RTS,20
1.7228e+06,15,RTS,20
1.7228e+06,16,RTS,20
1.7228e+06,13,RTS,20
1.7229e+06,0,RTS,20
1.72297e+06,20,CTS,14
1.72303e+06,0,QOSDATA_TID6,1066
1.72321e+06,20,ACK,14
1.72326e+06,0,CTL,20
1.72334e+06,17,RTS,20
1.72334e+06,9,RTS,20
1.72341e+06,20,CTS,14
1.72347e+06,17,QOSDATA_TID6,1066
1.72366e+06,20,ACK,14
1.7237e+06,17,CTL,20
1.7238e+06,6,RTS,20
1.72386e+06,20,CTS,14
1.72392e+06,6,QOSDATA_TID6,1066
1.72411e+06,20,ACK,14
1.72415e+06,6,CTL,20
1.72424e+06,3,RTS,20
1.72424e+06,1,RTS,20
1.72424e+06,11,RTS,20
1.72434e+06,18,RTS,20
1.7244e+06,20,CTS,14
1.72446e+06,18,QOSDATA_TID6,1066
1.72465e+06,20,ACK,14
1.72469e+06,18,QOSDATA_TID6,1066
1.72488e+06,20,ACK,14
1.72492e+06,18,CTL,20
1.725e+06,2,RTS,20
1.725e+06,1,RTS,20
1.725e+06,12,RTS,20
1.7251e+06,11,RTS,20
1.72517e+06,20,CTS,14
1.72523e+06,11,QOSDATA_TID6,1066
1.72542e+06,20,ACK,14
1.72546e+06,11,QOSDATA_TID6,1066
1.72564e+06,20,ACK,14
1.72569e+06,11,CTL,20
1.72577e+06,4,RTS,20
1.72577e+06,14,RTS,20
1.72587e+06,5,RTS,20
1.72594e+06,20,CTS,14
1.726e+06,5,QOSDATA_TID6,1066
1.72618e+06,20,ACK,14
1.72623e+06,5,CTL,20
1.72632e+06,9,RTS,20
1.72632e+06,15,RTS,20
1.72632e+06,14,RTS,20
1.72642e+06,18,RTS,20
1.72642e+06,12,RTS,20
1.72642e+06,8,RTS,20
1.72642e+06,4,RTS,20
1.72652e+06,9,RTS,20
1.72659e+06,20,CTS,14
1.72665e+06,9,QOSDATA_TID6,1066
1.72683e+06,20,ACK,14
1.72687e+06,9,CTL,20
1.72696e+06,18,RTS,20
1.72696e+06,8,RTS,20
1.72703e+06,20,CTS,14
1.72709e+06,8,QOSDATA_TID6,1066
1.72727e+06,20,ACK,14
1.72732e+06,8,QOSDATA_TID6,1066
1.7275e+06,20,ACK,14
1.72754e+06,8,CTL,20
1.72763e+06,3,RTS,20
1.72763e+06,18,RTS,20
1.72773e+06,1,RTS,20
1.72773e+06,13,RTS,20
1.7278e+06,20,CTS,14
1.72786e+06,1,QOSDATA_TID6,1066
1.72804e+06,20,ACK,14
1.72808e+06,1,QOSDATA_TID6,1066
1.72827e+06,20,ACK,14
1.72831e+06,1,CTL,20
1.72842e+06,16,RTS,20
1.72842e+06,2,RTS,20
1.72852e+06,14,RTS,20
1.72859e+06,20,CTS,14
1.72865e+06,14,QOSDATA_TID6,1066
1.72884e+06,20,ACK,14
1.72888e+06,14,QOSDATA_TID6,1066
1.72906e+06,20,ACK,14
1.72911e+06,14,CTL,20
1.72919e+06,19,RTS,20
1.72926e+06,20,CTS,14
1.72932e+06,19,QOSDATA_TID6,1066
1.7295e+06,20,ACK,14
1.72955e+06,19,QOSDATA_TID6,1066
1.72973e+06,20,ACK,14
1.72978e+06,19,CTL,20
1.72986e+06,0,RTS,20
1.72993e+06,20,CTS,14
1.72999e+06,0,QOSDATA_TID6,1066
1.73018e+06,20,ACK,14
1.73022e+06,0,CTL,20
1.73031e+06,7,RTS,20
1.73031e+06,9,RTS,20
1.73037e+06,20,CTS,14
1.73043e+06,7,QOSDATA_TID6,1066
1.73062e+06,20,ACK,14
1.73066e+06,7,CTL,20
1.73076e+06,15,RTS,20
1.73076e+06,10,RTS,20
1.73082e+06,20,CTS,14
1.73088e+06,15,QOSDATA_TID6,1066
1.73107e+06,20,ACK,14
1.73111e+06,15,QOSDATA_TID6,1066
1.7313e+06,20,ACK,14
1.73134e+06,15,CTL,20
1.73143e+06,1,RTS,20
1.73143e+06,10,RTS,20
1.7315e+06,20,CTS,14
1.73156e+06,1,QOSDATA_TID6,1066
1.73174e+06,20,ACK,14
1.73178e+06,1,CTL,20
1.73188e+06,4,RTS,20
1.73195e+06,20,CTS,14
1.73201e+06,4,QOSDATA_TID6,1066
1.73219e+06,20,ACK,14
1.73223e+06,4,QOSDATA_TID6,1066
1.73242e+06,20,ACK,14
1.73246e+06,4,CTL,20
1.73255e+06,16,RTS,20
1.73255e+06,19,RTS,20
1.73255e+06,13,RTS,20
1.73266e+06,12,RTS,20
1.73266e+06,6,RTS,20
1.73266e+06,10,RTS,20
1.73272e+06,20,CTS,14
1.73278e+06,12,QOSDATA_TID6,1066
1.73297e+06,20,ACK,14
1.73301e+06,12,QOSDATA_TID6,1066
1.7332e+06,20,ACK,14
1.73324e+06,12,QOSDATA_TID6,1066
1.73342e+06,20,ACK,14
1.73347e+06,12,CTL,20
1.73355e+06,13,RTS,20
1.73355e+06,15,RTS,20
1.73355e+06,10,RTS,20
1.73365e+06,17,RTS,20
1.73365e+06,11,RTS,20
1.73365e+06,4,RTS,20
1.73372e+06,20,CTS,14
1.73378e+06,17,QOSDATA_TID6,1066
1.73396e+06,20,ACK,14
1.73401e+06,17,CTL,20
1.73409e+06,15,RTS,20
1.73416e+06,20,CTS,14
1.73422e+06,15,QOSDATA_TID6,1066
1.7344e+06,20,ACK,14
1.73445e+06,15,CTL,20
1.73454e+06,6,RTS,20
1.73454e+06,5,RTS,20
1.73454e+06,2,RTS,20
1.73454e+06,4,RTS,20
1.7346e+06,20,CTS,14
1.73466e+06,5,QOSDATA_TID6,1066
1.73485e+06,20,ACK,14
1.73489e+06,5,CTL,20
1.73499e+06,16,RTS,20
1.73499e+06,13,RTS,20
1.73508e+06,18,RTS,20
1.73515e+06,20,CTS,14
1.73521e+06,18,QOSDATA_TID6,1066
1.7354e+06,20,ACK,14
1.73544e+06,18,QOSDATA_TID6,1066
1.73562e+06,20,ACK,14
1.73567e+06,18,CTL,20
1.73575e+06,2,RTS,20
1.73575e+06,9,RTS,20
1.73582e+06,20,CTS,14
1.73588e+06,2,QOSDATA_TID6,1066
1.73607e+06,20,ACK,14
1.73611e+06,2,QOSDATA_TID6,1066
1.73629e+06,20,ACK,14
1.73634e+06,2,CTL,20
1.73642e+06,14,RTS,20
1.73642e+06,13,RTS,20
1.73652e+06,9,RTS,20
1.73659e+06,20,CTS,14
1.73665e+06,9,QOSDATA_TID6,1066
1.73683e+06,20,ACK,14
1.73688e+06,9,CTL,20
1.73696e+06,3,RTS,20
1.73696e+06,8,RTS,20
1.73703e+06,20,CTS,14
1.73709e+06,8,QOSDATA_TID6,1066
1.73728e+06,20,ACK,14
1.73732e+06,8,CTL,20
1.73742e+06,11,RTS,20
1.73742e+06,4,RTS,20
1.73742e+06,0,RTS,20
1.73742e+06,10,RTS,20
1.73752e+06,19,RTS,20
1.73752e+06,7,RTS,20
1.73763e+06,16,RTS,20
1.73763e+06,11,RTS,20
1.73774e+06,3,RTS,20
1.73774e+06,9,RTS,20
1.73784e+06,13,RTS,20
1.73791e+06,20,CTS,14
1.73797e+06,13,QOSDATA_TID6,1066
1.73816e+06,20,ACK,14
1.7382e+06,13,QOSDATA_TID6,1066
1.73838e+06,20,ACK,14
1.73843e+06,13,QOSDATA_TID6,1066
1.73861e+06,20,ACK,14
1.73866e+06,13,CTL,20
1.73874e+06,4,RTS,20
1.73874e+06,3,RTS,20
1.73885e+06,14,RTS,20
1.73892e+06,20,CTS,14
1.73898e+06,14,QOSDATA_TID6,1066
1.73916e+06,20,ACK,14
1.7392e+06,14,CTL,20
1.73929e+06,1,RTS,20
1.73936e+06,20,CTS,14
1.73942e+06,1,QOSDATA_TID6,1066
1.7396e+06,20,ACK,14
1.73965e+06,1,CTL,20
1.73973e+06,19,RTS,20
1.73973e+06,11,RTS,20
1.73973e+06,7,RTS,20
1.73973e+06,0,RTS,20
1.73973e+06,6,RTS,20
1.73983e+06,3,RTS,20
1.7399e+06,20,CTS,14
1.73996e+06,3,QOSDATA_TID6,1066
1.74014e+06,20,ACK,14
1.74019e+06,3,QOSDATA_TID6,1066
1.74037e+06,20,ACK,14
1.74042e+06,3,QOSDATA_TID6,1066
1.7406e+06,20,ACK,14
1.74064e+06,3,CTL,20
1.74073e+06,2,RTS,20
1.74073e+06,10,RTS,20
1.74073e+06,19,RTS,20
1.74073e+06,6,RTS,20
1.74084e+06,15,RTS,20
1.7409e+06,20,CTS,14
1.74096e+06,15,QOSDATA_TID6,1066
1.74115e+06,20,ACK,14
1.74119e+06,15,CTL,20
1.74128e+06,6,RTS,20
1.74128e+06,12,RTS,20
1.74128e+06,4,RTS,20
1.74128e+06,10,RTS,20
1.74135e+06,20,CTS,14
1.74141e+06,12,QOSDATA_TID6,1066
1.74159e+06,20,ACK,14
1.74163e+06,12,CTL,20
1.74173e+06,17,RTS,20
1.74173e+06,4,RTS,20
1.74173e+06,9,RTS,20
1.7418e+06,20,CTS,14
1.74186e+06,17,QOSDATA_TID6,1066
1.74204e+06,20,ACK,14
1.74208e+06,17,CTL,20
1.74218e+06,7,RTS,20
1.74218e+06,0,CTS,14
1.74232e+06,0,RTS,20
1.74239e+06,20,CTS,14
1.74245e+06,0,QOSDATA_TID6,1066
1.74263e+06,20,ACK,14
1.74268e+06,0,CTL,20
1.74276e+06,16,RTS,20
1.74276e+06,4,RTS,20
1.74286e+06,5,RTS,20
1.74293e+06,20,CTS,14
1.74299e+06,5,QOSDATA_TID6,1066
1.74317e+06,20,ACK,14
1.74322e+06,5,CTL,20
1.7433e+06,16,RTS,20
1.7433e+06,18,RTS,20
1.7433e+06,6,RTS,20
1.7433e+06,14,RTS,20
1.74341e+06,7,RTS,20
1.74348e+06,20,CTS,14
1.74354e+06,7,QOSDATA_TID6,1066
1.74372e+06,20,ACK,14
1.74376e+06,7,CTL,20
1.74385e+06,14,RTS,20
1.74385e+06,9,RTS,20
1.74396e+06,11,RTS,20
1.74403e+06,20,CTS,14
1.74409e+06,11,QOSDATA_TID6,1066
1.74427e+06,20,ACK,14
1.74431e+06,11,QOSDATA_TID6,1066
1.7445e+06,20,ACK,14
1.74454e+06,11,CTL,20
1.74464e+06,14,RTS,20
1.7447e+06,20,CTS,14
1.74476e+06,14,QOSDATA_TID6,1066
1.74495e+06,20,ACK,14
1.74499e+06,14,CTL,20
1.74508e+06,18,RTS,20
1.74508e+06,8,RTS,20
1.74508e+06,10,RTS,20
1.74508e+06,9,RTS,20
1.74515e+06,20,CTS,14
1.74521e+06,8,QOSDATA_TID6,1066
1.74539e+06,20,ACK,14
1.74544e+06,8,CTL,20
1.74552e+06,2,RTS,20
1.74552e+06,0,RTS,20
1.74562e+06,13,RTS,20
1.74562e+06,16,RTS,20
1.74573e+06,2,RTS,20
1.74573e+06,0,RTS,20
1.74573e+06,9,RTS,20
1.74583e+06,10,RTS,20
1.74583e+06,16,RTS,20
1.74583e+06,13,RTS,20
1.74594e+06,7,RTS,20
1.74601e+06,20,CTS,14
1.74607e+06,7,QOSDATA_TID6,1066
1.74626e+06,20,ACK,14
1.7463e+06,7,CTL,20
1.74639e+06,12,RTS,20
1.74639e+06,16,RTS,20
1.74646e+06,20,CTS,14
1.74652e+06,12,QOSDATA_TID6,1066
1.7467e+06,20,ACK,14
1.74674e+06,12,CTL,20
1.74684e+06,19,RTS,20
1.74684e+06,0,CTS,14
1.74684e+06,6,RTS,20
1.74684e+06,3,RTS,20
1.74695e+06,0,RTS,20
1.74702e+06,20,CTS,14
1.74708e+06,0,QOSDATA_TID6,1066
1.74726e+06,20,ACK,14
1.74731e+06,0,CTL,20
1.74739e+06,17,RTS,20
1.74739e+06,11,RTS,20
1.74739e+06,4,RTS,20
1.74746e+06,20,CTS,14
1.74752e+06,17,QOSDATA_TID6,1066
1.7477e+06,20,ACK,14
1.74775e+06,17,CTL,20
1.74784e+06,18,RTS,20
1.7479e+06,20,CTS,14
1.74796e+06,18,QOSDATA_TID6,1066
1.74815e+06,20,ACK,14
1.74819e+06,18,CTL,20
1.74828e+06,6,RTS,20
1.74828e+06,9,RTS,20
1.74828e+06,4,RTS,20
1.74838e+06,5,RTS,20
1.74845e+06,20,CTS,14
1.74851e+06,5,QOSDATA_TID6,1066
1.7487e+06,20,ACK,14
1.74874e+06,5,CTL,20
1.74883e+06,1,RTS,20
1.74883e+06,9,RTS,20
1.74883e+06,6,RTS,20
1.74892e+06,10,RTS,20
1.74899e+06,20,CTS,14
1.74905e+06,10,QOSDATA_TID6,1066
1.74924e+06,20,ACK,14
1.74928e+06,10,QOSDATA_TID6,1066
1.74946e+06,20,ACK,14
1.74951e+06,10,QOSDATA_TID6,1066
1.74969e+06,20,ACK,14
1.74974e+06,10,CTL,20
1.74982e+06,9,RTS,20
1.74982e+06,1,RTS,20
1.74982e+06,13,RTS,20
1.74994e+06,4,RTS,20
1.75001e+06,20,CTS,14
1.75007e+06,4,QOSDATA_TID6,1066
1.75025e+06,20,ACK,14
1.75029e+06,4,QOSDATA_TID6,1066
1.75048e+06,20,ACK,14
1.75052e+06,4,CTL,20
1.75062e+06,15,RTS,20
1.75062e+06,3,RTS,20
1.75072e+06,8,RTS,20
1.75078e+06,20,CTS,14
1.75084e+06,8,QOSDATA_TID6,1066
1.75103e+06,20,ACK,14
1.75107e+06,8,CTL,20
1.75116e+06,14,RTS,20
1.75122e+06,20,CTS,14
1.75128e+06,14,QOSDATA_TID6,1066
1.75147e+06,20,ACK,14
1.75151e+06,14,CTL,20
1.75161e+06,15,RTS,20
1.75161e+06,16,RTS,20
1.75172e+06,9,RTS,20
1.75179e+06,20,CTS,14
1.75185e+06,9,QOSDATA_TID6,1066
1.75204e+06,20,ACK,14
1.75208e+06,9,CTL,20
1.75217e+06,3,RTS,20
1.75217e+06,2,RTS,20
1.75217e+06,15,RTS,20
1.75228e+06,19,RTS,20
1.75235e+06,20,CTS,14
1.75241e+06,19,QOSDATA_TID6,1066
1.75259e+06,20,ACK,14
1.75264e+06,19,QOSDATA_TID6,1066
1.75282e+06,20,ACK,14
1.75287e+06,19,QOSDATA_TID6,1066
1.75305e+06,20,ACK,14
1.75309e+06,19,CTL,20
1.75318e+06,11,RTS,20
1.75318e+06,2,RTS,20
1.75318e+06,6,RTS,20
1.75329e+06,18,RTS,20
1.75329e+06,13,RTS,20
1.7534e+06,1,RTS,20
1.75346e+06,20,CTS,14
1.75352e+06,1,QOSDATA_TID6,1066
1.75371e+06,20,ACK,14
1.75375e+06,1,CTL,20
1.75384e+06,11,RTS,20
1.7539e+06,20,CTS,14
1.75396e+06,11,QOSDATA_TID6,1066
1.75415e+06,20,ACK,14
1.75419e+06,11,CTL,20
1.75428e+06,16,RTS,20
1.75428e+06,15,RTS,20
1.75438e+06,7,RTS,20
1.75438e+06,9,RTS,20
1.75444e+06,20,CTS,14
1.7545e+06,7,QOSDATA_TID6,1066
1.75469e+06,20,ACK,14
1.75473e+06,7,CTL,20
1.75483e+06,11,RTS,20
1.75483e+06,0,RTS,20
1.75483e+06,2,RTS,20
1.75483e+06,3,RTS,20
1.75483e+06,9,RTS,20
1.75493e+06,13,RTS,20
1.75499e+06,20,CTS,14
1.75505e+06,13,QOSDATA_TID6,1066
1.75524e+06,20,ACK,14
1.75528e+06,13,QOSDATA_TID6,1066
1.75547e+06,20,ACK,14
1.75551e+06,13,CTL,20
1.7556e+06,12,RTS,20
1.7556e+06,17,RTS,20
1.7556e+06,1,RTS,20
1.7557e+06,19,RTS,20
1.7557e+06,11,RTS,20
1.7557e+06,2,RTS,20
1.7557e+06,6,RTS,20
1.75581e+06,18,RTS,20
1.75588e+06,20,CTS,14
1.75594e+06,18,QOSDATA_TID6,1066
1.75612e+06,20,ACK,14
1.75617e+06,18,CTL,20
1.75625e+06,2,RTS,20
1.75625e+06,15,RTS,20
1.75637e+06,0,RTS,20
1.75644e+06,20,CTS,14
1.7565e+06,0,QOSDATA_TID6,1066
1.75668e+06,20,ACK,14
1.75672e+06,0,CTL,20
1.7568e+06,20,BEACON,152
1.75706e+06,11,RTS,20
1.75706e+06,4,RTS,20
1.75716e+06,15,RTS,20
1.75723e+06,20,CTS,14
1.75729e+06,15,QOSDATA_TID6,1066
1.75747e+06,20,ACK,14
1.75752e+06,15,QOSDATA_TID6,1066
1.7577e+06,20,ACK,14
1.75774e+06,15,CTL,20
1.75783e+06,10,RTS,20
1.75783e+06,9,RTS,20
1.75793e+06,16,RTS,20
1.758e+06,20,CTS,14
1.75806e+06,16,QOSDATA_TID6,1066
1.75824e+06,20,ACK,14
1.75828e+06,16,QOSDATA_TID6,1066
1.75847e+06,20,ACK,14
1.75851e+06,16,QOSDATA_TID6,1066
1.7587e+06,20,ACK,14
1.75874e+06,16,CTL,20
1.75883e+06,11,RTS,20
1.75883e+06,12,RTS,20
1.75883e+06,2,RTS,20
1.75883e+06,9,RTS,20
1.75883e+06,18,RTS,20
1.75893e+06,10,RTS,20
1.75893e+06,6,RTS,20
1.759e+06,20,CTS,14
1.75906e+06,6,QOSDATA_TID6,1066
1.75925e+06,20,ACK,14
1.75929e+06,6,QOSDATA_TID6,1066
1.75947e+06,20,ACK,14
1.75952e+06,6,QOSDATA_TID6,1066
1.7597e+06,20,ACK,14
1.75975e+06,6,CTL,20
1.75983e+06,10,RTS,20
1.7599e+06,20,CTS,14
1.75996e+06,10,QOSDATA_TID6,1066
1.76014e+06,20,ACK,14
1.76019e+06,10,CTL,20
1.76027e+06,9,RTS,20
1.76034e+06,20,CTS,14
1.7604e+06,9,QOSDATA_TID6,1066
1.76059e+06,20,ACK,14
1.76063e+06,9,CTL,20
1.76072e+06,5,RTS,20
1.76072e+06,17,RTS,20
1.76072e+06,12,RTS,20
1.76072e+06,14,RTS,20
1.76082e+06,2,RTS,20
1.76082e+06,8,RTS,20
1.76082e+06,1,RTS,20
1.76082e+06,3,RTS,20
1.76082e+06,16,RTS,20
1.76092e+06,19,RTS,20
1.76092e+06,5,RTS,20
1.76099e+06,20,CTS,14
1.76105e+06,5,QOSDATA_TID6,1066
1.76123e+06,20,ACK,14
1.76128e+06,5,CTL,20
1.76137e+06,0,RTS,20
1.76137e+06,18,RTS,20
1.76147e+06,7,RTS,20
1.76154e+06,20,CTS,14
1.7616e+06,7,QOSDATA_TID6,1066
1.76178e+06,20,ACK,14
1.76183e+06,7,CTL,20
1.76191e+06,12,RTS,20
1.76191e+06,4,RTS,20
1.76198e+06,20,CTS,14
1.76204e+06,12,QOSDATA_TID6,1066
1.76222e+06,20,ACK,14
1.76227e+06,12,CTL,20
1.76236e+06,17,RTS,20
1.76236e+06,11,RTS,20
1.76236e+06,4,RTS,20
1.76236e+06,0,RTS,20
1.76236e+06,9,RTS,20
1.76246e+06,16,RTS,20
1.76253e+06,20,CTS,14
1.76259e+06,16,QOSDATA_TID6,1066
1.76277e+06,20,ACK,14
1.76282e+06,16,CTL,20
1.7629e+06,13,RTS,20
1.76297e+06,20,CTS,14
1.76303e+06,13,QOSDATA_TID6,1066
1.76322e+06,20,ACK,14
1.76326e+06,13,CTL,20
1.76335e+06,11,RTS,20
1.76341e+06,20,CTS,14
1.76347e+06,11,QOSDATA_TID6,1066
1.76366e+06,20,ACK,14
1.7637e+06,11,QOSDATA_TID6,1066
1.76389e+06,20,ACK,14
1.76393e+06,11,CTL,20
1.76402e+06,17,RTS,20
1.76402e+06,6,RTS,20
1.76408e+06,20,CTS,14
1.76414e+06,17,QOSDATA_TID6,1066
1.76433e+06,20,ACK,14
1.76437e+06,17,QOSDATA_TID6,1066
1.76456e+06,20,ACK,14
1.7646e+06,17,CTL,20
1.7647e+06,12,RTS,20
1.7647e+06,15,RTS,20
1.76476e+06,20,CTS,14
1.76482e+06,12,QOSDATA_TID6,1066
1.76501e+06,20,ACK,14
1.76505e+06,12,CTL,20
1.76514e+06,15,RTS,20
1.7652e+06,20,CTS,14
1.76526e+06,15,QOSDATA_TID6,1066
1.76545e+06,20,ACK,14
1.76549e+06,15,CTL,20
1.76558e+06,10,RTS,20
1.76565e+06,20,CTS,14
1.76571e+06,10,QOSDATA_TID6,1066
1.76589e+06,20,ACK,14
1.76594e+06,10,CTL,20
1.76602e+06,18,RTS,20
1.76602e+06,2,RTS,20
1.76602e+06,19,RTS,20
1.76602e+06,14,RTS,20
1.76614e+06,0,CTS,14
1.76622e+06,0,RTS,20
1.76628e+06,20,CTS,14
1.76634e+06,0,QOSDATA_TID6,1066
1.76653e+06,20,ACK,14
1.76657e+06,0,CTL,20
1.76666e+06,4,RTS,20
1.76672e+06,20,CTS,14
1.76678e+06,4,QOSDATA_TID6,1066
1.76697e+06,20,ACK,14
1.76701e+06,4,QOSDATA_TID6,1066
1.7672e+06,20,ACK,14
1.76724e+06,4,CTL,20
1.76733e+06,1,RTS,20
1.76733e+06,5,RTS,20
1.76733e+06,9,RTS,20
1.76733e+06,6,RTS,20
1.7674e+06,20,CTS,14
1.76746e+06,5,QOSDATA_TID6,1066
1.76764e+06,20,ACK,14
1.76768e+06,5,CTL,20
1.76777e+06,8,RTS,20
1.76784e+06,20,CTS,14
1.7679e+06,8,QOSDATA_TID6,1066
1.76808e+06,20,ACK,14
1.76812e+06,8,QOSDATA_TID6,1066
1.76831e+06,20,ACK,14
1.76835e+06,8,CTL,20
1.76844e+06,3,RTS,20
1.76851e+06,20,CTS,14
1.76857e+06,3,QOSDATA_TID6,1066
1.76875e+06,20,ACK,14
1.7688e+06,3,QOSDATA_TID6,1066
1.76898e+06,20,ACK,14
1.76902e+06,3,QOSDATA_TID6,1066
1.76921e+06,20,ACK,14
1.76925e+06,3,CTL,20
1.76935e+06,9,RTS,20
1.76935e+06,2,RTS,20
1.76935e+06,18,RTS,20
1.76935e+06,19,RTS,20
1.76935e+06,14,RTS,20
1.76946e+06,6,RTS,20
1.76946e+06,0,RTS,20
1.76946e+06,7,RTS,20
1.76956e+06,2,RTS,20
1.76956e+06,9,RTS,20
1.76963e+06,20,CTS,14
1.76969e+06,2,QOSDATA_TID6,1066
1.76987e+06,20,ACK,14
1.76992e+06,2,QOSDATA_TID6,1066
1.7701e+06,20,ACK,14
1.77014e+06,2,QOSDATA_TID6,1066
1.77033e+06,20,ACK,14
1.77037e+06,2,CTL,20
1.77046e+06,9,RTS,20
1.77053e+06,20,CTS,14
1.77059e+06,9,QOSDATA_TID6,1066
1.77077e+06,20,ACK,14
1.77082e+06,9,QOSDATA_TID6,1066
1.771e+06,20,ACK,14
1.77104e+06,9,CTL,20
1.77113e+06,19,RTS,20
1.77113e+06,13,RTS,20
1.77123e+06,12,RTS,20
1.77123e+06,0,RTS,20
1.7713e+06,20,CTS,14
1.77136e+06,12,QOSDATA_TID6,1066
1.77154e+06,20,ACK,14
1.77158e+06,12,CTL,20
1.77168e+06,11,RTS,20
1.77168e+06,14,RTS,20
1.77178e+06,3,RTS,20
1.77184e+06,20,CTS,14
1.7719e+06,3,QOSDATA_TID6,1066
1.77209e+06,20,ACK,14
1.77213e+06,3,CTL,20
1.77222e+06,11,RTS,20
1.77222e+06,14,RTS,20
1.77236e+06,13,RTS,20
1.77243e+06,20,CTS,14
1.77249e+06,13,QOSDATA_TID6,1066
1.77267e+06,20,ACK,14
1.77272e+06,13,CTL,20
1.7728e+06,15,RTS,20
1.7728e+06,2,RTS,20
1.7728e+06,10,RTS,20
1.77292e+06,6,RTS,20
1.77292e+06,17,RTS,20
1.77292e+06,7,RTS,20
1.77292e+06,11,RTS,20
1.77292e+06,16,RTS,20
1.77302e+06,15,RTS,20
1.77308e+06,20,CTS,14
1.77314e+06,15,QOSDATA_TID6,1066
1.77333e+06,20,ACK,14
1.77337e+06,15,CTL,20
1.77346e+06,6,RTS,20
1.77353e+06,20,CTS,14
1.77359e+06,6,QOSDATA_TID6,1066
1.77377e+06,20,ACK,14
1.77382e+06,6,QOSDATA_TID6,1066
1.774e+06,20,ACK,14
1.77404e+06,6,CTL,20
1.77413e+06,16,RTS,20
1.7742e+06,20,CTS,14
1.77426e+06,16,QOSDATA_TID6,1066
1.77444e+06,20,ACK,14
1.77448e+06,16,CTL,20
1.77457e+06,4,RTS,20
1.77457e+06,5,RTS,20
1.77457e+06,2,RTS,20
1.77464e+06,20,CTS,14
1.7747e+06,5,QOSDATA_TID6,1066
1.77488e+06,20,ACK,14
1.77493e+06,5,CTL,20
1.77501e+06,14,RTS,20
1.77508e+06,20,CTS,14
1.77514e+06,14,QOSDATA_TID6,1066
1.77532e+06,20,ACK,14
1.77537e+06,14,QOSDATA_TID6,1066
1.77555e+06,20,ACK,14
1.7756e+06,14,QOSDATA_TID6,1066
1.77578e+06,20,ACK,14
1.77582e+06,14,CTL,20
1.77591e+06,8,RTS,20
1.77591e+06,17,RTS,20
1.77601e+06,1,RTS,20
1.77601e+06,19,RTS,20
1.77612e+06,7,RTS,20
1.77612e+06,18,RTS,20
1.77612e+06,10,RTS,20
1.77622e+06,2,RTS,20
1.77628e+06,20,CTS,14
1.77634e+06,2,QOSDATA_TID6,1066
1.77653e+06,20,ACK,14
1.77657e+06,2,CTL,20
1.77666e+06,1,RTS,20
1.77672e+06,20,CTS,14
1.77678e+06,1,QOSDATA_TID6,1066
1.77697e+06,20,ACK,14
1.77701e+06,1,QOSDATA_TID6,1066
1.7772e+06,20,ACK,14
1.77724e+06,1,QOSDATA_TID6,1066
1.77742e+06,20,ACK,14
1.77747e+06,1,CTL,20
1.77756e+06,16,RTS,20
1.77762e+06,20,CTS,14
1.77768e+06,16,QOSDATA_TID6,1066
1.77787e+06,20,ACK,14
1.77791e+06,16,CTL,20
1.778e+06,9,RTS,20
1.778e+06,18,RTS,20
1.77806e+06,20,CTS,14
1.77812e+06,18,QOSDATA_TID6,1066
1.77831e+06,20,ACK,14
1.77835e+06,18,QOSDATA_TID6,1066
1.77854e+06,20,ACK,14
1.77858e+06,18,QOSDATA_TID6,1066
1.77876e+06,20,ACK,14
1.77881e+06,18,CTL,20
1.7789e+06,17,RTS,20
1.7789e+06,13,RTS,20
1.77896e+06,20,CTS,14
1.77902e+06,17,QOSDATA_TID6,1066
1.77921e+06,20,ACK,14
1.77925e+06,17,CTL,20
1.77934e+06,17,RTS,20
1.77934e+06,0,CTS,14
1.77942e+06,0,RTS,20
1.77949e+06,20,CTS,14
1.77955e+06,0,QOSDATA_TID6,1066
1.77974e+06,20,ACK,14
1.77978e+06,0,QOSDATA_TID6,1066
1.77996e+06,20,ACK,14
1.78001e+06,0,CTL,20
1.78009e+06,8,RTS,20
1.78009e+06,12,RTS,20
1.78009e+06,1,RTS,20
1.78009e+06,11,RTS,20
1.78009e+06,4,RTS,20
1.78019e+06,9,RTS,20
1.78026e+06,20,CTS,14
1.78032e+06,9,QOSDATA_TID6,1066
1.7805e+06,20,ACK,14
1.78055e+06,9,CTL,20
1.78063e+06,3,RTS,20
1.78063e+06,2,RTS,20
1.78063e+06,6,RTS,20
1.78063e+06,15,RTS,20
1.78074e+06,5,RTS,20
1.78074e+06,19,RTS,20
1.78074e+06,10,RTS,20
1.78081e+06,20,CTS,14
1.78087e+06,5,QOSDATA_TID6,1066
1.78105e+06,20,ACK,14
1.7811e+06,5,CTL,20
1.78118e+06,8,RTS,20
1.78118e+06,10,RTS,20
1.78125e+06,20,CTS,14
1.78131e+06,8,QOSDATA_TID6,1066
1.78149e+06,20,ACK,14
1.78154e+06,8,CTL,20
1.78163e+06,17,RTS,20
1.78163e+06,7,RTS,20
1.78163e+06,13,RTS,20
1.78173e+06,11,RTS,20
1.78173e+06,10,RTS,20
1.78184e+06,15,RTS,20
1.78191e+06,20,CTS,14
1.78197e+06,15,QOSDATA_TID6,1066
1.78215e+06,20,ACK,14
1.78219e+06,15,CTL,20
1.78229e+06,17,RTS,20
1.78229e+06,18,RTS,20
1.78236e+06,20,CTS,14
1.78242e+06,17,QOSDATA_TID6,1066
1.7826e+06,20,ACK,14
1.78264e+06,17,CTL,20
1.78274e+06,8,RTS,20
1.78274e+06,3,RTS,20
1.78281e+06,20,CTS,14
1.78287e+06,8,QOSDATA_TID6,1066
1.78305e+06,20,ACK,14
1.7831e+06,8,CTL,20
1.78318e+06,6,RTS,20
1.78325e+06,20,CTS,14
1.78331e+06,6,QOSDATA_TID6,1066
1.78349e+06,20,ACK,14
1.78354e+06,6,CTL,20
1.78363e+06,14,RTS,20
1.78363e+06,7,RTS,20
1.7837e+06,20,CTS,14
1.78376e+06,7,QOSDATA_TID6,1066
1.78394e+06,20,ACK,14
1.78399e+06,7,QOSDATA_TID6,1066
1.78417e+06,20,ACK,14
1.78422e+06,7,CTL,20
1.7843e+06,18,RTS,20
1.78437e+06,20,CTS,14
1.78443e+06,18,QOSDATA_TID6,1066
1.78462e+06,20,ACK,14
1.78466e+06,18,CTL,20
1.78476e+06,14,RTS,20
1.78476e+06,12,RTS,20
1.78482e+06,20,CTS,14
1.78488e+06,12,QOSDATA_TID6,1066
1.78507e+06,20,ACK,14
1.78511e+06,12,CTL,20
1.78521e+06,13,RTS,20
1.78521e+06,0,RTS,20
1.78527e+06,20,CTS,14
1.78533e+06,0,QOSDATA_TID6,1066
1.78552e+06,20,ACK,14
1.78556e+06,0,CTL,20
1.78565e+06,11,RTS,20
1.78572e+06,20,CTS,14
1.78578e+06,11,QOSDATA_TID6,1066
1.78596e+06,20,ACK,14
1.786e+06,11,QOSDATA_TID6,1066
1.78619e+06,20,ACK,14
1.78623e+06,11,CTL,20
1.78632e+06,1,RTS,20
1.78632e+06,7,RTS,20
1.78642e+06,10,RTS,20
1.78648e+06,20,CTS,14
1.78654e+06,10,QOSDATA_TID6,1066
1.78673e+06,20,ACK,14
1.78677e+06,10,QOSDATA_TID6,1066
1.78696e+06,20,ACK,14
1.787e+06,10,CTL,20
1.78709e+06,6,RTS,20
1.78709e+06,7,RTS,20
1.78718e+06,3,RTS,20
1.78725e+06,20,CTS,14
1.78731e+06,3,QOSDATA_TID6,1066
1.7875e+06,20,ACK,14
1.78754e+06,3,QOSDATA_TID6,1066
1.78772e+06,20,ACK,14
1.78777e+06,3,CTL,20
1.78785e+06,9,RTS,20
1.78785e+06,17,RTS,20
1.78792e+06,20,CTS,14
1.78798e+06,17,QOSDATA_TID6,1066
1.78817e+06,20,ACK,14
1.78821e+06,17,CTL,20
1.7883e+06,5,RTS,20
1.78836e+06,20,CTS,14
1.78842e+06,5,QOSDATA_TID6,1066
1.78861e+06,20,ACK,14
1.78865e+06,5,CTL,20
1.78874e+06,1,RTS,20
1.78874e+06,16,RTS,20
1.78874e+06,15,RTS,20
1.78874e+06,14,RTS,20
1.78884e+06,7,RTS,20
1.78884e+06,2,RTS,20
1.78895e+06,19,RTS,20
1.78902e+06,20,CTS,14
1.78908e+06,19,QOSDATA_TID6,1066
1.78926e+06,20,ACK,14
1.7893e+06,19,QOSDATA_TID6,1066
1.78949e+06,20,ACK,14
1.78953e+06,19,QOSDATA_TID6,1066
1.78972e+06,20,ACK,14
1.78976e+06,19,QOSDATA_TID6,1066
1.78994e+06,20,ACK,14
1.78999e+06,19,CTL,20
1.79008e+06,11,RTS,20
1.79008e+06,12,RTS,20
1.79008e+06,9,RTS,20
1.79008e+06,4,RTS,20
1.79008e+06,6,RTS,20
1.79008e+06,13,RTS,20
1.79015e+06,20,CTS,14
1.79021e+06,12,QOSDATA_TID6,1066
1.79039e+06,20,ACK,14
1.79044e+06,12,CTL,20
1.79052e+06,10,RTS,20
1.79059e+06,20,CTS,14
1.79065e+06,10,QOSDATA_TID6,1066
1.79084e+06,20,ACK,14
1.79088e+06,10,CTL,20
1.79097e+06,8,RTS,20
1.79103e+06,20,CTS,14
1.79109e+06,8,QOSDATA_TID6,1066
1.79128e+06,20,ACK,14
1.79132e+06,8,CTL,20
1.79141e+06,1,RTS,20
1.79141e+06,18,RTS,20
1.79141e+06,15,RTS,20
1.79152e+06,9,RTS,20
1.79158e+06,20,CTS,14
1.79164e+06,9,QOSDATA_TID6,1066
1.79183e+06,20,ACK,14
1.79187e+06,9,CTL,20
1.79196e+06,6,RTS,20
1.79196e+06,7,RTS,20
1.79209e+06,7,RTS,20
1.79209e+06,15,RTS,20
1.79222e+06,13,RTS,20
1.79228e+06,20,CTS,14
1.79234e+06,13,QOSDATA_TID6,1066
1.79253e+06,20,ACK,14
1.79257e+06,13,QOSDATA_TID6,1066
1.79276e+06,20,ACK,14
1.7928e+06,13,CTL,20
1.79289e+06,7,RTS,20
1.79289e+06,2,RTS,20
1.79299e+06,14,RTS,20
1.79306e+06,20,CTS,14
1.79312e+06,14,QOSDATA_TID6,1066
1.79331e+06,20,ACK,14
1.79335e+06,14,QOSDATA_TID6,1066
1.79353e+06,20,ACK,14
1.79358e+06,14,CTL,20
1.79366e+06,7,RTS,20
1.79366e+06,1,RTS,20
1.79378e+06,18,RTS,20
1.79378e+06,0,RTS,20
1.79388e+06,1,RTS,20
1.79395e+06,20,CTS,14
1.79401e+06,1,QOSDATA_TID6,1066
1.79419e+06,20,ACK,14
1.79423e+06,1,QOSDATA_TID6,1066
1.79442e+06,20,ACK,14
1.79446e+06,1,CTL,20
1.79455e+06,12,RTS,20
1.79455e+06,16,RTS,20
1.79455e+06,4,RTS,20
1.79462e+06,20,CTS,14
1.79468e+06,12,QOSDATA_TID6,1066
1.79486e+06,20,ACK,14
1.7949e+06,12,CTL,20
1.79499e+06,13,RTS,20
1.79499e+06,3,RTS,20
1.79499e+06,9,RTS,20
1.79509e+06,4,RTS,20
1.79516e+06,20,CTS,14
1.79522e+06,4,QOSDATA_TID6,1066
1.7954e+06,20,ACK,14
1.79544e+06,4,QOSDATA_TID6,1066
1.79563e+06,20,ACK,14
1.79567e+06,4,QOSDATA_TID6,1066
1.79586e+06,20,ACK,14
1.7959e+06,4,CTL,20
1.79599e+06,2,RTS,20
1.79605e+06,20,CTS,14
1.79611e+06,2,QOSDATA_TID6,1066
1.7963e+06,20,ACK,14
1.79634e+06,2,QOSDATA_TID6,1066
1.79653e+06,20,ACK,14
1.79657e+06,2,CTL,20
1.79666e+06,18,RTS,20
1.79666e+06,19,RTS,20
1.79666e+06,0,RTS,20
1.79666e+06,17,RTS,20
1.79666e+06,11,RTS,20
1.79675e+06,1,RTS,20
1.79675e+06,13,RTS,20
1.79675e+06,2,RTS,20
1.79686e+06,4,RTS,20
1.79693e+06,20,CTS,14
1.79699e+06,4,QOSDATA_TID6,1066
1.79718e+06,20,ACK,14
1.79722e+06,4,CTL,20
1.79731e+06,7,RTS,20
1.79738e+06,20,CTS,14
1.79744e+06,7,QOSDATA_TID6,1066
1.79762e+06,20,ACK,14
1.79766e+06,7,CTL,20
1.79775e+06,1,RTS,20
1.79775e+06,16,RTS,20
1.79775e+06,6,RTS,20
1.79775e+06,10,RTS,20
1.79786e+06,3,RTS,20
1.79786e+06,13,RTS,20
1.79798e+06,16,RTS,20
1.79798e+06,17,RTS,20
1.79798e+06,1,RTS,20
1.79798e+06,0,CTS,14
1.79808e+06,0,RTS,20
1.79815e+06,20,CTS,14
1.79821e+06,0,QOSDATA_TID6,1066
1.7984e+06,20,ACK,14
1.79844e+06,0,CTL,20
1.79853e+06,9,RTS,20
1.7986e+06,20,CTS,14
1.79866e+06,9,QOSDATA_TID6,1066
1.79884e+06,20,ACK,14
1.79888e+06,9,CTL,20
1.79897e+06,2,RTS,20
1.79897e+06,18,RTS,20
1.79897e+06,19,RTS,20
1.79897e+06,5,RTS,20
1.79897e+06,15,RTS,20
1.79904e+06,20,CTS,14
1.7991e+06,5,QOSDATA_TID6,1066
1.79928e+06,20,ACK,14
1.79932e+06,5,CTL,20
1.79941e+06,19,RTS,20
1.79948e+06,20,CTS,14
1.79954e+06,19,QOSDATA_TID6,1066
1.79972e+06,20,ACK,14
1.79977e+06,19,CTL,20
1.79985e+06,17,RTS,20
1.79985e+06,2,RTS,20
1.79992e+06,20,CTS,14
1.79998e+06,17,QOSDATA_TID6,1066
1.80016e+06,20,ACK,14
1.80021e+06,17,CTL,20
1.8003e+06,8,RTS,20
1.8003e+06,11,RTS,20
1.8003e+06,16,RTS,20
1.8003e+06,13,RTS,20
1.8003e+06,15,RTS,20
1.8003e+06,14,RTS,20
1.8004e+06,2,RTS,20
1.8004e+06,18,RTS,20
1.8004e+06,10,RTS,20
1.8005e+06,16,RTS,20
1.80057e+06,20,CTS,14
1.80063e+06,16,QOSDATA_TID6,1066
1.80081e+06,20,ACK,14
1.80086e+06,16,QOSDATA_TID6,1066
1.80104e+06,20,ACK,14
1.80108e+06,16,QOSDATA_TID6,1066
1.80127e+06,20,ACK,14
1.80131e+06,16,CTL,20
1.8014e+06,2,RTS,20
1.8014e+06,15,RTS,20
1.8015e+06,6,RTS,20
1.80156e+06,20,CTS,14
1.80162e+06,6,QOSDATA_TID6,1066
1.80181e+06,20,ACK,14
1.80185e+06,6,QOSDATA_TID6,1066
1.80204e+06,20,ACK,14
1.80208e+06,6,CTL,20
1.80217e+06,2,RTS,20
1.80217e+06,7,RTS,20
1.80227e+06,8,RTS,20
1.80234e+06,20,CTS,14
1.8024e+06,8,QOSDATA_TID6,1066
1.80259e+06,20,ACK,14
1.80263e+06,8,CTL,20
1.80272e+06,12,RTS,20
1.80278e+06,20,CTS,14
1.80284e+06,12,QOSDATA_TID6,1066
1.80303e+06,20,ACK,14
1.80307e+06,12,CTL,20
1.80316e+06,0,RTS,20
1.80316e+06,3,RTS,20
1.80316e+06,10,RTS,20
1.80326e+06,19,RTS,20
1.80326e+06,1,RTS,20
1.80326e+06,7,RTS,20
1.80326e+06,11,RTS,20
1.80335e+06,17,RTS,20
1.80335e+06,18,RTS,20
1.80342e+06,20,CTS,14
1.80348e+06,17,QOSDATA_TID6,1066
1.80367e+06,20,ACK,14
1.80371e+06,17,CTL,20
1.8038e+06,2,RTS,20
1.80387e+06,20,CTS,14
1.80393e+06,2,QOSDATA_TID6,1066
1.80412e+06,20,ACK,14
1.80416e+06,2,CTL,20
1.80425e+06,9,RTS,20
1.80425e+06,1,RTS,20
1.80425e+06,14,RTS,20
1.80425e+06,15,RTS,20
1.80425e+06,13,RTS,20
1.80435e+06,7,RTS,20
1.80435e+06,6,RTS,20
1.80448e+06,9,RTS,20
1.80455e+06,20,CTS,14
1.80461e+06,9,QOSDATA_TID6,1066
1.80479e+06,20,ACK,14
1.80484e+06,9,CTL,20
1.80492e+06,3,RTS,20
1.80492e+06,5,RTS,20
1.80492e+06,14,RTS,20
1.80499e+06,20,CTS,14
1.80505e+06,5,QOSDATA_TID6,1066
1.80523e+06,20,ACK,14
1.80528e+06,5,CTL,20
1.80536e+06,3,RTS,20
1.80543e+06,20,CTS,14
1.80549e+06,3,QOSDATA_TID6,1066
1.80568e+06,20,ACK,14
1.80572e+06,3,QOSDATA_TID6,1066
1.8059e+06,20,ACK,14
1.80595e+06,3,CTL,20
1.80603e+06,2,RTS,20
1.80603e+06,19,RTS,20
1.80603e+06,11,RTS,20
1.80603e+06,4,RTS,20
1.80603e+06,13,RTS,20
1.80614e+06,14,RTS,20
1.80614e+06,6,RTS,20
1.80625e+06,4,RTS,20
1.80632e+06,20,CTS,14
1.80638e+06,4,QOSDATA_TID6,1066
1.80656e+06,20,ACK,14
1.8066e+06,4,CTL,20
1.80669e+06,7,RTS,20
1.80669e+06,2,RTS,20
1.8068e+06,14,RTS,20
1.80686e+06,20,CTS,14
1.80692e+06,14,QOSDATA_TID6,1066
1.80711e+06,20,ACK,14
1.80715e+06,14,QOSDATA_TID6,1066
1.80734e+06,20,ACK,14
1.80738e+06,14,CTL,20
1.80747e+06,8,RTS,20
1.80754e+06,20,CTS,14
1.8076e+06,8,QOSDATA_TID6,1066
1.80778e+06,20,ACK,14
1.80782e+06,8,CTL,20
1.80791e+06,1,RTS,20
1.80791e+06,7,RTS,20
1.80791e+06,18,RTS,20
1.80791e+06,15,RTS,20
1.80802e+06,13,RTS,20
1.80808e+06,20,CTS,14
1.80814e+06,13,QOSDATA_TID6,1066
1.80833e+06,20,ACK,14
1.80837e+06,13,QOSDATA_TID6,1066
1.80856e+06,20,ACK,14
1.8086e+06,13,CTL,20
1.80869e+06,6,RTS,20
1.80875e+06,20,CTS,14
1.80881e+06,6,QOSDATA_TID6,1066
1.809e+06,20,ACK,14
1.80904e+06,6,CTL,20
1.80913e+06,19,RTS,20
1.8092e+06,20,CTS,14
1.80926e+06,19,QOSDATA_TID6,1066
1.80944e+06,20,ACK,14
1.80948e+06,19,CTL,20
1.80957e+06,11,RTS,20
1.80957e+06,16,RTS,20
1.80957e+06,0,RTS,20
1.80957e+06,15,RTS,20
1.80968e+06,2,RTS,20
1.80974e+06,20,CTS,14
1.8098e+06,2,QOSDATA_TID6,1066
1.80999e+06,20,ACK,14
1.81003e+06,2,CTL,20
1.81012e+06,13,RTS,20
1.81019e+06,20,CTS,14
1.81025e+06,13,QOSDATA_TID6,1066
1.81043e+06,20,ACK,14
1.81048e+06,13,CTL,20
1.81056e+06,11,RTS,20
1.81056e+06,16,RTS,20
1.81056e+06,10,RTS,20
1.81066e+06,1,RTS,20
1.81066e+06,12,RTS,20
1.81066e+06,15,RTS,20
1.81066e+06,7,RTS,20
1.81076e+06,16,RTS,20
1.81082e+06,20,CTS,14
1.81088e+06,16,QOSDATA_TID6,1066
1.81107e+06,20,ACK,14
1.81111e+06,16,CTL,20
1.8112e+06,11,RTS,20
1.8112e+06,0,CTS,14
1.8113e+06,0,RTS,20
1.81137e+06,20,CTS,14
1.81143e+06,0,QOSDATA_TID6,1066
1.81162e+06,20,ACK,14
1.81166e+06,0,QOSDATA_TID6,1066
1.81184e+06,20,ACK,14
1.81189e+06,0,CTL,20
1.81198e+06,18,RTS,20
1.81198e+06,17,RTS,20
1.81198e+06,9,RTS,20
1.81205e+06,20,CTS,14
1.81211e+06,17,QOSDATA_TID6,1066
1.81229e+06,20,ACK,14
1.81234e+06,17,CTL,20
1.81242e+06,9,RTS,20
1.81249e+06,20,CTS,14
1.81255e+06,9,QOSDATA_TID6,1066
1.81274e+06,20,ACK,14
1.81278e+06,9,CTL,20
1.81287e+06,2,RTS,20
1.81287e+06,4,RTS,20
1.81293e+06,20,CTS,14
1.81299e+06,2,QOSDATA_TID6,1066
1.81318e+06,20,ACK,14
1.81322e+06,2,CTL,20
1.81331e+06,19,RTS,20
1.81338e+06,20,CTS,14
1.81344e+06,19,QOSDATA_TID6,1066
1.81362e+06,20,ACK,14
1.81366e+06,19,CTL,20
1.81375e+06,3,RTS,20
1.81375e+06,7,RTS,20
1.81375e+06,18,RTS,20
1.81375e+06,6,RTS,20
1.81385e+06,5,RTS,20
1.81392e+06,20,CTS,14
1.81398e+06,5,QOSDATA_TID6,1066
1.81416e+06,20,ACK,14
1.8142e+06,5,CTL,20
1.81429e+06,3,RTS,20
1.81436e+06,20,CTS,14
1.81442e+06,3,QOSDATA_TID6,1066
1.8146e+06,20,ACK,14
1.81465e+06,3,CTL,20
1.81473e+06,1,RTS,20
1.81473e+06,8,RTS,20
1.81473e+06,11,RTS,20
1.81473e+06,4,RTS,20
1.81483e+06,12,RTS,20
1.81483e+06,15,RTS,20
1.8149e+06,20,CTS,14
1.81496e+06,12,QOSDATA_TID6,1066
1.81514e+06,20,ACK,14
1.81519e+06,12,CTL,20
1.81527e+06,11,RTS,20
1.81527e+06,14,RTS,20
1.81527e+06,10,RTS,20
1.81543e+06,14,RTS,20
1.8155e+06,20,CTS,14
1.81556e+06,14,QOSDATA_TID6,1066
1.81574e+06,20,ACK,14
1.81579e+06,14,CTL,20
1.81588e+06,15,RTS,20
1.81588e+06,1,RTS,20
1.816e+06,7,RTS,20
1.816e+06,10,RTS,20
1.81607e+06,20,CTS,14
1.81613e+06,7,QOSDATA_TID6,1066
1.81631e+06,20,ACK,14
1.81635e+06,7,CTL,20
1.81644e+06,15,RTS,20
1.81644e+06,10,RTS,20
1.81651e+06,20,CTS,14
1.81657e+06,15,QOSDATA_TID6,1066
1.81675e+06,20,ACK,14
1.8168e+06,15,QOSDATA_TID6,1066
1.81698e+06,20,ACK,14
1.81702e+06,15,QOSDATA_TID6,1066
1.81721e+06,20,ACK,14
1.81725e+06,15,CTL,20
1.81735e+06,6,RTS,20
1.81735e+06,1,RTS,20
1.81735e+06,16,RTS,20
1.81746e+06,7,RTS,20
1.81746e+06,10,RTS,20
1.81753e+06,20,CTS,14
1.81759e+06,7,QOSDATA_TID6,1066
1.81778e+06,20,ACK,14
1.81782e+06,7,CTL,20
1.8179e+06,13,RTS,20
1.8179e+06,9,RTS,20
1.818e+06,16,RTS,20
1.81807e+06,20,CTS,14
1.81813e+06,16,QOSDATA_TID6,1066
1.81832e+06,20,ACK,14
1.81836e+06,16,CTL,20
1.81844e+06,11,RTS,20
1.81844e+06,12,RTS,20
1.81851e+06,20,CTS,14
1.81857e+06,12,QOSDATA_TID6,1066
1.81876e+06,20,ACK,14
1.8188e+06,12,CTL,20
1.8189e+06,8,RTS,20
1.8189e+06,0,RTS,20
1.81896e+06,20,CTS,14
1.81902e+06,8,QOSDATA_TID6,1066
1.81921e+06,20,ACK,14
1.81925e+06,8,CTL,20
1.81934e+06,17,RTS,20
1.81934e+06,3,RTS,20
1.81941e+06,20,CTS,14
1.81947e+06,17,QOSDATA_TID6,1066
1.81965e+06,20,ACK,14
1.81969e+06,17,CTL,20
1.81978e+06,3,RTS,20
1.81985e+06,20,CTS,14
1.81991e+06,3,QOSDATA_TID6,1066
1.82009e+06,20,ACK,14
1.82014e+06,3,CTL,20
1.82022e+06,19,RTS,20
1.82022e+06,6,RTS,20
1.82036e+06,13,RTS,20
1.82042e+06,20,CTS,14
1.82048e+06,13,QOSDATA_TID6,1066
1.82067e+06,20,ACK,14
1.82071e+06,13,CTL,20
1.8208e+06,5,RTS,20
1.8208e+06,19,RTS,20
1.82087e+06,20,CTS,14
1.82093e+06,5,QOSDATA_TID6,1066
1.82111e+06,20,ACK,14
1.82115e+06,5,CTL,20
1.82125e+06,2,RTS,20
1.82125e+06,6,RTS,20
1.82125e+06,4,RTS,20
1.82125e+06,10,RTS,20
1.82136e+06,1,RTS,20
1.82136e+06,9,RTS,20
1.82136e+06,18,RTS,20
1.82148e+06,15,RTS,20
1.82155e+06,20,CTS,14
1.82161e+06,15,QOSDATA_TID6,1066
1.82179e+06,20,ACK,14
1.82184e+06,15,CTL,20
1.82192e+06,18,RTS,20
1.82192e+06,4,RTS,20
1.82192e+06,10,RTS,20
1.82204e+06,2,RTS,20
1.82204e+06,9,RTS,20
1.82211e+06,20,CTS,14
1.82217e+06,2,QOSDATA_TID6,1066
1.82235e+06,20,ACK,14
1.8224e+06,2,CTL,20
1.82249e+06,19,RTS,20
1.82256e+06,20,CTS,14
1.82262e+06,19,QOSDATA_TID6,1066
1.8228e+06,20,ACK,14
1.82285e+06,19,CTL,20
1.82294e+06,1,RTS,20
1.82294e+06,9,RTS,20
1.82294e+06,0,RTS,20
1.82305e+06,10,RTS,20
1.82312e+06,20,CTS,14
1.82318e+06,10,QOSDATA_TID6,1066
1.82336e+06,20,ACK,14
1.8234e+06,10,QOSDATA_TID6,1066
1.82359e+06,20,ACK,14
1.82363e+06,10,QOSDATA_TID6,1066
1.82382e+06,20,ACK,14
1.82386e+06,10,CTL,20
1.82395e+06,9,RTS,20
1.82395e+06,0,CTS,14
1.82407e+06,0,RTS,20
1.82414e+06,20,CTS,14
1.8242e+06,0,QOSDATA_TID6,1066
1.82438e+06,20,ACK,14
1.82442e+06,0,CTL,20
1.82452e+06,1,RTS,20
1.82452e+06,16,RTS,20
1.82459e+06,20,CTS,14
1.82465e+06,1,QOSDATA_TID6,1066
1.82483e+06,20,ACK,14
1.82488e+06,1,QOSDATA_TID6,1066
1.82506e+06,20,ACK,14
1.8251e+06,1,QOSDATA_TID6,1066
1.82529e+06,20,ACK,14
1.82533e+06,1,CTL,20
1.82542e+06,6,RTS,20
1.82549e+06,20,CTS,14
1.82555e+06,6,QOSDATA_TID6,1066
1.82573e+06,20,ACK,14
1.82577e+06,6,QOSDATA_TID6,1066
1.82596e+06,20,ACK,14
1.826e+06,6,CTL,20
1.82609e+06,14,RTS,20
1.82616e+06,20,CTS,14
1.82622e+06,14,QOSDATA_TID6,1066
1.8264e+06,20,ACK,14
1.82644e+06,14,CTL,20
1.82653e+06,8,RTS,20
1.82653e+06,16,RTS,20
1.8266e+06,20,CTS,14
1.82666e+06,8,QOSDATA_TID6,1066
1.82684e+06,20,ACK,14
1.82689e+06,8,CTL,20
1.82697e+06,19,RTS,20
1.82697e+06,7,RTS,20
1.82707e+06,11,RTS,20
1.82714e+06,20,CTS,14
1.8272e+06,11,QOSDATA_TID6,1066
1.82738e+06,20,ACK,14
1.82743e+06,11,QOSDATA_TID6,1066
1.82761e+06,20,ACK,14
1.82765e+06,11,QOSDATA_TID6,1066
1.82784e+06,20,ACK,14
1.82788e+06,11,QOSDATA_TID6,1066
1.82807e+06,20,ACK,14
1.82811e+06,11,QOSDATA_TID6,1066
1.82829e+06,20,ACK,14
1.82834e+06,11,CTL,20
1.82842e+06,0,RTS,20
1.82842e+06,18,RTS,20
1.82852e+06,13,RTS,20
1.82852e+06,4,RTS,20
1.82862e+06,17,RTS,20
1.82862e+06,10,RTS,20
1.82862e+06,2,RTS,20
1.82869e+06,20,CTS,14
1.82875e+06,17,QOSDATA_TID6,1066
1.82893e+06,20,ACK,14
1.82898e+06,17,CTL,20
1.82907e+06,1,RTS,20
1.82907e+06,5,RTS,20
1.82907e+06,19,RTS,20
1.82907e+06,9,RTS,20
1.82907e+06,18,RTS,20
1.82907e+06,6,RTS,20
1.82917e+06,7,RTS,20
1.82917e+06,16,RTS,20
1.82917e+06,4,RTS,20
1.82924e+06,20,CTS,14
1.8293e+06,7,QOSDATA_TID6,1066
1.82948e+06,20,ACK,14
1.82952e+06,7,CTL,20
1.82961e+06,16,RTS,20
1.82961e+06,19,RTS,20
1.82961e+06,6,RTS,20
1.82972e+06,12,RTS,20
1.82979e+06,20,CTS,14
1.82985e+06,12,QOSDATA_TID6,1066
1.83003e+06,20,ACK,14
1.83007e+06,12,CTL,20
1.83016e+06,9,RTS,20
1.83023e+06,20,CTS,14
1.83029e+06,9,QOSDATA_TID6,1066
1.83047e+06,20,ACK,14
1.83052e+06,9,QOSDATA_TID6,1066
1.8307e+06,20,ACK,14
1.83074e+06,9,CTL,20
1.83083e+06,8,RTS,20
1.83083e+06,1,RTS,20
1.83093e+06,3,RTS,20
1.83093e+06,15,RTS,20
1.83093e+06,10,RTS,20
1.83103e+06,2,RTS,20
1.8311e+06,20,CTS,14
1.83116e+06,2,QOSDATA_TID6,1066
1.83134e+06,20,ACK,14
1.83138e+06,2,CTL,20
1.83147e+06,10,RTS,20
1.83147e+06,16,RTS,20
1.83147e+06,4,RTS,20
1.83158e+06,13,RTS,20
1.83158e+06,14,RTS,20
1.83168e+06,5,RTS,20
1.83168e+06,8,RTS,20
1.83175e+06,20,CTS,14
1.83181e+06,5,QOSDATA_TID6,1066
1.832e+06,20,ACK,14
1.83204e+06,5,CTL,20
1.83212e+06,14,RTS,20
1.83219e+06,20,CTS,14
1.83225e+06,14,QOSDATA_TID6,1066
1.83244e+06,20,ACK,14
1.83248e+06,14,CTL,20
1.83257e+06,18,RTS,20
1.83264e+06,20,CTS,14
1.8327e+06,18,QOSDATA_TID6,1066
1.83288e+06,20,ACK,14
1.83292e+06,18,QOSDATA_TID6,1066
1.83311e+06,20,ACK,14
1.83315e+06,18,QOSDATA_TID6,1066
1.83334e+06,20,ACK,14
1.83338e+06,18,QOSDATA_TID6,1066
1.83356e+06,20,ACK,14
1.83361e+06,18,QOSDATA_TID6,1066
1.83379e+06,20,ACK,14
1.83384e+06,18,CTL,20
1.83392e+06,0,RTS,20
1.83392e+06,6,RTS,20
1.83392e+06,19,RTS,20
1.83402e+06,10,RTS,20
1.83409e+06,20,CTS,14
1.83415e+06,10,QOSDATA_TID6,1066
1.83433e+06,20,ACK,14
1.83438e+06,10,CTL,20
1.83447e+06,9,RTS,20
1.83447e+06,0,CTS,14
1.83447e+06,6,RTS,20
1.83447e+06,15,RTS,20
1.8346e+06,6,RTS,20
1.8346e+06,0,RTS,20
1.8347e+06,15,RTS,20
1.8347e+06,8,RTS,20
1.8347e+06,7,RTS,20
1.8347e+06,3,RTS,20
1.8347e+06,1,RTS,20
1.8347e+06,13,RTS,20
1.8348e+06,11,RTS,20
1.8348e+06,0,RTS,20
1.83486e+06,20,CTS,14
1.83492e+06,0,QOSDATA_TID6,1066
1.83511e+06,20,ACK,14
1.83515e+06,0,QOSDATA_TID6,1066
1.83534e+06,20,ACK,14
1.83538e+06,0,CTL,20
1.83547e+06,8,RTS,20
1.83554e+06,20,CTS,14
1.8356e+06,8,QOSDATA_TID6,1066
1.83578e+06,20,ACK,14
1.83582e+06,8,CTL,20
1.83591e+06,19,RTS,20
1.83591e+06,12,RTS,20
1.83591e+06,4,RTS,20
1.83598e+06,20,CTS,14
1.83604e+06,12,QOSDATA_TID6,1066
1.83622e+06,20,ACK,14
1.83626e+06,12,CTL,20
1.83635e+06,17,RTS,20
1.83635e+06,5,RTS,20
1.83635e+06,13,RTS,20
1.83645e+06,15,RTS,20
1.83645e+06,4,RTS,20
1.83652e+06,20,CTS,14
1.83658e+06,15,QOSDATA_TID6,1066
1.83676e+06,20,ACK,14
1.8368e+06,15,QOSDATA_TID6,1066
1.83699e+06,20,ACK,14
1.83703e+06,15,CTL,20
1.83713e+06,6,RTS,20
1.83713e+06,10,RTS,20
1.8372e+06,20,CTS,14
1.83726e+06,6,QOSDATA_TID6,1066
1.83744e+06,20,ACK,14
1.83748e+06,6,QOSDATA_TID6,1066
1.83767e+06,20,ACK,14
1.83771e+06,6,CTL,20
1.8378e+06,17,RTS,20
1.8378e+06,16,RTS,20
1.83787e+06,20,CTS,14
1.83793e+06,17,QOSDATA_TID6,1066
1.83811e+06,20,ACK,14
1.83815e+06,17,CTL,20
1.83825e+06,4,RTS,20
1.83832e+06,20,CTS,14
1.83838e+06,4,QOSDATA_TID6,1066
1.83856e+06,20,ACK,14
1.8386e+06,4,QOSDATA_TID6,1066
1.83879e+06,20,ACK,14
1.83883e+06,4,QOSDATA_TID6,1066
1.83902e+06,20,ACK,14
1.83906e+06,4,CTL,20
1.83915e+06,1,RTS,20
1.83915e+06,2,RTS,20
1.83915e+06,14,RTS,20
1.83928e+06,13,RTS,20
1.83935e+06,20,CTS,14
1.83941e+06,13,QOSDATA_TID6,1066
1.83959e+06,20,ACK,14
1.83964e+06,13,QOSDATA_TID6,1066
1.83982e+06,20,ACK,14
1.83987e+06,13,CTL,20
1.83995e+06,1,RTS,20
1.84002e+06,20,CTS,14
1.84008e+06,1,QOSDATA_TID6,1066
1.84026e+06,20,ACK,14
1.84031e+06,1,QOSDATA_TID6,1066
1.84049e+06,20,ACK,14
1.84054e+06,1,CTL,20
1.84062e+06,8,RTS,20
1.84062e+06,5,RTS,20
1.84062e+06,11,RTS,20
1.84062e+06,7,RTS,20
1.84062e+06,3,RTS,20
1.84062e+06,9,RTS,20
1.84062e+06,14,RTS,20
1.84073e+06,2,RTS,20
1.84073e+06,10,RTS,20
1.84073e+06,19,RTS,20
1.84084e+06,9,RTS,20
1.8409e+06,20,CTS,14
1.84096e+06,9,QOSDATA_TID6,1066
1.84115e+06,20,ACK,14
1.84119e+06,9,CTL,20
1.84128e+06,18,RTS,20
1.84135e+06,20,CTS,14
1.84141e+06,18,QOSDATA_TID6,1066
1.84159e+06,20,ACK,14
1.84163e+06,18,CTL,20
1.84172e+06,9,RTS,20
1.84172e+06,8,RTS,20
1.84172e+06,7,RTS,20
1.84172e+06,11,RTS,20
1.84183e+06,0,RTS,20
1.84183e+06,14,RTS,20
1.8419e+06,20,CTS,14
1.84196e+06,0,QOSDATA_TID6,1066
1.84214e+06,20,ACK,14
1.84218e+06,0,CTL,20
1.84228e+06,14,RTS,20
1.84235e+06,20,CTS,14
1.84241e+06,14,QOSDATA_TID6,1066
1.84259e+06,20,ACK,14
1.84263e+06,14,CTL,20
1.84272e+06,13,RTS,20
1.84272e+06,7,RTS,20
1.84272e+06,19,RTS,20
1.84272e+06,11,RTS,20
1.84282e+06,2,RTS,20
1.84282e+06,9,RTS,20
1.84289e+06,20,CTS,14
1.84295e+06,2,QOSDATA_TID6,1066
1.84313e+06,20,ACK,14
1.84317e+06,2,CTL,20
1.84326e+06,11,RTS,20
1.84333e+06,20,CTS,14
1.84339e+06,11,QOSDATA_TID6,1066
1.84357e+06,20,ACK,14
1.84362e+06,11,QOSDATA_TID6,1066
1.8438e+06,20,ACK,14
1.84384e+06,11,CTL,20
1.84393e+06,16,RTS,20
1.84393e+06,5,RTS,20
1.84393e+06,6,RTS,20
1.844e+06,20,CTS,14
1.84406e+06,5,QOSDATA_TID6,1066
1.84424e+06,20,ACK,14
1.84429e+06,5,CTL,20
1.84437e+06,5,RTS,20
1.84444e+06,20,CTS,14
1.8445e+06,5,QOSDATA_TID6,1066
1.84468e+06,20,ACK,14
1.84473e+06,5,CTL,20
1.84481e+06,2,RTS,20
1.84481e+06,3,RTS,20
1.84481e+06,10,RTS,20
1.84491e+06,8,RTS,20
1.84491e+06,1,RTS,20
1.84491e+06,12,RTS,20
1.84501e+06,17,RTS,20
1.84501e+06,15,RTS,20
1.84501e+06,10,RTS,20
1.84508e+06,20,CTS,14
1.84514e+06,17,QOSDATA_TID6,1066
1.84532e+06,20,ACK,14
1.84537e+06,17,CTL,20
1.84545e+06,12,RTS,20
1.84552e+06,20,CTS,14
1.84558e+06,12,QOSDATA_TID6,1066
1.84576e+06,20,ACK,14
1.84581e+06,12,CTL,20
1.84589e+06,7,RTS,20
1.84589e+06,19,RTS,20
1.84589e+06,13,RTS,20
1.846e+06,16,RTS,20
1.846e+06,4,RTS,20
1.84611e+06,9,RTS,20
1.84611e+06,6,RTS,20
1.84618e+06,20,CTS,14
1.84624e+06,6,QOSDATA_TID6,1066
1.84642e+06,20,ACK,14
1.84646e+06,6,CTL,20
1.84655e+06,16,RTS,20
1.84662e+06,20,CTS,14
1.84668e+06,16,QOSDATA_TID6,1066
1.84686e+06,20,ACK,14
1.84691e+06,16,QOSDATA_TID6,1066
1.84709e+06,20,ACK,14
1.84714e+06,16,CTL,20
1.84722e+06,19,RTS,20
1.84729e+06,20,CTS,14
1.84735e+06,19,QOSDATA_TID6,1066
1.84753e+06,20,ACK,14
1.84758e+06,19,QOSDATA_TID6,1066
1.84776e+06,20,ACK,14
1.8478e+06,19,CTL,20
1.84789e+06,2,RTS,20
1.84789e+06,3,RTS,20
1.84789e+06,10,RTS,20
1.84799e+06,8,RTS,20
1.84799e+06,15,RTS,20
1.84806e+06,20,CTS,14
1.84812e+06,8,QOSDATA_TID6,1066
1.8483e+06,20,ACK,14
1.84834e+06,8,QOSDATA_TID6,1066
1.84853e+06,20,ACK,14
1.84857e+06,8,CTL,20
1.84866e+06,16,RTS,20
1.84866e+06,18,RTS,20
1.84879e+06,16,RTS,20
1.84886e+06,20,CTS,14
1.84892e+06,16,QOSDATA_TID6,1066
1.8491e+06,20,ACK,14
1.84915e+06,16,CTL,20
1.84923e+06,0,RTS,20
1.8493e+06,20,CTS,14
1.84936e+06,0,QOSDATA_TID6,1066
1.84954e+06,20,ACK,14
1.84959e+06,0,CTL,20
1.84967e+06,14,RTS,20
1.84967e+06,7,RTS,20
1.84967e+06,1,RTS,20
1.84967e+06,9,RTS,20
1.84967e+06,13,RTS,20
1.84979e+06,18,RTS,20
1.84979e+06,4,RTS,20
1.84986e+06,20,CTS,14
1.84992e+06,18,QOSDATA_TID6,1066
1.8501e+06,20,ACK,14
1.85015e+06,18,CTL,20
1.85023e+06,13,RTS,20
1.8503e+06,20,CTS,14
1.85036e+06,13,QOSDATA_TID6,1066
1.85054e+06,20,ACK,14
1.85059e+06,13,QOSDATA_TID6,1066
1.85077e+06,20,ACK,14
1.85082e+06,13,CTL,20
1.8509e+06,15,RTS,20
1.8509e+06,12,RTS,20
1.85097e+06,20,CTS,14
1.85103e+06,12,QOSDATA_TID6,1066
1.85121e+06,20,ACK,14
1.85126e+06,12,CTL,20
1.85134e+06,17,RTS,20
1.85134e+06,6,RTS,20
1.85141e+06,20,CTS,14
1.85147e+06,17,QOSDATA_TID6,1066
1.85166e+06,20,ACK,14
1.8517e+06,17,CTL,20
1.8518e+06,4,RTS,20
1.8518e+06,9,RTS,20
1.85189e+06,15,RTS,20
1.85196e+06,20,CTS,14
1.85202e+06,15,QOSDATA_TID6,1066
1.8522e+06,20,ACK,14
1.85225e+06,15,CTL,20
1.85234e+06,9,RTS,20
1.8524e+06,20,CTS,14
1.85246e+06,9,QOSDATA_TID6,1066
1.85265e+06,20,ACK,14
1.85269e+06,9,QOSDATA_TID6,1066
1.85288e+06,20,ACK,14
1.85292e+06,9,CTL,20
1.853e+06,1,RTS,20
1.85307e+06,20,CTS,14
1.85313e+06,1,QOSDATA_TID6,1066
1.85332e+06,20,ACK,14
1.85336e+06,1,QOSDATA_TID6,1066
1.85354e+06,20,ACK,14
1.85359e+06,1,CTL,20
1.85368e+06,19,RTS,20
1.85368e+06,7,RTS,20
1.85368e+06,15,RTS,20
1.85377e+06,11,RTS,20
1.85377e+06,10,RTS,20
1.85388e+06,15,RTS,20
1.85388e+06,14,RTS,20
1.85399e+06,5,RTS,20
1.85399e+06,19,RTS,20
1.85399e+06,3,RTS,20
1.85406e+06,20,CTS,14
1.85412e+06,5,QOSDATA_TID6,1066
1.8543e+06,20,ACK,14
1.85435e+06,5,CTL,20
1.85443e+06,18,RTS,20
1.85443e+06,14,RTS,20
1.85454e+06,6,RTS,20
1.85461e+06,20,CTS,14
1.85467e+06,6,QOSDATA_TID6,1066
1.85485e+06,20,ACK,14
1.8549e+06,6,CTL,20
1.85498e+06,8,RTS,20
1.85498e+06,11,RTS,20
1.85505e+06,20,CTS,14
1.85511e+06,8,QOSDATA_TID6,1066
1.8553e+06,20,ACK,14
1.85534e+06,8,CTL,20
1.85543e+06,4,RTS,20
1.8555e+06,20,CTS,14
1.85556e+06,4,QOSDATA_TID6,1066
1.85575e+06,20,ACK,14
1.85579e+06,4,QOSDATA_TID6,1066
1.85597e+06,20,ACK,14
1.85602e+06,4,CTL,20
1.8561e+06,11,RTS,20
1.8561e+06,2,RTS,20
1.8561e+06,10,RTS,20
1.85622e+06,14,RTS,20
1.85629e+06,20,CTS,14
1.85635e+06,14,QOSDATA_TID6,1066
1.85653e+06,20,ACK,14
1.85658e+06,14,QOSDATA_TID6,1066
1.85676e+06,20,ACK,14
1.8568e+06,14,CTL,20
1.85689e+06,2,RTS,20
1.85689e+06,19,RTS,20
1.85699e+06,15,RTS,20
1.85706e+06,20,CTS,14
1.85712e+06,15,QOSDATA_TID6,1066
1.8573e+06,20,ACK,14
1.85734e+06,15,CTL,20
1.85744e+06,0,RTS,20
1.85744e+06,7,RTS,20
1.85744e+06,18,RTS,20
1.85744e+06,16,RTS,20
1.85758e+06,3,RTS,20
1.85765e+06,20,CTS,14
1.85771e+06,3,QOSDATA_TID6,1066
1.85789e+06,20,ACK,14
1.85794e+06,3,QOSDATA_TID6,1066
1.85812e+06,20,ACK,14
1.85817e+06,3,QOSDATA_TID6,1066
1.85835e+06,20,ACK,14
1.85839e+06,3,QOSDATA_TID6,1066
1.85858e+06,20,ACK,14
1.85862e+06,3,QOSDATA_TID6,1066
1.85881e+06,20,ACK,14
1.85885e+06,3,CTL,20
1.85894e+06,18,RTS,20
1.85894e+06,0,RTS,20
1.85894e+06,16,RTS,20
1.85894e+06,7,RTS,20
1.85902e+06,20,BEACON,152
1.85929e+06,0,CTS,14
1.85929e+06,18,RTS,20
1.85929e+06,9,RTS,20
1.8594e+06,0,RTS,20
1.85947e+06,20,CTS,14
1.85953e+06,0,QOSDATA_TID6,1066
1.85971e+06,20,ACK,14
1.85976e+06,0,CTL,20
1.85984e+06,17,RTS,20
1.85984e+06,19,RTS,20
1.85991e+06,20,CTS,14
1.85997e+06,17,QOSDATA_TID6,1066
1.86015e+06,20,ACK,14
1.8602e+06,17,CTL,20
1.86028e+06,9,RTS,20
1.86028e+06,13,RTS,20
1.86038e+06,1,RTS,20
1.86045e+06,20,CTS,14
1.86051e+06,1,QOSDATA_TID6,1066
1.86069e+06,20,ACK,14
1.86074e+06,1,CTL,20
1.86082e+06,13,RTS,20
1.86089e+06,20,CTS,14
1.86095e+06,13,QOSDATA_TID6,1066
1.86114e+06,20,ACK,14
1.86118e+06,13,CTL,20
1.86127e+06,16,RTS,20
1.86127e+06,6,RTS,20
1.86127e+06,9,RTS,20
1.86136e+06,5,RTS,20
1.86143e+06,20,CTS,14
1.86149e+06,5,QOSDATA_TID6,1066
1.86168e+06,20,ACK,14
1.86172e+06,5,CTL,20
1.86182e+06,19,RTS,20
1.86182e+06,12,RTS,20
1.86182e+06,7,RTS,20
1.86182e+06,18,RTS,20
1.86193e+06,15,RTS,20
1.86193e+06,4,RTS,20
1.862e+06,20,CTS,14
1.86206e+06,15,QOSDATA_TID6,1066
1.86224e+06,20,ACK,14
1.86229e+06,15,CTL,20
1.86237e+06,19,RTS,20
1.86244e+06,20,CTS,14
1.8625e+06,19,QOSDATA_TID6,1066
1.86269e+06,20,ACK,14
1.86273e+06,19,QOSDATA_TID6,1066
1.86291e+06,20,ACK,14
1.86296e+06,19,CTL,20
1.86304e+06,12,RTS,20
1.86311e+06,20,CTS,14
1.86317e+06,12,QOSDATA_TID6,1066
1.86336e+06,20,ACK,14
1.8634e+06,12,CTL,20
1.86349e+06,14,RTS,20
1.86355e+06,20,CTS,14
1.86361e+06,14,QOSDATA_TID6,1066
1.8638e+06,20,ACK,14
1.86384e+06,14,CTL,20
1.86393e+06,8,RTS,20
1.86393e+06,10,RTS,20
1.86393e+06,11,RTS,20
1.86393e+06,16,RTS,20
1.864e+06,20,CTS,14
1.86406e+06,8,QOSDATA_TID6,1066
1.86424e+06,20,ACK,14
1.86428e+06,8,CTL,20
1.86437e+06,9,RTS,20
1.86444e+06,20,CTS,14
1.8645e+06,9,QOSDATA_TID6,1066
1.86468e+06,20,ACK,14
1.86473e+06,9,CTL,20
1.86481e+06,2,RTS,20
1.86481e+06,10,RTS,20
1.86488e+06,20,CTS,14
1.86494e+06,2,QOSDATA_TID6,1066
1.86512e+06,20,ACK,14
1.86517e+06,2,QOSDATA_TID6,1066
1.86535e+06,20,ACK,14
1.8654e+06,2,QOSDATA_TID6,1066
1.86558e+06,20,ACK,14
1.86562e+06,2,CTL,20
1.86571e+06,4,RTS,20
1.86571e+06,13,RTS,20
1.86581e+06,7,RTS,20
1.86581e+06,9,RTS,20
1.86588e+06,20,CTS,14
1.86594e+06,7,QOSDATA_TID6,1066
1.86612e+06,20,ACK,14
1.86616e+06,7,QOSDATA_TID6,1066
1.86635e+06,20,ACK,14
1.86639e+06,7,QOSDATA_TID6,1066
1.86658e+06,20,ACK,14
1.86662e+06,7,QOSDATA_TID6,1066
1.8668e+06,20,ACK,14
1.86685e+06,7,CTL,20
1.86694e+06,11,RTS,20
1.86694e+06,6,RTS,20
1.86694e+06,18,RTS,20
1.86694e+06,3,RTS,20
1.86694e+06,9,RTS,20
1.86704e+06,12,RTS,20
1.86711e+06,20,CTS,14
1.86717e+06,12,QOSDATA_TID6,1066
1.86735e+06,20,ACK,14
1.8674e+06,12,CTL,20
1.86749e+06,1,RTS,20
1.86749e+06,19,RTS,20
1.86749e+06,3,RTS,20
1.8676e+06,17,RTS,20
1.8676e+06,4,RTS,20
1.8676e+06,13,RTS,20
1.86767e+06,20,CTS,14
1.86773e+06,17,QOSDATA_TID6,1066
1.86791e+06,20,ACK,14
1.86796e+06,17,CTL,20
1.86804e+06,0,RTS,20
1.86811e+06,20,CTS,14
1.86817e+06,0,QOSDATA_TID6,1066
1.86835e+06,20,ACK,14
1.8684e+06,0,CTL,20
1.86848e+06,18,RTS,20
1.86848e+06,5,RTS,20
1.86855e+06,20,CTS,14
1.86861e+06,5,QOSDATA_TID6,1066
1.8688e+06,20,ACK,14
1.86884e+06,5,CTL,20
1.86893e+06,1,RTS,20
1.86893e+06,9,RTS,20
1.86893e+06,13,RTS,20
1.86903e+06,6,RTS,20
1.86903e+06,4,RTS,20
1.8691e+06,20,CTS,14
1.86916e+06,6,QOSDATA_TID6,1066
1.86934e+06,20,ACK,14
1.86939e+06,6,QOSDATA_TID6,1066
1.86957e+06,20,ACK,14
1.86962e+06,6,CTL,20
1.86972e+06,2,RTS,20
1.86972e+06,10,RTS,20
1.86972e+06,1,RTS,20
1.86972e+06,19,RTS,20
1.86982e+06,11,RTS,20
1.86982e+06,16,RTS,20
1.86992e+06,19,RTS,20
1.86992e+06,10,RTS,20
1.86998e+06,20,CTS,14
1.87004e+06,19,QOSDATA_TID6,1066
1.87023e+06,20,ACK,14
1.87027e+06,19,CTL,20
1.87037e+06,3,RTS,20
1.87037e+06,4,RTS,20
1.87037e+06,15,RTS,20
1.8705e+06,4,RTS,20
1.8705e+06,15,RTS,20
1.8705e+06,1,RTS,20
1.87063e+06,18,RTS,20
1.87069e+06,20,CTS,14
1.87075e+06,18,QOSDATA_TID6,1066
1.87094e+06,20,ACK,14
1.87098e+06,18,QOSDATA_TID6,1066
1.87117e+06,20,ACK,14
1.87121e+06,18,CTL,20
1.8713e+06,8,RTS,20
1.8713e+06,14,RTS,20
1.8713e+06,15,RTS,20
1.87136e+06,20,CTS,14
1.87142e+06,8,QOSDATA_TID6,1066
1.87161e+06,20,ACK,14
1.87165e+06,8,CTL,20
1.87175e+06,11,RTS,20
1.87175e+06,3,RTS,20
1.87175e+06,10,RTS,20
1.87185e+06,15,RTS,20
1.87191e+06,20,CTS,14
1.87197e+06,15,QOSDATA_TID6,1066
1.87216e+06,20,ACK,14
1.8722e+06,15,CTL,20
1.87231e+06,13,RTS,20
1.87231e+06,16,RTS,20
1.87231e+06,10,RTS,20
1.8724e+06,14,RTS,20
1.87247e+06,20,CTS,14
1.87253e+06,14,QOSDATA_TID6,1066
1.87272e+06,20,ACK,14
1.87276e+06,14,CTL,20
1.87286e+06,16,RTS,20
1.87293e+06,20,CTS,14
1.87299e+06,16,QOSDATA_TID6,1066
1.87318e+06,20,ACK,14
1.87322e+06,16,QOSDATA_TID6,1066
1.8734e+06,20,ACK,14
1.87345e+06,16,QOSDATA_TID6,1066
1.87363e+06,20,ACK,14
1.87368e+06,16,CTL,20
1.87376e+06,2,RTS,20
1.87376e+06,9,RTS,20
1.87383e+06,20,CTS,14
1.87389e+06,2,QOSDATA_TID6,1066
1.87407e+06,20,ACK,14
1.87412e+06,2,CTL,20
1.87421e+06,0,RTS,20
1.87421e+06,1,RTS,20
1.87432e+06,3,RTS,20
1.87432e+06,13,RTS,20
1.87443e+06,1,RTS,20
1.8745e+06,20,CTS,14
1.87456e+06,1,QOSDATA_TID6,1066
1.87474e+06,20,ACK,14
1.87478e+06,1,CTL,20
1.87487e+06,11,RTS,20
1.87487e+06,12,RTS,20
1.87487e+06,0,RTS,20
1.87494e+06,20,CTS,14
1.875e+06,12,QOSDATA_TID6,1066
1.87518e+06,20,ACK,14
1.87522e+06,12,CTL,20
1.87531e+06,11,RTS,20
1.87538e+06,20,CTS,14
1.87544e+06,11,QOSDATA_TID6,1066
1.87562e+06,20,ACK,14
1.87567e+06,11,QOSDATA_TID6,1066
1.87585e+06,20,ACK,14
1.8759e+06,11,QOSDATA_TID6,1066
1.87608e+06,20,ACK,14
1.87612e+06,11,CTL,20
1.87621e+06,6,RTS,20
1.87628e+06,20,CTS,14
1.87634e+06,6,QOSDATA_TID6,1066
1.87652e+06,20,ACK,14
1.87656e+06,6,CTL,20
1.87665e+06,15,RTS,20
1.87665e+06,7,RTS,20
1.87665e+06,1,RTS,20
1.87665e+06,19,RTS,20
1.87665e+06,4,RTS,20
1.87675e+06,17,RTS,20
1.87682e+06,20,CTS,14
1.87688e+06,17,QOSDATA_TID6,1066
1.87706e+06,20,ACK,14
1.8771e+06,17,CTL,20
1.87719e+06,3,RTS,20
1.87719e+06,9,RTS,20
1.87719e+06,10,RTS,20
1.87729e+06,2,RTS,20
1.87729e+06,5,RTS,20
1.87729e+06,4,RTS,20
1.87736e+06,20,CTS,14
1.87742e+06,5,QOSDATA_TID6,1066
1.8776e+06,20,ACK,14
1.87764e+06,5,CTL,20
1.87773e+06,9,RTS,20
1.87773e+06,4,RTS,20
1.87773e+06,10,RTS,20
1.87785e+06,1,RTS,20
1.87792e+06,20,CTS,14
1.87798e+06,1,QOSDATA_TID6,1066
1.87816e+06,20,ACK,14
1.8782e+06,1,CTL,20
1.87829e+06,19,RTS,20
1.87829e+06,2,RTS,20
1.87829e+06,9,RTS,20
1.87829e+06,18,RTS,20
1.8784e+06,13,RTS,20
1.87846e+06,20,CTS,14
1.87852e+06,13,QOSDATA_TID6,1066
1.87871e+06,20,ACK,14
1.87875e+06,13,QOSDATA_TID6,1066
1.87894e+06,20,ACK,14
1.87898e+06,13,CTL,20
1.87907e+06,7,RTS,20
1.87907e+06,19,RTS,20
1.87907e+06,18,RTS,20
1.87916e+06,14,RTS,20
1.87916e+06,4,RTS,20
1.8793e+06,3,RTS,20
1.8793e+06,9,RTS,20
1.8794e+06,2,RTS,20
1.8794e+06,19,RTS,20
1.8795e+06,15,RTS,20
1.87956e+06,20,CTS,14
1.87962e+06,15,QOSDATA_TID6,1066
1.87981e+06,20,ACK,14
1.87985e+06,15,CTL,20
1.87995e+06,18,RTS,20
1.87995e+06,9,RTS,20
1.88001e+06,20,CTS,14
1.88007e+06,18,QOSDATA_TID6,1066
1.88026e+06,20,ACK,14
1.8803e+06,18,CTL,20
1.88041e+06,14,RTS,20
1.88047e+06,20,CTS,14
1.88053e+06,14,QOSDATA_TID6,1066
1.88072e+06,20,ACK,14
1.88076e+06,14,CTL,20
1.88085e+06,2,RTS,20
1.88085e+06,8,RTS,20
1.88092e+06,20,CTS,14
1.88098e+06,8,QOSDATA_TID6,1066
1.88116e+06,20,ACK,14
1.8812e+06,8,CTL,20
1.88129e+06,2,RTS,20
1.88136e+06,20,CTS,14
1.88142e+06,2,QOSDATA_TID6,1066
1.8816e+06,20,ACK,14
1.88165e+06,2,CTL,20
1.88173e+06,3,RTS,20
1.88173e+06,19,RTS,20
1.88173e+06,0,CTS,14
1.88173e+06,4,RTS,20
1.88184e+06,0,RTS,20
1.8819e+06,20,CTS,14
1.88196e+06,0,QOSDATA_TID6,1066
1.88215e+06,20,ACK,14
1.88219e+06,0,QOSDATA_TID6,1066
1.88238e+06,20,ACK,14
1.88242e+06,0,CTL,20
1.88251e+06,10,RTS,20
1.88251e+06,12,RTS,20
1.88257e+06,20,CTS,14
1.88263e+06,12,QOSDATA_TID6,1066
1.88282e+06,20,ACK,14
1.88286e+06,12,CTL,20
1.88295e+06,11,RTS,20
1.88295e+06,10,RTS,20
1.88312e+06,10,RTS,20
1.88319e+06,20,CTS,14
1.88325e+06,10,QOSDATA_TID6,1066
1.88344e+06,20,ACK,14
1.88348e+06,10,QOSDATA_TID6,1066
1.88366e+06,20,ACK,14
1.88371e+06,10,QOSDATA_TID6,1066
1.88389e+06,20,ACK,14
1.88394e+06,10,QOSDATA_TID6,1066
1.88412e+06,20,ACK,14
1.88416e+06,10,CTL,20
1.88425e+06,6,RTS,20
1.88425e+06,11,RTS,20
1.88435e+06,9,RTS,20
1.88442e+06,20,CTS,14
1.88448e+06,9,QOSDATA_TID6,1066
1.88466e+06,20,ACK,14
1.8847e+06,9,QOSDATA_TID6,1066
1.88489e+06,20,ACK,14
1.88493e+06,9,CTL,20
1.88502e+06,2,RTS,20
1.88509e+06,20,CTS,14
1.88515e+06,2,QOSDATA_TID6,1066
1.88533e+06,20,ACK,14
1.88537e+06,2,CTL,20
1.88546e+06,3,RTS,20
1.88546e+06,5,RTS,20
1.88546e+06,17,RTS,20
1.88546e+06,7,RTS,20
1.88546e+06,15,RTS,20
1.88546e+06,16,RTS,20
1.88557e+06,13,RTS,20
1.88557e+06,10,RTS,20
1.88567e+06,1,RTS,20
1.88573e+06,20,CTS,14
1.88579e+06,1,QOSDATA_TID6,1066
1.88598e+06,20,ACK,14
1.88602e+06,1,CTL,20
1.88612e+06,17,RTS,20
1.88612e+06,19,RTS,20
1.88612e+06,10,RTS,20
1.88618e+06,20,CTS,14
1.88624e+06,17,QOSDATA_TID6,1066
1.88643e+06,20,ACK,14
1.88647e+06,17,CTL,20
1.88657e+06,11,RTS,20
1.88657e+06,15,RTS,20
1.88667e+06,3,RTS,20
1.88673e+06,20,CTS,14
1.88679e+06,3,QOSDATA_TID6,1066
1.88698e+06,20,ACK,14
1.88702e+06,3,QOSDATA_TID6,1066
1.88721e+06,20,ACK,14
1.88725e+06,3,CTL,20
1.88734e+06,14,RTS,20
1.8874e+06,20,CTS,14
1.88746e+06,14,QOSDATA_TID6,1066
1.88765e+06,20,ACK,14
1.88769e+06,14,CTL,20
1.88778e+06,7,RTS,20
1.88778e+06,8,RTS,20
1.88788e+06,18,RTS,20
1.88794e+06,20,CTS,14
1.888e+06,18,QOSDATA_TID6,1066
1.88819e+06,20,ACK,14
1.88823e+06,18,CTL,20
1.88832e+06,8,RTS,20
1.88832e+06,11,RTS,20
1.88832e+06,16,RTS,20
1.88832e+06,4,RTS,20
1.88839e+06,20,CTS,14
1.88845e+06,8,QOSDATA_TID6,1066
1.88863e+06,20,ACK,14
1.88867e+06,8,CTL,20
1.88876e+06,11,RTS,20
1.88883e+06,20,CTS,14
1.88889e+06,11,QOSDATA_TID6,1066
1.88907e+06,20,ACK,14
1.88912e+06,11,CTL,20
1.8892e+06,6,RTS,20
1.8892e+06,10,RTS,20
1.88927e+06,20,CTS,14
1.88933e+06,6,QOSDATA_TID6,1066
1.88951e+06,20,ACK,14
1.88956e+06,6,CTL,20
1.88964e+06,10,RTS,20
1.88971e+06,20,CTS,14
1.88977e+06,10,QOSDATA_TID6,1066
1.88996e+06,20,ACK,14
1.89e+06,10,CTL,20
1.89009e+06,0,RTS,20
1.89009e+06,19,RTS,20
1.89019e+06,13,RTS,20
1.89026e+06,20,CTS,14
1.89032e+06,13,QOSDATA_TID6,1066
1.8905e+06,20,ACK,14
1.89055e+06,13,QOSDATA_TID6,1066
1.89073e+06,20,ACK,14
1.89078e+06,13,CTL,20
1.89087e+06,7,RTS,20
1.89087e+06,15,RTS,20
1.89087e+06,12,RTS,20
1.89087e+06,11,RTS,20
1.89087e+06,16,RTS,20
1.89087e+06,0,RTS,20
1.89087e+06,3,RTS,20
1.89099e+06,5,RTS,20
1.89106e+06,20,CTS,14
1.89112e+06,5,QOSDATA_TID6,1066
1.8913e+06,20,ACK,14
1.89134e+06,5,CTL,20
1.89144e+06,19,RTS,20
1.89144e+06,4,RTS,20
1.89144e+06,15,RTS,20
1.89156e+06,7,RTS,20
1.89163e+06,20,CTS,14
1.89169e+06,7,QOSDATA_TID6,1066
1.89188e+06,20,ACK,14
1.89192e+06,7,QOSDATA_TID6,1066
1.8921e+06,20,ACK,14
1.89215e+06,7,QOSDATA_TID6,1066
1.89233e+06,20,ACK,14
1.89238e+06,7,CTL,20
1.89246e+06,5,RTS,20
1.89246e+06,19,RTS,20
1.89253e+06,20,CTS,14
1.89259e+06,5,QOSDATA_TID6,1066
1.89277e+06,20,ACK,14
1.89282e+06,5,CTL,20
1.89291e+06,17,RTS,20
1.89291e+06,12,RTS,20
1.89301e+06,16,RTS,20
1.89301e+06,2,RTS,20
1.89301e+06,9,RTS,20
1.89311e+06,10,RTS,20
1.89318e+06,20,CTS,14
1.89324e+06,10,QOSDATA_TID6,1066
1.89342e+06,20,ACK,14
1.89347e+06,10,CTL,20
1.89355e+06,6,RTS,20
1.89355e+06,16,RTS,20
1.89365e+06,9,RTS,20
1.89372e+06,20,CTS,14
1.89378e+06,9,QOSDATA_TID6,1066
1.89396e+06,20,ACK,14
1.89401e+06,9,CTL,20
1.8941e+06,3,RTS,20
1.8941e+06,17,RTS,20
1.89417e+06,20,CTS,14
1.89423e+06,17,QOSDATA_TID6,1066
1.89441e+06,20,ACK,14
1.89446e+06,17,CTL,20
1.89455e+06,18,RTS,20
1.89462e+06,20,CTS,14
1.89468e+06,18,QOSDATA_TID6,1066
1.89486e+06,20,ACK,14
1.89491e+06,18,CTL,20
1.89499e+06,12,RTS,20
1.89499e+06,15,RTS,20
1.89499e+06,11,RTS,20
1.89506e+06,20,CTS,14
1.89512e+06,12,QOSDATA_TID6,1066
1.89531e+06,20,ACK,14
1.89535e+06,12,CTL,20
1.89544e+06,1,RTS,20
1.89544e+06,2,RTS,20
1.89544e+06,14,RTS,20
1.89555e+06,0,CTS,14
1.89566e+06,0,RTS,20
1.89572e+06,20,CTS,14
1.89578e+06,0,QOSDATA_TID6,1066
1.89597e+06,20,ACK,14
1.89601e+06,0,CTL,20
1.89611e+06,3,RTS,20
1.89611e+06,1,RTS,20
1.89618e+06,20,CTS,14
1.89624e+06,1,QOSDATA_TID6,1066
1.89642e+06,20,ACK,14
1.89646e+06,1,CTL,20
1.89655e+06,3,RTS,20
1.89655e+06,6,RTS,20
1.89655e+06,14,RTS,20
1.89666e+06,4,RTS,20
1.89672e+06,20,CTS,14
1.89678e+06,4,QOSDATA_TID6,1066
1.89697e+06,20,ACK,14
1.89701e+06,4,QOSDATA_TID6,1066
1.8972e+06,20,ACK,14
1.89724e+06,4,QOSDATA_TID6,1066
1.89742e+06,20,ACK,14
1.89747e+06,4,QOSDATA_TID6,1066
1.89765e+06,20,ACK,14
1.8977e+06,4,CTL,20
1.89778e+06,16,RTS,20
1.89778e+06,8,RTS,20
1.89778e+06,3,RTS,20
1.89785e+06,20,CTS,14
1.89791e+06,8,QOSDATA_TID6,1066
1.8981e+06,20,ACK,14
1.89814e+06,8,CTL,20
1.89823e+06,0,RTS,20
1.89823e+06,15,RTS,20
1.89833e+06,19,RTS,20
1.8984e+06,20,CTS,14
1.89846e+06,19,QOSDATA_TID6,1066
1.89864e+06,20,ACK,14
1.89869e+06,19,QOSDATA_TID6,1066
1.89887e+06,20,ACK,14
1.89892e+06,19,CTL,20
1.89901e+06,19,RTS,20
1.89901e+06,11,RTS,20
1.89901e+06,12,RTS,20
1.89908e+06,20,CTS,14
1.89914e+06,12,QOSDATA_TID6,1066
1.89932e+06,20,ACK,14
1.89937e+06,12,CTL,20
1.89945e+06,2,RTS,20
1.89945e+06,3,RTS,20
1.89952e+06,20,CTS,14
1.89958e+06,2,QOSDATA_TID6,1066
1.89976e+06,20,ACK,14
1.89981e+06,2,CTL,20
1.8999e+06,1,RTS,20
1.89996e+06,20,CTS,14
1.90002e+06,1,QOSDATA_TID6,1066
1.90021e+06,20,ACK,14
1.90025e+06,1,CTL,20
1.90034e+06,17,RTS,20
1.90034e+06,19,RTS,20
1.90034e+06,16,RTS,20
1.90034e+06,9,RTS,20
1.90034e+06,13,RTS,20
1.90044e+06,7,RTS,20
1.90051e+06,20,CTS,14
1.90057e+06,7,QOSDATA_TID6,1066
1.90076e+06,20,ACK,14
1.9008e+06,7,CTL,20
1.90089e+06,4,RTS,20
1.90089e+06,15,RTS,20
1.90089e+06,10,RTS,20
1.90098e+06,0,RTS,20
1.90098e+06,6,RTS,20
1.90108e+06,10,RTS,20
1.90115e+06,20,CTS,14
1.90121e+06,10,QOSDATA_TID6,1066
1.9014e+06,20,ACK,14
1.90144e+06,10,CTL,20
1.90152e+06,9,RTS,20
1.90152e+06,5,RTS,20
1.90159e+06,20,CTS,14
1.90165e+06,5,QOSDATA_TID6,1066
1.90184e+06,20,ACK,14
1.90188e+06,5,CTL,20
1.90198e+06,2,RTS,20
1.90198e+06,16,RTS,20
1.90198e+06,4,RTS,20
1.90207e+06,14,RTS,20
1.90214e+06,20,CTS,14
1.9022e+06,14,QOSDATA_TID6,1066
1.90239e+06,20,ACK,14
1.90243e+06,14,CTL,20
1.90252e+06,16,RTS,20
1.90252e+06,4,RTS,20
1.90262e+06,13,RTS,20
1.90262e+06,6,RTS,20
1.90272e+06,15,RTS,20
1.90279e+06,20,CTS,14
1.90285e+06,15,QOSDATA_TID6,1066
1.90303e+06,20,ACK,14
1.90308e+06,15,QOSDATA_TID6,1066
1.90326e+06,20,ACK,14
1.9033e+06,15,CTL,20
1.90339e+06,17,RTS,20
1.90346e+06,20,CTS,14
1.90352e+06,17,QOSDATA_TID6,1066
1.9037e+06,20,ACK,14
1.90375e+06,17,CTL,20
1.90383e+06,14,RTS,20
1.9039e+06,20,CTS,14
1.90396e+06,14,QOSDATA_TID6,1066
1.90414e+06,20,ACK,14
1.90419e+06,14,CTL,20
1.90428e+06,18,RTS,20
1.90428e+06,8,RTS,20
1.90428e+06,19,RTS,20
1.90437e+06,13,RTS,20
1.90444e+06,20,CTS,14
1.9045e+06,13,QOSDATA_TID6,1066
1.90468e+06,20,ACK,14
1.90473e+06,13,CTL,20
1.90482e+06,11,RTS,20
1.90482e+06,2,RTS,20
1.90482e+06,3,RTS,20
1.90482e+06,9,RTS,20
1.90491e+06,19,RTS,20
1.90498e+06,20,CTS,14
1.90504e+06,19,QOSDATA_TID6,1066
1.90522e+06,20,ACK,14
1.90527e+06,19,CTL,20
1.90536e+06,0,CTS,14
1.90545e+06,0,RTS,20
1.90552e+06,20,CTS,14
1.90558e+06,0,QOSDATA_TID6,1066
1.90576e+06,20,ACK,14
1.90581e+06,0,QOSDATA_TID6,1066
1.90599e+06,20,ACK,14
1.90604e+06,0,CTL,20
1.90612e+06,6,RTS,20
1.90612e+06,8,RTS,20
1.90612e+06,16,RTS,20
1.90619e+06,20,CTS,14
1.90625e+06,8,QOSDATA_TID6,1066
1.90643e+06,20,ACK,14
1.90648e+06,8,CTL,20
1.90656e+06,12,RTS,20
1.90663e+06,20,CTS,14
1.90669e+06,12,QOSDATA_TID6,1066
1.90688e+06,20,ACK,14
1.90692e+06,12,CTL,20
1.907e+06,7,RTS,20
1.907e+06,16,RTS,20
1.907e+06,19,RTS,20
1.907e+06,2,RTS,20
1.90713e+06,6,RTS,20
1.9072e+06,20,CTS,14
1.90726e+06,6,QOSDATA_TID6,1066
1.90744e+06,20,ACK,14
1.90749e+06,6,QOSDATA_TID6,1066
1.90767e+06,20,ACK,14
1.90771e+06,6,QOSDATA_TID6,1066
1.9079e+06,20,ACK,14
1.90794e+06,6,CTL,20
1.90804e+06,2,RTS,20
1.90804e+06,3,RTS,20
1.90804e+06,19,RTS,20
1.90804e+06,4,RTS,20
1.90815e+06,13,RTS,20
1.90822e+06,20,CTS,14
1.90828e+06,13,QOSDATA_TID6,1066
1.90846e+06,20,ACK,14
1.90851e+06,13,CTL,20
1.90861e+06,15,RTS,20
1.90861e+06,5,RTS,20
1.90861e+06,19,RTS,20
1.90861e+06,2,RTS,20
1.90861e+06,18,RTS,20
1.90861e+06,10,RTS,20
1.90868e+06,20,CTS,14
1.90874e+06,5,QOSDATA_TID6,1066
1.90892e+06,20,ACK,14
1.90897e+06,5,CTL,20
1.90906e+06,17,RTS,20
1.90912e+06,20,CTS,14
1.90918e+06,17,QOSDATA_TID6,1066
1.90937e+06,20,ACK,14
1.90941e+06,17,CTL,20
1.9095e+06,2,RTS,20
1.90957e+06,20,CTS,14
1.90963e+06,2,QOSDATA_TID6,1066
1.90981e+06,20,ACK,14
1.90985e+06,2,QOSDATA_TID6,1066
1.91004e+06,20,ACK,14
1.91008e+06,2,CTL,20
1.91017e+06,10,RTS,20
1.91024e+06,20,CTS,14
1.9103e+06,10,QOSDATA_TID6,1066
1.91048e+06,20,ACK,14
1.91052e+06,10,CTL,20
1.91061e+06,3,RTS,20
1.91061e+06,1,RTS,20
1.91061e+06,15,RTS,20
1.91071e+06,7,RTS,20
1.91078e+06,20,CTS,14
1.91084e+06,7,QOSDATA_TID6,1066
1.91102e+06,20,ACK,14
1.91106e+06,7,CTL,20
1.91115e+06,14,RTS,20
1.91115e+06,18,RTS,20
1.91125e+06,1,RTS,20
1.91132e+06,20,CTS,14
1.91138e+06,1,QOSDATA_TID6,1066
1.91156e+06,20,ACK,14
1.9116e+06,1,CTL,20
1.9117e+06,8,RTS,20
1.9117e+06,19,RTS,20
1.9117e+06,11,RTS,20
1.9117e+06,16,RTS,20
1.9117e+06,4,RTS,20
1.9118e+06,15,RTS,20
1.9118e+06,9,RTS,20
1.9118e+06,14,RTS,20
1.9119e+06,18,RTS,20
1.9119e+06,8,RTS,20
1.91196e+06,20,CTS,14
1.91202e+06,8,QOSDATA_TID6,1066
1.91221e+06,20,ACK,14
1.91225e+06,8,CTL,20
1.91235e+06,11,RTS,20
1.91241e+06,20,CTS,14
1.91247e+06,11,QOSDATA_TID6,1066
1.91266e+06,20,ACK,14
1.9127e+06,11,QOSDATA_TID6,1066
1.91289e+06,20,ACK,14
1.91293e+06,11,QOSDATA_TID6,1066
1.91311e+06,20,ACK,14
1.91316e+06,11,CTL,20
1.91325e+06,4,RTS,20
1.91325e+06,19,RTS,20
1.91325e+06,3,RTS,20
1.91325e+06,9,RTS,20
1.91337e+06,14,RTS,20
1.91344e+06,20,CTS,14
1.9135e+06,14,QOSDATA_TID6,1066
1.91368e+06,20,ACK,14
1.91372e+06,14,CTL,20
1.91381e+06,0,RTS,20
1.91381e+06,18,RTS,20
1.91391e+06,7,RTS,20
1.91391e+06,13,RTS,20
1.91398e+06,20,CTS,14
1.91404e+06,7,QOSDATA_TID6,1066
1.91422e+06,20,ACK,14
1.91426e+06,7,CTL,20
1.91436e+06,15,RTS,20
1.91443e+06,20,CTS,14
1.91449e+06,15,QOSDATA_TID6,1066
1.91467e+06,20,ACK,14
1.91472e+06,15,CTL,20
1.9148e+06,11,RTS,20
1.9148e+06,4,RTS,20
1.9149e+06,3,RTS,20
1.91497e+06,20,CTS,14
1.91503e+06,3,QOSDATA_TID6,1066
1.91521e+06,20,ACK,14
1.91526e+06,3,QOSDATA_TID6,1066
1.91544e+06,20,ACK,14
1.91548e+06,3,QOSDATA_TID6,1066
1.91567e+06,20,ACK,14
1.91571e+06,3,CTL,20
1.9158e+06,9,RTS,20
1.9158e+06,18,RTS,20
1.9158e+06,1,RTS,20
1.9158e+06,0,RTS,20
1.9158e+06,16,RTS,20
1.9158e+06,13,RTS,20
1.9159e+06,12,RTS,20
1.91597e+06,20,CTS,14
1.91603e+06,12,QOSDATA_TID6,1066
1.91622e+06,20,ACK,14
1.91626e+06,12,CTL,20
1.91635e+06,5,RTS,20
1.91635e+06,18,RTS,20
1.91642e+06,20,CTS,14
1.91648e+06,5,QOSDATA_TID6,1066
1.91666e+06,20,ACK,14
1.9167e+06,5,CTL,20
1.9168e+06,2,RTS,20
1.9168e+06,0,CTS,14
1.9168e+06,6,RTS,20
1.9168e+06,10,RTS,20
1.91691e+06,0,RTS,20
1.91698e+06,20,CTS,14
1.91704e+06,0,QOSDATA_TID6,1066
1.91722e+06,20,ACK,14
1.91727e+06,0,CTL,20
1.91735e+06,6,RTS,20
1.91735e+06,10,RTS,20
1.91735e+06,4,RTS,20
1.91746e+06,1,RTS,20
1.91746e+06,17,RTS,20
1.91746e+06,19,RTS,20
1.91757e+06,4,RTS,20
1.91757e+06,15,RTS,20
1.91764e+06,20,CTS,14
1.9177e+06,15,QOSDATA_TID6,1066
1.91788e+06,20,ACK,14
1.91792e+06,15,CTL,20
1.91801e+06,1,RTS,20
1.91808e+06,20,CTS,14
1.91814e+06,1,QOSDATA_TID6,1066
1.91832e+06,20,ACK,14
1.91837e+06,1,CTL,20
1.91846e+06,19,RTS,20
1.91846e+06,11,RTS,20
1.91846e+06,16,RTS,20
1.91846e+06,9,RTS,20
1.91858e+06,6,RTS,20
1.91858e+06,13,RTS,20
1.91868e+06,8,RTS,20
1.91874e+06,20,CTS,14
1.9188e+06,8,QOSDATA_TID6,1066
1.91899e+06,20,ACK,14
1.91903e+06,8,CTL,20
1.91913e+06,17,RTS,20
1.91913e+06,13,RTS,20
1.91913e+06,14,RTS,20
1.91919e+06,20,CTS,14
1.91925e+06,17,QOSDATA_TID6,1066
1.91944e+06,20,ACK,14
1.91948e+06,17,CTL,20
1.91958e+06,18,RTS,20
1.91958e+06,10,RTS,20
1.91968e+06,16,RTS,20
1.91974e+06,20,CTS,14
1.9198e+06,16,QOSDATA_TID6,1066
1.91999e+06,20,ACK,14
1.92003e+06,16,QOSDATA_TID6,1066
1.92022e+06,20,ACK,14
1.92026e+06,16,QOSDATA_TID6,1066
1.92044e+06,20,ACK,14
1.92049e+06,16,QOSDATA_TID6,1066
1.92067e+06,20,ACK,14
1.92072e+06,16,CTL,20
1.92081e+06,11,RTS,20
1.92081e+06,4,RTS,20
1.92081e+06,18,RTS,20
1.92092e+06,19,RTS,20
1.92098e+06,20,CTS,14
1.92104e+06,19,QOSDATA_TID6,1066
1.92123e+06,20,ACK,14
1.92127e+06,19,CTL,20
1.92137e+06,0,RTS,20
1.92137e+06,13,RTS,20
1.92144e+06,20,CTS,14
1.9215e+06,0,QOSDATA_TID6,1066
1.92168e+06,20,ACK,14
1.92172e+06,0,CTL,20
1.92182e+06,13,RTS,20
1.92189e+06,20,CTS,14
1.92195e+06,13,QOSDATA_TID6,1066
1.92213e+06,20,ACK,14
1.92218e+06,13,QOSDATA_TID6,1066
1.92236e+06,20,ACK,14
1.9224e+06,13,CTL,20
1.92249e+06,14,RTS,20
1.92249e+06,11,RTS,20
1.92249e+06,6,RTS,20
1.92249e+06,2,RTS,20
1.92249e+06,9,RTS,20
1.92259e+06,7,RTS,20
1.92266e+06,20,CTS,14
1.92272e+06,7,QOSDATA_TID6,1066
1.9229e+06,20,ACK,14
1.92294e+06,7,CTL,20
1.92303e+06,12,RTS,20
1.92303e+06,19,RTS,20
1.92303e+06,14,RTS,20
1.92303e+06,3,RTS,20
1.9231e+06,20,CTS,14
1.92316e+06,12,QOSDATA_TID6,1066
1.92334e+06,20,ACK,14
1.92338e+06,12,CTL,20
1.92348e+06,17,RTS,20
1.92348e+06,19,RTS,20
1.92348e+06,10,RTS,20
1.92355e+06,20,CTS,14
1.92361e+06,17,QOSDATA_TID6,1066
1.92379e+06,20,ACK,14
1.92384e+06,17,CTL,20
1.92392e+06,1,RTS,20
1.92392e+06,11,RTS,20
1.92399e+06,20,CTS,14
1.92405e+06,1,QOSDATA_TID6,1066
1.92423e+06,20,ACK,14
1.92428e+06,1,CTL,20
1.92436e+06,5,RTS,20
1.92443e+06,20,CTS,14
1.92449e+06,5,QOSDATA_TID6,1066
1.92468e+06,20,ACK,14
1.92472e+06,5,CTL,20
1.92481e+06,11,RTS,20
1.92481e+06,4,RTS,20
1.92481e+06,10,RTS,20
1.92481e+06,15,RTS,20
1.92492e+06,19,RTS,20
1.92499e+06,20,CTS,14
1.92505e+06,19,QOSDATA_TID6,1066
1.92523e+06,20,ACK,14
1.92528e+06,19,CTL,20
1.92537e+06,18,RTS,20
1.92537e+06,6,RTS,20
1.9255e+06,6,RTS,20
1.92557e+06,20,CTS,14
1.92563e+06,6,QOSDATA_TID6,1066
1.92582e+06,20,ACK,14
1.92586e+06,6,QOSDATA_TID6,1066
1.92604e+06,20,ACK,14
1.92609e+06,6,CTL,20
1.92618e+06,11,RTS,20
1.92624e+06,20,CTS,14
1.9263e+06,11,QOSDATA_TID6,1066
1.92649e+06,20,ACK,14
1.92653e+06,11,QOSDATA_TID6,1066
1.92672e+06,20,ACK,14
1.92676e+06,11,CTL,20
1.92684e+06,4,RTS,20
1.92691e+06,20,CTS,14
1.92697e+06,4,QOSDATA_TID6,1066
1.92716e+06,20,ACK,14
1.9272e+06,4,QOSDATA_TID6,1066
1.92738e+06,20,ACK,14
1.92743e+06,4,QOSDATA_TID6,1066
1.92761e+06,20,ACK,14
1.92766e+06,4,CTL,20
1.92774e+06,9,RTS,20
1.92781e+06,20,CTS,14
1.92787e+06,9,QOSDATA_TID6,1066
1.92806e+06,20,ACK,14
1.9281e+06,9,QOSDATA_TID6,1066
1.92828e+06,20,ACK,14
1.92833e+06,9,QOSDATA_TID6,1066
1.92851e+06,20,ACK,14
1.92856e+06,9,CTL,20
1.92864e+06,10,RTS,20
1.92864e+06,8,RTS,20
1.92864e+06,14,RTS,20
1.92871e+06,20,CTS,14
1.92877e+06,8,QOSDATA_TID6,1066
1.92895e+06,20,ACK,14
1.929e+06,8,CTL,20
1.92908e+06,0,RTS,20
1.92915e+06,20,CTS,14
1.92921e+06,0,QOSDATA_TID6,1066
1.9294e+06,20,ACK,14
1.92944e+06,0,CTL,20
1.92952e+06,15,RTS,20
1.92952e+06,3,RTS,20
1.92964e+06,16,RTS,20
1.92971e+06,20,CTS,14
1.92977e+06,16,QOSDATA_TID6,1066
1.92995e+06,20,ACK,14
1.93e+06,16,CTL,20
1.93008e+06,13,RTS,20
1.93015e+06,20,CTS,14
1.93021e+06,13,QOSDATA_TID6,1066
1.9304e+06,20,ACK,14
1.93044e+06,13,CTL,20
1.93052e+06,2,RTS,20
1.93052e+06,18,RTS,20
1.93062e+06,14,RTS,20
1.93062e+06,7,RTS,20
1.93069e+06,20,CTS,14
1.93075e+06,7,QOSDATA_TID6,1066
1.93094e+06,20,ACK,14
1.93098e+06,7,CTL,20
1.93106e+06,6,RTS,20
1.93113e+06,20,CTS,14
1.93119e+06,6,QOSDATA_TID6,1066
1.93138e+06,20,ACK,14
1.93142e+06,6,CTL,20
1.93151e+06,12,RTS,20
1.93151e+06,9,RTS,20
1.93151e+06,11,RTS,20
1.93158e+06,20,CTS,14
1.93164e+06,12,QOSDATA_TID6,1066
1.93182e+06,20,ACK,14
1.93186e+06,12,CTL,20
1.93195e+06,1,RTS,20
1.93195e+06,11,RTS,20
1.93202e+06,20,CTS,14
1.93208e+06,1,QOSDATA_TID6,1066
1.93226e+06,20,ACK,14
1.9323e+06,1,CTL,20
1.93239e+06,15,RTS,20
1.93239e+06,14,RTS,20
1.93249e+06,17,RTS,20
1.93256e+06,20,CTS,14
1.93262e+06,17,QOSDATA_TID6,1066
1.9328e+06,20,ACK,14
1.93284e+06,17,CTL,20
1.93293e+06,19,RTS,20
1.93293e+06,4,RTS,20
1.93293e+06,3,RTS,20
1.93303e+06,14,RTS,20
1.9331e+06,20,CTS,14
1.93316e+06,14,QOSDATA_TID6,1066
1.93334e+06,20,ACK,14
1.93339e+06,14,QOSDATA_TID6,1066
1.93357e+06,20,ACK,14
1.93361e+06,14,CTL,20
1.9337e+06,19,RTS,20
1.93377e+06,20,CTS,14
1.93383e+06,19,QOSDATA_TID6,1066
1.93401e+06,20,ACK,14
1.93406e+06,19,CTL,20
1.93414e+06,5,RTS,20
1.93414e+06,9,RTS,20
1.93421e+06,20,CTS,14
1.93427e+06,5,QOSDATA_TID6,1066
1.93445e+06,20,ACK,14
1.9345e+06,5,CTL,20
1.93459e+06,2,RTS,20
1.93459e+06,11,RTS,20
1.93459e+06,18,RTS,20
1.93459e+06,10,RTS,20
1.93459e+06,15,RTS,20
1.9347e+06,3,RTS,20
1.9347e+06,9,RTS,20
1.93481e+06,8,RTS,20
1.93488e+06,20,CTS,14
1.93494e+06,8,QOSDATA_TID6,1066
1.93512e+06,20,ACK,14
1.93516e+06,8,CTL,20
1.93525e+06,2,RTS,20
1.93525e+06,18,RTS,20
1.93525e+06,10,RTS,20
1.93525e+06,14,RTS,20
1.93535e+06,4,RTS,20
1.93542e+06,20,CTS,14
1.93548e+06,4,QOSDATA_TID6,1066
1.93566e+06,20,ACK,14
1.9357e+06,4,CTL,20
1.93579e+06,9,RTS,20
1.93586e+06,20,CTS,14
1.93592e+06,9,QOSDATA_TID6,1066
1.9361e+06,20,ACK,14
1.93614e+06,9,CTL,20
1.93624e+06,3,RTS,20
1.93624e+06,18,RTS,20
1.93624e+06,11,RTS,20
1.93636e+06,2,RTS,20
1.93636e+06,14,RTS,20
1.93643e+06,20,CTS,14
1.93649e+06,2,QOSDATA_TID6,1066
1.93668e+06,20,ACK,14
1.93672e+06,2,QOSDATA_TID6,1066
1.9369e+06,20,ACK,14
1.93695e+06,2,QOSDATA_TID6,1066
1.93713e+06,20,ACK,14
1.93718e+06,2,CTL,20
1.93726e+06,11,RTS,20
1.93733e+06,20,CTS,14
1.93739e+06,11,QOSDATA_TID6,1066
1.93758e+06,20,ACK,14
1.93762e+06,11,CTL,20
1.9377e+06,13,RTS,20
1.9377e+06,0,RTS,20
1.93777e+06,20,CTS,14
1.93783e+06,0,QOSDATA_TID6,1066
1.93802e+06,20,ACK,14
1.93806e+06,0,CTL,20
1.93816e+06,10,RTS,20
1.93816e+06,7,RTS,20
1.93816e+06,16,RTS,20
1.93822e+06,20,CTS,14
1.93828e+06,7,QOSDATA_TID6,1066
1.93847e+06,20,ACK,14
1.93851e+06,7,CTL,20
1.9386e+06,10,RTS,20
1.93867e+06,20,CTS,14
1.93873e+06,10,QOSDATA_TID6,1066
1.93891e+06,20,ACK,14
1.93895e+06,10,QOSDATA_TID6,1066
1.93914e+06,20,ACK,14
1.93918e+06,10,CTL,20
1.93927e+06,1,RTS,20
1.93934e+06,20,CTS,14
1.9394e+06,1,QOSDATA_TID6,1066
1.93958e+06,20,ACK,14
1.93962e+06,1,CTL,20
1.93971e+06,19,RTS,20
1.93971e+06,11,RTS,20
1.93971e+06,16,RTS,20
1.93971e+06,18,RTS,20
1.93971e+06,15,RTS,20
1.93982e+06,6,RTS,20
1.93982e+06,12,RTS,20
1.93982e+06,13,RTS,20
1.93982e+06,9,RTS,20
1.93988e+06,20,CTS,14
1.93994e+06,12,QOSDATA_TID6,1066
1.94013e+06,20,ACK,14
1.94017e+06,12,CTL,20
1.94026e+06,11,RTS,20
1.94033e+06,20,CTS,14
1.94039e+06,11,QOSDATA_TID6,1066
1.94057e+06,20,ACK,14
1.94062e+06,11,CTL,20
1.9407e+06,17,RTS,20
1.9407e+06,13,RTS,20
1.94077e+06,20,CTS,14
1.94083e+06,17,QOSDATA_TID6,1066
1.94101e+06,20,ACK,14
1.94106e+06,17,CTL,20
1.94114e+06,4,RTS,20
1.94121e+06,20,CTS,14
1.94127e+06,4,QOSDATA_TID6,1066
1.94146e+06,20,ACK,14
1.9415e+06,4,CTL,20
1.94159e+06,5,RTS,20
1.94159e+06,13,RTS,20
1.94159e+06,3,RTS,20
1.94159e+06,14,RTS,20
1.94165e+06,20,CTS,14
1.94171e+06,5,QOSDATA_TID6,1066
1.9419e+06,20,ACK,14
1.94194e+06,5,CTL,20
1.94204e+06,3,RTS,20
1.94204e+06,16,RTS,20
1.94214e+06,19,RTS,20
1.94214e+06,6,RTS,20
1.94226e+06,2,RTS,20
1.94232e+06,20,CTS,14
1.94238e+06,2,QOSDATA_TID6,1066
1.94257e+06,20,ACK,14
1.94261e+06,2,CTL,20
1.94271e+06,8,RTS,20
1.94277e+06,20,CTS,14
1.94283e+06,8,QOSDATA_TID6,1066
1.94302e+06,20,ACK,14
1.94306e+06,8,CTL,20
1.94315e+06,15,RTS,20
1.94315e+06,10,RTS,20
1.94315e+06,14,RTS,20
1.94326e+06,16,RTS,20
1.94333e+06,20,CTS,14
1.94339e+06,16,QOSDATA_TID6,1066
1.94358e+06,20,ACK,14
1.94362e+06,16,CTL,20
1.94371e+06,6,RTS,20
1.94377e+06,20,CTS,14
1.94383e+06,6,QOSDATA_TID6,1066
1.94402e+06,20,ACK,14
1.94406e+06,6,CTL,20
1.94415e+06,19,RTS,20
1.94422e+06,20,CTS,14
1.94428e+06,19,QOSDATA_TID6,1066
1.94446e+06,20,ACK,14
1.9445e+06,19,CTL,20
1.94459e+06,18,RTS,20
1.94459e+06,13,RTS,20
1.94472e+06,18,RTS,20
1.94479e+06,20,CTS,14
1.94485e+06,18,QOSDATA_TID6,1066
1.94503e+06,20,ACK,14
1.94508e+06,18,QOSDATA_TID6,1066
1.94526e+06,20,ACK,14
1.9453e+06,18,QOSDATA_TID6,1066
1.94549e+06,20,ACK,14
1.94553e+06,18,QOSDATA_TID6,1066
1.94572e+06,20,ACK,14
1.94576e+06,18,CTL,20
1.94585e+06,0,RTS,20
1.94585e+06,14,RTS,20
1.94592e+06,20,CTS,14
1.94598e+06,0,QOSDATA_TID6,1066
1.94616e+06,20,ACK,14
1.9462e+06,0,CTL,20
1.94629e+06,16,RTS,20
1.94636e+06,20,CTS,14
1.94642e+06,16,QOSDATA_TID6,1066
1.9466e+06,20,ACK,14
1.94664e+06,16,CTL,20
1.94673e+06,9,RTS,20
1.94673e+06,10,RTS,20
1.94683e+06,12,RTS,20
1.94683e+06,7,RTS,20
1.94683e+06,11,RTS,20
1.94694e+06,15,RTS,20
1.947e+06,20,CTS,14
1.94706e+06,15,QOSDATA_TID6,1066
1.94725e+06,20,ACK,14
1.94729e+06,15,QOSDATA_TID6,1066
1.94748e+06,20,ACK,14
1.94752e+06,15,QOSDATA_TID6,1066
1.9477e+06,20,ACK,14
1.94775e+06,15,CTL,20
1.94783e+06,3,RTS,20
1.9479e+06,20,CTS,14
1.94796e+06,3,QOSDATA_TID6,1066
1.94815e+06,20,ACK,14
1.94819e+06,3,QOSDATA_TID6,1066
1.94838e+06,20,ACK,14
1.94842e+06,3,QOSDATA_TID6,1066
1.9486e+06,20,ACK,14
1.94865e+06,3,CTL,20
1.94873e+06,9,RTS,20
1.94873e+06,10,RTS,20
1.94873e+06,13,RTS,20
1.94883e+06,17,RTS,20
1.94883e+06,19,RTS,20
1.9489e+06,20,CTS,14
1.94896e+06,17,QOSDATA_TID6,1066
1.94914e+06,20,ACK,14
1.94919e+06,17,CTL,20
1.94927e+06,1,RTS,20
1.94927e+06,14,RTS,20
1.94934e+06,20,CTS,14
1.9494e+06,1,QOSDATA_TID6,1066
1.94958e+06,20,ACK,14
1.94963e+06,1,CTL,20
1.94972e+06,14,RTS,20
1.94978e+06,20,CTS,14
1.94984e+06,14,QOSDATA_TID6,1066
1.95003e+06,20,ACK,14
1.95007e+06,14,QOSDATA_TID6,1066
1.95026e+06,20,ACK,14
1.9503e+06,14,CTL,20
1.95038e+06,6,RTS,20
1.95038e+06,18,RTS,20
1.95038e+06,2,RTS,20
1.95049e+06,5,RTS,20
1.95049e+06,7,RTS,20
1.95049e+06,4,RTS,20
1.95056e+06,20,CTS,14
1.95062e+06,5,QOSDATA_TID6,1066
1.9508e+06,20,ACK,14
1.95085e+06,5,CTL,20
1.95094e+06,8,RTS,20
1.95101e+06,20,CTS,14
1.95107e+06,8,QOSDATA_TID6,1066
1.95126e+06,20,ACK,14
1.9513e+06,8,CTL,20
1.95138e+06,15,RTS,20
1.95145e+06,20,CTS,14
1.95151e+06,15,QOSDATA_TID6,1066
1.9517e+06,20,ACK,14
1.95174e+06,15,CTL,20
1.95183e+06,14,RTS,20
1.95183e+06,11,RTS,20
1.95192e+06,13,RTS,20
1.95192e+06,10,RTS,20
1.95204e+06,19,RTS,20
1.9521e+06,20,CTS,14
1.95216e+06,19,QOSDATA_TID6,1066
1.95235e+06,20,ACK,14
1.95239e+06,19,CTL,20
1.95248e+06,16,RTS,20
1.95255e+06,20,CTS,14
1.95261e+06,16,QOSDATA_TID6,1066
1.95279e+06,20,ACK,14
1.95283e+06,16,CTL,20
1.95292e+06,12,RTS,20
1.95292e+06,9,RTS,20
1.95292e+06,6,RTS,20
1.95299e+06,20,CTS,14
1.95305e+06,12,QOSDATA_TID6,1066
1.95323e+06,20,ACK,14
1.95328e+06,12,CTL,20
1.95337e+06,7,RTS,20
1.95337e+06,0,RTS,20
1.95337e+06,14,RTS,20
1.95337e+06,18,RTS,20
1.95352e+06,0,RTS,20
1.95352e+06,9,RTS,20
1.95359e+06,20,CTS,14
1.95365e+06,0,QOSDATA_TID6,1066
1.95383e+06,20,ACK,14
1.95388e+06,0,CTL,20
1.95398e+06,7,RTS,20
1.95398e+06,13,RTS,20
1.95398e+06,4,RTS,20
1.95405e+06,20,CTS,14
1.95411e+06,7,QOSDATA_TID6,1066
1.95429e+06,20,ACK,14
1.95434e+06,7,QOSDATA_TID6,1066
1.95452e+06,20,ACK,14
1.95456e+06,7,CTL,20
1.95465e+06,2,RTS,20
1.95465e+06,3,RTS,20
1.95465e+06,10,RTS,20
1.95475e+06,13,RTS,20
1.95482e+06,20,CTS,14
1.95488e+06,13,QOSDATA_TID6,1066
1.95506e+06,20,ACK,14
1.9551e+06,13,QOSDATA_TID6,1066
1.95529e+06,20,ACK,14
1.95533e+06,13,CTL,20
1.95542e+06,4,RTS,20
1.95542e+06,3,RTS,20
1.95552e+06,19,RTS,20
1.95559e+06,20,CTS,14
1.95565e+06,19,QOSDATA_TID6,1066
1.95584e+06,20,ACK,14
1.95588e+06,19,CTL,20
1.95597e+06,1,RTS,20
1.95597e+06,17,RTS,20
1.95597e+06,4,RTS,20
1.95606e+06,18,RTS,20
1.95606e+06,6,RTS,20
1.95616e+06,12,RTS,20
1.95623e+06,20,CTS,14
1.95629e+06,12,QOSDATA_TID6,1066
1.95648e+06,20,ACK,14
1.95652e+06,12,CTL,20
1.95662e+06,1,RTS,20
1.95662e+06,15,RTS,20
1.95673e+06,10,RTS,20
1.9568e+06,20,CTS,14
1.95686e+06,10,QOSDATA_TID6,1066
1.95704e+06,20,ACK,14
1.95709e+06,10,QOSDATA_TID6,1066
1.95727e+06,20,ACK,14
1.95732e+06,10,QOSDATA_TID6,1066
1.9575e+06,20,ACK,14
1.95754e+06,10,CTL,20
1.95763e+06,15,RTS,20
1.9577e+06,20,CTS,14
1.95776e+06,15,QOSDATA_TID6,1066
1.95794e+06,20,ACK,14
1.95798e+06,15,CTL,20
1.95807e+06,18,RTS,20
1.95814e+06,20,CTS,14
1.9582e+06,18,QOSDATA_TID6,1066
1.95838e+06,20,ACK,14
1.95843e+06,18,QOSDATA_TID6,1066
1.95861e+06,20,ACK,14
1.95866e+06,18,CTL,20
1.95874e+06,6,RTS,20
1.95874e+06,17,RTS,20
1.95874e+06,14,RTS,20
1.95874e+06,11,RTS,20
1.95885e+06,2,RTS,20
1.95885e+06,3,RTS,20
1.95892e+06,20,CTS,14
1.95898e+06,2,QOSDATA_TID6,1066
1.95916e+06,20,ACK,14
1.9592e+06,2,QOSDATA_TID6,1066
1.95939e+06,20,ACK,14
1.95943e+06,2,CTL,20
1.95953e+06,5,RTS,20
1.95953e+06,11,RTS,20
1.9596e+06,20,CTS,14
1.95966e+06,5,QOSDATA_TID6,1066
1.95984e+06,20,ACK,14
1.95988e+06,5,CTL,20
1.95997e+06,1,RTS,20
1.96004e+06,20,CTS,14
1.9601e+06,1,QOSDATA_TID6,1066
1.96028e+06,20,ACK,14
1.96032e+06,1,CTL,20
1.96042e+06,8,RTS,20
1.96042e+06,11,RTS,20
1.96042e+06,4,RTS,20
1.96042e+06,9,RTS,20
1.96049e+06,20,CTS,14
1.96055e+06,8,QOSDATA_TID6,1066
1.96073e+06,20,ACK,14
1.96078e+06,8,CTL,20
1.96086e+06,14,RTS,20
1.96093e+06,20,CTS,14
1.96099e+06,14,QOSDATA_TID6,1066
1.96117e+06,20,ACK,14
1.96122e+06,14,QOSDATA_TID6,1066
1.9614e+06,20,ACK,14
1.96145e+06,14,CTL,20
1.96152e+06,20,BEACON,152
1.96178e+06,7,RTS,20
1.96178e+06,0,RTS,20
1.96178e+06,13,RTS,20
1.96189e+06,3,RTS,20
1.96196e+06,20,CTS,14
1.96202e+06,3,QOSDATA_TID6,1066
1.9622e+06,20,ACK,14
1.96225e+06,3,CTL,20
1.96233e+06,0,RTS,20
1.9624e+06,20,CTS,14
1.96246e+06,0,QOSDATA_TID6,1066
1.96265e+06,20,ACK,14
1.96269e+06,0,CTL,20
1.96278e+06,6,RTS,20
1.96278e+06,17,RTS,20
1.96278e+06,11,RTS,20
1.96278e+06,16,RTS,20
1.96288e+06,4,RTS,20
1.96295e+06,20,CTS,14
1.96301e+06,4,QOSDATA_TID6,1066
1.9632e+06,20,ACK,14
1.96324e+06,4,QOSDATA_TID6,1066
1.96342e+06,20,ACK,14
1.96347e+06,4,CTL,20
1.96355e+06,1,RTS,20
1.96355e+06,3,RTS,20
1.96355e+06,9,RTS,20
1.96362e+06,20,CTS,14
1.96368e+06,1,QOSDATA_TID6,1066
1.96386e+06,20,ACK,14
1.96391e+06,1,CTL,20
1.964e+06,13,RTS,20
1.96406e+06,20,CTS,14
1.96412e+06,13,QOSDATA_TID6,1066
1.96431e+06,20,ACK,14
1.96435e+06,13,CTL,20
1.96444e+06,7,RTS,20
1.96444e+06,12,RTS,20
1.96444e+06,6,RTS,20
1.96444e+06,19,RTS,20
1.96454e+06,5,RTS,20
1.96454e+06,9,RTS,20
1.96461e+06,20,CTS,14
1.96467e+06,5,QOSDATA_TID6,1066
1.96486e+06,20,ACK,14
1.9649e+06,5,CTL,20
1.96499e+06,2,RTS,20
1.96506e+06,20,CTS,14
1.96512e+06,2,QOSDATA_TID6,1066
1.9653e+06,20,ACK,14
1.96534e+06,2,CTL,20
1.96543e+06,9,RTS,20
1.96543e+06,15,RTS,20
1.96543e+06,4,RTS,20
1.96554e+06,19,RTS,20
1.9656e+06,20,CTS,14
1.96566e+06,19,QOSDATA_TID6,1066
1.96585e+06,20,ACK,14
1.96589e+06,19,CTL,20
1.96599e+06,11,RTS,20
1.96606e+06,20,CTS,14
1.96612e+06,11,QOSDATA_TID6,1066
1.9663e+06,20,ACK,14
1.96634e+06,11,QOSDATA_TID6,1066
1.96653e+06,20,ACK,14
1.96657e+06,11,QOSDATA_TID6,1066
1.96676e+06,20,ACK,14
1.9668e+06,11,CTL,20
1.96688e+06,16,RTS,20
1.96688e+06,17,RTS,20
1.96688e+06,9,RTS,20
1.96688e+06,10,RTS,20
1.96695e+06,20,CTS,14
1.96701e+06,17,QOSDATA_TID6,1066
1.9672e+06,20,ACK,14
1.96724e+06,17,QOSDATA_TID6,1066
1.96742e+06,20,ACK,14
1.96747e+06,17,CTL,20
1.96756e+06,16,RTS,20
1.96762e+06,20,CTS,14
1.96768e+06,16,QOSDATA_TID6,1066
1.96787e+06,20,ACK,14
1.96791e+06,16,CTL,20
1.968e+06,12,RTS,20
1.968e+06,7,RTS,20
1.96806e+06,20,CTS,14
1.96812e+06,12,QOSDATA_TID6,1066
1.96831e+06,20,ACK,14
1.96835e+06,12,CTL,20
1.96844e+06,3,RTS,20
1.96844e+06,9,RTS,20
1.96854e+06,18,RTS,20
1.96854e+06,8,RTS,20
1.96854e+06,6,RTS,20
1.96854e+06,7,RTS,20
1.96854e+06,15,RTS,20
1.96865e+06,16,RTS,20
1.96865e+06,9,RTS,20
1.96876e+06,14,RTS,20
1.96883e+06,20,CTS,14
1.96889e+06,14,QOSDATA_TID6,1066
1.96907e+06,20,ACK,14
1.96912e+06,14,CTL,20
1.96921e+06,16,RTS,20
1.96928e+06,20,CTS,14
1.96934e+06,16,QOSDATA_TID6,1066
1.96952e+06,20,ACK,14
1.96957e+06,16,CTL,20
1.96965e+06,13,RTS,20
1.96965e+06,9,RTS,20
1.96965e+06,15,RTS,20
1.96965e+06,0,RTS,20
1.96975e+06,7,RTS,20
1.96975e+06,10,RTS,20
1.96975e+06,4,RTS,20
1.96982e+06,20,CTS,14
1.96988e+06,7,QOSDATA_TID6,1066
1.97006e+06,20,ACK,14
1.97011e+06,7,QOSDATA_TID6,1066
1.97029e+06,20,ACK,14
1.97034e+06,7,CTL,20
1.97042e+06,9,RTS,20
1.97049e+06,20,CTS,14
1.97055e+06,9,QOSDATA_TID6,1066
1.97073e+06,20,ACK,14
1.97078e+06,9,QOSDATA_TID6,1066
1.97096e+06,20,ACK,14
1.971e+06,9,QOSDATA_TID6,1066
1.97119e+06,20,ACK,14
1.97123e+06,9,QOSDATA_TID6,1066
1.97142e+06,20,ACK,14
1.97146e+06,9,CTL,20
1.97155e+06,3,RTS,20
1.97155e+06,18,RTS,20
1.97155e+06,8,RTS,20
1.97155e+06,1,RTS,20
1.97155e+06,17,RTS,20
1.97155e+06,12,RTS,20
1.97165e+06,6,RTS,20
1.97171e+06,20,CTS,14
1.97177e+06,6,QOSDATA_TID6,1066
1.97196e+06,20,ACK,14
1.972e+06,6,QOSDATA_TID6,1066
1.97219e+06,20,ACK,14
1.97223e+06,6,QOSDATA_TID6,1066
1.97241e+06,20,ACK,14
1.97246e+06,6,CTL,20
1.97254e+06,12,RTS,20
1.97254e+06,19,RTS,20
1.97254e+06,4,RTS,20
1.97261e+06,20,CTS,14
1.97267e+06,12,QOSDATA_TID6,1066
1.97286e+06,20,ACK,14
1.9729e+06,12,CTL,20
1.97299e+06,2,RTS,20
1.97305e+06,20,CTS,14
1.97311e+06,2,QOSDATA_TID6,1066
1.9733e+06,20,ACK,14
1.97334e+06,2,CTL,20
1.97343e+06,10,RTS,20
1.97343e+06,19,RTS,20
1.9735e+06,20,CTS,14
1.97356e+06,19,QOSDATA_TID6,1066
1.97374e+06,20,ACK,14
1.97378e+06,19,CTL,20
1.97388e+06,11,RTS,20
1.97388e+06,0,RTS,20
1.97395e+06,20,CTS,14
1.97401e+06,0,QOSDATA_TID6,1066
1.97419e+06,20,ACK,14
1.97424e+06,0,CTL,20
1.97432e+06,5,RTS,20
1.97432e+06,13,RTS,20
1.97439e+06,20,CTS,14
1.97445e+06,5,QOSDATA_TID6,1066
1.97463e+06,20,ACK,14
1.97468e+06,5,CTL,20
1.97478e+06,3,RTS,20
1.97478e+06,11,RTS,20
1.97478e+06,18,RTS,20
1.97478e+06,4,RTS,20
1.97478e+06,10,RTS,20
1.97478e+06,15,RTS,20
1.97489e+06,1,RTS,20
1.97496e+06,20,CTS,14
1.97502e+06,1,QOSDATA_TID6,1066
1.9752e+06,20,ACK,14
1.97524e+06,1,CTL,20
1.97534e+06,8,RTS,20
1.97534e+06,17,RTS,20
1.97544e+06,3,RTS,20
1.9755e+06,20,CTS,14
1.97556e+06,3,QOSDATA_TID6,1066
1.97575e+06,20,ACK,14
1.97579e+06,3,QOSDATA_TID6,1066
1.97598e+06,20,ACK,14
1.97602e+06,3,CTL,20
1.97611e+06,18,RTS,20
1.97618e+06,20,CTS,14
1.97624e+06,18,QOSDATA_TID6,1066
1.97642e+06,20,ACK,14
1.97646e+06,18,QOSDATA_TID6,1066
1.97665e+06,20,ACK,14
1.97669e+06,18,CTL,20
1.97678e+06,14,RTS,20
1.97678e+06,15,RTS,20
1.97678e+06,13,RTS,20
1.97688e+06,10,RTS,20
1.97695e+06,20,CTS,14
1.97701e+06,10,QOSDATA_TID6,1066
1.9772e+06,20,ACK,14
1.97724e+06,10,QOSDATA_TID6,1066
1.97742e+06,20,ACK,14
1.97747e+06,10,CTL,20
1.97755e+06,0,RTS,20
1.97762e+06,20,CTS,14
1.97768e+06,0,QOSDATA_TID6,1066
1.97787e+06,20,ACK,14
1.97791e+06,0,CTL,20
1.978e+06,7,RTS,20
1.978e+06,13,RTS,20
1.978e+06,16,RTS,20
1.97809e+06,17,RTS,20
1.97816e+06,20,CTS,14
1.97822e+06,17,QOSDATA_TID6,1066
1.97841e+06,20,ACK,14
1.97845e+06,17,CTL,20
1.97854e+06,8,RTS,20
1.97854e+06,15,RTS,20
1.97861e+06,20,CTS,14
1.97867e+06,8,QOSDATA_TID6,1066
1.97886e+06,20,ACK,14
1.9789e+06,8,QOSDATA_TID6,1066
1.97908e+06,20,ACK,14
1.97913e+06,8,CTL,20
1.97922e+06,1,RTS,20
1.97922e+06,3,RTS,20
1.97922e+06,6,RTS,20
1.97936e+06,1,RTS,20
1.97942e+06,20,CTS,14
1.97948e+06,1,QOSDATA_TID6,1066
1.97967e+06,20,ACK,14
1.97971e+06,1,CTL,20
1.9798e+06,13,RTS,20
1.97986e+06,20,CTS,14
1.97992e+06,13,QOSDATA_TID6,1066
1.98011e+06,20,ACK,14
1.98015e+06,13,QOSDATA_TID6,1066
1.98034e+06,20,ACK,14
1.98038e+06,13,CTL,20
1.98047e+06,5,RTS,20
1.98054e+06,20,CTS,14
1.9806e+06,5,QOSDATA_TID6,1066
1.98078e+06,20,ACK,14
1.98082e+06,5,CTL,20
1.98091e+06,17,RTS,20
1.98091e+06,12,RTS,20
1.98091e+06,2,RTS,20
1.98091e+06,3,RTS,20
1.98091e+06,11,RTS,20
1.98091e+06,9,RTS,20
1.98091e+06,6,RTS,20
1.98091e+06,4,RTS,20
1.98091e+06,15,RTS,20
1.98091e+06,14,RTS,20
1.98101e+06,19,RTS,20
1.98108e+06,20,CTS,14
1.98114e+06,19,QOSDATA_TID6,1066
1.98132e+06,20,ACK,14
1.98136e+06,19,CTL,20
1.98146e+06,9,RTS,20
1.98146e+06,10,RTS,20
1.98156e+06,2,RTS,20
1.98156e+06,11,RTS,20
1.98156e+06,16,RTS,20
1.98166e+06,4,RTS,20
1.98166e+06,17,RTS,20
1.98173e+06,20,CTS,14
1.98179e+06,17,QOSDATA_TID6,1066
1.98198e+06,20,ACK,14
1.98202e+06,17,CTL,20
1.98212e+06,14,RTS,20
1.98219e+06,20,CTS,14
1.98225e+06,14,QOSDATA_TID6,1066
1.98244e+06,20,ACK,14
1.98248e+06,14,CTL,20
1.98257e+06,15,RTS,20
1.98257e+06,7,RTS,20
1.98257e+06,12,RTS,20
1.98267e+06,4,RTS,20
1.98267e+06,2,RTS,20
1.98267e+06,18,RTS,20
1.98278e+06,8,RTS,20
1.98278e+06,15,RTS,20
1.98285e+06,20,CTS,14
1.98291e+06,8,QOSDATA_TID6,1066
1.98309e+06,20,ACK,14
1.98314e+06,8,CTL,20
1.98322e+06,15,RTS,20
1.98329e+06,20,CTS,14
1.98335e+06,15,QOSDATA_TID6,1066
1.98353e+06,20,ACK,14
1.98358e+06,15,QOSDATA_TID6,1066
1.98376e+06,20,ACK,14
1.98381e+06,15,CTL,20
1.98389e+06,18,RTS,20
1.98389e+06,2,RTS,20
1.98399e+06,7,RTS,20
1.98399e+06,14,RTS,20
1.98399e+06,11,RTS,20
1.98399e+06,4,RTS,20
1.98409e+06,16,RTS,20
1.98416e+06,20,CTS,14
1.98422e+06,16,QOSDATA_TID6,1066
1.9844e+06,20,ACK,14
1.98444e+06,16,CTL,20
1.98454e+06,7,RTS,20
1.98454e+06,6,RTS,20
1.98454e+06,10,RTS,20
1.98469e+06,7,RTS,20
1.98476e+06,20,CTS,14
1.98482e+06,7,QOSDATA_TID6,1066
1.985e+06,20,ACK,14
1.98504e+06,7,CTL,20
1.98513e+06,0,RTS,20
1.9852e+06,20,CTS,14
1.98526e+06,0,QOSDATA_TID6,1066
1.98544e+06,20,ACK,14
1.98549e+06,0,CTL,20
1.98557e+06,6,RTS,20
1.98564e+06,20,CTS,14
1.9857e+06,6,QOSDATA_TID6,1066
1.98588e+06,20,ACK,14
1.98593e+06,6,CTL,20
1.98601e+06,3,RTS,20
1.98601e+06,9,RTS,20
1.98601e+06,13,RTS,20
1.98611e+06,12,RTS,20
1.98611e+06,11,RTS,20
1.98611e+06,16,RTS,20
1.98611e+06,18,RTS,20
1.98611e+06,4,RTS,20
1.98618e+06,20,CTS,14
1.98624e+06,12,QOSDATA_TID6,1066
1.98642e+06,20,ACK,14
1.98647e+06,12,QOSDATA_TID6,1066
1.98665e+06,20,ACK,14
1.9867e+06,12,CTL,20
1.98678e+06,3,RTS,20
1.98685e+06,20,CTS,14
1.98691e+06,3,QOSDATA_TID6,1066
1.98709e+06,20,ACK,14
1.98714e+06,3,QOSDATA_TID6,1066
1.98732e+06,20,ACK,14
1.98737e+06,3,CTL,20
1.98745e+06,9,RTS,20
1.98745e+06,2,RTS,20
1.98745e+06,18,RTS,20
1.98745e+06,7,RTS,20
1.98745e+06,4,RTS,20
1.98745e+06,13,RTS,20
1.98756e+06,1,RTS,20
1.98756e+06,6,RTS,20
1.98756e+06,14,RTS,20
1.98756e+06,10,RTS,20
1.98767e+06,2,RTS,20
1.98773e+06,20,CTS,14
1.98779e+06,2,QOSDATA_TID6,1066
1.98798e+06,20,ACK,14
1.98802e+06,2,CTL,20
1.98813e+06,19,RTS,20
1.98813e+06,6,RTS,20
1.98813e+06,7,RTS,20
1.98822e+06,11,RTS,20
1.98822e+06,16,RTS,20
1.98832e+06,9,RTS,20
1.98839e+06,20,CTS,14
1.98845e+06,9,QOSDATA_TID6,1066
1.98864e+06,20,ACK,14
1.98868e+06,9,QOSDATA_TID6,1066
1.98886e+06,20,ACK,14
1.98891e+06,9,CTL,20
1.98899e+06,11,RTS,20
1.98906e+06,20,CTS,14
1.98912e+06,11,QOSDATA_TID6,1066
1.9893e+06,20,ACK,14
1.98935e+06,11,QOSDATA_TID6,1066
1.98953e+06,20,ACK,14
1.98958e+06,11,CTL,20
1.98966e+06,2,RTS,20
1.98966e+06,15,RTS,20
1.98966e+06,10,RTS,20
1.98976e+06,17,RTS,20
1.98976e+06,16,RTS,20
1.98983e+06,20,CTS,14
1.98989e+06,17,QOSDATA_TID6,1066
1.99007e+06,20,ACK,14
1.99012e+06,17,CTL,20
1.99021e+06,5,RTS,20
1.99021e+06,4,RTS,20
1.99028e+06,20,CTS,14
1.99034e+06,5,QOSDATA_TID6,1066
1.99052e+06,20,ACK,14
1.99057e+06,5,CTL,20
1.99065e+06,8,RTS,20
1.99065e+06,7,RTS,20
1.99076e+06,6,RTS,20
1.99076e+06,10,RTS,20
1.99083e+06,20,CTS,14
1.99089e+06,6,QOSDATA_TID6,1066
1.99107e+06,20,ACK,14
1.99112e+06,6,CTL,20
1.99122e+06,1,RTS,20
1.99122e+06,13,RTS,20
1.99122e+06,19,RTS,20
1.99132e+06,14,RTS,20
1.99132e+06,2,RTS,20
1.99139e+06,20,CTS,14
1.99145e+06,2,QOSDATA_TID6,1066
1.99163e+06,20,ACK,14
1.99168e+06,2,CTL,20
1.99176e+06,19,RTS,20
1.99176e+06,16,RTS,20
1.99183e+06,20,CTS,14
1.99189e+06,19,QOSDATA_TID6,1066
1.99207e+06,20,ACK,14
1.99212e+06,19,CTL,20
1.9922e+06,14,RTS,20
1.99227e+06,20,CTS,14
1.99233e+06,14,QOSDATA_TID6,1066
1.99252e+06,20,ACK,14
1.99256e+06,14,QOSDATA_TID6,1066
1.99274e+06,20,ACK,14
1.99279e+06,14,CTL,20
1.99287e+06,18,RTS,20
1.99287e+06,4,RTS,20
1.99294e+06,20,CTS,14
1.993e+06,18,QOSDATA_TID6,1066
1.99318e+06,20,ACK,14
1.99323e+06,18,QOSDATA_TID6,1066
1.99341e+06,20,ACK,14
1.99346e+06,18,CTL,20
1.99355e+06,10,RTS,20
1.99355e+06,15,RTS,20
1.99362e+06,20,CTS,14
1.99368e+06,15,QOSDATA_TID6,1066
1.99386e+06,20,ACK,14
1.99391e+06,15,CTL,20
1.99399e+06,9,RTS,20
1.99406e+06,20,CTS,14
1.99412e+06,9,QOSDATA_TID6,1066
1.99431e+06,20,ACK,14
1.99435e+06,9,CTL,20
1.99444e+06,12,RTS,20
1.9945e+06,20,CTS,14
1.99456e+06,12,QOSDATA_TID6,1066
1.99475e+06,20,ACK,14
1.99479e+06,12,CTL,20
1.99488e+06,7,RTS,20
1.99488e+06,1,RTS,20
1.99488e+06,16,RTS,20
1.99488e+06,0,RTS,20
1.99499e+06,3,RTS,20
1.99506e+06,20,CTS,14
1.99512e+06,3,QOSDATA_TID6,1066
1.99531e+06,20,ACK,14
1.99535e+06,3,CTL,20
1.99544e+06,0,RTS,20
1.9955e+06,20,CTS,14
1.99556e+06,0,QOSDATA_TID6,1066
1.99575e+06,20,ACK,14
1.99579e+06,0,CTL,20
1.99588e+06,8,RTS,20
1.99588e+06,19,RTS,20
1.99588e+06,16,RTS,20
1.99598e+06,17,RTS,20
1.99598e+06,7,RTS,20
1.99598e+06,6,RTS,20
1.99609e+06,11,RTS,20
1.99609e+06,4,RTS,20
1.9962e+06,16,RTS,20
1.9962e+06,6,RTS,20
1.99629e+06,5,RTS,20
1.99629e+06,13,RTS,20
1.99636e+06,20,CTS,14
1.99642e+06,5,QOSDATA_TID6,1066
1.9966e+06,20,ACK,14
1.99665e+06,5,CTL,20
1.99674e+06,17,RTS,20
1.9968e+06,20,CTS,14
1.99686e+06,17,QOSDATA_TID6,1066
1.99705e+06,20,ACK,14
1.99709e+06,17,CTL,20
1.99718e+06,1,RTS,20
1.99718e+06,11,RTS,20
1.99718e+06,2,RTS,20
1.99718e+06,15,RTS,20
1.99729e+06,6,RTS,20
1.99736e+06,20,CTS,14
1.99742e+06,6,QOSDATA_TID6,1066
1.9976e+06,20,ACK,14
1.99765e+06,6,CTL,20
1.99774e+06,13,RTS,20
1.9978e+06,20,CTS,14
1.99786e+06,13,QOSDATA_TID6,1066
1.99805e+06,20,ACK,14
1.99809e+06,13,QOSDATA_TID6,1066
1.99828e+06,20,ACK,14
1.99832e+06,13,CTL,20
1.9984e+06,7,RTS,20
1.9984e+06,18,RTS,20
1.9984e+06,10,RTS,20
1.99851e+06,19,RTS,20
1.99858e+06,20,CTS,14
1.99864e+06,19,QOSDATA_TID6,1066
1.99882e+06,20,ACK,14
1.99887e+06,19,CTL,20
1.99896e+06,2,RTS,20
1.99896e+06,15,RTS,20
1.99908e+06,11,RTS,20
1.99908e+06,16,RTS,20
1.99918e+06,4,RTS,20
1.99924e+06,20,CTS,14
1.9993e+06,4,QOSDATA_TID6,1066
1.99949e+06,20,ACK,14
1.99953e+06,4,QOSDATA_TID6,1066
1.99972e+06,20,ACK,14
1.99976e+06,4,QOSDATA_TID6,1066
1.99994e+06,20,ACK,14
1.99999e+06,4,QOSDATA_TID6,1066
2.00017e+06,20,ACK,14
2.00022e+06,4,CTL,20
2.0003e+06,14,RTS,20
2.00037e+06,20,CTS,14
2.00043e+06,14,QOSDATA_TID6,1066
2.00062e+06,20,ACK,14
2.00066e+06,14,CTL,20
2.00074e+06,18,RTS,20
2.00074e+06,2,RTS,20
2.00085e+06,15,RTS,20
2.00085e+06,16,RTS,20
2.00096e+06,7,RTS,20
2.00103e+06,20,CTS,14
2.00109e+06,7,QOSDATA_TID6,1066
2.00127e+06,20,ACK,14
2.00132e+06,7,QOSDATA_TID6,1066
2.0015e+06,20,ACK,14
2.00154e+06,7,QOSDATA_TID6,1066
2.00173e+06,20,ACK,14
2.00177e+06,7,CTL,20
2.00186e+06,13,RTS,20
2.00186e+06,18,RTS,20
2.00186e+06,9,RTS,20
2.00196e+06,2,RTS,20
2.00202e+06,20,CTS,14
2.00208e+06,2,QOSDATA_TID6,1066
2.00227e+06,20,ACK,14
2.00231e+06,2,CTL,20
2.0024e+06,1,RTS,20
2.0024e+06,12,RTS,20
2.0024e+06,16,RTS,20
2.00246e+06,20,CTS,14
2.00252e+06,12,QOSDATA_TID6,1066
2.00271e+06,20,ACK,14
2.00275e+06,12,CTL,20
2.00284e+06,1,RTS,20
2.00284e+06,15,RTS,20
2.00284e+06,10,RTS,20
2.00296e+06,0,RTS,20
2.00302e+06,20,CTS,14
2.00308e+06,0,QOSDATA_TID6,1066
2.00327e+06,20,ACK,14
2.00331e+06,0,CTL,20
2.0034e+06,10,RTS,20
2.0034e+06,3,RTS,20
2.0035e+06,11,RTS,20
2.0035e+06,16,RTS,20
2.00361e+06,8,RTS,20
2.00368e+06,20,CTS,14
2.00374e+06,8,QOSDATA_TID6,1066
2.00392e+06,20,ACK,14
2.00396e+06,8,QOSDATA_TID6,1066
2.00415e+06,20,ACK,14
2.00419e+06,8,CTL,20
2.00428e+06,17,RTS,20
2.00428e+06,1,RTS,20
2.00428e+06,16,RTS,20
2.00438e+06,13,RTS,20
2.00438e+06,6,RTS,20
2.00438e+06,10,RTS,20
2.00447e+06,15,RTS,20
2.00454e+06,20,CTS,14
2.0046e+06,15,QOSDATA_TID6,1066
2.00478e+06,20,ACK,14
2.00483e+06,15,QOSDATA_TID6,1066
2.00501e+06,20,ACK,14
2.00506e+06,15,CTL,20
2.00514e+06,6,RTS,20
2.00514e+06,1,RTS,20
2.00514e+06,19,RTS,20
2.00514e+06,10,RTS,20
2.00524e+06,5,RTS,20
2.00524e+06,17,RTS,20
2.00524e+06,4,RTS,20
2.00534e+06,6,RTS,20
2.00534e+06,10,RTS,20
2.00541e+06,20,CTS,14
2.00547e+06,6,QOSDATA_TID6,1066
2.00565e+06,20,ACK,14
2.0057e+06,6,CTL,20
2.00578e+06,5,RTS,20
2.00585e+06,20,CTS,14
2.00591e+06,5,QOSDATA_TID6,1066
2.00609e+06,20,ACK,14
2.00614e+06,5,CTL,20
2.00622e+06,17,RTS,20
2.00622e+06,2,RTS,20
2.00622e+06,11,RTS,20
2.00622e+06,9,RTS,20
2.00634e+06,13,RTS,20
2.00641e+06,20,CTS,14
2.00647e+06,13,QOSDATA_TID6,1066
2.00665e+06,20,ACK,14
2.0067e+06,13,CTL,20
2.00679e+06,1,RTS,20
2.00679e+06,18,RTS,20
2.00679e+06,10,RTS,20
2.00691e+06,3,RTS,20
2.00697e+06,20,CTS,14
2.00703e+06,3,QOSDATA_TID6,1066
2.00722e+06,20,ACK,14
2.00726e+06,3,CTL,20
2.00736e+06,2,RTS,20
2.00736e+06,14,RTS,20
2.00742e+06,20,CTS,14
2.00748e+06,2,QOSDATA_TID6,1066
2.00767e+06,20,ACK,14
2.00771e+06,2,CTL,20
2.0078e+06,4,RTS,20
2.00787e+06,20,CTS,14
2.00793e+06,4,QOSDATA_TID6,1066
2.00811e+06,20,ACK,14
2.00816e+06,4,CTL,20
2.00824e+06,14,RTS,20
2.00831e+06,20,CTS,14
2.00837e+06,14,QOSDATA_TID6,1066
2.00855e+06,20,ACK,14
2.0086e+06,14,CTL,20
2.00868e+06,8,RTS,20
2.00868e+06,1,RTS,20
2.00868e+06,16,RTS,20
2.00879e+06,19,RTS,20
2.00879e+06,9,RTS,20
2.00886e+06,20,CTS,14
2.00892e+06,19,QOSDATA_TID6,1066
2.0091e+06,20,ACK,14
2.00915e+06,19,CTL,20
2.00923e+06,0,RTS,20
2.0093e+06,20,CTS,14
2.00936e+06,0,QOSDATA_TID6,1066
2.00954e+06,20,ACK,14
2.00959e+06,0,CTL,20
2.00968e+06,7,RTS,20
2.00975e+06,20,CTS,14
2.00981e+06,7,QOSDATA_TID6,1066
2.01e+06,20,ACK,14
2.01004e+06,7,CTL,20
2.01012e+06,1,RTS,20
2.01012e+06,18,RTS,20
2.01012e+06,10,RTS,20
2.01022e+06,13,RTS,20
2.01029e+06,20,CTS,14
2.01035e+06,13,QOSDATA_TID6,1066
2.01054e+06,20,ACK,14
2.01058e+06,13,CTL,20
2.01067e+06,18,RTS,20
2.01073e+06,20,CTS,14
2.01079e+06,18,QOSDATA_TID6,1066
2.01098e+06,20,ACK,14
2.01102e+06,18,QOSDATA_TID6,1066
2.01121e+06,20,ACK,14
2.01125e+06,18,CTL,20
2.01134e+06,17,RTS,20
2.0114e+06,20,CTS,14
2.01146e+06,17,QOSDATA_TID6,1066
2.01165e+06,20,ACK,14
2.01169e+06,17,QOSDATA_TID6,1066
2.01188e+06,20,ACK,14
2.01192e+06,17,CTL,20
2.01201e+06,8,RTS,20
2.01201e+06,11,RTS,20
2.01207e+06,20,CTS,14
2.01213e+06,8,QOSDATA_TID6,1066
2.01232e+06,20,ACK,14
2.01236e+06,8,CTL,20
2.01246e+06,5,RTS,20
2.01246e+06,19,RTS,20
2.01246e+06,12,RTS,20
2.01246e+06,16,RTS,20
2.01246e+06,3,RTS,20
2.01246e+06,9,RTS,20
2.01246e+06,6,RTS,20
2.01246e+06,10,RTS,20
2.01258e+06,1,RTS,20
2.01265e+06,20,CTS,14
2.01271e+06,1,QOSDATA_TID6,1066
2.01289e+06,20,ACK,14
2.01294e+06,1,QOSDATA_TID6,1066
2.01312e+06,20,ACK,14
2.01317e+06,1,QOSDATA_TID6,1066
2.01335e+06,20,ACK,14
2.01339e+06,1,CTL,20
2.01348e+06,2,RTS,20
2.01348e+06,15,RTS,20
2.01348e+06,6,RTS,20
2.01359e+06,4,RTS,20
2.01366e+06,20,CTS,14
2.01372e+06,4,QOSDATA_TID6,1066
2.0139e+06,20,ACK,14
2.01394e+06,4,CTL,20
2.01403e+06,15,RTS,20
2.0141e+06,20,CTS,14
2.01416e+06,15,QOSDATA_TID6,1066
2.01434e+06,20,ACK,14
2.01438e+06,15,CTL,20
2.01447e+06,6,RTS,20
2.01447e+06,16,RTS,20
2.01457e+06,3,RTS,20
2.01464e+06,20,CTS,14
2.0147e+06,3,QOSDATA_TID6,1066
2.01488e+06,20,ACK,14
2.01492e+06,3,CTL,20
2.01502e+06,8,RTS,20
2.01502e+06,11,RTS,20
2.01509e+06,20,CTS,14
2.01515e+06,8,QOSDATA_TID6,1066
2.01533e+06,20,ACK,14
2.01538e+06,8,CTL,20
2.01546e+06,14,RTS,20
2.01553e+06,20,CTS,14
2.01559e+06,14,QOSDATA_TID6,1066
2.01577e+06,20,ACK,14
2.01582e+06,14,CTL,20
2.01591e+06,12,RTS,20
2.01591e+06,10,RTS,20
2.01591e+06,19,RTS,20
2.01598e+06,20,CTS,14
2.01604e+06,12,QOSDATA_TID6,1066
2.01622e+06,20,ACK,14
2.01627e+06,12,CTL,20
2.01636e+06,2,RTS,20
2.01636e+06,9,RTS,20
2.01643e+06,20,CTS,14
2.01649e+06,2,QOSDATA_TID6,1066
2.01668e+06,20,ACK,14
2.01672e+06,2,CTL,20
2.01681e+06,16,RTS,20
2.01687e+06,20,CTS,14
2.01693e+06,16,QOSDATA_TID6,1066
2.01712e+06,20,ACK,14
2.01716e+06,16,QOSDATA_TID6,1066
2.01735e+06,20,ACK,14
2.01739e+06,16,QOSDATA_TID6,1066
2.01757e+06,20,ACK,14
2.01762e+06,16,CTL,20
2.0177e+06,19,RTS,20
2.0177e+06,9,RTS,20
2.0177e+06,10,RTS,20
2.01781e+06,0,RTS,20
2.01781e+06,13,RTS,20
2.01788e+06,20,CTS,14
2.01794e+06,0,QOSDATA_TID6,1066
2.01812e+06,20,ACK,14
2.01817e+06,0,CTL,20
2.01826e+06,18,RTS,20
2.01826e+06,10,RTS,20
2.01826e+06,11,RTS,20
2.01839e+06,5,RTS,20
2.01846e+06,20,CTS,14
2.01852e+06,5,QOSDATA_TID6,1066
2.0187e+06,20,ACK,14
2.01874e+06,5,CTL,20
2.01883e+06,3,RTS,20
2.01883e+06,9,RTS,20
2.01893e+06,13,RTS,20
2.019e+06,20,CTS,14
2.01906e+06,13,QOSDATA_TID6,1066
2.01924e+06,20,ACK,14
2.01928e+06,13,CTL,20
2.01937e+06,7,RTS,20
2.01937e+06,12,RTS,20
2.01937e+06,1,RTS,20
2.01937e+06,6,RTS,20
2.01948e+06,11,RTS,20
2.01954e+06,20,CTS,14
2.0196e+06,11,QOSDATA_TID6,1066
2.01979e+06,20,ACK,14
2.01983e+06,11,QOSDATA_TID6,1066
2.02002e+06,20,ACK,14
2.02006e+06,11,QOSDATA_TID6,1066
2.02024e+06,20,ACK,14
2.02029e+06,11,CTL,20
2.02038e+06,17,RTS,20
2.02038e+06,5,RTS,20
2.02044e+06,20,CTS,14
2.0205e+06,5,QOSDATA_TID6,1066
2.02069e+06,20,ACK,14
2.02073e+06,5,CTL,20
2.02082e+06,17,RTS,20
2.02088e+06,20,CTS,14
2.02094e+06,17,QOSDATA_TID6,1066
2.02113e+06,20,ACK,14
2.02117e+06,17,CTL,20
2.02126e+06,4,RTS,20
2.02133e+06,20,CTS,14
2.02139e+06,4,QOSDATA_TID6,1066
2.02157e+06,20,ACK,14
2.02162e+06,4,CTL,20
2.0217e+06,19,RTS,20
2.0217e+06,15,RTS,20
2.0217e+06,18,RTS,20
2.0218e+06,3,RTS,20
2.02187e+06,20,CTS,14
2.02193e+06,3,QOSDATA_TID6,1066
2.02211e+06,20,ACK,14
2.02216e+06,3,CTL,20
2.02224e+06,6,RTS,20
2.02224e+06,7,RTS,20
2.02234e+06,15,RTS,20
2.02241e+06,20,CTS,14
2.02247e+06,15,QOSDATA_TID6,1066
2.02265e+06,20,ACK,14
2.0227e+06,15,CTL,20
2.02278e+06,6,RTS,20
2.02278e+06,9,RTS,20
2.02285e+06,20,CTS,14
2.02291e+06,6,QOSDATA_TID6,1066
2.02309e+06,20,ACK,14
2.02314e+06,6,QOSDATA_TID6,1066
2.02332e+06,20,ACK,14
2.02336e+06,6,CTL,20
2.02345e+06,14,RTS,20
2.02345e+06,9,RTS,20
2.02355e+06,12,RTS,20
2.02362e+06,20,CTS,14
2.02368e+06,12,QOSDATA_TID6,1066
2.02386e+06,20,ACK,14
2.0239e+06,12,CTL,20
2.024e+06,2,RTS,20
2.02407e+06,20,CTS,14
2.02413e+06,2,QOSDATA_TID6,1066
2.02431e+06,20,ACK,14
2.02436e+06,2,CTL,20
2.02444e+06,10,RTS,20
2.02444e+06,7,RTS,20
2.02444e+06,14,RTS,20
2.02451e+06,20,CTS,14
2.02457e+06,7,QOSDATA_TID6,1066
2.02475e+06,20,ACK,14
2.0248e+06,7,CTL,20
2.02489e+06,8,RTS,20
2.02489e+06,9,RTS,20
2.02496e+06,20,CTS,14
2.02502e+06,8,QOSDATA_TID6,1066
2.0252e+06,20,ACK,14
2.02525e+06,8,CTL,20
2.02534e+06,9,RTS,20
2.0254e+06,20,CTS,14
2.02546e+06,9,QOSDATA_TID6,1066
2.02565e+06,20,ACK,14
2.02569e+06,9,QOSDATA_TID6,1066
2.02588e+06,20,ACK,14
2.02592e+06,9,QOSDATA_TID6,1066
2.0261e+06,20,ACK,14
2.02615e+06,9,CTL,20
2.02624e+06,0,RTS,20
2.02624e+06,16,RTS,20
2.02624e+06,13,RTS,20
2.02636e+06,7,RTS,20
2.02643e+06,20,CTS,14
2.02649e+06,7,QOSDATA_TID6,1066
2.02667e+06,20,ACK,14
2.02672e+06,7,CTL,20
2.0268e+06,16,RTS,20
2.0268e+06,11,RTS,20
2.0268e+06,0,RTS,20
2.0268e+06,3,RTS,20
2.02691e+06,1,RTS,20
2.02691e+06,12,RTS,20
2.02698e+06,20,CTS,14
2.02704e+06,12,QOSDATA_TID6,1066
2.02722e+06,20,ACK,14
2.02726e+06,12,CTL,20
2.02735e+06,17,RTS,20
2.02735e+06,1,RTS,20
2.02735e+06,6,RTS,20
2.02746e+06,3,RTS,20
2.02746e+06,11,RTS,20
2.02757e+06,14,RTS,20
2.02764e+06,20,CTS,14
2.0277e+06,14,QOSDATA_TID6,1066
2.02788e+06,20,ACK,14
2.02793e+06,14,CTL,20
2.02802e+06,0,CTS,14
2.02809e+06,0,RTS,20
2.02816e+06,20,CTS,14
2.02822e+06,0,QOSDATA_TID6,1066
2.0284e+06,20,ACK,14
2.02845e+06,0,CTL,20
2.02854e+06,6,RTS,20
2.02854e+06,19,RTS,20
2.02854e+06,11,RTS,20
2.02863e+06,2,RTS,20
2.02863e+06,10,RTS,20
2.0287e+06,20,CTS,14
2.02876e+06,2,QOSDATA_TID6,1066
2.02894e+06,20,ACK,14
2.02899e+06,2,CTL,20
2.02908e+06,4,RTS,20
2.02914e+06,20,CTS,14
2.0292e+06,4,QOSDATA_TID6,1066
2.02939e+06,20,ACK,14
2.02943e+06,4,CTL,20
2.02953e+06,16,RTS,20
2.02953e+06,18,RTS,20
2.02962e+06,5,RTS,20
2.02969e+06,20,CTS,14
2.02975e+06,5,QOSDATA_TID6,1066
2.02994e+06,20,ACK,14
2.02998e+06,5,CTL,20
2.03008e+06,15,RTS,20
2.03014e+06,20,CTS,14
2.0302e+06,15,QOSDATA_TID6,1066
2.03039e+06,20,ACK,14
2.03043e+06,15,CTL,20
2.03052e+06,13,RTS,20
2.03052e+06,17,RTS,20
2.03052e+06,18,RTS,20
2.03052e+06,19,RTS,20
2.03062e+06,1,RTS,20
2.03062e+06,3,RTS,20
2.03062e+06,11,RTS,20
2.03073e+06,6,RTS,20
2.0308e+06,20,CTS,14
2.03086e+06,6,QOSDATA_TID6,1066
2.03104e+06,20,ACK,14
2.03109e+06,6,CTL,20
2.03117e+06,8,RTS,20
2.03124e+06,20,CTS,14
2.0313e+06,8,QOSDATA_TID6,1066
2.03148e+06,20,ACK,14
2.03153e+06,8,CTL,20
2.03162e+06,19,RTS,20
2.03162e+06,10,RTS,20
2.03168e+06,20,CTS,14
2.03174e+06,19,QOSDATA_TID6,1066
2.03193e+06,20,ACK,14
2.03197e+06,19,QOSDATA_TID6,1066
2.03216e+06,20,ACK,14
2.0322e+06,19,QOSDATA_TID6,1066
2.03238e+06,20,ACK,14
2.03243e+06,19,CTL,20
2.03252e+06,18,RTS,20
2.03259e+06,20,CTS,14
2.03265e+06,18,QOSDATA_TID6,1066
2.03283e+06,20,ACK,14
2.03288e+06,18,QOSDATA_TID6,1066
2.03306e+06,20,ACK,14
2.03311e+06,18,QOSDATA_TID6,1066
2.03329e+06,20,ACK,14
2.03333e+06,18,CTL,20
2.03342e+06,10,RTS,20
2.03342e+06,14,RTS,20
2.03342e+06,11,RTS,20
2.03353e+06,13,RTS,20
2.0336e+06,20,CTS,14
2.03366e+06,13,QOSDATA_TID6,1066
2.03384e+06,20,ACK,14
2.03388e+06,13,QOSDATA_TID6,1066
2.03407e+06,20,ACK,14
2.03411e+06,13,CTL,20
2.0342e+06,10,RTS,20
2.03427e+06,20,CTS,14
2.03433e+06,10,QOSDATA_TID6,1066
2.03451e+06,20,ACK,14
2.03455e+06,10,QOSDATA_TID6,1066
2.03474e+06,20,ACK,14
2.03478e+06,10,QOSDATA_TID6,1066
2.03497e+06,20,ACK,14
2.03501e+06,10,QOSDATA_TID6,1066
2.03519e+06,20,ACK,14
2.03524e+06,10,CTL,20
2.03532e+06,9,RTS,20
2.03532e+06,0,RTS,20
2.03532e+06,19,RTS,20
2.03532e+06,14,RTS,20
2.03532e+06,11,RTS,20
2.03532e+06,16,RTS,20
2.03543e+06,12,RTS,20
2.03543e+06,7,RTS,20
2.0355e+06,20,CTS,14
2.03556e+06,12,QOSDATA_TID6,1066
2.03574e+06,20,ACK,14
2.03579e+06,12,CTL,20
2.03588e+06,7,RTS,20
2.03588e+06,1,RTS,20
2.03588e+06,11,RTS,20
2.03588e+06,16,RTS,20
2.03598e+06,6,RTS,20
2.03605e+06,20,CTS,14
2.03611e+06,6,QOSDATA_TID6,1066
2.03629e+06,20,ACK,14
2.03634e+06,6,CTL,20
2.03642e+06,3,RTS,20
2.03649e+06,20,CTS,14
2.03655e+06,3,QOSDATA_TID6,1066
2.03673e+06,20,ACK,14
2.03678e+06,3,QOSDATA_TID6,1066
2.03696e+06,20,ACK,14
2.03701e+06,3,CTL,20
2.03709e+06,5,RTS,20
2.03709e+06,1,RTS,20
2.03716e+06,20,CTS,14
2.03722e+06,5,QOSDATA_TID6,1066
2.0374e+06,20,ACK,14
2.03745e+06,5,CTL,20
2.03753e+06,17,RTS,20
2.03753e+06,4,RTS,20
2.03753e+06,10,RTS,20
2.03753e+06,15,RTS,20
2.0376e+06,20,CTS,14
2.03766e+06,17,QOSDATA_TID6,1066
2.03785e+06,20,ACK,14
2.03789e+06,17,QOSDATA_TID6,1066
2.03807e+06,20,ACK,14
2.03812e+06,17,CTL,20
2.03821e+06,4,RTS,20
2.03821e+06,0,RTS,20
2.03821e+06,14,RTS,20
2.03831e+06,9,RTS,20
2.03838e+06,20,CTS,14
2.03844e+06,9,QOSDATA_TID6,1066
2.03862e+06,20,ACK,14
2.03867e+06,9,CTL,20
2.03875e+06,1,RTS,20
2.03875e+06,7,RTS,20
2.03875e+06,14,RTS,20
2.03886e+06,2,RTS,20
2.03893e+06,20,CTS,14
2.03899e+06,2,QOSDATA_TID6,1066
2.03917e+06,20,ACK,14
2.03922e+06,2,CTL,20
2.0393e+06,18,RTS,20
2.0393e+06,1,RTS,20
2.03937e+06,20,CTS,14
2.03943e+06,1,QOSDATA_TID6,1066
2.03961e+06,20,ACK,14
2.03966e+06,1,QOSDATA_TID6,1066
2.03984e+06,20,ACK,14
2.03989e+06,1,CTL,20
2.03998e+06,8,RTS,20
2.03998e+06,16,RTS,20
2.03998e+06,4,RTS,20
2.03998e+06,10,RTS,20
2.04005e+06,20,CTS,14
2.04011e+06,8,QOSDATA_TID6,1066
2.04029e+06,20,ACK,14
2.04034e+06,8,CTL,20
2.04042e+06,15,RTS,20
2.04049e+06,20,CTS,14
2.04055e+06,15,QOSDATA_TID6,1066
2.04074e+06,20,ACK,14
2.04078e+06,15,CTL,20
2.04087e+06,7,RTS,20
2.04094e+06,20,CTS,14
2.041e+06,7,QOSDATA_TID6,1066
2.04119e+06,20,ACK,14
2.04123e+06,7,CTL,20
2.04132e+06,19,RTS,20
2.04138e+06,20,CTS,14
2.04144e+06,19,QOSDATA_TID6,1066
2.04163e+06,20,ACK,14
2.04167e+06,19,CTL,20
2.04176e+06,9,RTS,20
2.04176e+06,0,CTS,14
2.04176e+06,13,RTS,20
2.0419e+06,0,RTS,20
2.04197e+06,20,CTS,14
2.04203e+06,0,QOSDATA_TID6,1066
2.04221e+06,20,ACK,14
2.04226e+06,0,QOSDATA_TID6,1066
2.04244e+06,20,ACK,14
2.04248e+06,0,CTL,20
2.04257e+06,12,RTS,20
2.04257e+06,4,RTS,20
2.04264e+06,20,CTS,14
2.0427e+06,12,QOSDATA_TID6,1066
2.04288e+06,20,ACK,14
2.04292e+06,12,CTL,20
2.04302e+06,7,RTS,20
2.04302e+06,11,RTS,20
2.04302e+06,19,RTS,20
2.04302e+06,4,RTS,20
2.04302e+06,13,RTS,20
2.04302e+06,3,RTS,20
2.04302e+06,14,RTS,20
2.04302e+06,10,RTS,20
2.04313e+06,16,RTS,20
2.0432e+06,20,CTS,14
2.04326e+06,16,QOSDATA_TID6,1066
2.04344e+06,20,ACK,14
2.04348e+06,16,QOSDATA_TID6,1066
2.04367e+06,20,ACK,14
2.04371e+06,16,QOSDATA_TID6,1066
2.0439e+06,20,ACK,14
2.04394e+06,16,CTL,20
2.04402e+06,11,RTS,20
2.04402e+06,6,RTS,20
2.04416e+06,13,RTS,20
2.04423e+06,20,CTS,14
2.04429e+06,13,QOSDATA_TID6,1066
2.04447e+06,20,ACK,14
2.04452e+06,13,CTL,20
2.0446e+06,9,RTS,20
2.04467e+06,20,CTS,14
2.04473e+06,9,QOSDATA_TID6,1066
2.04491e+06,20,ACK,14
2.04496e+06,9,CTL,20
2.04504e+06,3,RTS,20
2.04504e+06,1,RTS,20
2.04504e+06,17,RTS,20
2.04504e+06,6,RTS,20
2.04515e+06,18,RTS,20
2.04515e+06,15,RTS,20
2.04525e+06,19,RTS,20
2.04532e+06,20,CTS,14
2.04538e+06,19,QOSDATA_TID6,1066
2.04556e+06,20,ACK,14
2.0456e+06,19,CTL,20
2.04569e+06,15,RTS,20
2.04576e+06,20,CTS,14
2.04582e+06,15,QOSDATA_TID6,1066
2.046e+06,20,ACK,14
2.04605e+06,15,CTL,20
2.04613e+06,6,RTS,20
2.04613e+06,5,RTS,20
2.04613e+06,2,RTS,20
2.04613e+06,11,RTS,20
2.0462e+06,20,CTS,14
2.04626e+06,5,QOSDATA_TID6,1066
2.04644e+06,20,ACK,14
2.04649e+06,5,CTL,20
2.04658e+06,1,RTS,20
2.04658e+06,10,RTS,20
2.04665e+06,20,CTS,14
2.04671e+06,1,QOSDATA_TID6,1066
2.0469e+06,20,ACK,14
2.04694e+06,1,CTL,20
2.04703e+06,10,RTS,20
2.0471e+06,20,CTS,14
2.04716e+06,10,QOSDATA_TID6,1066
2.04735e+06,20,ACK,14
2.04739e+06,10,QOSDATA_TID6,1066
2.04757e+06,20,ACK,14
2.04762e+06,10,CTL,20
2.0477e+06,18,RTS,20
2.0477e+06,2,RTS,20
2.0477e+06,14,RTS,20
2.0477e+06,7,RTS,20
2.0477e+06,4,RTS,20
2.04781e+06,8,RTS,20
2.04781e+06,17,RTS,20
2.04792e+06,11,RTS,20
2.04792e+06,3,RTS,20
2.04792e+06,14,RTS,20
2.04804e+06,18,RTS,20
2.04811e+06,20,CTS,14
2.04817e+06,18,QOSDATA_TID6,1066
2.04836e+06,20,ACK,14
2.0484e+06,18,QOSDATA_TID6,1066
2.04858e+06,20,ACK,14
2.04863e+06,18,CTL,20
2.04871e+06,16,RTS,20
2.04878e+06,20,CTS,14
2.04884e+06,16,QOSDATA_TID6,1066
2.04903e+06,20,ACK,14
2.04907e+06,16,CTL,20
2.04916e+06,17,RTS,20
2.04916e+06,0,RTS,20
2.04922e+06,20,CTS,14
2.04928e+06,17,QOSDATA_TID6,1066
2.04947e+06,20,ACK,14
2.04951e+06,17,CTL,20
2.0496e+06,3,RTS,20
2.0496e+06,0,RTS,20
2.04967e+06,20,CTS,14
2.04973e+06,0,QOSDATA_TID6,1066
2.04991e+06,20,ACK,14
2.04995e+06,0,CTL,20
2.05004e+06,7,RTS,20
2.05004e+06,13,RTS,20
2.05011e+06,20,CTS,14
2.05017e+06,7,QOSDATA_TID6,1066
2.05035e+06,20,ACK,14
2.0504e+06,7,QOSDATA_TID6,1066
2.05058e+06,20,ACK,14
2.05062e+06,7,CTL,20
2.05071e+06,13,RTS,20
2.05071e+06,6,RTS,20
2.05083e+06,8,RTS,20
2.05089e+06,20,CTS,14
2.05095e+06,8,QOSDATA_TID6,1066
2.05114e+06,20,ACK,14
2.05118e+06,8,CTL,20
2.05128e+06,1,RTS,20
2.05128e+06,19,RTS,20
2.05128e+06,9,RTS,20
2.05128e+06,13,RTS,20
2.05138e+06,4,RTS,20
2.05144e+06,20,CTS,14
2.0515e+06,4,QOSDATA_TID6,1066
2.05169e+06,20,ACK,14
2.05173e+06,4,QOSDATA_TID6,1066
2.05192e+06,20,ACK,14
2.05196e+06,4,CTL,20
2.05204e+06,12,RTS,20
2.05211e+06,20,CTS,14
2.05217e+06,12,QOSDATA_TID6,1066
2.05236e+06,20,ACK,14
2.0524e+06,12,CTL,20
2.05249e+06,5,RTS,20
2.05249e+06,11,RTS,20
2.05249e+06,2,RTS,20
2.05249e+06,6,RTS,20
2.05256e+06,20,CTS,14
2.05262e+06,5,QOSDATA_TID6,1066
2.0528e+06,20,ACK,14
2.05284e+06,5,CTL,20
2.05294e+06,17,RTS,20
2.05294e+06,2,RTS,20
2.05294e+06,6,RTS,20
2.05294e+06,4,RTS,20
2.05294e+06,15,RTS,20
2.05294e+06,14,RTS,20
2.05307e+06,4,RTS,20
2.05314e+06,20,CTS,14
2.0532e+06,4,QOSDATA_TID6,1066
2.05338e+06,20,ACK,14
2.05342e+06,4,CTL,20
2.05351e+06,17,RTS,20
2.05351e+06,13,RTS,20
2.05358e+06,20,CTS,14
2.05364e+06,17,QOSDATA_TID6,1066
2.05382e+06,20,ACK,14
2.05387e+06,17,CTL,20
2.05395e+06,14,RTS,20
2.05402e+06,20,CTS,14
2.05408e+06,14,QOSDATA_TID6,1066
2.05426e+06,20,ACK,14
2.05431e+06,14,QOSDATA_TID6,1066
2.05449e+06,20,ACK,14
2.05454e+06,14,CTL,20
2.05462e+06,18,RTS,20
2.05469e+06,20,CTS,14
2.05475e+06,18,QOSDATA_TID6,1066
2.05494e+06,20,ACK,14
2.05498e+06,18,CTL,20
2.05506e+06,2,RTS,20
2.05513e+06,20,CTS,14
2.05519e+06,2,QOSDATA_TID6,1066
2.05538e+06,20,ACK,14
2.05542e+06,2,QOSDATA_TID6,1066
2.0556e+06,20,ACK,14
2.05565e+06,2,CTL,20
2.05574e+06,3,RTS,20
2.05574e+06,10,RTS,20
2.05574e+06,8,RTS,20
2.05574e+06,11,RTS,20
2.0558e+06,20,CTS,14
2.05586e+06,8,QOSDATA_TID6,1066
2.05605e+06,20,ACK,14
2.05609e+06,8,CTL,20
2.05618e+06,6,RTS,20
2.05624e+06,20,CTS,14
2.0563e+06,6,QOSDATA_TID6,1066
2.05649e+06,20,ACK,14
2.05653e+06,6,QOSDATA_TID6,1066
2.05672e+06,20,ACK,14
2.05676e+06,6,CTL,20
2.05685e+06,14,RTS,20
2.05685e+06,1,RTS,20
2.05685e+06,19,RTS,20
2.05694e+06,3,RTS,20
2.05694e+06,16,RTS,20
2.05694e+06,13,RTS,20
2.05704e+06,19,RTS,20
2.05711e+06,20,CTS,14
2.05717e+06,19,QOSDATA_TID6,1066
2.05736e+06,20,ACK,14
2.0574e+06,19,CTL,20
2.05749e+06,7,RTS,20
2.05749e+06,13,RTS,20
2.05755e+06,20,CTS,14
2.05761e+06,7,QOSDATA_TID6,1066
2.0578e+06,20,ACK,14
2.05784e+06,7,CTL,20
2.05793e+06,9,RTS,20
2.058e+06,20,CTS,14
2.05806e+06,9,QOSDATA_TID6,1066
2.05824e+06,20,ACK,14
2.05828e+06,9,QOSDATA_TID6,1066
2.05847e+06,20,ACK,14
2.05851e+06,9,CTL,20
2.0586e+06,0,RTS,20
2.0586e+06,12,RTS,20
2.0586e+06,15,RTS,20
2.05867e+06,20,CTS,14
2.05873e+06,12,QOSDATA_TID6,1066
2.05891e+06,20,ACK,14
2.05895e+06,12,CTL,20
2.05904e+06,19,RTS,20
2.05911e+06,20,CTS,14
2.05917e+06,19,QOSDATA_TID6,1066
2.05935e+06,20,ACK,14
2.0594e+06,19,CTL,20
2.05948e+06,17,RTS,20
2.05948e+06,11,RTS,20
2.05955e+06,20,CTS,14
2.05961e+06,17,QOSDATA_TID6,1066
2.05979e+06,20,ACK,14
2.05984e+06,17,CTL,20
2.05992e+06,13,RTS,20
2.05999e+06,20,CTS,14
2.06005e+06,13,QOSDATA_TID6,1066
2.06024e+06,20,ACK,14
2.06028e+06,13,QOSDATA_TID6,1066
2.06046e+06,20,ACK,14
2.06051e+06,13,CTL,20
2.06059e+06,15,RTS,20
2.06059e+06,16,RTS,20
2.06059e+06,10,RTS,20
2.06069e+06,6,RTS,20
2.06076e+06,20,CTS,14
2.06082e+06,6,QOSDATA_TID6,1066
2.061e+06,20,ACK,14
2.06105e+06,6,CTL,20
2.06113e+06,5,RTS,20
2.0612e+06,20,CTS,14
2.06126e+06,5,QOSDATA_TID6,1066
2.06145e+06,20,ACK,14
2.06149e+06,5,CTL,20
2.06158e+06,3,RTS,20
2.06158e+06,4,RTS,20
2.06158e+06,15,RTS,20
2.06168e+06,1,RTS,20
2.06175e+06,20,CTS,14
2.06181e+06,1,QOSDATA_TID6,1066
2.062e+06,20,ACK,14
2.06204e+06,1,QOSDATA_TID6,1066
2.06222e+06,20,ACK,14
2.06227e+06,1,CTL,20
2.06236e+06,18,RTS,20
2.06243e+06,20,CTS,14
2.06249e+06,18,QOSDATA_TID6,1066
2.06267e+06,20,ACK,14
2.06272e+06,18,CTL,20
2.0628e+06,2,RTS,20
2.0628e+06,0,RTS,20
2.0628e+06,14,RTS,20
2.0628e+06,11,RTS,20
2.06292e+06,8,RTS,20
2.06299e+06,20,CTS,14
2.06305e+06,8,QOSDATA_TID6,1066
2.06323e+06,20,ACK,14
2.06328e+06,8,CTL,20
2.06337e+06,11,RTS,20
2.06337e+06,0,CTS,14
2.06337e+06,14,RTS,20
2.06351e+06,14,RTS,20
2.06358e+06,20,CTS,14
2.06364e+06,14,QOSDATA_TID6,1066
2.06382e+06,20,ACK,14
2.06387e+06,14,QOSDATA_TID6,1066
2.06405e+06,20,ACK,14
2.0641e+06,14,CTL,20
2.06417e+06,20,BEACON,152
2.06443e+06,16,RTS,20
2.0645e+06,20,CTS,14
2.06456e+06,16,QOSDATA_TID6,1066
2.06475e+06,20,ACK,14
2.06479e+06,16,QOSDATA_TID6,1066
2.06497e+06,20,ACK,14
2.06502e+06,16,CTL,20
2.0651e+06,11,RTS,20
2.0651e+06,0,RTS,20
2.06517e+06,20,CTS,14
2.06523e+06,0,QOSDATA_TID6,1066
2.06542e+06,20,ACK,14
2.06546e+06,0,QOSDATA_TID6,1066
2.06564e+06,20,ACK,14
2.06569e+06,0,CTL,20
2.06578e+06,13,RTS,20
2.06584e+06,20,CTS,14
2.0659e+06,13,QOSDATA_TID6,1066
2.06609e+06,20,ACK,14
2.06613e+06,13,CTL,20
2.06622e+06,7,RTS,20
2.06622e+06,10,RTS,20
2.06628e+06,20,CTS,14
2.06634e+06,7,QOSDATA_TID6,1066
2.06653e+06,20,ACK,14
2.06657e+06,7,CTL,20
2.06667e+06,4,RTS,20
2.06667e+06,15,RTS,20
2.06667e+06,3,RTS,20
2.06677e+06,12,RTS,20
2.06683e+06,20,CTS,14
2.06689e+06,12,QOSDATA_TID6,1066
2.06708e+06,20,ACK,14
2.06712e+06,12,CTL,20
2.06721e+06,1,RTS,20
2.06728e+06,20,CTS,14
2.06734e+06,1,QOSDATA_TID6,1066
2.06752e+06,20,ACK,14
2.06756e+06,1,CTL,20
2.06766e+06,19,RTS,20
2.06766e+06,4,RTS,20
2.06766e+06,3,RTS,20
2.06766e+06,9,RTS,20
2.06766e+06,6,RTS,20
2.06778e+06,2,RTS,20
2.06785e+06,20,CTS,14
2.06791e+06,2,QOSDATA_TID6,1066
2.0681e+06,20,ACK,14
2.06814e+06,2,CTL,20
2.06823e+06,6,RTS,20
2.06829e+06,20,CTS,14
2.06835e+06,6,QOSDATA_TID6,1066
2.06854e+06,20,ACK,14
2.06858e+06,6,CTL,20
2.06867e+06,4,RTS,20
2.06874e+06,20,CTS,14
2.0688e+06,4,QOSDATA_TID6,1066
2.06898e+06,20,ACK,14
2.06902e+06,4,QOSDATA_TID6,1066
2.06921e+06,20,ACK,14
2.06925e+06,4,CTL,20
2.06934e+06,11,RTS,20
2.06934e+06,17,RTS,20
2.06934e+06,2,RTS,20
2.06934e+06,10,RTS,20
2.06944e+06,15,RTS,20
2.06951e+06,20,CTS,14
2.06957e+06,15,QOSDATA_TID6,1066
2.06976e+06,20,ACK,14
2.0698e+06,15,QOSDATA_TID6,1066
2.06998e+06,20,ACK,14
2.07003e+06,15,QOSDATA_TID6,1066
2.07021e+06,20,ACK,14
2.07026e+06,15,CTL,20
2.07036e+06,5,RTS,20
2.07036e+06,18,RTS,20
2.07043e+06,20,CTS,14
2.07049e+06,5,QOSDATA_TID6,1066
2.07067e+06,20,ACK,14
2.07072e+06,5,CTL,20
2.07081e+06,18,RTS,20
2.07088e+06,20,CTS,14
2.07094e+06,18,QOSDATA_TID6,1066
2.07112e+06,20,ACK,14
2.07117e+06,18,CTL,20
2.07125e+06,8,RTS,20
2.07132e+06,20,CTS,14
2.07138e+06,8,QOSDATA_TID6,1066
2.07157e+06,20,ACK,14
2.07161e+06,8,CTL,20
2.0717e+06,2,RTS,20
2.0717e+06,9,RTS,20
2.07176e+06,20,CTS,14
2.07182e+06,2,QOSDATA_TID6,1066
2.07201e+06,20,ACK,14
2.07205e+06,2,CTL,20
2.07215e+06,3,RTS,20
2.07215e+06,19,RTS,20
2.07215e+06,11,RTS,20
2.07215e+06,14,RTS,20
2.07229e+06,11,RTS,20
2.07236e+06,20,CTS,14
2.07242e+06,11,QOSDATA_TID6,1066
2.0726e+06,20,ACK,14
2.07264e+06,11,QOSDATA_TID6,1066
2.07283e+06,20,ACK,14
2.07287e+06,11,QOSDATA_TID6,1066
2.07306e+06,20,ACK,14
2.0731e+06,11,QOSDATA_TID6,1066
2.07328e+06,20,ACK,14
2.07333e+06,11,CTL,20
2.07341e+06,16,RTS,20
2.07348e+06,20,CTS,14
2.07354e+06,16,QOSDATA_TID6,1066
2.07373e+06,20,ACK,14
2.07377e+06,16,CTL,20
2.07386e+06,19,RTS,20
2.07386e+06,13,RTS,20
2.07386e+06,3,RTS,20
2.07386e+06,14,RTS,20
2.07386e+06,10,RTS,20
2.07398e+06,0,RTS,20
2.07398e+06,7,RTS,20
2.0741e+06,9,RTS,20
2.07416e+06,20,CTS,14
2.07422e+06,9,QOSDATA_TID6,1066
2.07441e+06,20,ACK,14
2.07445e+06,9,QOSDATA_TID6,1066
2.07464e+06,20,ACK,14
2.07468e+06,9,CTL,20
2.07477e+06,10,RTS,20
2.07477e+06,14,RTS,20
2.07487e+06,0,RTS,20
2.07487e+06,17,RTS,20
2.07487e+06,19,RTS,20
2.07497e+06,11,RTS,20
2.07504e+06,20,CTS,14
2.0751e+06,11,QOSDATA_TID6,1066
2.07528e+06,20,ACK,14
2.07533e+06,11,CTL,20
2.07541e+06,13,RTS,20
2.07548e+06,20,CTS,14
2.07554e+06,13,QOSDATA_TID6,1066
2.07573e+06,20,ACK,14
2.07577e+06,13,CTL,20
2.07586e+06,7,RTS,20
2.07586e+06,6,RTS,20
2.07586e+06,10,RTS,20
2.07599e+06,19,RTS,20
2.07606e+06,20,CTS,14
2.07612e+06,19,QOSDATA_TID6,1066
2.0763e+06,20,ACK,14
2.07635e+06,19,QOSDATA_TID6,1066
2.07653e+06,20,ACK,14
2.07657e+06,19,CTL,20
2.07666e+06,2,RTS,20
2.07673e+06,20,CTS,14
2.07679e+06,2,QOSDATA_TID6,1066
2.07697e+06,20,ACK,14
2.07702e+06,2,CTL,20
2.0771e+06,3,RTS,20
2.0771e+06,5,RTS,20
2.0771e+06,0,CTS,14
2.0771e+06,1,RTS,20
2.0771e+06,4,RTS,20
2.07719e+06,0,RTS,20
2.07726e+06,20,CTS,14
2.07732e+06,0,QOSDATA_TID6,1066
2.0775e+06,20,ACK,14
2.07754e+06,0,CTL,20
2.07763e+06,15,RTS,20
2.07763e+06,12,RTS,20
2.07763e+06,17,RTS,20
2.07773e+06,6,RTS,20
2.0778e+06,20,CTS,14
2.07786e+06,6,QOSDATA_TID6,1066
2.07804e+06,20,ACK,14
2.07808e+06,6,CTL,20
2.07817e+06,15,RTS,20
2.07817e+06,10,RTS,20
2.07824e+06,20,CTS,14
2.0783e+06,15,QOSDATA_TID6,1066
2.07848e+06,20,ACK,14
2.07853e+06,15,CTL,20
2.07862e+06,5,RTS,20
2.07862e+06,4,RTS,20
2.07869e+06,20,CTS,14
2.07875e+06,5,QOSDATA_TID6,1066
2.07893e+06,20,ACK,14
2.07898e+06,5,CTL,20
2.07907e+06,8,RTS,20
2.07907e+06,7,RTS,20
2.07907e+06,4,RTS,20
2.07917e+06,18,RTS,20
2.07924e+06,20,CTS,14
2.0793e+06,18,QOSDATA_TID6,1066
2.07948e+06,20,ACK,14
2.07953e+06,18,CTL,20
2.07961e+06,10,RTS,20
2.07968e+06,20,CTS,14
2.07974e+06,10,QOSDATA_TID6,1066
2.07992e+06,20,ACK,14
2.07997e+06,10,QOSDATA_TID6,1066
2.08015e+06,20,ACK,14
2.0802e+06,10,QOSDATA_TID6,1066
2.08038e+06,20,ACK,14
2.08042e+06,10,CTL,20
2.08051e+06,8,RTS,20
2.08058e+06,20,CTS,14
2.08064e+06,8,QOSDATA_TID6,1066
2.08082e+06,20,ACK,14
2.08087e+06,8,CTL,20
2.08095e+06,7,RTS,20
2.08102e+06,20,CTS,14
2.08108e+06,7,QOSDATA_TID6,1066
2.08126e+06,20,ACK,14
2.08131e+06,7,CTL,20
2.0814e+06,16,RTS,20
2.0814e+06,14,RTS,20
2.08149e+06,3,RTS,20
2.08156e+06,20,CTS,14
2.08162e+06,3,QOSDATA_TID6,1066
2.0818e+06,20,ACK,14
2.08185e+06,3,QOSDATA_TID6,1066
2.08203e+06,20,ACK,14
2.08208e+06,3,QOSDATA_TID6,1066
2.08226e+06,20,ACK,14
2.0823e+06,3,QOSDATA_TID6,1066
2.08249e+06,20,ACK,14
2.08253e+06,3,CTL,20
2.08262e+06,14,RTS,20
2.08269e+06,20,CTS,14
2.08275e+06,14,QOSDATA_TID6,1066
2.08293e+06,20,ACK,14
2.08298e+06,14,QOSDATA_TID6,1066
2.08316e+06,20,ACK,14
2.0832e+06,14,CTL,20
2.08329e+06,6,RTS,20
2.08329e+06,1,RTS,20
2.08329e+06,19,RTS,20
2.08329e+06,11,RTS,20
2.08329e+06,4,RTS,20
2.08339e+06,17,RTS,20
2.08346e+06,20,CTS,14
2.08352e+06,17,QOSDATA_TID6,1066
2.0837e+06,20,ACK,14
2.08374e+06,17,QOSDATA_TID6,1066
2.08393e+06,20,ACK,14
2.08397e+06,17,QOSDATA_TID6,1066
2.08416e+06,20,ACK,14
2.0842e+06,17,CTL,20
2.08428e+06,12,RTS,20
2.08428e+06,7,RTS,20
2.08428e+06,3,RTS,20
2.08435e+06,20,CTS,14
2.08441e+06,12,QOSDATA_TID6,1066
2.0846e+06,20,ACK,14
2.08464e+06,12,QOSDATA_TID6,1066
2.08482e+06,20,ACK,14
2.08487e+06,12,CTL,20
2.08496e+06,5,RTS,20
2.08496e+06,0,RTS,20
2.08496e+06,6,RTS,20
2.08502e+06,20,CTS,14
2.08508e+06,5,QOSDATA_TID6,1066
2.08527e+06,20,ACK,14
2.08531e+06,5,CTL,20
2.0854e+06,9,RTS,20
2.0854e+06,13,RTS,20
2.08551e+06,1,RTS,20
2.08551e+06,11,RTS,20
2.08551e+06,16,RTS,20
2.08551e+06,6,RTS,20
2.08562e+06,3,RTS,20
2.08562e+06,9,RTS,20
2.08562e+06,10,RTS,20
2.08572e+06,2,RTS,20
2.08579e+06,20,CTS,14
2.08585e+06,2,QOSDATA_TID6,1066
2.08603e+06,20,ACK,14
2.08607e+06,2,CTL,20
2.08617e+06,11,RTS,20
2.08617e+06,16,RTS,20
2.08617e+06,13,RTS,20
2.08628e+06,1,RTS,20
2.08634e+06,20,CTS,14
2.0864e+06,1,QOSDATA_TID6,1066
2.08659e+06,20,ACK,14
2.08663e+06,1,QOSDATA_TID6,1066
2.08682e+06,20,ACK,14
2.08686e+06,1,CTL,20
2.08695e+06,8,RTS,20
2.08695e+06,4,RTS,20
2.08695e+06,0,RTS,20
2.08695e+06,18,RTS,20
2.08704e+06,7,RTS,20
2.08711e+06,20,CTS,14
2.08717e+06,7,QOSDATA_TID6,1066
2.08736e+06,20,ACK,14
2.0874e+06,7,CTL,20
2.08749e+06,0,CTS,14
2.08749e+06,14,RTS,20
2.08749e+06,9,RTS,20
2.08759e+06,0,RTS,20
2.08766e+06,20,CTS,14
2.08772e+06,0,QOSDATA_TID6,1066
2.0879e+06,20,ACK,14
2.08795e+06,0,CTL,20
2.08803e+06,15,RTS,20
2.08803e+06,3,RTS,20
2.08803e+06,19,RTS,20
2.08803e+06,4,RTS,20
2.08816e+06,6,RTS,20
2.08822e+06,20,CTS,14
2.08828e+06,6,QOSDATA_TID6,1066
2.08847e+06,20,ACK,14
2.08851e+06,6,CTL,20
2.0886e+06,18,RTS,20
2.08867e+06,20,CTS,14
2.08873e+06,18,QOSDATA_TID6,1066
2.08891e+06,20,ACK,14
2.08896e+06,18,CTL,20
2.08904e+06,10,RTS,20
2.08904e+06,3,RTS,20
2.08915e+06,16,RTS,20
2.08915e+06,4,RTS,20
2.08915e+06,15,RTS,20
2.08915e+06,13,RTS,20
2.08925e+06,0,RTS,20
2.08932e+06,20,CTS,14
2.08938e+06,0,QOSDATA_TID6,1066
2.08956e+06,20,ACK,14
2.0896e+06,0,CTL,20
2.08969e+06,7,RTS,20
2.08976e+06,20,CTS,14
2.08982e+06,7,QOSDATA_TID6,1066
2.09e+06,20,ACK,14
2.09004e+06,7,CTL,20
2.09013e+06,16,RTS,20
2.09013e+06,4,RTS,20
2.09013e+06,15,RTS,20
2.09013e+06,9,RTS,20
2.09024e+06,13,RTS,20
2.09031e+06,20,CTS,14
2.09037e+06,13,QOSDATA_TID6,1066
2.09055e+06,20,ACK,14
2.09059e+06,13,QOSDATA_TID6,1066
2.09078e+06,20,ACK,14
2.09082e+06,13,CTL,20
2.09091e+06,8,RTS,20
2.09098e+06,20,CTS,14
2.09104e+06,8,QOSDATA_TID6,1066
2.09122e+06,20,ACK,14
2.09126e+06,8,CTL,20
2.09135e+06,17,RTS,20
2.09135e+06,1,RTS,20
2.09135e+06,19,RTS,20
2.09135e+06,11,RTS,20
2.09135e+06,3,RTS,20
2.09145e+06,12,RTS,20
2.09145e+06,6,RTS,20
2.09152e+06,20,CTS,14
2.09158e+06,12,QOSDATA_TID6,1066
2.09176e+06,20,ACK,14
2.0918e+06,12,CTL,20
2.09189e+06,19,RTS,20
2.09189e+06,6,RTS,20
2.09203e+06,6,RTS,20
2.0921e+06,20,CTS,14
2.09216e+06,6,QOSDATA_TID6,1066
2.09234e+06,20,ACK,14
2.09239e+06,6,CTL,20
2.09248e+06,14,RTS,20
2.09248e+06,3,RTS,20
2.09248e+06,9,RTS,20
2.09248e+06,4,RTS,20
2.09258e+06,19,RTS,20
2.09265e+06,20,CTS,14
2.09271e+06,19,QOSDATA_TID6,1066
2.09289e+06,20,ACK,14
2.09294e+06,19,QOSDATA_TID6,1066
2.09312e+06,20,ACK,14
2.09316e+06,19,CTL,20
2.09325e+06,2,RTS,20
2.09325e+06,3,RTS,20
2.09332e+06,20,CTS,14
2.09338e+06,2,QOSDATA_TID6,1066
2.09356e+06,20,ACK,14
2.0936e+06,2,CTL,20
2.0937e+06,5,RTS,20
2.0937e+06,11,RTS,20
2.0937e+06,4,RTS,20
2.09377e+06,20,CTS,14
2.09383e+06,5,QOSDATA_TID6,1066
2.09401e+06,20,ACK,14
2.09406e+06,5,CTL,20
2.09414e+06,15,RTS,20
2.09421e+06,20,CTS,14
2.09427e+06,15,QOSDATA_TID6,1066
2.09445e+06,20,ACK,14
2.0945e+06,15,QOSDATA_TID6,1066
2.09468e+06,20,ACK,14
2.09473e+06,15,CTL,20
2.09481e+06,8,RTS,20
2.09488e+06,20,CTS,14
2.09494e+06,8,QOSDATA_TID6,1066
2.09512e+06,20,ACK,14
2.09517e+06,8,CTL,20
2.09525e+06,1,RTS,20
2.09525e+06,11,RTS,20
2.09525e+06,10,RTS,20
2.09536e+06,14,RTS,20
2.09543e+06,20,CTS,14
2.09549e+06,14,QOSDATA_TID6,1066
2.09567e+06,20,ACK,14
2.09572e+06,14,QOSDATA_TID6,1066
2.0959e+06,20,ACK,14
2.09594e+06,14,CTL,20
2.09603e+06,11,RTS,20
2.0961e+06,20,CTS,14
2.09616e+06,11,QOSDATA_TID6,1066
2.09634e+06,20,ACK,14
2.09639e+06,11,QOSDATA_TID6,1066
2.09657e+06,20,ACK,14
2.09662e+06,11,CTL,20
2.0967e+06,16,RTS,20
2.0967e+06,4,RTS,20
2.0967e+06,1,RTS,20
2.0967e+06,17,RTS,20
2.0967e+06,3,RTS,20
2.09681e+06,18,RTS,20
2.09688e+06,20,CTS,14
2.09694e+06,18,QOSDATA_TID6,1066
2.09712e+06,20,ACK,14
2.09716e+06,18,CTL,20
2.09725e+06,4,RTS,20
2.09732e+06,20,CTS,14
2.09738e+06,4,QOSDATA_TID6,1066
2.09756e+06,20,ACK,14
2.09761e+06,4,QOSDATA_TID6,1066
2.09779e+06,20,ACK,14
2.09784e+06,4,CTL,20
2.09792e+06,7,RTS,20
2.09799e+06,20,CTS,14
2.09805e+06,7,QOSDATA_TID6,1066
2.09823e+06,20,ACK,14
2.09828e+06,7,CTL,20
2.09836e+06,0,RTS,20
2.09836e+06,3,RTS,20
2.09836e+06,10,RTS,20
2.09846e+06,13,RTS,20
2.09853e+06,20,CTS,14
2.09859e+06,13,QOSDATA_TID6,1066
2.09877e+06,20,ACK,14
2.09882e+06,13,CTL,20
2.0989e+06,10,RTS,20
2.09897e+06,20,CTS,14
2.09903e+06,10,QOSDATA_TID6,1066
2.09922e+06,20,ACK,14
2.09926e+06,10,QOSDATA_TID6,1066
2.09944e+06,20,ACK,14
2.09949e+06,10,CTL,20
2.09957e+06,9,RTS,20
2.09957e+06,17,RTS,20
2.09957e+06,1,RTS,20
2.09967e+06,12,RTS,20
2.09967e+06,11,RTS,20
2.09974e+06,20,CTS,14
2.0998e+06,12,QOSDATA_TID6,1066
2.09998e+06,20,ACK,14
2.10003e+06,12,CTL,20
2.10011e+06,17,RTS,20
2.10018e+06,20,CTS,14
2.10024e+06,17,QOSDATA_TID6,1066
2.10042e+06,20,ACK,14
2.10047e+06,17,QOSDATA_TID6,1066
2.10065e+06,20,ACK,14
2.1007e+06,17,CTL,20
2.10079e+06,5,RTS,20
2.10079e+06,16,RTS,20
2.10079e+06,15,RTS,20
2.10086e+06,20,CTS,14
2.10092e+06,5,QOSDATA_TID6,1066
2.1011e+06,20,ACK,14
2.10115e+06,5,CTL,20
2.10123e+06,10,RTS,20
2.1013e+06,20,CTS,14
2.10136e+06,10,QOSDATA_TID6,1066
2.10155e+06,20,ACK,14
2.10159e+06,10,CTL,20
2.10168e+06,6,RTS,20
2.10168e+06,19,RTS,20
2.10168e+06,11,RTS,20
2.10168e+06,4,RTS,20
2.10178e+06,9,RTS,20
2.10185e+06,20,CTS,14
2.10191e+06,9,QOSDATA_TID6,1066
2.1021e+06,20,ACK,14
2.10214e+06,9,QOSDATA_TID6,1066
2.10232e+06,20,ACK,14
2.10237e+06,9,QOSDATA_TID6,1066
2.10255e+06,20,ACK,14
2.1026e+06,9,CTL,20
2.10268e+06,3,RTS,20
2.10268e+06,8,RTS,20
2.10275e+06,20,CTS,14
2.10281e+06,8,QOSDATA_TID6,1066
2.10299e+06,20,ACK,14
2.10304e+06,8,CTL,20
2.10312e+06,3,RTS,20
2.10312e+06,14,RTS,20
2.10323e+06,11,RTS,20
2.10323e+06,16,RTS,20
2.10334e+06,19,RTS,20
2.10334e+06,2,RTS,20
2.10334e+06,6,RTS,20
2.10345e+06,18,RTS,20
2.10352e+06,20,CTS,14
2.10358e+06,18,QOSDATA_TID6,1066
2.10377e+06,20,ACK,14
2.10381e+06,18,CTL,20
2.1039e+06,11,RTS,20
2.1039e+06,16,RTS,20
2.10399e+06,19,RTS,20
2.10406e+06,20,CTS,14
2.10412e+06,19,QOSDATA_TID6,1066
2.10431e+06,20,ACK,14
2.10435e+06,19,CTL,20
2.10444e+06,1,RTS,20
2.1045e+06,20,CTS,14
2.10456e+06,1,QOSDATA_TID6,1066
2.10475e+06,20,ACK,14
2.10479e+06,1,QOSDATA_TID6,1066
2.10498e+06,20,ACK,14
2.10502e+06,1,CTL,20
2.10511e+06,4,RTS,20
2.10511e+06,0,RTS,20
2.10511e+06,15,RTS,20
2.10511e+06,14,RTS,20
2.1052e+06,3,RTS,20
2.10527e+06,20,CTS,14
2.10533e+06,3,QOSDATA_TID6,1066
2.10552e+06,20,ACK,14
2.10556e+06,3,QOSDATA_TID6,1066
2.10574e+06,20,ACK,14
2.10579e+06,3,CTL,20
2.10587e+06,9,RTS,20
2.10587e+06,4,RTS,20
2.10587e+06,14,RTS,20
2.10587e+06,15,RTS,20
2.10587e+06,13,RTS,20
2.10598e+06,7,RTS,20
2.10598e+06,0,CTS,14
2.10598e+06,6,RTS,20
2.10609e+06,2,RTS,20
2.10616e+06,20,CTS,14
2.10622e+06,2,QOSDATA_TID6,1066
2.1064e+06,20,ACK,14
2.10644e+06,2,CTL,20
2.10653e+06,9,RTS,20
2.10653e+06,13,RTS,20
2.10665e+06,11,RTS,20
2.10671e+06,20,CTS,14
2.10677e+06,11,QOSDATA_TID6,1066
2.10696e+06,20,ACK,14
2.107e+06,11,QOSDATA_TID6,1066
2.10719e+06,20,ACK,14
2.10723e+06,11,CTL,20
2.10732e+06,9,RTS,20
2.10738e+06,20,CTS,14
2.10744e+06,9,QOSDATA_TID6,1066
2.10763e+06,20,ACK,14
2.10767e+06,9,CTL,20
2.10776e+06,3,RTS,20
2.10776e+06,19,RTS,20
2.10776e+06,12,RTS,20
2.10776e+06,16,RTS,20
2.10776e+06,7,RTS,20
2.10776e+06,15,RTS,20
2.10786e+06,17,RTS,20
2.10793e+06,20,CTS,14
2.10799e+06,17,QOSDATA_TID6,1066
2.10818e+06,20,ACK,14
2.10822e+06,17,CTL,20
2.10831e+06,5,RTS,20
2.10831e+06,16,RTS,20
2.10831e+06,6,RTS,20
2.10838e+06,20,CTS,14
2.10844e+06,5,QOSDATA_TID6,1066
2.10862e+06,20,ACK,14
2.10866e+06,5,CTL,20
2.10875e+06,6,RTS,20
2.10882e+06,20,CTS,14
2.10888e+06,6,QOSDATA_TID6,1066
2.10906e+06,20,ACK,14
2.1091e+06,6,QOSDATA_TID6,1066
2.10929e+06,20,ACK,14
2.10933e+06,6,CTL,20
2.10942e+06,15,RTS,20
2.10942e+06,3,RTS,20
2.10942e+06,1,RTS,20
2.10942e+06,19,RTS,20
2.10953e+06,10,RTS,20
2.10953e+06,16,RTS,20
2.10966e+06,14,RTS,20
2.10973e+06,20,CTS,14
2.10979e+06,14,QOSDATA_TID6,1066
2.10997e+06,20,ACK,14
2.11002e+06,14,CTL,20
2.1101e+06,15,RTS,20
2.1101e+06,10,RTS,20
2.11017e+06,20,CTS,14
2.11023e+06,15,QOSDATA_TID6,1066
2.11041e+06,20,ACK,14
2.11046e+06,15,QOSDATA_TID6,1066
2.11064e+06,20,ACK,14
2.11069e+06,15,CTL,20
2.11077e+06,1,RTS,20
2.11077e+06,10,RTS,20
2.11084e+06,20,CTS,14
2.1109e+06,1,QOSDATA_TID6,1066
2.11108e+06,20,ACK,14
2.11113e+06,1,CTL,20
2.11122e+06,10,RTS,20
2.11128e+06,20,CTS,14
2.11134e+06,10,QOSDATA_TID6,1066
2.11153e+06,20,ACK,14
2.11157e+06,10,CTL,20
2.11166e+06,18,RTS,20
2.11166e+06,8,RTS,20
2.11166e+06,4,RTS,20
2.11172e+06,20,CTS,14
2.11178e+06,8,QOSDATA_TID6,1066
2.11197e+06,20,ACK,14
2.11201e+06,8,CTL,20
2.11211e+06,16,RTS,20
2.11211e+06,7,RTS,20
2.11211e+06,2,RTS,20
2.11211e+06,13,RTS,20
2.11211e+06,14,RTS,20
2.11222e+06,19,RTS,20
2.11228e+06,20,CTS,14
2.11234e+06,19,QOSDATA_TID6,1066
2.11253e+06,20,ACK,14
2.11257e+06,19,CTL,20
2.11266e+06,14,RTS,20
2.11272e+06,20,CTS,14
2.11278e+06,14,QOSDATA_TID6,1066
2.11297e+06,20,ACK,14
2.11301e+06,14,CTL,20
2.1131e+06,0,RTS,20
2.11317e+06,20,CTS,14
2.11323e+06,0,QOSDATA_TID6,1066
2.11341e+06,20,ACK,14
2.11346e+06,0,QOSDATA_TID6,1066
2.11364e+06,20,ACK,14
2.11368e+06,0,QOSDATA_TID6,1066
2.11387e+06,20,ACK,14
2.11391e+06,0,CTL,20
2.114e+06,18,RTS,20
2.11406e+06,20,CTS,14
2.11412e+06,18,QOSDATA_TID6,1066
2.11431e+06,20,ACK,14
2.11435e+06,18,CTL,20
2.11444e+06,13,RTS,20
2.11451e+06,20,CTS,14
2.11457e+06,13,QOSDATA_TID6,1066
2.11475e+06,20,ACK,14
2.1148e+06,13,QOSDATA_TID6,1066
2.11498e+06,20,ACK,14
2.11502e+06,13,CTL,20
2.11511e+06,12,RTS,20
2.11511e+06,11,RTS,20
2.11511e+06,19,RTS,20
2.11511e+06,2,RTS,20
2.11511e+06,3,RTS,20
2.11511e+06,9,RTS,20
2.11522e+06,6,RTS,20
2.11529e+06,20,CTS,14
2.11535e+06,6,QOSDATA_TID6,1066
2.11554e+06,20,ACK,14
2.11558e+06,6,CTL,20
2.11568e+06,17,RTS,20
2.11568e+06,3,RTS,20
2.11568e+06,11,RTS,20
2.11574e+06,20,CTS,14
2.1158e+06,17,QOSDATA_TID6,1066
2.11599e+06,20,ACK,14
2.11603e+06,17,CTL,20
2.11612e+06,7,RTS,20
2.11612e+06,11,RTS,20
2.11619e+06,20,CTS,14
2.11625e+06,7,QOSDATA_TID6,1066
2.11643e+06,20,ACK,14
2.11647e+06,7,QOSDATA_TID6,1066
2.11666e+06,20,ACK,14
2.1167e+06,7,CTL,20
2.11679e+06,5,RTS,20
2.11679e+06,3,RTS,20
2.11686e+06,20,CTS,14
2.11692e+06,5,QOSDATA_TID6,1066
2.1171e+06,20,ACK,14
2.11714e+06,5,CTL,20
2.11723e+06,3,RTS,20
2.1173e+06,20,CTS,14
2.11736e+06,3,QOSDATA_TID6,1066
2.11754e+06,20,ACK,14
2.11759e+06,3,QOSDATA_TID6,1066
2.11777e+06,20,ACK,14
2.11781e+06,3,CTL,20
2.1179e+06,15,RTS,20
2.11797e+06,20,CTS,14
2.11803e+06,15,QOSDATA_TID6,1066
2.11821e+06,20,ACK,14
2.11826e+06,15,CTL,20
2.11834e+06,1,RTS,20
2.11834e+06,16,RTS,20
2.11834e+06,10,RTS,20
2.11846e+06,12,RTS,20
2.11853e+06,20,CTS,14
2.11859e+06,12,QOSDATA_TID6,1066
2.11877e+06,20,ACK,14
2.11881e+06,12,QOSDATA_TID6,1066
2.119e+06,20,ACK,14
2.11904e+06,12,CTL,20
2.11913e+06,14,RTS,20
2.1192e+06,20,CTS,14
2.11926e+06,14,QOSDATA_TID6,1066
2.11944e+06,20,ACK,14
2.11948e+06,14,CTL,20
2.11957e+06,8,RTS,20
2.11957e+06,10,RTS,20
2.11957e+06,1,RTS,20
2.11957e+06,4,RTS,20
2.11967e+06,9,RTS,20
2.11974e+06,20,CTS,14
2.1198e+06,9,QOSDATA_TID6,1066
2.11998e+06,20,ACK,14
2.12002e+06,9,CTL,20
2.12012e+06,2,RTS,20
2.12019e+06,20,CTS,14
2.12025e+06,2,QOSDATA_TID6,1066
2.12043e+06,20,ACK,14
2.12048e+06,2,QOSDATA_TID6,1066
2.12066e+06,20,ACK,14
2.1207e+06,2,CTL,20
2.12079e+06,18,RTS,20
2.12079e+06,11,RTS,20
2.12093e+06,18,RTS,20
2.121e+06,20,CTS,14
2.12106e+06,18,QOSDATA_TID6,1066
2.12124e+06,20,ACK,14
2.12129e+06,18,CTL,20
2.12138e+06,19,RTS,20
2.12138e+06,1,RTS,20
2.12138e+06,11,RTS,20
2.12148e+06,7,RTS,20
2.12155e+06,20,CTS,14
2.12161e+06,7,QOSDATA_TID6,1066
2.12179e+06,20,ACK,14
2.12184e+06,7,CTL,20
2.12192e+06,13,RTS,20
2.12192e+06,9,RTS,20
2.12192e+06,10,RTS,20
2.12203e+06,0,RTS,20
2.12203e+06,8,RTS,20
2.12203e+06,16,RTS,20
2.12216e+06,13,RTS,20
2.12223e+06,20,CTS,14
2.12229e+06,13,QOSDATA_TID6,1066
2.12247e+06,20,ACK,14
2.12252e+06,13,CTL,20
2.1226e+06,8,RTS,20
2.1226e+06,16,RTS,20
2.1226e+06,9,RTS,20
2.12267e+06,20,CTS,14
2.12273e+06,8,QOSDATA_TID6,1066
2.12292e+06,20,ACK,14
2.12296e+06,8,CTL,20
2.12305e+06,0,RTS,20
2.12311e+06,20,CTS,14
2.12317e+06,0,QOSDATA_TID6,1066
2.12336e+06,20,ACK,14
2.1234e+06,0,CTL,20
2.12349e+06,6,RTS,20
2.12349e+06,10,RTS,20
2.12349e+06,17,RTS,20
2.12356e+06,20,CTS,14
2.12362e+06,17,QOSDATA_TID6,1066
2.1238e+06,20,ACK,14
2.12384e+06,17,CTL,20
2.12393e+06,6,RTS,20
2.124e+06,20,CTS,14
2.12406e+06,6,QOSDATA_TID6,1066
2.12424e+06,20,ACK,14
2.12429e+06,6,CTL,20
2.12437e+06,5,RTS,20
2.12437e+06,3,RTS,20
2.12437e+06,4,RTS,20
2.12444e+06,20,CTS,14
2.1245e+06,5,QOSDATA_TID6,1066
2.12468e+06,20,ACK,14
2.12473e+06,5,CTL,20
2.12481e+06,2,RTS,20
2.12481e+06,15,RTS,20
2.12491e+06,16,RTS,20
2.12498e+06,20,CTS,14
2.12504e+06,16,QOSDATA_TID6,1066
2.12522e+06,20,ACK,14
2.12527e+06,16,QOSDATA_TID6,1066
2.12545e+06,20,ACK,14
2.1255e+06,16,QOSDATA_TID6,1066
2.12568e+06,20,ACK,14
2.12572e+06,16,QOSDATA_TID6,1066
2.12591e+06,20,ACK,14
2.12595e+06,16,CTL,20
2.12604e+06,12,RTS,20
2.12611e+06,20,CTS,14
2.12617e+06,12,QOSDATA_TID6,1066
2.12635e+06,20,ACK,14
2.12639e+06,12,CTL,20
2.12648e+06,11,RTS,20
2.12648e+06,18,RTS,20
2.12648e+06,9,RTS,20
2.1266e+06,19,RTS,20
2.12667e+06,20,CTS,14
2.12673e+06,19,QOSDATA_TID6,1066
2.12692e+06,20,ACK,14
2.12696e+06,19,QOSDATA_TID6,1066
2.12714e+06,20,ACK,14
2.12719e+06,19,CTL,20
2.12728e+06,9,RTS,20
2.12728e+06,18,RTS,20
2.12728e+06,14,RTS,20
2.12738e+06,2,RTS,20
2.12745e+06,20,CTS,14
2.12751e+06,2,QOSDATA_TID6,1066
2.1277e+06,20,ACK,14
2.12774e+06,2,CTL,20
2.12782e+06,8,RTS,20
2.12789e+06,20,CTS,14
2.12795e+06,8,QOSDATA_TID6,1066
2.12814e+06,20,ACK,14
2.12818e+06,8,CTL,20
2.12827e+06,1,RTS,20
2.12827e+06,4,RTS,20
2.12827e+06,18,RTS,20
2.12827e+06,15,RTS,20
2.12827e+06,10,RTS,20
2.12837e+06,11,RTS,20
2.12844e+06,20,CTS,14
2.1285e+06,11,QOSDATA_TID6,1066
2.12869e+06,20,ACK,14
2.12873e+06,11,QOSDATA_TID6,1066
2.12891e+06,20,ACK,14
2.12896e+06,11,CTL,20
2.12905e+06,4,RTS,20
2.12905e+06,15,RTS,20
2.12912e+06,20,CTS,14
2.12918e+06,15,QOSDATA_TID6,1066
2.12936e+06,20,ACK,14
2.12941e+06,15,CTL,20
2.1295e+06,0,RTS,20
2.1295e+06,3,RTS,20
2.12956e+06,20,CTS,14
2.12962e+06,0,QOSDATA_TID6,1066
2.12981e+06,20,ACK,14
2.12985e+06,0,CTL,20
2.12995e+06,3,RTS,20
2.12995e+06,7,RTS,20
2.12995e+06,4,RTS,20
2.13001e+06,20,CTS,14
2.13007e+06,7,QOSDATA_TID6,1066
2.13026e+06,20,ACK,14
2.1303e+06,7,CTL,20
2.13039e+06,12,RTS,20
2.13046e+06,20,CTS,14
2.13052e+06,12,QOSDATA_TID6,1066
2.1307e+06,20,ACK,14
2.13074e+06,12,CTL,20
2.13084e+06,14,RTS,20
2.13091e+06,20,CTS,14
2.13097e+06,14,QOSDATA_TID6,1066
2.13115e+06,20,ACK,14
2.1312e+06,14,CTL,20
2.13128e+06,13,RTS,20
2.13128e+06,18,RTS,20
2.13128e+06,11,RTS,20
2.13128e+06,16,RTS,20
2.13128e+06,9,RTS,20
2.13128e+06,4,RTS,20
2.13139e+06,19,RTS,20
2.13139e+06,1,RTS,20
2.13149e+06,17,RTS,20
2.13155e+06,20,CTS,14
2.13161e+06,17,QOSDATA_TID6,1066
2.1318e+06,20,ACK,14
2.13184e+06,17,CTL,20
2.13193e+06,16,RTS,20
2.13193e+06,3,RTS,20
2.13193e+06,6,RTS,20
2.13193e+06,10,RTS,20
2.13205e+06,13,RTS,20
2.13212e+06,20,CTS,14
2.13218e+06,13,QOSDATA_TID6,1066
2.13236e+06,20,ACK,14
2.13241e+06,13,CTL,20
2.1325e+06,19,RTS,20
2.13256e+06,20,CTS,14
2.13262e+06,19,QOSDATA_TID6,1066
2.13281e+06,20,ACK,14
2.13285e+06,19,CTL,20
2.13294e+06,5,RTS,20
2.13294e+06,4,RTS,20
2.13294e+06,10,RTS,20
2.133e+06,20,CTS,14
2.13306e+06,5,QOSDATA_TID6,1066
2.13325e+06,20,ACK,14
2.13329e+06,5,CTL,20
2.13339e+06,1,RTS,20
2.13339e+06,4,RTS,20
2.13339e+06,10,RTS,20
2.13346e+06,20,CTS,14
2.13352e+06,1,QOSDATA_TID6,1066
2.1337e+06,20,ACK,14
2.13374e+06,1,QOSDATA_TID6,1066
2.13393e+06,20,ACK,14
2.13397e+06,1,QOSDATA_TID6,1066
2.13416e+06,20,ACK,14
2.1342e+06,1,CTL,20
2.13429e+06,15,RTS,20
2.13429e+06,10,RTS,20
2.13435e+06,20,CTS,14
2.13441e+06,15,QOSDATA_TID6,1066
2.1346e+06,20,ACK,14
2.13464e+06,15,CTL,20
2.13475e+06,6,RTS,20
2.13475e+06,10,RTS,20
2.13481e+06,20,CTS,14
2.13487e+06,6,QOSDATA_TID6,1066
2.13506e+06,20,ACK,14
2.1351e+06,6,CTL,20
2.13519e+06,8,RTS,20
2.13519e+06,11,RTS,20
2.13526e+06,20,CTS,14
2.13532e+06,8,QOSDATA_TID6,1066
2.1355e+06,20,ACK,14
2.13554e+06,8,CTL,20
2.13565e+06,11,RTS,20
2.13565e+06,16,RTS,20
2.13565e+06,14,RTS,20
2.13575e+06,2,RTS,20
2.13575e+06,4,RTS,20
2.13582e+06,20,CTS,14
2.13588e+06,2,QOSDATA_TID6,1066
2.13606e+06,20,ACK,14
2.1361e+06,2,CTL,20
2.1362e+06,14,RTS,20
2.1362e+06,4,RTS,20
2.13631e+06,9,RTS,20
2.13638e+06,20,CTS,14
2.13644e+06,9,QOSDATA_TID6,1066
2.13663e+06,20,ACK,14
2.13667e+06,9,QOSDATA_TID6,1066
2.13685e+06,20,ACK,14
2.1369e+06,9,CTL,20
2.13698e+06,3,RTS,20
2.13698e+06,4,RTS,20
2.13711e+06,14,RTS,20
2.13718e+06,20,CTS,14
2.13724e+06,14,QOSDATA_TID6,1066
2.13742e+06,20,ACK,14
2.13746e+06,14,CTL,20
2.13756e+06,3,RTS,20
2.13763e+06,20,CTS,14
2.13769e+06,3,QOSDATA_TID6,1066
2.13787e+06,20,ACK,14
2.13792e+06,3,QOSDATA_TID6,1066
2.1381e+06,20,ACK,14
2.13814e+06,3,CTL,20
2.13823e+06,9,RTS,20
2.13823e+06,7,RTS,20
2.1383e+06,20,CTS,14
2.13836e+06,7,QOSDATA_TID6,1066
2.13854e+06,20,ACK,14
2.13859e+06,7,CTL,20
2.13868e+06,4,RTS,20
2.13868e+06,0,RTS,20
2.13868e+06,9,RTS,20
2.13875e+06,20,CTS,14
2.13881e+06,0,QOSDATA_TID6,1066
2.13899e+06,20,ACK,14
2.13904e+06,0,CTL,20
2.13912e+06,13,RTS,20
2.13912e+06,4,RTS,20
2.13923e+06,12,RTS,20
2.13923e+06,18,RTS,20
2.1393e+06,20,CTS,14
2.13936e+06,12,QOSDATA_TID6,1066
2.13954e+06,20,ACK,14
2.13959e+06,12,CTL,20
2.13967e+06,17,RTS,20
2.13974e+06,20,CTS,14
2.1398e+06,17,QOSDATA_TID6,1066
2.13998e+06,20,ACK,14
2.14003e+06,17,CTL,20
2.14011e+06,19,RTS,20
2.14018e+06,20,CTS,14
2.14024e+06,19,QOSDATA_TID6,1066
2.14043e+06,20,ACK,14
2.14047e+06,19,CTL,20
2.14056e+06,1,RTS,20
2.14056e+06,5,RTS,20
2.14062e+06,20,CTS,14
2.14068e+06,5,QOSDATA_TID6,1066
2.14087e+06,20,ACK,14
2.14091e+06,5,CTL,20
2.141e+06,1,RTS,20
2.141e+06,6,RTS,20
2.141e+06,15,RTS,20
2.1411e+06,2,RTS,20
2.1411e+06,3,RTS,20
2.1411e+06,9,RTS,20
2.14119e+06,10,RTS,20
2.14126e+06,20,CTS,14
2.14132e+06,10,QOSDATA_TID6,1066
2.14151e+06,20,ACK,14
2.14155e+06,10,QOSDATA_TID6,1066
2.14173e+06,20,ACK,14
2.14178e+06,10,QOSDATA_TID6,1066
2.14196e+06,20,ACK,14
2.14201e+06,10,CTL,20
2.14209e+06,2,RTS,20
2.14216e+06,20,CTS,14
2.14222e+06,2,QOSDATA_TID6,1066
2.1424e+06,20,ACK,14
2.14245e+06,2,CTL,20
2.14253e+06,11,RTS,20
2.14253e+06,15,RTS,20
2.14263e+06,18,RTS,20
2.1427e+06,20,CTS,14
2.14276e+06,18,QOSDATA_TID6,1066
2.14294e+06,20,ACK,14
2.14299e+06,18,QOSDATA_TID6,1066
2.14317e+06,20,ACK,14
2.14322e+06,18,QOSDATA_TID6,1066
2.1434e+06,20,ACK,14
2.14344e+06,18,CTL,20
2.14354e+06,14,RTS,20
2.14354e+06,16,RTS,20
2.14365e+06,13,RTS,20
2.14372e+06,20,CTS,14
2.14378e+06,13,QOSDATA_TID6,1066
2.14396e+06,20,ACK,14
2.144e+06,13,CTL,20
2.14409e+06,14,RTS,20
2.14409e+06,16,RTS,20
2.14409e+06,9,RTS,20
2.14422e+06,16,RTS,20
2.14429e+06,20,CTS,14
2.14435e+06,16,QOSDATA_TID6,1066
2.14453e+06,20,ACK,14
2.14458e+06,16,QOSDATA_TID6,1066
2.14476e+06,20,ACK,14
2.1448e+06,16,QOSDATA_TID6,1066
2.14499e+06,20,ACK,14
2.14503e+06,16,CTL,20
2.14513e+06,9,RTS,20
2.1452e+06,20,CTS,14
2.14526e+06,9,QOSDATA_TID6,1066
2.14544e+06,20,ACK,14
2.14548e+06,9,CTL,20
2.14557e+06,3,RTS,20
2.14557e+06,4,RTS,20
2.14568e+06,8,RTS,20
2.14574e+06,20,CTS,14
2.1458e+06,8,QOSDATA_TID6,1066
2.14599e+06,20,ACK,14
2.14603e+06,8,CTL,20
2.14612e+06,1,RTS,20
2.14612e+06,15,RTS,20
2.14622e+06,7,RTS,20
2.14629e+06,20,CTS,14
2.14635e+06,7,QOSDATA_TID6,1066
2.14654e+06,20,ACK,14
2.14658e+06,7,CTL,20
2.14667e+06,12,RTS,20
2.14667e+06,1,RTS,20
2.14674e+06,20,CTS,14
2.1468e+06,12,QOSDATA_TID6,1066
2.14698e+06,20,ACK,14
2.14702e+06,12,CTL,20
2.14711e+06,1,RTS,20
2.14711e+06,0,RTS,20
2.14711e+06,14,RTS,20
2.14722e+06,13,RTS,20
2.14728e+06,20,CTS,14
2.14734e+06,13,QOSDATA_TID6,1066
2.14753e+06,20,ACK,14
2.14757e+06,13,CTL,20
2.14766e+06,9,RTS,20
2.14773e+06,20,CTS,14
2.14779e+06,9,QOSDATA_TID6,1066
2.14797e+06,20,ACK,14
2.14801e+06,9,CTL,20
2.1481e+06,6,RTS,20
2.1481e+06,11,RTS,20
2.1481e+06,4,RTS,20
2.1481e+06,15,RTS,20
2.1482e+06,17,RTS,20
2.14827e+06,20,CTS,14
2.14833e+06,17,QOSDATA_TID6,1066
2.14851e+06,20,ACK,14
2.14855e+06,17,CTL,20
2.14864e+06,5,RTS,20
2.14864e+06,19,RTS,20
2.14864e+06,2,RTS,20
2.14864e+06,10,RTS,20
2.14871e+06,20,CTS,14
2.14877e+06,5,QOSDATA_TID6,1066
2.14895e+06,20,ACK,14
2.149e+06,5,CTL,20
2.14908e+06,19,RTS,20
2.14908e+06,14,RTS,20
2.14915e+06,20,CTS,14
2.14921e+06,19,QOSDATA_TID6,1066
2.14939e+06,20,ACK,14
2.14944e+06,19,CTL,20
2.14953e+06,11,RTS,20
2.14953e+06,3,RTS,20
2.14953e+06,0,RTS,20
2.14953e+06,6,RTS,20
2.14953e+06,14,RTS,20
2.14966e+06,10,RTS,20
2.14973e+06,20,CTS,14
2.14979e+06,10,QOSDATA_TID6,1066
2.14997e+06,20,ACK,14
2.15001e+06,10,CTL,20
2.15011e+06,3,RTS,20
2.15018e+06,20,CTS,14
2.15024e+06,3,QOSDATA_TID6,1066
2.15042e+06,20,ACK,14
2.15047e+06,3,QOSDATA_TID6,1066
2.15065e+06,20,ACK,14
2.15069e+06,3,CTL,20
2.15078e+06,4,RTS,20
2.15085e+06,20,CTS,14
2.15091e+06,4,QOSDATA_TID6,1066
2.15109e+06,20,ACK,14
2.15114e+06,4,QOSDATA_TID6,1066
2.15132e+06,20,ACK,14
2.15136e+06,4,QOSDATA_TID6,1066
2.15155e+06,20,ACK,14
2.15159e+06,4,QOSDATA_TID6,1066
2.15178e+06,20,ACK,14
2.15182e+06,4,QOSDATA_TID6,1066
2.152e+06,20,ACK,14
2.15205e+06,4,CTL,20
2.15213e+06,8,RTS,20
2.15213e+06,15,RTS,20
2.15213e+06,6,RTS,20
2.15213e+06,18,RTS,20
2.1523e+06,8,RTS,20
2.15237e+06,20,CTS,14
2.15243e+06,8,QOSDATA_TID6,1066
2.15261e+06,20,ACK,14
2.15266e+06,8,CTL,20
2.15274e+06,6,RTS,20
2.15281e+06,20,CTS,14
2.15287e+06,6,QOSDATA_TID6,1066
2.15306e+06,20,ACK,14
2.1531e+06,6,QOSDATA_TID6,1066
2.15328e+06,20,ACK,14
2.15333e+06,6,CTL,20
2.15341e+06,14,RTS,20
2.15341e+06,18,RTS,20
2.15341e+06,2,RTS,20
2.15341e+06,11,RTS,20
2.15351e+06,0,CTS,14
2.15362e+06,0,RTS,20
2.15368e+06,20,CTS,14
2.15374e+06,0,QOSDATA_TID6,1066
2.15393e+06,20,ACK,14
2.15397e+06,0,QOSDATA_TID6,1066
2.15416e+06,20,ACK,14
2.1542e+06,0,CTL,20
2.15429e+06,2,RTS,20
2.15429e+06,7,RTS,20
2.1544e+06,1,RTS,20
2.15447e+06,20,CTS,14
2.15453e+06,1,QOSDATA_TID6,1066
2.15471e+06,20,ACK,14
2.15476e+06,1,QOSDATA_TID6,1066
2.15494e+06,20,ACK,14
2.15499e+06,1,CTL,20
2.15507e+06,6,RTS,20
2.15514e+06,20,CTS,14
2.1552e+06,6,QOSDATA_TID6,1066
2.15538e+06,20,ACK,14
2.15543e+06,6,CTL,20
2.15551e+06,14,RTS,20
2.15551e+06,15,RTS,20
2.15551e+06,12,RTS,20
2.15551e+06,1,RTS,20
2.15551e+06,13,RTS,20
2.15551e+06,16,RTS,20
2.15562e+06,3,RTS,20
2.15569e+06,20,CTS,14
2.15575e+06,3,QOSDATA_TID6,1066
2.15593e+06,20,ACK,14
2.15598e+06,3,CTL,20
2.15606e+06,9,RTS,20
2.15606e+06,2,RTS,20
2.15606e+06,15,RTS,20
2.15617e+06,17,RTS,20
2.15617e+06,1,RTS,20
2.15628e+06,18,RTS,20
2.15628e+06,13,RTS,20
2.15638e+06,19,RTS,20
2.15644e+06,20,CTS,14
2.1565e+06,19,QOSDATA_TID6,1066
2.15669e+06,20,ACK,14
2.15673e+06,19,CTL,20
2.15682e+06,1,RTS,20
2.15682e+06,5,RTS,20
2.15682e+06,18,RTS,20
2.15682e+06,14,RTS,20
2.15688e+06,20,CTS,14
2.15694e+06,5,QOSDATA_TID6,1066
2.15713e+06,20,ACK,14
2.15717e+06,5,CTL,20
2.15727e+06,4,RTS,20
2.15727e+06,10,RTS,20
2.15737e+06,14,RTS,20
2.15743e+06,20,CTS,14
2.15749e+06,14,QOSDATA_TID6,1066
2.15768e+06,20,ACK,14
2.15772e+06,14,CTL,20
2.15782e+06,15,RTS,20
2.15788e+06,20,CTS,14
2.15794e+06,15,QOSDATA_TID6,1066
2.15813e+06,20,ACK,14
2.15817e+06,15,QOSDATA_TID6,1066
2.15836e+06,20,ACK,14
2.1584e+06,15,CTL,20
2.1585e+06,13,RTS,20
2.1585e+06,7,RTS,20
2.1585e+06,17,RTS,20
2.1585e+06,4,RTS,20
2.1585e+06,10,RTS,20
2.1586e+06,12,RTS,20
2.15867e+06,20,CTS,14
2.15873e+06,12,QOSDATA_TID6,1066
2.15892e+06,20,ACK,14
2.15896e+06,12,CTL,20
2.15905e+06,11,RTS,20
2.15911e+06,20,CTS,14
2.15917e+06,11,QOSDATA_TID6,1066
2.15936e+06,20,ACK,14
2.1594e+06,11,QOSDATA_TID6,1066
2.15959e+06,20,ACK,14
2.15963e+06,11,QOSDATA_TID6,1066
2.15981e+06,20,ACK,14
2.15986e+06,11,CTL,20
2.15994e+06,4,RTS,20
2.15994e+06,2,RTS,20
2.16001e+06,20,CTS,14
2.16007e+06,2,QOSDATA_TID6,1066
2.16026e+06,20,ACK,14
2.1603e+06,2,QOSDATA_TID6,1066
2.16048e+06,20,ACK,14
2.16053e+06,2,CTL,20
2.16061e+06,1,RTS,20
2.16061e+06,4,RTS,20
2.16068e+06,20,CTS,14
2.16074e+06,1,QOSDATA_TID6,1066
2.16093e+06,20,ACK,14
2.16097e+06,1,CTL,20
2.16106e+06,8,RTS,20
2.16106e+06,9,RTS,20
2.16113e+06,20,CTS,14
2.16119e+06,8,QOSDATA_TID6,1066
2.16138e+06,20,ACK,14
2.16142e+06,8,CTL,20
2.16151e+06,14,RTS,20
2.16158e+06,20,CTS,14
2.16164e+06,14,QOSDATA_TID6,1066
2.16182e+06,20,ACK,14
2.16186e+06,14,CTL,20
2.16195e+06,0,RTS,20
2.16202e+06,20,CTS,14
2.16208e+06,0,QOSDATA_TID6,1066
2.16226e+06,20,ACK,14
2.1623e+06,0,CTL,20
2.16239e+06,10,RTS,20
2.16239e+06,17,RTS,20
2.16239e+06,12,RTS,20
2.16239e+06,7,RTS,20
2.16249e+06,9,RTS,20
2.16256e+06,20,CTS,14
2.16262e+06,9,QOSDATA_TID6,1066
2.1628e+06,20,ACK,14
2.16284e+06,9,QOSDATA_TID6,1066
2.16303e+06,20,ACK,14
2.16307e+06,9,CTL,20
2.16316e+06,19,RTS,20
2.16316e+06,12,RTS,20
2.16316e+06,16,RTS,20
2.16316e+06,4,RTS,20
2.16316e+06,13,RTS,20
2.16323e+06,20,CTS,14
2.16329e+06,12,QOSDATA_TID6,1066
2.16347e+06,20,ACK,14
2.16352e+06,12,CTL,20
2.1636e+06,3,RTS,20
2.1636e+06,10,RTS,20
2.16372e+06,17,RTS,20
2.16372e+06,11,RTS,20
2.16372e+06,4,RTS,20
2.16378e+06,20,CTS,14
2.16384e+06,17,QOSDATA_TID6,1066
2.16403e+06,20,ACK,14
2.16407e+06,17,QOSDATA_TID6,1066
2.16426e+06,20,ACK,14
2.1643e+06,17,CTL,20
2.16439e+06,7,RTS,20
2.16439e+06,11,RTS,20
2.16439e+06,10,RTS,20
2.16446e+06,20,CTS,14
2.16452e+06,7,QOSDATA_TID6,1066
2.1647e+06,20,ACK,14
2.16474e+06,7,QOSDATA_TID6,1066
2.16493e+06,20,ACK,14
2.16497e+06,7,CTL,20
2.16507e+06,1,RTS,20
2.16507e+06,5,RTS,20
2.16507e+06,15,RTS,20
2.16507e+06,18,RTS,20
2.16513e+06,20,CTS,14
2.16519e+06,5,QOSDATA_TID6,1066
2.16538e+06,20,ACK,14
2.16542e+06,5,CTL,20
2.16551e+06,1,RTS,20
2.16558e+06,20,CTS,14
2.16564e+06,1,QOSDATA_TID6,1066
2.16582e+06,20,ACK,14
2.16586e+06,1,CTL,20
2.16595e+06,13,RTS,20
2.16602e+06,20,CTS,14
2.16608e+06,13,QOSDATA_TID6,1066
2.16626e+06,20,ACK,14
2.16631e+06,13,QOSDATA_TID6,1066
2.16649e+06,20,ACK,14
2.16653e+06,13,CTL,20
2.16661e+06,20,BEACON,152
2.16687e+06,2,RTS,20
2.16687e+06,6,RTS,20
2.16687e+06,10,RTS,20
2.16697e+06,16,RTS,20
2.16697e+06,4,RTS,20
2.16708e+06,3,RTS,20
2.16715e+06,20,CTS,14
2.16721e+06,3,QOSDATA_TID6,1066
2.1674e+06,20,ACK,14
2.16744e+06,3,CTL,20
2.16753e+06,10,RTS,20
2.16753e+06,8,RTS,20
2.16753e+06,16,RTS,20
2.1676e+06,20,CTS,14
2.16766e+06,8,QOSDATA_TID6,1066
2.16785e+06,20,ACK,14
2.16789e+06,8,CTL,20
2.16798e+06,15,RTS,20
2.16805e+06,20,CTS,14
2.16811e+06,15,QOSDATA_TID6,1066
2.1683e+06,20,ACK,14
2.16834e+06,15,CTL,20
2.16843e+06,6,RTS,20
2.16843e+06,18,RTS,20
2.16843e+06,2,RTS,20
2.16853e+06,16,RTS,20
2.1686e+06,20,CTS,14
2.16866e+06,16,QOSDATA_TID6,1066
2.16885e+06,20,ACK,14
2.16889e+06,16,QOSDATA_TID6,1066
2.16907e+06,20,ACK,14
2.16912e+06,16,QOSDATA_TID6,1066
2.1693e+06,20,ACK,14
2.16935e+06,16,CTL,20
2.16943e+06,11,RTS,20
2.16943e+06,19,RTS,20
2.16953e+06,7,RTS,20
2.1696e+06,20,CTS,14
2.16966e+06,7,QOSDATA_TID6,1066
2.16984e+06,20,ACK,14
2.16989e+06,7,CTL,20
2.16997e+06,14,RTS,20
2.17004e+06,20,CTS,14
2.1701e+06,14,QOSDATA_TID6,1066
2.17028e+06,20,ACK,14
2.17033e+06,14,CTL,20
2.17041e+06,10,RTS,20
2.17041e+06,9,RTS,20
2.17041e+06,4,RTS,20
2.17052e+06,19,RTS,20
2.17059e+06,20,CTS,14
2.17065e+06,19,QOSDATA_TID6,1066
2.17083e+06,20,ACK,14
2.17088e+06,19,CTL,20
2.17096e+06,19,RTS,20
2.17096e+06,9,RTS,20
2.17096e+06,4,RTS,20
2.17096e+06,10,RTS,20
2.17096e+06,6,RTS,20
2.17107e+06,12,RTS,20
2.17107e+06,13,RTS,20
2.17114e+06,20,CTS,14
2.1712e+06,12,QOSDATA_TID6,1066
2.17138e+06,20,ACK,14
2.17143e+06,12,CTL,20
2.17152e+06,17,RTS,20
2.17152e+06,1,RTS,20
2.17152e+06,11,RTS,20
2.17152e+06,0,RTS,20
2.17152e+06,3,RTS,20
2.17152e+06,18,RTS,20
2.17152e+06,9,RTS,20
2.17163e+06,13,RTS,20
2.1717e+06,20,CTS,14
2.17176e+06,13,QOSDATA_TID6,1066
2.17194e+06,20,ACK,14
2.17198e+06,13,CTL,20
2.17207e+06,19,RTS,20
2.17214e+06,20,CTS,14
2.1722e+06,19,QOSDATA_TID6,1066
2.17238e+06,20,ACK,14
2.17243e+06,19,CTL,20
2.17251e+06,1,RTS,20
2.17251e+06,11,RTS,20
2.17251e+06,18,RTS,20
2.17262e+06,15,RTS,20
2.17269e+06,20,CTS,14
2.17275e+06,15,QOSDATA_TID6,1066
2.17293e+06,20,ACK,14
2.17298e+06,15,CTL,20
2.17306e+06,1,RTS,20
2.17313e+06,20,CTS,14
2.17319e+06,1,QOSDATA_TID6,1066
2.17337e+06,20,ACK,14
2.17342e+06,1,CTL,20
2.1735e+06,5,RTS,20
2.1735e+06,4,RTS,20
2.1735e+06,2,RTS,20
2.1735e+06,18,RTS,20
2.1735e+06,6,RTS,20
2.17357e+06,20,CTS,14
2.17363e+06,5,QOSDATA_TID6,1066
2.17382e+06,20,ACK,14
2.17386e+06,5,CTL,20
2.17394e+06,18,RTS,20
2.17401e+06,20,CTS,14
2.17407e+06,18,QOSDATA_TID6,1066
2.17426e+06,20,ACK,14
2.1743e+06,18,QOSDATA_TID6,1066
2.17448e+06,20,ACK,14
2.17453e+06,18,QOSDATA_TID6,1066
2.17471e+06,20,ACK,14
2.17476e+06,18,CTL,20
2.17484e+06,2,RTS,20
2.17484e+06,17,RTS,20
2.17484e+06,11,RTS,20
2.17491e+06,20,CTS,14
2.17497e+06,17,QOSDATA_TID6,1066
2.17516e+06,20,ACK,14
2.1752e+06,17,CTL,20
2.17529e+06,2,RTS,20
2.17529e+06,14,RTS,20
2.17535e+06,20,CTS,14
2.17541e+06,2,QOSDATA_TID6,1066
2.1756e+06,20,ACK,14
2.17564e+06,2,QOSDATA_TID6,1066
2.17583e+06,20,ACK,14
2.17587e+06,2,CTL,20
2.17596e+06,4,RTS,20
2.17602e+06,20,CTS,14
2.17608e+06,4,QOSDATA_TID6,1066
2.17627e+06,20,ACK,14
2.17631e+06,4,QOSDATA_TID6,1066
2.1765e+06,20,ACK,14
2.17654e+06,4,CTL,20
2.17663e+06,16,RTS,20
2.17663e+06,8,RTS,20
2.17663e+06,3,RTS,20
2.17663e+06,9,RTS,20
2.17669e+06,20,CTS,14
2.17675e+06,8,QOSDATA_TID6,1066
2.17694e+06,20,ACK,14
2.17698e+06,8,CTL,20
2.17708e+06,14,RTS,20
2.17714e+06,20,CTS,14
2.1772e+06,14,QOSDATA_TID6,1066
2.17739e+06,20,ACK,14
2.17743e+06,14,CTL,20
2.17752e+06,0,RTS,20
2.17752e+06,10,RTS,20
2.17752e+06,3,RTS,20
2.17763e+06,11,RTS,20
2.17763e+06,7,RTS,20
2.17763e+06,16,RTS,20
2.17763e+06,13,RTS,20
2.17773e+06,10,RTS,20
2.1778e+06,20,CTS,14
2.17786e+06,10,QOSDATA_TID6,1066
2.17804e+06,20,ACK,14
2.17809e+06,10,QOSDATA_TID6,1066
2.17827e+06,20,ACK,14
2.17832e+06,10,CTL,20
2.1784e+06,6,RTS,20
2.1784e+06,12,RTS,20
2.1784e+06,13,RTS,20
2.17847e+06,20,CTS,14
2.17853e+06,12,QOSDATA_TID6,1066
2.17872e+06,20,ACK,14
2.17876e+06,12,CTL,20
2.17885e+06,6,RTS,20
2.17885e+06,9,RTS,20
2.17892e+06,20,CTS,14
2.17898e+06,6,QOSDATA_TID6,1066
2.17917e+06,20,ACK,14
2.17921e+06,6,QOSDATA_TID6,1066
2.17939e+06,20,ACK,14
2.17944e+06,6,QOSDATA_TID6,1066
2.17962e+06,20,ACK,14
2.17967e+06,6,CTL,20
2.17975e+06,17,RTS,20
2.17975e+06,1,RTS,20
2.17985e+06,9,RTS,20
2.17992e+06,20,CTS,14
2.17998e+06,9,QOSDATA_TID6,1066
2.18016e+06,20,ACK,14
2.18021e+06,9,QOSDATA_TID6,1066
2.18039e+06,20,ACK,14
2.18043e+06,9,CTL,20
2.18052e+06,17,RTS,20
2.18052e+06,7,RTS,20
2.18062e+06,10,RTS,20
2.18069e+06,20,CTS,14
2.18075e+06,10,QOSDATA_TID6,1066
2.18093e+06,20,ACK,14
2.18097e+06,10,CTL,20
2.18107e+06,2,RTS,20
2.18107e+06,0,CTS,14
2.18107e+06,5,RTS,20
2.18107e+06,16,RTS,20
2.18117e+06,0,RTS,20
2.18124e+06,20,CTS,14
2.1813e+06,0,QOSDATA_TID6,1066
2.18148e+06,20,ACK,14
2.18153e+06,0,QOSDATA_TID6,1066
2.18171e+06,20,ACK,14
2.18176e+06,0,CTL,20
2.18184e+06,3,RTS,20
2.18191e+06,20,CTS,14
2.18197e+06,3,QOSDATA_TID6,1066
2.18216e+06,20,ACK,14
2.1822e+06,3,QOSDATA_TID6,1066
2.18238e+06,20,ACK,14
2.18243e+06,3,CTL,20
2.18251e+06,15,RTS,20
2.18258e+06,20,CTS,14
2.18264e+06,15,QOSDATA_TID6,1066
2.18283e+06,20,ACK,14
2.18287e+06,15,CTL,20
2.18296e+06,18,RTS,20
2.18296e+06,2,RTS,20
2.18296e+06,19,RTS,20
2.18296e+06,4,RTS,20
2.18307e+06,13,RTS,20
2.18314e+06,20,CTS,14
2.1832e+06,13,QOSDATA_TID6,1066
2.18338e+06,20,ACK,14
2.18343e+06,13,CTL,20
2.18351e+06,7,RTS,20
2.18351e+06,14,RTS,20
2.18351e+06,5,RTS,20
2.18358e+06,20,CTS,14
2.18364e+06,5,QOSDATA_TID6,1066
2.18383e+06,20,ACK,14
2.18387e+06,5,CTL,20
2.18396e+06,14,RTS,20
2.18402e+06,20,CTS,14
2.18408e+06,14,QOSDATA_TID6,1066
2.18427e+06,20,ACK,14
2.18431e+06,14,CTL,20
2.1844e+06,7,RTS,20
2.1844e+06,2,RTS,20
2.1844e+06,11,RTS,20
2.1844e+06,16,RTS,20
2.1844e+06,4,RTS,20
2.1845e+06,8,RTS,20
2.1845e+06,19,RTS,20
2.18457e+06,20,CTS,14
2.18463e+06,8,QOSDATA_TID6,1066
2.18482e+06,20,ACK,14
2.18486e+06,8,CTL,20
2.18495e+06,19,RTS,20
2.18502e+06,20,CTS,14
2.18508e+06,19,QOSDATA_TID6,1066
2.18526e+06,20,ACK,14
2.1853e+06,19,CTL,20
2.18539e+06,1,RTS,20
2.18539e+06,17,RTS,20
2.18549e+06,11,RTS,20
2.18556e+06,20,CTS,14
2.18562e+06,11,QOSDATA_TID6,1066
2.1858e+06,20,ACK,14
2.18584e+06,11,QOSDATA_TID6,1066
2.18603e+06,20,ACK,14
2.18607e+06,11,CTL,20
2.18616e+06,9,RTS,20
2.18622e+06,20,CTS,14
2.18628e+06,9,QOSDATA_TID6,1066
2.18647e+06,20,ACK,14
2.18651e+06,9,CTL,20
2.1866e+06,0,RTS,20
2.1866e+06,12,RTS,20
2.1866e+06,13,RTS,20
2.18667e+06,20,CTS,14
2.18673e+06,12,QOSDATA_TID6,1066
2.18691e+06,20,ACK,14
2.18696e+06,12,CTL,20
2.18705e+06,7,RTS,20
2.18705e+06,11,RTS,20
2.18705e+06,16,RTS,20
2.18705e+06,4,RTS,20
2.18705e+06,18,RTS,20
2.18718e+06,19,RTS,20
2.18718e+06,3,RTS,20
2.18724e+06,20,CTS,14
2.1873e+06,19,QOSDATA_TID6,1066
2.18749e+06,20,ACK,14
2.18753e+06,19,CTL,20
2.18762e+06,11,RTS,20
2.18762e+06,3,RTS,20
2.18772e+06,6,RTS,20
2.18779e+06,20,CTS,14
2.18785e+06,6,QOSDATA_TID6,1066
2.18804e+06,20,ACK,14
2.18808e+06,6,CTL,20
2.18818e+06,7,RTS,20
2.18818e+06,16,RTS,20
2.18824e+06,20,CTS,14
2.1883e+06,7,QOSDATA_TID6,1066
2.18849e+06,20,ACK,14
2.18853e+06,7,QOSDATA_TID6,1066
2.18872e+06,20,ACK,14
2.18876e+06,7,CTL,20
2.18884e+06,5,RTS,20
2.18891e+06,20,CTS,14
2.18897e+06,5,QOSDATA_TID6,1066
2.18916e+06,20,ACK,14
2.1892e+06,5,CTL,20
2.18929e+06,2,RTS,20
2.18929e+06,18,RTS,20
2.18939e+06,16,RTS,20
2.18939e+06,13,RTS,20
2.18949e+06,2,RTS,20
2.18956e+06,20,CTS,14
2.18962e+06,2,QOSDATA_TID6,1066
2.1898e+06,20,ACK,14
2.18985e+06,2,QOSDATA_TID6,1066
2.19003e+06,20,ACK,14
2.19008e+06,2,CTL,20
2.19016e+06,10,RTS,20
2.19016e+06,13,RTS,20
2.19029e+06,17,RTS,20
2.19029e+06,1,RTS,20
2.1904e+06,3,RTS,20
2.1904e+06,0,RTS,20
2.1904e+06,10,RTS,20
2.19049e+06,13,RTS,20
2.19056e+06,20,CTS,14
2.19062e+06,13,QOSDATA_TID6,1066
2.1908e+06,20,ACK,14
2.19085e+06,13,CTL,20
2.19094e+06,4,RTS,20
2.19094e+06,8,RTS,20
2.191e+06,20,CTS,14
2.19106e+06,8,QOSDATA_TID6,1066
2.19125e+06,20,ACK,14
2.19129e+06,8,CTL,20
2.19139e+06,11,RTS,20
2.19139e+06,16,RTS,20
2.19139e+06,15,RTS,20
2.19139e+06,10,RTS,20
2.19139e+06,14,RTS,20
2.19149e+06,4,RTS,20
2.19156e+06,20,CTS,14
2.19162e+06,4,QOSDATA_TID6,1066
2.1918e+06,20,ACK,14
2.19185e+06,4,QOSDATA_TID6,1066
2.19203e+06,20,ACK,14
2.19208e+06,4,CTL,20
2.19216e+06,14,RTS,20
2.19223e+06,20,CTS,14
2.19229e+06,14,QOSDATA_TID6,1066
2.19248e+06,20,ACK,14
2.19252e+06,14,CTL,20
2.1926e+06,17,RTS,20
2.19267e+06,20,CTS,14
2.19273e+06,17,QOSDATA_TID6,1066
2.19292e+06,20,ACK,14
2.19296e+06,17,QOSDATA_TID6,1066
2.19314e+06,20,ACK,14
2.19319e+06,17,CTL,20
2.19328e+06,1,RTS,20
2.19328e+06,16,RTS,20
2.19328e+06,3,RTS,20
2.19328e+06,10,RTS,20
2.19337e+06,15,RTS,20
2.19344e+06,20,CTS,14
2.1935e+06,15,QOSDATA_TID6,1066
2.19368e+06,20,ACK,14
2.19373e+06,15,CTL,20
2.19382e+06,0,CTS,14
2.19389e+06,0,RTS,20
2.19396e+06,20,CTS,14
2.19402e+06,0,QOSDATA_TID6,1066
2.1942e+06,20,ACK,14
2.19425e+06,0,QOSDATA_TID6,1066
2.19443e+06,20,ACK,14
2.19448e+06,0,CTL,20
2.19456e+06,18,RTS,20
2.19456e+06,10,RTS,20
2.19456e+06,7,RTS,20
2.19456e+06,9,RTS,20
2.19456e+06,13,RTS,20
2.19469e+06,18,RTS,20
2.19476e+06,20,CTS,14
2.19482e+06,18,QOSDATA_TID6,1066
2.19501e+06,20,ACK,14
2.19505e+06,18,QOSDATA_TID6,1066
2.19523e+06,20,ACK,14
2.19528e+06,18,CTL,20
2.19536e+06,6,RTS,20
2.19543e+06,20,CTS,14
2.19549e+06,6,QOSDATA_TID6,1066
2.19568e+06,20,ACK,14
2.19572e+06,6,CTL,20
2.19581e+06,1,RTS,20
2.19587e+06,20,CTS,14
2.19593e+06,1,QOSDATA_TID6,1066
2.19612e+06,20,ACK,14
2.19616e+06,1,QOSDATA_TID6,1066
2.19635e+06,20,ACK,14
2.19639e+06,1,QOSDATA_TID6,1066
2.19657e+06,20,ACK,14
2.19662e+06,1,CTL,20
2.1967e+06,17,RTS,20
2.1967e+06,19,RTS,20
2.1967e+06,5,RTS,20
2.1967e+06,11,RTS,20
2.1967e+06,12,RTS,20
2.1967e+06,13,RTS,20
2.19681e+06,2,RTS,20
2.19681e+06,9,RTS,20
2.19688e+06,20,CTS,14
2.19694e+06,2,QOSDATA_TID6,1066
2.19712e+06,20,ACK,14
2.19717e+06,2,CTL,20
2.19725e+06,9,RTS,20
2.19725e+06,5,RTS,20
2.19725e+06,15,RTS,20
2.19732e+06,20,CTS,14
2.19738e+06,5,QOSDATA_TID6,1066
2.19757e+06,20,ACK,14
2.19761e+06,5,CTL,20
2.19771e+06,17,RTS,20
2.19771e+06,16,RTS,20
2.19771e+06,4,RTS,20
2.19771e+06,10,RTS,20
2.19778e+06,20,CTS,14
2.19784e+06,17,QOSDATA_TID6,1066
2.19803e+06,20,ACK,14
2.19807e+06,17,CTL,20
2.19816e+06,7,RTS,20
2.19816e+06,13,RTS,20
2.19822e+06,20,CTS,14
2.19828e+06,7,QOSDATA_TID6,1066
2.19847e+06,20,ACK,14
2.19851e+06,7,CTL,20
2.19861e+06,4,RTS,20
2.19861e+06,15,RTS,20
2.19861e+06,18,RTS,20
2.1987e+06,8,RTS,20
2.19877e+06,20,CTS,14
2.19883e+06,8,QOSDATA_TID6,1066
2.19902e+06,20,ACK,14
2.19906e+06,8,CTL,20
2.19915e+06,18,RTS,20
2.19915e+06,14,RTS,20
2.19925e+06,4,RTS,20
2.19932e+06,20,CTS,14
2.19938e+06,4,QOSDATA_TID6,1066
2.19957e+06,20,ACK,14
2.19961e+06,4,CTL,20
2.1997e+06,12,RTS,20
2.1997e+06,19,RTS,20
2.19977e+06,20,CTS,14
2.19983e+06,12,QOSDATA_TID6,1066
2.20002e+06,20,ACK,14
2.20006e+06,12,CTL,20
2.20016e+06,11,RTS,20
2.20016e+06,16,RTS,20
2.20016e+06,3,RTS,20
2.20016e+06,10,RTS,20
2.20026e+06,19,RTS,20
2.20033e+06,20,CTS,14
2.20039e+06,19,QOSDATA_TID6,1066
2.20058e+06,20,ACK,14
2.20062e+06,19,CTL,20
2.20072e+06,10,RTS,20
2.20072e+06,13,RTS,20
2.20072e+06,15,RTS,20
2.20083e+06,11,RTS,20
2.2009e+06,20,CTS,14
2.20096e+06,11,QOSDATA_TID6,1066
2.20114e+06,20,ACK,14
2.20119e+06,11,QOSDATA_TID6,1066
2.20137e+06,20,ACK,14
2.20141e+06,11,CTL,20
2.20152e+06,16,RTS,20
2.20152e+06,0,RTS,20
2.20159e+06,20,CTS,14
2.20165e+06,0,QOSDATA_TID6,1066
2.20183e+06,20,ACK,14
2.20187e+06,0,CTL,20
2.20197e+06,13,RTS,20
2.20204e+06,20,CTS,14
2.2021e+06,13,QOSDATA_TID6,1066
2.20228e+06,20,ACK,14
2.20232e+06,13,QOSDATA_TID6,1066
2.20251e+06,20,ACK,14
2.20255e+06,13,CTL,20
2.20265e+06,7,RTS,20
2.20265e+06,15,RTS,20
2.20265e+06,14,RTS,20
2.20265e+06,16,RTS,20
2.20265e+06,10,RTS,20
2.20278e+06,15,RTS,20
2.20285e+06,20,CTS,14
2.20291e+06,15,QOSDATA_TID6,1066
2.20309e+06,20,ACK,14
2.20314e+06,15,CTL,20
2.20323e+06,6,RTS,20
2.20323e+06,11,RTS,20
2.20323e+06,10,RTS,20
2.2034e+06,10,RTS,20
2.20346e+06,20,CTS,14
2.20352e+06,10,QOSDATA_TID6,1066
2.20371e+06,20,ACK,14
2.20375e+06,10,CTL,20
2.20384e+06,6,RTS,20
2.20384e+06,11,RTS,20
2.20396e+06,3,RTS,20
2.20402e+06,20,CTS,14
2.20408e+06,3,QOSDATA_TID6,1066
2.20427e+06,20,ACK,14
2.20431e+06,3,QOSDATA_TID6,1066
2.2045e+06,20,ACK,14
2.20454e+06,3,QOSDATA_TID6,1066
2.20472e+06,20,ACK,14
2.20477e+06,3,CTL,20
2.20485e+06,9,RTS,20
2.20485e+06,4,RTS,20
2.20485e+06,15,RTS,20
2.20495e+06,5,RTS,20
2.20502e+06,20,CTS,14
2.20508e+06,5,QOSDATA_TID6,1066
2.20526e+06,20,ACK,14
2.20531e+06,5,CTL,20
2.2054e+06,19,RTS,20
2.2054e+06,2,RTS,20
2.2054e+06,11,RTS,20
2.20551e+06,14,RTS,20
2.20558e+06,20,CTS,14
2.20564e+06,14,QOSDATA_TID6,1066
2.20582e+06,20,ACK,14
2.20587e+06,14,CTL,20
2.20595e+06,6,RTS,20
2.20595e+06,12,RTS,20
2.20595e+06,2,RTS,20
2.20602e+06,20,CTS,14
2.20608e+06,12,QOSDATA_TID6,1066
2.20626e+06,20,ACK,14
2.20631e+06,12,CTL,20
2.2064e+06,15,RTS,20
2.2064e+06,2,RTS,20
2.20652e+06,16,RTS,20
2.20652e+06,4,RTS,20
2.20663e+06,2,RTS,20
2.20669e+06,20,CTS,14
2.20675e+06,2,QOSDATA_TID6,1066
2.20694e+06,20,ACK,14
2.20698e+06,2,CTL,20
2.20707e+06,6,RTS,20
2.20707e+06,7,RTS,20
2.20707e+06,15,RTS,20
2.20707e+06,4,RTS,20
2.20717e+06,9,RTS,20
2.20717e+06,10,RTS,20
2.20726e+06,17,RTS,20
2.20726e+06,1,RTS,20
2.20736e+06,8,RTS,20
2.20736e+06,15,RTS,20
2.20743e+06,20,CTS,14
2.20749e+06,8,QOSDATA_TID6,1066
2.20767e+06,20,ACK,14
2.20772e+06,8,CTL,20
2.2078e+06,17,RTS,20
2.2078e+06,15,RTS,20
2.20787e+06,20,CTS,14
2.20793e+06,17,QOSDATA_TID6,1066
2.20812e+06,20,ACK,14
2.20816e+06,17,CTL,20
2.20825e+06,18,RTS,20
2.20831e+06,20,CTS,14
2.20837e+06,18,QOSDATA_TID6,1066
2.20856e+06,20,ACK,14
2.2086e+06,18,QOSDATA_TID6,1066
2.20879e+06,20,ACK,14
2.20883e+06,18,CTL,20
2.20892e+06,9,RTS,20
2.20892e+06,14,RTS,20
2.20892e+06,4,RTS,20
2.20902e+06,19,RTS,20
2.20909e+06,20,CTS,14
2.20915e+06,19,QOSDATA_TID6,1066
2.20934e+06,20,ACK,14
2.20938e+06,19,CTL,20
2.20946e+06,1,RTS,20
2.20946e+06,0,RTS,20
2.20957e+06,9,RTS,20
2.20964e+06,20,CTS,14
2.2097e+06,9,QOSDATA_TID6,1066
2.20988e+06,20,ACK,14
2.20993e+06,9,QOSDATA_TID6,1066
2.21011e+06,20,ACK,14
2.21016e+06,9,QOSDATA_TID6,1066
2.21034e+06,20,ACK,14
2.21038e+06,9,CTL,20
2.21048e+06,11,RTS,20
2.21048e+06,14,RTS,20
2.21048e+06,13,RTS,20
2.21059e+06,12,RTS,20
2.21065e+06,20,CTS,14
2.21071e+06,12,QOSDATA_TID6,1066
2.2109e+06,20,ACK,14
2.21094e+06,12,CTL,20
2.21103e+06,7,RTS,20
2.21103e+06,11,RTS,20
2.21103e+06,13,RTS,20
2.21113e+06,10,RTS,20
2.21119e+06,20,CTS,14
2.21125e+06,10,QOSDATA_TID6,1066
2.21144e+06,20,ACK,14
2.21148e+06,10,CTL,20
2.21157e+06,3,RTS,20
2.21164e+06,20,CTS,14
2.2117e+06,3,QOSDATA_TID6,1066
2.21188e+06,20,ACK,14
2.21192e+06,3,CTL,20
2.21202e+06,19,RTS,20
2.21209e+06,20,CTS,14
2.21215e+06,19,QOSDATA_TID6,1066
2.21233e+06,20,ACK,14
2.21238e+06,19,CTL,20
2.21246e+06,17,RTS,20
2.21246e+06,4,RTS,20
2.21246e+06,6,RTS,20
2.21246e+06,14,RTS,20
2.21253e+06,20,CTS,14
2.21259e+06,17,QOSDATA_TID6,1066
2.21277e+06,20,ACK,14
2.21282e+06,17,CTL,20
2.2129e+06,7,RTS,20
2.21297e+06,20,CTS,14
2.21303e+06,7,QOSDATA_TID6,1066
2.21322e+06,20,ACK,14
2.21326e+06,7,QOSDATA_TID6,1066
2.21344e+06,20,ACK,14
2.21349e+06,7,CTL,20
2.21357e+06,16,RTS,20
2.21357e+06,15,RTS,20
2.21357e+06,0,RTS,20
2.21357e+06,2,RTS,20
2.21369e+06,5,RTS,20
2.21376e+06,20,CTS,14
2.21382e+06,5,QOSDATA_TID6,1066
2.214e+06,20,ACK,14
2.21405e+06,5,CTL,20
2.21413e+06,15,RTS,20
2.2142e+06,20,CTS,14
2.21426e+06,15,QOSDATA_TID6,1066
2.21444e+06,20,ACK,14
2.21449e+06,15,QOSDATA_TID6,1066
2.21467e+06,20,ACK,14
2.21472e+06,15,CTL,20
2.2148e+06,6,RTS,20
2.2148e+06,0,CTS,14
2.2148e+06,1,RTS,20
2.2148e+06,10,RTS,20
2.21495e+06,0,RTS,20
2.21502e+06,20,CTS,14
2.21508e+06,0,QOSDATA_TID6,1066
2.21526e+06,20,ACK,14
2.21531e+06,0,CTL,20
2.21539e+06,6,RTS,20
2.21539e+06,14,RTS,20
2.2155e+06,8,RTS,20
2.2155e+06,1,RTS,20
2.2155e+06,11,RTS,20
2.2156e+06,14,RTS,20
2.21567e+06,20,CTS,14
2.21573e+06,14,QOSDATA_TID6,1066
2.21591e+06,20,ACK,14
2.21595e+06,14,QOSDATA_TID6,1066
2.21614e+06,20,ACK,14
2.21618e+06,14,CTL,20
2.21628e+06,13,RTS,20
2.21634e+06,20,CTS,14
2.2164e+06,13,QOSDATA_TID6,1066
2.21659e+06,20,ACK,14
2.21663e+06,13,CTL,20
2.21672e+06,11,RTS,20
2.21672e+06,16,RTS,20
2.21672e+06,18,RTS,20
2.21672e+06,10,RTS,20
2.21682e+06,2,RTS,20
2.21688e+06,20,CTS,14
2.21694e+06,2,QOSDATA_TID6,1066
2.21713e+06,20,ACK,14
2.21717e+06,2,CTL,20
2.21726e+06,0,RTS,20
2.21726e+06,4,RTS,20
2.21733e+06,20,CTS,14
2.21739e+06,0,QOSDATA_TID6,1066
2.21757e+06,20,ACK,14
2.21762e+06,0,CTL,20
2.21771e+06,6,RTS,20
2.21771e+06,8,RTS,20
2.21771e+06,16,RTS,20
2.21778e+06,20,CTS,14
2.21784e+06,8,QOSDATA_TID6,1066
2.21802e+06,20,ACK,14
2.21807e+06,8,CTL,20
2.21815e+06,9,RTS,20
2.21815e+06,10,RTS,20
2.21826e+06,1,RTS,20
2.21826e+06,7,RTS,20
2.21826e+06,16,RTS,20
2.21826e+06,4,RTS,20
2.21838e+06,6,RTS,20
2.21844e+06,20,CTS,14
2.2185e+06,6,QOSDATA_TID6,1066
2.21869e+06,20,ACK,14
2.21873e+06,6,CTL,20
2.21882e+06,3,RTS,20
2.21882e+06,1,RTS,20
2.21888e+06,20,CTS,14
2.21894e+06,1,QOSDATA_TID6,1066
2.21913e+06,20,ACK,14
2.21917e+06,1,QOSDATA_TID6,1066
2.21936e+06,20,ACK,14
2.2194e+06,1,QOSDATA_TID6,1066
2.21958e+06,20,ACK,14
2.21963e+06,1,CTL,20
2.21972e+06,17,RTS,20
2.21978e+06,20,CTS,14
2.21984e+06,17,QOSDATA_TID6,1066
2.22003e+06,20,ACK,14
2.22007e+06,17,CTL,20
2.22016e+06,19,RTS,20
2.22016e+06,16,RTS,20
2.22016e+06,4,RTS,20
2.22026e+06,6,RTS,20
2.22032e+06,20,CTS,14
2.22038e+06,6,QOSDATA_TID6,1066
2.22057e+06,20,ACK,14
2.22061e+06,6,CTL,20
2.2207e+06,15,RTS,20
2.2207e+06,12,RTS,20
2.22076e+06,20,CTS,14
2.22082e+06,12,QOSDATA_TID6,1066
2.22101e+06,20,ACK,14
2.22105e+06,12,CTL,20
2.22114e+06,13,RTS,20
2.22121e+06,20,CTS,14
2.22127e+06,13,QOSDATA_TID6,1066
2.22145e+06,20,ACK,14
2.2215e+06,13,CTL,20
2.22158e+06,4,RTS,20
2.22158e+06,5,RTS,20
2.22158e+06,11,RTS,20
2.22158e+06,18,RTS,20
2.22158e+06,10,RTS,20
2.22158e+06,9,RTS,20
2.22165e+06,20,CTS,14
2.22171e+06,5,QOSDATA_TID6,1066
2.22189e+06,20,ACK,14
2.22194e+06,5,CTL,20
2.22203e+06,2,RTS,20
2.22203e+06,16,RTS,20
2.22203e+06,18,RTS,20
2.22203e+06,10,RTS,20
2.22203e+06,15,RTS,20
2.22213e+06,7,RTS,20
2.2222e+06,20,CTS,14
2.22226e+06,7,QOSDATA_TID6,1066
2.22244e+06,20,ACK,14
2.22249e+06,7,CTL,20
2.22257e+06,3,RTS,20
2.22257e+06,9,RTS,20
2.22267e+06,8,RTS,20
2.22274e+06,20,CTS,14
2.2228e+06,8,QOSDATA_TID6,1066
2.22298e+06,20,ACK,14
2.22303e+06,8,CTL,20
2.22311e+06,11,RTS,20
2.22311e+06,9,RTS,20
2.22311e+06,18,RTS,20
2.22322e+06,19,RTS,20
2.22329e+06,20,CTS,14
2.22335e+06,19,QOSDATA_TID6,1066
2.22353e+06,20,ACK,14
2.22358e+06,19,CTL,20
2.22366e+06,15,RTS,20
2.22373e+06,20,CTS,14
2.22379e+06,15,QOSDATA_TID6,1066
2.22397e+06,20,ACK,14
2.22402e+06,15,CTL,20
2.2241e+06,14,RTS,20
2.2241e+06,2,RTS,20
2.2241e+06,16,RTS,20
2.2241e+06,3,RTS,20
2.22421e+06,10,RTS,20
2.22428e+06,20,CTS,14
2.22434e+06,10,QOSDATA_TID6,1066
2.22452e+06,20,ACK,14
2.22457e+06,10,QOSDATA_TID6,1066
2.22475e+06,20,ACK,14
2.2248e+06,10,CTL,20
2.22488e+06,2,RTS,20
2.22488e+06,14,RTS,20
2.22495e+06,20,CTS,14
2.22501e+06,2,QOSDATA_TID6,1066
2.22519e+06,20,ACK,14
2.22524e+06,2,CTL,20
2.22532e+06,14,RTS,20
2.22539e+06,20,CTS,14
2.22545e+06,14,QOSDATA_TID6,1066
2.22564e+06,20,ACK,14
2.22568e+06,14,CTL,20
2.22576e+06,0,RTS,20
2.22576e+06,7,RTS,20
2.22576e+06,16,RTS,20
2.22586e+06,3,RTS,20
2.22593e+06,20,CTS,14
2.22599e+06,3,QOSDATA_TID6,1066
2.22618e+06,20,ACK,14
2.22622e+06,3,CTL,20
2.22631e+06,18,RTS,20
2.22631e+06,13,RTS,20
2.22644e+06,13,RTS,20
2.22651e+06,20,CTS,14
2.22657e+06,13,QOSDATA_TID6,1066
2.22676e+06,20,ACK,14
2.2268e+06,13,CTL,20
2.2269e+06,12,RTS,20
2.2269e+06,4,RTS,20
2.2269e+06,11,RTS,20
2.2269e+06,3,RTS,20
2.22697e+06,20,CTS,14
2.22703e+06,12,QOSDATA_TID6,1066
2.22722e+06,20,ACK,14
2.22726e+06,12,CTL,20
2.22735e+06,17,RTS,20
2.22735e+06,19,RTS,20
2.22735e+06,3,RTS,20
2.22742e+06,20,CTS,14
2.22748e+06,17,QOSDATA_TID6,1066
2.22766e+06,20,ACK,14
2.2277e+06,17,CTL,20
2.22779e+06,1,RTS,20
2.22779e+06,6,RTS,20
2.2279e+06,9,RTS,20
2.22797e+06,20,CTS,14
2.22803e+06,9,QOSDATA_TID6,1066
2.22822e+06,20,ACK,14
2.22826e+06,9,QOSDATA_TID6,1066
2.22844e+06,20,ACK,14
2.22849e+06,9,CTL,20
2.22858e+06,5,RTS,20
2.22864e+06,20,CTS,14
2.2287e+06,5,QOSDATA_TID6,1066
2.22889e+06,20,ACK,14
2.22893e+06,5,CTL,20
2.22902e+06,1,RTS,20
2.22902e+06,2,RTS,20
2.22902e+06,16,RTS,20
2.22902e+06,15,RTS,20
2.22912e+06,0,RTS,20
2.22919e+06,20,CTS,14
2.22925e+06,0,QOSDATA_TID6,1066
2.22944e+06,20,ACK,14
2.22948e+06,0,CTL,20
2.22957e+06,6,RTS,20
2.22957e+06,7,RTS,20
2.22957e+06,1,RTS,20
2.22966e+06,15,RTS,20
2.22966e+06,10,RTS,20
2.22973e+06,20,CTS,14
2.22979e+06,15,QOSDATA_TID6,1066
2.22998e+06,20,ACK,14
2.23002e+06,15,CTL,20
2.23012e+06,1,RTS,20
2.23012e+06,4,RTS,20
2.23012e+06,3,RTS,20
2.23018e+06,20,CTS,14
2.23024e+06,1,QOSDATA_TID6,1066
2.23043e+06,20,ACK,14
2.23047e+06,1,CTL,20
2.23057e+06,4,RTS,20
2.23064e+06,20,CTS,14
2.2307e+06,4,QOSDATA_TID6,1066
2.23088e+06,20,ACK,14
2.23092e+06,4,QOSDATA_TID6,1066
2.23111e+06,20,ACK,14
2.23115e+06,4,QOSDATA_TID6,1066
2.23134e+06,20,ACK,14
2.23138e+06,4,CTL,20
2.23146e+06,14,RTS,20
2.23153e+06,20,CTS,14
2.23159e+06,14,QOSDATA_TID6,1066
2.23178e+06,20,ACK,14
2.23182e+06,14,CTL,20
2.23191e+06,18,RTS,20
2.23191e+06,3,RTS,20
2.232e+06,7,RTS,20
2.23207e+06,20,CTS,14
2.23213e+06,7,QOSDATA_TID6,1066
2.23232e+06,20,ACK,14
2.23236e+06,7,CTL,20
2.23245e+06,8,RTS,20
2.23252e+06,20,CTS,14
2.23258e+06,8,QOSDATA_TID6,1066
2.23276e+06,20,ACK,14
2.2328e+06,8,CTL,20
2.23289e+06,11,RTS,20
2.23289e+06,16,RTS,20
2.23289e+06,10,RTS,20
2.23299e+06,19,RTS,20
2.23306e+06,20,CTS,14
2.23312e+06,19,QOSDATA_TID6,1066
2.2333e+06,20,ACK,14
2.23334e+06,19,CTL,20
2.23343e+06,16,RTS,20
2.23343e+06,0,RTS,20
2.2335e+06,20,CTS,14
2.23356e+06,0,QOSDATA_TID6,1066
2.23374e+06,20,ACK,14
2.23378e+06,0,CTL,20
2.23388e+06,2,RTS,20
2.23388e+06,10,RTS,20
2.23395e+06,20,CTS,14
2.23401e+06,2,QOSDATA_TID6,1066
2.23419e+06,20,ACK,14
2.23424e+06,2,CTL,20
2.23432e+06,18,RTS,20
2.23432e+06,7,RTS,20
2.23439e+06,20,CTS,14
2.23445e+06,7,QOSDATA_TID6,1066
2.23463e+06,20,ACK,14
2.23468e+06,7,CTL,20
2.23477e+06,13,RTS,20
2.23477e+06,6,RTS,20
2.23477e+06,18,RTS,20
2.23487e+06,12,RTS,20
2.23494e+06,20,CTS,14
2.235e+06,12,QOSDATA_TID6,1066
2.23518e+06,20,ACK,14
2.23523e+06,12,CTL,20
2.23531e+06,18,RTS,20
2.23538e+06,20,CTS,14
2.23544e+06,18,QOSDATA_TID6,1066
2.23562e+06,20,ACK,14
2.23567e+06,18,QOSDATA_TID6,1066
2.23585e+06,20,ACK,14
2.2359e+06,18,CTL,20
2.23598e+06,19,RTS,20
2.23598e+06,11,RTS,20
2.23598e+06,16,RTS,20
2.23598e+06,13,RTS,20
2.23608e+06,9,RTS,20
2.23615e+06,20,CTS,14
2.23621e+06,9,QOSDATA_TID6,1066
2.23639e+06,20,ACK,14
2.23644e+06,9,CTL,20
2.23652e+06,10,RTS,20
2.23652e+06,5,RTS,20
2.23659e+06,20,CTS,14
2.23665e+06,5,QOSDATA_TID6,1066
2.23684e+06,20,ACK,14
2.23688e+06,5,CTL,20
2.23697e+06,3,RTS,20
2.23703e+06,20,CTS,14
2.23709e+06,3,QOSDATA_TID6,1066
2.23728e+06,20,ACK,14
2.23732e+06,3,QOSDATA_TID6,1066
2.23751e+06,20,ACK,14
2.23755e+06,3,CTL,20
2.23764e+06,2,RTS,20
2.23764e+06,1,RTS,20
2.23764e+06,4,RTS,20
2.23773e+06,6,RTS,20
2.2378e+06,20,CTS,14
2.23786e+06,6,QOSDATA_TID6,1066
2.23805e+06,20,ACK,14
2.23809e+06,6,QOSDATA_TID6,1066
2.23827e+06,20,ACK,14
2.23832e+06,6,CTL,20
2.2384e+06,18,RTS,20
2.2384e+06,15,RTS,20
2.2385e+06,19,RTS,20
2.23857e+06,20,CTS,14
2.23863e+06,19,QOSDATA_TID6,1066
2.23881e+06,20,ACK,14
2.23886e+06,19,CTL,20
2.23894e+06,8,RTS,20
2.23894e+06,17,RTS,20
2.23904e+06,2,RTS,20
2.23911e+06,20,CTS,14
2.23917e+06,2,QOSDATA_TID6,1066
2.23935e+06,20,ACK,14
2.2394e+06,2,CTL,20
2.23948e+06,17,RTS,20
2.23955e+06,20,CTS,14
2.23961e+06,17,QOSDATA_TID6,1066
2.2398e+06,20,ACK,14
2.23984e+06,17,CTL,20
2.23993e+06,8,RTS,20
2.23993e+06,16,RTS,20
2.23993e+06,10,RTS,20
2.23999e+06,20,CTS,14
2.24005e+06,8,QOSDATA_TID6,1066
2.24024e+06,20,ACK,14
2.24028e+06,8,CTL,20
2.24037e+06,14,RTS,20
2.24044e+06,20,CTS,14
2.2405e+06,14,QOSDATA_TID6,1066
2.24068e+06,20,ACK,14
2.24072e+06,14,CTL,20
2.24081e+06,16,RTS,20
2.24081e+06,4,RTS,20
2.24091e+06,15,RTS,20
2.24098e+06,20,CTS,14
2.24104e+06,15,QOSDATA_TID6,1066
2.24122e+06,20,ACK,14
2.24126e+06,15,CTL,20
2.24135e+06,13,RTS,20
2.24135e+06,10,RTS,20
2.24145e+06,1,RTS,20
2.24152e+06,20,CTS,14
2.24158e+06,1,QOSDATA_TID6,1066
2.24176e+06,20,ACK,14
2.2418e+06,1,CTL,20
2.24189e+06,9,RTS,20
2.24189e+06,13,RTS,20
2.24199e+06,11,RTS,20
2.24199e+06,16,RTS,20
2.24209e+06,9,RTS,20
2.24215e+06,20,CTS,14
2.24221e+06,9,QOSDATA_TID6,1066
2.2424e+06,20,ACK,14
2.24244e+06,9,CTL,20
2.24253e+06,18,RTS,20
2.24253e+06,0,RTS,20
2.24253e+06,16,RTS,20
2.24253e+06,7,RTS,20
2.24263e+06,3,RTS,20
2.24269e+06,20,CTS,14
2.24275e+06,3,QOSDATA_TID6,1066
2.24294e+06,20,ACK,14
2.24298e+06,3,CTL,20
2.24307e+06,6,RTS,20
2.24314e+06,20,CTS,14
2.2432e+06,6,QOSDATA_TID6,1066
2.24338e+06,20,ACK,14
2.24342e+06,6,CTL,20
2.24351e+06,10,RTS,20
2.24351e+06,12,RTS,20
2.24351e+06,17,RTS,20
2.24351e+06,1,RTS,20
2.24351e+06,13,RTS,20
2.24351e+06,16,RTS,20
2.24362e+06,0,RTS,20
2.24369e+06,20,CTS,14
2.24375e+06,0,QOSDATA_TID6,1066
2.24393e+06,20,ACK,14
2.24397e+06,0,CTL,20
2.24406e+06,19,RTS,20
2.24413e+06,20,CTS,14
2.24419e+06,19,QOSDATA_TID6,1066
2.24437e+06,20,ACK,14
2.24442e+06,19,CTL,20
2.2445e+06,1,RTS,20
2.2445e+06,17,RTS,20
2.2445e+06,7,RTS,20
2.2446e+06,11,RTS,20
2.24467e+06,20,CTS,14
2.24473e+06,11,QOSDATA_TID6,1066
2.24491e+06,20,ACK,14
2.24496e+06,11,QOSDATA_TID6,1066
2.24514e+06,20,ACK,14
2.24518e+06,11,QOSDATA_TID6,1066
2.24537e+06,20,ACK,14
2.24541e+06,11,QOSDATA_TID6,1066
2.2456e+06,20,ACK,14
2.24564e+06,11,QOSDATA_TID6,1066
2.24582e+06,20,ACK,14
2.24587e+06,11,CTL,20
2.24595e+06,17,RTS,20
2.24602e+06,20,CTS,14
2.24608e+06,17,QOSDATA_TID6,1066
2.24627e+06,20,ACK,14
2.24631e+06,17,CTL,20
2.2464e+06,5,RTS,20
2.2464e+06,2,RTS,20
2.2464e+06,4,RTS,20
2.24646e+06,20,CTS,14
2.24652e+06,5,QOSDATA_TID6,1066
2.24671e+06,20,ACK,14
2.24675e+06,5,CTL,20
2.24684e+06,15,RTS,20
2.24691e+06,20,CTS,14
2.24697e+06,15,QOSDATA_TID6,1066
2.24715e+06,20,ACK,14
2.24719e+06,15,CTL,20
2.24728e+06,12,RTS,20
2.24735e+06,20,CTS,14
2.24741e+06,12,QOSDATA_TID6,1066
2.24759e+06,20,ACK,14
2.24764e+06,12,CTL,20
2.24772e+06,8,RTS,20
2.24772e+06,16,RTS,20
2.24772e+06,14,RTS,20
2.24772e+06,18,RTS,20
2.24772e+06,10,RTS,20
2.24782e+06,7,RTS,20
2.24789e+06,20,CTS,14
2.24795e+06,7,QOSDATA_TID6,1066
2.24813e+06,20,ACK,14
2.24818e+06,7,CTL,20
2.24827e+06,8,RTS,20
2.24827e+06,4,RTS,20
2.24827e+06,2,RTS,20
2.24834e+06,20,CTS,14
2.2484e+06,8,QOSDATA_TID6,1066
2.24858e+06,20,ACK,14
2.24863e+06,8,CTL,20
2.24871e+06,4,RTS,20
2.24878e+06,20,CTS,14
2.24884e+06,4,QOSDATA_TID6,1066
2.24902e+06,20,ACK,14
2.24907e+06,4,QOSDATA_TID6,1066
2.24925e+06,20,ACK,14
2.2493e+06,4,CTL,20
2.24938e+06,0,RTS,20
2.24945e+06,20,CTS,14
2.24951e+06,0,QOSDATA_TID6,1066
2.2497e+06,20,ACK,14
2.24974e+06,0,CTL,20
2.24982e+06,10,RTS,20
2.24982e+06,1,RTS,20
2.24982e+06,13,RTS,20
2.24982e+06,16,RTS,20
2.24994e+06,7,RTS,20
2.25001e+06,20,CTS,14
2.25007e+06,7,QOSDATA_TID6,1066
2.25025e+06,20,ACK,14
2.2503e+06,7,CTL,20
2.25038e+06,12,RTS,20
2.25038e+06,13,RTS,20
2.25045e+06,20,CTS,14
2.25051e+06,12,QOSDATA_TID6,1066
2.2507e+06,20,ACK,14
2.25074e+06,12,CTL,20
2.25082e+06,11,RTS,20
2.25089e+06,20,CTS,14
2.25095e+06,11,QOSDATA_TID6,1066
2.25114e+06,20,ACK,14
2.25118e+06,11,CTL,20
2.25127e+06,14,RTS,20
2.25134e+06,20,CTS,14
2.2514e+06,14,QOSDATA_TID6,1066
2.25158e+06,20,ACK,14
2.25162e+06,14,CTL,20
2.25171e+06,2,RTS,20
2.25178e+06,20,CTS,14
2.25184e+06,2,QOSDATA_TID6,1066
2.25202e+06,20,ACK,14
2.25207e+06,2,CTL,20
2.25215e+06,3,RTS,20
2.25215e+06,9,RTS,20
2.25215e+06,19,RTS,20
2.25215e+06,16,RTS,20
2.25225e+06,6,RTS,20
2.25232e+06,20,CTS,14
2.25238e+06,6,QOSDATA_TID6,1066
2.25256e+06,20,ACK,14
2.25261e+06,6,CTL,20
2.25269e+06,18,RTS,20
2.25269e+06,13,RTS,20
2.25279e+06,19,RTS,20
2.25286e+06,20,CTS,14
2.25292e+06,19,QOSDATA_TID6,1066
2.2531e+06,20,ACK,14
2.25315e+06,19,CTL,20
2.25323e+06,17,RTS,20
2.25323e+06,5,RTS,20
2.25323e+06,4,RTS,20
2.25323e+06,13,RTS,20
2.25333e+06,2,RTS,20
2.25333e+06,10,RTS,20
2.2534e+06,20,CTS,14
2.25346e+06,2,QOSDATA_TID6,1066
2.25364e+06,20,ACK,14
2.25369e+06,2,CTL,20
2.25377e+06,4,RTS,20
2.25377e+06,13,RTS,20
2.25388e+06,18,RTS,20
2.25395e+06,20,CTS,14
2.25401e+06,18,QOSDATA_TID6,1066
2.25419e+06,20,ACK,14
2.25424e+06,18,QOSDATA_TID6,1066
2.25442e+06,20,ACK,14
2.25446e+06,18,QOSDATA_TID6,1066
2.25465e+06,20,ACK,14
2.25469e+06,18,CTL,20
2.25479e+06,3,RTS,20
2.25479e+06,9,RTS,20
2.25479e+06,17,RTS,20
2.25479e+06,1,RTS,20
2.25479e+06,16,RTS,20
2.25488e+06,8,RTS,20
2.25488e+06,15,RTS,20
2.25495e+06,20,CTS,14
2.25501e+06,8,QOSDATA_TID6,1066
2.2552e+06,20,ACK,14
2.25524e+06,8,CTL,20
2.25533e+06,15,RTS,20
2.25539e+06,20,CTS,14
2.25545e+06,15,QOSDATA_TID6,1066
2.25564e+06,20,ACK,14
2.25568e+06,15,CTL,20
2.25577e+06,10,RTS,20
2.25577e+06,3,RTS,20
2.25587e+06,5,RTS,20
2.25587e+06,14,RTS,20
2.25593e+06,20,CTS,14
2.25599e+06,5,QOSDATA_TID6,1066
2.25618e+06,20,ACK,14
2.25622e+06,5,CTL,20
2.25631e+06,10,RTS,20
2.25638e+06,20,CTS,14
2.25644e+06,10,QOSDATA_TID6,1066
2.25662e+06,20,ACK,14
2.25666e+06,10,QOSDATA_TID6,1066
2.25685e+06,20,ACK,14
2.25689e+06,10,QOSDATA_TID6,1066
2.25708e+06,20,ACK,14
2.25712e+06,10,CTL,20
2.25721e+06,17,RTS,20
2.25721e+06,4,RTS,20
2.25727e+06,20,CTS,14
2.25733e+06,17,QOSDATA_TID6,1066
2.25752e+06,20,ACK,14
2.25756e+06,17,CTL,20
2.25765e+06,7,RTS,20
2.25772e+06,20,CTS,14
2.25778e+06,7,QOSDATA_TID6,1066
2.25796e+06,20,ACK,14
2.258e+06,7,CTL,20
2.25809e+06,16,RTS,20
2.25809e+06,0,RTS,20
2.25816e+06,20,CTS,14
2.25822e+06,0,QOSDATA_TID6,1066
2.2584e+06,20,ACK,14
2.25845e+06,0,CTL,20
2.25853e+06,13,RTS,20
2.2586e+06,20,CTS,14
2.25866e+06,13,QOSDATA_TID6,1066
2.25884e+06,20,ACK,14
2.25889e+06,13,QOSDATA_TID6,1066
2.25907e+06,20,ACK,14
2.25912e+06,13,QOSDATA_TID6,1066
2.2593e+06,20,ACK,14
2.25934e+06,13,CTL,20
2.25943e+06,12,RTS,20
2.25943e+06,4,RTS,20
2.25943e+06,17,RTS,20
2.25943e+06,19,RTS,20
2.25953e+06,14,RTS,20
2.25953e+06,6,RTS,20
2.25963e+06,4,RTS,20
2.2597e+06,20,CTS,14
2.25976e+06,4,QOSDATA_TID6,1066
2.25994e+06,20,ACK,14
2.25998e+06,4,CTL,20
2.26007e+06,11,RTS,20
2.26007e+06,1,RTS,20
2.26014e+06,20,CTS,14
2.2602e+06,1,QOSDATA_TID6,1066
2.26038e+06,20,ACK,14
2.26042e+06,1,QOSDATA_TID6,1066
2.26061e+06,20,ACK,14
2.26065e+06,1,QOSDATA_TID6,1066
2.26084e+06,20,ACK,14
2.26088e+06,1,CTL,20
2.26097e+06,5,RTS,20
2.26097e+06,11,RTS,20
2.26097e+06,2,RTS,20
2.26104e+06,20,CTS,14
2.2611e+06,5,QOSDATA_TID6,1066
2.26128e+06,20,ACK,14
2.26132e+06,5,CTL,20
2.26141e+06,15,RTS,20
2.26148e+06,20,CTS,14
2.26154e+06,15,QOSDATA_TID6,1066
2.26172e+06,20,ACK,14
2.26176e+06,15,CTL,20
2.26185e+06,2,RTS,20
2.26192e+06,20,CTS,14
2.26198e+06,2,QOSDATA_TID6,1066
2.26216e+06,20,ACK,14
2.26221e+06,2,CTL,20
2.26229e+06,18,RTS,20
2.26229e+06,9,RTS,20
2.26229e+06,17,RTS,20
2.26236e+06,20,CTS,14
2.26242e+06,17,QOSDATA_TID6,1066
2.2626e+06,20,ACK,14
2.26265e+06,17,CTL,20
2.26274e+06,8,RTS,20
2.2628e+06,20,CTS,14
2.26286e+06,8,QOSDATA_TID6,1066
2.26305e+06,20,ACK,14
2.26309e+06,8,CTL,20
2.26318e+06,4,RTS,20
2.26318e+06,3,RTS,20
2.26318e+06,10,RTS,20
2.26328e+06,19,RTS,20
2.26334e+06,20,CTS,14
2.2634e+06,19,QOSDATA_TID6,1066
2.26359e+06,20,ACK,14
2.26363e+06,19,CTL,20
2.26372e+06,12,RTS,20
2.26372e+06,6,RTS,20
2.26372e+06,14,RTS,20
2.26378e+06,20,CTS,14
2.26384e+06,12,QOSDATA_TID6,1066
2.26403e+06,20,ACK,14
2.26407e+06,12,CTL,20
2.26416e+06,14,RTS,20
2.26423e+06,20,CTS,14
2.26429e+06,14,QOSDATA_TID6,1066
2.26447e+06,20,ACK,14
2.26452e+06,14,QOSDATA_TID6,1066
2.2647e+06,20,ACK,14
2.26474e+06,14,CTL,20
2.26483e+06,16,RTS,20
2.2649e+06,20,CTS,14
2.26496e+06,16,QOSDATA_TID6,1066
2.26514e+06,20,ACK,14
2.26518e+06,16,QOSDATA_TID6,1066
2.26537e+06,20,ACK,14
2.26541e+06,16,QOSDATA_TID6,1066
2.2656e+06,20,ACK,14
2.26564e+06,16,QOSDATA_TID6,1066
2.26582e+06,20,ACK,14
2.26587e+06,16,QOSDATA_TID6,1066
2.26605e+06,20,ACK,14
2.2661e+06,16,QOSDATA_TID6,1066
2.26628e+06,20,ACK,14
2.26632e+06,16,QOSDATA_TID6,1066
2.26651e+06,20,ACK,14
2.26655e+06,16,CTL,20
2.26664e+06,7,RTS,20
2.26664e+06,18,RTS,20
2.26671e+06,20,CTS,14
2.26677e+06,7,QOSDATA_TID6,1066
2.26695e+06,20,ACK,14
2.267e+06,7,CTL,20
2.26709e+06,13,RTS,20
2.26709e+06,19,RTS,20
2.26709e+06,9,RTS,20
2.26721e+06,12,RTS,20
2.26721e+06,6,RTS,20
2.26728e+06,20,CTS,14
2.26734e+06,12,QOSDATA_TID6,1066
2.26752e+06,20,ACK,14
2.26756e+06,12,CTL,20
2.26766e+06,6,RTS,20
2.26773e+06,20,CTS,14
2.26779e+06,6,QOSDATA_TID6,1066
2.26797e+06,20,ACK,14
2.26801e+06,6,QOSDATA_TID6,1066
2.2682e+06,20,ACK,14
2.26824e+06,6,CTL,20
2.26833e+06,5,RTS,20
2.26833e+06,3,RTS,20
2.26833e+06,1,RTS,20
2.26833e+06,11,RTS,20
2.2684e+06,20,CTS,14
2.26846e+06,5,QOSDATA_TID6,1066
2.26864e+06,20,ACK,14
2.26868e+06,5,CTL,20
2.26876e+06,20,BEACON,152
2.26902e+06,17,RTS,20
2.26902e+06,0,RTS,20
2.26902e+06,10,RTS,20
2.26909e+06,20,CTS,14
2.26915e+06,17,QOSDATA_TID6,1066
2.26934e+06,20,ACK,14
2.26938e+06,17,CTL,20
2.26946e+06,15,RTS,20
2.26953e+06,20,CTS,14
2.26959e+06,15,QOSDATA_TID6,1066
2.26978e+06,20,ACK,14
2.26982e+06,15,CTL,20
2.26991e+06,3,RTS,20
2.26998e+06,20,CTS,14
2.27004e+06,3,QOSDATA_TID6,1066
2.27022e+06,20,ACK,14
2.27026e+06,3,QOSDATA_TID6,1066
2.27045e+06,20,ACK,14
2.27049e+06,3,QOSDATA_TID6,1066
2.27068e+06,20,ACK,14
2.27072e+06,3,CTL,20
2.2708e+06,2,RTS,20
2.2708e+06,0,RTS,20
2.2709e+06,4,RTS,20
2.27097e+06,20,CTS,14
2.27103e+06,4,QOSDATA_TID6,1066
2.27122e+06,20,ACK,14
2.27126e+06,4,QOSDATA_TID6,1066
2.27144e+06,20,ACK,14
2.27149e+06,4,CTL,20
2.27157e+06,13,RTS,20
2.27157e+06,2,RTS,20
2.27157e+06,18,RTS,20
2.27168e+06,19,RTS,20
2.27175e+06,20,CTS,14
2.27181e+06,19,QOSDATA_TID6,1066
2.27199e+06,20,ACK,14
2.27204e+06,19,CTL,20
2.27212e+06,11,RTS,20
2.27212e+06,18,RTS,20
2.27212e+06,14,RTS,20
2.27226e+06,13,RTS,20
2.27232e+06,20,CTS,14
2.27238e+06,13,QOSDATA_TID6,1066
2.27257e+06,20,ACK,14
2.27261e+06,13,CTL,20
2.27271e+06,8,RTS,20
2.27271e+06,1,RTS,20
2.27271e+06,9,RTS,20
2.2728e+06,0,CTS,14
2.27289e+06,0,RTS,20
2.27296e+06,20,CTS,14
2.27302e+06,0,QOSDATA_TID6,1066
2.2732e+06,20,ACK,14
2.27325e+06,0,QOSDATA_TID6,1066
2.27343e+06,20,ACK,14
2.27348e+06,0,CTL,20
2.27356e+06,7,RTS,20
2.27363e+06,20,CTS,14
2.27369e+06,7,QOSDATA_TID6,1066
2.27387e+06,20,ACK,14
2.27392e+06,7,CTL,20
2.274e+06,2,RTS,20
2.274e+06,14,RTS,20
2.27407e+06,20,CTS,14
2.27413e+06,2,QOSDATA_TID6,1066
2.27432e+06,20,ACK,14
2.27436e+06,2,CTL,20
2.27445e+06,16,RTS,20
2.27451e+06,20,CTS,14
2.27457e+06,16,QOSDATA_TID6,1066
2.27476e+06,20,ACK,14
2.2748e+06,16,CTL,20
2.27489e+06,11,RTS,20
2.27489e+06,13,RTS,20
2.27489e+06,3,RTS,20
2.27489e+06,9,RTS,20
2.27499e+06,19,RTS,20
2.27506e+06,20,CTS,14
2.27512e+06,19,QOSDATA_TID6,1066
2.2753e+06,20,ACK,14
2.27534e+06,19,CTL,20
2.27543e+06,17,RTS,20
2.27543e+06,12,RTS,20
2.27543e+06,14,RTS,20
2.27553e+06,10,RTS,20
2.2756e+06,20,CTS,14
2.27566e+06,10,QOSDATA_TID6,1066
2.27584e+06,20,ACK,14
2.27588e+06,10,QOSDATA_TID6,1066
2.27607e+06,20,ACK,14
2.27611e+06,10,CTL,20
2.2762e+06,18,RTS,20
2.27626e+06,20,CTS,14
2.27632e+06,18,QOSDATA_TID6,1066
2.27651e+06,20,ACK,14
2.27655e+06,18,QOSDATA_TID6,1066
2.27674e+06,20,ACK,14
2.27678e+06,18,CTL,20
2.27687e+06,3,RTS,20
2.27687e+06,12,RTS,20
2.27687e+06,15,RTS,20
2.27687e+06,4,RTS,20
2.27694e+06,20,CTS,14
2.277e+06,12,QOSDATA_TID6,1066
2.27718e+06,20,ACK,14
2.27722e+06,12,CTL,20
2.27731e+06,6,RTS,20
2.27738e+06,20,CTS,14
2.27744e+06,6,QOSDATA_TID6,1066
2.27762e+06,20,ACK,14
2.27766e+06,6,CTL,20
2.27775e+06,1,RTS,20
2.27775e+06,9,RTS,20
2.27782e+06,20,CTS,14
2.27788e+06,1,QOSDATA_TID6,1066
2.27806e+06,20,ACK,14
2.27811e+06,1,QOSDATA_TID6,1066
2.27829e+06,20,ACK,14
2.27834e+06,1,CTL,20
2.27843e+06,8,RTS,20
2.27843e+06,17,RTS,20
2.27843e+06,5,RTS,20
2.27843e+06,2,RTS,20
2.27843e+06,18,RTS,20
2.27843e+06,10,RTS,20
2.27855e+06,15,RTS,20
2.27855e+06,13,RTS,20
2.27865e+06,9,RTS,20
2.27872e+06,20,CTS,14
2.27878e+06,9,QOSDATA_TID6,1066
2.27896e+06,20,ACK,14
2.27901e+06,9,QOSDATA_TID6,1066
2.27919e+06,20,ACK,14
2.27924e+06,9,QOSDATA_TID6,1066
2.27942e+06,20,ACK,14
2.27946e+06,9,CTL,20
2.27955e+06,3,RTS,20
2.27962e+06,20,CTS,14
2.27968e+06,3,QOSDATA_TID6,1066
2.27986e+06,20,ACK,14
2.27991e+06,3,CTL,20
2.27999e+06,5,RTS,20
2.27999e+06,8,RTS,20
2.27999e+06,11,RTS,20
2.28006e+06,20,CTS,14
2.28012e+06,5,QOSDATA_TID6,1066
2.2803e+06,20,ACK,14
2.28035e+06,5,CTL,20
2.28044e+06,2,RTS,20
2.2805e+06,20,CTS,14
2.28056e+06,2,QOSDATA_TID6,1066
2.28075e+06,20,ACK,14
2.28079e+06,2,CTL,20
2.28088e+06,17,RTS,20
2.28088e+06,14,RTS,20
2.28094e+06,20,CTS,14
2.281e+06,17,QOSDATA_TID6,1066
2.28119e+06,20,ACK,14
2.28123e+06,17,CTL,20
2.28132e+06,10,RTS,20
2.28132e+06,14,RTS,20
2.28143e+06,8,RTS,20
2.28149e+06,20,CTS,14
2.28155e+06,8,QOSDATA_TID6,1066
2.28174e+06,20,ACK,14
2.28178e+06,8,QOSDATA_TID6,1066
2.28197e+06,20,ACK,14
2.28201e+06,8,CTL,20
2.2821e+06,16,RTS,20
2.2821e+06,0,RTS,20
2.28216e+06,20,CTS,14
2.28222e+06,0,QOSDATA_TID6,1066
2.28241e+06,20,ACK,14
2.28245e+06,0,CTL,20
2.28254e+06,12,RTS,20
2.28254e+06,16,RTS,20
2.28261e+06,20,CTS,14
2.28267e+06,12,QOSDATA_TID6,1066
2.28285e+06,20,ACK,14
2.28289e+06,12,CTL,20
2.28298e+06,19,RTS,20
2.28298e+06,9,RTS,20
2.28305e+06,20,CTS,14
2.28311e+06,19,QOSDATA_TID6,1066
2.28329e+06,20,ACK,14
2.28334e+06,19,CTL,20
2.28342e+06,1,RTS,20
2.28342e+06,9,RTS,20
2.28349e+06,20,CTS,14
2.28355e+06,1,QOSDATA_TID6,1066
2.28374e+06,20,ACK,14
2.28378e+06,1,CTL,20
2.28386e+06,6,RTS,20
2.28393e+06,20,CTS,14
2.28399e+06,6,QOSDATA_TID6,1066
2.28418e+06,20,ACK,14
2.28422e+06,6,CTL,20
2.28431e+06,18,RTS,20
2.28431e+06,5,RTS,20
2.28431e+06,4,RTS,20
2.28438e+06,20,CTS,14
2.28444e+06,5,QOSDATA_TID6,1066
2.28462e+06,20,ACK,14
2.28466e+06,5,CTL,20
2.28475e+06,2,RTS,20
2.28475e+06,7,RTS,20
2.28475e+06,3,RTS,20
2.28485e+06,17,RTS,20
2.28492e+06,20,CTS,14
2.28498e+06,17,QOSDATA_TID6,1066
2.28516e+06,20,ACK,14
2.2852e+06,17,CTL,20
2.28529e+06,14,RTS,20
2.28536e+06,20,CTS,14
2.28542e+06,14,QOSDATA_TID6,1066
2.2856e+06,20,ACK,14
2.28564e+06,14,QOSDATA_TID6,1066
2.28583e+06,20,ACK,14
2.28587e+06,14,CTL,20
2.28596e+06,15,RTS,20
2.28596e+06,13,RTS,20
2.28596e+06,10,RTS,20
2.28607e+06,11,RTS,20
2.28613e+06,20,CTS,14
2.28619e+06,11,QOSDATA_TID6,1066
2.28638e+06,20,ACK,14
2.28642e+06,11,QOSDATA_TID6,1066
2.28661e+06,20,ACK,14
2.28665e+06,11,QOSDATA_TID6,1066
2.28683e+06,20,ACK,14
2.28688e+06,11,QOSDATA_TID6,1066
2.28706e+06,20,ACK,14
2.28711e+06,11,CTL,20
2.28719e+06,16,RTS,20
2.28719e+06,13,RTS,20
2.28719e+06,10,RTS,20
2.2873e+06,14,RTS,20
2.28737e+06,20,CTS,14
2.28743e+06,14,QOSDATA_TID6,1066
2.28761e+06,20,ACK,14
2.28766e+06,14,CTL,20
2.28774e+06,16,RTS,20
2.28781e+06,20,CTS,14
2.28787e+06,16,QOSDATA_TID6,1066
2.28805e+06,20,ACK,14
2.2881e+06,16,CTL,20
2.28818e+06,7,RTS,20
2.28825e+06,20,CTS,14
2.28831e+06,7,QOSDATA_TID6,1066
2.2885e+06,20,ACK,14
2.28854e+06,7,CTL,20
2.28862e+06,8,RTS,20
2.28862e+06,9,RTS,20
2.28869e+06,20,CTS,14
2.28875e+06,8,QOSDATA_TID6,1066
2.28894e+06,20,ACK,14
2.28898e+06,8,CTL,20
2.28908e+06,2,RTS,20
2.28908e+06,3,RTS,20
2.28908e+06,18,RTS,20
2.28917e+06,16,RTS,20
2.28917e+06,4,RTS,20
2.28928e+06,13,RTS,20
2.28928e+06,15,RTS,20
2.2894e+06,2,RTS,20
2.28946e+06,20,CTS,14
2.28952e+06,2,QOSDATA_TID6,1066
2.28971e+06,20,ACK,14
2.28975e+06,2,CTL,20
2.28984e+06,3,RTS,20
2.28984e+06,4,RTS,20
2.28995e+06,15,RTS,20
2.29001e+06,20,CTS,14
2.29007e+06,15,QOSDATA_TID6,1066
2.29026e+06,20,ACK,14
2.2903e+06,15,QOSDATA_TID6,1066
2.29049e+06,20,ACK,14
2.29053e+06,15,CTL,20
2.29063e+06,12,RTS,20
2.29064e+06,4,RTS,20
2.29064e+06,10,RTS,20
2.29064e+06,9,RTS,20
2.2907e+06,20,CTS,14
2.29076e+06,12,QOSDATA_TID6,1066
2.29095e+06,20,ACK,14
2.29099e+06,12,CTL,20
2.29108e+06,19,RTS,20
2.29108e+06,6,RTS,20
2.29121e+06,13,RTS,20
2.29128e+06,20,CTS,14
2.29134e+06,13,QOSDATA_TID6,1066
2.29152e+06,20,ACK,14
2.29157e+06,13,QOSDATA_TID6,1066
2.29175e+06,20,ACK,14
2.2918e+06,13,QOSDATA_TID6,1066
2.29198e+06,20,ACK,14
2.29202e+06,13,CTL,20
2.29211e+06,17,RTS,20
2.29218e+06,20,CTS,14
2.29224e+06,17,QOSDATA_TID6,1066
2.29242e+06,20,ACK,14
2.29246e+06,17,CTL,20
2.29255e+06,1,RTS,20
2.29255e+06,19,RTS,20
2.29265e+06,2,RTS,20
2.29265e+06,4,RTS,20
2.29265e+06,15,RTS,20
2.29275e+06,7,RTS,20
2.29275e+06,0,RTS,20
2.29286e+06,5,RTS,20
2.29293e+06,20,CTS,14
2.29299e+06,5,QOSDATA_TID6,1066
2.29317e+06,20,ACK,14
2.29321e+06,5,CTL,20
2.2933e+06,9,RTS,20
2.29337e+06,20,CTS,14
2.29343e+06,9,QOSDATA_TID6,1066
2.29361e+06,20,ACK,14
2.29366e+06,9,QOSDATA_TID6,1066
2.29384e+06,20,ACK,14
2.29388e+06,9,CTL,20
2.29397e+06,0,RTS,20
2.29404e+06,20,CTS,14
2.2941e+06,0,QOSDATA_TID6,1066
2.29428e+06,20,ACK,14
2.29433e+06,0,CTL,20
2.29441e+06,6,RTS,20
2.29441e+06,15,RTS,20
2.29441e+06,11,RTS,20
2.29441e+06,16,RTS,20
2.29452e+06,19,RTS,20
2.29452e+06,3,RTS,20
2.29459e+06,20,CTS,14
2.29465e+06,19,QOSDATA_TID6,1066
2.29483e+06,20,ACK,14
2.29488e+06,19,CTL,20
2.29497e+06,8,RTS,20
2.29497e+06,11,RTS,20
2.29504e+06,20,CTS,14
2.2951e+06,8,QOSDATA_TID6,1066
2.29528e+06,20,ACK,14
2.29533e+06,8,CTL,20
2.29541e+06,14,RTS,20
2.29548e+06,20,CTS,14
2.29554e+06,14,QOSDATA_TID6,1066
2.29572e+06,20,ACK,14
2.29577e+06,14,CTL,20
2.29586e+06,7,RTS,20
2.29586e+06,10,RTS,20
2.29586e+06,16,RTS,20
2.29593e+06,20,CTS,14
2.29599e+06,7,QOSDATA_TID6,1066
2.29618e+06,20,ACK,14
2.29622e+06,7,CTL,20
2.29632e+06,11,RTS,20
2.29632e+06,4,RTS,20
2.29632e+06,2,RTS,20
2.29645e+06,15,RTS,20
2.29652e+06,20,CTS,14
2.29658e+06,15,QOSDATA_TID6,1066
2.29676e+06,20,ACK,14
2.2968e+06,15,CTL,20
2.29689e+06,16,RTS,20
2.29696e+06,20,CTS,14
2.29702e+06,16,QOSDATA_TID6,1066
2.2972e+06,20,ACK,14
2.29725e+06,16,QOSDATA_TID6,1066
2.29743e+06,20,ACK,14
2.29747e+06,16,CTL,20
2.29756e+06,4,RTS,20
2.29756e+06,0,RTS,20
2.29763e+06,20,CTS,14
2.29769e+06,0,QOSDATA_TID6,1066
2.29787e+06,20,ACK,14
2.29792e+06,0,CTL,20
2.298e+06,13,RTS,20
2.29807e+06,20,CTS,14
2.29813e+06,13,QOSDATA_TID6,1066
2.29831e+06,20,ACK,14
2.29836e+06,13,CTL,20
2.29844e+06,7,RTS,20
2.29844e+06,11,RTS,20
2.29851e+06,20,CTS,14
2.29857e+06,7,QOSDATA_TID6,1066
2.29876e+06,20,ACK,14
2.2988e+06,7,CTL,20
2.29889e+06,18,RTS,20
2.29896e+06,20,CTS,14
2.29902e+06,18,QOSDATA_TID6,1066
2.2992e+06,20,ACK,14
2.29924e+06,18,QOSDATA_TID6,1066
2.29943e+06,20,ACK,14
2.29947e+06,18,QOSDATA_TID6,1066
2.29966e+06,20,ACK,14
2.2997e+06,18,CTL,20
2.29978e+06,9,RTS,20
2.29978e+06,19,RTS,20
2.29978e+06,1,RTS,20
2.29978e+06,12,RTS,20
2.29988e+06,2,RTS,20
2.29995e+06,20,CTS,14
2.30001e+06,2,QOSDATA_TID6,1066
2.3002e+06,20,ACK,14
2.30024e+06,2,CTL,20
2.30032e+06,17,RTS,20
2.30032e+06,6,RTS,20
2.30032e+06,4,RTS,20
2.30039e+06,20,CTS,14
2.30045e+06,17,QOSDATA_TID6,1066
2.30064e+06,20,ACK,14
2.30068e+06,17,CTL,20
2.30077e+06,3,RTS,20
2.30077e+06,6,RTS,20
2.30077e+06,10,RTS,20
2.30086e+06,2,RTS,20
2.30086e+06,5,RTS,20
2.30093e+06,20,CTS,14
2.30099e+06,5,QOSDATA_TID6,1066
2.30118e+06,20,ACK,14
2.30122e+06,5,CTL,20
2.30132e+06,19,RTS,20
2.30132e+06,2,RTS,20
2.30132e+06,15,RTS,20
2.30143e+06,4,RTS,20
2.3015e+06,20,CTS,14
2.30156e+06,4,QOSDATA_TID6,1066
2.30174e+06,20,ACK,14
2.30179e+06,4,QOSDATA_TID6,1066
2.30197e+06,20,ACK,14
2.30202e+06,4,QOSDATA_TID6,1066
2.3022e+06,20,ACK,14
2.30224e+06,4,CTL,20
2.30235e+06,12,RTS,20
2.30235e+06,2,RTS,20
2.30235e+06,18,RTS,20
2.30235e+06,10,RTS,20
2.30242e+06,20,CTS,14
2.30248e+06,12,QOSDATA_TID6,1066
2.30266e+06,20,ACK,14
2.3027e+06,12,CTL,20
2.30279e+06,8,RTS,20
2.30286e+06,20,CTS,14
2.30292e+06,8,QOSDATA_TID6,1066
2.3031e+06,20,ACK,14
2.30315e+06,8,CTL,20
2.30323e+06,18,RTS,20
2.30323e+06,10,RTS,20
2.30333e+06,19,RTS,20
2.30333e+06,14,RTS,20
2.3034e+06,20,CTS,14
2.30346e+06,19,QOSDATA_TID6,1066
2.30364e+06,20,ACK,14
2.30369e+06,19,CTL,20
2.30377e+06,14,RTS,20
2.30384e+06,20,CTS,14
2.3039e+06,14,QOSDATA_TID6,1066
2.30408e+06,20,ACK,14
2.30413e+06,14,CTL,20
2.30421e+06,11,RTS,20
2.30428e+06,20,CTS,14
2.30434e+06,11,QOSDATA_TID6,1066
2.30453e+06,20,ACK,14
2.30457e+06,11,QOSDATA_TID6,1066
2.30475e+06,20,ACK,14
2.3048e+06,11,CTL,20
2.30488e+06,15,RTS,20
2.30495e+06,20,CTS,14
2.30501e+06,15,QOSDATA_TID6,1066
2.3052e+06,20,ACK,14
2.30524e+06,15,CTL,20
2.30533e+06,6,RTS,20
2.30533e+06,0,RTS,20
2.30533e+06,1,RTS,20
2.30543e+06,2,RTS,20
2.30543e+06,9,RTS,20
2.30543e+06,18,RTS,20
2.30543e+06,10,RTS,20
2.30554e+06,1,RTS,20
2.30554e+06,7,RTS,20
2.30567e+06,0,RTS,20
2.30567e+06,18,RTS,20
2.30577e+06,13,RTS,20
2.30584e+06,20,CTS,14
2.3059e+06,13,QOSDATA_TID6,1066
2.30608e+06,20,ACK,14
2.30613e+06,13,CTL,20
2.30622e+06,7,RTS,20
2.30622e+06,16,RTS,20
2.30622e+06,9,RTS,20
2.30629e+06,20,CTS,14
2.30635e+06,7,QOSDATA_TID6,1066
2.30654e+06,20,ACK,14
2.30658e+06,7,CTL,20
2.30668e+06,12,RTS,20
2.30668e+06,16,RTS,20
2.30668e+06,0,CTS,14
2.30668e+06,3,RTS,20
2.30678e+06,0,RTS,20
2.30685e+06,20,CTS,14
2.30691e+06,0,QOSDATA_TID6,1066
2.30709e+06,20,ACK,14
2.30714e+06,0,CTL,20
2.30722e+06,1,RTS,20
2.30722e+06,19,RTS,20
2.30732e+06,16,RTS,20
2.30739e+06,20,CTS,14
2.30745e+06,16,QOSDATA_TID6,1066
2.30763e+06,20,ACK,14
2.30768e+06,16,CTL,20
2.30777e+06,17,RTS,20
2.30777e+06,3,RTS,20
2.30784e+06,20,CTS,14
2.3079e+06,17,QOSDATA_TID6,1066
2.30808e+06,20,ACK,14
2.30813e+06,17,CTL,20
2.30822e+06,6,RTS,20
2.30829e+06,20,CTS,14
2.30835e+06,6,QOSDATA_TID6,1066
2.30853e+06,20,ACK,14
2.30858e+06,6,QOSDATA_TID6,1066
2.30876e+06,20,ACK,14
2.3088e+06,6,QOSDATA_TID6,1066
2.30899e+06,20,ACK,14
2.30903e+06,6,CTL,20
2.30912e+06,18,RTS,20
2.30912e+06,2,RTS,20
2.30912e+06,5,RTS,20
2.30912e+06,11,RTS,20
2.30919e+06,20,CTS,14
2.30925e+06,5,QOSDATA_TID6,1066
2.30943e+06,20,ACK,14
2.30948e+06,5,CTL,20
2.30957e+06,12,RTS,20
2.30957e+06,11,RTS,20
2.30957e+06,9,RTS,20
2.30957e+06,10,RTS,20
2.30964e+06,20,CTS,14
2.3097e+06,12,QOSDATA_TID6,1066
2.30988e+06,20,ACK,14
2.30993e+06,12,CTL,20
2.31001e+06,15,RTS,20
2.31008e+06,20,CTS,14
2.31014e+06,15,QOSDATA_TID6,1066
2.31032e+06,20,ACK,14
2.31037e+06,15,CTL,20
2.31045e+06,1,RTS,20
2.31052e+06,20,CTS,14
2.31058e+06,1,QOSDATA_TID6,1066
2.31077e+06,20,ACK,14
2.31081e+06,1,QOSDATA_TID6,1066
2.31099e+06,20,ACK,14
2.31104e+06,1,QOSDATA_TID6,1066
2.31122e+06,20,ACK,14
2.31127e+06,1,CTL,20
2.31135e+06,19,RTS,20
2.31135e+06,11,RTS,20
2.31135e+06,4,RTS,20
2.31145e+06,10,RTS,20
2.31152e+06,20,CTS,14
2.31158e+06,10,QOSDATA_TID6,1066
2.31176e+06,20,ACK,14
2.31181e+06,10,QOSDATA_TID6,1066
2.31199e+06,20,ACK,14
2.31203e+06,10,QOSDATA_TID6,1066
2.31222e+06,20,ACK,14
2.31226e+06,10,QOSDATA_TID6,1066
2.31245e+06,20,ACK,14
2.31249e+06,10,CTL,20
2.31258e+06,11,RTS,20
2.31264e+06,20,CTS,14
2.3127e+06,11,QOSDATA_TID6,1066
2.31289e+06,20,ACK,14
2.31293e+06,11,CTL,20
2.31302e+06,18,RTS,20
2.31302e+06,14,RTS,20
2.31312e+06,8,RTS,20
2.31312e+06,16,RTS,20
2.31319e+06,20,CTS,14
2.31325e+06,8,QOSDATA_TID6,1066
2.31344e+06,20,ACK,14
2.31348e+06,8,CTL,20
2.31357e+06,18,RTS,20
2.31364e+06,20,CTS,14
2.3137e+06,18,QOSDATA_TID6,1066
2.31388e+06,20,ACK,14
2.31392e+06,18,QOSDATA_TID6,1066
2.31411e+06,20,ACK,14
2.31415e+06,18,CTL,20
2.31424e+06,2,RTS,20
2.31424e+06,19,RTS,20
2.31424e+06,13,RTS,20
2.31434e+06,0,RTS,20
2.31441e+06,20,CTS,14
2.31447e+06,0,QOSDATA_TID6,1066
2.31466e+06,20,ACK,14
2.3147e+06,0,CTL,20
2.31479e+06,11,RTS,20
2.31486e+06,20,CTS,14
2.31492e+06,11,QOSDATA_TID6,1066
2.3151e+06,20,ACK,14
2.31514e+06,11,CTL,20
2.31523e+06,1,RTS,20
2.31523e+06,12,RTS,20
2.31523e+06,3,RTS,20
2.31523e+06,6,RTS,20
2.31534e+06,17,RTS,20
2.31534e+06,16,RTS,20
2.31534e+06,4,RTS,20
2.3154e+06,20,CTS,14
2.31546e+06,17,QOSDATA_TID6,1066
2.31565e+06,20,ACK,14
2.31569e+06,17,CTL,20
2.31578e+06,1,RTS,20
2.31578e+06,12,RTS,20
2.31578e+06,6,RTS,20
2.31588e+06,9,RTS,20
2.31594e+06,20,CTS,14
2.316e+06,9,QOSDATA_TID6,1066
2.31619e+06,20,ACK,14
2.31623e+06,9,QOSDATA_TID6,1066
2.31642e+06,20,ACK,14
2.31646e+06,9,QOSDATA_TID6,1066
2.31664e+06,20,ACK,14
2.31669e+06,9,CTL,20
2.31677e+06,3,RTS,20
2.31677e+06,4,RTS,20
2.31687e+06,5,RTS,20
2.31687e+06,14,RTS,20
2.31694e+06,20,CTS,14
2.317e+06,5,QOSDATA_TID6,1066
2.31718e+06,20,ACK,14
2.31723e+06,5,CTL,20
2.31731e+06,4,RTS,20
2.31738e+06,20,CTS,14
2.31744e+06,4,QOSDATA_TID6,1066
2.31763e+06,20,ACK,14
2.31767e+06,4,QOSDATA_TID6,1066
2.31785e+06,20,ACK,14
2.3179e+06,4,CTL,20
2.31798e+06,7,RTS,20
2.31798e+06,19,RTS,20
2.31798e+06,13,RTS,20
2.31798e+06,10,RTS,20
2.31809e+06,2,RTS,20
2.31809e+06,3,RTS,20
2.31809e+06,15,RTS,20
2.31819e+06,16,RTS,20
2.31826e+06,20,CTS,14
2.31832e+06,16,QOSDATA_TID6,1066
2.3185e+06,20,ACK,14
2.31854e+06,16,CTL,20
2.31863e+06,7,RTS,20
2.31863e+06,15,RTS,20
2.31863e+06,18,RTS,20
2.31875e+06,6,RTS,20
2.31875e+06,19,RTS,20
2.31885e+06,13,RTS,20
2.31892e+06,20,CTS,14
2.31898e+06,13,QOSDATA_TID6,1066
2.31917e+06,20,ACK,14
2.31921e+06,13,CTL,20
2.3193e+06,8,RTS,20
2.3193e+06,1,RTS,20
2.3194e+06,10,RTS,20
2.31947e+06,20,CTS,14
2.31953e+06,10,QOSDATA_TID6,1066
2.31972e+06,20,ACK,14
2.31976e+06,10,CTL,20
2.31985e+06,3,RTS,20
2.31985e+06,12,RTS,20
2.31985e+06,15,RTS,20
2.31992e+06,20,CTS,14
2.31998e+06,12,QOSDATA_TID6,1066
2.32017e+06,20,ACK,14
2.32021e+06,12,CTL,20
2.3203e+06,3,RTS,20
2.3203e+06,18,RTS,20
2.3204e+06,2,RTS,20
2.32047e+06,20,CTS,14
2.32053e+06,2,QOSDATA_TID6,1066
2.32072e+06,20,ACK,14
2.32076e+06,2,QOSDATA_TID6,1066
2.32094e+06,20,ACK,14
2.32099e+06,2,CTL,20
2.32107e+06,7,RTS,20
2.32114e+06,20,CTS,14
2.3212e+06,7,QOSDATA_TID6,1066
2.32138e+06,20,ACK,14
2.32143e+06,7,CTL,20
2.32152e+06,16,RTS,20
2.32158e+06,20,CTS,14
2.32164e+06,16,QOSDATA_TID6,1066
2.32183e+06,20,ACK,14
2.32187e+06,16,CTL,20
2.32196e+06,1,RTS,20
2.32196e+06,13,RTS,20
2.32196e+06,9,RTS,20
2.32196e+06,6,RTS,20
2.32206e+06,18,RTS,20
2.32206e+06,7,RTS,20
2.32206e+06,15,RTS,20
2.32217e+06,19,RTS,20
2.32224e+06,20,CTS,14
2.3223e+06,19,QOSDATA_TID6,1066
2.32248e+06,20,ACK,14
2.32253e+06,19,QOSDATA_TID6,1066
2.32271e+06,20,ACK,14
2.32276e+06,19,CTL,20
2.32284e+06,1,RTS,20
2.32284e+06,18,RTS,20
2.32291e+06,20,CTS,14
2.32297e+06,1,QOSDATA_TID6,1066
2.32315e+06,20,ACK,14
2.3232e+06,1,QOSDATA_TID6,1066
2.32338e+06,20,ACK,14
2.32343e+06,1,CTL,20
2.32352e+06,17,RTS,20
2.32352e+06,11,RTS,20
2.32352e+06,13,RTS,20
2.32352e+06,14,RTS,20
2.32359e+06,20,CTS,14
2.32365e+06,17,QOSDATA_TID6,1066
2.32383e+06,20,ACK,14
2.32388e+06,17,CTL,20
2.32396e+06,11,RTS,20
2.32396e+06,3,RTS,20
2.32407e+06,0,RTS,20
2.32414e+06,20,CTS,14
2.3242e+06,0,QOSDATA_TID6,1066
2.32438e+06,20,ACK,14
2.32443e+06,0,CTL,20
2.32451e+06,5,RTS,20
2.32451e+06,19,RTS,20
2.32458e+06,20,CTS,14
2.32464e+06,5,QOSDATA_TID6,1066
2.32482e+06,20,ACK,14
2.32487e+06,5,CTL,20
2.32495e+06,15,RTS,20
2.32495e+06,14,RTS,20
2.32505e+06,2,RTS,20
2.32505e+06,8,RTS,20
2.32505e+06,19,RTS,20
2.32505e+06,4,RTS,20
2.32516e+06,6,RTS,20
2.32523e+06,20,CTS,14
2.32529e+06,6,QOSDATA_TID6,1066
2.32547e+06,20,ACK,14
2.32552e+06,6,QOSDATA_TID6,1066
2.3257e+06,20,ACK,14
2.32574e+06,6,CTL,20
2.32583e+06,14,RTS,20
2.32583e+06,7,RTS,20
2.3259e+06,20,CTS,14
2.32596e+06,7,QOSDATA_TID6,1066
2.32614e+06,20,ACK,14
2.32618e+06,7,CTL,20
2.32628e+06,12,RTS,20
2.32628e+06,13,RTS,20
2.32628e+06,11,RTS,20
2.32628e+06,2,RTS,20
2.32628e+06,10,RTS,20
2.32635e+06,20,CTS,14
2.32641e+06,12,QOSDATA_TID6,1066
2.32659e+06,20,ACK,14
2.32664e+06,12,CTL,20
2.32672e+06,2,RTS,20
2.32679e+06,20,CTS,14
2.32685e+06,2,QOSDATA_TID6,1066
2.32703e+06,20,ACK,14
2.32708e+06,2,CTL,20
2.32717e+06,8,RTS,20
2.32717e+06,14,RTS,20
2.32717e+06,15,RTS,20
2.32717e+06,4,RTS,20
2.32727e+06,18,RTS,20
2.32734e+06,20,CTS,14
2.3274e+06,18,QOSDATA_TID6,1066
2.32758e+06,20,ACK,14
2.32763e+06,18,QOSDATA_TID6,1066
2.32781e+06,20,ACK,14
2.32786e+06,18,CTL,20
2.32794e+06,10,RTS,20
2.32794e+06,9,RTS,20
2.32804e+06,14,RTS,20
2.32811e+06,20,CTS,14
2.32817e+06,14,QOSDATA_TID6,1066
2.32835e+06,20,ACK,14
2.3284e+06,14,QOSDATA_TID6,1066
2.32858e+06,20,ACK,14
2.32862e+06,14,QOSDATA_TID6,1066
2.32881e+06,20,ACK,14
2.32885e+06,14,CTL,20
2.32894e+06,16,RTS,20
2.32894e+06,4,RTS,20
2.32904e+06,9,RTS,20
2.3291e+06,20,CTS,14
2.32916e+06,9,QOSDATA_TID6,1066
2.32935e+06,20,ACK,14
2.32939e+06,9,CTL,20
2.32948e+06,16,RTS,20
2.32948e+06,7,RTS,20
2.32948e+06,15,RTS,20
2.32958e+06,13,RTS,20
2.32958e+06,3,RTS,20
2.32969e+06,16,RTS,20
2.32976e+06,20,CTS,14
2.32982e+06,16,QOSDATA_TID6,1066
2.33e+06,20,ACK,14
2.33005e+06,16,CTL,20
2.33013e+06,0,RTS,20
2.3302e+06,20,CTS,14
2.33026e+06,0,QOSDATA_TID6,1066
2.33045e+06,20,ACK,14
2.33049e+06,0,CTL,20
2.33058e+06,9,RTS,20
2.33058e+06,13,RTS,20
2.33058e+06,11,RTS,20
2.33058e+06,4,RTS,20
2.33067e+06,8,RTS,20
2.33074e+06,20,CTS,14
2.3308e+06,8,QOSDATA_TID6,1066
2.33099e+06,20,ACK,14
2.33103e+06,8,QOSDATA_TID6,1066
2.33121e+06,20,ACK,14
2.33126e+06,8,CTL,20
2.33134e+06,17,RTS,20
2.33134e+06,1,RTS,20
2.33134e+06,12,RTS,20
2.33134e+06,9,RTS,20
2.33144e+06,13,RTS,20
2.33151e+06,20,CTS,14
2.33157e+06,13,QOSDATA_TID6,1066
2.33175e+06,20,ACK,14
2.3318e+06,13,QOSDATA_TID6,1066
2.33198e+06,20,ACK,14
2.33203e+06,13,CTL,20
2.33211e+06,6,RTS,20
2.33218e+06,20,CTS,14
2.33224e+06,6,QOSDATA_TID6,1066
2.33242e+06,20,ACK,14
2.33247e+06,6,CTL,20
2.33255e+06,15,RTS,20
2.33255e+06,5,RTS,20
2.33255e+06,17,RTS,20
2.33255e+06,3,RTS,20
2.33265e+06,2,RTS,20
2.33272e+06,20,CTS,14
2.33278e+06,2,QOSDATA_TID6,1066
2.33296e+06,20,ACK,14
2.33301e+06,2,CTL,20
2.33309e+06,19,RTS,20
2.33309e+06,11,RTS,20
2.33309e+06,4,RTS,20
2.33319e+06,15,RTS,20
2.33319e+06,10,RTS,20
2.33326e+06,20,CTS,14
2.33332e+06,15,QOSDATA_TID6,1066
2.3335e+06,20,ACK,14
2.33355e+06,15,QOSDATA_TID6,1066
2.33373e+06,20,ACK,14
2.33378e+06,15,CTL,20
2.33386e+06,19,RTS,20
2.33393e+06,20,CTS,14
2.33399e+06,19,QOSDATA_TID6,1066
2.33417e+06,20,ACK,14
2.33422e+06,19,QOSDATA_TID6,1066
2.3344e+06,20,ACK,14
2.33445e+06,19,CTL,20
2.33453e+06,7,RTS,20
2.33453e+06,10,RTS,20
2.3346e+06,20,CTS,14
2.33466e+06,7,QOSDATA_TID6,1066
2.33484e+06,20,ACK,14
2.33489e+06,7,CTL,20
2.33498e+06,1,RTS,20
2.33498e+06,5,RTS,20
2.33498e+06,3,RTS,20
2.33505e+06,20,CTS,14
2.33511e+06,5,QOSDATA_TID6,1066
2.3353e+06,20,ACK,14
2.33534e+06,5,CTL,20
2.33542e+06,8,RTS,20
2.33542e+06,1,RTS,20
2.33552e+06,3,RTS,20
2.33559e+06,20,CTS,14
2.33565e+06,3,QOSDATA_TID6,1066
2.33584e+06,20,ACK,14
2.33588e+06,3,QOSDATA_TID6,1066
2.33606e+06,20,ACK,14
2.33611e+06,3,QOSDATA_TID6,1066
2.33629e+06,20,ACK,14
2.33634e+06,3,QOSDATA_TID6,1066
2.33652e+06,20,ACK,14
2.33656e+06,3,QOSDATA_TID6,1066
2.33675e+06,20,ACK,14
2.33679e+06,3,CTL,20
2.33688e+06,18,RTS,20
2.33688e+06,12,RTS,20
2.33688e+06,16,RTS,20
2.33688e+06,14,RTS,20
2.33695e+06,20,CTS,14
2.33701e+06,12,QOSDATA_TID6,1066
2.33719e+06,20,ACK,14
2.33723e+06,12,CTL,20
2.33732e+06,1,RTS,20
2.33732e+06,16,RTS,20
2.33732e+06,9,RTS,20
2.33743e+06,18,RTS,20
2.33743e+06,14,RTS,20
2.33753e+06,17,RTS,20
2.33753e+06,16,RTS,20
2.3376e+06,20,CTS,14
2.33766e+06,17,QOSDATA_TID6,1066
2.33785e+06,20,ACK,14
2.33789e+06,17,CTL,20
2.33798e+06,18,RTS,20
2.33804e+06,20,CTS,14
2.3381e+06,18,QOSDATA_TID6,1066
2.33829e+06,20,ACK,14
2.33833e+06,18,CTL,20
2.33842e+06,14,RTS,20
2.33842e+06,7,RTS,20
2.33849e+06,20,CTS,14
2.33855e+06,7,QOSDATA_TID6,1066
2.33873e+06,20,ACK,14
2.33877e+06,7,CTL,20
2.33886e+06,10,RTS,20
2.33893e+06,20,CTS,14
2.33899e+06,10,QOSDATA_TID6,1066
2.33917e+06,20,ACK,14
2.33922e+06,10,QOSDATA_TID6,1066
2.3394e+06,20,ACK,14
2.33944e+06,10,CTL,20
2.33953e+06,0,RTS,20
2.33953e+06,6,RTS,20
2.33953e+06,8,RTS,20
2.33953e+06,1,RTS,20
2.33953e+06,16,RTS,20
2.33953e+06,13,RTS,20
2.33953e+06,4,RTS,20
2.33963e+06,12,RTS,20
2.3397e+06,20,CTS,14
2.33976e+06,12,QOSDATA_TID6,1066
2.33994e+06,20,ACK,14
2.33998e+06,12,CTL,20
2.34007e+06,11,RTS,20
2.34007e+06,3,RTS,20
2.34017e+06,14,RTS,20
2.34024e+06,20,CTS,14
2.3403e+06,14,QOSDATA_TID6,1066
2.34048e+06,20,ACK,14
2.34052e+06,14,CTL,20
2.34061e+06,2,RTS,20
2.34061e+06,10,RTS,20
2.34061e+06,19,RTS,20
2.34071e+06,0,RTS,20
2.34071e+06,15,RTS,20
2.34081e+06,19,RTS,20
2.34087e+06,20,CTS,14
2.34093e+06,19,QOSDATA_TID6,1066
2.34112e+06,20,ACK,14
2.34116e+06,19,CTL,20
2.34125e+06,8,RTS,20
2.34125e+06,17,RTS,20
2.34136e+06,5,RTS,20
2.34136e+06,16,RTS,20
2.34136e+06,9,RTS,20
2.34136e+06,10,RTS,20
2.34142e+06,20,CTS,14
2.34148e+06,5,QOSDATA_TID6,1066
2.34167e+06,20,ACK,14
2.34171e+06,5,CTL,20
2.3418e+06,17,RTS,20
2.34186e+06,20,CTS,14
2.34192e+06,17,QOSDATA_TID6,1066
2.34211e+06,20,ACK,14
2.34215e+06,17,CTL,20
2.34224e+06,15,RTS,20
2.34231e+06,20,CTS,14
2.34237e+06,15,QOSDATA_TID6,1066
2.34255e+06,20,ACK,14
2.3426e+06,15,CTL,20
2.34268e+06,18,RTS,20
2.34268e+06,1,RTS,20
2.34275e+06,20,CTS,14
2.34281e+06,1,QOSDATA_TID6,1066
2.34299e+06,20,ACK,14
2.34304e+06,1,QOSDATA_TID6,1066
2.34322e+06,20,ACK,14
2.34326e+06,1,CTL,20
2.34335e+06,3,RTS,20
2.34335e+06,9,RTS,20
2.34345e+06,0,CTS,14
2.34345e+06,6,RTS,20
2.34355e+06,0,RTS,20
2.34362e+06,20,CTS,14
2.34368e+06,0,QOSDATA_TID6,1066
2.34386e+06,20,ACK,14
2.34391e+06,0,CTL,20
2.344e+06,6,RTS,20
2.344e+06,2,RTS,20
2.3441e+06,4,RTS,20
2.3441e+06,13,RTS,20
2.34422e+06,8,RTS,20
2.34422e+06,18,RTS,20
2.34422e+06,10,RTS,20
2.34429e+06,20,CTS,14
2.34435e+06,8,QOSDATA_TID6,1066
2.34453e+06,20,ACK,14
2.34457e+06,8,QOSDATA_TID6,1066
2.34476e+06,20,ACK,14
2.3448e+06,8,CTL,20
2.3449e+06,4,RTS,20
2.3449e+06,14,RTS,20
2.34502e+06,13,RTS,20
2.34502e+06,9,RTS,20
2.34512e+06,0,RTS,20
2.34519e+06,20,CTS,14
2.34525e+06,0,QOSDATA_TID6,1066
2.34543e+06,20,ACK,14
2.34548e+06,0,CTL,20
2.34556e+06,14,RTS,20
2.34556e+06,13,RTS,20
2.34569e+06,2,RTS,20
2.34569e+06,3,RTS,20
2.34576e+06,20,CTS,14
2.34582e+06,2,QOSDATA_TID6,1066
2.346e+06,20,ACK,14
2.34604e+06,2,CTL,20
2.34614e+06,3,RTS,20
2.34614e+06,11,RTS,20
2.34614e+06,4,RTS,20
2.34624e+06,16,RTS,20
2.3463e+06,20,CTS,14
2.34636e+06,16,QOSDATA_TID6,1066
2.34655e+06,20,ACK,14
2.34659e+06,16,QOSDATA_TID6,1066
2.34678e+06,20,ACK,14
2.34682e+06,16,CTL,20
2.34692e+06,11,RTS,20
2.34698e+06,20,CTS,14
2.34704e+06,11,QOSDATA_TID6,1066
2.34723e+06,20,ACK,14
2.34727e+06,11,QOSDATA_TID6,1066
2.34746e+06,20,ACK,14
2.3475e+06,11,QOSDATA_TID6,1066
2.34768e+06,20,ACK,14
2.34773e+06,11,CTL,20
2.34781e+06,7,RTS,20
2.34781e+06,13,RTS,20
2.34781e+06,6,RTS,20
2.34781e+06,14,RTS,20
2.34793e+06,19,RTS,20
2.34793e+06,3,RTS,20
2.348e+06,20,CTS,14
2.34806e+06,19,QOSDATA_TID6,1066
2.34824e+06,20,ACK,14
2.34829e+06,19,CTL,20
2.34838e+06,12,RTS,20
2.34838e+06,13,RTS,20
2.34845e+06,20,CTS,14
2.34851e+06,12,QOSDATA_TID6,1066
2.34869e+06,20,ACK,14
2.34874e+06,12,CTL,20
2.34883e+06,2,RTS,20
2.3489e+06,20,CTS,14
2.34896e+06,2,QOSDATA_TID6,1066
2.34914e+06,20,ACK,14
2.34919e+06,2,CTL,20
2.34927e+06,17,RTS,20
2.34927e+06,6,RTS,20
2.34934e+06,20,CTS,14
2.3494e+06,17,QOSDATA_TID6,1066
2.34959e+06,20,ACK,14
2.34963e+06,17,CTL,20
2.34972e+06,9,RTS,20
2.34978e+06,20,CTS,14
2.34984e+06,9,QOSDATA_TID6,1066
2.35003e+06,20,ACK,14
2.35007e+06,9,QOSDATA_TID6,1066
2.35026e+06,20,ACK,14
2.3503e+06,9,QOSDATA_TID6,1066
2.35048e+06,20,ACK,14
2.35053e+06,9,CTL,20
2.35061e+06,3,RTS,20
2.35061e+06,18,RTS,20
2.35061e+06,5,RTS,20
2.35061e+06,1,RTS,20
2.35061e+06,4,RTS,20
2.35061e+06,15,RTS,20
2.35068e+06,20,CTS,14
2.35074e+06,5,QOSDATA_TID6,1066
2.35093e+06,20,ACK,14
2.35097e+06,5,CTL,20
2.35106e+06,1,RTS,20
2.35112e+06,20,CTS,14
2.35118e+06,1,QOSDATA_TID6,1066
2.35137e+06,20,ACK,14
2.35141e+06,1,CTL,20
2.3515e+06,3,RTS,20
2.3515e+06,6,RTS,20
2.3515e+06,14,RTS,20
2.3516e+06,13,RTS,20
2.3516e+06,8,RTS,20
2.3516e+06,10,RTS,20
2.35166e+06,20,CTS,14
2.35172e+06,8,QOSDATA_TID6,1066
2.35191e+06,20,ACK,14
2.35195e+06,8,CTL,20
2.35204e+06,4,RTS,20
2.35211e+06,20,CTS,14
2.35217e+06,4,QOSDATA_TID6,1066
2.35235e+06,20,ACK,14
2.35239e+06,4,QOSDATA_TID6,1066
2.35258e+06,20,ACK,14
2.35262e+06,4,QOSDATA_TID6,1066
2.35281e+06,20,ACK,14
2.35285e+06,4,CTL,20
2.35294e+06,15,RTS,20
2.35294e+06,14,RTS,20
2.35294e+06,18,RTS,20
2.35304e+06,7,RTS,20
2.35304e+06,16,RTS,20
2.3531e+06,20,CTS,14
2.35316e+06,7,QOSDATA_TID6,1066
2.35335e+06,20,ACK,14
2.35339e+06,7,CTL,20
2.35349e+06,7,RTS,20
2.35349e+06,13,RTS,20
2.35349e+06,18,RTS,20
2.3536e+06,15,RTS,20
2.35367e+06,20,CTS,14
2.35373e+06,15,QOSDATA_TID6,1066
2.35391e+06,20,ACK,14
2.35396e+06,15,CTL,20
2.35404e+06,7,RTS,20
2.35411e+06,20,CTS,14
2.35417e+06,7,QOSDATA_TID6,1066
2.35436e+06,20,ACK,14
2.3544e+06,7,CTL,20
2.35449e+06,9,RTS,20
2.35455e+06,20,CTS,14
2.35461e+06,9,QOSDATA_TID6,1066
2.3548e+06,20,ACK,14
2.35484e+06,9,CTL,20
2.35493e+06,6,RTS,20
2.35493e+06,13,RTS,20
2.35504e+06,19,RTS,20
2.3551e+06,20,CTS,14
2.35516e+06,19,QOSDATA_TID6,1066
2.35535e+06,20,ACK,14
2.35539e+06,19,CTL,20
2.35549e+06,1,RTS,20
2.35549e+06,17,RTS,20
2.35549e+06,0,RTS,20
2.35549e+06,10,RTS,20
2.35549e+06,14,RTS,20
2.35558e+06,11,RTS,20
2.35565e+06,20,CTS,14
2.35571e+06,11,QOSDATA_TID6,1066
2.3559e+06,20,ACK,14
2.35594e+06,11,CTL,20
2.35604e+06,16,RTS,20
2.35604e+06,12,RTS,20
2.35604e+06,17,RTS,20
2.35604e+06,3,RTS,20
2.35604e+06,0,RTS,20
2.35617e+06,16,RTS,20
2.35623e+06,20,CTS,14
2.35629e+06,16,QOSDATA_TID6,1066
2.35648e+06,20,ACK,14
2.35652e+06,16,CTL,20
2.35661e+06,17,RTS,20
2.35661e+06,10,RTS,20
2.35668e+06,20,CTS,14
2.35674e+06,17,QOSDATA_TID6,1066
2.35692e+06,20,ACK,14
2.35696e+06,17,CTL,20
2.35705e+06,2,RTS,20
2.35712e+06,20,CTS,14
2.35718e+06,2,QOSDATA_TID6,1066
2.35736e+06,20,ACK,14
2.35741e+06,2,CTL,20
2.35749e+06,12,RTS,20
2.35749e+06,13,RTS,20
2.35756e+06,20,CTS,14
2.35762e+06,12,QOSDATA_TID6,1066
2.3578e+06,20,ACK,14
2.35785e+06,12,CTL,20
2.35793e+06,0,CTS,14
2.35803e+06,0,RTS,20
2.3581e+06,20,CTS,14
2.35816e+06,0,QOSDATA_TID6,1066
2.35834e+06,20,ACK,14
2.35839e+06,0,CTL,20
2.35847e+06,18,RTS,20
2.35847e+06,15,RTS,20
2.35847e+06,5,RTS,20
2.35847e+06,3,RTS,20
2.35854e+06,20,CTS,14
2.3586e+06,5,QOSDATA_TID6,1066
2.35878e+06,20,ACK,14
2.35883e+06,5,CTL,20
2.35891e+06,6,RTS,20
2.35891e+06,4,RTS,20
2.35898e+06,20,CTS,14
2.35904e+06,6,QOSDATA_TID6,1066
2.35923e+06,20,ACK,14
2.35927e+06,6,QOSDATA_TID6,1066
2.35945e+06,20,ACK,14
2.3595e+06,6,CTL,20
2.35959e+06,15,RTS,20
2.35959e+06,4,RTS,20
2.35966e+06,20,CTS,14
2.35972e+06,15,QOSDATA_TID6,1066
2.3599e+06,20,ACK,14
2.35995e+06,15,CTL,20
2.36005e+06,13,RTS,20
2.36005e+06,8,RTS,20
2.36012e+06,20,CTS,14
2.36018e+06,8,QOSDATA_TID6,1066
2.36036e+06,20,ACK,14
2.36041e+06,8,CTL,20
2.3605e+06,16,RTS,20
2.3605e+06,13,RTS,20
2.36063e+06,10,RTS,20
2.3607e+06,20,CTS,14
2.36076e+06,10,QOSDATA_TID6,1066
2.36094e+06,20,ACK,14
2.36099e+06,10,QOSDATA_TID6,1066
2.36117e+06,20,ACK,14
2.36121e+06,10,QOSDATA_TID6,1066
2.3614e+06,20,ACK,14
2.36144e+06,10,CTL,20
2.36154e+06,18,RTS,20
2.36154e+06,0,RTS,20
2.36164e+06,1,RTS,20
2.36171e+06,20,CTS,14
2.36177e+06,1,QOSDATA_TID6,1066
2.36196e+06,20,ACK,14
2.362e+06,1,CTL,20
2.36209e+06,7,RTS,20
2.36215e+06,20,CTS,14
2.36221e+06,7,QOSDATA_TID6,1066
2.3624e+06,20,ACK,14
2.36244e+06,7,CTL,20
2.36254e+06,4,RTS,20
2.36254e+06,0,RTS,20
2.3626e+06,20,CTS,14
2.36266e+06,0,QOSDATA_TID6,1066
2.36285e+06,20,ACK,14
2.36289e+06,0,CTL,20
2.36298e+06,19,RTS,20
2.36305e+06,20,CTS,14
2.36311e+06,19,QOSDATA_TID6,1066
2.36329e+06,20,ACK,14
2.36334e+06,19,CTL,20
2.36342e+06,11,RTS,20
2.36342e+06,12,RTS,20
2.36342e+06,6,RTS,20
2.36342e+06,13,RTS,20
2.36349e+06,20,CTS,14
2.36355e+06,12,QOSDATA_TID6,1066
2.36373e+06,20,ACK,14
2.36378e+06,12,CTL,20
2.36386e+06,9,RTS,20
2.36393e+06,20,CTS,14
2.36399e+06,9,QOSDATA_TID6,1066
2.36418e+06,20,ACK,14
2.36422e+06,9,CTL,20
2.3643e+06,18,RTS,20
2.3643e+06,5,RTS,20
2.3643e+06,11,RTS,20
2.36437e+06,20,CTS,14
2.36443e+06,5,QOSDATA_TID6,1066
2.36462e+06,20,ACK,14
2.36466e+06,5,CTL,20
2.36475e+06,1,RTS,20
2.36475e+06,14,RTS,20
2.36482e+06,20,CTS,14
2.36488e+06,1,QOSDATA_TID6,1066
2.36506e+06,20,ACK,14
2.3651e+06,1,CTL,20
2.3652e+06,17,RTS,20
2.3652e+06,16,RTS,20
2.3652e+06,4,RTS,20
2.3652e+06,2,RTS,20
2.3652e+06,3,RTS,20
2.3652e+06,10,RTS,20
2.3653e+06,15,RTS,20
2.36537e+06,20,CTS,14
2.36543e+06,15,QOSDATA_TID6,1066
2.36562e+06,20,ACK,14
2.36566e+06,15,CTL,20
2.36575e+06,14,RTS,20
2.36575e+06,13,RTS,20
2.36575e+06,17,RTS,20
2.36575e+06,18,RTS,20
2.36582e+06,20,CTS,14
2.36588e+06,17,QOSDATA_TID6,1066
2.36606e+06,20,ACK,14
2.3661e+06,17,CTL,20
2.3662e+06,16,RTS,20
2.3662e+06,3,RTS,20
2.3662e+06,10,RTS,20
2.3662e+06,14,RTS,20
2.36631e+06,2,RTS,20
2.36638e+06,20,CTS,14
2.36644e+06,2,QOSDATA_TID6,1066
2.36663e+06,20,ACK,14
2.36667e+06,2,CTL,20
2.36677e+06,10,RTS,20
2.36677e+06,6,RTS,20
2.36677e+06,4,RTS,20
2.36677e+06,13,RTS,20
2.3669e+06,8,RTS,20
2.36697e+06,20,CTS,14
2.36703e+06,8,QOSDATA_TID6,1066
2.36721e+06,20,ACK,14
2.36726e+06,8,CTL,20
2.36736e+06,13,RTS,20
2.36736e+06,10,RTS,20
2.36749e+06,13,RTS,20
2.36749e+06,10,RTS,20
2.36766e+06,10,RTS,20
2.36772e+06,20,CTS,14
2.36778e+06,10,QOSDATA_TID6,1066
2.36797e+06,20,ACK,14
2.36801e+06,10,CTL,20
2.3681e+06,13,RTS,20
2.36817e+06,20,CTS,14
2.36823e+06,13,QOSDATA_TID6,1066
2.36841e+06,20,ACK,14
2.36846e+06,13,QOSDATA_TID6,1066
2.36864e+06,20,ACK,14
2.36868e+06,13,CTL,20
2.36879e+06,4,RTS,20
2.36879e+06,18,RTS,20
2.36886e+06,20,CTS,14
2.36892e+06,18,QOSDATA_TID6,1066
2.3691e+06,20,ACK,14
2.36914e+06,18,QOSDATA_TID6,1066
2.36933e+06,20,ACK,14
2.36937e+06,18,QOSDATA_TID6,1066
2.36956e+06,20,ACK,14
2.3696e+06,18,CTL,20
2.3697e+06,0,RTS,20
2.3697e+06,7,RTS,20
2.3697e+06,13,RTS,20
2.3698e+06,3,RTS,20
2.3698e+06,9,RTS,20
2.36991e+06,14,RTS,20
2.36991e+06,13,RTS,20
2.37004e+06,13,RTS,20
2.37011e+06,20,CTS,14
2.37017e+06,13,QOSDATA_TID6,1066
2.37035e+06,20,ACK,14
2.3704e+06,13,CTL,20
2.37049e+06,14,RTS,20
2.37049e+06,3,RTS,20
2.37059e+06,7,RTS,20
2.37066e+06,20,CTS,14
2.37072e+06,7,QOSDATA_TID6,1066
2.3709e+06,20,ACK,14
2.37094e+06,7,CTL,20
2.37102e+06,20,BEACON,152
2.37128e+06,12,RTS,20
2.37128e+06,19,RTS,20
2.37128e+06,14,RTS,20
2.37135e+06,20,CTS,14
2.37141e+06,12,QOSDATA_TID6,1066
2.3716e+06,20,ACK,14
2.37164e+06,12,CTL,20
2.37174e+06,11,RTS,20
2.37174e+06,4,RTS,20
2.37183e+06,3,RTS,20
2.37183e+06,9,RTS,20
2.37183e+06,14,RTS,20
2.37194e+06,16,RTS,20
2.37194e+06,11,RTS,20
2.37205e+06,4,RTS,20
2.37205e+06,1,RTS,20
2.37205e+06,3,RTS,20
2.37212e+06,20,CTS,14
2.37218e+06,1,QOSDATA_TID6,1066
2.37236e+06,20,ACK,14
2.3724e+06,1,CTL,20
2.3725e+06,4,RTS,20
2.37257e+06,20,CTS,14
2.37263e+06,4,QOSDATA_TID6,1066
2.37281e+06,20,ACK,14
2.37285e+06,4,QOSDATA_TID6,1066
2.37304e+06,20,ACK,14
2.37308e+06,4,CTL,20
2.37317e+06,17,RTS,20
2.37317e+06,5,RTS,20
2.37317e+06,10,RTS,20
2.37327e+06,16,RTS,20
2.37333e+06,20,CTS,14
2.37339e+06,16,QOSDATA_TID6,1066
2.37358e+06,20,ACK,14
2.37362e+06,16,QOSDATA_TID6,1066
2.37381e+06,20,ACK,14
2.37385e+06,16,CTL,20
2.37394e+06,2,RTS,20
2.37394e+06,14,RTS,20
2.374e+06,20,CTS,14
2.37406e+06,2,QOSDATA_TID6,1066
2.37425e+06,20,ACK,14
2.37429e+06,2,CTL,20
2.37439e+06,18,RTS,20
2.37439e+06,9,RTS,20
2.37439e+06,0,RTS,20
2.37439e+06,6,RTS,20
2.37439e+06,15,RTS,20
2.37449e+06,19,RTS,20
2.37456e+06,20,CTS,14
2.37462e+06,19,QOSDATA_TID6,1066
2.37481e+06,20,ACK,14
2.37485e+06,19,CTL,20
2.37494e+06,11,RTS,20
2.375e+06,20,CTS,14
2.37506e+06,11,QOSDATA_TID6,1066
2.37525e+06,20,ACK,14
2.37529e+06,11,QOSDATA_TID6,1066
2.37548e+06,20,ACK,14
2.37552e+06,11,CTL,20
2.37561e+06,17,RTS,20
2.37561e+06,5,RTS,20
2.37561e+06,15,RTS,20
2.37561e+06,6,RTS,20
2.3757e+06,8,RTS,20
2.37577e+06,20,CTS,14
2.37583e+06,8,QOSDATA_TID6,1066
2.37602e+06,20,ACK,14
2.37606e+06,8,CTL,20
2.37616e+06,17,RTS,20
2.37616e+06,18,RTS,20
2.37616e+06,10,RTS,20
2.37622e+06,20,CTS,14
2.37628e+06,17,QOSDATA_TID6,1066
2.37647e+06,20,ACK,14
2.37651e+06,17,CTL,20
2.37662e+06,16,RTS,20
2.37662e+06,3,RTS,20
2.37662e+06,14,RTS,20
2.37672e+06,18,RTS,20
2.37679e+06,20,CTS,14
2.37685e+06,18,QOSDATA_TID6,1066
2.37704e+06,20,ACK,14
2.37708e+06,18,CTL,20
2.37718e+06,3,RTS,20
2.37718e+06,5,RTS,20
2.37725e+06,20,CTS,14
2.37731e+06,5,QOSDATA_TID6,1066
2.3775e+06,20,ACK,14
2.37754e+06,5,CTL,20
2.37762e+06,13,RTS,20
2.37769e+06,20,CTS,14
2.37775e+06,13,QOSDATA_TID6,1066
2.37794e+06,20,ACK,14
2.37798e+06,13,CTL,20
2.37807e+06,7,RTS,20
2.37807e+06,6,RTS,20
2.3782e+06,6,RTS,20
2.3782e+06,15,RTS,20
2.3782e+06,9,RTS,20
2.37834e+06,10,RTS,20
2.37841e+06,20,CTS,14
2.37847e+06,10,QOSDATA_TID6,1066
2.37866e+06,20,ACK,14
2.3787e+06,10,CTL,20
2.37879e+06,9,RTS,20
2.37879e+06,12,RTS,20
2.37879e+06,7,RTS,20
2.37879e+06,11,RTS,20
2.37879e+06,16,RTS,20
2.3789e+06,0,CTS,14
2.37902e+06,0,RTS,20
2.37909e+06,20,CTS,14
2.37915e+06,0,QOSDATA_TID6,1066
2.37934e+06,20,ACK,14
2.37938e+06,0,QOSDATA_TID6,1066
2.37956e+06,20,ACK,14
2.37961e+06,0,CTL,20
2.3797e+06,6,RTS,20
2.3797e+06,17,RTS,20
2.37976e+06,20,CTS,14
2.37982e+06,17,QOSDATA_TID6,1066
2.38001e+06,20,ACK,14
2.38005e+06,17,CTL,20
2.38015e+06,1,RTS,20
2.38015e+06,7,RTS,20
2.38015e+06,11,RTS,20
2.38015e+06,14,RTS,20
2.38026e+06,9,RTS,20
2.38033e+06,20,CTS,14
2.38039e+06,9,QOSDATA_TID6,1066
2.38057e+06,20,ACK,14
2.38062e+06,9,QOSDATA_TID6,1066
2.3808e+06,20,ACK,14
2.38085e+06,9,CTL,20
2.38093e+06,2,RTS,20
2.38093e+06,14,RTS,20
2.381e+06,20,CTS,14
2.38106e+06,2,QOSDATA_TID6,1066
2.38124e+06,20,ACK,14
2.38129e+06,2,CTL,20
2.38138e+06,3,RTS,20
2.38145e+06,20,CTS,14
2.38151e+06,3,QOSDATA_TID6,1066
2.3817e+06,20,ACK,14
2.38174e+06,3,QOSDATA_TID6,1066
2.38192e+06,20,ACK,14
2.38197e+06,3,QOSDATA_TID6,1066
2.38215e+06,20,ACK,14
2.3822e+06,3,QOSDATA_TID6,1066
2.38238e+06,20,ACK,14
2.38242e+06,3,CTL,20
2.38251e+06,10,RTS,20
2.38251e+06,5,RTS,20
2.38251e+06,19,RTS,20
2.38251e+06,6,RTS,20
2.38251e+06,4,RTS,20
2.38251e+06,15,RTS,20
2.38258e+06,20,CTS,14
2.38264e+06,5,QOSDATA_TID6,1066
2.38282e+06,20,ACK,14
2.38286e+06,5,CTL,20
2.38295e+06,6,RTS,20
2.38302e+06,20,CTS,14
2.38308e+06,6,QOSDATA_TID6,1066
2.38326e+06,20,ACK,14
2.38331e+06,6,QOSDATA_TID6,1066
2.38349e+06,20,ACK,14
2.38354e+06,6,CTL,20
2.38362e+06,18,RTS,20
2.38369e+06,20,CTS,14
2.38375e+06,18,QOSDATA_TID6,1066
2.38393e+06,20,ACK,14
2.38398e+06,18,CTL,20
2.38407e+06,8,RTS,20
2.38407e+06,12,RTS,20
2.38407e+06,16,RTS,20
2.38417e+06,15,RTS,20
2.38424e+06,20,CTS,14
2.3843e+06,15,QOSDATA_TID6,1066
2.38448e+06,20,ACK,14
2.38453e+06,15,QOSDATA_TID6,1066
2.38471e+06,20,ACK,14
2.38476e+06,15,CTL,20
2.38484e+06,14,RTS,20
2.38484e+06,10,RTS,20
2.38495e+06,12,RTS,20
2.38495e+06,11,RTS,20
2.38502e+06,20,CTS,14
2.38508e+06,12,QOSDATA_TID6,1066
2.38526e+06,20,ACK,14
2.3853e+06,12,CTL,20
2.38539e+06,1,RTS,20
2.38546e+06,20,CTS,14
2.38552e+06,1,QOSDATA_TID6,1066
2.3857e+06,20,ACK,14
2.38575e+06,1,CTL,20
2.38583e+06,9,RTS,20
2.3859e+06,20,CTS,14
2.38596e+06,9,QOSDATA_TID6,1066
2.38614e+06,20,ACK,14
2.38619e+06,9,CTL,20
2.38627e+06,19,RTS,20
2.38627e+06,0,RTS,20
2.38627e+06,7,RTS,20
2.38627e+06,4,RTS,20
2.38627e+06,14,RTS,20
2.38637e+06,13,RTS,20
2.38644e+06,20,CTS,14
2.3865e+06,13,QOSDATA_TID6,1066
2.38668e+06,20,ACK,14
2.38673e+06,13,CTL,20
2.38681e+06,14,RTS,20
2.38681e+06,3,RTS,20
2.38692e+06,12,RTS,20
2.38692e+06,7,RTS,20
2.38699e+06,20,CTS,14
2.38705e+06,12,QOSDATA_TID6,1066
2.38723e+06,20,ACK,14
2.38728e+06,12,CTL,20
2.38736e+06,6,RTS,20
2.38736e+06,3,RTS,20
2.38743e+06,20,CTS,14
2.38749e+06,6,QOSDATA_TID6,1066
2.38768e+06,20,ACK,14
2.38772e+06,6,CTL,20
2.3878e+06,7,RTS,20
2.38787e+06,20,CTS,14
2.38793e+06,7,QOSDATA_TID6,1066
2.38812e+06,20,ACK,14
2.38816e+06,7,QOSDATA_TID6,1066
2.38834e+06,20,ACK,14
2.38839e+06,7,CTL,20
2.38848e+06,17,RTS,20
2.38848e+06,1,RTS,20
2.38848e+06,16,RTS,20
2.38848e+06,4,RTS,20
2.38848e+06,10,RTS,20
2.38857e+06,11,RTS,20
2.38864e+06,20,CTS,14
2.3887e+06,11,QOSDATA_TID6,1066
2.38888e+06,20,ACK,14
2.38893e+06,11,QOSDATA_TID6,1066
2.38911e+06,20,ACK,14
2.38916e+06,11,CTL,20
2.38924e+06,8,RTS,20
2.38924e+06,3,RTS,20
2.38931e+06,20,CTS,14
2.38937e+06,8,QOSDATA_TID6,1066
2.38956e+06,20,ACK,14
2.3896e+06,8,CTL,20
2.38969e+06,2,RTS,20
2.38969e+06,15,RTS,20
2.38981e+06,0,RTS,20
2.38981e+06,16,RTS,20
2.38988e+06,20,CTS,14
2.38994e+06,0,QOSDATA_TID6,1066
2.39012e+06,20,ACK,14
2.39017e+06,0,CTL,20
2.39027e+06,14,RTS,20
2.39027e+06,15,RTS,20
2.39027e+06,5,RTS,20
2.39034e+06,20,CTS,14
2.3904e+06,5,QOSDATA_TID6,1066
2.39058e+06,20,ACK,14
2.39063e+06,5,CTL,20
2.39072e+06,8,RTS,20
2.39079e+06,20,CTS,14
2.39085e+06,8,QOSDATA_TID6,1066
2.39103e+06,20,ACK,14
2.39108e+06,8,CTL,20
2.39116e+06,15,RTS,20
2.39116e+06,10,RTS,20
2.39123e+06,20,CTS,14
2.39129e+06,15,QOSDATA_TID6,1066
2.39148e+06,20,ACK,14
2.39152e+06,15,CTL,20
2.3916e+06,19,RTS,20
2.3916e+06,16,RTS,20
2.3916e+06,4,RTS,20
2.3917e+06,18,RTS,20
2.39177e+06,20,CTS,14
2.39183e+06,18,QOSDATA_TID6,1066
2.39202e+06,20,ACK,14
2.39206e+06,18,CTL,20
2.39214e+06,14,RTS,20
2.39214e+06,19,RTS,20
2.39221e+06,20,CTS,14
2.39227e+06,19,QOSDATA_TID6,1066
2.39246e+06,20,ACK,14
2.3925e+06,19,QOSDATA_TID6,1066
2.39269e+06,20,ACK,14
2.39273e+06,19,CTL,20
2.39282e+06,10,RTS,20
2.39288e+06,20,CTS,14
2.39294e+06,10,QOSDATA_TID6,1066
2.39313e+06,20,ACK,14
2.39317e+06,10,QOSDATA_TID6,1066
2.39336e+06,20,ACK,14
2.3934e+06,10,CTL,20
2.39349e+06,3,RTS,20
2.39349e+06,17,RTS,20
2.39349e+06,7,RTS,20
2.39359e+06,0,RTS,20
2.39366e+06,20,CTS,14
2.39372e+06,0,QOSDATA_TID6,1066
2.3939e+06,20,ACK,14
2.39395e+06,0,CTL,20
2.39404e+06,3,RTS,20
2.39404e+06,9,RTS,20
2.39413e+06,2,RTS,20
2.39413e+06,1,RTS,20
2.39413e+06,16,RTS,20
2.39413e+06,4,RTS,20
2.39413e+06,13,RTS,20
2.39426e+06,14,RTS,20
2.39433e+06,20,CTS,14
2.39439e+06,14,QOSDATA_TID6,1066
2.39457e+06,20,ACK,14
2.39461e+06,14,QOSDATA_TID6,1066
2.3948e+06,20,ACK,14
2.39484e+06,14,QOSDATA_TID6,1066
2.39503e+06,20,ACK,14
2.39507e+06,14,QOSDATA_TID6,1066
2.39525e+06,20,ACK,14
2.3953e+06,14,CTL,20
2.39538e+06,12,RTS,20
2.39545e+06,20,CTS,14
2.39551e+06,12,QOSDATA_TID6,1066
2.3957e+06,20,ACK,14
2.39574e+06,12,CTL,20
2.39583e+06,7,RTS,20
2.39583e+06,1,RTS,20
2.39583e+06,19,RTS,20
2.39583e+06,13,RTS,20
2.39592e+06,6,RTS,20
2.39599e+06,20,CTS,14
2.39605e+06,6,QOSDATA_TID6,1066
2.39624e+06,20,ACK,14
2.39628e+06,6,CTL,20
2.39637e+06,1,RTS,20
2.39637e+06,19,RTS,20
2.39637e+06,11,RTS,20
2.39637e+06,16,RTS,20
2.39646e+06,17,RTS,20
2.39646e+06,4,RTS,20
2.39646e+06,3,RTS,20
2.39653e+06,20,CTS,14
2.39659e+06,17,QOSDATA_TID6,1066
2.39678e+06,20,ACK,14
2.39682e+06,17,QOSDATA_TID6,1066
2.397e+06,20,ACK,14
2.39705e+06,17,CTL,20
2.39713e+06,7,RTS,20
2.3972e+06,20,CTS,14
2.39726e+06,7,QOSDATA_TID6,1066
2.39745e+06,20,ACK,14
2.39749e+06,7,CTL,20
2.39758e+06,13,RTS,20
2.39758e+06,15,RTS,20
2.39767e+06,16,RTS,20
2.39767e+06,10,RTS,20
2.39777e+06,5,RTS,20
2.39784e+06,20,CTS,14
2.3979e+06,5,QOSDATA_TID6,1066
2.39808e+06,20,ACK,14
2.39813e+06,5,CTL,20
2.39822e+06,1,RTS,20
2.39822e+06,15,RTS,20
2.39822e+06,13,RTS,20
2.39832e+06,18,RTS,20
2.39839e+06,20,CTS,14
2.39845e+06,18,QOSDATA_TID6,1066
2.39863e+06,20,ACK,14
2.39868e+06,18,CTL,20
2.39877e+06,1,RTS,20
2.39877e+06,15,RTS,20
2.39889e+06,10,RTS,20
2.39896e+06,20,CTS,14
2.39902e+06,10,QOSDATA_TID6,1066
2.3992e+06,20,ACK,14
2.39924e+06,10,CTL,20
2.39934e+06,15,RTS,20
2.39941e+06,20,CTS,14
2.39947e+06,15,QOSDATA_TID6,1066
2.39965e+06,20,ACK,14
2.3997e+06,15,CTL,20
2.39978e+06,8,RTS,20
2.39978e+06,16,RTS,20
2.39978e+06,9,RTS,20
2.39985e+06,20,CTS,14
2.39991e+06,8,QOSDATA_TID6,1066
2.40009e+06,20,ACK,14
2.40014e+06,8,CTL,20
2.40022e+06,16,RTS,20
2.40022e+06,14,RTS,20
2.40032e+06,2,RTS,20
2.40039e+06,20,CTS,14
2.40045e+06,2,QOSDATA_TID6,1066
2.40063e+06,20,ACK,14
2.40068e+06,2,QOSDATA_TID6,1066
2.40086e+06,20,ACK,14
2.40091e+06,2,CTL,20
2.40099e+06,3,RTS,20
2.40099e+06,14,RTS,20
2.40099e+06,16,RTS,20
2.4011e+06,13,RTS,20
2.40117e+06,20,CTS,14
2.40123e+06,13,QOSDATA_TID6,1066
2.40141e+06,20,ACK,14
2.40146e+06,13,CTL,20
2.40154e+06,14,RTS,20
2.40161e+06,20,CTS,14
2.40167e+06,14,QOSDATA_TID6,1066
2.40185e+06,20,ACK,14
2.4019e+06,14,CTL,20
2.40198e+06,19,RTS,20
2.40198e+06,4,RTS,20
2.40205e+06,20,CTS,14
2.40211e+06,19,QOSDATA_TID6,1066
2.4023e+06,20,ACK,14
2.40234e+06,19,CTL,20
2.40243e+06,0,RTS,20
2.4025e+06,20,CTS,14
2.40256e+06,0,QOSDATA_TID6,1066
2.40275e+06,20,ACK,14
2.40279e+06,0,CTL,20
2.40288e+06,12,RTS,20
2.40288e+06,7,RTS,20
2.40288e+06,13,RTS,20
2.40288e+06,11,RTS,20
2.40297e+06,9,RTS,20
2.40304e+06,20,CTS,14
2.4031e+06,9,QOSDATA_TID6,1066
2.40329e+06,20,ACK,14
2.40333e+06,9,QOSDATA_TID6,1066
2.40351e+06,20,ACK,14
2.40356e+06,9,CTL,20
2.40364e+06,19,RTS,20
2.40364e+06,1,RTS,20
2.40375e+06,16,RTS,20
2.40375e+06,3,RTS,20
2.40375e+06,6,RTS,20
2.40387e+06,13,RTS,20
2.40394e+06,20,CTS,14
2.404e+06,13,QOSDATA_TID6,1066
2.40418e+06,20,ACK,14
2.40422e+06,13,CTL,20
2.40431e+06,16,RTS,20
2.40431e+06,5,RTS,20
2.40431e+06,3,RTS,20
2.40438e+06,20,CTS,14
2.40444e+06,5,QOSDATA_TID6,1066
2.40462e+06,20,ACK,14
2.40466e+06,5,CTL,20
2.40475e+06,10,RTS,20
2.40475e+06,15,RTS,20
2.40482e+06,20,CTS,14
2.40488e+06,15,QOSDATA_TID6,1066
2.40506e+06,20,ACK,14
2.40511e+06,15,CTL,20
2.40519e+06,11,RTS,20
2.40526e+06,20,CTS,14
2.40532e+06,11,QOSDATA_TID6,1066
2.4055e+06,20,ACK,14
2.40555e+06,11,QOSDATA_TID6,1066
2.40573e+06,20,ACK,14
2.40578e+06,11,CTL,20
2.40586e+06,17,RTS,20
2.40586e+06,10,RTS,20
2.40593e+06,20,CTS,14
2.40599e+06,17,QOSDATA_TID6,1066
2.40618e+06,20,ACK,14
2.40622e+06,17,CTL,20
2.4063e+06,18,RTS,20
2.40637e+06,20,CTS,14
2.40643e+06,18,QOSDATA_TID6,1066
2.40662e+06,20,ACK,14
2.40666e+06,18,CTL,20
2.40675e+06,1,RTS,20
2.40682e+06,20,CTS,14
2.40688e+06,1,QOSDATA_TID6,1066
2.40706e+06,20,ACK,14
2.4071e+06,1,QOSDATA_TID6,1066
2.40729e+06,20,ACK,14
2.40733e+06,1,CTL,20
2.40742e+06,8,RTS,20
2.40742e+06,19,RTS,20
2.40742e+06,4,RTS,20
2.40742e+06,2,RTS,20
2.40752e+06,6,RTS,20
2.40752e+06,14,RTS,20
2.40763e+06,4,RTS,20
2.4077e+06,20,CTS,14
2.40776e+06,4,QOSDATA_TID6,1066
2.40794e+06,20,ACK,14
2.40799e+06,4,QOSDATA_TID6,1066
2.40817e+06,20,ACK,14
2.40822e+06,4,QOSDATA_TID6,1066
2.4084e+06,20,ACK,14
2.40844e+06,4,CTL,20
2.40853e+06,7,RTS,20
2.40853e+06,12,RTS,20
2.4086e+06,20,CTS,14
2.40866e+06,12,QOSDATA_TID6,1066
2.40884e+06,20,ACK,14
2.40889e+06,12,CTL,20
2.40898e+06,16,RTS,20
2.40898e+06,3,RTS,20
2.40911e+06,19,RTS,20
2.40917e+06,20,CTS,14
2.40923e+06,19,QOSDATA_TID6,1066
2.40942e+06,20,ACK,14
2.40946e+06,19,CTL,20
2.40956e+06,16,RTS,20
2.40956e+06,14,RTS,20
2.40966e+06,13,RTS,20
2.40972e+06,20,CTS,14
2.40978e+06,13,QOSDATA_TID6,1066
2.40997e+06,20,ACK,14
2.41001e+06,13,CTL,20
2.4101e+06,16,RTS,20
2.4101e+06,3,RTS,20
2.4101e+06,9,RTS,20
2.4102e+06,2,RTS,20
2.4102e+06,10,RTS,20
2.41027e+06,20,CTS,14
2.41033e+06,2,QOSDATA_TID6,1066
2.41052e+06,20,ACK,14
2.41056e+06,2,CTL,20
2.41065e+06,6,RTS,20
2.41065e+06,14,RTS,20
2.41074e+06,12,RTS,20
2.41081e+06,20,CTS,14
2.41087e+06,12,QOSDATA_TID6,1066
2.41106e+06,20,ACK,14
2.4111e+06,12,CTL,20
2.41119e+06,1,RTS,20
2.41119e+06,19,RTS,20
2.41128e+06,8,RTS,20
2.41128e+06,16,RTS,20
2.41128e+06,0,RTS,20
2.41138e+06,9,RTS,20
2.41145e+06,20,CTS,14
2.41151e+06,9,QOSDATA_TID6,1066
2.41169e+06,20,ACK,14
2.41174e+06,9,CTL,20
2.41182e+06,1,RTS,20
2.41182e+06,0,RTS,20
2.41182e+06,7,RTS,20
2.41194e+06,3,RTS,20
2.41201e+06,20,CTS,14
2.41207e+06,3,QOSDATA_TID6,1066
2.41225e+06,20,ACK,14
2.4123e+06,3,QOSDATA_TID6,1066
2.41248e+06,20,ACK,14
2.41252e+06,3,QOSDATA_TID6,1066
2.41271e+06,20,ACK,14
2.41275e+06,3,CTL,20
2.41284e+06,4,RTS,20
2.41284e+06,15,RTS,20
2.41291e+06,20,CTS,14
2.41297e+06,15,QOSDATA_TID6,1066
2.41315e+06,20,ACK,14
2.41319e+06,15,CTL,20
2.41328e+06,5,RTS,20
2.41328e+06,2,RTS,20
2.41335e+06,20,CTS,14
2.41341e+06,5,QOSDATA_TID6,1066
2.41359e+06,20,ACK,14
2.41364e+06,5,CTL,20
2.41373e+06,2,RTS,20
2.41373e+06,11,RTS,20
2.41385e+06,19,RTS,20
2.41392e+06,20,CTS,14
2.41398e+06,19,QOSDATA_TID6,1066
2.41416e+06,20,ACK,14
2.4142e+06,19,CTL,20
2.41429e+06,2,RTS,20
2.41429e+06,18,RTS,20
2.41429e+06,14,RTS,20
2.4144e+06,8,RTS,20
2.41446e+06,20,CTS,14
2.41452e+06,8,QOSDATA_TID6,1066
2.41471e+06,20,ACK,14
2.41475e+06,8,QOSDATA_TID6,1066
2.41494e+06,20,ACK,14
2.41498e+06,8,CTL,20
2.41507e+06,17,RTS,20
2.41507e+06,16,RTS,20
2.41514e+06,20,CTS,14
2.4152e+06,17,QOSDATA_TID6,1066
2.41538e+06,20,ACK,14
2.41542e+06,17,CTL,20
2.41552e+06,11,RTS,20
2.41552e+06,4,RTS,20
2.41562e+06,7,RTS,20
2.41562e+06,2,RTS,20
2.41562e+06,0,CTS,14
2.41575e+06,0,RTS,20
2.41582e+06,20,CTS,14
2.41588e+06,0,QOSDATA_TID6,1066
2.41606e+06,20,ACK,14
2.4161e+06,0,CTL,20
2.41619e+06,1,RTS,20
2.41626e+06,20,CTS,14
2.41632e+06,1,QOSDATA_TID6,1066
2.4165e+06,20,ACK,14
2.41654e+06,1,CTL,20
2.41663e+06,16,RTS,20
2.41663e+06,10,RTS,20
2.41674e+06,14,RTS,20
2.41681e+06,20,CTS,14
2.41687e+06,14,QOSDATA_TID6,1066
2.41705e+06,20,ACK,14
2.41709e+06,14,QOSDATA_TID6,1066
2.41728e+06,20,ACK,14
2.41732e+06,14,CTL,20
2.41742e+06,6,RTS,20
2.41742e+06,0,RTS,20
2.41742e+06,2,RTS,20
2.41753e+06,18,RTS,20
2.41753e+06,10,RTS,20
2.41763e+06,13,RTS,20
2.4177e+06,20,CTS,14
2.41776e+06,13,QOSDATA_TID6,1066
2.41794e+06,20,ACK,14
2.41799e+06,13,CTL,20
2.41807e+06,2,RTS,20
2.41807e+06,10,RTS,20
2.41814e+06,20,CTS,14
2.4182e+06,2,QOSDATA_TID6,1066
2.41838e+06,20,ACK,14
2.41843e+06,2,CTL,20
2.41852e+06,0,RTS,20
2.41852e+06,7,RTS,20
2.41852e+06,4,RTS,20
2.41861e+06,9,RTS,20
2.41868e+06,20,CTS,14
2.41874e+06,9,QOSDATA_TID6,1066
2.41892e+06,20,ACK,14
2.41897e+06,9,CTL,20
2.41906e+06,19,RTS,20
2.41912e+06,20,CTS,14
2.41918e+06,19,QOSDATA_TID6,1066
2.41937e+06,20,ACK,14
2.41941e+06,19,CTL,20
2.4195e+06,1,RTS,20
2.4195e+06,12,RTS,20
2.4195e+06,3,RTS,20
2.4195e+06,7,RTS,20
2.4195e+06,4,RTS,20
2.4196e+06,17,RTS,20
2.4196e+06,11,RTS,20
2.4196e+06,16,RTS,20
2.41967e+06,20,CTS,14
2.41973e+06,17,QOSDATA_TID6,1066
2.41992e+06,20,ACK,14
2.41996e+06,17,CTL,20
2.42005e+06,6,RTS,20
2.42011e+06,20,CTS,14
2.42017e+06,6,QOSDATA_TID6,1066
2.42036e+06,20,ACK,14
2.4204e+06,6,QOSDATA_TID6,1066
2.42059e+06,20,ACK,14
2.42063e+06,6,QOSDATA_TID6,1066
2.42081e+06,20,ACK,14
2.42086e+06,6,CTL,20
2.42094e+06,0,CTS,14
2.42102e+06,0,RTS,20
2.42109e+06,20,CTS,14
2.42115e+06,0,QOSDATA_TID6,1066
2.42133e+06,20,ACK,14
2.42138e+06,0,CTL,20
2.42146e+06,2,RTS,20
2.42146e+06,10,RTS,20
2.42153e+06,20,CTS,14
2.42159e+06,2,QOSDATA_TID6,1066
2.42178e+06,20,ACK,14
2.42182e+06,2,CTL,20
2.42191e+06,18,RTS,20
2.42191e+06,15,RTS,20
2.422e+06,5,RTS,20
2.42207e+06,20,CTS,14
2.42213e+06,5,QOSDATA_TID6,1066
2.42232e+06,20,ACK,14
2.42236e+06,5,CTL,20
2.42246e+06,1,RTS,20
2.42246e+06,12,RTS,20
2.42252e+06,20,CTS,14
2.42258e+06,12,QOSDATA_TID6,1066
2.42277e+06,20,ACK,14
2.42281e+06,12,CTL,20
2.4229e+06,1,RTS,20
2.4229e+06,18,RTS,20
2.42297e+06,20,CTS,14
2.42303e+06,1,QOSDATA_TID6,1066
2.42321e+06,20,ACK,14
2.42325e+06,1,CTL,20
2.42334e+06,14,RTS,20
2.42341e+06,20,CTS,14
2.42347e+06,14,QOSDATA_TID6,1066
2.42365e+06,20,ACK,14
2.4237e+06,14,CTL,20
2.42378e+06,18,RTS,20
2.42378e+06,10,RTS,20
2.42378e+06,11,RTS,20
2.42378e+06,16,RTS,20
2.42388e+06,15,RTS,20
2.42395e+06,20,CTS,14
2.42401e+06,15,QOSDATA_TID6,1066
2.42419e+06,20,ACK,14
2.42424e+06,15,CTL,20
2.42432e+06,7,RTS,20
2.42432e+06,8,RTS,20
2.42432e+06,18,RTS,20
2.42432e+06,4,RTS,20
2.42432e+06,3,RTS,20
2.42447e+06,11,RTS,20
2.42454e+06,20,CTS,14
2.4246e+06,11,QOSDATA_TID6,1066
2.42479e+06,20,ACK,14
2.42483e+06,11,QOSDATA_TID6,1066
2.42501e+06,20,ACK,14
2.42506e+06,11,CTL,20
2.42514e+06,0,RTS,20
2.42521e+06,20,CTS,14
2.42527e+06,0,QOSDATA_TID6,1066
2.42546e+06,20,ACK,14
2.4255e+06,0,CTL,20
2.42559e+06,18,RTS,20
2.42559e+06,4,RTS,20
2.42565e+06,20,CTS,14
2.42571e+06,18,QOSDATA_TID6,1066
2.4259e+06,20,ACK,14
2.42594e+06,18,QOSDATA_TID6,1066
2.42613e+06,20,ACK,14
2.42617e+06,18,CTL,20
2.42626e+06,9,RTS,20
2.42632e+06,20,CTS,14
2.42638e+06,9,QOSDATA_TID6,1066
2.42657e+06,20,ACK,14
2.42661e+06,9,CTL,20
2.42671e+06,3,RTS,20
2.42671e+06,10,RTS,20
2.42671e+06,12,RTS,20
2.42678e+06,20,CTS,14
2.42684e+06,12,QOSDATA_TID6,1066
2.42702e+06,20,ACK,14
2.42706e+06,12,CTL,20
2.42716e+06,11,RTS,20
2.42716e+06,3,RTS,20
2.42726e+06,19,RTS,20
2.42733e+06,20,CTS,14
2.42739e+06,19,QOSDATA_TID6,1066
2.42758e+06,20,ACK,14
2.42762e+06,19,CTL,20
2.42772e+06,6,RTS,20
2.42778e+06,20,CTS,14
2.42784e+06,6,QOSDATA_TID6,1066
2.42803e+06,20,ACK,14
2.42807e+06,6,CTL,20
2.42816e+06,7,RTS,20
2.42816e+06,8,RTS,20
2.42816e+06,13,RTS,20
2.42826e+06,4,RTS,20
2.42832e+06,20,CTS,14
2.42838e+06,4,QOSDATA_TID6,1066
2.42857e+06,20,ACK,14
2.42861e+06,4,QOSDATA_TID6,1066
2.4288e+06,20,ACK,14
2.42884e+06,4,QOSDATA_TID6,1066
2.42902e+06,20,ACK,14
2.42907e+06,4,CTL,20
2.42915e+06,16,RTS,20
2.42915e+06,8,RTS,20
2.42922e+06,20,CTS,14
2.42928e+06,8,QOSDATA_TID6,1066
2.42947e+06,20,ACK,14
2.42951e+06,8,CTL,20
2.4296e+06,17,RTS,20
2.4296e+06,1,RTS,20
2.4296e+06,5,RTS,20
2.4297e+06,7,RTS,20
2.4297e+06,10,RTS,20
2.42977e+06,20,CTS,14
2.42983e+06,7,QOSDATA_TID6,1066
2.43002e+06,20,ACK,14
2.43006e+06,7,QOSDATA_TID6,1066
2.43024e+06,20,ACK,14
2.43029e+06,7,QOSDATA_TID6,1066
2.43047e+06,20,ACK,14
2.43052e+06,7,CTL,20
2.4306e+06,18,RTS,20
2.43067e+06,20,CTS,14
2.43073e+06,18,QOSDATA_TID6,1066
2.43091e+06,20,ACK,14
2.43096e+06,18,CTL,20
2.43104e+06,2,RTS,20
2.43104e+06,11,RTS,20
2.43114e+06,15,RTS,20
2.43114e+06,14,RTS,20
2.43125e+06,3,RTS,20
2.43125e+06,16,RTS,20
2.43125e+06,8,RTS,20
2.43132e+06,20,CTS,14
2.43138e+06,8,QOSDATA_TID6,1066
2.43156e+06,20,ACK,14
2.43161e+06,8,CTL,20
2.4317e+06,16,RTS,20
2.4317e+06,3,RTS,20
2.43179e+06,15,RTS,20
2.43186e+06,20,CTS,14
2.43192e+06,15,QOSDATA_TID6,1066
2.4321e+06,20,ACK,14
2.43215e+06,15,CTL,20
2.43224e+06,3,RTS,20
2.4323e+06,20,CTS,14
2.43236e+06,3,QOSDATA_TID6,1066
2.43255e+06,20,ACK,14
2.43259e+06,3,QOSDATA_TID6,1066
2.43278e+06,20,ACK,14
2.43282e+06,3,CTL,20
2.4329e+06,5,RTS,20
2.4329e+06,16,RTS,20
2.43297e+06,20,CTS,14
2.43303e+06,5,QOSDATA_TID6,1066
2.43322e+06,20,ACK,14
2.43326e+06,5,CTL,20
2.43336e+06,17,RTS,20
2.43336e+06,10,RTS,20
2.43336e+06,13,RTS,20
2.43342e+06,20,CTS,14
2.43348e+06,17,QOSDATA_TID6,1066
2.43367e+06,20,ACK,14
2.43371e+06,17,CTL,20
2.43382e+06,11,RTS,20
2.43382e+06,2,RTS,20
2.43382e+06,0,RTS,20
2.43394e+06,13,RTS,20
2.43401e+06,20,CTS,14
2.43407e+06,13,QOSDATA_TID6,1066
2.43425e+06,20,ACK,14
2.4343e+06,13,QOSDATA_TID6,1066
2.43448e+06,20,ACK,14
2.43452e+06,13,CTL,20
2.43462e+06,0,RTS,20
2.43469e+06,20,CTS,14
2.43475e+06,0,QOSDATA_TID6,1066
2.43493e+06,20,ACK,14
2.43498e+06,0,CTL,20
2.43507e+06,6,RTS,20
2.43507e+06,2,RTS,20
2.43507e+06,12,RTS,20
2.43507e+06,3,RTS,20
2.43507e+06,7,RTS,20
2.43507e+06,9,RTS,20
2.43519e+06,19,RTS,20
2.43526e+06,20,CTS,14
2.43532e+06,19,QOSDATA_TID6,1066
2.4355e+06,20,ACK,14
2.43554e+06,19,CTL,20
2.43563e+06,1,RTS,20
2.43563e+06,11,RTS,20
2.43563e+06,16,RTS,20
2.43563e+06,2,RTS,20
2.43563e+06,10,RTS,20
2.43574e+06,12,RTS,20
2.43581e+06,20,CTS,14
2.43587e+06,12,QOSDATA_TID6,1066
2.43606e+06,20,ACK,14
2.4361e+06,12,CTL,20
2.43619e+06,6,RTS,20
2.43619e+06,14,RTS,20
2.43629e+06,5,RTS,20
2.43629e+06,17,RTS,20
2.43629e+06,16,RTS,20
2.43639e+06,1,RTS,20
2.43646e+06,20,CTS,14
2.43652e+06,1,QOSDATA_TID6,1066
2.4367e+06,20,ACK,14
2.43675e+06,1,QOSDATA_TID6,1066
2.43693e+06,20,ACK,14
2.43698e+06,1,CTL,20
2.43706e+06,3,RTS,20
2.43706e+06,9,RTS,20
2.43717e+06,10,RTS,20
2.43717e+06,6,RTS,20
2.43717e+06,4,RTS,20
2.43717e+06,15,RTS,20
2.43717e+06,14,RTS,20
2.43728e+06,7,RTS,20
2.43735e+06,20,CTS,14
2.43741e+06,7,QOSDATA_TID6,1066
2.4376e+06,20,ACK,14
2.43764e+06,7,CTL,20
2.43773e+06,5,RTS,20
2.4378e+06,20,CTS,14
2.43786e+06,5,QOSDATA_TID6,1066
2.43804e+06,20,ACK,14
2.43808e+06,5,CTL,20
2.43817e+06,10,RTS,20
2.43824e+06,20,CTS,14
2.4383e+06,10,QOSDATA_TID6,1066
2.43848e+06,20,ACK,14
2.43852e+06,10,QOSDATA_TID6,1066
2.43871e+06,20,ACK,14
2.43875e+06,10,QOSDATA_TID6,1066
2.43894e+06,20,ACK,14
2.43898e+06,10,QOSDATA_TID6,1066
2.43917e+06,20,ACK,14
2.43921e+06,10,CTL,20
2.4393e+06,3,RTS,20
2.4393e+06,6,RTS,20
2.4393e+06,11,RTS,20
2.4394e+06,18,RTS,20
2.43947e+06,20,CTS,14
2.43953e+06,18,QOSDATA_TID6,1066
2.43972e+06,20,ACK,14
2.43976e+06,18,CTL,20
2.43985e+06,2,RTS,20
2.43985e+06,9,RTS,20
2.43985e+06,17,RTS,20
2.43985e+06,14,RTS,20
2.43985e+06,16,RTS,20
2.43998e+06,16,RTS,20
2.44005e+06,20,CTS,14
2.44011e+06,16,QOSDATA_TID6,1066
2.4403e+06,20,ACK,14
2.44034e+06,16,QOSDATA_TID6,1066
2.44052e+06,20,ACK,14
2.44057e+06,16,QOSDATA_TID6,1066
2.44075e+06,20,ACK,14
2.4408e+06,16,QOSDATA_TID6,1066
2.44098e+06,20,ACK,14
2.44102e+06,16,QOSDATA_TID6,1066
2.44121e+06,20,ACK,14
2.44125e+06,16,CTL,20
2.44134e+06,9,RTS,20
2.44134e+06,14,RTS,20
2.44146e+06,4,RTS,20
2.44152e+06,20,CTS,14
2.44158e+06,4,QOSDATA_TID6,1066
2.44177e+06,20,ACK,14
2.44181e+06,4,CTL,20
2.4419e+06,11,RTS,20
2.4419e+06,17,RTS,20
2.4419e+06,13,RTS,20
2.44196e+06,20,CTS,14
2.44202e+06,17,QOSDATA_TID6,1066
2.44221e+06,20,ACK,14
2.44225e+06,17,CTL,20
2.44235e+06,0,RTS,20
2.44235e+06,9,RTS,20
2.44235e+06,13,RTS,20
2.44235e+06,6,RTS,20
2.44235e+06,14,RTS,20
2.44245e+06,12,RTS,20
2.44251e+06,20,CTS,14
2.44257e+06,12,QOSDATA_TID6,1066
2.44276e+06,20,ACK,14
2.4428e+06,12,CTL,20
2.44289e+06,8,RTS,20
2.44289e+06,11,RTS,20
2.44289e+06,14,RTS,20
2.44296e+06,20,CTS,14
2.44302e+06,8,QOSDATA_TID6,1066
2.4432e+06,20,ACK,14
2.44324e+06,8,CTL,20
2.44333e+06,11,RTS,20
2.4434e+06,20,CTS,14
2.44346e+06,11,QOSDATA_TID6,1066
2.44364e+06,20,ACK,14
2.44369e+06,11,QOSDATA_TID6,1066
2.44387e+06,20,ACK,14
2.44391e+06,11,CTL,20
2.444e+06,7,RTS,20
2.444e+06,19,RTS,20
2.4441e+06,6,RTS,20
2.44417e+06,20,CTS,14
2.44423e+06,6,QOSDATA_TID6,1066
2.44441e+06,20,ACK,14
2.44445e+06,6,QOSDATA_TID6,1066
2.44464e+06,20,ACK,14
2.44468e+06,6,CTL,20
2.44478e+06,15,RTS,20
2.44478e+06,2,RTS,20
2.44478e+06,17,RTS,20
2.44491e+06,17,RTS,20
2.44491e+06,7,RTS,20
2.44491e+06,0,RTS,20
2.44504e+06,15,RTS,20
2.44504e+06,9,RTS,20
2.44504e+06,4,RTS,20
2.44515e+06,1,RTS,20
2.44515e+06,5,RTS,20
2.44522e+06,20,CTS,14
2.44528e+06,5,QOSDATA_TID6,1066
2.44546e+06,20,ACK,14
2.44551e+06,5,CTL,20
2.44559e+06,0,CTS,14
2.44567e+06,0,RTS,20
2.44574e+06,20,CTS,14
2.4458e+06,0,QOSDATA_TID6,1066
2.44598e+06,20,ACK,14
2.44603e+06,0,CTL,20
2.44611e+06,15,RTS,20
2.44611e+06,7,RTS,20
2.44622e+06,10,RTS,20
2.44629e+06,20,CTS,14
2.44635e+06,10,QOSDATA_TID6,1066
2.44653e+06,20,ACK,14
2.44658e+06,10,CTL,20
2.44666e+06,9,RTS,20
2.44666e+06,8,RTS,20
2.44666e+06,13,RTS,20
2.44673e+06,20,CTS,14
2.44679e+06,8,QOSDATA_TID6,1066
2.44698e+06,20,ACK,14
2.44702e+06,8,CTL,20
2.44711e+06,18,RTS,20
2.44717e+06,20,CTS,14
2.44723e+06,18,QOSDATA_TID6,1066
2.44742e+06,20,ACK,14
2.44746e+06,18,CTL,20
2.44755e+06,17,RTS,20
2.44755e+06,4,RTS,20
2.44762e+06,20,CTS,14
2.44768e+06,17,QOSDATA_TID6,1066
2.44786e+06,20,ACK,14
2.4479e+06,17,CTL,20
2.44799e+06,13,RTS,20
2.44806e+06,20,CTS,14
2.44812e+06,13,QOSDATA_TID6,1066
2.4483e+06,20,ACK,14
2.44835e+06,13,CTL,20
2.44843e+06,7,RTS,20
2.44843e+06,1,RTS,20
2.44843e+06,2,RTS,20
2.44843e+06,3,RTS,20
2.44843e+06,9,RTS,20
2.44853e+06,16,RTS,20
2.4486e+06,20,CTS,14
2.44866e+06,16,QOSDATA_TID6,1066
2.44884e+06,20,ACK,14
2.44889e+06,16,CTL,20
2.44897e+06,4,RTS,20
2.44897e+06,15,RTS,20
2.44904e+06,20,CTS,14
2.4491e+06,15,QOSDATA_TID6,1066
2.44928e+06,20,ACK,14
2.44933e+06,15,QOSDATA_TID6,1066
2.44951e+06,20,ACK,14
2.44956e+06,15,CTL,20
2.44964e+06,0,RTS,20
2.44971e+06,20,CTS,14
2.44977e+06,0,QOSDATA_TID6,1066
2.44995e+06,20,ACK,14
2.45e+06,0,CTL,20
2.45008e+06,14,RTS,20
2.45015e+06,20,CTS,14
2.45021e+06,14,QOSDATA_TID6,1066
2.4504e+06,20,ACK,14
2.45044e+06,14,QOSDATA_TID6,1066
2.45062e+06,20,ACK,14
2.45067e+06,14,CTL,20
2.45075e+06,19,RTS,20
2.45082e+06,20,CTS,14
2.45088e+06,19,QOSDATA_TID6,1066
2.45107e+06,20,ACK,14
2.45111e+06,19,QOSDATA_TID6,1066
2.45129e+06,20,ACK,14
2.45134e+06,19,CTL,20
2.45142e+06,11,RTS,20
2.45142e+06,3,RTS,20
2.45142e+06,7,RTS,20
2.45142e+06,9,RTS,20
2.45142e+06,13,RTS,20
2.45153e+06,6,RTS,20
2.4516e+06,20,CTS,14
2.45166e+06,6,QOSDATA_TID6,1066
2.45184e+06,20,ACK,14
2.45189e+06,6,CTL,20
2.45197e+06,17,RTS,20
2.45197e+06,1,RTS,20
2.45197e+06,13,RTS,20
2.45207e+06,2,RTS,20
2.45214e+06,20,CTS,14
2.4522e+06,2,QOSDATA_TID6,1066
2.45238e+06,20,ACK,14
2.45243e+06,2,QOSDATA_TID6,1066
2.45261e+06,20,ACK,14
2.45266e+06,2,QOSDATA_TID6,1066
2.45284e+06,20,ACK,14
2.45288e+06,2,CTL,20
2.45297e+06,3,RTS,20
2.45297e+06,10,RTS,20
2.45297e+06,12,RTS,20
2.45297e+06,15,RTS,20
2.45297e+06,4,RTS,20
2.45304e+06,20,CTS,14
2.4531e+06,12,QOSDATA_TID6,1066
2.45328e+06,20,ACK,14
2.45332e+06,12,CTL,20
2.45341e+06,15,RTS,20
2.45348e+06,20,CTS,14
2.45354e+06,15,QOSDATA_TID6,1066
2.45372e+06,20,ACK,14
2.45377e+06,15,CTL,20
2.45385e+06,17,RTS,20
2.45385e+06,1,RTS,20
2.45396e+06,9,RTS,20
2.45396e+06,13,RTS,20
2.45396e+06,10,RTS,20
2.45406e+06,17,RTS,20
2.45413e+06,20,CTS,14
2.45419e+06,17,QOSDATA_TID6,1066
2.45437e+06,20,ACK,14
2.45442e+06,17,CTL,20
2.4545e+06,11,RTS,20
2.4545e+06,9,RTS,20
2.4545e+06,10,RTS,20
2.4546e+06,5,RTS,20
2.45467e+06,20,CTS,14
2.45473e+06,5,QOSDATA_TID6,1066
2.45491e+06,20,ACK,14
2.45496e+06,5,CTL,20
2.45504e+06,8,RTS,20
2.45511e+06,20,CTS,14
2.45517e+06,8,QOSDATA_TID6,1066
2.45535e+06,20,ACK,14
2.4554e+06,8,CTL,20
2.45548e+06,18,RTS,20
2.45548e+06,13,RTS,20
2.45558e+06,1,RTS,20
2.45565e+06,20,CTS,14
2.45571e+06,1,QOSDATA_TID6,1066
2.45589e+06,20,ACK,14
2.45594e+06,1,QOSDATA_TID6,1066
2.45612e+06,20,ACK,14
2.45616e+06,1,CTL,20
2.45625e+06,14,RTS,20
2.45632e+06,20,CTS,14
2.45638e+06,14,QOSDATA_TID6,1066
2.45656e+06,20,ACK,14
2.45661e+06,14,CTL,20
2.4567e+06,7,RTS,20
2.4567e+06,16,RTS,20
2.4567e+06,4,RTS,20
2.45677e+06,20,CTS,14
2.45683e+06,7,QOSDATA_TID6,1066
2.45701e+06,20,ACK,14
2.45706e+06,7,QOSDATA_TID6,1066
2.45724e+06,20,ACK,14
2.45729e+06,7,CTL,20
2.45737e+06,10,RTS,20
2.45744e+06,20,CTS,14
2.4575e+06,10,QOSDATA_TID6,1066
2.45768e+06,20,ACK,14
2.45773e+06,10,CTL,20
2.45782e+06,9,RTS,20
2.45782e+06,0,RTS,20
2.45782e+06,7,RTS,20
2.45782e+06,4,RTS,20
2.45797e+06,0,RTS,20
2.45804e+06,20,CTS,14
2.4581e+06,0,QOSDATA_TID6,1066
2.45828e+06,20,ACK,14
2.45833e+06,0,CTL,20
2.45842e+06,9,RTS,20
2.45842e+06,4,RTS,20
2.45858e+06,9,RTS,20
2.45865e+06,20,CTS,14
2.45871e+06,9,QOSDATA_TID6,1066
2.45889e+06,20,ACK,14
2.45894e+06,9,QOSDATA_TID6,1066
2.45912e+06,20,ACK,14
2.45916e+06,9,QOSDATA_TID6,1066
2.45935e+06,20,ACK,14
2.45939e+06,9,CTL,20
2.45948e+06,6,RTS,20
2.45955e+06,20,CTS,14
2.45961e+06,6,QOSDATA_TID6,1066
2.45979e+06,20,ACK,14
2.45984e+06,6,CTL,20
2.45993e+06,3,RTS,20
2.45993e+06,1,RTS,20
2.45993e+06,19,RTS,20
2.45993e+06,11,RTS,20
2.45993e+06,4,RTS,20
2.46003e+06,12,RTS,20
2.46003e+06,17,RTS,20
2.46003e+06,18,RTS,20
2.46013e+06,11,RTS,20
2.46013e+06,4,RTS,20
2.46022e+06,3,RTS,20
2.46022e+06,18,RTS,20
2.46032e+06,16,RTS,20
2.46032e+06,13,RTS,20
2.46033e+06,12,RTS,20
2.46039e+06,20,CTS,14
2.46045e+06,12,QOSDATA_TID6,1066
2.46064e+06,20,ACK,14
2.46068e+06,12,CTL,20
2.46077e+06,16,RTS,20
2.46077e+06,3,RTS,20
2.46088e+06,5,RTS,20
2.46094e+06,20,CTS,14
2.461e+06,5,QOSDATA_TID6,1066
2.46119e+06,20,ACK,14
2.46123e+06,5,CTL,20
2.46132e+06,15,RTS,20
2.46138e+06,20,CTS,14
2.46144e+06,15,QOSDATA_TID6,1066
2.46163e+06,20,ACK,14
2.46167e+06,15,CTL,20
2.46176e+06,18,RTS,20
2.46176e+06,3,RTS,20
2.46187e+06,2,RTS,20
2.46187e+06,17,RTS,20
2.46187e+06,7,RTS,20
2.46196e+06,16,RTS,20
2.46203e+06,20,CTS,14
2.46209e+06,16,QOSDATA_TID6,1066
2.46228e+06,20,ACK,14
2.46232e+06,16,CTL,20
2.46241e+06,18,RTS,20
2.46248e+06,20,CTS,14
2.46254e+06,18,QOSDATA_TID6,1066
2.46272e+06,20,ACK,14
2.46276e+06,18,QOSDATA_TID6,1066
2.46295e+06,20,ACK,14
2.46299e+06,18,CTL,20
2.46309e+06,10,RTS,20
2.46309e+06,3,RTS,20
2.46309e+06,11,RTS,20
2.46319e+06,14,RTS,20
2.46326e+06,20,CTS,14
2.46332e+06,14,QOSDATA_TID6,1066
2.4635e+06,20,ACK,14
2.46355e+06,14,CTL,20
2.46364e+06,19,RTS,20
2.4637e+06,20,CTS,14
2.46376e+06,19,QOSDATA_TID6,1066
2.46395e+06,20,ACK,14
2.46399e+06,19,CTL,20
2.46408e+06,2,RTS,20
2.46414e+06,20,CTS,14
2.4642e+06,2,QOSDATA_TID6,1066
2.46439e+06,20,ACK,14
2.46443e+06,2,CTL,20
2.46452e+06,7,RTS,20
2.46452e+06,16,RTS,20
2.46452e+06,13,RTS,20
2.46463e+06,8,RTS,20
2.46463e+06,17,RTS,20
2.46472e+06,10,RTS,20
2.46479e+06,20,CTS,14
2.46485e+06,10,QOSDATA_TID6,1066
2.46504e+06,20,ACK,14
2.46508e+06,10,CTL,20
2.46517e+06,0,RTS,20
2.46517e+06,1,RTS,20
2.46517e+06,4,RTS,20
2.46528e+06,7,RTS,20
2.46528e+06,3,RTS,20
2.46535e+06,20,CTS,14
2.46541e+06,7,QOSDATA_TID6,1066
2.46559e+06,20,ACK,14
2.46564e+06,7,QOSDATA_TID6,1066
2.46582e+06,20,ACK,14
2.46587e+06,7,CTL,20
2.46595e+06,9,RTS,20
2.46602e+06,20,CTS,14
2.46608e+06,9,QOSDATA_TID6,1066
2.46626e+06,20,ACK,14
2.46631e+06,9,CTL,20
2.46639e+06,17,RTS,20
2.46639e+06,12,RTS,20
2.46649e+06,16,RTS,20
2.46656e+06,20,CTS,14
2.46662e+06,16,QOSDATA_TID6,1066
2.4668e+06,20,ACK,14
2.46685e+06,16,CTL,20
2.46693e+06,11,RTS,20
2.46693e+06,3,RTS,20
2.46705e+06,19,RTS,20
2.46712e+06,20,CTS,14
2.46718e+06,19,QOSDATA_TID6,1066
2.46736e+06,20,ACK,14
2.46741e+06,19,CTL,20
2.46749e+06,0,RTS,20
2.46749e+06,6,RTS,20
2.4676e+06,1,RTS,20
2.46767e+06,20,CTS,14
2.46773e+06,1,QOSDATA_TID6,1066
2.46791e+06,20,ACK,14
2.46796e+06,1,QOSDATA_TID6,1066
2.46814e+06,20,ACK,14
2.46818e+06,1,CTL,20
2.46827e+06,4,RTS,20
2.46827e+06,6,RTS,20
2.46834e+06,20,CTS,14
2.4684e+06,6,QOSDATA_TID6,1066
2.46858e+06,20,ACK,14
2.46862e+06,6,CTL,20
2.46871e+06,2,RTS,20
2.46878e+06,20,CTS,14
2.46884e+06,2,QOSDATA_TID6,1066
2.46902e+06,20,ACK,14
2.46907e+06,2,CTL,20
2.46915e+06,3,RTS,20
2.46915e+06,5,RTS,20
2.46915e+06,13,RTS,20
2.46922e+06,20,CTS,14
2.46928e+06,5,QOSDATA_TID6,1066
2.46946e+06,20,ACK,14
2.46951e+06,5,CTL,20
2.4696e+06,4,RTS,20
2.46966e+06,20,CTS,14
2.46972e+06,4,QOSDATA_TID6,1066
2.46991e+06,20,ACK,14
2.46995e+06,4,QOSDATA_TID6,1066
2.47014e+06,20,ACK,14
2.47018e+06,4,QOSDATA_TID6,1066
2.47036e+06,20,ACK,14
2.47041e+06,4,CTL,20
2.47049e+06,8,RTS,20
2.47049e+06,10,RTS,20
2.47056e+06,20,CTS,14
2.47062e+06,8,QOSDATA_TID6,1066
2.47081e+06,20,ACK,14
2.47085e+06,8,QOSDATA_TID6,1066
2.47103e+06,20,ACK,14
2.47108e+06,8,CTL,20
2.47116e+06,15,RTS,20
2.47123e+06,20,CTS,14
2.47129e+06,15,QOSDATA_TID6,1066
2.47148e+06,20,ACK,14
2.47152e+06,15,CTL,20
2.47161e+06,13,RTS,20
2.47161e+06,17,RTS,20
2.47161e+06,18,RTS,20
2.47161e+06,11,RTS,20
2.47167e+06,20,CTS,14
2.47173e+06,17,QOSDATA_TID6,1066
2.47192e+06,20,ACK,14
2.47196e+06,17,QOSDATA_TID6,1066
2.47215e+06,20,ACK,14
2.47219e+06,17,CTL,20
2.47228e+06,12,RTS,20
2.47228e+06,3,RTS,20
2.47228e+06,0,CTS,14
2.47228e+06,14,RTS,20
2.47243e+06,14,RTS,20
2.47243e+06,0,RTS,20
2.4725e+06,20,CTS,14
2.47256e+06,0,QOSDATA_TID6,1066
2.47275e+06,20,ACK,14
2.47279e+06,0,CTL,20
2.47288e+06,13,RTS,20
2.47294e+06,20,CTS,14
2.473e+06,13,QOSDATA_TID6,1066
2.47319e+06,20,ACK,14
2.47323e+06,13,QOSDATA_TID6,1066
2.47342e+06,20,ACK,14
2.47346e+06,13,CTL,20
2.47354e+06,20,BEACON,152
2.4738e+06,16,RTS,20
2.4738e+06,9,RTS,20
2.47391e+06,0,RTS,20
2.47397e+06,20,CTS,14
2.47403e+06,0,QOSDATA_TID6,1066
2.47422e+06,20,ACK,14
2.47426e+06,0,CTL,20
2.47436e+06,14,RTS,20
2.47442e+06,20,CTS,14
2.47448e+06,14,QOSDATA_TID6,1066
2.47467e+06,20,ACK,14
2.47471e+06,14,CTL,20
2.4748e+06,13,RTS,20
2.4748e+06,12,RTS,20
2.4748e+06,10,RTS,20
2.4748e+06,16,RTS,20
2.47487e+06,20,CTS,14
2.47493e+06,12,QOSDATA_TID6,1066
2.47511e+06,20,ACK,14
2.47516e+06,12,QOSDATA_TID6,1066
2.47534e+06,20,ACK,14
2.47538e+06,12,CTL,20
2.47547e+06,17,RTS,20
2.47547e+06,16,RTS,20
2.47547e+06,13,RTS,20
2.47547e+06,6,RTS,20
2.47558e+06,7,RTS,20
2.47564e+06,20,CTS,14
2.4757e+06,7,QOSDATA_TID6,1066
2.47589e+06,20,ACK,14
2.47593e+06,7,CTL,20
2.47602e+06,3,RTS,20
2.47609e+06,20,CTS,14
2.47615e+06,3,QOSDATA_TID6,1066
2.47633e+06,20,ACK,14
2.47637e+06,3,QOSDATA_TID6,1066
2.47656e+06,20,ACK,14
2.4766e+06,3,QOSDATA_TID6,1066
2.47679e+06,20,ACK,14
2.47683e+06,3,QOSDATA_TID6,1066
2.47701e+06,20,ACK,14
2.47706e+06,3,CTL,20
2.47714e+06,5,RTS,20
2.47714e+06,19,RTS,20
2.47721e+06,20,CTS,14
2.47727e+06,5,QOSDATA_TID6,1066
2.47746e+06,20,ACK,14
2.4775e+06,5,CTL,20
2.47759e+06,9,RTS,20
2.47759e+06,10,RTS,20
2.47759e+06,15,RTS,20
2.47768e+06,19,RTS,20
2.47768e+06,11,RTS,20
2.47778e+06,6,RTS,20
2.47785e+06,20,CTS,14
2.47791e+06,6,QOSDATA_TID6,1066
2.4781e+06,20,ACK,14
2.47814e+06,6,CTL,20
2.47822e+06,9,RTS,20
2.47829e+06,20,CTS,14
2.47835e+06,9,QOSDATA_TID6,1066
2.47854e+06,20,ACK,14
2.47858e+06,9,CTL,20
2.47867e+06,2,RTS,20
2.47867e+06,8,RTS,20
2.47867e+06,1,RTS,20
2.47867e+06,4,RTS,20
2.47877e+06,11,RTS,20
2.47877e+06,17,RTS,20
2.47884e+06,20,CTS,14
2.4789e+06,17,QOSDATA_TID6,1066
2.47909e+06,20,ACK,14
2.47913e+06,17,CTL,20
2.47922e+06,1,RTS,20
2.47922e+06,4,RTS,20
2.47922e+06,18,RTS,20
2.47934e+06,13,RTS,20
2.47941e+06,20,CTS,14
2.47947e+06,13,QOSDATA_TID6,1066
2.47965e+06,20,ACK,14
2.4797e+06,13,CTL,20
2.47978e+06,15,RTS,20
2.47978e+06,14,RTS,20
2.47988e+06,1,RTS,20
2.47995e+06,20,CTS,14
2.48001e+06,1,QOSDATA_TID6,1066
2.48019e+06,20,ACK,14
2.48024e+06,1,CTL,20
2.48032e+06,2,RTS,20
2.48039e+06,20,CTS,14
2.48045e+06,2,QOSDATA_TID6,1066
2.48064e+06,20,ACK,14
2.48068e+06,2,CTL,20
2.48076e+06,18,RTS,20
2.48076e+06,14,RTS,20
2.48076e+06,15,RTS,20
2.48086e+06,8,RTS,20
2.48093e+06,20,CTS,14
2.48099e+06,8,QOSDATA_TID6,1066
2.48118e+06,20,ACK,14
2.48122e+06,8,CTL,20
2.4813e+06,19,RTS,20
2.4813e+06,11,RTS,20
2.4813e+06,16,RTS,20
2.4814e+06,0,RTS,20
2.48147e+06,20,CTS,14
2.48153e+06,0,QOSDATA_TID6,1066
2.48172e+06,20,ACK,14
2.48176e+06,0,CTL,20
2.48184e+06,7,RTS,20
2.48184e+06,16,RTS,20
2.48184e+06,4,RTS,20
2.48191e+06,20,CTS,14
2.48197e+06,7,QOSDATA_TID6,1066
2.48216e+06,20,ACK,14
2.4822e+06,7,CTL,20
2.4823e+06,11,RTS,20
2.4823e+06,9,RTS,20
2.4823e+06,10,RTS,20
2.4824e+06,19,RTS,20
2.48247e+06,20,CTS,14
2.48253e+06,19,QOSDATA_TID6,1066
2.48272e+06,20,ACK,14
2.48276e+06,19,CTL,20
2.48284e+06,11,RTS,20
2.48291e+06,20,CTS,14
2.48297e+06,11,QOSDATA_TID6,1066
2.48316e+06,20,ACK,14
2.4832e+06,11,QOSDATA_TID6,1066
2.48338e+06,20,ACK,14
2.48343e+06,11,QOSDATA_TID6,1066
2.48361e+06,20,ACK,14
2.48366e+06,11,QOSDATA_TID6,1066
2.48384e+06,20,ACK,14
2.48388e+06,11,CTL,20
2.48397e+06,17,RTS,20
2.48397e+06,15,RTS,20
2.48404e+06,20,CTS,14
2.4841e+06,17,QOSDATA_TID6,1066
2.48428e+06,20,ACK,14
2.48433e+06,17,CTL,20
2.48442e+06,5,RTS,20
2.48442e+06,12,RTS,20
2.48442e+06,16,RTS,20
2.48442e+06,3,RTS,20
2.48442e+06,13,RTS,20
2.48442e+06,6,RTS,20
2.48442e+06,10,RTS,20
2.48442e+06,14,RTS,20
2.48452e+06,1,RTS,20
2.48459e+06,20,CTS,14
2.48465e+06,1,QOSDATA_TID6,1066
2.48483e+06,20,ACK,14
2.48488e+06,1,CTL,20
2.48496e+06,19,RTS,20
2.48496e+06,5,RTS,20
2.48496e+06,2,RTS,20
2.48503e+06,20,CTS,14
2.48509e+06,5,QOSDATA_TID6,1066
2.48527e+06,20,ACK,14
2.48532e+06,5,CTL,20
2.48541e+06,3,RTS,20
2.48541e+06,15,RTS,20
2.48553e+06,12,RTS,20
2.4856e+06,20,CTS,14
2.48566e+06,12,QOSDATA_TID6,1066
2.48584e+06,20,ACK,14
2.48588e+06,12,CTL,20
2.48598e+06,16,RTS,20
2.48598e+06,4,RTS,20
2.48608e+06,2,RTS,20
2.48608e+06,9,RTS,20
2.48608e+06,18,RTS,20
2.48619e+06,15,RTS,20
2.48619e+06,4,RTS,20
2.48625e+06,20,CTS,14
2.48631e+06,15,QOSDATA_TID6,1066
2.4865e+06,20,ACK,14
2.48654e+06,15,QOSDATA_TID6,1066
2.48673e+06,20,ACK,14
2.48677e+06,15,CTL,20
2.48686e+06,6,RTS,20
2.48693e+06,20,CTS,14
2.48699e+06,6,QOSDATA_TID6,1066
2.48718e+06,20,ACK,14
2.48722e+06,6,CTL,20
2.48731e+06,10,RTS,20
2.48731e+06,8,RTS,20
2.48731e+06,13,RTS,20
2.48731e+06,4,RTS,20
2.48738e+06,20,CTS,14
2.48744e+06,8,QOSDATA_TID6,1066
2.48762e+06,20,ACK,14
2.48766e+06,8,CTL,20
2.48776e+06,18,RTS,20
2.48776e+06,14,RTS,20
2.48786e+06,16,RTS,20
2.48792e+06,20,CTS,14
2.48798e+06,16,QOSDATA_TID6,1066
2.48817e+06,20,ACK,14
2.48821e+06,16,CTL,20
2.4883e+06,18,RTS,20
2.48837e+06,20,CTS,14
2.48843e+06,18,QOSDATA_TID6,1066
2.48861e+06,20,ACK,14
2.48865e+06,18,QOSDATA_TID6,1066
2.48884e+06,20,ACK,14
2.48888e+06,18,QOSDATA_TID6,1066
2.48907e+06,20,ACK,14
2.48911e+06,18,CTL,20
2.4892e+06,0,RTS,20
2.48926e+06,20,CTS,14
2.48932e+06,0,QOSDATA_TID6,1066
2.48951e+06,20,ACK,14
2.48955e+06,0,CTL,20
2.48964e+06,14,RTS,20
2.48964e+06,3,RTS,20
2.48964e+06,19,RTS,20
2.48964e+06,16,RTS,20
2.48975e+06,13,RTS,20
2.48982e+06,20,CTS,14
2.48988e+06,13,QOSDATA_TID6,1066
2.49007e+06,20,ACK,14
2.49011e+06,13,QOSDATA_TID6,1066
2.49029e+06,20,ACK,14
2.49034e+06,13,CTL,20
2.49042e+06,7,RTS,20
2.49042e+06,16,RTS,20
2.49049e+06,20,CTS,14
2.49055e+06,7,QOSDATA_TID6,1066
2.49074e+06,20,ACK,14
2.49078e+06,7,CTL,20
2.49087e+06,2,RTS,20
2.49093e+06,20,CTS,14
2.49099e+06,2,QOSDATA_TID6,1066
2.49118e+06,20,ACK,14
2.49122e+06,2,CTL,20
2.49131e+06,10,RTS,20
2.49131e+06,12,RTS,20
2.49138e+06,20,CTS,14
2.49144e+06,12,QOSDATA_TID6,1066
2.49162e+06,20,ACK,14
2.49166e+06,12,CTL,20
2.49176e+06,1,RTS,20
2.49176e+06,19,RTS,20
2.49176e+06,4,RTS,20
2.49176e+06,9,RTS,20
2.49186e+06,17,RTS,20
2.49186e+06,6,RTS,20
2.49192e+06,20,CTS,14
2.49198e+06,17,QOSDATA_TID6,1066
2.49217e+06,20,ACK,14
2.49221e+06,17,CTL,20
2.4923e+06,5,RTS,20
2.4923e+06,4,RTS,20
2.49237e+06,20,CTS,14
2.49243e+06,5,QOSDATA_TID6,1066
2.49261e+06,20,ACK,14
2.49266e+06,5,CTL,20
2.49276e+06,11,RTS,20
2.49276e+06,16,RTS,20
2.49276e+06,15,RTS,20
2.49286e+06,2,RTS,20
2.49286e+06,19,RTS,20
2.49286e+06,4,RTS,20
2.49286e+06,9,RTS,20
2.493e+06,14,RTS,20
2.493e+06,6,RTS,20
2.493e+06,2,RTS,20
2.493e+06,4,RTS,20
2.49313e+06,4,RTS,20
2.49313e+06,1,RTS,20
2.49313e+06,19,RTS,20
2.49325e+06,9,RTS,20
2.49325e+06,6,RTS,20
2.49332e+06,20,CTS,14
2.49338e+06,6,QOSDATA_TID6,1066
2.49356e+06,20,ACK,14
2.4936e+06,6,CTL,20
2.49369e+06,16,RTS,20
2.49376e+06,20,CTS,14
2.49382e+06,16,QOSDATA_TID6,1066
2.494e+06,20,ACK,14
2.49404e+06,16,CTL,20
2.49415e+06,19,RTS,20
2.49415e+06,2,RTS,20
2.49415e+06,3,RTS,20
2.49415e+06,14,RTS,20
2.49428e+06,4,RTS,20
2.49434e+06,20,CTS,14
2.4944e+06,4,QOSDATA_TID6,1066
2.49459e+06,20,ACK,14
2.49463e+06,4,QOSDATA_TID6,1066
2.49482e+06,20,ACK,14
2.49486e+06,4,CTL,20
2.49494e+06,2,RTS,20
2.49494e+06,10,RTS,20
2.49501e+06,20,CTS,14
2.49507e+06,2,QOSDATA_TID6,1066
2.49526e+06,20,ACK,14
2.4953e+06,2,CTL,20
2.49539e+06,10,RTS,20
2.49546e+06,20,CTS,14
2.49552e+06,10,QOSDATA_TID6,1066
2.4957e+06,20,ACK,14
2.49574e+06,10,QOSDATA_TID6,1066
2.49593e+06,20,ACK,14
2.49597e+06,10,QOSDATA_TID6,1066
2.49616e+06,20,ACK,14
2.4962e+06,10,CTL,20
2.49628e+06,8,RTS,20
2.49635e+06,20,CTS,14
2.49641e+06,8,QOSDATA_TID6,1066
2.4966e+06,20,ACK,14
2.49664e+06,8,CTL,20
2.49674e+06,1,RTS,20
2.49674e+06,11,RTS,20
2.49674e+06,3,RTS,20
2.49674e+06,18,RTS,20
2.49674e+06,15,RTS,20
2.49687e+06,15,RTS,20
2.49694e+06,20,CTS,14
2.497e+06,15,QOSDATA_TID6,1066
2.49718e+06,20,ACK,14
2.49722e+06,15,CTL,20
2.49731e+06,0,RTS,20
2.49738e+06,20,CTS,14
2.49744e+06,0,QOSDATA_TID6,1066
2.49762e+06,20,ACK,14
2.49766e+06,0,CTL,20
2.49775e+06,7,RTS,20
2.49782e+06,20,CTS,14
2.49788e+06,7,QOSDATA_TID6,1066
2.49806e+06,20,ACK,14
2.49811e+06,7,CTL,20
2.49819e+06,9,RTS,20
2.49826e+06,20,CTS,14
2.49832e+06,9,QOSDATA_TID6,1066
2.4985e+06,20,ACK,14
2.49855e+06,9,QOSDATA_TID6,1066
2.49873e+06,20,ACK,14
2.49878e+06,9,QOSDATA_TID6,1066
2.49896e+06,20,ACK,14
2.499e+06,9,CTL,20
2.49909e+06,18,RTS,20
2.49909e+06,19,RTS,20
2.49909e+06,1,RTS,20
2.49909e+06,6,RTS,20
2.49909e+06,16,RTS,20
2.49909e+06,14,RTS,20
2.4992e+06,13,RTS,20
2.49927e+06,20,CTS,14
2.49933e+06,13,QOSDATA_TID6,1066
2.49951e+06,20,ACK,14
2.49955e+06,13,CTL,20
2.49964e+06,14,RTS,20
2.49964e+06,19,RTS,20
2.49964e+06,3,RTS,20
2.49976e+06,18,RTS,20
2.49983e+06,20,CTS,14
2.49989e+06,18,QOSDATA_TID6,1066
2.50008e+06,20,ACK,14
2.50012e+06,18,CTL,20
2.50022e+06,6,RTS,20
2.50022e+06,14,RTS,20
2.50022e+06,12,RTS,20
2.50028e+06,20,CTS,14
2.50034e+06,12,QOSDATA_TID6,1066
2.50053e+06,20,ACK,14
2.50057e+06,12,CTL,20
2.50066e+06,15,RTS,20
2.50066e+06,2,RTS,20
2.50076e+06,6,RTS,20
2.50076e+06,11,RTS,20
2.50076e+06,16,RTS,20
2.50086e+06,4,RTS,20
2.50093e+06,20,CTS,14
2.50099e+06,4,QOSDATA_TID6,1066
2.50118e+06,20,ACK,14
2.50122e+06,4,CTL,20
2.50131e+06,11,RTS,20
2.50137e+06,20,CTS,14
2.50143e+06,11,QOSDATA_TID6,1066
2.50162e+06,20,ACK,14
2.50166e+06,11,QOSDATA_TID6,1066
2.50185e+06,20,ACK,14
2.50189e+06,11,CTL,20
2.50198e+06,17,RTS,20
2.50198e+06,19,RTS,20
2.50198e+06,6,RTS,20
2.50198e+06,10,RTS,20
2.50207e+06,16,RTS,20
2.50214e+06,20,CTS,14
2.5022e+06,16,QOSDATA_TID6,1066
2.50239e+06,20,ACK,14
2.50243e+06,16,CTL,20
2.50252e+06,2,RTS,20
2.50252e+06,3,RTS,20
2.50258e+06,20,CTS,14
2.50264e+06,2,QOSDATA_TID6,1066
2.50283e+06,20,ACK,14
2.50287e+06,2,CTL,20
2.50296e+06,3,RTS,20
2.50296e+06,14,RTS,20
2.50309e+06,3,RTS,20
2.50316e+06,20,CTS,14
2.50322e+06,3,QOSDATA_TID6,1066
2.5034e+06,20,ACK,14
2.50344e+06,3,QOSDATA_TID6,1066
2.50363e+06,20,ACK,14
2.50367e+06,3,CTL,20
2.50377e+06,5,RTS,20
2.50377e+06,18,RTS,20
2.50377e+06,19,RTS,20
2.50377e+06,8,RTS,20
2.50387e+06,1,RTS,20
2.50387e+06,15,RTS,20
2.504e+06,10,RTS,20
2.50407e+06,20,CTS,14
2.50413e+06,10,QOSDATA_TID6,1066
2.50432e+06,20,ACK,14
2.50436e+06,10,CTL,20
2.50446e+06,18,RTS,20
2.50446e+06,19,RTS,20
2.50446e+06,17,RTS,20
2.50456e+06,8,RTS,20
2.50456e+06,1,RTS,20
2.50456e+06,14,RTS,20
2.50468e+06,16,RTS,20
2.50475e+06,20,CTS,14
2.50481e+06,16,QOSDATA_TID6,1066
2.50499e+06,20,ACK,14
2.50503e+06,16,CTL,20
2.50513e+06,19,RTS,20
2.50513e+06,0,RTS,20
2.50527e+06,0,RTS,20
2.50534e+06,20,CTS,14
2.5054e+06,0,QOSDATA_TID6,1066
2.50558e+06,20,ACK,14
2.50562e+06,0,CTL,20
2.50572e+06,9,RTS,20
2.50579e+06,20,CTS,14
2.50585e+06,9,QOSDATA_TID6,1066
2.50603e+06,20,ACK,14
2.50608e+06,9,CTL,20
2.50616e+06,18,RTS,20
2.50616e+06,1,RTS,20
2.50616e+06,13,RTS,20
2.50627e+06,7,RTS,20
2.50634e+06,20,CTS,14
2.5064e+06,7,QOSDATA_TID6,1066
2.50658e+06,20,ACK,14
2.50662e+06,7,CTL,20
2.50672e+06,5,RTS,20
2.50679e+06,20,CTS,14
2.50685e+06,5,QOSDATA_TID6,1066
2.50703e+06,20,ACK,14
2.50708e+06,5,CTL,20
2.50716e+06,17,RTS,20
2.50716e+06,19,RTS,20
2.50716e+06,12,RTS,20
2.50716e+06,3,RTS,20
2.50716e+06,18,RTS,20
2.50716e+06,14,RTS,20
2.50726e+06,8,RTS,20
2.50733e+06,20,CTS,14
2.50739e+06,8,QOSDATA_TID6,1066
2.50757e+06,20,ACK,14
2.50762e+06,8,CTL,20
2.5077e+06,11,RTS,20
2.50777e+06,20,CTS,14
2.50783e+06,11,QOSDATA_TID6,1066
2.50801e+06,20,ACK,14
2.50806e+06,11,CTL,20
2.50814e+06,1,RTS,20
2.50814e+06,13,RTS,20
2.50814e+06,15,RTS,20
2.50814e+06,14,RTS,20
2.50825e+06,6,RTS,20
2.50832e+06,20,CTS,14
2.50838e+06,6,QOSDATA_TID6,1066
2.50856e+06,20,ACK,14
2.50861e+06,6,QOSDATA_TID6,1066
2.50879e+06,20,ACK,14
2.50884e+06,6,CTL,20
2.50892e+06,3,RTS,20
2.50892e+06,4,RTS,20
2.50903e+06,5,RTS,20
2.5091e+06,20,CTS,14
2.50916e+06,5,QOSDATA_TID6,1066
2.50934e+06,20,ACK,14
2.50938e+06,5,CTL,20
2.50947e+06,1,RTS,20
2.50947e+06,15,RTS,20
2.50947e+06,14,RTS,20
2.50957e+06,2,RTS,20
2.50964e+06,20,CTS,14
2.5097e+06,2,QOSDATA_TID6,1066
2.50988e+06,20,ACK,14
2.50992e+06,2,CTL,20
2.51001e+06,18,RTS,20
2.51008e+06,20,CTS,14
2.51014e+06,18,QOSDATA_TID6,1066
2.51032e+06,20,ACK,14
2.51037e+06,18,QOSDATA_TID6,1066
2.51055e+06,20,ACK,14
2.5106e+06,18,CTL,20
2.51068e+06,10,RTS,20
2.51068e+06,19,RTS,20
2.51075e+06,20,CTS,14
2.51081e+06,19,QOSDATA_TID6,1066
2.51099e+06,20,ACK,14
2.51104e+06,19,QOSDATA_TID6,1066
2.51122e+06,20,ACK,14
2.51126e+06,19,QOSDATA_TID6,1066
2.51145e+06,20,ACK,14
2.51149e+06,19,CTL,20
2.51159e+06,4,RTS,20
2.51166e+06,20,CTS,14
2.51172e+06,4,QOSDATA_TID6,1066
2.5119e+06,20,ACK,14
2.51194e+06,4,CTL,20
2.51203e+06,17,RTS,20
2.51203e+06,13,RTS,20
2.51203e+06,3,RTS,20
2.51203e+06,14,RTS,20
2.5121e+06,20,CTS,14
2.51216e+06,17,QOSDATA_TID6,1066
2.51234e+06,20,ACK,14
2.51239e+06,17,QOSDATA_TID6,1066
2.51257e+06,20,ACK,14
2.51261e+06,17,CTL,20
2.5127e+06,14,RTS,20
2.51277e+06,20,CTS,14
2.51283e+06,14,QOSDATA_TID6,1066
2.51301e+06,20,ACK,14
2.51306e+06,14,QOSDATA_TID6,1066
2.51324e+06,20,ACK,14
2.51328e+06,14,QOSDATA_TID6,1066
2.51347e+06,20,ACK,14
2.51351e+06,14,CTL,20
2.5136e+06,12,RTS,20
2.5136e+06,8,RTS,20
2.5136e+06,10,RTS,20
2.5137e+06,3,RTS,20
2.51377e+06,20,CTS,14
2.51383e+06,3,QOSDATA_TID6,1066
2.51402e+06,20,ACK,14
2.51406e+06,3,CTL,20
2.51415e+06,0,RTS,20
2.51415e+06,16,RTS,20
2.51415e+06,15,RTS,20
2.51426e+06,7,RTS,20
2.51426e+06,9,RTS,20
2.51433e+06,20,CTS,14
2.51439e+06,7,QOSDATA_TID6,1066
2.51458e+06,20,ACK,14
2.51462e+06,7,CTL,20
2.5147e+06,0,RTS,20
2.51477e+06,20,CTS,14
2.51483e+06,0,QOSDATA_TID6,1066
2.51502e+06,20,ACK,14
2.51506e+06,0,CTL,20
2.51516e+06,3,RTS,20
2.51516e+06,19,RTS,20
2.51522e+06,20,CTS,14
2.51528e+06,19,QOSDATA_TID6,1066
2.51547e+06,20,ACK,14
2.51551e+06,19,CTL,20
2.5156e+06,17,RTS,20
2.5156e+06,6,RTS,20
2.5156e+06,15,RTS,20
2.51572e+06,10,RTS,20
2.51572e+06,3,RTS,20
2.51584e+06,12,RTS,20
2.51584e+06,11,RTS,20
2.51591e+06,20,CTS,14
2.51597e+06,12,QOSDATA_TID6,1066
2.51615e+06,20,ACK,14
2.5162e+06,12,QOSDATA_TID6,1066
2.51638e+06,20,ACK,14
2.51642e+06,12,CTL,20
2.51652e+06,6,RTS,20
2.51659e+06,20,CTS,14
2.51665e+06,6,QOSDATA_TID6,1066
2.51683e+06,20,ACK,14
2.51688e+06,6,CTL,20
2.51696e+06,1,RTS,20
2.51703e+06,20,CTS,14
2.51709e+06,1,QOSDATA_TID6,1066
2.51727e+06,20,ACK,14
2.51732e+06,1,QOSDATA_TID6,1066
2.5175e+06,20,ACK,14
2.51754e+06,1,QOSDATA_TID6,1066
2.51773e+06,20,ACK,14
2.51777e+06,1,CTL,20
2.51786e+06,5,RTS,20
2.51786e+06,4,RTS,20
2.51793e+06,20,CTS,14
2.51799e+06,5,QOSDATA_TID6,1066
2.51817e+06,20,ACK,14
2.51822e+06,5,CTL,20
2.5183e+06,18,RTS,20
2.5183e+06,4,RTS,20
2.51837e+06,20,CTS,14
2.51843e+06,18,QOSDATA_TID6,1066
2.51861e+06,20,ACK,14
2.51866e+06,18,CTL,20
2.51875e+06,2,RTS,20
2.51875e+06,9,RTS,20
2.51875e+06,8,RTS,20
2.51875e+06,13,RTS,20
2.51887e+06,4,RTS,20
2.51887e+06,10,RTS,20
2.51898e+06,15,RTS,20
2.51905e+06,20,CTS,14
2.51911e+06,15,QOSDATA_TID6,1066
2.5193e+06,20,ACK,14
2.51934e+06,15,QOSDATA_TID6,1066
2.51952e+06,20,ACK,14
2.51957e+06,15,QOSDATA_TID6,1066
2.51975e+06,20,ACK,14
2.5198e+06,15,CTL,20
2.51989e+06,10,RTS,20
2.51996e+06,20,CTS,14
2.52002e+06,10,QOSDATA_TID6,1066
2.5202e+06,20,ACK,14
2.52025e+06,10,QOSDATA_TID6,1066
2.52043e+06,20,ACK,14
2.52048e+06,10,CTL,20
2.52056e+06,2,RTS,20
2.52056e+06,3,RTS,20
2.52056e+06,8,RTS,20
2.52066e+06,14,RTS,20
2.52073e+06,20,CTS,14
2.52079e+06,14,QOSDATA_TID6,1066
2.52097e+06,20,ACK,14
2.52102e+06,14,CTL,20
2.5211e+06,0,RTS,20
2.5211e+06,13,RTS,20
2.52117e+06,20,CTS,14
2.52123e+06,0,QOSDATA_TID6,1066
2.52141e+06,20,ACK,14
2.52146e+06,0,CTL,20
2.52154e+06,8,RTS,20
2.52161e+06,20,CTS,14
2.52167e+06,8,QOSDATA_TID6,1066
2.52186e+06,20,ACK,14
2.5219e+06,8,QOSDATA_TID6,1066
2.52208e+06,20,ACK,14
2.52213e+06,8,CTL,20
2.52221e+06,17,RTS,20
2.52221e+06,11,RTS,20
2.52221e+06,16,RTS,20
2.52221e+06,2,RTS,20
2.52221e+06,13,RTS,20
2.52231e+06,4,RTS,20
2.52238e+06,20,CTS,14
2.52244e+06,4,QOSDATA_TID6,1066
2.52262e+06,20,ACK,14
2.52267e+06,4,CTL,20
2.52275e+06,16,RTS,20
2.52282e+06,20,CTS,14
2.52288e+06,16,QOSDATA_TID6,1066
2.52306e+06,20,ACK,14
2.52311e+06,16,QOSDATA_TID6,1066
2.52329e+06,20,ACK,14
2.52334e+06,16,CTL,20
2.52342e+06,7,RTS,20
2.52342e+06,2,RTS,20
2.52352e+06,17,RTS,20
2.52352e+06,1,RTS,20
2.52363e+06,2,RTS,20
2.52363e+06,11,RTS,20
2.52376e+06,19,RTS,20
2.52382e+06,20,CTS,14
2.52388e+06,19,QOSDATA_TID6,1066
2.52407e+06,20,ACK,14
2.52411e+06,19,CTL,20
2.5242e+06,1,RTS,20
2.52427e+06,20,CTS,14
2.52433e+06,1,QOSDATA_TID6,1066
2.52451e+06,20,ACK,14
2.52456e+06,1,CTL,20
2.52464e+06,5,RTS,20
2.52464e+06,15,RTS,20
2.52464e+06,10,RTS,20
2.52471e+06,20,CTS,14
2.52477e+06,5,QOSDATA_TID6,1066
2.52495e+06,20,ACK,14
2.525e+06,5,CTL,20
2.52509e+06,12,RTS,20
2.52509e+06,2,RTS,20
2.52509e+06,9,RTS,20
2.52509e+06,6,RTS,20
2.52509e+06,13,RTS,20
2.52519e+06,10,RTS,20
2.52526e+06,20,CTS,14
2.52532e+06,10,QOSDATA_TID6,1066
2.5255e+06,20,ACK,14
2.52555e+06,10,CTL,20
2.52563e+06,6,RTS,20
2.52563e+06,4,RTS,20
2.5257e+06,20,CTS,14
2.52576e+06,6,QOSDATA_TID6,1066
2.52594e+06,20,ACK,14
2.52599e+06,6,CTL,20
2.52608e+06,9,RTS,20
2.52615e+06,20,CTS,14
2.52621e+06,9,QOSDATA_TID6,1066
2.5264e+06,20,ACK,14
2.52644e+06,9,QOSDATA_TID6,1066
2.52662e+06,20,ACK,14
2.52667e+06,9,CTL,20
2.52675e+06,8,RTS,20
2.52675e+06,11,RTS,20
2.52675e+06,7,RTS,20
2.52685e+06,2,RTS,20
2.52685e+06,3,RTS,20
2.52685e+06,18,RTS,20
2.52696e+06,8,RTS,20
2.52696e+06,17,RTS,20
2.52706e+06,2,RTS,20
2.52706e+06,3,RTS,20
2.52713e+06,20,CTS,14
2.52719e+06,2,QOSDATA_TID6,1066
2.52737e+06,20,ACK,14
2.52742e+06,2,CTL,20
2.5275e+06,14,RTS,20
2.52757e+06,20,CTS,14
2.52763e+06,14,QOSDATA_TID6,1066
2.52782e+06,20,ACK,14
2.52786e+06,14,CTL,20
2.52794e+06,13,RTS,20
2.52794e+06,18,RTS,20
2.52794e+06,17,RTS,20
2.52801e+06,20,CTS,14
2.52807e+06,17,QOSDATA_TID6,1066
2.52826e+06,20,ACK,14
2.5283e+06,17,QOSDATA_TID6,1066
2.52848e+06,20,ACK,14
2.52853e+06,17,CTL,20
2.52862e+06,12,RTS,20
2.52862e+06,3,RTS,20
2.52862e+06,13,RTS,20
2.52869e+06,20,CTS,14
2.52875e+06,12,QOSDATA_TID6,1066
2.52894e+06,20,ACK,14
2.52898e+06,12,CTL,20
2.52907e+06,4,RTS,20
2.52907e+06,13,RTS,20
2.52907e+06,3,RTS,20
2.52916e+06,0,RTS,20
2.52923e+06,20,CTS,14
2.52929e+06,0,QOSDATA_TID6,1066
2.52948e+06,20,ACK,14
2.52952e+06,0,CTL,20
2.52961e+06,8,RTS,20
2.52961e+06,7,RTS,20
2.52961e+06,13,RTS,20
2.52971e+06,16,RTS,20
2.52971e+06,4,RTS,20
2.52981e+06,15,RTS,20
2.52988e+06,20,CTS,14
2.52994e+06,15,QOSDATA_TID6,1066
2.53012e+06,20,ACK,14
2.53017e+06,15,CTL,20
2.53025e+06,8,RTS,20
2.53032e+06,20,CTS,14
2.53038e+06,8,QOSDATA_TID6,1066
2.53056e+06,20,ACK,14
2.53061e+06,8,CTL,20
2.5307e+06,3,RTS,20
2.5307e+06,9,RTS,20
2.5307e+06,18,RTS,20
2.53079e+06,11,RTS,20
2.53086e+06,20,CTS,14
2.53092e+06,11,QOSDATA_TID6,1066
2.5311e+06,20,ACK,14
2.53115e+06,11,QOSDATA_TID6,1066
2.53133e+06,20,ACK,14
2.53138e+06,11,QOSDATA_TID6,1066
2.53156e+06,20,ACK,14
2.5316e+06,11,CTL,20
2.53169e+06,16,RTS,20
2.53169e+06,4,RTS,20
2.53169e+06,12,RTS,20
2.53169e+06,19,RTS,20
2.53176e+06,20,CTS,14
2.53182e+06,12,QOSDATA_TID6,1066
2.532e+06,20,ACK,14
2.53205e+06,12,CTL,20
2.53213e+06,16,RTS,20
2.53213e+06,6,RTS,20
2.53213e+06,3,RTS,20
2.53213e+06,9,RTS,20
2.53224e+06,17,RTS,20
2.53224e+06,19,RTS,20
2.53231e+06,20,CTS,14
2.53237e+06,17,QOSDATA_TID6,1066
2.53255e+06,20,ACK,14
2.5326e+06,17,CTL,20
2.53268e+06,19,RTS,20
2.53268e+06,18,RTS,20
2.53268e+06,13,RTS,20
2.53281e+06,4,RTS,20
2.53281e+06,3,RTS,20
2.53281e+06,9,RTS,20
2.53291e+06,5,RTS,20
2.53291e+06,15,RTS,20
2.53298e+06,20,CTS,14
2.53304e+06,5,QOSDATA_TID6,1066
2.53323e+06,20,ACK,14
2.53327e+06,5,CTL,20
2.53338e+06,18,RTS,20
2.53338e+06,9,RTS,20
2.53344e+06,20,CTS,14
2.5335e+06,18,QOSDATA_TID6,1066
2.53369e+06,20,ACK,14
2.53373e+06,18,CTL,20
2.53382e+06,2,RTS,20
2.53382e+06,1,RTS,20
2.53393e+06,13,RTS,20
2.534e+06,20,CTS,14
2.53406e+06,13,QOSDATA_TID6,1066
2.53424e+06,20,ACK,14
2.53429e+06,13,QOSDATA_TID6,1066
2.53447e+06,20,ACK,14
2.53452e+06,13,QOSDATA_TID6,1066
2.5347e+06,20,ACK,14
2.53474e+06,13,CTL,20
2.53484e+06,7,RTS,20
2.53484e+06,8,RTS,20
2.53496e+06,16,RTS,20
2.53496e+06,18,RTS,20
2.53496e+06,10,RTS,20
2.53508e+06,15,RTS,20
2.53515e+06,20,CTS,14
2.53521e+06,15,QOSDATA_TID6,1066
2.53539e+06,20,ACK,14
2.53544e+06,15,CTL,20
2.53552e+06,2,RTS,20
2.53559e+06,20,CTS,14
2.53565e+06,2,QOSDATA_TID6,1066
2.53584e+06,20,ACK,14
2.53588e+06,2,CTL,20
2.53596e+06,16,RTS,20
2.53603e+06,20,CTS,14
2.53609e+06,16,QOSDATA_TID6,1066
2.53628e+06,20,ACK,14
2.53632e+06,16,CTL,20
2.53641e+06,3,RTS,20
2.53641e+06,9,RTS,20
2.53641e+06,14,RTS,20
2.53651e+06,7,RTS,20
2.53651e+06,10,RTS,20
2.53651e+06,19,RTS,20
2.53661e+06,4,RTS,20
2.53668e+06,20,CTS,14
2.53674e+06,4,QOSDATA_TID6,1066
2.53692e+06,20,ACK,14
2.53697e+06,4,QOSDATA_TID6,1066
2.53715e+06,20,ACK,14
2.5372e+06,4,CTL,20
2.53728e+06,14,RTS,20
2.53728e+06,10,RTS,20
2.53738e+06,16,RTS,20
2.53745e+06,20,CTS,14
2.53751e+06,16,QOSDATA_TID6,1066
2.53769e+06,20,ACK,14
2.53774e+06,16,CTL,20
2.53783e+06,1,RTS,20
2.53783e+06,0,RTS,20
2.53794e+06,13,RTS,20
2.53801e+06,20,CTS,14
2.53807e+06,13,QOSDATA_TID6,1066
2.53825e+06,20,ACK,14
2.53829e+06,13,CTL,20
2.53838e+06,12,RTS,20
2.53838e+06,1,RTS,20
2.53838e+06,9,RTS,20
2.53845e+06,20,CTS,14
2.53851e+06,12,QOSDATA_TID6,1066
2.53869e+06,20,ACK,14
2.53874e+06,12,CTL,20
2.53882e+06,9,RTS,20
2.53889e+06,20,CTS,14
2.53895e+06,9,QOSDATA_TID6,1066
2.53913e+06,20,ACK,14
2.53918e+06,9,QOSDATA_TID6,1066
2.53936e+06,20,ACK,14
2.53941e+06,9,CTL,20
2.53949e+06,3,RTS,20
2.53956e+06,20,CTS,14
2.53962e+06,3,QOSDATA_TID6,1066
2.5398e+06,20,ACK,14
2.53985e+06,3,QOSDATA_TID6,1066
2.54003e+06,20,ACK,14
2.54008e+06,3,QOSDATA_TID6,1066
2.54026e+06,20,ACK,14
2.5403e+06,3,CTL,20
2.54039e+06,18,RTS,20
2.54039e+06,8,RTS,20
2.54039e+06,17,RTS,20
2.54039e+06,6,RTS,20
2.54039e+06,11,RTS,20
2.54039e+06,14,RTS,20
2.54049e+06,7,RTS,20
2.54056e+06,20,CTS,14
2.54062e+06,7,QOSDATA_TID6,1066
2.5408e+06,20,ACK,14
2.54084e+06,7,QOSDATA_TID6,1066
2.54103e+06,20,ACK,14
2.54107e+06,7,QOSDATA_TID6,1066
2.54126e+06,20,ACK,14
2.5413e+06,7,CTL,20
2.54139e+06,1,RTS,20
2.54146e+06,20,CTS,14
2.54152e+06,1,QOSDATA_TID6,1066
2.5417e+06,20,ACK,14
2.54174e+06,1,QOSDATA_TID6,1066
2.54193e+06,20,ACK,14
2.54197e+06,1,CTL,20
2.54206e+06,19,RTS,20
2.54206e+06,5,RTS,20
2.54212e+06,20,CTS,14
2.54218e+06,5,QOSDATA_TID6,1066
2.54237e+06,20,ACK,14
2.54241e+06,5,CTL,20
2.54251e+06,0,RTS,20
2.54251e+06,4,RTS,20
2.54251e+06,10,RTS,20
2.54251e+06,15,RTS,20
2.54263e+06,8,RTS,20
2.54263e+06,18,RTS,20
2.5427e+06,20,CTS,14
2.54276e+06,8,QOSDATA_TID6,1066
2.54294e+06,20,ACK,14
2.54299e+06,8,QOSDATA_TID6,1066
2.54317e+06,20,ACK,14
2.54322e+06,8,CTL,20
2.54332e+06,2,RTS,20
2.54332e+06,4,RTS,20
2.54332e+06,10,RTS,20
2.54342e+06,0,CTS,14
2.54342e+06,6,RTS,20
2.54352e+06,0,RTS,20
2.54359e+06,20,CTS,14
2.54365e+06,0,QOSDATA_TID6,1066
2.54384e+06,20,ACK,14
2.54388e+06,0,CTL,20
2.54396e+06,14,RTS,20
2.54403e+06,20,CTS,14
2.54409e+06,14,QOSDATA_TID6,1066
2.54428e+06,20,ACK,14
2.54432e+06,14,QOSDATA_TID6,1066
2.5445e+06,20,ACK,14
2.54455e+06,14,CTL,20
2.54464e+06,17,RTS,20
2.54464e+06,19,RTS,20
2.5447e+06,20,CTS,14
2.54476e+06,17,QOSDATA_TID6,1066
2.54495e+06,20,ACK,14
2.54499e+06,17,CTL,20
2.54508e+06,11,RTS,20
2.54508e+06,18,RTS,20
2.54508e+06,15,RTS,20
2.54519e+06,6,RTS,20
2.54526e+06,20,CTS,14
2.54532e+06,6,QOSDATA_TID6,1066
2.5455e+06,20,ACK,14
2.54555e+06,6,QOSDATA_TID6,1066
2.54573e+06,20,ACK,14
2.54578e+06,6,CTL,20
2.54586e+06,13,RTS,20
2.54593e+06,20,CTS,14
2.54599e+06,13,QOSDATA_TID6,1066
2.54618e+06,20,ACK,14
2.54622e+06,13,CTL,20
2.5463e+06,2,RTS,20
2.54637e+06,20,CTS,14
2.54643e+06,2,QOSDATA_TID6,1066
2.54662e+06,20,ACK,14
2.54666e+06,2,CTL,20
2.54675e+06,19,RTS,20
2.54675e+06,12,RTS,20
2.54675e+06,7,RTS,20
2.54675e+06,16,RTS,20
2.54684e+06,3,RTS,20
2.54684e+06,9,RTS,20
2.54694e+06,0,RTS,20
2.54701e+06,20,CTS,14
2.54707e+06,0,QOSDATA_TID6,1066
2.54726e+06,20,ACK,14
2.5473e+06,0,CTL,20
2.54739e+06,6,RTS,20
2.54739e+06,18,RTS,20
2.54739e+06,15,RTS,20
2.54739e+06,7,RTS,20
2.54739e+06,1,RTS,20
2.54739e+06,16,RTS,20
2.54739e+06,4,RTS,20
2.54751e+06,11,RTS,20
2.54751e+06,3,RTS,20
2.54764e+06,3,RTS,20
2.54771e+06,20,CTS,14
2.54777e+06,3,QOSDATA_TID6,1066
2.54795e+06,20,ACK,14
2.548e+06,3,CTL,20
2.54808e+06,19,RTS,20
2.54808e+06,6,RTS,20
2.54808e+06,15,RTS,20
2.5482e+06,7,RTS,20
2.5482e+06,10,RTS,20
2.54827e+06,20,CTS,14
2.54833e+06,7,QOSDATA_TID6,1066
2.54851e+06,20,ACK,14
2.54856e+06,7,CTL,20
2.54864e+06,19,RTS,20
2.54864e+06,2,RTS,20
2.54876e+06,15,RTS,20
2.54883e+06,20,CTS,14
2.54889e+06,15,QOSDATA_TID6,1066
2.54907e+06,20,ACK,14
2.54911e+06,15,QOSDATA_TID6,1066
2.5493e+06,20,ACK,14
2.54934e+06,15,CTL,20
2.54943e+06,19,RTS,20
2.5495e+06,20,CTS,14
2.54956e+06,19,QOSDATA_TID6,1066
2.54974e+06,20,ACK,14
2.54978e+06,19,QOSDATA_TID6,1066
2.54997e+06,20,ACK,14
2.55001e+06,19,CTL,20
2.5501e+06,5,RTS,20
2.5501e+06,10,RTS,20
2.55017e+06,20,CTS,14
2.55023e+06,5,QOSDATA_TID6,1066
2.55041e+06,20,ACK,14
2.55045e+06,5,CTL,20
2.55055e+06,6,RTS,20
2.55055e+06,10,RTS,20
2.55062e+06,20,CTS,14
2.55068e+06,6,QOSDATA_TID6,1066
2.55086e+06,20,ACK,14
2.5509e+06,6,CTL,20
2.55099e+06,8,RTS,20
2.55099e+06,17,RTS,20
2.5511e+06,11,RTS,20
2.5511e+06,2,RTS,20
2.5511e+06,4,RTS,20
2.5512e+06,8,RTS,20
2.5512e+06,17,RTS,20
2.5512e+06,12,RTS,20
2.5512e+06,16,RTS,20
2.5512e+06,14,RTS,20
2.55132e+06,18,RTS,20
2.55132e+06,9,RTS,20
2.55132e+06,10,RTS,20
2.55141e+06,1,RTS,20
2.55141e+06,12,RTS,20
2.55141e+06,11,RTS,20
2.55148e+06,20,CTS,14
2.55154e+06,12,QOSDATA_TID6,1066
2.55173e+06,20,ACK,14
2.55177e+06,12,CTL,20
2.55186e+06,11,RTS,20
2.55186e+06,16,RTS,20
2.55186e+06,2,RTS,20
2.55186e+06,14,RTS,20
2.55198e+06,8,RTS,20
2.55198e+06,1,RTS,20
2.55208e+06,17,RTS,20
2.55215e+06,20,CTS,14
2.55221e+06,17,QOSDATA_TID6,1066
2.55239e+06,20,ACK,14
2.55244e+06,17,CTL,20
2.55253e+06,16,RTS,20
2.55253e+06,14,RTS,20
2.55264e+06,2,RTS,20
2.5527e+06,20,CTS,14
2.55276e+06,2,QOSDATA_TID6,1066
2.55295e+06,20,ACK,14
2.55299e+06,2,CTL,20
2.55309e+06,9,RTS,20
2.55309e+06,0,RTS,20
2.55316e+06,20,CTS,14
2.55322e+06,0,QOSDATA_TID6,1066
2.5534e+06,20,ACK,14
2.55344e+06,0,CTL,20
2.55353e+06,7,RTS,20
2.5536e+06,20,CTS,14
2.55366e+06,7,QOSDATA_TID6,1066
2.55384e+06,20,ACK,14
2.55389e+06,7,CTL,20
2.55397e+06,4,RTS,20
2.55397e+06,10,RTS,20
2.5541e+06,4,RTS,20
2.55411e+06,14,RTS,20
2.55421e+06,13,RTS,20
2.55428e+06,20,CTS,14
2.55434e+06,13,QOSDATA_TID6,1066
2.55452e+06,20,ACK,14
2.55457e+06,13,CTL,20
2.55466e+06,4,RTS,20
2.55466e+06,3,RTS,20
2.55475e+06,8,RTS,20
2.55482e+06,20,CTS,14
2.55488e+06,8,QOSDATA_TID6,1066
2.55506e+06,20,ACK,14
2.55511e+06,8,CTL,20
2.5552e+06,1,RTS,20
2.5552e+06,14,RTS,20
2.55526e+06,20,CTS,14
2.55532e+06,1,QOSDATA_TID6,1066
2.55551e+06,20,ACK,14
2.55555e+06,1,QOSDATA_TID6,1066
2.55574e+06,20,ACK,14
2.55578e+06,1,CTL,20
2.55586e+06,10,RTS,20
2.55593e+06,20,CTS,14
2.55599e+06,10,QOSDATA_TID6,1066
2.55618e+06,20,ACK,14
2.55622e+06,10,QOSDATA_TID6,1066
2.5564e+06,20,ACK,14
2.55645e+06,10,CTL,20
2.55654e+06,3,RTS,20
2.55654e+06,6,RTS,20
2.55654e+06,5,RTS,20
2.55654e+06,12,RTS,20
2.55654e+06,14,RTS,20
2.55654e+06,11,RTS,20
2.55663e+06,17,RTS,20
2.55663e+06,2,RTS,20
2.55663e+06,19,RTS,20
2.55663e+06,10,RTS,20
2.55674e+06,18,RTS,20
2.55674e+06,9,RTS,20
2.55674e+06,16,RTS,20
2.55684e+06,2,RTS,20
2.55684e+06,15,RTS,20
2.55696e+06,12,RTS,20
2.55703e+06,20,CTS,14
2.55709e+06,12,QOSDATA_TID6,1066
2.55728e+06,20,ACK,14
2.55732e+06,12,CTL,20
2.5574e+06,11,RTS,20
2.5574e+06,6,RTS,20
2.5574e+06,18,RTS,20
2.5575e+06,5,RTS,20
2.55757e+06,20,CTS,14
2.55763e+06,5,QOSDATA_TID6,1066
2.55782e+06,20,ACK,14
2.55786e+06,5,CTL,20
2.55795e+06,3,RTS,20
2.55795e+06,11,RTS,20
2.55795e+06,6,RTS,20
2.55795e+06,14,RTS,20
2.55805e+06,10,RTS,20
2.55812e+06,20,CTS,14
2.55818e+06,10,QOSDATA_TID6,1066
2.55836e+06,20,ACK,14
2.55841e+06,10,CTL,20
2.55849e+06,19,RTS,20
2.55856e+06,20,CTS,14
2.55862e+06,19,QOSDATA_TID6,1066
2.55881e+06,20,ACK,14
2.55885e+06,19,CTL,20
2.55894e+06,17,RTS,20
2.55894e+06,11,RTS,20
2.55894e+06,2,RTS,20
2.55894e+06,9,RTS,20
2.55894e+06,4,RTS,20
2.55894e+06,18,RTS,20
2.55904e+06,16,RTS,20
2.55911e+06,20,CTS,14
2.55917e+06,16,QOSDATA_TID6,1066
2.55936e+06,20,ACK,14
2.5594e+06,16,QOSDATA_TID6,1066
2.55958e+06,20,ACK,14
2.55963e+06,16,CTL,20
2.55971e+06,4,RTS,20
2.55971e+06,15,RTS,20
2.55978e+06,20,CTS,14
2.55984e+06,15,QOSDATA_TID6,1066
2.56002e+06,20,ACK,14
2.56007e+06,15,CTL,20
2.56016e+06,14,RTS,20
2.56016e+06,4,RTS,20
2.56028e+06,3,RTS,20
2.56035e+06,20,CTS,14
2.56041e+06,3,QOSDATA_TID6,1066
2.56059e+06,20,ACK,14
2.56064e+06,3,CTL,20
2.56072e+06,2,RTS,20
2.56079e+06,20,CTS,14
2.56085e+06,2,QOSDATA_TID6,1066
2.56103e+06,20,ACK,14
2.56108e+06,2,CTL,20
2.56116e+06,16,RTS,20
2.56123e+06,20,CTS,14
2.56129e+06,16,QOSDATA_TID6,1066
2.56148e+06,20,ACK,14
2.56152e+06,16,CTL,20
2.56161e+06,8,RTS,20
2.56161e+06,14,RTS,20
2.56167e+06,20,CTS,14
2.56173e+06,8,QOSDATA_TID6,1066
2.56192e+06,20,ACK,14
2.56196e+06,8,CTL,20
2.56205e+06,18,RTS,20
2.56205e+06,13,RTS,20
2.56217e+06,17,RTS,20
2.56224e+06,20,CTS,14
2.5623e+06,17,QOSDATA_TID6,1066
2.56248e+06,20,ACK,14
2.56253e+06,17,CTL,20
2.56262e+06,7,RTS,20
2.56262e+06,3,RTS,20
2.56262e+06,0,RTS,20
2.56262e+06,9,RTS,20
2.56275e+06,18,RTS,20
2.56282e+06,20,CTS,14
2.56288e+06,18,QOSDATA_TID6,1066
2.56306e+06,20,ACK,14
2.5631e+06,18,QOSDATA_TID6,1066
2.56329e+06,20,ACK,14
2.56333e+06,18,QOSDATA_TID6,1066
2.56352e+06,20,ACK,14
2.56356e+06,18,CTL,20
2.56365e+06,3,RTS,20
2.56372e+06,20,CTS,14
2.56378e+06,3,QOSDATA_TID6,1066
2.56396e+06,20,ACK,14
2.564e+06,3,CTL,20
2.56409e+06,1,RTS,20
2.56409e+06,17,RTS,20
2.56419e+06,12,RTS,20
2.56419e+06,4,RTS,20
2.56426e+06,20,CTS,14
2.56432e+06,12,QOSDATA_TID6,1066
2.5645e+06,20,ACK,14
2.56454e+06,12,CTL,20
2.56463e+06,17,RTS,20
2.56463e+06,5,RTS,20
2.56463e+06,15,RTS,20
2.56463e+06,2,RTS,20
2.56463e+06,10,RTS,20
2.56473e+06,19,RTS,20
2.56473e+06,11,RTS,20
2.56483e+06,15,RTS,20
2.56483e+06,6,RTS,20
2.56493e+06,5,RTS,20
2.565e+06,20,CTS,14
2.56506e+06,5,QOSDATA_TID6,1066
2.56524e+06,20,ACK,14
2.56528e+06,5,CTL,20
2.56537e+06,19,RTS,20
2.56537e+06,6,RTS,20
2.5655e+06,2,RTS,20
2.5655e+06,13,RTS,20
2.56561e+06,14,RTS,20
2.56568e+06,20,CTS,14
2.56574e+06,14,QOSDATA_TID6,1066
2.56592e+06,20,ACK,14
2.56597e+06,14,CTL,20
2.56606e+06,15,RTS,20
2.56606e+06,7,RTS,20
2.56606e+06,4,RTS,20
2.56617e+06,10,RTS,20
2.56624e+06,20,CTS,14
2.5663e+06,10,QOSDATA_TID6,1066
2.56648e+06,20,ACK,14
2.56652e+06,10,CTL,20
2.56661e+06,19,RTS,20
2.56661e+06,1,RTS,20
2.56672e+06,17,RTS,20
2.56672e+06,4,RTS,20
2.56672e+06,9,RTS,20
2.56672e+06,18,RTS,20
2.56679e+06,20,CTS,14
2.56685e+06,17,QOSDATA_TID6,1066
2.56703e+06,20,ACK,14
2.56707e+06,17,CTL,20
2.56716e+06,1,RTS,20
2.56716e+06,19,RTS,20
2.56716e+06,7,RTS,20
2.56727e+06,4,RTS,20
2.56734e+06,20,CTS,14
2.5674e+06,4,QOSDATA_TID6,1066
2.56758e+06,20,ACK,14
2.56762e+06,4,QOSDATA_TID6,1066
2.56781e+06,20,ACK,14
2.56785e+06,4,QOSDATA_TID6,1066
2.56804e+06,20,ACK,14
2.56808e+06,4,CTL,20
2.56816e+06,1,RTS,20
2.56816e+06,8,RTS,20
2.56816e+06,0,RTS,20
2.56826e+06,11,RTS,20
2.56833e+06,20,CTS,14
2.56839e+06,11,QOSDATA_TID6,1066
2.56858e+06,20,ACK,14
2.56862e+06,11,QOSDATA_TID6,1066
2.5688e+06,20,ACK,14
2.56885e+06,11,QOSDATA_TID6,1066
2.56903e+06,20,ACK,14
2.56908e+06,11,CTL,20
2.56916e+06,16,RTS,20
2.56923e+06,20,CTS,14
2.56929e+06,16,QOSDATA_TID6,1066
2.56947e+06,20,ACK,14
2.56952e+06,16,CTL,20
2.5696e+06,8,RTS,20
2.5696e+06,7,RTS,20
2.5696e+06,13,RTS,20
2.5696e+06,2,RTS,20
2.5696e+06,9,RTS,20
2.5696e+06,15,RTS,20
2.5696e+06,18,RTS,20
2.5696e+06,14,RTS,20
2.56973e+06,6,RTS,20
2.5698e+06,20,CTS,14
2.56986e+06,6,QOSDATA_TID6,1066
2.57004e+06,20,ACK,14
2.57008e+06,6,QOSDATA_TID6,1066
2.57027e+06,20,ACK,14
2.57031e+06,6,CTL,20
2.5704e+06,12,RTS,20
2.5704e+06,9,RTS,20
2.57047e+06,20,CTS,14
2.57053e+06,12,QOSDATA_TID6,1066
2.57071e+06,20,ACK,14
2.57075e+06,12,CTL,20
2.57084e+06,0,CTS,14
2.57098e+06,0,RTS,20
2.57105e+06,20,CTS,14
2.57111e+06,0,QOSDATA_TID6,1066
2.57129e+06,20,ACK,14
2.57134e+06,0,QOSDATA_TID6,1066
2.57152e+06,20,ACK,14
2.57156e+06,0,CTL,20
2.57165e+06,18,RTS,20
2.57165e+06,3,RTS,20
2.57165e+06,11,RTS,20
2.57177e+06,2,RTS,20
2.57184e+06,20,CTS,14
2.5719e+06,2,QOSDATA_TID6,1066
2.57208e+06,20,ACK,14
2.57212e+06,2,CTL,20
2.57221e+06,3,RTS,20
2.57221e+06,19,RTS,20
2.57221e+06,14,RTS,20
2.57221e+06,15,RTS,20
2.57233e+06,13,RTS,20
2.57239e+06,20,CTS,14
2.57245e+06,13,QOSDATA_TID6,1066
2.57264e+06,20,ACK,14
2.57268e+06,13,QOSDATA_TID6,1066
2.57287e+06,20,ACK,14
2.57291e+06,13,CTL,20
2.573e+06,4,RTS,20
2.573e+06,6,RTS,20
2.57306e+06,20,CTS,14
2.57312e+06,6,QOSDATA_TID6,1066
2.57331e+06,20,ACK,14
2.57335e+06,6,CTL,20
2.57344e+06,4,RTS,20
2.57351e+06,20,CTS,14
2.57357e+06,4,QOSDATA_TID6,1066
2.57375e+06,20,ACK,14
2.57379e+06,4,CTL,20
2.57388e+06,7,RTS,20
2.57388e+06,18,RTS,20
2.57395e+06,20,CTS,14
2.57401e+06,7,QOSDATA_TID6,1066
2.57419e+06,20,ACK,14
2.57424e+06,7,QOSDATA_TID6,1066
2.57442e+06,20,ACK,14
2.57446e+06,7,CTL,20
2.57455e+06,19,RTS,20
2.57462e+06,20,CTS,14
2.57468e+06,19,QOSDATA_TID6,1066
2.57486e+06,20,ACK,14
2.57491e+06,19,QOSDATA_TID6,1066
2.57509e+06,20,ACK,14
2.57513e+06,19,CTL,20
2.57522e+06,17,RTS,20
2.57522e+06,5,RTS,20
2.57522e+06,2,RTS,20
2.57533e+06,8,RTS,20
2.57533e+06,15,RTS,20
2.57533e+06,14,RTS,20
2.5754e+06,20,CTS,14
2.57546e+06,8,QOSDATA_TID6,1066
2.57564e+06,20,ACK,14
2.57568e+06,8,QOSDATA_TID6,1066
2.57587e+06,20,ACK,14
2.57591e+06,8,CTL,20
2.57599e+06,20,BEACON,152
2.57626e+06,15,RTS,20
2.57626e+06,3,RTS,20
2.57626e+06,10,RTS,20
2.57637e+06,2,RTS,20
2.57637e+06,1,RTS,20
2.57648e+06,15,RTS,20
2.57655e+06,20,CTS,14
2.57661e+06,15,QOSDATA_TID6,1066
2.57679e+06,20,ACK,14
2.57684e+06,15,CTL,20
2.57692e+06,3,RTS,20
2.57699e+06,20,CTS,14
2.57705e+06,3,QOSDATA_TID6,1066
2.57724e+06,20,ACK,14
2.57728e+06,3,CTL,20
2.57737e+06,16,RTS,20
2.57743e+06,20,CTS,14
2.57749e+06,16,QOSDATA_TID6,1066
2.57768e+06,20,ACK,14
2.57772e+06,16,CTL,20
2.57781e+06,17,RTS,20
2.57781e+06,5,RTS,20
2.57781e+06,9,RTS,20
2.57781e+06,18,RTS,20
2.57781e+06,14,RTS,20
2.57792e+06,0,RTS,20
2.57792e+06,7,RTS,20
2.57792e+06,11,RTS,20
2.57803e+06,2,RTS,20
2.5781e+06,20,CTS,14
2.57816e+06,2,QOSDATA_TID6,1066
2.57834e+06,20,ACK,14
2.57839e+06,2,CTL,20
2.57847e+06,9,RTS,20
2.57847e+06,14,RTS,20
2.57858e+06,11,RTS,20
2.57865e+06,20,CTS,14
2.57871e+06,11,QOSDATA_TID6,1066
2.57889e+06,20,ACK,14
2.57894e+06,11,QOSDATA_TID6,1066
2.57912e+06,20,ACK,14
2.57916e+06,11,CTL,20
2.57925e+06,7,RTS,20
2.57925e+06,19,RTS,20
2.57935e+06,6,RTS,20
2.57935e+06,10,RTS,20
2.57942e+06,20,CTS,14
2.57948e+06,6,QOSDATA_TID6,1066
2.57966e+06,20,ACK,14
2.5797e+06,6,CTL,20
2.5798e+06,10,RTS,20
2.5798e+06,12,RTS,20
2.5798e+06,17,RTS,20
2.5799e+06,13,RTS,20
2.57997e+06,20,CTS,14
2.58003e+06,13,QOSDATA_TID6,1066
2.58021e+06,20,ACK,14
2.58025e+06,13,CTL,20
2.58034e+06,3,RTS,20
2.58034e+06,10,RTS,20
2.58046e+06,5,RTS,20
2.58046e+06,17,RTS,20
2.58046e+06,12,RTS,20
2.58056e+06,0,RTS,20
2.58063e+06,20,CTS,14
2.58069e+06,0,QOSDATA_TID6,1066
2.58088e+06,20,ACK,14
2.58092e+06,0,CTL,20
2.581e+06,18,RTS,20
2.581e+06,2,RTS,20
2.581e+06,3,RTS,20
2.5811e+06,1,RTS,20
2.5811e+06,14,RTS,20
2.5811e+06,15,RTS,20
2.58121e+06,10,RTS,20
2.58128e+06,20,CTS,14
2.58134e+06,10,QOSDATA_TID6,1066
2.58153e+06,20,ACK,14
2.58157e+06,10,QOSDATA_TID6,1066
2.58175e+06,20,ACK,14
2.5818e+06,10,CTL,20
2.58188e+06,18,RTS,20
2.58195e+06,20,CTS,14
2.58201e+06,18,QOSDATA_TID6,1066
2.5822e+06,20,ACK,14
2.58224e+06,18,QOSDATA_TID6,1066
2.58242e+06,20,ACK,14
2.58247e+06,18,QOSDATA_TID6,1066
2.58265e+06,20,ACK,14
2.5827e+06,18,CTL,20
2.58278e+06,1,RTS,20
2.58285e+06,20,CTS,14
2.58291e+06,1,QOSDATA_TID6,1066
2.58309e+06,20,ACK,14
2.58314e+06,1,QOSDATA_TID6,1066
2.58332e+06,20,ACK,14
2.58337e+06,1,QOSDATA_TID6,1066
2.58355e+06,20,ACK,14
2.58359e+06,1,CTL,20
2.58368e+06,4,RTS,20
2.58368e+06,9,RTS,20
2.58378e+06,15,RTS,20
2.58385e+06,20,CTS,14
2.58391e+06,15,QOSDATA_TID6,1066
2.58409e+06,20,ACK,14
2.58413e+06,15,CTL,20
2.58422e+06,8,RTS,20
2.58429e+06,20,CTS,14
2.58435e+06,8,QOSDATA_TID6,1066
2.58453e+06,20,ACK,14
2.58458e+06,8,CTL,20
2.58466e+06,19,RTS,20
2.58466e+06,16,RTS,20
2.58466e+06,7,RTS,20
2.58466e+06,2,RTS,20
2.58477e+06,5,RTS,20
2.58484e+06,20,CTS,14
2.5849e+06,5,QOSDATA_TID6,1066
2.58508e+06,20,ACK,14
2.58512e+06,5,QOSDATA_TID6,1066
2.58531e+06,20,ACK,14
2.58535e+06,5,CTL,20
2.58544e+06,16,RTS,20
2.58544e+06,14,RTS,20
2.58556e+06,9,RTS,20
2.58562e+06,20,CTS,14
2.58568e+06,9,QOSDATA_TID6,1066
2.58587e+06,20,ACK,14
2.58591e+06,9,QOSDATA_TID6,1066
2.5861e+06,20,ACK,14
2.58614e+06,9,QOSDATA_TID6,1066
2.58632e+06,20,ACK,14
2.58637e+06,9,QOSDATA_TID6,1066
2.58655e+06,20,ACK,14
2.5866e+06,9,QOSDATA_TID6,1066
2.58678e+06,20,ACK,14
2.58682e+06,9,CTL,20
2.58691e+06,3,RTS,20
2.58698e+06,20,CTS,14
2.58704e+06,3,QOSDATA_TID6,1066
2.58722e+06,20,ACK,14
2.58726e+06,3,QOSDATA_TID6,1066
2.58745e+06,20,ACK,14
2.58749e+06,3,CTL,20
2.58758e+06,1,RTS,20
2.58758e+06,17,RTS,20
2.58758e+06,13,RTS,20
2.58768e+06,16,RTS,20
2.58768e+06,4,RTS,20
2.58768e+06,0,RTS,20
2.58768e+06,2,RTS,20
2.58778e+06,12,RTS,20
2.58784e+06,20,CTS,14
2.5879e+06,12,QOSDATA_TID6,1066
2.58809e+06,20,ACK,14
2.58813e+06,12,QOSDATA_TID6,1066
2.58832e+06,20,ACK,14
2.58836e+06,12,CTL,20
2.58845e+06,19,RTS,20
2.58845e+06,2,RTS,20
2.58856e+06,14,RTS,20
2.58856e+06,13,RTS,20
2.58868e+06,5,RTS,20
2.58875e+06,20,CTS,14
2.58881e+06,5,QOSDATA_TID6,1066
2.58899e+06,20,ACK,14
2.58903e+06,5,CTL,20
2.58912e+06,2,RTS,20
2.58919e+06,20,CTS,14
2.58925e+06,2,QOSDATA_TID6,1066
2.58943e+06,20,ACK,14
2.58948e+06,2,QOSDATA_TID6,1066
2.58966e+06,20,ACK,14
2.5897e+06,2,CTL,20
2.58979e+06,17,RTS,20
2.58979e+06,1,RTS,20
2.58979e+06,6,RTS,20
2.58979e+06,11,RTS,20
2.58979e+06,14,RTS,20
2.58979e+06,15,RTS,20
2.58989e+06,10,RTS,20
2.58996e+06,20,CTS,14
2.59002e+06,10,QOSDATA_TID6,1066
2.5902e+06,20,ACK,14
2.59024e+06,10,CTL,20
2.59033e+06,19,RTS,20
2.59033e+06,7,RTS,20
2.59044e+06,18,RTS,20
2.5905e+06,20,CTS,14
2.59056e+06,18,QOSDATA_TID6,1066
2.59075e+06,20,ACK,14
2.59079e+06,18,CTL,20
2.59088e+06,0,RTS,20
2.59088e+06,8,RTS,20
2.59095e+06,20,CTS,14
2.59101e+06,8,QOSDATA_TID6,1066
2.59119e+06,20,ACK,14
2.59124e+06,8,CTL,20
2.59133e+06,15,RTS,20
2.5914e+06,20,CTS,14
2.59146e+06,15,QOSDATA_TID6,1066
2.59164e+06,20,ACK,14
2.59169e+06,15,CTL,20
2.59177e+06,13,RTS,20
2.59184e+06,20,CTS,14
2.5919e+06,13,QOSDATA_TID6,1066
2.59208e+06,20,ACK,14
2.59213e+06,13,CTL,20
2.59221e+06,4,RTS,20
2.59221e+06,16,RTS,20
2.59232e+06,14,RTS,20
2.59232e+06,6,RTS,20
2.59242e+06,7,RTS,20
2.59249e+06,20,CTS,14
2.59255e+06,7,QOSDATA_TID6,1066
2.59273e+06,20,ACK,14
2.59278e+06,7,QOSDATA_TID6,1066
2.59296e+06,20,ACK,14
2.593e+06,7,CTL,20
2.59309e+06,11,RTS,20
2.59309e+06,19,RTS,20
2.59309e+06,14,RTS,20
2.59326e+06,11,RTS,20
2.59326e+06,19,RTS,20
2.5934e+06,11,RTS,20
2.5934e+06,14,RTS,20
2.59357e+06,14,RTS,20
2.59363e+06,20,CTS,14
2.59369e+06,14,QOSDATA_TID6,1066
2.59388e+06,20,ACK,14
2.59392e+06,14,QOSDATA_TID6,1066
2.59411e+06,20,ACK,14
2.59415e+06,14,QOSDATA_TID6,1066
2.59433e+06,20,ACK,14
2.59438e+06,14,CTL,20
2.59446e+06,7,RTS,20
2.59453e+06,20,CTS,14
2.59459e+06,7,QOSDATA_TID6,1066
2.59478e+06,20,ACK,14
2.59482e+06,7,CTL,20
2.59491e+06,12,RTS,20
2.59491e+06,17,RTS,20
2.59501e+06,11,RTS,20
2.59501e+06,4,RTS,20
2.59501e+06,3,RTS,20
2.59511e+06,12,RTS,20
2.59518e+06,20,CTS,14
2.59524e+06,12,QOSDATA_TID6,1066
2.59542e+06,20,ACK,14
2.59547e+06,12,CTL,20
2.59555e+06,17,RTS,20
2.59555e+06,19,RTS,20
2.59562e+06,20,CTS,14
2.59568e+06,17,QOSDATA_TID6,1066
2.59586e+06,20,ACK,14
2.59591e+06,17,QOSDATA_TID6,1066
2.59609e+06,20,ACK,14
2.59614e+06,17,QOSDATA_TID6,1066
2.59632e+06,20,ACK,14
2.59636e+06,17,CTL,20
2.59645e+06,13,RTS,20
2.59645e+06,6,RTS,20
2.59655e+06,5,RTS,20
2.59655e+06,1,RTS,20
2.59662e+06,20,CTS,14
2.59668e+06,5,QOSDATA_TID6,1066
2.59686e+06,20,ACK,14
2.59691e+06,5,CTL,20
2.59699e+06,2,RTS,20
2.59699e+06,15,RTS,20
2.59709e+06,0,CTS,14
2.59709e+06,16,RTS,20
2.59719e+06,0,RTS,20
2.59726e+06,20,CTS,14
2.59732e+06,0,QOSDATA_TID6,1066
2.59751e+06,20,ACK,14
2.59755e+06,0,QOSDATA_TID6,1066
2.59773e+06,20,ACK,14
2.59778e+06,0,CTL,20
2.59786e+06,16,RTS,20
2.59793e+06,20,CTS,14
2.59799e+06,16,QOSDATA_TID6,1066
2.59818e+06,20,ACK,14
2.59822e+06,16,QOSDATA_TID6,1066
2.5984e+06,20,ACK,14
2.59845e+06,16,CTL,20
2.59853e+06,4,RTS,20
2.59853e+06,1,RTS,20
2.59853e+06,2,RTS,20
2.59853e+06,3,RTS,20
2.59853e+06,9,RTS,20
2.59863e+06,11,RTS,20
2.59863e+06,13,RTS,20
2.59873e+06,18,RTS,20
2.59873e+06,10,RTS,20
2.59883e+06,3,RTS,20
2.5989e+06,20,CTS,14
2.59896e+06,3,QOSDATA_TID6,1066
2.59914e+06,20,ACK,14
2.59919e+06,3,CTL,20
2.59928e+06,19,RTS,20
2.59928e+06,8,RTS,20
2.59928e+06,15,RTS,20
2.59938e+06,9,RTS,20
2.59945e+06,20,CTS,14
2.59951e+06,9,QOSDATA_TID6,1066
2.59969e+06,20,ACK,14
2.59974e+06,9,CTL,20
2.59982e+06,8,RTS,20
2.59989e+06,20,CTS,14
2.59995e+06,8,QOSDATA_TID6,1066
2.60014e+06,20,ACK,14
2.60018e+06,8,CTL,20
2.60026e+06,1,RTS,20
2.60026e+06,18,RTS,20
2.60033e+06,20,CTS,14
2.60039e+06,1,QOSDATA_TID6,1066
2.60058e+06,20,ACK,14
2.60062e+06,1,QOSDATA_TID6,1066
2.6008e+06,20,ACK,14
2.60085e+06,1,CTL,20
2.60094e+06,16,RTS,20
2.601e+06,20,CTS,14
2.60106e+06,16,QOSDATA_TID6,1066
2.60125e+06,20,ACK,14
2.60129e+06,16,CTL,20
2.60138e+06,4,RTS,20
2.60138e+06,19,RTS,20
2.60138e+06,2,RTS,20
2.60138e+06,18,RTS,20
2.60148e+06,7,RTS,20
2.60154e+06,20,CTS,14
2.6016e+06,7,QOSDATA_TID6,1066
2.60179e+06,20,ACK,14
2.60183e+06,7,CTL,20
2.60192e+06,19,RTS,20
2.60192e+06,14,RTS,20
2.60198e+06,20,CTS,14
2.60204e+06,19,QOSDATA_TID6,1066
2.60223e+06,20,ACK,14
2.60227e+06,19,QOSDATA_TID6,1066
2.60246e+06,20,ACK,14
2.6025e+06,19,CTL,20
2.60259e+06,18,RTS,20
2.60259e+06,10,RTS,20
2.60268e+06,9,RTS,20
2.60268e+06,15,RTS,20
2.60275e+06,20,CTS,14
2.60281e+06,15,QOSDATA_TID6,1066
2.603e+06,20,ACK,14
2.60304e+06,15,CTL,20
2.60313e+06,19,RTS,20
2.60313e+06,11,RTS,20
2.60322e+06,13,RTS,20
2.60329e+06,20,CTS,14
2.60335e+06,13,QOSDATA_TID6,1066
2.60354e+06,20,ACK,14
2.60358e+06,13,QOSDATA_TID6,1066
2.60376e+06,20,ACK,14
2.60381e+06,13,CTL,20
2.6039e+06,12,RTS,20
2.6039e+06,14,RTS,20
2.6039e+06,1,RTS,20
2.6039e+06,0,RTS,20
2.6039e+06,19,RTS,20
2.6039e+06,18,RTS,20
2.6039e+06,3,RTS,20
2.6039e+06,9,RTS,20
2.60401e+06,4,RTS,20
2.60408e+06,20,CTS,14
2.60414e+06,4,QOSDATA_TID6,1066
2.60432e+06,20,ACK,14
2.60437e+06,4,QOSDATA_TID6,1066
2.60455e+06,20,ACK,14
2.6046e+06,4,QOSDATA_TID6,1066
2.60478e+06,20,ACK,14
2.60482e+06,4,CTL,20
2.60491e+06,4,RTS,20
2.60491e+06,17,RTS,20
2.60491e+06,14,RTS,20
2.60498e+06,20,CTS,14
2.60504e+06,17,QOSDATA_TID6,1066
2.60522e+06,20,ACK,14
2.60527e+06,17,CTL,20
2.60536e+06,4,RTS,20
2.60543e+06,20,CTS,14
2.60549e+06,4,QOSDATA_TID6,1066
2.60567e+06,20,ACK,14
2.60572e+06,4,CTL,20
2.6058e+06,12,RTS,20
2.6058e+06,19,RTS,20
2.6058e+06,2,RTS,20
2.6058e+06,3,RTS,20
2.6058e+06,9,RTS,20
2.6058e+06,6,RTS,20
2.6058e+06,14,RTS,20
2.6059e+06,10,RTS,20
2.60597e+06,20,CTS,14
2.60603e+06,10,QOSDATA_TID6,1066
2.60621e+06,20,ACK,14
2.60626e+06,10,QOSDATA_TID6,1066
2.60644e+06,20,ACK,14
2.60648e+06,10,CTL,20
2.60657e+06,2,RTS,20
2.60657e+06,5,RTS,20
2.60664e+06,20,CTS,14
2.6067e+06,5,QOSDATA_TID6,1066
2.60688e+06,20,ACK,14
2.60693e+06,5,CTL,20
2.60702e+06,8,RTS,20
2.60702e+06,2,RTS,20
2.60702e+06,11,RTS,20
2.60702e+06,15,RTS,20
2.60713e+06,12,RTS,20
2.6072e+06,20,CTS,14
2.60726e+06,12,QOSDATA_TID6,1066
2.60744e+06,20,ACK,14
2.60748e+06,12,CTL,20
2.60757e+06,0,RTS,20
2.60757e+06,6,RTS,20
2.60768e+06,18,RTS,20
2.60768e+06,2,RTS,20
2.60768e+06,11,RTS,20
2.60779e+06,19,RTS,20
2.60779e+06,15,RTS,20
2.60793e+06,19,RTS,20
2.608e+06,20,CTS,14
2.60806e+06,19,QOSDATA_TID6,1066
2.60825e+06,20,ACK,14
2.60829e+06,19,CTL,20
2.60838e+06,18,RTS,20
2.60844e+06,20,CTS,14
2.6085e+06,18,QOSDATA_TID6,1066
2.60869e+06,20,ACK,14
2.60873e+06,18,QOSDATA_TID6,1066
2.60892e+06,20,ACK,14
2.60896e+06,18,CTL,20
2.60905e+06,15,RTS,20
2.60911e+06,20,CTS,14
2.60917e+06,15,QOSDATA_TID6,1066
2.60936e+06,20,ACK,14
2.6094e+06,15,CTL,20
2.60949e+06,6,RTS,20
2.60949e+06,0,CTS,14
2.60949e+06,7,RTS,20
2.60949e+06,16,RTS,20
2.60949e+06,9,RTS,20
2.60958e+06,0,RTS,20
2.60965e+06,20,CTS,14
2.60971e+06,0,QOSDATA_TID6,1066
2.6099e+06,20,ACK,14
2.60994e+06,0,QOSDATA_TID6,1066
2.61012e+06,20,ACK,14
2.61017e+06,0,CTL,20
2.61025e+06,3,RTS,20
2.61032e+06,20,CTS,14
2.61038e+06,3,QOSDATA_TID6,1066
2.61056e+06,20,ACK,14
2.61061e+06,3,CTL,20
2.6107e+06,16,RTS,20
2.6107e+06,14,RTS,20
2.61079e+06,3,RTS,20
2.61086e+06,20,CTS,14
2.61092e+06,3,QOSDATA_TID6,1066
2.61111e+06,20,ACK,14
2.61115e+06,3,CTL,20
2.61124e+06,19,RTS,20
2.6113e+06,20,CTS,14
2.61136e+06,19,QOSDATA_TID6,1066
2.61155e+06,20,ACK,14
2.61159e+06,19,CTL,20
2.61168e+06,1,RTS,20
2.61168e+06,8,RTS,20
2.61168e+06,2,RTS,20
2.61168e+06,7,RTS,20
2.61168e+06,9,RTS,20
2.61168e+06,13,RTS,20
2.61178e+06,11,RTS,20
2.61185e+06,20,CTS,14
2.61191e+06,11,QOSDATA_TID6,1066
2.6121e+06,20,ACK,14
2.61214e+06,11,QOSDATA_TID6,1066
2.61232e+06,20,ACK,14
2.61237e+06,11,QOSDATA_TID6,1066
2.61255e+06,20,ACK,14
2.6126e+06,11,CTL,20
2.61268e+06,16,RTS,20
2.61268e+06,12,RTS,20
2.61268e+06,17,RTS,20
2.61268e+06,9,RTS,20
2.61268e+06,14,RTS,20
2.61281e+06,2,RTS,20
2.61288e+06,20,CTS,14
2.61294e+06,2,QOSDATA_TID6,1066
2.61312e+06,20,ACK,14
2.61316e+06,2,QOSDATA_TID6,1066
2.61335e+06,20,ACK,14
2.61339e+06,2,CTL,20
2.61348e+06,16,RTS,20
2.61348e+06,4,RTS,20
2.61358e+06,7,RTS,20
2.61358e+06,15,RTS,20
2.61367e+06,13,RTS,20
2.61374e+06,20,CTS,14
2.6138e+06,13,QOSDATA_TID6,1066
2.61399e+06,20,ACK,14
2.61403e+06,13,CTL,20
2.61412e+06,15,RTS,20
2.61412e+06,10,RTS,20
2.61418e+06,20,CTS,14
2.61424e+06,15,QOSDATA_TID6,1066
2.61443e+06,20,ACK,14
2.61447e+06,15,CTL,20
2.61456e+06,18,RTS,20
2.61463e+06,20,CTS,14
2.61469e+06,18,QOSDATA_TID6,1066
2.61487e+06,20,ACK,14
2.61491e+06,18,CTL,20
2.615e+06,6,RTS,20
2.61507e+06,20,CTS,14
2.61513e+06,6,QOSDATA_TID6,1066
2.61531e+06,20,ACK,14
2.61536e+06,6,QOSDATA_TID6,1066
2.61554e+06,20,ACK,14
2.61558e+06,6,QOSDATA_TID6,1066
2.61577e+06,20,ACK,14
2.61581e+06,6,QOSDATA_TID6,1066
2.616e+06,20,ACK,14
2.61604e+06,6,CTL,20
2.61613e+06,10,RTS,20
2.61613e+06,5,RTS,20
2.61613e+06,7,RTS,20
2.61613e+06,1,RTS,20
2.61613e+06,9,RTS,20
2.61619e+06,20,CTS,14
2.61625e+06,5,QOSDATA_TID6,1066
2.61644e+06,20,ACK,14
2.61648e+06,5,CTL,20
2.61657e+06,17,RTS,20
2.61657e+06,7,RTS,20
2.61668e+06,12,RTS,20
2.61674e+06,20,CTS,14
2.6168e+06,12,QOSDATA_TID6,1066
2.61699e+06,20,ACK,14
2.61703e+06,12,CTL,20
2.61712e+06,17,RTS,20
2.61712e+06,16,RTS,20
2.61712e+06,4,RTS,20
2.61712e+06,14,RTS,20
2.61718e+06,20,CTS,14
2.61724e+06,17,QOSDATA_TID6,1066
2.61743e+06,20,ACK,14
2.61747e+06,17,CTL,20
2.61757e+06,8,RTS,20
2.61757e+06,9,RTS,20
2.61764e+06,20,CTS,14
2.6177e+06,8,QOSDATA_TID6,1066
2.61788e+06,20,ACK,14
2.61792e+06,8,QOSDATA_TID6,1066
2.61811e+06,20,ACK,14
2.61815e+06,8,CTL,20
2.61824e+06,14,RTS,20
2.61831e+06,20,CTS,14
2.61837e+06,14,QOSDATA_TID6,1066
2.61855e+06,20,ACK,14
2.61859e+06,14,QOSDATA_TID6,1066
2.61878e+06,20,ACK,14
2.61882e+06,14,CTL,20
2.61891e+06,0,RTS,20
2.61891e+06,13,RTS,20
2.61898e+06,20,CTS,14
2.61904e+06,0,QOSDATA_TID6,1066
2.61922e+06,20,ACK,14
2.61926e+06,0,CTL,20
2.61935e+06,17,RTS,20
2.61942e+06,20,CTS,14
2.61948e+06,17,QOSDATA_TID6,1066
2.61966e+06,20,ACK,14
2.61971e+06,17,CTL,20
2.61979e+06,12,RTS,20
2.61979e+06,16,RTS,20
2.61979e+06,3,RTS,20
2.61979e+06,9,RTS,20
2.61979e+06,6,RTS,20
2.61979e+06,10,RTS,20
2.61986e+06,20,CTS,14
2.61992e+06,12,QOSDATA_TID6,1066
2.6201e+06,20,ACK,14
2.62015e+06,12,CTL,20
2.62024e+06,6,RTS,20
2.6203e+06,20,CTS,14
2.62036e+06,6,QOSDATA_TID6,1066
2.62055e+06,20,ACK,14
2.62059e+06,6,CTL,20
2.62068e+06,2,RTS,20
2.62068e+06,19,RTS,20
2.62068e+06,11,RTS,20
2.62078e+06,7,RTS,20
2.62085e+06,20,CTS,14
2.62091e+06,7,QOSDATA_TID6,1066
2.6211e+06,20,ACK,14
2.62114e+06,7,QOSDATA_TID6,1066
2.62132e+06,20,ACK,14
2.62137e+06,7,CTL,20
2.62145e+06,5,RTS,20
2.62145e+06,15,RTS,20
2.62145e+06,19,RTS,20
2.62152e+06,20,CTS,14
2.62158e+06,5,QOSDATA_TID6,1066
2.62177e+06,20,ACK,14
2.62181e+06,5,CTL,20
2.6219e+06,2,RTS,20
2.6219e+06,15,RTS,20
2.62201e+06,16,RTS,20
2.62201e+06,4,RTS,20
2.62213e+06,13,RTS,20
2.6222e+06,20,CTS,14
2.62226e+06,13,QOSDATA_TID6,1066
2.62244e+06,20,ACK,14
2.62248e+06,13,CTL,20
2.62257e+06,15,RTS,20
2.62264e+06,20,CTS,14
2.6227e+06,15,QOSDATA_TID6,1066
2.62288e+06,20,ACK,14
2.62293e+06,15,CTL,20
2.62301e+06,18,RTS,20
2.62301e+06,1,RTS,20
2.62301e+06,19,RTS,20
2.62301e+06,10,RTS,20
2.62312e+06,2,RTS,20
2.62312e+06,3,RTS,20
2.62312e+06,8,RTS,20
2.62312e+06,11,RTS,20
2.62322e+06,14,RTS,20
2.62328e+06,20,CTS,14
2.62334e+06,14,QOSDATA_TID6,1066
2.62353e+06,20,ACK,14
2.62357e+06,14,CTL,20
2.62366e+06,18,RTS,20
2.62373e+06,20,CTS,14
2.62379e+06,18,QOSDATA_TID6,1066
2.62397e+06,20,ACK,14
2.62402e+06,18,CTL,20
2.6241e+06,11,RTS,20
2.62417e+06,20,CTS,14
2.62423e+06,11,QOSDATA_TID6,1066
2.62441e+06,20,ACK,14
2.62446e+06,11,CTL,20
2.62454e+06,4,RTS,20
2.62454e+06,19,RTS,20
2.62454e+06,9,RTS,20
2.62454e+06,10,RTS,20
2.62468e+06,2,RTS,20
2.62474e+06,20,CTS,14
2.6248e+06,2,QOSDATA_TID6,1066
2.62499e+06,20,ACK,14
2.62503e+06,2,CTL,20
2.62513e+06,10,RTS,20
2.62513e+06,8,RTS,20
2.62513e+06,16,RTS,20
2.62513e+06,4,RTS,20
2.6252e+06,20,CTS,14
2.62526e+06,8,QOSDATA_TID6,1066
2.62544e+06,20,ACK,14
2.62548e+06,8,CTL,20
2.62557e+06,7,RTS,20
2.62557e+06,0,RTS,20
2.6257e+06,3,RTS,20
2.62576e+06,20,CTS,14
2.62582e+06,3,QOSDATA_TID6,1066
2.62601e+06,20,ACK,14
2.62605e+06,3,CTL,20
2.62614e+06,9,RTS,20
2.62614e+06,0,RTS,20
2.6262e+06,20,CTS,14
2.62626e+06,0,QOSDATA_TID6,1066
2.62645e+06,20,ACK,14
2.62649e+06,0,CTL,20
2.62658e+06,12,RTS,20
2.62665e+06,20,CTS,14
2.62671e+06,12,QOSDATA_TID6,1066
2.62689e+06,20,ACK,14
2.62694e+06,12,CTL,20
2.62703e+06,11,RTS,20
2.62703e+06,16,RTS,20
2.62703e+06,13,RTS,20
2.62703e+06,3,RTS,20
2.62703e+06,9,RTS,20
2.62713e+06,1,RTS,20
2.6272e+06,20,CTS,14
2.62726e+06,1,QOSDATA_TID6,1066
2.62744e+06,20,ACK,14
2.62748e+06,1,QOSDATA_TID6,1066
2.62767e+06,20,ACK,14
2.62771e+06,1,QOSDATA_TID6,1066
2.6279e+06,20,ACK,14
2.62794e+06,1,QOSDATA_TID6,1066
2.62812e+06,20,ACK,14
2.62817e+06,1,CTL,20
2.62826e+06,4,RTS,20
2.62832e+06,20,CTS,14
2.62838e+06,4,QOSDATA_TID6,1066
2.62857e+06,20,ACK,14
2.62861e+06,4,QOSDATA_TID6,1066
2.6288e+06,20,ACK,14
2.62884e+06,4,QOSDATA_TID6,1066
2.62902e+06,20,ACK,14
2.62907e+06,4,CTL,20
2.62915e+06,11,RTS,20
2.62915e+06,7,RTS,20
2.62915e+06,17,RTS,20
2.62915e+06,19,RTS,20
2.62915e+06,2,RTS,20
2.62915e+06,10,RTS,20
2.62925e+06,15,RTS,20
2.62932e+06,20,CTS,14
2.62938e+06,15,QOSDATA_TID6,1066
2.62956e+06,20,ACK,14
2.62961e+06,15,CTL,20
2.62969e+06,6,RTS,20
2.62969e+06,5,RTS,20
2.62969e+06,11,RTS,20
2.62976e+06,20,CTS,14
2.62982e+06,5,QOSDATA_TID6,1066
2.63e+06,20,ACK,14
2.63005e+06,5,CTL,20
2.63014e+06,9,RTS,20
2.6302e+06,20,CTS,14
2.63026e+06,9,QOSDATA_TID6,1066
2.63045e+06,20,ACK,14
2.63049e+06,9,QOSDATA_TID6,1066
2.63068e+06,20,ACK,14
2.63072e+06,9,QOSDATA_TID6,1066
2.6309e+06,20,ACK,14
2.63095e+06,9,CTL,20
2.63103e+06,3,RTS,20
2.63103e+06,19,RTS,20
2.63103e+06,16,RTS,20
2.63103e+06,7,RTS,20
2.63113e+06,14,RTS,20
2.6312e+06,20,CTS,14
2.63126e+06,14,QOSDATA_TID6,1066
2.63144e+06,20,ACK,14
2.63149e+06,14,CTL,20
2.63157e+06,6,RTS,20
2.63164e+06,20,CTS,14
2.6317e+06,6,QOSDATA_TID6,1066
2.63188e+06,20,ACK,14
2.63193e+06,6,CTL,20
2.63202e+06,18,RTS,20
2.63202e+06,2,RTS,20
2.63202e+06,11,RTS,20
2.63212e+06,8,RTS,20
2.63212e+06,19,RTS,20
2.63212e+06,13,RTS,20
2.63223e+06,7,RTS,20
2.6323e+06,20,CTS,14
2.63236e+06,7,QOSDATA_TID6,1066
2.63254e+06,20,ACK,14
2.63258e+06,7,CTL,20
2.63268e+06,17,RTS,20
2.63268e+06,19,RTS,20
2.63268e+06,3,RTS,20
2.63268e+06,10,RTS,20
2.63278e+06,13,RTS,20
2.63285e+06,20,CTS,14
2.63291e+06,13,QOSDATA_TID6,1066
2.63309e+06,20,ACK,14
2.63313e+06,13,CTL,20
2.63322e+06,0,RTS,20
2.63329e+06,20,CTS,14
2.63335e+06,0,QOSDATA_TID6,1066
2.63353e+06,20,ACK,14
2.63358e+06,0,CTL,20
2.63366e+06,13,RTS,20
2.63366e+06,16,RTS,20
2.63377e+06,7,RTS,20
2.63377e+06,9,RTS,20
2.63377e+06,10,RTS,20
2.63384e+06,20,CTS,14
2.6339e+06,7,QOSDATA_TID6,1066
2.63408e+06,20,ACK,14
2.63412e+06,7,CTL,20
2.63422e+06,11,RTS,20
2.63422e+06,9,RTS,20
2.63436e+06,9,RTS,20
2.63443e+06,20,CTS,14
2.63449e+06,9,QOSDATA_TID6,1066
2.63467e+06,20,ACK,14
2.63472e+06,9,CTL,20
2.63481e+06,12,RTS,20
2.63488e+06,20,CTS,14
2.63494e+06,12,QOSDATA_TID6,1066
2.63512e+06,20,ACK,14
2.63517e+06,12,CTL,20
2.63525e+06,11,RTS,20
2.63525e+06,19,RTS,20
2.63525e+06,10,RTS,20
2.63536e+06,6,RTS,20
2.63543e+06,20,CTS,14
2.63549e+06,6,QOSDATA_TID6,1066
2.63567e+06,20,ACK,14
2.63572e+06,6,CTL,20
2.6358e+06,3,RTS,20
2.6358e+06,11,RTS,20
2.63591e+06,19,RTS,20
2.63598e+06,20,CTS,14
2.63604e+06,19,QOSDATA_TID6,1066
2.63622e+06,20,ACK,14
2.63627e+06,19,QOSDATA_TID6,1066
2.63645e+06,20,ACK,14
2.63649e+06,19,CTL,20
2.63659e+06,1,RTS,20
2.63659e+06,8,RTS,20
2.63659e+06,2,RTS,20
2.63659e+06,3,RTS,20
2.63659e+06,18,RTS,20
2.63659e+06,13,RTS,20
2.63669e+06,5,RTS,20
2.63669e+06,11,RTS,20
2.63676e+06,20,CTS,14
2.63682e+06,5,QOSDATA_TID6,1066
2.637e+06,20,ACK,14
2.63704e+06,5,CTL,20
2.63714e+06,17,RTS,20
2.63714e+06,2,RTS,20
2.63714e+06,4,RTS,20
2.63714e+06,15,RTS,20
2.63726e+06,13,RTS,20
2.63733e+06,20,CTS,14
2.63739e+06,13,QOSDATA_TID6,1066
2.63758e+06,20,ACK,14
2.63762e+06,13,CTL,20
2.6377e+06,15,RTS,20
2.63777e+06,20,CTS,14
2.63783e+06,15,QOSDATA_TID6,1066
2.63802e+06,20,ACK,14
2.63806e+06,15,CTL,20
2.63815e+06,2,RTS,20
2.63815e+06,4,RTS,20
2.63822e+06,20,CTS,14
2.63828e+06,2,QOSDATA_TID6,1066
2.63846e+06,20,ACK,14
2.6385e+06,2,QOSDATA_TID6,1066
2.63869e+06,20,ACK,14
2.63873e+06,2,CTL,20
2.63882e+06,8,RTS,20
2.63882e+06,4,RTS,20
2.63888e+06,20,CTS,14
2.63894e+06,8,QOSDATA_TID6,1066
2.63913e+06,20,ACK,14
2.63917e+06,8,QOSDATA_TID6,1066
2.63936e+06,20,ACK,14
2.6394e+06,8,CTL,20
2.6395e+06,17,RTS,20
2.6395e+06,11,RTS,20
2.6395e+06,3,RTS,20
2.6395e+06,18,RTS,20
2.6395e+06,14,RTS,20
2.63963e+06,11,RTS,20
2.6397e+06,20,CTS,14
2.63976e+06,11,QOSDATA_TID6,1066
2.63994e+06,20,ACK,14
2.63998e+06,11,CTL,20
2.64008e+06,3,RTS,20
2.64015e+06,20,CTS,14
2.64021e+06,3,QOSDATA_TID6,1066
2.64039e+06,20,ACK,14
2.64043e+06,3,QOSDATA_TID6,1066
2.64062e+06,20,ACK,14
2.64066e+06,3,CTL,20
2.64075e+06,1,RTS,20
2.64075e+06,16,RTS,20
2.64082e+06,20,CTS,14
2.64088e+06,1,QOSDATA_TID6,1066
2.64106e+06,20,ACK,14
2.6411e+06,1,CTL,20
2.64119e+06,14,RTS,20
2.64126e+06,20,CTS,14
2.64132e+06,14,QOSDATA_TID6,1066
2.6415e+06,20,ACK,14
2.64155e+06,14,CTL,20
2.64163e+06,0,RTS,20
2.64163e+06,13,RTS,20
2.6417e+06,20,CTS,14
2.64176e+06,0,QOSDATA_TID6,1066
2.64194e+06,20,ACK,14
2.64199e+06,0,CTL,20
2.64208e+06,18,RTS,20
2.64208e+06,17,RTS,20
2.64215e+06,20,CTS,14
2.64221e+06,17,QOSDATA_TID6,1066
2.6424e+06,20,ACK,14
2.64244e+06,17,QOSDATA_TID6,1066
2.64262e+06,20,ACK,14
2.64267e+06,17,CTL,20
2.64275e+06,12,RTS,20
2.64275e+06,9,RTS,20
2.64282e+06,20,CTS,14
2.64288e+06,12,QOSDATA_TID6,1066
2.64306e+06,20,ACK,14
2.64311e+06,12,CTL,20
2.6432e+06,19,RTS,20
2.64326e+06,20,CTS,14
2.64332e+06,19,QOSDATA_TID6,1066
2.64351e+06,20,ACK,14
2.64355e+06,19,CTL,20
2.64364e+06,17,RTS,20
2.64364e+06,18,RTS,20
2.64371e+06,20,CTS,14
2.64377e+06,17,QOSDATA_TID6,1066
2.64395e+06,20,ACK,14
2.64399e+06,17,CTL,20
2.64409e+06,1,RTS,20
2.64409e+06,11,RTS,20
2.64409e+06,10,RTS,20
2.6442e+06,3,RTS,20
2.6442e+06,6,RTS,20
2.6442e+06,7,RTS,20
2.6442e+06,13,RTS,20
2.6443e+06,5,RTS,20
2.64437e+06,20,CTS,14
2.64443e+06,5,QOSDATA_TID6,1066
2.64462e+06,20,ACK,14
2.64466e+06,5,CTL,20
2.64474e+06,15,RTS,20
2.64481e+06,20,CTS,14
2.64487e+06,15,QOSDATA_TID6,1066
2.64506e+06,20,ACK,14
2.6451e+06,15,CTL,20
2.64519e+06,6,RTS,20
2.64519e+06,7,RTS,20
2.64519e+06,2,RTS,20
2.64519e+06,4,RTS,20
2.64528e+06,1,RTS,20
2.64535e+06,20,CTS,14
2.64541e+06,1,QOSDATA_TID6,1066
2.6456e+06,20,ACK,14
2.64564e+06,1,CTL,20
2.64573e+06,4,RTS,20
2.64573e+06,2,RTS,20
2.6458e+06,20,CTS,14
2.64586e+06,2,QOSDATA_TID6,1066
2.64604e+06,20,ACK,14
2.64608e+06,2,CTL,20
2.64618e+06,9,RTS,20
2.64618e+06,10,RTS,20
2.64618e+06,7,RTS,20
2.64618e+06,13,RTS,20
2.64628e+06,6,RTS,20
2.64635e+06,20,CTS,14
2.64641e+06,6,QOSDATA_TID6,1066
2.6466e+06,20,ACK,14
2.64664e+06,6,CTL,20
2.64673e+06,8,RTS,20
2.6468e+06,20,CTS,14
2.64686e+06,8,QOSDATA_TID6,1066
2.64704e+06,20,ACK,14
2.64708e+06,8,CTL,20
2.64717e+06,7,RTS,20
2.64717e+06,13,RTS,20
2.64724e+06,20,CTS,14
2.6473e+06,7,QOSDATA_TID6,1066
2.64748e+06,20,ACK,14
2.64752e+06,7,CTL,20
2.64761e+06,18,RTS,20
2.64768e+06,20,CTS,14
2.64774e+06,18,QOSDATA_TID6,1066
2.64792e+06,20,ACK,14
2.64797e+06,18,QOSDATA_TID6,1066
2.64815e+06,20,ACK,14
2.6482e+06,18,QOSDATA_TID6,1066
2.64838e+06,20,ACK,14
2.64842e+06,18,CTL,20
2.64851e+06,3,RTS,20
2.64858e+06,20,CTS,14
2.64864e+06,3,QOSDATA_TID6,1066
2.64882e+06,20,ACK,14
2.64886e+06,3,CTL,20
2.64895e+06,10,RTS,20
2.64895e+06,16,RTS,20
2.64895e+06,14,RTS,20
2.64906e+06,13,RTS,20
2.64913e+06,20,CTS,14
2.64919e+06,13,QOSDATA_TID6,1066
2.64937e+06,20,ACK,14
2.64941e+06,13,CTL,20
2.6495e+06,10,RTS,20
2.64957e+06,20,CTS,14
2.64963e+06,10,QOSDATA_TID6,1066
2.64981e+06,20,ACK,14
2.64986e+06,10,QOSDATA_TID6,1066
2.65004e+06,20,ACK,14
2.65008e+06,10,QOSDATA_TID6,1066
2.65027e+06,20,ACK,14
2.65031e+06,10,QOSDATA_TID6,1066
2.6505e+06,20,ACK,14
2.65054e+06,10,CTL,20
2.65063e+06,0,RTS,20
2.65063e+06,7,RTS,20
2.65063e+06,16,RTS,20
2.65072e+06,9,RTS,20
2.65079e+06,20,CTS,14
2.65085e+06,9,QOSDATA_TID6,1066
2.65104e+06,20,ACK,14
2.65108e+06,9,QOSDATA_TID6,1066
2.65126e+06,20,ACK,14
2.65131e+06,9,CTL,20
2.6514e+06,3,RTS,20
2.6514e+06,0,RTS,20
2.65146e+06,20,CTS,14
2.65152e+06,0,QOSDATA_TID6,1066
2.65171e+06,20,ACK,14
2.65175e+06,0,CTL,20
2.65184e+06,4,RTS,20
2.6519e+06,20,CTS,14
2.65196e+06,4,QOSDATA_TID6,1066
2.65215e+06,20,ACK,14
2.65219e+06,4,QOSDATA_TID6,1066
2.65238e+06,20,ACK,14
2.65242e+06,4,CTL,20
2.65251e+06,11,RTS,20
2.65251e+06,1,RTS,20
2.65251e+06,12,RTS,20
2.65251e+06,5,RTS,20
2.65251e+06,13,RTS,20
2.65251e+06,3,RTS,20
2.65261e+06,17,RTS,20
2.65261e+06,2,RTS,20
2.65261e+06,6,RTS,20
2.65261e+06,10,RTS,20
2.65261e+06,14,RTS,20
2.65261e+06,15,RTS,20
2.65272e+06,13,RTS,20
2.65279e+06,20,CTS,14
2.65285e+06,13,QOSDATA_TID6,1066
2.65303e+06,20,ACK,14
2.65308e+06,13,CTL,20
2.65316e+06,14,RTS,20
2.65323e+06,20,CTS,14
2.65329e+06,14,QOSDATA_TID6,1066
2.65348e+06,20,ACK,14
2.65352e+06,14,CTL,20
2.6536e+06,7,RTS,20
2.6536e+06,10,RTS,20
2.65367e+06,20,CTS,14
2.65373e+06,7,QOSDATA_TID6,1066
2.65392e+06,20,ACK,14
2.65396e+06,7,CTL,20
2.65406e+06,5,RTS,20
2.65406e+06,4,RTS,20
2.65406e+06,15,RTS,20
2.65406e+06,19,RTS,20
2.65406e+06,2,RTS,20
2.65412e+06,20,CTS,14
2.65418e+06,5,QOSDATA_TID6,1066
2.65437e+06,20,ACK,14
2.65441e+06,5,CTL,20
2.6545e+06,19,RTS,20
2.6545e+06,6,RTS,20
2.6546e+06,2,RTS,20
2.65467e+06,20,CTS,14
2.65473e+06,2,QOSDATA_TID6,1066
2.65492e+06,20,ACK,14
2.65496e+06,2,CTL,20
2.65506e+06,8,RTS,20
2.65506e+06,15,RTS,20
2.65512e+06,20,CTS,14
2.65518e+06,8,QOSDATA_TID6,1066
2.65537e+06,20,ACK,14
2.65541e+06,8,CTL,20
2.6555e+06,18,RTS,20
2.65557e+06,20,CTS,14
2.65563e+06,18,QOSDATA_TID6,1066
2.65581e+06,20,ACK,14
2.65585e+06,18,CTL,20
2.65594e+06,10,RTS,20
2.65601e+06,20,CTS,14
2.65607e+06,10,QOSDATA_TID6,1066
2.65625e+06,20,ACK,14
2.6563e+06,10,CTL,20
2.65638e+06,17,RTS,20
2.65638e+06,1,RTS,20
2.65638e+06,15,RTS,20
2.65638e+06,16,RTS,20
2.65648e+06,12,RTS,20
2.65648e+06,3,RTS,20
2.65655e+06,20,CTS,14
2.65661e+06,12,QOSDATA_TID6,1066
2.65679e+06,20,ACK,14
2.65684e+06,12,CTL,20
2.65692e+06,19,RTS,20
2.65699e+06,20,CTS,14
2.65705e+06,19,QOSDATA_TID6,1066
2.65723e+06,20,ACK,14
2.65728e+06,19,CTL,20
2.65736e+06,16,RTS,20
2.65736e+06,14,RTS,20
2.65746e+06,3,RTS,20
2.65753e+06,20,CTS,14
2.65759e+06,3,QOSDATA_TID6,1066
2.65777e+06,20,ACK,14
2.65782e+06,3,CTL,20
2.6579e+06,9,RTS,20
2.65797e+06,20,CTS,14
2.65803e+06,9,QOSDATA_TID6,1066
2.65822e+06,20,ACK,14
2.65826e+06,9,CTL,20
2.65835e+06,11,RTS,20
2.65835e+06,4,RTS,20
2.65844e+06,16,RTS,20
2.65844e+06,7,RTS,20
2.65844e+06,6,RTS,20
2.65856e+06,17,RTS,20
2.65862e+06,20,CTS,14
2.65868e+06,17,QOSDATA_TID6,1066
2.65887e+06,20,ACK,14
2.65891e+06,17,CTL,20
2.659e+06,1,RTS,20
2.659e+06,3,RTS,20
2.659e+06,15,RTS,20
2.6591e+06,0,RTS,20
2.6591e+06,7,RTS,20
2.65922e+06,15,RTS,20
2.65929e+06,20,CTS,14
2.65935e+06,15,QOSDATA_TID6,1066
2.65953e+06,20,ACK,14
2.65958e+06,15,CTL,20
2.65968e+06,14,RTS,20
2.65968e+06,13,RTS,20
2.65968e+06,7,RTS,20
2.65968e+06,12,RTS,20
2.65968e+06,1,RTS,20
2.65968e+06,19,RTS,20
2.65968e+06,16,RTS,20
2.65978e+06,0,RTS,20
2.65985e+06,20,CTS,14
2.65991e+06,0,QOSDATA_TID6,1066
2.66009e+06,20,ACK,14
2.66014e+06,0,CTL,20
2.66024e+06,14,RTS,20
2.66024e+06,17,RTS,20
2.66031e+06,20,CTS,14
2.66037e+06,17,QOSDATA_TID6,1066
2.66055e+06,20,ACK,14
2.6606e+06,17,CTL,20
2.66069e+06,10,RTS,20
2.66076e+06,20,CTS,14
2.66082e+06,10,QOSDATA_TID6,1066
2.661e+06,20,ACK,14
2.66105e+06,10,CTL,20
2.66113e+06,2,RTS,20
2.66113e+06,13,RTS,20
2.66125e+06,14,RTS,20
2.66125e+06,11,RTS,20
2.66136e+06,3,RTS,20
2.66142e+06,20,CTS,14
2.66148e+06,3,QOSDATA_TID6,1066
2.66167e+06,20,ACK,14
2.66171e+06,3,CTL,20
2.6618e+06,2,RTS,20
2.6618e+06,13,RTS,20
2.66192e+06,11,RTS,20
2.66192e+06,16,RTS,20
2.66202e+06,2,RTS,20
2.66209e+06,20,CTS,14
2.66215e+06,2,QOSDATA_TID6,1066
2.66233e+06,20,ACK,14
2.66238e+06,2,CTL,20
2.66246e+06,18,RTS,20
2.66246e+06,5,RTS,20
2.66246e+06,1,RTS,20
2.66246e+06,6,RTS,20
2.66246e+06,12,RTS,20
2.66246e+06,14,RTS,20
2.66246e+06,15,RTS,20
2.66257e+06,11,RTS,20
2.66264e+06,20,CTS,14
2.6627e+06,11,QOSDATA_TID6,1066
2.66288e+06,20,ACK,14
2.66292e+06,11,QOSDATA_TID6,1066
2.66311e+06,20,ACK,14
2.66315e+06,11,QOSDATA_TID6,1066
2.66334e+06,20,ACK,14
2.66338e+06,11,CTL,20
2.66347e+06,4,RTS,20
2.66347e+06,5,RTS,20
2.66347e+06,14,RTS,20
2.66354e+06,20,CTS,14
2.6636e+06,5,QOSDATA_TID6,1066
2.66378e+06,20,ACK,14
2.66382e+06,5,CTL,20
2.66392e+06,7,RTS,20
2.66392e+06,6,RTS,20
2.66392e+06,15,RTS,20
2.66402e+06,13,RTS,20
2.66402e+06,19,RTS,20
2.66414e+06,6,RTS,20
2.66421e+06,20,CTS,14
2.66427e+06,6,QOSDATA_TID6,1066
2.66445e+06,20,ACK,14
2.6645e+06,6,QOSDATA_TID6,1066
2.66468e+06,20,ACK,14
2.66472e+06,6,CTL,20
2.66481e+06,19,RTS,20
2.66481e+06,4,RTS,20
2.66488e+06,20,CTS,14
2.66494e+06,19,QOSDATA_TID6,1066
2.66512e+06,20,ACK,14
2.66517e+06,19,CTL,20
2.66525e+06,0,RTS,20
2.66532e+06,20,CTS,14
2.66538e+06,0,QOSDATA_TID6,1066
2.66557e+06,20,ACK,14
2.66561e+06,0,CTL,20
2.6657e+06,12,RTS,20
2.66576e+06,20,CTS,14
2.66582e+06,12,QOSDATA_TID6,1066
2.66601e+06,20,ACK,14
2.66605e+06,12,CTL,20
2.66614e+06,8,RTS,20
2.66621e+06,20,CTS,14
2.66627e+06,8,QOSDATA_TID6,1066
2.66645e+06,20,ACK,14
2.66649e+06,8,CTL,20
2.66658e+06,18,RTS,20
2.66665e+06,20,CTS,14
2.66671e+06,18,QOSDATA_TID6,1066
2.66689e+06,20,ACK,14
2.66694e+06,18,CTL,20
2.66702e+06,9,RTS,20
2.66702e+06,14,RTS,20
2.66702e+06,19,RTS,20
2.66713e+06,13,RTS,20
2.6672e+06,20,CTS,14
2.66726e+06,13,QOSDATA_TID6,1066
2.66744e+06,20,ACK,14
2.66748e+06,13,QOSDATA_TID6,1066
2.66767e+06,20,ACK,14
2.66771e+06,13,CTL,20
2.6678e+06,7,RTS,20
2.6678e+06,6,RTS,20
2.66791e+06,15,RTS,20
2.66797e+06,20,CTS,14
2.66803e+06,15,QOSDATA_TID6,1066
2.66822e+06,20,ACK,14
2.66826e+06,15,CTL,20
2.66835e+06,5,RTS,20
2.66842e+06,20,CTS,14
2.66848e+06,5,QOSDATA_TID6,1066
2.66866e+06,20,ACK,14
2.6687e+06,5,CTL,20
2.66879e+06,12,RTS,20
2.66879e+06,7,RTS,20
2.66879e+06,3,RTS,20
2.66879e+06,11,RTS,20
2.66879e+06,16,RTS,20
2.66879e+06,6,RTS,20
2.66879e+06,4,RTS,20
2.66879e+06,15,RTS,20
2.66889e+06,17,RTS,20
2.66889e+06,1,RTS,20
2.669e+06,10,RTS,20
2.66906e+06,20,CTS,14
2.66912e+06,10,QOSDATA_TID6,1066
2.66931e+06,20,ACK,14
2.66935e+06,10,CTL,20
2.66944e+06,14,RTS,20
2.6695e+06,20,CTS,14
2.66956e+06,14,QOSDATA_TID6,1066
2.66975e+06,20,ACK,14
2.66979e+06,14,CTL,20
2.66988e+06,7,RTS,20
2.66988e+06,12,RTS,20
2.66988e+06,2,RTS,20
2.66988e+06,17,RTS,20
2.66988e+06,4,RTS,20
2.66998e+06,15,RTS,20
2.67004e+06,20,CTS,14
2.6701e+06,15,QOSDATA_TID6,1066
2.67029e+06,20,ACK,14
2.67033e+06,15,CTL,20
2.67042e+06,11,RTS,20
2.67049e+06,20,CTS,14
2.67055e+06,11,QOSDATA_TID6,1066
2.67073e+06,20,ACK,14
2.67078e+06,11,CTL,20
2.67086e+06,12,RTS,20
2.67086e+06,2,RTS,20
2.67086e+06,9,RTS,20
2.67086e+06,18,RTS,20
2.67093e+06,20,CTS,14
2.67099e+06,12,QOSDATA_TID6,1066
2.67117e+06,20,ACK,14
2.67122e+06,12,CTL,20
2.6713e+06,19,RTS,20
2.67137e+06,20,CTS,14
2.67143e+06,19,QOSDATA_TID6,1066
2.67162e+06,20,ACK,14
2.67166e+06,19,CTL,20
2.67174e+06,8,RTS,20
2.67174e+06,4,RTS,20
2.67174e+06,18,RTS,20
2.67174e+06,6,RTS,20
2.67184e+06,7,RTS,20
2.67191e+06,20,CTS,14
2.67197e+06,7,QOSDATA_TID6,1066
2.67216e+06,20,ACK,14
2.6722e+06,7,CTL,20
2.67228e+06,9,RTS,20
2.67235e+06,20,CTS,14
2.67241e+06,9,QOSDATA_TID6,1066
2.6726e+06,20,ACK,14
2.67264e+06,9,CTL,20
2.67273e+06,3,RTS,20
2.67273e+06,17,RTS,20
2.67273e+06,16,RTS,20
2.6728e+06,20,CTS,14
2.67286e+06,17,QOSDATA_TID6,1066
2.67304e+06,20,ACK,14
2.67308e+06,17,CTL,20
2.67318e+06,16,RTS,20
2.67318e+06,6,RTS,20
2.67318e+06,14,RTS,20
2.67332e+06,6,RTS,20
2.67332e+06,2,RTS,20
2.67346e+06,18,RTS,20
2.67352e+06,20,CTS,14
2.67358e+06,18,QOSDATA_TID6,1066
2.67377e+06,20,ACK,14
2.67381e+06,18,CTL,20
2.6739e+06,6,RTS,20
2.6739e+06,7,RTS,20
2.6739e+06,16,RTS,20
2.674e+06,9,RTS,20
2.67406e+06,20,CTS,14
2.67412e+06,9,QOSDATA_TID6,1066
2.67431e+06,20,ACK,14
2.67435e+06,9,CTL,20
2.67445e+06,2,RTS,20
2.67445e+06,4,RTS,20
2.67445e+06,13,RTS,20
2.67456e+06,12,RTS,20
2.67456e+06,8,RTS,20
2.67456e+06,1,RTS,20
2.67456e+06,6,RTS,20
2.67466e+06,13,RTS,20
2.67473e+06,20,CTS,14
2.67479e+06,13,QOSDATA_TID6,1066
2.67497e+06,20,ACK,14
2.67502e+06,13,CTL,20
2.6751e+06,19,RTS,20
2.67517e+06,20,CTS,14
2.67523e+06,19,QOSDATA_TID6,1066
2.67542e+06,20,ACK,14
2.67546e+06,19,CTL,20
2.67554e+06,4,RTS,20
2.67561e+06,20,CTS,14
2.67567e+06,4,QOSDATA_TID6,1066
2.67586e+06,20,ACK,14
2.6759e+06,4,QOSDATA_TID6,1066
2.67608e+06,20,ACK,14
2.67613e+06,4,CTL,20
2.67622e+06,16,RTS,20
2.67628e+06,20,CTS,14
2.67634e+06,16,QOSDATA_TID6,1066
2.67653e+06,20,ACK,14
2.67657e+06,16,QOSDATA_TID6,1066
2.67676e+06,20,ACK,14
2.6768e+06,16,QOSDATA_TID6,1066
2.67698e+06,20,ACK,14
2.67703e+06,16,QOSDATA_TID6,1066
2.67721e+06,20,ACK,14
2.67726e+06,16,QOSDATA_TID6,1066
2.67744e+06,20,ACK,14
2.67748e+06,16,QOSDATA_TID6,1066
2.67767e+06,20,ACK,14
2.67771e+06,16,CTL,20
2.6778e+06,11,RTS,20
2.6778e+06,17,RTS,20
2.6778e+06,0,RTS,20
2.6779e+06,15,RTS,20
2.6779e+06,3,RTS,20
2.67802e+06,8,RTS,20
2.67809e+06,20,CTS,14
2.67815e+06,8,QOSDATA_TID6,1066
2.67833e+06,20,ACK,14
2.67838e+06,8,CTL,20
2.67845e+06,20,BEACON,152
2.67872e+06,5,RTS,20
2.67872e+06,12,RTS,20
2.67872e+06,11,RTS,20
2.67872e+06,4,RTS,20
2.67881e+06,17,RTS,20
2.67881e+06,10,RTS,20
2.67888e+06,20,CTS,14
2.67894e+06,17,QOSDATA_TID6,1066
2.67912e+06,20,ACK,14
2.67917e+06,17,CTL,20
2.67926e+06,12,RTS,20
2.67926e+06,14,RTS,20
2.67932e+06,20,CTS,14
2.67938e+06,12,QOSDATA_TID6,1066
2.67957e+06,20,ACK,14
2.67961e+06,12,CTL,20
2.67971e+06,8,RTS,20
2.67971e+06,1,RTS,20
2.67971e+06,5,RTS,20
2.67971e+06,15,RTS,20
2.67971e+06,6,RTS,20
2.67971e+06,10,RTS,20
2.67982e+06,7,RTS,20
2.67989e+06,20,CTS,14
2.67995e+06,7,QOSDATA_TID6,1066
2.68013e+06,20,ACK,14
2.68018e+06,7,CTL,20
2.68026e+06,1,RTS,20
2.68026e+06,2,RTS,20
2.68026e+06,3,RTS,20
2.68038e+06,0,RTS,20
2.68038e+06,6,RTS,20
2.68038e+06,14,RTS,20
2.68048e+06,16,RTS,20
2.68055e+06,20,CTS,14
2.68061e+06,16,QOSDATA_TID6,1066
2.68079e+06,20,ACK,14
2.68084e+06,16,CTL,20
2.68092e+06,8,RTS,20
2.68092e+06,2,RTS,20
2.68099e+06,20,CTS,14
2.68105e+06,8,QOSDATA_TID6,1066
2.68123e+06,20,ACK,14
2.68128e+06,8,CTL,20
2.68137e+06,11,RTS,20
2.68137e+06,18,RTS,20
2.68148e+06,5,RTS,20
2.68155e+06,20,CTS,14
2.68161e+06,5,QOSDATA_TID6,1066
2.68179e+06,20,ACK,14
2.68184e+06,5,CTL,20
2.68192e+06,9,RTS,20
2.68192e+06,15,RTS,20
2.68199e+06,20,CTS,14
2.68205e+06,15,QOSDATA_TID6,1066
2.68223e+06,20,ACK,14
2.68228e+06,15,CTL,20
2.68237e+06,4,RTS,20
2.68244e+06,20,CTS,14
2.6825e+06,4,QOSDATA_TID6,1066
2.68268e+06,20,ACK,14
2.68273e+06,4,CTL,20
2.68281e+06,7,RTS,20
2.68281e+06,1,RTS,20
2.68281e+06,10,RTS,20
2.68294e+06,3,RTS,20
2.68301e+06,20,CTS,14
2.68307e+06,3,QOSDATA_TID6,1066
2.68325e+06,20,ACK,14
2.6833e+06,3,QOSDATA_TID6,1066
2.68348e+06,20,ACK,14
2.68352e+06,3,QOSDATA_TID6,1066
2.68371e+06,20,ACK,14
2.68375e+06,3,CTL,20
2.68384e+06,19,RTS,20
2.68384e+06,14,RTS,20
2.6839e+06,20,CTS,14
2.68396e+06,19,QOSDATA_TID6,1066
2.68415e+06,20,ACK,14
2.68419e+06,19,CTL,20
2.68429e+06,12,RTS,20
2.68429e+06,0,CTS,14
2.68429e+06,6,RTS,20
2.68429e+06,13,RTS,20
2.68441e+06,0,RTS,20
2.68448e+06,20,CTS,14
2.68454e+06,0,QOSDATA_TID6,1066
2.68472e+06,20,ACK,14
2.68477e+06,0,QOSDATA_TID6,1066
2.68495e+06,20,ACK,14
2.68499e+06,0,CTL,20
2.68508e+06,5,RTS,20
2.68508e+06,1,RTS,20
2.68508e+06,11,RTS,20
2.68515e+06,20,CTS,14
2.68521e+06,5,QOSDATA_TID6,1066
2.68539e+06,20,ACK,14
2.68544e+06,5,CTL,20
2.68552e+06,17,RTS,20
2.68559e+06,20,CTS,14
2.68565e+06,17,QOSDATA_TID6,1066
2.68583e+06,20,ACK,14
2.68588e+06,17,CTL,20
2.68596e+06,7,RTS,20
2.68596e+06,11,RTS,20
2.68596e+06,18,RTS,20
2.68596e+06,15,RTS,20
2.68596e+06,10,RTS,20
2.68606e+06,6,RTS,20
2.68613e+06,20,CTS,14
2.68619e+06,6,QOSDATA_TID6,1066
2.68637e+06,20,ACK,14
2.68642e+06,6,QOSDATA_TID6,1066
2.6866e+06,20,ACK,14
2.68665e+06,6,CTL,20
2.68673e+06,15,RTS,20
2.68673e+06,2,RTS,20
2.68673e+06,1,RTS,20
2.68685e+06,7,RTS,20
2.68692e+06,20,CTS,14
2.68698e+06,7,QOSDATA_TID6,1066
2.68716e+06,20,ACK,14
2.6872e+06,7,CTL,20
2.6873e+06,4,RTS,20
2.68737e+06,20,CTS,14
2.68743e+06,4,QOSDATA_TID6,1066
2.68761e+06,20,ACK,14
2.68766e+06,4,CTL,20
2.68774e+06,8,RTS,20
2.68774e+06,13,RTS,20
2.68774e+06,9,RTS,20
2.68774e+06,18,RTS,20
2.68774e+06,10,RTS,20
2.68785e+06,14,RTS,20
2.68792e+06,20,CTS,14
2.68798e+06,14,QOSDATA_TID6,1066
2.68816e+06,20,ACK,14
2.6882e+06,14,QOSDATA_TID6,1066
2.68839e+06,20,ACK,14
2.68843e+06,14,QOSDATA_TID6,1066
2.68862e+06,20,ACK,14
2.68866e+06,14,CTL,20
2.68875e+06,2,RTS,20
2.68882e+06,20,CTS,14
2.68888e+06,2,QOSDATA_TID6,1066
2.68906e+06,20,ACK,14
2.6891e+06,2,QOSDATA_TID6,1066
2.68929e+06,20,ACK,14
2.68933e+06,2,CTL,20
2.68942e+06,0,RTS,20
2.68942e+06,11,RTS,20
2.68942e+06,16,RTS,20
2.68942e+06,13,RTS,20
2.68952e+06,7,RTS,20
2.68952e+06,1,RTS,20
2.68952e+06,9,RTS,20
2.68962e+06,0,RTS,20
2.68969e+06,20,CTS,14
2.68975e+06,0,QOSDATA_TID6,1066
2.68993e+06,20,ACK,14
2.68998e+06,0,CTL,20
2.69007e+06,15,RTS,20
2.69007e+06,12,RTS,20
2.69014e+06,20,CTS,14
2.6902e+06,12,QOSDATA_TID6,1066
2.69038e+06,20,ACK,14
2.69043e+06,12,QOSDATA_TID6,1066
2.69061e+06,20,ACK,14
2.69066e+06,12,CTL,20
2.69076e+06,3,RTS,20
2.69076e+06,18,RTS,20
2.69076e+06,9,RTS,20
2.69086e+06,8,RTS,20
2.69086e+06,1,RTS,20
2.69086e+06,13,RTS,20
2.69096e+06,19,RTS,20
2.69102e+06,20,CTS,14
2.69108e+06,19,QOSDATA_TID6,1066
2.69127e+06,20,ACK,14
2.69131e+06,19,CTL,20
2.6914e+06,1,RTS,20
2.6914e+06,11,RTS,20
2.6914e+06,7,RTS,20
2.6914e+06,6,RTS,20
2.6915e+06,3,RTS,20
2.69156e+06,20,CTS,14
2.69162e+06,3,QOSDATA_TID6,1066
2.69181e+06,20,ACK,14
2.69185e+06,3,CTL,20
2.69194e+06,15,RTS,20
2.69201e+06,20,CTS,14
2.69207e+06,15,QOSDATA_TID6,1066
2.69225e+06,20,ACK,14
2.6923e+06,15,CTL,20
2.69238e+06,5,RTS,20
2.69238e+06,17,RTS,20
2.69238e+06,16,RTS,20
2.69238e+06,10,RTS,20
2.69249e+06,9,RTS,20
2.69249e+06,7,RTS,20
2.69256e+06,20,CTS,14
2.69262e+06,7,QOSDATA_TID6,1066
2.6928e+06,20,ACK,14
2.69284e+06,7,CTL,20
2.69294e+06,5,RTS,20
2.69294e+06,4,RTS,20
2.69294e+06,2,RTS,20
2.69294e+06,18,RTS,20
2.69301e+06,20,CTS,14
2.69307e+06,5,QOSDATA_TID6,1066
2.69325e+06,20,ACK,14
2.6933e+06,5,CTL,20
2.69339e+06,15,RTS,20
2.69346e+06,20,CTS,14
2.69352e+06,15,QOSDATA_TID6,1066
2.6937e+06,20,ACK,14
2.69375e+06,15,CTL,20
2.69383e+06,8,RTS,20
2.69383e+06,18,RTS,20
2.6939e+06,20,CTS,14
2.69396e+06,8,QOSDATA_TID6,1066
2.69414e+06,20,ACK,14
2.69419e+06,8,CTL,20
2.69428e+06,17,RTS,20
2.69428e+06,1,RTS,20
2.69428e+06,11,RTS,20
2.69439e+06,2,RTS,20
2.69439e+06,9,RTS,20
2.69439e+06,6,RTS,20
2.69439e+06,10,RTS,20
2.69451e+06,13,RTS,20
2.69457e+06,20,CTS,14
2.69463e+06,13,QOSDATA_TID6,1066
2.69482e+06,20,ACK,14
2.69486e+06,13,QOSDATA_TID6,1066
2.69505e+06,20,ACK,14
2.69509e+06,13,CTL,20
2.69518e+06,14,RTS,20
2.69518e+06,11,RTS,20
2.69518e+06,1,RTS,20
2.69518e+06,2,RTS,20
2.69531e+06,14,RTS,20
2.69531e+06,11,RTS,20
2.69541e+06,10,RTS,20
2.69548e+06,20,CTS,14
2.69554e+06,10,QOSDATA_TID6,1066
2.69573e+06,20,ACK,14
2.69577e+06,10,QOSDATA_TID6,1066
2.69596e+06,20,ACK,14
2.696e+06,10,CTL,20
2.69608e+06,2,RTS,20
2.69615e+06,20,CTS,14
2.69621e+06,2,QOSDATA_TID6,1066
2.6964e+06,20,ACK,14
2.69644e+06,2,CTL,20
2.69653e+06,18,RTS,20
2.69653e+06,1,RTS,20
2.69653e+06,4,RTS,20
2.69662e+06,9,RTS,20
2.69669e+06,20,CTS,14
2.69675e+06,9,QOSDATA_TID6,1066
2.69694e+06,20,ACK,14
2.69698e+06,9,QOSDATA_TID6,1066
2.69716e+06,20,ACK,14
2.69721e+06,9,CTL,20
2.6973e+06,0,RTS,20
2.6973e+06,11,RTS,20
2.69736e+06,20,CTS,14
2.69742e+06,0,QOSDATA_TID6,1066
2.69761e+06,20,ACK,14
2.69765e+06,0,CTL,20
2.69775e+06,18,RTS,20
2.69775e+06,17,RTS,20
2.69775e+06,16,RTS,20
2.69781e+06,20,CTS,14
2.69787e+06,17,QOSDATA_TID6,1066
2.69806e+06,20,ACK,14
2.6981e+06,17,CTL,20
2.69819e+06,9,RTS,20
2.69819e+06,18,RTS,20
2.69826e+06,20,CTS,14
2.69832e+06,18,QOSDATA_TID6,1066
2.6985e+06,20,ACK,14
2.69854e+06,18,QOSDATA_TID6,1066
2.69873e+06,20,ACK,14
2.69877e+06,18,CTL,20
2.69886e+06,12,RTS,20
2.69886e+06,7,RTS,20
2.69893e+06,20,CTS,14
2.69899e+06,12,QOSDATA_TID6,1066
2.69917e+06,20,ACK,14
2.69921e+06,12,CTL,20
2.6993e+06,9,RTS,20
2.69937e+06,20,CTS,14
2.69943e+06,9,QOSDATA_TID6,1066
2.69961e+06,20,ACK,14
2.69966e+06,9,CTL,20
2.69974e+06,8,RTS,20
2.69974e+06,6,RTS,20
2.69981e+06,20,CTS,14
2.69987e+06,8,QOSDATA_TID6,1066
2.70005e+06,20,ACK,14
2.7001e+06,8,CTL,20
2.70018e+06,13,RTS,20
2.70025e+06,20,CTS,14
2.70031e+06,13,QOSDATA_TID6,1066
2.7005e+06,20,ACK,14
2.70054e+06,13,CTL,20
2.70063e+06,15,RTS,20
2.70063e+06,14,RTS,20
2.70063e+06,19,RTS,20
2.70063e+06,2,RTS,20
2.70063e+06,3,RTS,20
2.70063e+06,10,RTS,20
2.70073e+06,5,RTS,20
2.7008e+06,20,CTS,14
2.70086e+06,5,QOSDATA_TID6,1066
2.70104e+06,20,ACK,14
2.70109e+06,5,CTL,20
2.70118e+06,3,RTS,20
2.70118e+06,4,RTS,20
2.70127e+06,19,RTS,20
2.70134e+06,20,CTS,14
2.7014e+06,19,QOSDATA_TID6,1066
2.70158e+06,20,ACK,14
2.70163e+06,19,CTL,20
2.70172e+06,17,RTS,20
2.70172e+06,7,RTS,20
2.70172e+06,6,RTS,20
2.70182e+06,3,RTS,20
2.70182e+06,16,RTS,20
2.70195e+06,6,RTS,20
2.70195e+06,14,RTS,20
2.70206e+06,11,RTS,20
2.70213e+06,20,CTS,14
2.70219e+06,11,QOSDATA_TID6,1066
2.70237e+06,20,ACK,14
2.70241e+06,11,QOSDATA_TID6,1066
2.7026e+06,20,ACK,14
2.70264e+06,11,QOSDATA_TID6,1066
2.70283e+06,20,ACK,14
2.70287e+06,11,CTL,20
2.70296e+06,16,RTS,20
2.70302e+06,20,CTS,14
2.70308e+06,16,QOSDATA_TID6,1066
2.70327e+06,20,ACK,14
2.70331e+06,16,QOSDATA_TID6,1066
2.7035e+06,20,ACK,14
2.70354e+06,16,CTL,20
2.70363e+06,1,RTS,20
2.70363e+06,7,RTS,20
2.70372e+06,18,RTS,20
2.70379e+06,20,CTS,14
2.70385e+06,18,QOSDATA_TID6,1066
2.70404e+06,20,ACK,14
2.70408e+06,18,CTL,20
2.70417e+06,14,RTS,20
2.70424e+06,20,CTS,14
2.7043e+06,14,QOSDATA_TID6,1066
2.70448e+06,20,ACK,14
2.70452e+06,14,QOSDATA_TID6,1066
2.70471e+06,20,ACK,14
2.70475e+06,14,CTL,20
2.70485e+06,2,RTS,20
2.70485e+06,8,RTS,20
2.70485e+06,16,RTS,20
2.70494e+06,7,RTS,20
2.70501e+06,20,CTS,14
2.70507e+06,7,QOSDATA_TID6,1066
2.70526e+06,20,ACK,14
2.7053e+06,7,CTL,20
2.70539e+06,16,RTS,20
2.70539e+06,6,RTS,20
2.70552e+06,3,RTS,20
2.70559e+06,20,CTS,14
2.70565e+06,3,QOSDATA_TID6,1066
2.70583e+06,20,ACK,14
2.70588e+06,3,CTL,20
2.70597e+06,2,RTS,20
2.70597e+06,8,RTS,20
2.70597e+06,6,RTS,20
2.70597e+06,7,RTS,20
2.70597e+06,15,RTS,20
2.70609e+06,13,RTS,20
2.70609e+06,4,RTS,20
2.70618e+06,8,RTS,20
2.70625e+06,20,CTS,14
2.70631e+06,8,QOSDATA_TID6,1066
2.7065e+06,20,ACK,14
2.70654e+06,8,CTL,20
2.70663e+06,2,RTS,20
2.70663e+06,3,RTS,20
2.70663e+06,13,RTS,20
2.70672e+06,10,RTS,20
2.70679e+06,20,CTS,14
2.70685e+06,10,QOSDATA_TID6,1066
2.70704e+06,20,ACK,14
2.70708e+06,10,CTL,20
2.70717e+06,6,RTS,20
2.70717e+06,17,RTS,20
2.70717e+06,1,RTS,20
2.70717e+06,11,RTS,20
2.70726e+06,12,RTS,20
2.70726e+06,7,RTS,20
2.70733e+06,20,CTS,14
2.70739e+06,12,QOSDATA_TID6,1066
2.70758e+06,20,ACK,14
2.70762e+06,12,CTL,20
2.70771e+06,1,RTS,20
2.70771e+06,9,RTS,20
2.70778e+06,20,CTS,14
2.70784e+06,1,QOSDATA_TID6,1066
2.70802e+06,20,ACK,14
2.70806e+06,1,QOSDATA_TID6,1066
2.70825e+06,20,ACK,14
2.70829e+06,1,QOSDATA_TID6,1066
2.70848e+06,20,ACK,14
2.70852e+06,1,QOSDATA_TID6,1066
2.7087e+06,20,ACK,14
2.70875e+06,1,QOSDATA_TID6,1066
2.70893e+06,20,ACK,14
2.70898e+06,1,QOSDATA_TID6,1066
2.70916e+06,20,ACK,14
2.7092e+06,1,CTL,20
2.70929e+06,5,RTS,20
2.70936e+06,20,CTS,14
2.70942e+06,5,QOSDATA_TID6,1066
2.7096e+06,20,ACK,14
2.70964e+06,5,CTL,20
2.70973e+06,19,RTS,20
2.70973e+06,0,RTS,20
2.70985e+06,2,RTS,20
2.70992e+06,20,CTS,14
2.70998e+06,2,QOSDATA_TID6,1066
2.71016e+06,20,ACK,14
2.7102e+06,2,QOSDATA_TID6,1066
2.71039e+06,20,ACK,14
2.71043e+06,2,CTL,20
2.71052e+06,19,RTS,20
2.71058e+06,20,CTS,14
2.71064e+06,19,QOSDATA_TID6,1066
2.71083e+06,20,ACK,14
2.71087e+06,19,CTL,20
2.71096e+06,3,RTS,20
2.71096e+06,10,RTS,20
2.71096e+06,6,RTS,20
2.71096e+06,15,RTS,20
2.71106e+06,16,RTS,20
2.71112e+06,20,CTS,14
2.71118e+06,16,QOSDATA_TID6,1066
2.71137e+06,20,ACK,14
2.71141e+06,16,CTL,20
2.7115e+06,7,RTS,20
2.7115e+06,14,RTS,20
2.71157e+06,20,CTS,14
2.71163e+06,7,QOSDATA_TID6,1066
2.71181e+06,20,ACK,14
2.71186e+06,7,CTL,20
2.71195e+06,8,RTS,20
2.71195e+06,4,RTS,20
2.71195e+06,6,RTS,20
2.71195e+06,9,RTS,20
2.71207e+06,18,RTS,20
2.71207e+06,10,RTS,20
2.71207e+06,13,RTS,20
2.71218e+06,14,RTS,20
2.71218e+06,17,RTS,20
2.71218e+06,11,RTS,20
2.71225e+06,20,CTS,14
2.71231e+06,17,QOSDATA_TID6,1066
2.7125e+06,20,ACK,14
2.71254e+06,17,QOSDATA_TID6,1066
2.71272e+06,20,ACK,14
2.71277e+06,17,CTL,20
2.71285e+06,14,RTS,20
2.71292e+06,20,CTS,14
2.71298e+06,14,QOSDATA_TID6,1066
2.71316e+06,20,ACK,14
2.71321e+06,14,CTL,20
2.7133e+06,18,RTS,20
2.71336e+06,20,CTS,14
2.71342e+06,18,QOSDATA_TID6,1066
2.71361e+06,20,ACK,14
2.71365e+06,18,CTL,20
2.71374e+06,3,RTS,20
2.71374e+06,9,RTS,20
2.71374e+06,7,RTS,20
2.71374e+06,4,RTS,20
2.71384e+06,0,RTS,20
2.7139e+06,20,CTS,14
2.71396e+06,0,QOSDATA_TID6,1066
2.71415e+06,20,ACK,14
2.71419e+06,0,QOSDATA_TID6,1066
2.71438e+06,20,ACK,14
2.71442e+06,0,CTL,20
2.7145e+06,12,RTS,20
2.7145e+06,7,RTS,20
2.71457e+06,20,CTS,14
2.71463e+06,12,QOSDATA_TID6,1066
2.71482e+06,20,ACK,14
2.71486e+06,12,CTL,20
2.71495e+06,16,RTS,20
2.71495e+06,6,RTS,20
2.71505e+06,9,RTS,20
2.71505e+06,13,RTS,20
2.71516e+06,16,RTS,20
2.71523e+06,20,CTS,14
2.71529e+06,16,QOSDATA_TID6,1066
2.71547e+06,20,ACK,14
2.71552e+06,16,CTL,20
2.7156e+06,19,RTS,20
2.7156e+06,13,RTS,20
2.71572e+06,4,RTS,20
2.71579e+06,20,CTS,14
2.71585e+06,4,QOSDATA_TID6,1066
2.71603e+06,20,ACK,14
2.71608e+06,4,QOSDATA_TID6,1066
2.71626e+06,20,ACK,14
2.7163e+06,4,QOSDATA_TID6,1066
2.71649e+06,20,ACK,14
2.71653e+06,4,CTL,20
2.71662e+06,5,RTS,20
2.71662e+06,2,RTS,20
2.71662e+06,6,RTS,20
2.71668e+06,20,CTS,14
2.71674e+06,5,QOSDATA_TID6,1066
2.71693e+06,20,ACK,14
2.71697e+06,5,CTL,20
2.71707e+06,8,RTS,20
2.71707e+06,2,RTS,20
2.71707e+06,4,RTS,20
2.71707e+06,10,RTS,20
2.71717e+06,15,RTS,20
2.71723e+06,20,CTS,14
2.71729e+06,15,QOSDATA_TID6,1066
2.71748e+06,20,ACK,14
2.71752e+06,15,QOSDATA_TID6,1066
2.71771e+06,20,ACK,14
2.71775e+06,15,QOSDATA_TID6,1066
2.71793e+06,20,ACK,14
2.71798e+06,15,CTL,20
2.71808e+06,17,RTS,20
2.71808e+06,1,RTS,20
2.71808e+06,2,RTS,20
2.71808e+06,11,RTS,20
2.71808e+06,9,RTS,20
2.71818e+06,6,RTS,20
2.71818e+06,7,RTS,20
2.7183e+06,9,RTS,20
2.71837e+06,20,CTS,14
2.71843e+06,9,QOSDATA_TID6,1066
2.71862e+06,20,ACK,14
2.71866e+06,9,QOSDATA_TID6,1066
2.71884e+06,20,ACK,14
2.71889e+06,9,CTL,20
2.71898e+06,3,RTS,20
2.71898e+06,10,RTS,20
2.71898e+06,8,RTS,20
2.71898e+06,7,RTS,20
2.71912e+06,4,RTS,20
2.71912e+06,2,RTS,20
2.71919e+06,20,CTS,14
2.71925e+06,2,QOSDATA_TID6,1066
2.71943e+06,20,ACK,14
2.71948e+06,2,CTL,20
2.71956e+06,14,RTS,20
2.71956e+06,4,RTS,20
2.71967e+06,13,RTS,20
2.71974e+06,20,CTS,14
2.7198e+06,13,QOSDATA_TID6,1066
2.71998e+06,20,ACK,14
2.72002e+06,13,QOSDATA_TID6,1066
2.72021e+06,20,ACK,14
2.72025e+06,13,CTL,20
2.72036e+06,14,RTS,20
2.72036e+06,4,RTS,20
2.72036e+06,18,RTS,20
2.72045e+06,8,RTS,20
2.72052e+06,20,CTS,14
2.72058e+06,8,QOSDATA_TID6,1066
2.72077e+06,20,ACK,14
2.72081e+06,8,QOSDATA_TID6,1066
2.72099e+06,20,ACK,14
2.72104e+06,8,CTL,20
2.72113e+06,16,RTS,20
2.7212e+06,20,CTS,14
2.72126e+06,16,QOSDATA_TID6,1066
2.72144e+06,20,ACK,14
2.72149e+06,16,CTL,20
2.72158e+06,4,RTS,20
2.72158e+06,19,RTS,20
2.72158e+06,6,RTS,20
2.72168e+06,13,RTS,20
2.72175e+06,20,CTS,14
2.72181e+06,13,QOSDATA_TID6,1066
2.72199e+06,20,ACK,14
2.72204e+06,13,CTL,20
2.72212e+06,7,RTS,20
2.72219e+06,20,CTS,14
2.72225e+06,7,QOSDATA_TID6,1066
2.72244e+06,20,ACK,14
2.72248e+06,7,QOSDATA_TID6,1066
2.72266e+06,20,ACK,14
2.72271e+06,7,CTL,20
2.72279e+06,17,RTS,20
2.72279e+06,1,RTS,20
2.72279e+06,0,RTS,20
2.72279e+06,6,RTS,20
2.72279e+06,9,RTS,20
2.72289e+06,14,RTS,20
2.72296e+06,20,CTS,14
2.72302e+06,14,QOSDATA_TID6,1066
2.7232e+06,20,ACK,14
2.72325e+06,14,CTL,20
2.72334e+06,18,RTS,20
2.72334e+06,12,RTS,20
2.72334e+06,10,RTS,20
2.72341e+06,20,CTS,14
2.72347e+06,12,QOSDATA_TID6,1066
2.72366e+06,20,ACK,14
2.7237e+06,12,CTL,20
2.7238e+06,17,RTS,20
2.7238e+06,11,RTS,20
2.7238e+06,19,RTS,20
2.7238e+06,3,RTS,20
2.7239e+06,1,RTS,20
2.72397e+06,20,CTS,14
2.72403e+06,1,QOSDATA_TID6,1066
2.72421e+06,20,ACK,14
2.72426e+06,1,QOSDATA_TID6,1066
2.72444e+06,20,ACK,14
2.72448e+06,1,CTL,20
2.72458e+06,0,RTS,20
2.72465e+06,20,CTS,14
2.72471e+06,0,QOSDATA_TID6,1066
2.72489e+06,20,ACK,14
2.72494e+06,0,CTL,20
2.72502e+06,17,RTS,20
2.72502e+06,19,RTS,20
2.72509e+06,20,CTS,14
2.72515e+06,17,QOSDATA_TID6,1066
2.72533e+06,20,ACK,14
2.72538e+06,17,QOSDATA_TID6,1066
2.72556e+06,20,ACK,14
2.72561e+06,17,CTL,20
2.72569e+06,4,RTS,20
2.72569e+06,6,RTS,20
2.72576e+06,20,CTS,14
2.72582e+06,6,QOSDATA_TID6,1066
2.726e+06,20,ACK,14
2.72605e+06,6,QOSDATA_TID6,1066
2.72623e+06,20,ACK,14
2.72628e+06,6,QOSDATA_TID6,1066
2.72646e+06,20,ACK,14
2.7265e+06,6,CTL,20
2.7266e+06,15,RTS,20
2.7266e+06,5,RTS,20
2.72667e+06,20,CTS,14
2.72673e+06,5,QOSDATA_TID6,1066
2.72691e+06,20,ACK,14
2.72696e+06,5,CTL,20
2.72705e+06,8,RTS,20
2.72712e+06,20,CTS,14
2.72718e+06,8,QOSDATA_TID6,1066
2.72736e+06,20,ACK,14
2.72741e+06,8,CTL,20
2.72749e+06,2,RTS,20
2.72749e+06,18,RTS,20
2.7276e+06,14,RTS,20
2.7276e+06,11,RTS,20
2.7276e+06,4,RTS,20
2.72772e+06,3,RTS,20
2.72772e+06,9,RTS,20
2.72772e+06,10,RTS,20
2.72783e+06,19,RTS,20
2.7279e+06,20,CTS,14
2.72796e+06,19,QOSDATA_TID6,1066
2.72814e+06,20,ACK,14
2.72819e+06,19,QOSDATA_TID6,1066
2.72837e+06,20,ACK,14
2.72842e+06,19,CTL,20
2.7285e+06,2,RTS,20
2.7285e+06,10,RTS,20
2.72857e+06,20,CTS,14
2.72863e+06,2,QOSDATA_TID6,1066
2.72881e+06,20,ACK,14
2.72886e+06,2,CTL,20
2.72894e+06,14,RTS,20
2.72894e+06,15,RTS,20
2.72905e+06,16,RTS,20
2.72905e+06,4,RTS,20
2.72915e+06,14,RTS,20
2.72922e+06,20,CTS,14
2.72928e+06,14,QOSDATA_TID6,1066
2.72946e+06,20,ACK,14
2.7295e+06,14,CTL,20
2.72959e+06,0,RTS,20
2.72959e+06,3,RTS,20
2.72959e+06,9,RTS,20
2.72969e+06,7,RTS,20
2.72976e+06,20,CTS,14
2.72982e+06,7,QOSDATA_TID6,1066
2.73e+06,20,ACK,14
2.73004e+06,7,CTL,20
2.73013e+06,4,RTS,20
2.7302e+06,20,CTS,14
2.73026e+06,4,QOSDATA_TID6,1066
2.73044e+06,20,ACK,14
2.73049e+06,4,CTL,20
2.73057e+06,11,RTS,20
2.73057e+06,13,RTS,20
2.73057e+06,10,RTS,20
2.73068e+06,12,RTS,20
2.73075e+06,20,CTS,14
2.73081e+06,12,QOSDATA_TID6,1066
2.73099e+06,20,ACK,14
2.73104e+06,12,CTL,20
2.73113e+06,11,RTS,20
2.73113e+06,16,RTS,20
2.73113e+06,6,RTS,20
2.73123e+06,19,RTS,20
2.7313e+06,20,CTS,14
2.73136e+06,19,QOSDATA_TID6,1066
2.73154e+06,20,ACK,14
2.73158e+06,19,CTL,20
2.73169e+06,1,RTS,20
2.73169e+06,16,RTS,20
2.73169e+06,18,RTS,20
2.73169e+06,10,RTS,20
2.73169e+06,15,RTS,20
2.73181e+06,3,RTS,20
2.73188e+06,20,CTS,14
2.73194e+06,3,QOSDATA_TID6,1066
2.73213e+06,20,ACK,14
2.73217e+06,3,QOSDATA_TID6,1066
2.73235e+06,20,ACK,14
2.7324e+06,3,QOSDATA_TID6,1066
2.73258e+06,20,ACK,14
2.73263e+06,3,CTL,20
2.73271e+06,9,RTS,20
2.73271e+06,18,RTS,20
2.73271e+06,16,RTS,20
2.73271e+06,13,RTS,20
2.73283e+06,2,RTS,20
2.7329e+06,20,CTS,14
2.73296e+06,2,QOSDATA_TID6,1066
2.73314e+06,20,ACK,14
2.73318e+06,2,CTL,20
2.73327e+06,5,RTS,20
2.73327e+06,17,RTS,20
2.73327e+06,4,RTS,20
2.73327e+06,13,RTS,20
2.73337e+06,0,RTS,20
2.73337e+06,18,RTS,20
2.73348e+06,5,RTS,20
2.73348e+06,11,RTS,20
2.73348e+06,4,RTS,20
2.73349e+06,16,RTS,20
2.73355e+06,20,CTS,14
2.73361e+06,5,QOSDATA_TID6,1066
2.7338e+06,20,ACK,14
2.73384e+06,5,CTL,20
2.73393e+06,11,RTS,20
2.73393e+06,4,RTS,20
2.73402e+06,6,RTS,20
2.73409e+06,20,CTS,14
2.73415e+06,6,QOSDATA_TID6,1066
2.73434e+06,20,ACK,14
2.73438e+06,6,CTL,20
2.73448e+06,10,RTS,20
2.73448e+06,4,RTS,20
2.7346e+06,15,RTS,20
2.73467e+06,20,CTS,14
2.73473e+06,15,QOSDATA_TID6,1066
2.73491e+06,20,ACK,14
2.73496e+06,15,QOSDATA_TID6,1066
2.73514e+06,20,ACK,14
2.73518e+06,15,CTL,20
2.73528e+06,14,RTS,20
2.73535e+06,20,CTS,14
2.73541e+06,14,QOSDATA_TID6,1066
2.73559e+06,20,ACK,14
2.73564e+06,14,CTL,20
2.73572e+06,4,RTS,20
2.73579e+06,20,CTS,14
2.73585e+06,4,QOSDATA_TID6,1066
2.73603e+06,20,ACK,14
2.73608e+06,4,CTL,20
2.73616e+06,16,RTS,20
2.73616e+06,1,RTS,20
2.73616e+06,8,RTS,20
2.73627e+06,9,RTS,20
2.73627e+06,18,RTS,20
2.73634e+06,20,CTS,14
2.7364e+06,18,QOSDATA_TID6,1066
2.73658e+06,20,ACK,14
2.73663e+06,18,QOSDATA_TID6,1066
2.73681e+06,20,ACK,14
2.73686e+06,18,QOSDATA_TID6,1066
2.73704e+06,20,ACK,14
2.73708e+06,18,CTL,20
2.73717e+06,13,RTS,20
2.73724e+06,20,CTS,14
2.7373e+06,13,QOSDATA_TID6,1066
2.73748e+06,20,ACK,14
2.73752e+06,13,CTL,20
2.73761e+06,17,RTS,20
2.73768e+06,20,CTS,14
2.73774e+06,17,QOSDATA_TID6,1066
2.73792e+06,20,ACK,14
2.73797e+06,17,CTL,20
2.73805e+06,0,CTS,14
2.73814e+06,0,RTS,20
2.73821e+06,20,CTS,14
2.73827e+06,0,QOSDATA_TID6,1066
2.73845e+06,20,ACK,14
2.7385e+06,0,QOSDATA_TID6,1066
2.73868e+06,20,ACK,14
2.73872e+06,0,CTL,20
2.73881e+06,7,RTS,20
2.73881e+06,13,RTS,20
2.73888e+06,20,CTS,14
2.73894e+06,7,QOSDATA_TID6,1066
2.73912e+06,20,ACK,14
2.73917e+06,7,CTL,20
2.73925e+06,10,RTS,20
2.73932e+06,20,CTS,14
2.73938e+06,10,QOSDATA_TID6,1066
2.73956e+06,20,ACK,14
2.73961e+06,10,QOSDATA_TID6,1066
2.73979e+06,20,ACK,14
2.73984e+06,10,QOSDATA_TID6,1066
2.74002e+06,20,ACK,14
2.74006e+06,10,CTL,20
2.74015e+06,19,RTS,20
2.74015e+06,11,RTS,20
2.74015e+06,16,RTS,20
2.74026e+06,6,RTS,20
2.74032e+06,20,CTS,14
2.74038e+06,6,QOSDATA_TID6,1066
2.74057e+06,20,ACK,14
2.74061e+06,6,CTL,20
2.7407e+06,15,RTS,20
2.7407e+06,2,RTS,20
2.7407e+06,12,RTS,20
2.7407e+06,19,RTS,20
2.7408e+06,16,RTS,20
2.74086e+06,20,CTS,14
2.74092e+06,16,QOSDATA_TID6,1066
2.74111e+06,20,ACK,14
2.74115e+06,16,CTL,20
2.74124e+06,11,RTS,20
2.74124e+06,13,RTS,20
2.74134e+06,10,RTS,20
2.74141e+06,20,CTS,14
2.74147e+06,10,QOSDATA_TID6,1066
2.74165e+06,20,ACK,14
2.74169e+06,10,CTL,20
2.74178e+06,2,RTS,20
2.74178e+06,13,RTS,20
2.74192e+06,11,RTS,20
2.74199e+06,20,CTS,14
2.74205e+06,11,QOSDATA_TID6,1066
2.74224e+06,20,ACK,14
2.74228e+06,11,QOSDATA_TID6,1066
2.74246e+06,20,ACK,14
2.74251e+06,11,QOSDATA_TID6,1066
2.74269e+06,20,ACK,14
2.74274e+06,11,QOSDATA_TID6,1066
2.74292e+06,20,ACK,14
2.74296e+06,11,CTL,20
2.74306e+06,12,RTS,20
2.74306e+06,19,RTS,20
2.74306e+06,5,RTS,20
2.74306e+06,3,RTS,20
2.74306e+06,9,RTS,20
2.74316e+06,14,RTS,20
2.74322e+06,20,CTS,14
2.74328e+06,14,QOSDATA_TID6,1066
2.74347e+06,20,ACK,14
2.74351e+06,14,CTL,20
2.7436e+06,12,RTS,20
2.7436e+06,1,RTS,20
2.7436e+06,4,RTS,20
2.74367e+06,20,CTS,14
2.74373e+06,12,QOSDATA_TID6,1066
2.74391e+06,20,ACK,14
2.74395e+06,12,CTL,20
2.74404e+06,13,RTS,20
2.74411e+06,20,CTS,14
2.74417e+06,13,QOSDATA_TID6,1066
2.74435e+06,20,ACK,14
2.7444e+06,13,CTL,20
2.74448e+06,17,RTS,20
2.74448e+06,16,RTS,20
2.74448e+06,1,RTS,20
2.74458e+06,8,RTS,20
2.74458e+06,18,RTS,20
2.74465e+06,20,CTS,14
2.74471e+06,8,QOSDATA_TID6,1066
2.74489e+06,20,ACK,14
2.74494e+06,8,QOSDATA_TID6,1066
2.74512e+06,20,ACK,14
2.74516e+06,8,CTL,20
2.74525e+06,17,RTS,20
2.74525e+06,0,RTS,20
2.74525e+06,15,RTS,20
2.74535e+06,9,RTS,20
2.74542e+06,20,CTS,14
2.74548e+06,9,QOSDATA_TID6,1066
2.74566e+06,20,ACK,14
2.7457e+06,9,QOSDATA_TID6,1066
2.74589e+06,20,ACK,14
2.74593e+06,9,QOSDATA_TID6,1066
2.74612e+06,20,ACK,14
2.74616e+06,9,QOSDATA_TID6,1066
2.74634e+06,20,ACK,14
2.74639e+06,9,CTL,20
2.74647e+06,13,RTS,20
2.74654e+06,20,CTS,14
2.7466e+06,13,QOSDATA_TID6,1066
2.74679e+06,20,ACK,14
2.74683e+06,13,CTL,20
2.74692e+06,4,RTS,20
2.74692e+06,16,RTS,20
2.74692e+06,1,RTS,20
2.74692e+06,2,RTS,20
2.74702e+06,12,RTS,20
2.74702e+06,11,RTS,20
2.74702e+06,0,RTS,20
2.74702e+06,15,RTS,20
2.74713e+06,19,RTS,20
2.7472e+06,20,CTS,14
2.74726e+06,19,QOSDATA_TID6,1066
2.74744e+06,20,ACK,14
2.74749e+06,19,QOSDATA_TID6,1066
2.74767e+06,20,ACK,14
2.74771e+06,19,CTL,20
2.7478e+06,3,RTS,20
2.74787e+06,20,CTS,14
2.74793e+06,3,QOSDATA_TID6,1066
2.74811e+06,20,ACK,14
2.74816e+06,3,QOSDATA_TID6,1066
2.74834e+06,20,ACK,14
2.74838e+06,3,CTL,20
2.74847e+06,5,RTS,20
2.74847e+06,18,RTS,20
2.74847e+06,11,RTS,20
2.74854e+06,20,CTS,14
2.7486e+06,5,QOSDATA_TID6,1066
2.74878e+06,20,ACK,14
2.74883e+06,5,QOSDATA_TID6,1066
2.74901e+06,20,ACK,14
2.74906e+06,5,CTL,20
2.74914e+06,1,RTS,20
2.74914e+06,18,RTS,20
2.74914e+06,10,RTS,20
2.74925e+06,2,RTS,20
2.74932e+06,20,CTS,14
2.74938e+06,2,QOSDATA_TID6,1066
2.74956e+06,20,ACK,14
2.7496e+06,2,QOSDATA_TID6,1066
2.74979e+06,20,ACK,14
2.74983e+06,2,CTL,20
2.74992e+06,1,RTS,20
2.74999e+06,20,CTS,14
2.75005e+06,1,QOSDATA_TID6,1066
2.75023e+06,20,ACK,14
2.75027e+06,1,QOSDATA_TID6,1066
2.75046e+06,20,ACK,14
2.7505e+06,1,QOSDATA_TID6,1066
2.75069e+06,20,ACK,14
2.75073e+06,1,CTL,20
2.75082e+06,17,RTS,20
2.75082e+06,7,RTS,20
2.75082e+06,15,RTS,20
2.75092e+06,6,RTS,20
2.75092e+06,12,RTS,20
2.75092e+06,18,RTS,20
2.75099e+06,20,CTS,14
2.75105e+06,12,QOSDATA_TID6,1066
2.75124e+06,20,ACK,14
2.75128e+06,12,CTL,20
2.75136e+06,17,RTS,20
2.75136e+06,18,RTS,20
2.75143e+06,20,CTS,14
2.75149e+06,17,QOSDATA_TID6,1066
2.75168e+06,20,ACK,14
2.75172e+06,17,QOSDATA_TID6,1066
2.7519e+06,20,ACK,14
2.75195e+06,17,CTL,20
2.75204e+06,15,RTS,20
2.7521e+06,20,CTS,14
2.75216e+06,15,QOSDATA_TID6,1066
2.75235e+06,20,ACK,14
2.75239e+06,15,QOSDATA_TID6,1066
2.75258e+06,20,ACK,14
2.75262e+06,15,CTL,20
2.7527e+06,14,RTS,20
2.75277e+06,20,CTS,14
2.75283e+06,14,QOSDATA_TID6,1066
2.75302e+06,20,ACK,14
2.75306e+06,14,CTL,20
2.75316e+06,8,RTS,20
2.75316e+06,16,RTS,20
2.75316e+06,4,RTS,20
2.75322e+06,20,CTS,14
2.75328e+06,8,QOSDATA_TID6,1066
2.75347e+06,20,ACK,14
2.75351e+06,8,CTL,20
2.7536e+06,4,RTS,20
2.7536e+06,18,RTS,20
2.75367e+06,20,CTS,14
2.75373e+06,18,QOSDATA_TID6,1066
2.75391e+06,20,ACK,14
2.75395e+06,18,QOSDATA_TID6,1066
2.75414e+06,20,ACK,14
2.75418e+06,18,CTL,20
2.75427e+06,4,RTS,20
2.75434e+06,20,CTS,14
2.7544e+06,4,QOSDATA_TID6,1066
2.75458e+06,20,ACK,14
2.75462e+06,4,QOSDATA_TID6,1066
2.75481e+06,20,ACK,14
2.75485e+06,4,CTL,20
2.75494e+06,13,RTS,20
2.75494e+06,0,CTS,14
2.75494e+06,10,RTS,20
2.75503e+06,0,RTS,20
2.7551e+06,20,CTS,14
2.75516e+06,0,QOSDATA_TID6,1066
2.75534e+06,20,ACK,14
2.75539e+06,0,QOSDATA_TID6,1066
2.75557e+06,20,ACK,14
2.75562e+06,0,CTL,20
2.7557e+06,7,RTS,20
2.7557e+06,1,RTS,20
2.75581e+06,6,RTS,20
2.75588e+06,20,CTS,14
2.75594e+06,6,QOSDATA_TID6,1066
2.75612e+06,20,ACK,14
2.75617e+06,6,QOSDATA_TID6,1066
2.75635e+06,20,ACK,14
2.75639e+06,6,CTL,20
2.75648e+06,7,RTS,20
2.75648e+06,1,RTS,20
2.75659e+06,10,RTS,20
2.75666e+06,20,CTS,14
2.75672e+06,10,QOSDATA_TID6,1066
2.7569e+06,20,ACK,14
2.75694e+06,10,QOSDATA_TID6,1066
2.75713e+06,20,ACK,14
2.75717e+06,10,CTL,20
2.75726e+06,2,RTS,20
2.75726e+06,4,RTS,20
2.75733e+06,20,CTS,14
2.75739e+06,2,QOSDATA_TID6,1066
2.75757e+06,20,ACK,14
2.75761e+06,2,CTL,20
2.75771e+06,12,RTS,20
2.75771e+06,11,RTS,20
2.75771e+06,16,RTS,20
2.75778e+06,20,CTS,14
2.75784e+06,12,QOSDATA_TID6,1066
2.75802e+06,20,ACK,14
2.75806e+06,12,CTL,20
2.75815e+06,15,RTS,20
2.75815e+06,3,RTS,20
2.75815e+06,9,RTS,20
2.75826e+06,19,RTS,20
2.75833e+06,20,CTS,14
2.75839e+06,19,QOSDATA_TID6,1066
2.75857e+06,20,ACK,14
2.75861e+06,19,CTL,20
2.7587e+06,1,RTS,20
2.7587e+06,17,RTS,20
2.7587e+06,5,RTS,20
2.7587e+06,4,RTS,20
2.7588e+06,8,RTS,20
2.75887e+06,20,CTS,14
2.75893e+06,8,QOSDATA_TID6,1066
2.75911e+06,20,ACK,14
2.75915e+06,8,CTL,20
2.75924e+06,3,RTS,20
2.75924e+06,18,RTS,20
2.75935e+06,5,RTS,20
2.75935e+06,13,RTS,20
2.75942e+06,20,CTS,14
2.75948e+06,5,QOSDATA_TID6,1066
2.75966e+06,20,ACK,14
2.7597e+06,5,CTL,20
2.7598e+06,13,RTS,20
2.75987e+06,20,CTS,14
2.75993e+06,13,QOSDATA_TID6,1066
2.76011e+06,20,ACK,14
2.76015e+06,13,CTL,20
2.76024e+06,14,RTS,20
2.76024e+06,4,RTS,20
2.76024e+06,11,RTS,20
2.76034e+06,7,RTS,20
2.76034e+06,16,RTS,20
2.76041e+06,20,CTS,14
2.76047e+06,7,QOSDATA_TID6,1066
2.76065e+06,20,ACK,14
2.76069e+06,7,QOSDATA_TID6,1066
2.76088e+06,20,ACK,14
2.76092e+06,7,CTL,20
2.76101e+06,14,RTS,20
2.76101e+06,18,RTS,20
2.76111e+06,4,RTS,20
2.76117e+06,20,CTS,14
2.76123e+06,4,QOSDATA_TID6,1066
2.76142e+06,20,ACK,14
2.76146e+06,4,CTL,20
2.76155e+06,16,RTS,20
2.76155e+06,0,RTS,20
2.76162e+06,20,CTS,14
2.76168e+06,0,QOSDATA_TID6,1066
2.76186e+06,20,ACK,14
2.7619e+06,0,CTL,20
2.76199e+06,13,RTS,20
2.76206e+06,20,CTS,14
2.76212e+06,13,QOSDATA_TID6,1066
2.7623e+06,20,ACK,14
2.76235e+06,13,CTL,20
2.76243e+06,7,RTS,20
2.76243e+06,14,RTS,20
2.76243e+06,17,RTS,20
2.76254e+06,12,RTS,20
2.76254e+06,3,RTS,20
2.76261e+06,20,CTS,14
2.76267e+06,12,QOSDATA_TID6,1066
2.76285e+06,20,ACK,14
2.7629e+06,12,CTL,20
2.76298e+06,7,RTS,20
2.76298e+06,19,RTS,20
2.76308e+06,6,RTS,20
2.76315e+06,20,CTS,14
2.76321e+06,6,QOSDATA_TID6,1066
2.76339e+06,20,ACK,14
2.76344e+06,6,CTL,20
2.76353e+06,15,RTS,20
2.76353e+06,1,RTS,20
2.76353e+06,16,RTS,20
2.76363e+06,9,RTS,20
2.7637e+06,20,CTS,14
2.76376e+06,9,QOSDATA_TID6,1066
2.76394e+06,20,ACK,14
2.76398e+06,9,QOSDATA_TID6,1066
2.76417e+06,20,ACK,14
2.76421e+06,9,CTL,20
2.7643e+06,5,RTS,20
2.76437e+06,20,CTS,14
2.76443e+06,5,QOSDATA_TID6,1066
2.76461e+06,20,ACK,14
2.76466e+06,5,CTL,20
2.76475e+06,19,RTS,20
2.76475e+06,16,RTS,20
2.76475e+06,10,RTS,20
2.76487e+06,15,RTS,20
2.76493e+06,20,CTS,14
2.76499e+06,15,QOSDATA_TID6,1066
2.76518e+06,20,ACK,14
2.76522e+06,15,QOSDATA_TID6,1066
2.76541e+06,20,ACK,14
2.76545e+06,15,CTL,20
2.76554e+06,14,RTS,20
2.76554e+06,7,RTS,20
2.76554e+06,4,RTS,20
2.76554e+06,3,RTS,20
2.76564e+06,17,RTS,20
2.76571e+06,20,CTS,14
2.76577e+06,17,QOSDATA_TID6,1066
2.76596e+06,20,ACK,14
2.766e+06,17,QOSDATA_TID6,1066
2.76618e+06,20,ACK,14
2.76623e+06,17,CTL,20
2.76631e+06,3,RTS,20
2.76631e+06,18,RTS,20
2.76631e+06,14,RTS,20
2.76642e+06,16,RTS,20
2.76649e+06,20,CTS,14
2.76655e+06,16,QOSDATA_TID6,1066
2.76673e+06,20,ACK,14
2.76678e+06,16,QOSDATA_TID6,1066
2.76696e+06,20,ACK,14
2.767e+06,16,CTL,20
2.76709e+06,11,RTS,20
2.76709e+06,1,RTS,20
2.76709e+06,8,RTS,20
2.76709e+06,2,RTS,20
2.76721e+06,19,RTS,20
2.76727e+06,20,CTS,14
2.76733e+06,19,QOSDATA_TID6,1066
2.76752e+06,20,ACK,14
2.76756e+06,19,CTL,20
2.76765e+06,11,RTS,20
2.76772e+06,20,CTS,14
2.76778e+06,11,QOSDATA_TID6,1066
2.76796e+06,20,ACK,14
2.768e+06,11,QOSDATA_TID6,1066
2.76819e+06,20,ACK,14
2.76823e+06,11,QOSDATA_TID6,1066
2.76842e+06,20,ACK,14
2.76846e+06,11,CTL,20
2.76855e+06,16,RTS,20
2.76855e+06,4,RTS,20
2.76855e+06,7,RTS,20
2.76861e+06,20,CTS,14
2.76867e+06,7,QOSDATA_TID6,1066
2.76886e+06,20,ACK,14
2.7689e+06,7,CTL,20
2.769e+06,3,RTS,20
2.76906e+06,20,CTS,14
2.76912e+06,3,QOSDATA_TID6,1066
2.76931e+06,20,ACK,14
2.76935e+06,3,QOSDATA_TID6,1066
2.76954e+06,20,ACK,14
2.76958e+06,3,CTL,20
2.76967e+06,0,RTS,20
2.76967e+06,16,RTS,20
2.76967e+06,4,RTS,20
2.76976e+06,7,RTS,20
2.76983e+06,20,CTS,14
2.76989e+06,7,QOSDATA_TID6,1066
2.77008e+06,20,ACK,14
2.77012e+06,7,CTL,20
2.77021e+06,8,RTS,20
2.77028e+06,20,CTS,14
2.77034e+06,8,QOSDATA_TID6,1066
2.77052e+06,20,ACK,14
2.77056e+06,8,CTL,20
2.77065e+06,1,RTS,20
2.77065e+06,3,RTS,20
2.77065e+06,9,RTS,20
2.77065e+06,14,RTS,20
2.77076e+06,13,RTS,20
2.77082e+06,20,CTS,14
2.77088e+06,13,QOSDATA_TID6,1066
2.77107e+06,20,ACK,14
2.77111e+06,13,CTL,20
2.7712e+06,1,RTS,20
2.7712e+06,10,RTS,20
2.77127e+06,20,CTS,14
2.77133e+06,1,QOSDATA_TID6,1066
2.77151e+06,20,ACK,14
2.77155e+06,1,QOSDATA_TID6,1066
2.77174e+06,20,ACK,14
2.77178e+06,1,QOSDATA_TID6,1066
2.77197e+06,20,ACK,14
2.77201e+06,1,CTL,20
2.7721e+06,11,RTS,20
2.7721e+06,12,RTS,20
2.7721e+06,2,RTS,20
2.7721e+06,18,RTS,20
2.77217e+06,20,CTS,14
2.77223e+06,12,QOSDATA_TID6,1066
2.77242e+06,20,ACK,14
2.77246e+06,12,CTL,20
2.77256e+06,5,RTS,20
2.77256e+06,19,RTS,20
2.77262e+06,20,CTS,14
2.77268e+06,5,QOSDATA_TID6,1066
2.77287e+06,20,ACK,14
2.77291e+06,5,CTL,20
2.773e+06,19,RTS,20
2.773e+06,15,RTS,20
2.77312e+06,18,RTS,20
2.77312e+06,10,RTS,20
2.77322e+06,17,RTS,20
2.77329e+06,20,CTS,14
2.77335e+06,17,QOSDATA_TID6,1066
2.77353e+06,20,ACK,14
2.77358e+06,17,CTL,20
2.77366e+06,16,RTS,20
2.77366e+06,4,RTS,20
2.77366e+06,15,RTS,20
2.77377e+06,2,RTS,20
2.77377e+06,19,RTS,20
2.77388e+06,14,RTS,20
2.77395e+06,20,CTS,14
2.77401e+06,14,QOSDATA_TID6,1066
2.77419e+06,20,ACK,14
2.77423e+06,14,QOSDATA_TID6,1066
2.77442e+06,20,ACK,14
2.77446e+06,14,CTL,20
2.77457e+06,6,RTS,20
2.77457e+06,0,RTS,20
2.77457e+06,19,RTS,20
2.77457e+06,11,RTS,20
2.77466e+06,15,RTS,20
2.77473e+06,20,CTS,14
2.77479e+06,15,QOSDATA_TID6,1066
2.77498e+06,20,ACK,14
2.77502e+06,15,CTL,20
2.77512e+06,8,RTS,20
2.77518e+06,20,CTS,14
2.77524e+06,8,QOSDATA_TID6,1066
2.77543e+06,20,ACK,14
2.77547e+06,8,CTL,20
2.77556e+06,19,RTS,20
2.77556e+06,11,RTS,20
2.77556e+06,2,RTS,20
2.77556e+06,9,RTS,20
2.77556e+06,6,RTS,20
2.77556e+06,10,RTS,20
2.77567e+06,18,RTS,20
2.77574e+06,20,CTS,14
2.7758e+06,18,QOSDATA_TID6,1066
2.77598e+06,20,ACK,14
2.77603e+06,18,QOSDATA_TID6,1066
2.77621e+06,20,ACK,14
2.77626e+06,18,QOSDATA_TID6,1066
2.77644e+06,20,ACK,14
2.77648e+06,18,CTL,20
2.77657e+06,10,RTS,20
2.77657e+06,11,RTS,20
2.77669e+06,14,RTS,20
2.77676e+06,20,CTS,14
2.77682e+06,14,QOSDATA_TID6,1066
2.777e+06,20,ACK,14
2.77704e+06,14,CTL,20
2.77713e+06,11,RTS,20
2.7772e+06,20,CTS,14
2.77726e+06,11,QOSDATA_TID6,1066
2.77744e+06,20,ACK,14
2.77748e+06,11,CTL,20
2.77757e+06,16,RTS,20
2.77757e+06,7,RTS,20
2.77757e+06,3,RTS,20
2.77757e+06,9,RTS,20
2.77768e+06,2,RTS,20
2.77768e+06,19,RTS,20
2.77778e+06,13,RTS,20
2.77784e+06,20,CTS,14
2.7779e+06,13,QOSDATA_TID6,1066
2.77809e+06,20,ACK,14
2.77813e+06,13,CTL,20
2.77823e+06,9,RTS,20
2.7783e+06,20,CTS,14
2.77836e+06,9,QOSDATA_TID6,1066
2.77854e+06,20,ACK,14
2.77858e+06,9,QOSDATA_TID6,1066
2.77877e+06,20,ACK,14
2.77881e+06,9,CTL,20
2.7789e+06,0,CTS,14
2.7789e+06,4,RTS,20
2.77903e+06,4,RTS,20
2.7791e+06,20,CTS,14
2.77916e+06,4,QOSDATA_TID6,1066
2.77934e+06,20,ACK,14
2.77938e+06,4,QOSDATA_TID6,1066
2.77957e+06,20,ACK,14
2.77961e+06,4,CTL,20
2.7797e+06,11,RTS,20
2.7797e+06,7,RTS,20
2.77977e+06,20,CTS,14
2.77983e+06,7,QOSDATA_TID6,1066
2.78001e+06,20,ACK,14
2.78006e+06,7,CTL,20
2.78015e+06,12,RTS,20
2.78015e+06,17,RTS,20
2.78015e+06,1,RTS,20
2.78015e+06,19,RTS,20
2.78025e+06,6,RTS,20
2.78032e+06,20,CTS,14
2.78038e+06,6,QOSDATA_TID6,1066
2.78056e+06,20,ACK,14
2.7806e+06,6,QOSDATA_TID6,1066
2.78079e+06,20,ACK,14
2.78083e+06,6,CTL,20
2.78091e+06,20,BEACON,152
2.78117e+06,5,RTS,20
2.78117e+06,19,RTS,20
2.78124e+06,20,CTS,14
2.7813e+06,5,QOSDATA_TID6,1066
2.78148e+06,20,ACK,14
2.78153e+06,5,CTL,20
2.78161e+06,10,RTS,20
2.78168e+06,20,CTS,14
2.78174e+06,10,QOSDATA_TID6,1066
2.78192e+06,20,ACK,14
2.78197e+06,10,QOSDATA_TID6,1066
2.78215e+06,20,ACK,14
2.7822e+06,10,QOSDATA_TID6,1066
2.78238e+06,20,ACK,14
2.78242e+06,10,CTL,20
2.78251e+06,1,RTS,20
2.78251e+06,15,RTS,20
2.78251e+06,16,RTS,20
2.78251e+06,4,RTS,20
2.78261e+06,12,RTS,20
2.78268e+06,20,CTS,14
2.78274e+06,12,QOSDATA_TID6,1066
2.78292e+06,20,ACK,14
2.78296e+06,12,CTL,20
2.78305e+06,8,RTS,20
2.78305e+06,2,RTS,20
2.78305e+06,3,RTS,20
2.78305e+06,18,RTS,20
2.78315e+06,14,RTS,20
2.78322e+06,20,CTS,14
2.78328e+06,14,QOSDATA_TID6,1066
2.78346e+06,20,ACK,14
2.7835e+06,14,CTL,20
2.78359e+06,2,RTS,20
2.78359e+06,3,RTS,20
2.78366e+06,20,CTS,14
2.78372e+06,2,QOSDATA_TID6,1066
2.7839e+06,20,ACK,14
2.78395e+06,2,QOSDATA_TID6,1066
2.78413e+06,20,ACK,14
2.78418e+06,2,QOSDATA_TID6,1066
2.78436e+06,20,ACK,14
2.7844e+06,2,CTL,20
2.78449e+06,3,RTS,20
2.78449e+06,11,RTS,20
2.7846e+06,19,RTS,20
2.7846e+06,15,RTS,20
2.78472e+06,18,RTS,20
2.78479e+06,20,CTS,14
2.78485e+06,18,QOSDATA_TID6,1066
2.78503e+06,20,ACK,14
2.78508e+06,18,CTL,20
2.78516e+06,0,RTS,20
2.78523e+06,20,CTS,14
2.78529e+06,0,QOSDATA_TID6,1066
2.78548e+06,20,ACK,14
2.78552e+06,0,QOSDATA_TID6,1066
2.7857e+06,20,ACK,14
2.78575e+06,0,QOSDATA_TID6,1066
2.78593e+06,20,ACK,14
2.78598e+06,0,CTL,20
2.78606e+06,8,RTS,20
2.78606e+06,17,RTS,20
2.78616e+06,1,RTS,20
2.78623e+06,20,CTS,14
2.78629e+06,1,QOSDATA_TID6,1066
2.78647e+06,20,ACK,14
2.78652e+06,1,CTL,20
2.7866e+06,17,RTS,20
2.7866e+06,12,RTS,20
2.7866e+06,16,RTS,20
2.7866e+06,3,RTS,20
2.7866e+06,15,RTS,20
2.78672e+06,13,RTS,20
2.78678e+06,20,CTS,14
2.78684e+06,13,QOSDATA_TID6,1066
2.78703e+06,20,ACK,14
2.78707e+06,13,CTL,20
2.78716e+06,12,RTS,20
2.78716e+06,3,RTS,20
2.78723e+06,20,CTS,14
2.78729e+06,12,QOSDATA_TID6,1066
2.78747e+06,20,ACK,14
2.78752e+06,12,CTL,20
2.78761e+06,7,RTS,20
2.78761e+06,1,RTS,20
2.78761e+06,4,RTS,20
2.78761e+06,6,RTS,20
2.78761e+06,9,RTS,20
2.78773e+06,15,RTS,20
2.7878e+06,20,CTS,14
2.78786e+06,15,QOSDATA_TID6,1066
2.78804e+06,20,ACK,14
2.78808e+06,15,CTL,20
2.78819e+06,6,RTS,20
2.78819e+06,11,RTS,20
2.78819e+06,3,RTS,20
2.78829e+06,5,RTS,20
2.78836e+06,20,CTS,14
2.78842e+06,5,QOSDATA_TID6,1066
2.78861e+06,20,ACK,14
2.78865e+06,5,CTL,20
2.78874e+06,19,RTS,20
2.78874e+06,2,RTS,20
2.78874e+06,11,RTS,20
2.78874e+06,10,RTS,20
2.78884e+06,3,RTS,20
2.78891e+06,20,CTS,14
2.78897e+06,3,QOSDATA_TID6,1066
2.78916e+06,20,ACK,14
2.7892e+06,3,QOSDATA_TID6,1066
2.78938e+06,20,ACK,14
2.78943e+06,3,CTL,20
2.78951e+06,19,RTS,20
2.78951e+06,11,RTS,20
2.78962e+06,15,RTS,20
2.78962e+06,6,RTS,20
2.78972e+06,19,RTS,20
2.78972e+06,11,RTS,20
2.78984e+06,7,RTS,20
2.78991e+06,20,CTS,14
2.78997e+06,7,QOSDATA_TID6,1066
2.79015e+06,20,ACK,14
2.79019e+06,7,CTL,20
2.79029e+06,15,RTS,20
2.79029e+06,18,RTS,20
2.79029e+06,9,RTS,20
2.7904e+06,2,RTS,20
2.7904e+06,16,RTS,20
2.7904e+06,4,RTS,20
2.79053e+06,4,RTS,20
2.79053e+06,17,RTS,20
2.7906e+06,20,CTS,14
2.79066e+06,17,QOSDATA_TID6,1066
2.79084e+06,20,ACK,14
2.79089e+06,17,QOSDATA_TID6,1066
2.79107e+06,20,ACK,14
2.79111e+06,17,CTL,20
2.79121e+06,2,RTS,20
2.79128e+06,20,CTS,14
2.79134e+06,2,QOSDATA_TID6,1066
2.79152e+06,20,ACK,14
2.79156e+06,2,CTL,20
2.79165e+06,18,RTS,20
2.79165e+06,11,RTS,20
2.79165e+06,14,RTS,20
2.79165e+06,16,RTS,20
2.79175e+06,9,RTS,20
2.79182e+06,20,CTS,14
2.79188e+06,9,QOSDATA_TID6,1066
2.79206e+06,20,ACK,14
2.7921e+06,9,CTL,20
2.79219e+06,6,RTS,20
2.79219e+06,16,RTS,20
2.79234e+06,16,RTS,20
2.79241e+06,20,CTS,14
2.79247e+06,16,QOSDATA_TID6,1066
2.79265e+06,20,ACK,14
2.7927e+06,16,QOSDATA_TID6,1066
2.79288e+06,20,ACK,14
2.79292e+06,16,QOSDATA_TID6,1066
2.79311e+06,20,ACK,14
2.79315e+06,16,CTL,20
2.79324e+06,0,RTS,20
2.79331e+06,20,CTS,14
2.79337e+06,0,QOSDATA_TID6,1066
2.79355e+06,20,ACK,14
2.79359e+06,0,CTL,20
2.79368e+06,18,RTS,20
2.79375e+06,20,CTS,14
2.79381e+06,18,QOSDATA_TID6,1066
2.79399e+06,20,ACK,14
2.79404e+06,18,CTL,20
2.79412e+06,6,RTS,20
2.79412e+06,8,RTS,20
2.79412e+06,19,RTS,20
2.79412e+06,13,RTS,20
2.79422e+06,1,RTS,20
2.79429e+06,20,CTS,14
2.79435e+06,1,QOSDATA_TID6,1066
2.79453e+06,20,ACK,14
2.79458e+06,1,CTL,20
2.79466e+06,7,RTS,20
2.79466e+06,4,RTS,20
2.79466e+06,3,RTS,20
2.79466e+06,15,RTS,20
2.79466e+06,10,RTS,20
2.79478e+06,8,RTS,20
2.79485e+06,20,CTS,14
2.79491e+06,8,QOSDATA_TID6,1066
2.79509e+06,20,ACK,14
2.79513e+06,8,QOSDATA_TID6,1066
2.79532e+06,20,ACK,14
2.79536e+06,8,CTL,20
2.79545e+06,17,RTS,20
2.79552e+06,20,CTS,14
2.79558e+06,17,QOSDATA_TID6,1066
2.79576e+06,20,ACK,14
2.7958e+06,17,CTL,20
2.79589e+06,3,RTS,20
2.79589e+06,9,RTS,20
2.79589e+06,6,RTS,20
2.79599e+06,19,RTS,20
2.79599e+06,11,RTS,20
2.7961e+06,12,RTS,20
2.7961e+06,13,RTS,20
2.7961e+06,6,RTS,20
2.79616e+06,20,CTS,14
2.79622e+06,12,QOSDATA_TID6,1066
2.79641e+06,20,ACK,14
2.79645e+06,12,CTL,20
2.79654e+06,11,RTS,20
2.79654e+06,19,RTS,20
2.79664e+06,13,RTS,20
2.79671e+06,20,CTS,14
2.79677e+06,13,QOSDATA_TID6,1066
2.79696e+06,20,ACK,14
2.797e+06,13,CTL,20
2.79709e+06,14,RTS,20
2.79709e+06,2,RTS,20
2.79716e+06,20,CTS,14
2.79722e+06,2,QOSDATA_TID6,1066
2.7974e+06,20,ACK,14
2.79744e+06,2,CTL,20
2.79753e+06,7,RTS,20
2.7976e+06,20,CTS,14
2.79766e+06,7,QOSDATA_TID6,1066
2.79784e+06,20,ACK,14
2.79788e+06,7,CTL,20
2.79797e+06,1,RTS,20
2.79797e+06,5,RTS,20
2.79797e+06,11,RTS,20
2.79797e+06,6,RTS,20
2.79804e+06,20,CTS,14
2.7981e+06,5,QOSDATA_TID6,1066
2.79828e+06,20,ACK,14
2.79833e+06,5,CTL,20
2.79841e+06,11,RTS,20
2.79848e+06,20,CTS,14
2.79854e+06,11,QOSDATA_TID6,1066
2.79872e+06,20,ACK,14
2.79877e+06,11,QOSDATA_TID6,1066
2.79895e+06,20,ACK,14
2.799e+06,11,CTL,20
2.79908e+06,8,RTS,20
2.79908e+06,9,RTS,20
2.79908e+06,15,RTS,20
2.79908e+06,6,RTS,20
2.79919e+06,18,RTS,20
2.79926e+06,20,CTS,14
2.79932e+06,18,QOSDATA_TID6,1066
2.7995e+06,20,ACK,14
2.79955e+06,18,CTL,20
2.79963e+06,10,RTS,20
2.79963e+06,9,RTS,20
2.79963e+06,8,RTS,20
2.7997e+06,20,CTS,14
2.79976e+06,8,QOSDATA_TID6,1066
2.79994e+06,20,ACK,14
2.79999e+06,8,CTL,20
2.80009e+06,10,RTS,20
2.80016e+06,20,CTS,14
2.80022e+06,10,QOSDATA_TID6,1066
2.8004e+06,20,ACK,14
2.80045e+06,10,QOSDATA_TID6,1066
2.80063e+06,20,ACK,14
2.80068e+06,10,CTL,20
2.80076e+06,19,RTS,20
2.80076e+06,4,RTS,20
2.80083e+06,20,CTS,14
2.80089e+06,19,QOSDATA_TID6,1066
2.80107e+06,20,ACK,14
2.80112e+06,19,QOSDATA_TID6,1066
2.8013e+06,20,ACK,14
2.80135e+06,19,CTL,20
2.80143e+06,14,RTS,20
2.8015e+06,20,CTS,14
2.80156e+06,14,QOSDATA_TID6,1066
2.80174e+06,20,ACK,14
2.80179e+06,14,QOSDATA_TID6,1066
2.80197e+06,20,ACK,14
2.80202e+06,14,CTL,20
2.8021e+06,7,RTS,20
2.8021e+06,3,RTS,20
2.8021e+06,16,RTS,20
2.80217e+06,20,CTS,14
2.80223e+06,7,QOSDATA_TID6,1066
2.80241e+06,20,ACK,14
2.80246e+06,7,CTL,20
2.80254e+06,12,RTS,20
2.80261e+06,20,CTS,14
2.80267e+06,12,QOSDATA_TID6,1066
2.80286e+06,20,ACK,14
2.8029e+06,12,CTL,20
2.80299e+06,1,RTS,20
2.80299e+06,4,RTS,20
2.80299e+06,15,RTS,20
2.80299e+06,0,RTS,20
2.80299e+06,6,RTS,20
2.80299e+06,9,RTS,20
2.80308e+06,13,RTS,20
2.80315e+06,20,CTS,14
2.80321e+06,13,QOSDATA_TID6,1066
2.8034e+06,20,ACK,14
2.80344e+06,13,CTL,20
2.80354e+06,11,RTS,20
2.80354e+06,19,RTS,20
2.80366e+06,0,RTS,20
2.80373e+06,20,CTS,14
2.80379e+06,0,QOSDATA_TID6,1066
2.80397e+06,20,ACK,14
2.80402e+06,0,CTL,20
2.80411e+06,6,RTS,20
2.80411e+06,15,RTS,20
2.80411e+06,19,RTS,20
2.80426e+06,19,RTS,20
2.80433e+06,20,CTS,14
2.80439e+06,19,QOSDATA_TID6,1066
2.80457e+06,20,ACK,14
2.80462e+06,19,CTL,20
2.80471e+06,5,RTS,20
2.80471e+06,2,RTS,20
2.80478e+06,20,CTS,14
2.80484e+06,5,QOSDATA_TID6,1066
2.80502e+06,20,ACK,14
2.80507e+06,5,CTL,20
2.80515e+06,2,RTS,20
2.80522e+06,20,CTS,14
2.80528e+06,2,QOSDATA_TID6,1066
2.80547e+06,20,ACK,14
2.80551e+06,2,CTL,20
2.8056e+06,10,RTS,20
2.8056e+06,17,RTS,20
2.8056e+06,15,RTS,20
2.80567e+06,20,CTS,14
2.80573e+06,17,QOSDATA_TID6,1066
2.80592e+06,20,ACK,14
2.80596e+06,17,CTL,20
2.80605e+06,3,RTS,20
2.80612e+06,20,CTS,14
2.80618e+06,3,QOSDATA_TID6,1066
2.80636e+06,20,ACK,14
2.8064e+06,3,QOSDATA_TID6,1066
2.80659e+06,20,ACK,14
2.80663e+06,3,CTL,20
2.80672e+06,8,RTS,20
2.80678e+06,20,CTS,14
2.80684e+06,8,QOSDATA_TID6,1066
2.80703e+06,20,ACK,14
2.80707e+06,8,CTL,20
2.80716e+06,16,RTS,20
2.80716e+06,9,RTS,20
2.80716e+06,18,RTS,20
2.80716e+06,15,RTS,20
2.80716e+06,10,RTS,20
2.80726e+06,6,RTS,20
2.80732e+06,20,CTS,14
2.80738e+06,6,QOSDATA_TID6,1066
2.80757e+06,20,ACK,14
2.80761e+06,6,QOSDATA_TID6,1066
2.8078e+06,20,ACK,14
2.80784e+06,6,CTL,20
2.80793e+06,18,RTS,20
2.80793e+06,15,RTS,20
2.80802e+06,1,RTS,20
2.80809e+06,20,CTS,14
2.80815e+06,1,QOSDATA_TID6,1066
2.80834e+06,20,ACK,14
2.80838e+06,1,QOSDATA_TID6,1066
2.80856e+06,20,ACK,14
2.80861e+06,1,CTL,20
2.8087e+06,16,RTS,20
2.80876e+06,20,CTS,14
2.80882e+06,16,QOSDATA_TID6,1066
2.80901e+06,20,ACK,14
2.80905e+06,16,QOSDATA_TID6,1066
2.80924e+06,20,ACK,14
2.80928e+06,16,CTL,20
2.80936e+06,11,RTS,20
2.80936e+06,0,RTS,20
2.80943e+06,20,CTS,14
2.80949e+06,0,QOSDATA_TID6,1066
2.80968e+06,20,ACK,14
2.80972e+06,0,CTL,20
2.80981e+06,7,RTS,20
2.80988e+06,20,CTS,14
2.80994e+06,7,QOSDATA_TID6,1066
2.81012e+06,20,ACK,14
2.81016e+06,7,CTL,20
2.81025e+06,4,RTS,20
2.81032e+06,20,CTS,14
2.81038e+06,4,QOSDATA_TID6,1066
2.81056e+06,20,ACK,14
2.8106e+06,4,QOSDATA_TID6,1066
2.81079e+06,20,ACK,14
2.81083e+06,4,QOSDATA_TID6,1066
2.81102e+06,20,ACK,14
2.81106e+06,4,CTL,20
2.81115e+06,12,RTS,20
2.81115e+06,3,RTS,20
2.81115e+06,14,RTS,20
2.81115e+06,10,RTS,20
2.81122e+06,20,CTS,14
2.81128e+06,12,QOSDATA_TID6,1066
2.81146e+06,20,ACK,14
2.8115e+06,12,CTL,20
2.81159e+06,1,RTS,20
2.81159e+06,13,RTS,20
2.81159e+06,10,RTS,20
2.8117e+06,6,RTS,20
2.81177e+06,20,CTS,14
2.81183e+06,6,QOSDATA_TID6,1066
2.81202e+06,20,ACK,14
2.81206e+06,6,CTL,20
2.81215e+06,1,RTS,20
2.81222e+06,20,CTS,14
2.81228e+06,1,QOSDATA_TID6,1066
2.81246e+06,20,ACK,14
2.8125e+06,1,CTL,20
2.81259e+06,3,RTS,20
2.81259e+06,9,RTS,20
2.81259e+06,10,RTS,20
2.81269e+06,2,RTS,20
2.81269e+06,5,RTS,20
2.81269e+06,19,RTS,20
2.81276e+06,20,CTS,14
2.81282e+06,5,QOSDATA_TID6,1066
2.813e+06,20,ACK,14
2.81304e+06,5,CTL,20
2.81313e+06,9,RTS,20
2.8132e+06,20,CTS,14
2.81326e+06,9,QOSDATA_TID6,1066
2.81344e+06,20,ACK,14
2.81349e+06,9,QOSDATA_TID6,1066
2.81367e+06,20,ACK,14
2.81371e+06,9,QOSDATA_TID6,1066
2.8139e+06,20,ACK,14
2.81394e+06,9,CTL,20
2.81403e+06,17,RTS,20
2.81403e+06,14,RTS,20
2.81403e+06,15,RTS,20
2.8141e+06,20,CTS,14
2.81416e+06,17,QOSDATA_TID6,1066
2.81434e+06,20,ACK,14
2.81438e+06,17,CTL,20
2.81447e+06,10,RTS,20
2.81454e+06,20,CTS,14
2.8146e+06,10,QOSDATA_TID6,1066
2.81478e+06,20,ACK,14
2.81483e+06,10,QOSDATA_TID6,1066
2.81501e+06,20,ACK,14
2.81505e+06,10,CTL,20
2.81514e+06,18,RTS,20
2.81521e+06,20,CTS,14
2.81527e+06,18,QOSDATA_TID6,1066
2.81545e+06,20,ACK,14
2.8155e+06,18,QOSDATA_TID6,1066
2.81568e+06,20,ACK,14
2.81572e+06,18,CTL,20
2.81581e+06,8,RTS,20
2.81581e+06,14,RTS,20
2.81581e+06,11,RTS,20
2.81581e+06,4,RTS,20
2.81588e+06,20,CTS,14
2.81594e+06,8,QOSDATA_TID6,1066
2.81612e+06,20,ACK,14
2.81617e+06,8,CTL,20
2.81625e+06,2,RTS,20
2.81632e+06,20,CTS,14
2.81638e+06,2,QOSDATA_TID6,1066
2.81656e+06,20,ACK,14
2.81661e+06,2,CTL,20
2.81669e+06,15,RTS,20
2.81669e+06,16,RTS,20
2.81669e+06,13,RTS,20
2.8168e+06,3,RTS,20
2.81687e+06,20,CTS,14
2.81693e+06,3,QOSDATA_TID6,1066
2.81711e+06,20,ACK,14
2.81716e+06,3,CTL,20
2.81724e+06,0,RTS,20
2.81731e+06,20,CTS,14
2.81737e+06,0,QOSDATA_TID6,1066
2.81756e+06,20,ACK,14
2.8176e+06,0,CTL,20
2.81768e+06,7,RTS,20
2.81768e+06,19,RTS,20
2.81779e+06,11,RTS,20
2.81779e+06,16,RTS,20
2.8179e+06,4,RTS,20
2.8179e+06,15,RTS,20
2.8179e+06,9,RTS,20
2.8179e+06,14,RTS,20
2.81802e+06,19,RTS,20
2.81808e+06,20,CTS,14
2.81814e+06,19,QOSDATA_TID6,1066
2.81833e+06,20,ACK,14
2.81837e+06,19,CTL,20
2.81846e+06,12,RTS,20
2.81846e+06,13,RTS,20
2.81846e+06,14,RTS,20
2.81852e+06,20,CTS,14
2.81858e+06,12,QOSDATA_TID6,1066
2.81877e+06,20,ACK,14
2.81881e+06,12,CTL,20
2.8189e+06,3,RTS,20
2.81897e+06,20,CTS,14
2.81903e+06,3,QOSDATA_TID6,1066
2.81921e+06,20,ACK,14
2.81926e+06,3,CTL,20
2.81934e+06,17,RTS,20
2.81934e+06,6,RTS,20
2.81934e+06,16,RTS,20
2.81934e+06,7,RTS,20
2.81934e+06,15,RTS,20
2.81945e+06,13,RTS,20
2.81952e+06,20,CTS,14
2.81958e+06,13,QOSDATA_TID6,1066
2.81976e+06,20,ACK,14
2.8198e+06,13,QOSDATA_TID6,1066
2.81999e+06,20,ACK,14
2.82003e+06,13,CTL,20
2.82013e+06,19,RTS,20
2.8202e+06,20,CTS,14
2.82026e+06,19,QOSDATA_TID6,1066
2.82044e+06,20,ACK,14
2.82048e+06,19,CTL,20
2.82057e+06,1,RTS,20
2.82057e+06,9,RTS,20
2.82064e+06,20,CTS,14
2.8207e+06,1,QOSDATA_TID6,1066
2.82088e+06,20,ACK,14
2.82093e+06,1,CTL,20
2.82102e+06,5,RTS,20
2.82102e+06,7,RTS,20
2.82102e+06,14,RTS,20
2.82109e+06,20,CTS,14
2.82115e+06,5,QOSDATA_TID6,1066
2.82133e+06,20,ACK,14
2.82138e+06,5,CTL,20
2.82146e+06,10,RTS,20
2.82153e+06,20,CTS,14
2.82159e+06,10,QOSDATA_TID6,1066
2.82178e+06,20,ACK,14
2.82182e+06,10,CTL,20
2.8219e+06,7,RTS,20
2.82197e+06,20,CTS,14
2.82203e+06,7,QOSDATA_TID6,1066
2.82222e+06,20,ACK,14
2.82226e+06,7,CTL,20
2.82235e+06,11,RTS,20
2.82235e+06,4,RTS,20
2.82235e+06,15,RTS,20
2.82235e+06,2,RTS,20
2.82235e+06,14,RTS,20
2.82244e+06,17,RTS,20
2.82251e+06,20,CTS,14
2.82257e+06,17,QOSDATA_TID6,1066
2.82276e+06,20,ACK,14
2.8228e+06,17,CTL,20
2.82289e+06,16,RTS,20
2.82296e+06,20,CTS,14
2.82302e+06,16,QOSDATA_TID6,1066
2.8232e+06,20,ACK,14
2.82324e+06,16,CTL,20
2.82333e+06,4,RTS,20
2.82333e+06,15,RTS,20
2.82333e+06,18,RTS,20
2.82333e+06,6,RTS,20
2.82343e+06,8,RTS,20
2.8235e+06,20,CTS,14
2.82356e+06,8,QOSDATA_TID6,1066
2.82374e+06,20,ACK,14
2.82378e+06,8,CTL,20
2.82387e+06,9,RTS,20
2.82394e+06,20,CTS,14
2.824e+06,9,QOSDATA_TID6,1066
2.82418e+06,20,ACK,14
2.82422e+06,9,CTL,20
2.82431e+06,2,RTS,20
2.82438e+06,20,CTS,14
2.82444e+06,2,QOSDATA_TID6,1066
2.82462e+06,20,ACK,14
2.82467e+06,2,CTL,20
2.82475e+06,18,RTS,20
2.82475e+06,11,RTS,20
2.82475e+06,4,RTS,20
2.82485e+06,14,RTS,20
2.82492e+06,20,CTS,14
2.82498e+06,14,QOSDATA_TID6,1066
2.82516e+06,20,ACK,14
2.82521e+06,14,QOSDATA_TID6,1066
2.82539e+06,20,ACK,14
2.82544e+06,14,CTL,20
2.82552e+06,0,RTS,20
2.82559e+06,20,CTS,14
2.82565e+06,0,QOSDATA_TID6,1066
2.82583e+06,20,ACK,14
2.82588e+06,0,CTL,20
2.82596e+06,16,RTS,20
2.82603e+06,20,CTS,14
2.82609e+06,16,QOSDATA_TID6,1066
2.82628e+06,20,ACK,14
2.82632e+06,16,CTL,20
2.8264e+06,12,RTS,20
2.8264e+06,7,RTS,20
2.8264e+06,13,RTS,20
2.8264e+06,15,RTS,20
2.82651e+06,18,RTS,20
2.82651e+06,9,RTS,20
2.82658e+06,20,CTS,14
2.82664e+06,18,QOSDATA_TID6,1066
2.82682e+06,20,ACK,14
2.82687e+06,18,CTL,20
2.82695e+06,19,RTS,20
2.82695e+06,15,RTS,20
2.82711e+06,19,RTS,20
2.82711e+06,15,RTS,20
2.82712e+06,7,RTS,20
2.82723e+06,13,RTS,20
2.8273e+06,20,CTS,14
2.82736e+06,13,QOSDATA_TID6,1066
2.82754e+06,20,ACK,14
2.82759e+06,13,CTL,20
2.82767e+06,17,RTS,20
2.82767e+06,19,RTS,20
2.82774e+06,20,CTS,14
2.8278e+06,17,QOSDATA_TID6,1066
2.82799e+06,20,ACK,14
2.82803e+06,17,CTL,20
2.82812e+06,11,RTS,20
2.82812e+06,4,RTS,20
2.82821e+06,15,RTS,20
2.82821e+06,6,RTS,20
2.82831e+06,4,RTS,20
2.82832e+06,5,RTS,20
2.82838e+06,20,CTS,14
2.82844e+06,5,QOSDATA_TID6,1066
2.82863e+06,20,ACK,14
2.82867e+06,5,CTL,20
2.82876e+06,10,RTS,20
2.82883e+06,20,CTS,14
2.82889e+06,10,QOSDATA_TID6,1066
2.82907e+06,20,ACK,14
2.82911e+06,10,CTL,20
2.8292e+06,3,RTS,20
2.8292e+06,19,RTS,20
2.82927e+06,20,CTS,14
2.82933e+06,19,QOSDATA_TID6,1066
2.82951e+06,20,ACK,14
2.82956e+06,19,CTL,20
2.82965e+06,1,RTS,20
2.82965e+06,12,RTS,20
2.82965e+06,2,RTS,20
2.82965e+06,7,RTS,20
2.82965e+06,6,RTS,20
2.82976e+06,11,RTS,20
2.82983e+06,20,CTS,14
2.82989e+06,11,QOSDATA_TID6,1066
2.83007e+06,20,ACK,14
2.83011e+06,11,QOSDATA_TID6,1066
2.8303e+06,20,ACK,14
2.83034e+06,11,QOSDATA_TID6,1066
2.83053e+06,20,ACK,14
2.83057e+06,11,CTL,20
2.83066e+06,8,RTS,20
2.83066e+06,6,RTS,20
2.83072e+06,20,CTS,14
2.83078e+06,8,QOSDATA_TID6,1066
2.83097e+06,20,ACK,14
2.83101e+06,8,CTL,20
2.83111e+06,9,RTS,20
2.83118e+06,20,CTS,14
2.83124e+06,9,QOSDATA_TID6,1066
2.83142e+06,20,ACK,14
2.83146e+06,9,CTL,20
2.83155e+06,2,RTS,20
2.83155e+06,18,RTS,20
2.83155e+06,14,RTS,20
2.83155e+06,15,RTS,20
2.83165e+06,1,RTS,20
2.83172e+06,20,CTS,14
2.83178e+06,1,QOSDATA_TID6,1066
2.83196e+06,20,ACK,14
2.832e+06,1,CTL,20
2.8321e+06,4,RTS,20
2.8321e+06,3,RTS,20
2.83223e+06,14,RTS,20
2.8323e+06,20,CTS,14
2.83236e+06,14,QOSDATA_TID6,1066
2.83254e+06,20,ACK,14
2.83259e+06,14,CTL,20
2.83267e+06,15,RTS,20
2.83267e+06,4,RTS,20
2.83274e+06,20,CTS,14
2.8328e+06,15,QOSDATA_TID6,1066
2.83299e+06,20,ACK,14
2.83303e+06,15,QOSDATA_TID6,1066
2.83321e+06,20,ACK,14
2.83326e+06,15,QOSDATA_TID6,1066
2.83344e+06,20,ACK,14
2.83349e+06,15,QOSDATA_TID6,1066
2.83367e+06,20,ACK,14
2.83371e+06,15,CTL,20
2.83382e+06,6,RTS,20
2.83382e+06,16,RTS,20
2.83382e+06,4,RTS,20
2.83392e+06,3,RTS,20
2.83392e+06,9,RTS,20
2.83401e+06,4,RTS,20
2.83408e+06,20,CTS,14
2.83414e+06,4,QOSDATA_TID6,1066
2.83433e+06,20,ACK,14
2.83437e+06,4,QOSDATA_TID6,1066
2.83455e+06,20,ACK,14
2.8346e+06,4,CTL,20
2.83468e+06,6,RTS,20
2.83475e+06,20,CTS,14
2.83481e+06,6,QOSDATA_TID6,1066
2.835e+06,20,ACK,14
2.83504e+06,6,QOSDATA_TID6,1066
2.83522e+06,20,ACK,14
2.83527e+06,6,QOSDATA_TID6,1066
2.83545e+06,20,ACK,14
2.8355e+06,6,CTL,20
2.83558e+06,2,RTS,20
2.83558e+06,12,RTS,20
2.83558e+06,7,RTS,20
2.83558e+06,17,RTS,20
2.83558e+06,13,RTS,20
2.83558e+06,19,RTS,20
2.83568e+06,0,RTS,20
2.83575e+06,20,CTS,14
2.83581e+06,0,QOSDATA_TID6,1066
2.83599e+06,20,ACK,14
2.83604e+06,0,CTL,20
2.83612e+06,12,RTS,20
2.83619e+06,20,CTS,14
2.83625e+06,12,QOSDATA_TID6,1066
2.83644e+06,20,ACK,14
2.83648e+06,12,QOSDATA_TID6,1066
2.83666e+06,20,ACK,14
2.83671e+06,12,CTL,20
2.83679e+06,1,RTS,20
2.83679e+06,13,RTS,20
2.83679e+06,3,RTS,20
2.83689e+06,4,RTS,20
2.83696e+06,20,CTS,14
2.83702e+06,4,QOSDATA_TID6,1066
2.8372e+06,20,ACK,14
2.83725e+06,4,CTL,20
2.83733e+06,1,RTS,20
2.8374e+06,20,CTS,14
2.83746e+06,1,QOSDATA_TID6,1066
2.83764e+06,20,ACK,14
2.83769e+06,1,CTL,20
2.83778e+06,11,RTS,20
2.83778e+06,16,RTS,20
2.83778e+06,3,RTS,20
2.83778e+06,9,RTS,20
2.83778e+06,18,RTS,20
2.83788e+06,2,RTS,20
2.83788e+06,5,RTS,20
2.83788e+06,13,RTS,20
2.83795e+06,20,CTS,14
2.83801e+06,5,QOSDATA_TID6,1066
2.83819e+06,20,ACK,14
2.83824e+06,5,CTL,20
2.83832e+06,3,RTS,20
2.83839e+06,20,CTS,14
2.83845e+06,3,QOSDATA_TID6,1066
2.83864e+06,20,ACK,14
2.83868e+06,3,QOSDATA_TID6,1066
2.83886e+06,20,ACK,14
2.83891e+06,3,CTL,20
2.83899e+06,10,RTS,20
2.83906e+06,20,CTS,14
2.83912e+06,10,QOSDATA_TID6,1066
2.83931e+06,20,ACK,14
2.83935e+06,10,CTL,20
2.83944e+06,17,RTS,20
2.83944e+06,15,RTS,20
2.83944e+06,7,RTS,20
2.83954e+06,2,RTS,20
2.83954e+06,16,RTS,20
2.83964e+06,17,RTS,20
2.83971e+06,20,CTS,14
2.83977e+06,17,QOSDATA_TID6,1066
2.83995e+06,20,ACK,14
2.84e+06,17,CTL,20
2.84008e+06,19,RTS,20
2.84008e+06,7,RTS,20
2.84018e+06,16,RTS,20
2.84025e+06,20,CTS,14
2.84031e+06,16,QOSDATA_TID6,1066
2.84049e+06,20,ACK,14
2.84054e+06,16,QOSDATA_TID6,1066
2.84072e+06,20,ACK,14
2.84076e+06,16,CTL,20
2.84085e+06,7,RTS,20
2.84085e+06,18,RTS,20
2.84092e+06,20,CTS,14
2.84098e+06,7,QOSDATA_TID6,1066
2.84116e+06,20,ACK,14
2.84121e+06,7,QOSDATA_TID6,1066
2.84139e+06,20,ACK,14
2.84144e+06,7,CTL,20
2.84152e+06,18,RTS,20
2.84159e+06,20,CTS,14
2.84165e+06,18,QOSDATA_TID6,1066
2.84183e+06,20,ACK,14
2.84188e+06,18,QOSDATA_TID6,1066
2.84206e+06,20,ACK,14
2.8421e+06,18,CTL,20
2.84219e+06,2,RTS,20
2.84219e+06,8,RTS,20
2.84219e+06,14,RTS,20
2.84219e+06,19,RTS,20
2.84219e+06,7,RTS,20
2.84229e+06,11,RTS,20
2.84236e+06,20,CTS,14
2.84242e+06,11,QOSDATA_TID6,1066
2.8426e+06,20,ACK,14
2.84265e+06,11,CTL,20
2.84273e+06,19,RTS,20
2.84273e+06,3,RTS,20
2.8428e+06,20,CTS,14
2.84286e+06,19,QOSDATA_TID6,1066
2.84304e+06,20,ACK,14
2.84309e+06,19,QOSDATA_TID6,1066
2.84327e+06,20,ACK,14
2.84332e+06,19,CTL,20
2.8434e+06,1,RTS,20
2.8434e+06,6,RTS,20
2.8434e+06,14,RTS,20
2.8435e+06,9,RTS,20
2.84357e+06,20,CTS,14
2.84363e+06,9,QOSDATA_TID6,1066
2.84381e+06,20,ACK,14
2.84386e+06,9,QOSDATA_TID6,1066
2.84404e+06,20,ACK,14
2.84408e+06,9,CTL,20
2.84418e+06,3,RTS,20
2.84418e+06,17,RTS,20
2.84418e+06,0,RTS,20
2.84418e+06,7,RTS,20
2.84418e+06,13,RTS,20
2.8443e+06,15,RTS,20
2.8443e+06,12,RTS,20
2.8443e+06,11,RTS,20
2.84437e+06,20,CTS,14
2.84443e+06,12,QOSDATA_TID6,1066
2.84462e+06,20,ACK,14
2.84466e+06,12,CTL,20
2.84476e+06,5,RTS,20
2.84476e+06,13,RTS,20
2.84482e+06,20,CTS,14
2.84488e+06,5,QOSDATA_TID6,1066
2.84507e+06,20,ACK,14
2.84511e+06,5,CTL,20
2.8452e+06,6,RTS,20
2.8452e+06,13,RTS,20
2.84531e+06,15,RTS,20
2.84531e+06,17,RTS,20
2.84531e+06,1,RTS,20
2.84541e+06,6,RTS,20
2.84548e+06,20,CTS,14
2.84554e+06,6,QOSDATA_TID6,1066
2.84572e+06,20,ACK,14
2.84577e+06,6,CTL,20
2.84585e+06,8,RTS,20
2.84585e+06,13,RTS,20
2.84592e+06,20,CTS,14
2.84598e+06,8,QOSDATA_TID6,1066
2.84616e+06,20,ACK,14
2.84621e+06,8,CTL,20
2.8463e+06,1,RTS,20
2.8463e+06,4,RTS,20
2.8463e+06,10,RTS,20
2.84637e+06,20,CTS,14
2.84643e+06,1,QOSDATA_TID6,1066
2.84662e+06,20,ACK,14
2.84666e+06,1,CTL,20
2.84675e+06,8,RTS,20
2.84681e+06,20,CTS,14
2.84687e+06,8,QOSDATA_TID6,1066
2.84706e+06,20,ACK,14
2.8471e+06,8,CTL,20
2.8472e+06,7,RTS,20
2.8472e+06,18,RTS,20
2.84726e+06,20,CTS,14
2.84732e+06,7,QOSDATA_TID6,1066
2.84751e+06,20,ACK,14
2.84755e+06,7,CTL,20
2.84764e+06,18,RTS,20
2.84771e+06,20,CTS,14
2.84777e+06,18,QOSDATA_TID6,1066
2.84795e+06,20,ACK,14
2.848e+06,18,CTL,20
2.84809e+06,2,RTS,20
2.84816e+06,20,CTS,14
2.84822e+06,2,QOSDATA_TID6,1066
2.8484e+06,20,ACK,14
2.84845e+06,2,QOSDATA_TID6,1066
2.84863e+06,20,ACK,14
2.84867e+06,2,QOSDATA_TID6,1066
2.84886e+06,20,ACK,14
2.8489e+06,2,CTL,20
2.84899e+06,11,RTS,20
2.84906e+06,20,CTS,14
2.84912e+06,11,QOSDATA_TID6,1066
2.8493e+06,20,ACK,14
2.84934e+06,11,CTL,20
2.84943e+06,16,RTS,20
2.84943e+06,17,RTS,20
2.84943e+06,15,RTS,20
2.84943e+06,0,RTS,20
2.84943e+06,10,RTS,20
2.84954e+06,3,RTS,20
2.8496e+06,20,CTS,14
2.84966e+06,3,QOSDATA_TID6,1066
2.84985e+06,20,ACK,14
2.84989e+06,3,CTL,20
2.84998e+06,10,RTS,20
2.84998e+06,13,RTS,20
2.85011e+06,13,RTS,20
2.85018e+06,20,CTS,14
2.85024e+06,13,QOSDATA_TID6,1066
2.85042e+06,20,ACK,14
2.85047e+06,13,QOSDATA_TID6,1066
2.85065e+06,20,ACK,14
2.8507e+06,13,CTL,20
2.85078e+06,11,RTS,20
2.85085e+06,20,CTS,14
2.85091e+06,11,QOSDATA_TID6,1066
2.85109e+06,20,ACK,14
2.85114e+06,11,CTL,20
2.85122e+06,16,RTS,20
2.85122e+06,4,RTS,20
2.85122e+06,1,RTS,20
2.85122e+06,7,RTS,20
2.85132e+06,3,RTS,20
2.85132e+06,10,RTS,20
2.85143e+06,14,RTS,20
2.85143e+06,15,RTS,20
2.85143e+06,4,RTS,20
2.85143e+06,17,RTS,20
2.85143e+06,12,RTS,20
2.85153e+06,3,RTS,20
2.8516e+06,20,CTS,14
2.85166e+06,3,QOSDATA_TID6,1066
2.85184e+06,20,ACK,14
2.85189e+06,3,CTL,20
2.85197e+06,9,RTS,20
2.85197e+06,10,RTS,20
2.85197e+06,12,RTS,20
2.85197e+06,14,RTS,20
2.85204e+06,20,CTS,14
2.8521e+06,12,QOSDATA_TID6,1066
2.85228e+06,20,ACK,14
2.85233e+06,12,CTL,20
2.85242e+06,19,RTS,20
2.85242e+06,10,RTS,20
2.85249e+06,20,CTS,14
2.85255e+06,19,QOSDATA_TID6,1066
2.85274e+06,20,ACK,14
2.85278e+06,19,CTL,20
2.85287e+06,15,RTS,20
2.85294e+06,20,CTS,14
2.853e+06,15,QOSDATA_TID6,1066
2.85319e+06,20,ACK,14
2.85323e+06,15,QOSDATA_TID6,1066
2.85341e+06,20,ACK,14
2.85346e+06,15,QOSDATA_TID6,1066
2.85364e+06,20,ACK,14
2.85369e+06,15,CTL,20
2.85377e+06,6,RTS,20
2.85384e+06,20,CTS,14
2.8539e+06,6,QOSDATA_TID6,1066
2.85408e+06,20,ACK,14
2.85413e+06,6,CTL,20
2.85421e+06,2,RTS,20
2.85421e+06,5,RTS,20
2.85421e+06,16,RTS,20
2.85428e+06,20,CTS,14
2.85434e+06,5,QOSDATA_TID6,1066
2.85453e+06,20,ACK,14
2.85457e+06,5,CTL,20
2.85466e+06,8,RTS,20
2.85466e+06,18,RTS,20
2.85472e+06,20,CTS,14
2.85478e+06,8,QOSDATA_TID6,1066
2.85497e+06,20,ACK,14
2.85501e+06,8,CTL,20
2.85511e+06,1,RTS,20
2.85511e+06,7,RTS,20
2.85511e+06,0,CTS,14
2.85511e+06,14,RTS,20
2.85524e+06,0,RTS,20
2.85531e+06,20,CTS,14
2.85537e+06,0,QOSDATA_TID6,1066
2.85555e+06,20,ACK,14
2.85559e+06,0,QOSDATA_TID6,1066
2.85578e+06,20,ACK,14
2.85582e+06,0,CTL,20
2.85591e+06,14,RTS,20
2.85591e+06,9,RTS,20
2.85591e+06,16,RTS,20
2.85604e+06,16,RTS,20
2.85611e+06,20,CTS,14
2.85617e+06,16,QOSDATA_TID6,1066
2.85635e+06,20,ACK,14
2.8564e+06,16,CTL,20
2.85648e+06,16,RTS,20
2.85655e+06,20,CTS,14
2.85661e+06,16,QOSDATA_TID6,1066
2.85679e+06,20,ACK,14
2.85684e+06,16,CTL,20
2.85692e+06,18,RTS,20
2.85692e+06,14,RTS,20
2.85703e+06,7,RTS,20
2.85703e+06,17,RTS,20
2.85713e+06,4,RTS,20
2.8572e+06,20,CTS,14
2.85726e+06,4,QOSDATA_TID6,1066
2.85744e+06,20,ACK,14
2.85748e+06,4,QOSDATA_TID6,1066
2.85767e+06,20,ACK,14
2.85771e+06,4,CTL,20
2.8578e+06,13,RTS,20
2.8578e+06,14,RTS,20
2.8579e+06,17,RTS,20
2.85796e+06,20,CTS,14
2.85802e+06,17,QOSDATA_TID6,1066
2.85821e+06,20,ACK,14
2.85825e+06,17,QOSDATA_TID6,1066
2.85844e+06,20,ACK,14
2.85848e+06,17,CTL,20
2.85857e+06,12,RTS,20
2.85857e+06,2,RTS,20
2.85857e+06,14,RTS,20
2.85863e+06,20,CTS,14
2.85869e+06,12,QOSDATA_TID6,1066
2.85888e+06,20,ACK,14
2.85892e+06,12,CTL,20
2.85902e+06,9,RTS,20
2.85902e+06,10,RTS,20
2.85912e+06,1,RTS,20
2.85912e+06,11,RTS,20
2.85918e+06,20,CTS,14
2.85924e+06,1,QOSDATA_TID6,1066
2.85943e+06,20,ACK,14
2.85947e+06,1,QOSDATA_TID6,1066
2.85966e+06,20,ACK,14
2.8597e+06,1,CTL,20
2.85979e+06,10,RTS,20
2.85985e+06,20,CTS,14
2.85991e+06,10,QOSDATA_TID6,1066
2.8601e+06,20,ACK,14
2.86014e+06,10,CTL,20
2.86023e+06,2,RTS,20
2.86023e+06,6,RTS,20
2.86023e+06,17,RTS,20
2.86023e+06,14,RTS,20
2.86034e+06,18,RTS,20
2.86041e+06,20,CTS,14
2.86047e+06,18,QOSDATA_TID6,1066
2.86066e+06,20,ACK,14
2.8607e+06,18,CTL,20
2.8608e+06,0,RTS,20
2.8608e+06,6,RTS,20
2.8608e+06,9,RTS,20
2.8608e+06,19,RTS,20
2.86089e+06,4,RTS,20
2.86089e+06,13,RTS,20
2.86099e+06,9,RTS,20
2.86106e+06,20,CTS,14
2.86112e+06,9,QOSDATA_TID6,1066
2.8613e+06,20,ACK,14
2.86135e+06,9,QOSDATA_TID6,1066
2.86153e+06,20,ACK,14
2.86158e+06,9,CTL,20
2.86166e+06,6,RTS,20
2.86166e+06,4,RTS,20
2.86173e+06,20,CTS,14
2.86179e+06,6,QOSDATA_TID6,1066
2.86197e+06,20,ACK,14
2.86202e+06,6,CTL,20
2.8621e+06,3,RTS,20
2.86217e+06,20,CTS,14
2.86223e+06,3,QOSDATA_TID6,1066
2.86242e+06,20,ACK,14
2.86246e+06,3,CTL,20
2.86254e+06,2,RTS,20
2.86254e+06,10,RTS,20
2.86254e+06,5,RTS,20
2.86261e+06,20,CTS,14
2.86267e+06,5,QOSDATA_TID6,1066
2.86286e+06,20,ACK,14
2.8629e+06,5,CTL,20
2.86299e+06,8,RTS,20
2.86299e+06,2,RTS,20
2.86306e+06,20,CTS,14
2.86312e+06,8,QOSDATA_TID6,1066
2.8633e+06,20,ACK,14
2.86334e+06,8,CTL,20
2.86344e+06,18,RTS,20
2.86344e+06,13,RTS,20
2.86344e+06,15,RTS,20
2.86354e+06,17,RTS,20
2.86354e+06,11,RTS,20
2.86354e+06,4,RTS,20
2.86361e+06,20,CTS,14
2.86367e+06,17,QOSDATA_TID6,1066
2.86386e+06,20,ACK,14
2.8639e+06,17,CTL,20
2.864e+06,19,RTS,20
2.864e+06,7,RTS,20
2.864e+06,11,RTS,20
2.864e+06,0,RTS,20
2.864e+06,13,RTS,20
2.8641e+06,2,RTS,20
2.86417e+06,20,CTS,14
2.86423e+06,2,QOSDATA_TID6,1066
2.86442e+06,20,ACK,14
2.86446e+06,2,QOSDATA_TID6,1066
2.86464e+06,20,ACK,14
2.86469e+06,2,CTL,20
2.86478e+06,11,RTS,20
2.86478e+06,16,RTS,20
2.86488e+06,13,RTS,20
2.86488e+06,14,RTS,20
2.865e+06,19,RTS,20
2.86507e+06,20,CTS,14
2.86513e+06,19,QOSDATA_TID6,1066
2.86532e+06,20,ACK,14
2.86536e+06,19,CTL,20
2.86545e+06,13,RTS,20
2.86552e+06,20,CTS,14
2.86558e+06,13,QOSDATA_TID6,1066
2.86576e+06,20,ACK,14
2.8658e+06,13,QOSDATA_TID6,1066
2.86599e+06,20,ACK,14
2.86603e+06,13,CTL,20
2.86612e+06,7,RTS,20
2.86612e+06,15,RTS,20
2.86622e+06,10,RTS,20
2.86629e+06,20,CTS,14
2.86635e+06,10,QOSDATA_TID6,1066
2.86654e+06,20,ACK,14
2.86658e+06,10,CTL,20
2.86667e+06,9,RTS,20
2.86674e+06,20,CTS,14
2.8668e+06,9,QOSDATA_TID6,1066
2.86698e+06,20,ACK,14
2.86702e+06,9,CTL,20
2.86711e+06,18,RTS,20
2.86711e+06,6,RTS,20
2.86711e+06,12,RTS,20
2.86718e+06,20,CTS,14
2.86724e+06,12,QOSDATA_TID6,1066
2.86742e+06,20,ACK,14
2.86746e+06,12,CTL,20
2.86755e+06,17,RTS,20
2.86755e+06,3,RTS,20
2.86762e+06,20,CTS,14
2.86768e+06,17,QOSDATA_TID6,1066
2.86786e+06,20,ACK,14
2.86791e+06,17,CTL,20
2.868e+06,0,CTS,14
2.868e+06,15,RTS,20
2.86814e+06,15,RTS,20
2.86814e+06,0,RTS,20
2.86824e+06,11,RTS,20
2.86824e+06,4,RTS,20
2.86835e+06,16,RTS,20
2.86835e+06,14,RTS,20
2.86848e+06,16,RTS,20
2.86855e+06,20,CTS,14
2.86861e+06,16,QOSDATA_TID6,1066
2.86879e+06,20,ACK,14
2.86883e+06,16,CTL,20
2.86892e+06,3,RTS,20
2.86899e+06,20,CTS,14
2.86905e+06,3,QOSDATA_TID6,1066
2.86923e+06,20,ACK,14
2.86928e+06,3,CTL,20
2.86936e+06,5,RTS,20
2.86936e+06,19,RTS,20
2.86936e+06,1,RTS,20
2.86936e+06,11,RTS,20
2.86943e+06,20,CTS,14
2.86949e+06,5,QOSDATA_TID6,1066
2.86967e+06,20,ACK,14
2.86972e+06,5,CTL,20
2.8698e+06,15,RTS,20
2.86987e+06,20,CTS,14
2.86993e+06,15,QOSDATA_TID6,1066
2.87012e+06,20,ACK,14
2.87016e+06,15,QOSDATA_TID6,1066
2.87034e+06,20,ACK,14
2.87039e+06,15,CTL,20
2.87047e+06,2,RTS,20
2.87047e+06,4,RTS,20
2.87047e+06,10,RTS,20
2.87059e+06,19,RTS,20
2.87059e+06,0,RTS,20
2.87059e+06,14,RTS,20
2.87059e+06,6,RTS,20
2.87069e+06,2,RTS,20
2.87076e+06,20,CTS,14
2.87082e+06,2,QOSDATA_TID6,1066
2.871e+06,20,ACK,14
2.87104e+06,2,CTL,20
2.87113e+06,6,RTS,20
2.87113e+06,4,RTS,20
2.8712e+06,20,CTS,14
2.87126e+06,6,QOSDATA_TID6,1066
2.87144e+06,20,ACK,14
2.87149e+06,6,CTL,20
2.87158e+06,10,RTS,20
2.87158e+06,7,RTS,20
2.87158e+06,4,RTS,20
2.87165e+06,20,CTS,14
2.87171e+06,7,QOSDATA_TID6,1066
2.87189e+06,20,ACK,14
2.87194e+06,7,QOSDATA_TID6,1066
2.87212e+06,20,ACK,14
2.87216e+06,7,QOSDATA_TID6,1066
2.87235e+06,20,ACK,14
2.87239e+06,7,CTL,20
2.87248e+06,8,RTS,20
2.87248e+06,16,RTS,20
2.87255e+06,20,CTS,14
2.87261e+06,8,QOSDATA_TID6,1066
2.87279e+06,20,ACK,14
2.87284e+06,8,CTL,20
2.87293e+06,1,RTS,20
2.87293e+06,10,RTS,20
2.873e+06,20,CTS,14
2.87306e+06,1,QOSDATA_TID6,1066
2.87324e+06,20,ACK,14
2.87329e+06,1,CTL,20
2.87339e+06,18,RTS,20
2.87346e+06,20,CTS,14
2.87352e+06,18,QOSDATA_TID6,1066
2.8737e+06,20,ACK,14
2.87375e+06,18,QOSDATA_TID6,1066
2.87393e+06,20,ACK,14
2.87397e+06,18,CTL,20
2.87406e+06,14,RTS,20
2.87406e+06,19,RTS,20
2.87406e+06,7,RTS,20
2.87406e+06,16,RTS,20
2.87418e+06,9,RTS,20
2.87418e+06,0,RTS,20
2.87418e+06,10,RTS,20
2.87428e+06,16,RTS,20
2.87435e+06,20,CTS,14
2.87441e+06,16,QOSDATA_TID6,1066
2.8746e+06,20,ACK,14
2.87464e+06,16,CTL,20
2.87473e+06,11,RTS,20
2.87473e+06,4,RTS,20
2.87482e+06,9,RTS,20
2.87489e+06,20,CTS,14
2.87495e+06,9,QOSDATA_TID6,1066
2.87514e+06,20,ACK,14
2.87518e+06,9,CTL,20
2.87527e+06,3,RTS,20
2.87527e+06,6,RTS,20
2.87527e+06,13,RTS,20
2.87536e+06,17,RTS,20
2.87536e+06,1,RTS,20
2.87536e+06,10,RTS,20
2.87546e+06,12,RTS,20
2.87546e+06,11,RTS,20
2.87553e+06,20,CTS,14
2.87559e+06,12,QOSDATA_TID6,1066
2.87577e+06,20,ACK,14
2.87582e+06,12,CTL,20
2.87591e+06,7,RTS,20
2.87591e+06,1,RTS,20
2.87601e+06,4,RTS,20
2.87601e+06,14,RTS,20
2.87615e+06,3,RTS,20
2.87622e+06,20,CTS,14
2.87628e+06,3,QOSDATA_TID6,1066
2.87646e+06,20,ACK,14
2.8765e+06,3,CTL,20
2.87659e+06,7,RTS,20
2.87659e+06,4,RTS,20
2.87659e+06,14,RTS,20
2.87666e+06,20,CTS,14
2.87672e+06,7,QOSDATA_TID6,1066
2.8769e+06,20,ACK,14
2.87695e+06,7,CTL,20
2.87703e+06,1,RTS,20
2.87703e+06,15,RTS,20
2.87713e+06,10,RTS,20
2.8772e+06,20,CTS,14
2.87726e+06,10,QOSDATA_TID6,1066
2.87744e+06,20,ACK,14
2.87749e+06,10,QOSDATA_TID6,1066
2.87767e+06,20,ACK,14
2.87772e+06,10,CTL,20
2.87781e+06,5,RTS,20
2.87781e+06,13,RTS,20
2.87788e+06,20,CTS,14
2.87794e+06,5,QOSDATA_TID6,1066
2.87812e+06,20,ACK,14
2.87817e+06,5,CTL,20
2.87825e+06,13,RTS,20
2.87832e+06,20,CTS,14
2.87838e+06,13,QOSDATA_TID6,1066
2.87856e+06,20,ACK,14
2.87861e+06,13,CTL,20
2.8787e+06,14,RTS,20
2.8787e+06,1,RTS,20
2.8787e+06,0,RTS,20
2.8787e+06,6,RTS,20
2.8787e+06,19,RTS,20
2.8787e+06,18,RTS,20
2.8788e+06,8,RTS,20
2.8788e+06,11,RTS,20
2.8788e+06,4,RTS,20
2.87887e+06,20,CTS,14
2.87893e+06,8,QOSDATA_TID6,1066
2.87911e+06,20,ACK,14
2.87916e+06,8,CTL,20
2.87924e+06,19,RTS,20
2.87931e+06,20,CTS,14
2.87937e+06,19,QOSDATA_TID6,1066
2.87956e+06,20,ACK,14
2.8796e+06,19,QOSDATA_TID6,1066
2.87978e+06,20,ACK,14
2.87983e+06,19,CTL,20
2.87991e+06,14,RTS,20
2.87998e+06,20,CTS,14
2.88004e+06,14,QOSDATA_TID6,1066
2.88022e+06,20,ACK,14
2.88027e+06,14,QOSDATA_TID6,1066
2.88045e+06,20,ACK,14
2.8805e+06,14,QOSDATA_TID6,1066
2.88068e+06,20,ACK,14
2.88072e+06,14,QOSDATA_TID6,1066
2.88091e+06,20,ACK,14
2.88095e+06,14,CTL,20
2.88104e+06,2,RTS,20
2.88104e+06,1,RTS,20
2.88116e+06,15,RTS,20
2.88123e+06,20,CTS,14
2.88129e+06,15,QOSDATA_TID6,1066
2.88148e+06,20,ACK,14
2.88152e+06,15,CTL,20
2.88162e+06,0,RTS,20
2.88162e+06,17,RTS,20
2.88162e+06,2,RTS,20
2.88162e+06,16,RTS,20
2.88171e+06,7,RTS,20
2.88171e+06,13,RTS,20
2.88178e+06,20,CTS,14
2.88184e+06,7,QOSDATA_TID6,1066
2.88203e+06,20,ACK,14
2.88207e+06,7,CTL,20
2.88216e+06,13,RTS,20
2.88216e+06,16,RTS,20
2.88216e+06,9,RTS,20
2.88226e+06,6,RTS,20
2.88233e+06,20,CTS,14
2.88239e+06,6,QOSDATA_TID6,1066
2.88258e+06,20,ACK,14
2.88262e+06,6,CTL,20
2.8827e+06,3,RTS,20
2.88277e+06,20,CTS,14
2.88283e+06,3,QOSDATA_TID6,1066
2.88302e+06,20,ACK,14
2.88306e+06,3,CTL,20
2.88314e+06,20,BEACON,152
2.8834e+06,9,RTS,20
2.88347e+06,20,CTS,14
2.88353e+06,9,QOSDATA_TID6,1066
2.88371e+06,20,ACK,14
2.88376e+06,9,CTL,20
2.88384e+06,12,RTS,20
2.88384e+06,11,RTS,20
2.88391e+06,20,CTS,14
2.88397e+06,12,QOSDATA_TID6,1066
2.88415e+06,20,ACK,14
2.8842e+06,12,CTL,20
2.88429e+06,5,RTS,20
2.88429e+06,13,RTS,20
2.88429e+06,2,RTS,20
2.88429e+06,0,RTS,20
2.88429e+06,18,RTS,20
2.88436e+06,20,CTS,14
2.88442e+06,5,QOSDATA_TID6,1066
2.8846e+06,20,ACK,14
2.88465e+06,5,CTL,20
2.88474e+06,11,RTS,20
2.88474e+06,4,RTS,20
2.88484e+06,15,RTS,20
2.88484e+06,6,RTS,20
2.88484e+06,10,RTS,20
2.88494e+06,16,RTS,20
2.88501e+06,20,CTS,14
2.88507e+06,16,QOSDATA_TID6,1066
2.88525e+06,20,ACK,14
2.8853e+06,16,CTL,20
2.88538e+06,4,RTS,20
2.88545e+06,20,CTS,14
2.88551e+06,4,QOSDATA_TID6,1066
2.88569e+06,20,ACK,14
2.88574e+06,4,QOSDATA_TID6,1066
2.88592e+06,20,ACK,14
2.88597e+06,4,QOSDATA_TID6,1066
2.88615e+06,20,ACK,14
2.88619e+06,4,CTL,20
2.88628e+06,19,RTS,20
2.88628e+06,6,RTS,20
2.88628e+06,18,RTS,20
2.88639e+06,13,RTS,20
2.88646e+06,20,CTS,14
2.88652e+06,13,QOSDATA_TID6,1066
2.8867e+06,20,ACK,14
2.88674e+06,13,CTL,20
2.88683e+06,18,RTS,20
2.8869e+06,20,CTS,14
2.88696e+06,18,QOSDATA_TID6,1066
2.88714e+06,20,ACK,14
2.88718e+06,18,QOSDATA_TID6,1066
2.88737e+06,20,ACK,14
2.88741e+06,18,CTL,20
2.8875e+06,17,RTS,20
2.8875e+06,14,RTS,20
2.88757e+06,20,CTS,14
2.88763e+06,17,QOSDATA_TID6,1066
2.88781e+06,20,ACK,14
2.88786e+06,17,QOSDATA_TID6,1066
2.88804e+06,20,ACK,14
2.88808e+06,17,CTL,20
2.88817e+06,10,RTS,20
2.88824e+06,20,CTS,14
2.8883e+06,10,QOSDATA_TID6,1066
2.88848e+06,20,ACK,14
2.88852e+06,10,CTL,20
2.88861e+06,2,RTS,20
2.88861e+06,8,RTS,20
2.88861e+06,1,RTS,20
2.88861e+06,15,RTS,20
2.88861e+06,11,RTS,20
2.88872e+06,0,RTS,20
2.88879e+06,20,CTS,14
2.88885e+06,0,QOSDATA_TID6,1066
2.88903e+06,20,ACK,14
2.88908e+06,0,QOSDATA_TID6,1066
2.88926e+06,20,ACK,14
2.8893e+06,0,QOSDATA_TID6,1066
2.88949e+06,20,ACK,14
2.88953e+06,0,QOSDATA_TID6,1066
2.88972e+06,20,ACK,14
2.88976e+06,0,CTL,20
2.88984e+06,13,RTS,20
2.88984e+06,11,RTS,20
2.88994e+06,7,RTS,20
2.88994e+06,6,RTS,20
2.89005e+06,9,RTS,20
2.89012e+06,20,CTS,14
2.89018e+06,9,QOSDATA_TID6,1066
2.89037e+06,20,ACK,14
2.89041e+06,9,CTL,20
2.8905e+06,12,RTS,20
2.89056e+06,20,CTS,14
2.89062e+06,12,QOSDATA_TID6,1066
2.89081e+06,20,ACK,14
2.89085e+06,12,CTL,20
2.89094e+06,1,RTS,20
2.89094e+06,19,RTS,20
2.89094e+06,13,RTS,20
2.89104e+06,11,RTS,20
2.8911e+06,20,CTS,14
2.89116e+06,11,QOSDATA_TID6,1066
2.89135e+06,20,ACK,14
2.89139e+06,11,QOSDATA_TID6,1066
2.89158e+06,20,ACK,14
2.89162e+06,11,QOSDATA_TID6,1066
2.8918e+06,20,ACK,14
2.89185e+06,11,QOSDATA_TID6,1066
2.89203e+06,20,ACK,14
2.89208e+06,11,CTL,20
2.89216e+06,16,RTS,20
2.89216e+06,17,RTS,20
2.89216e+06,2,RTS,20
2.89223e+06,20,CTS,14
2.89229e+06,17,QOSDATA_TID6,1066
2.89247e+06,20,ACK,14
2.89252e+06,17,CTL,20
2.8926e+06,5,RTS,20
2.89267e+06,20,CTS,14
2.89273e+06,5,QOSDATA_TID6,1066
2.89292e+06,20,ACK,14
2.89296e+06,5,CTL,20
2.89306e+06,8,RTS,20
2.89306e+06,19,RTS,20
2.89306e+06,3,RTS,20
2.89306e+06,15,RTS,20
2.89315e+06,16,RTS,20
2.89315e+06,4,RTS,20
2.89325e+06,3,RTS,20
2.89332e+06,20,CTS,14
2.89338e+06,3,QOSDATA_TID6,1066
2.89356e+06,20,ACK,14
2.89361e+06,3,CTL,20
2.89369e+06,10,RTS,20
2.89369e+06,8,RTS,20
2.89369e+06,6,RTS,20
2.89369e+06,16,RTS,20
2.89369e+06,7,RTS,20
2.89379e+06,2,RTS,20
2.89386e+06,20,CTS,14
2.89392e+06,2,QOSDATA_TID6,1066
2.8941e+06,20,ACK,14
2.89415e+06,2,QOSDATA_TID6,1066
2.89433e+06,20,ACK,14
2.89438e+06,2,QOSDATA_TID6,1066
2.89456e+06,20,ACK,14
2.8946e+06,2,CTL,20
2.89469e+06,18,RTS,20
2.89476e+06,20,CTS,14
2.89482e+06,18,QOSDATA_TID6,1066
2.895e+06,20,ACK,14
2.89504e+06,18,CTL,20
2.89513e+06,14,RTS,20
2.89513e+06,16,RTS,20
2.89513e+06,13,RTS,20
2.89527e+06,14,RTS,20
2.89527e+06,10,RTS,20
2.89538e+06,1,RTS,20
2.89538e+06,4,RTS,20
2.89545e+06,20,CTS,14
2.89551e+06,1,QOSDATA_TID6,1066
2.89569e+06,20,ACK,14
2.89574e+06,1,QOSDATA_TID6,1066
2.89592e+06,20,ACK,14
2.89596e+06,1,CTL,20
2.89606e+06,15,RTS,20
2.89606e+06,6,RTS,20
2.89616e+06,4,RTS,20
2.89623e+06,20,CTS,14
2.89629e+06,4,QOSDATA_TID6,1066
2.89647e+06,20,ACK,14
2.89651e+06,4,CTL,20
2.89661e+06,16,RTS,20
2.89661e+06,8,RTS,20
2.89661e+06,19,RTS,20
2.89671e+06,13,RTS,20
2.89678e+06,20,CTS,14
2.89684e+06,13,QOSDATA_TID6,1066
2.89702e+06,20,ACK,14
2.89706e+06,13,CTL,20
2.89716e+06,0,RTS,20
2.89723e+06,20,CTS,14
2.89729e+06,0,QOSDATA_TID6,1066
2.89747e+06,20,ACK,14
2.89752e+06,0,CTL,20
2.8976e+06,10,RTS,20
2.89767e+06,20,CTS,14
2.89773e+06,10,QOSDATA_TID6,1066
2.89791e+06,20,ACK,14
2.89796e+06,10,CTL,20
2.89805e+06,9,RTS,20
2.89805e+06,14,RTS,20
2.89805e+06,13,RTS,20
2.89816e+06,8,RTS,20
2.89823e+06,20,CTS,14
2.89829e+06,8,QOSDATA_TID6,1066
2.89847e+06,20,ACK,14
2.89852e+06,8,QOSDATA_TID6,1066
2.8987e+06,20,ACK,14
2.89874e+06,8,CTL,20
2.89883e+06,12,RTS,20
2.89883e+06,11,RTS,20
2.89883e+06,3,RTS,20
2.89883e+06,13,RTS,20
2.8989e+06,20,CTS,14
2.89896e+06,12,QOSDATA_TID6,1066
2.89914e+06,20,ACK,14
2.89918e+06,12,CTL,20
2.89928e+06,1,RTS,20
2.89928e+06,11,RTS,20
2.89928e+06,6,RTS,20
2.89939e+06,3,RTS,20
2.89939e+06,9,RTS,20
2.89948e+06,1,RTS,20
2.89948e+06,6,RTS,20
2.89948e+06,7,RTS,20
2.89959e+06,15,RTS,20
2.89959e+06,16,RTS,20
2.89972e+06,16,RTS,20
2.89979e+06,20,CTS,14
2.89985e+06,16,QOSDATA_TID6,1066
2.90004e+06,20,ACK,14
2.90008e+06,16,QOSDATA_TID6,1066
2.90026e+06,20,ACK,14
2.90031e+06,16,CTL,20
2.90039e+06,3,RTS,20
2.90046e+06,20,CTS,14
2.90052e+06,3,QOSDATA_TID6,1066
2.9007e+06,20,ACK,14
2.90075e+06,3,CTL,20
2.90084e+06,9,RTS,20
2.90084e+06,2,RTS,20
2.90084e+06,5,RTS,20
2.90084e+06,15,RTS,20
2.90084e+06,13,RTS,20
2.9009e+06,20,CTS,14
2.90096e+06,5,QOSDATA_TID6,1066
2.90115e+06,20,ACK,14
2.90119e+06,5,CTL,20
2.90128e+06,11,RTS,20
2.90128e+06,4,RTS,20
2.90138e+06,7,RTS,20
2.90144e+06,20,CTS,14
2.9015e+06,7,QOSDATA_TID6,1066
2.90169e+06,20,ACK,14
2.90173e+06,7,QOSDATA_TID6,1066
2.90192e+06,20,ACK,14
2.90196e+06,7,CTL,20
2.90204e+06,13,RTS,20
2.90211e+06,20,CTS,14
2.90217e+06,13,QOSDATA_TID6,1066
2.90236e+06,20,ACK,14
2.9024e+06,13,CTL,20
2.90249e+06,11,RTS,20
2.90249e+06,17,RTS,20
2.90249e+06,1,RTS,20
2.90249e+06,6,RTS,20
2.90249e+06,19,RTS,20
2.90249e+06,10,RTS,20
2.90249e+06,9,RTS,20
2.9026e+06,15,RTS,20
2.90267e+06,20,CTS,14
2.90273e+06,15,QOSDATA_TID6,1066
2.90292e+06,20,ACK,14
2.90296e+06,15,QOSDATA_TID6,1066
2.90314e+06,20,ACK,14
2.90319e+06,15,QOSDATA_TID6,1066
2.90337e+06,20,ACK,14
2.90342e+06,15,CTL,20
2.9035e+06,2,RTS,20
2.9035e+06,11,RTS,20
2.90361e+06,14,RTS,20
2.90368e+06,20,CTS,14
2.90374e+06,14,QOSDATA_TID6,1066
2.90392e+06,20,ACK,14
2.90396e+06,14,QOSDATA_TID6,1066
2.90415e+06,20,ACK,14
2.90419e+06,14,QOSDATA_TID6,1066
2.90438e+06,20,ACK,14
2.90442e+06,14,CTL,20
2.90451e+06,16,RTS,20
2.90458e+06,20,CTS,14
2.90464e+06,16,QOSDATA_TID6,1066
2.90482e+06,20,ACK,14
2.90486e+06,16,CTL,20
2.90495e+06,8,RTS,20
2.90495e+06,9,RTS,20
2.90495e+06,6,RTS,20
2.90502e+06,20,CTS,14
2.90508e+06,8,QOSDATA_TID6,1066
2.90526e+06,20,ACK,14
2.9053e+06,8,CTL,20
2.90539e+06,0,RTS,20
2.90546e+06,20,CTS,14
2.90552e+06,0,QOSDATA_TID6,1066
2.9057e+06,20,ACK,14
2.90575e+06,0,CTL,20
2.90583e+06,18,RTS,20
2.90583e+06,4,RTS,20
2.9059e+06,20,CTS,14
2.90596e+06,18,QOSDATA_TID6,1066
2.90614e+06,20,ACK,14
2.90619e+06,18,CTL,20
2.90628e+06,2,RTS,20
2.90628e+06,17,RTS,20
2.90628e+06,13,RTS,20
2.90635e+06,20,CTS,14
2.90641e+06,17,QOSDATA_TID6,1066
2.9066e+06,20,ACK,14
2.90664e+06,17,CTL,20
2.90673e+06,13,RTS,20
2.90679e+06,20,CTS,14
2.90685e+06,13,QOSDATA_TID6,1066
2.90704e+06,20,ACK,14
2.90708e+06,13,CTL,20
2.90717e+06,6,RTS,20
2.90724e+06,20,CTS,14
2.9073e+06,6,QOSDATA_TID6,1066
2.90748e+06,20,ACK,14
2.90752e+06,6,QOSDATA_TID6,1066
2.90771e+06,20,ACK,14
2.90775e+06,6,QOSDATA_TID6,1066
2.90794e+06,20,ACK,14
2.90798e+06,6,CTL,20
2.90807e+06,12,RTS,20
2.90807e+06,19,RTS,20
2.90813e+06,20,CTS,14
2.90819e+06,12,QOSDATA_TID6,1066
2.90838e+06,20,ACK,14
2.90842e+06,12,CTL,20
2.90851e+06,11,RTS,20
2.90851e+06,4,RTS,20
2.90861e+06,7,RTS,20
2.90861e+06,3,RTS,20
2.90861e+06,9,RTS,20
2.90867e+06,20,CTS,14
2.90873e+06,7,QOSDATA_TID6,1066
2.90892e+06,20,ACK,14
2.90896e+06,7,CTL,20
2.90906e+06,10,RTS,20
2.90912e+06,20,CTS,14
2.90918e+06,10,QOSDATA_TID6,1066
2.90937e+06,20,ACK,14
2.90941e+06,10,QOSDATA_TID6,1066
2.9096e+06,20,ACK,14
2.90964e+06,10,CTL,20
2.90973e+06,5,RTS,20
2.90973e+06,17,RTS,20
2.9098e+06,20,CTS,14
2.90986e+06,5,QOSDATA_TID6,1066
2.91004e+06,20,ACK,14
2.91008e+06,5,CTL,20
2.91017e+06,2,RTS,20
2.91017e+06,3,RTS,20
2.91017e+06,15,RTS,20
2.91027e+06,17,RTS,20
2.91027e+06,1,RTS,20
2.91027e+06,11,RTS,20
2.91037e+06,2,RTS,20
2.91038e+06,18,RTS,20
2.9105e+06,15,RTS,20
2.91057e+06,20,CTS,14
2.91063e+06,15,QOSDATA_TID6,1066
2.91082e+06,20,ACK,14
2.91086e+06,15,CTL,20
2.91095e+06,8,RTS,20
2.91095e+06,2,RTS,20
2.91095e+06,4,RTS,20
2.91102e+06,20,CTS,14
2.91108e+06,8,QOSDATA_TID6,1066
2.91127e+06,20,ACK,14
2.91131e+06,8,CTL,20
2.9114e+06,14,RTS,20
2.91147e+06,20,CTS,14
2.91153e+06,14,QOSDATA_TID6,1066
2.91172e+06,20,ACK,14
2.91176e+06,14,CTL,20
2.91185e+06,19,RTS,20
2.91192e+06,20,CTS,14
2.91198e+06,19,QOSDATA_TID6,1066
2.91216e+06,20,ACK,14
2.9122e+06,19,QOSDATA_TID6,1066
2.91239e+06,20,ACK,14
2.91243e+06,19,QOSDATA_TID6,1066
2.91262e+06,20,ACK,14
2.91266e+06,19,QOSDATA_TID6,1066
2.91284e+06,20,ACK,14
2.91289e+06,19,CTL,20
2.91297e+06,11,RTS,20
2.91304e+06,20,CTS,14
2.9131e+06,11,QOSDATA_TID6,1066
2.91329e+06,20,ACK,14
2.91333e+06,11,CTL,20
2.91342e+06,9,RTS,20
2.91342e+06,0,RTS,20
2.91348e+06,20,CTS,14
2.91354e+06,0,QOSDATA_TID6,1066
2.91373e+06,20,ACK,14
2.91377e+06,0,CTL,20
2.91386e+06,7,RTS,20
2.91386e+06,13,RTS,20
2.91393e+06,20,CTS,14
2.91399e+06,7,QOSDATA_TID6,1066
2.91417e+06,20,ACK,14
2.91421e+06,7,CTL,20
2.91431e+06,1,RTS,20
2.91431e+06,16,RTS,20
2.91431e+06,4,RTS,20
2.91431e+06,2,RTS,20
2.91431e+06,18,RTS,20
2.91441e+06,12,RTS,20
2.91448e+06,20,CTS,14
2.91454e+06,12,QOSDATA_TID6,1066
2.91472e+06,20,ACK,14
2.91476e+06,12,CTL,20
2.91485e+06,18,RTS,20
2.91492e+06,20,CTS,14
2.91498e+06,18,QOSDATA_TID6,1066
2.91516e+06,20,ACK,14
2.9152e+06,18,CTL,20
2.91529e+06,6,RTS,20
2.91536e+06,20,CTS,14
2.91542e+06,6,QOSDATA_TID6,1066
2.9156e+06,20,ACK,14
2.91565e+06,6,CTL,20
2.91573e+06,17,RTS,20
2.91573e+06,3,RTS,20
2.91573e+06,13,RTS,20
2.91573e+06,19,RTS,20
2.91573e+06,11,RTS,20
2.91573e+06,4,RTS,20
2.91584e+06,16,RTS,20
2.91584e+06,1,RTS,20
2.91591e+06,20,CTS,14
2.91597e+06,1,QOSDATA_TID6,1066
2.91615e+06,20,ACK,14
2.9162e+06,1,QOSDATA_TID6,1066
2.91638e+06,20,ACK,14
2.91642e+06,1,QOSDATA_TID6,1066
2.91661e+06,20,ACK,14
2.91665e+06,1,CTL,20
2.91674e+06,11,RTS,20
2.91674e+06,3,RTS,20
2.91684e+06,5,RTS,20
2.91691e+06,20,CTS,14
2.91697e+06,5,QOSDATA_TID6,1066
2.91716e+06,20,ACK,14
2.9172e+06,5,CTL,20
2.91729e+06,15,RTS,20
2.91736e+06,20,CTS,14
2.91742e+06,15,QOSDATA_TID6,1066
2.9176e+06,20,ACK,14
2.91764e+06,15,CTL,20
2.91774e+06,2,RTS,20
2.91774e+06,9,RTS,20
2.91781e+06,20,CTS,14
2.91787e+06,2,QOSDATA_TID6,1066
2.91805e+06,20,ACK,14
2.91809e+06,2,QOSDATA_TID6,1066
2.91828e+06,20,ACK,14
2.91832e+06,2,CTL,20
2.91841e+06,10,RTS,20
2.91848e+06,20,CTS,14
2.91854e+06,10,QOSDATA_TID6,1066
2.91872e+06,20,ACK,14
2.91876e+06,10,CTL,20
2.91885e+06,18,RTS,20
2.91885e+06,9,RTS,20
2.91885e+06,19,RTS,20
2.91885e+06,11,RTS,20
2.91897e+06,13,RTS,20
2.91903e+06,20,CTS,14
2.91909e+06,13,QOSDATA_TID6,1066
2.91928e+06,20,ACK,14
2.91932e+06,13,CTL,20
2.91942e+06,4,RTS,20
2.91942e+06,16,RTS,20
2.91952e+06,14,RTS,20
2.91952e+06,18,RTS,20
2.91961e+06,16,RTS,20
2.91968e+06,20,CTS,14
2.91974e+06,16,QOSDATA_TID6,1066
2.91992e+06,20,ACK,14
2.91997e+06,16,CTL,20
2.92006e+06,4,RTS,20
2.92006e+06,8,RTS,20
2.92006e+06,17,RTS,20
2.92016e+06,11,RTS,20
2.92016e+06,3,RTS,20
2.92028e+06,14,RTS,20
2.92035e+06,20,CTS,14
2.92041e+06,14,QOSDATA_TID6,1066
2.92059e+06,20,ACK,14
2.92064e+06,14,CTL,20
2.92072e+06,3,RTS,20
2.92079e+06,20,CTS,14
2.92085e+06,3,QOSDATA_TID6,1066
2.92103e+06,20,ACK,14
2.92108e+06,3,QOSDATA_TID6,1066
2.92126e+06,20,ACK,14
2.9213e+06,3,CTL,20
2.92139e+06,19,RTS,20
2.92139e+06,17,RTS,20
2.92139e+06,4,RTS,20
2.92146e+06,20,CTS,14
2.92152e+06,17,QOSDATA_TID6,1066
2.9217e+06,20,ACK,14
2.92175e+06,17,QOSDATA_TID6,1066
2.92193e+06,20,ACK,14
2.92198e+06,17,CTL,20
2.92206e+06,19,RTS,20
2.92206e+06,7,RTS,20
2.92206e+06,9,RTS,20
2.92216e+06,16,RTS,20
2.92223e+06,20,CTS,14
2.92229e+06,16,QOSDATA_TID6,1066
2.92247e+06,20,ACK,14
2.92252e+06,16,CTL,20
2.9226e+06,12,RTS,20
2.9226e+06,0,RTS,20
2.92267e+06,20,CTS,14
2.92273e+06,12,QOSDATA_TID6,1066
2.92291e+06,20,ACK,14
2.92296e+06,12,CTL,20
2.92305e+06,0,RTS,20
2.92305e+06,18,RTS,20
2.92315e+06,13,RTS,20
2.92315e+06,4,RTS,20
2.92326e+06,7,RTS,20
2.92332e+06,20,CTS,14
2.92338e+06,7,QOSDATA_TID6,1066
2.92357e+06,20,ACK,14
2.92361e+06,7,CTL,20
2.9237e+06,8,RTS,20
2.9237e+06,3,RTS,20
2.92377e+06,20,CTS,14
2.92383e+06,8,QOSDATA_TID6,1066
2.92401e+06,20,ACK,14
2.92406e+06,8,CTL,20
2.92415e+06,0,CTS,14
2.92428e+06,0,RTS,20
2.92435e+06,20,CTS,14
2.92441e+06,0,QOSDATA_TID6,1066
2.92459e+06,20,ACK,14
2.92464e+06,0,CTL,20
2.92472e+06,6,RTS,20
2.92472e+06,10,RTS,20
2.92472e+06,15,RTS,20
2.92472e+06,17,RTS,20
2.92472e+06,11,RTS,20
2.92483e+06,3,RTS,20
2.9249e+06,20,CTS,14
2.92496e+06,3,QOSDATA_TID6,1066
2.92514e+06,20,ACK,14
2.92519e+06,3,CTL,20
2.92527e+06,9,RTS,20
2.92527e+06,2,RTS,20
2.92534e+06,20,CTS,14
2.9254e+06,2,QOSDATA_TID6,1066
2.92558e+06,20,ACK,14
2.92563e+06,2,CTL,20
2.92572e+06,19,RTS,20
2.92572e+06,1,RTS,20
2.92572e+06,15,RTS,20
2.92572e+06,13,RTS,20
2.92583e+06,18,RTS,20
2.9259e+06,20,CTS,14
2.92596e+06,18,QOSDATA_TID6,1066
2.92614e+06,20,ACK,14
2.92619e+06,18,CTL,20
2.92627e+06,17,RTS,20
2.92627e+06,11,RTS,20
2.92627e+06,4,RTS,20
2.92634e+06,20,CTS,14
2.9264e+06,17,QOSDATA_TID6,1066
2.92658e+06,20,ACK,14
2.92663e+06,17,CTL,20
2.92672e+06,8,RTS,20
2.92678e+06,20,CTS,14
2.92684e+06,8,QOSDATA_TID6,1066
2.92703e+06,20,ACK,14
2.92707e+06,8,CTL,20
2.92716e+06,1,RTS,20
2.92716e+06,5,RTS,20
2.92716e+06,11,RTS,20
2.92716e+06,18,RTS,20
2.92716e+06,10,RTS,20
2.92722e+06,20,CTS,14
2.92728e+06,5,QOSDATA_TID6,1066
2.92747e+06,20,ACK,14
2.92751e+06,5,CTL,20
2.9276e+06,18,RTS,20
2.92767e+06,20,CTS,14
2.92773e+06,18,QOSDATA_TID6,1066
2.92791e+06,20,ACK,14
2.92796e+06,18,CTL,20
2.92804e+06,10,RTS,20
2.92804e+06,9,RTS,20
2.92804e+06,14,RTS,20
2.92816e+06,11,RTS,20
2.92816e+06,4,RTS,20
2.92827e+06,15,RTS,20
2.92827e+06,6,RTS,20
2.92837e+06,9,RTS,20
2.92844e+06,20,CTS,14
2.9285e+06,9,QOSDATA_TID6,1066
2.92868e+06,20,ACK,14
2.92873e+06,9,QOSDATA_TID6,1066
2.92891e+06,20,ACK,14
2.92896e+06,9,QOSDATA_TID6,1066
2.92914e+06,20,ACK,14
2.92918e+06,9,CTL,20
2.92928e+06,0,RTS,20
2.92935e+06,20,CTS,14
2.92941e+06,0,QOSDATA_TID6,1066
2.92959e+06,20,ACK,14
2.92964e+06,0,CTL,20
2.92972e+06,6,RTS,20
2.92972e+06,1,RTS,20
2.92972e+06,19,RTS,20
2.92972e+06,9,RTS,20
2.92972e+06,11,RTS,20
2.92972e+06,4,RTS,20
2.92982e+06,16,RTS,20
2.92989e+06,20,CTS,14
2.92995e+06,16,QOSDATA_TID6,1066
2.93013e+06,20,ACK,14
2.93018e+06,16,CTL,20
2.93026e+06,9,RTS,20
2.93026e+06,6,RTS,20
2.93026e+06,10,RTS,20
2.93036e+06,7,RTS,20
2.93036e+06,13,RTS,20
2.93043e+06,20,CTS,14
2.93049e+06,7,QOSDATA_TID6,1066
2.93067e+06,20,ACK,14
2.93072e+06,7,CTL,20
2.9308e+06,3,RTS,20
2.93087e+06,20,CTS,14
2.93093e+06,3,QOSDATA_TID6,1066
2.93111e+06,20,ACK,14
2.93116e+06,3,CTL,20
2.93124e+06,13,RTS,20
2.93131e+06,20,CTS,14
2.93137e+06,13,QOSDATA_TID6,1066
2.93156e+06,20,ACK,14
2.9316e+06,13,QOSDATA_TID6,1066
2.93178e+06,20,ACK,14
2.93183e+06,13,CTL,20
2.93191e+06,12,RTS,20
2.93191e+06,1,RTS,20
2.93191e+06,10,RTS,20
2.93198e+06,20,CTS,14
2.93204e+06,12,QOSDATA_TID6,1066
2.93222e+06,20,ACK,14
2.93227e+06,12,CTL,20
2.93236e+06,15,RTS,20
2.93242e+06,20,CTS,14
2.93248e+06,15,QOSDATA_TID6,1066
2.93267e+06,20,ACK,14
2.93271e+06,15,QOSDATA_TID6,1066
2.9329e+06,20,ACK,14
2.93294e+06,15,CTL,20
2.93302e+06,14,RTS,20
2.93302e+06,5,RTS,20
2.93302e+06,17,RTS,20
2.93302e+06,11,RTS,20
2.93312e+06,2,RTS,20
2.93319e+06,20,CTS,14
2.93325e+06,2,QOSDATA_TID6,1066
2.93344e+06,20,ACK,14
2.93348e+06,2,CTL,20
2.93356e+06,9,RTS,20
2.93356e+06,19,RTS,20
2.93363e+06,20,CTS,14
2.93369e+06,19,QOSDATA_TID6,1066
2.93388e+06,20,ACK,14
2.93392e+06,19,QOSDATA_TID6,1066
2.9341e+06,20,ACK,14
2.93415e+06,19,QOSDATA_TID6,1066
2.93433e+06,20,ACK,14
2.93438e+06,19,CTL,20
2.93447e+06,18,RTS,20
2.93447e+06,6,RTS,20
2.93457e+06,5,RTS,20
2.93457e+06,17,RTS,20
2.93457e+06,11,RTS,20
2.93467e+06,8,RTS,20
2.93474e+06,20,CTS,14
2.9348e+06,8,QOSDATA_TID6,1066
2.93498e+06,20,ACK,14
2.93502e+06,8,CTL,20
2.93511e+06,17,RTS,20
2.93511e+06,1,RTS,20
2.93511e+06,5,RTS,20
2.93521e+06,6,RTS,20
2.93521e+06,10,RTS,20
2.93528e+06,20,CTS,14
2.93534e+06,6,QOSDATA_TID6,1066
2.93552e+06,20,ACK,14
2.93556e+06,6,QOSDATA_TID6,1066
2.93575e+06,20,ACK,14
2.93579e+06,6,CTL,20
2.93588e+06,1,RTS,20
2.93595e+06,20,CTS,14
2.93601e+06,1,QOSDATA_TID6,1066
2.93619e+06,20,ACK,14
2.93623e+06,1,QOSDATA_TID6,1066
2.93642e+06,20,ACK,14
2.93646e+06,1,CTL,20
2.93655e+06,17,RTS,20
2.93655e+06,4,RTS,20
2.93655e+06,14,RTS,20
2.93662e+06,20,CTS,14
2.93668e+06,17,QOSDATA_TID6,1066
2.93686e+06,20,ACK,14
2.9369e+06,17,CTL,20
2.93699e+06,18,RTS,20
2.93699e+06,10,RTS,20
2.93709e+06,5,RTS,20
2.93716e+06,20,CTS,14
2.93722e+06,5,QOSDATA_TID6,1066
2.9374e+06,20,ACK,14
2.93744e+06,5,CTL,20
2.93753e+06,16,RTS,20
2.93753e+06,0,RTS,20
2.9376e+06,20,CTS,14
2.93766e+06,0,QOSDATA_TID6,1066
2.93784e+06,20,ACK,14
2.93789e+06,0,CTL,20
2.93797e+06,9,RTS,20
2.93804e+06,20,CTS,14
2.9381e+06,9,QOSDATA_TID6,1066
2.93828e+06,20,ACK,14
2.93833e+06,9,QOSDATA_TID6,1066
2.93851e+06,20,ACK,14
2.93856e+06,9,CTL,20
2.93864e+06,3,RTS,20
2.93864e+06,11,RTS,20
2.93875e+06,14,RTS,20
2.93882e+06,20,CTS,14
2.93888e+06,14,QOSDATA_TID6,1066
2.93906e+06,20,ACK,14
2.93911e+06,14,QOSDATA_TID6,1066
2.93929e+06,20,ACK,14
2.93933e+06,14,CTL,20
2.93942e+06,1,RTS,20
2.93942e+06,19,RTS,20
2.93952e+06,17,RTS,20
2.93959e+06,20,CTS,14
2.93965e+06,17,QOSDATA_TID6,1066
2.93983e+06,20,ACK,14
2.93987e+06,17,CTL,20
2.93996e+06,7,RTS,20
2.93996e+06,13,RTS,20
2.93996e+06,6,RTS,20
2.93996e+06,10,RTS,20
2.9401e+06,19,RTS,20
2.94017e+06,20,CTS,14
2.94023e+06,19,QOSDATA_TID6,1066
2.94042e+06,20,ACK,14
2.94046e+06,19,CTL,20
2.94054e+06,10,RTS,20
2.94054e+06,13,RTS,20
2.94066e+06,5,RTS,20
2.94073e+06,20,CTS,14
2.94079e+06,5,QOSDATA_TID6,1066
2.94097e+06,20,ACK,14
2.94102e+06,5,CTL,20
2.9411e+06,1,RTS,20
2.94117e+06,20,CTS,14
2.94123e+06,1,QOSDATA_TID6,1066
2.94142e+06,20,ACK,14
2.94146e+06,1,CTL,20
2.94154e+06,11,RTS,20
2.94154e+06,4,RTS,20
2.94154e+06,3,RTS,20
2.94154e+06,18,RTS,20
2.94164e+06,2,RTS,20
2.94171e+06,20,CTS,14
2.94177e+06,2,QOSDATA_TID6,1066
2.94196e+06,20,ACK,14
2.942e+06,2,CTL,20
2.94208e+06,12,RTS,20
2.94208e+06,7,RTS,20
2.94208e+06,15,RTS,20
2.94218e+06,6,RTS,20
2.94218e+06,18,RTS,20
2.94218e+06,16,RTS,20
2.9423e+06,3,RTS,20
2.94237e+06,20,CTS,14
2.94243e+06,3,QOSDATA_TID6,1066
2.94261e+06,20,ACK,14
2.94266e+06,3,CTL,20
2.94274e+06,12,RTS,20
2.94274e+06,13,RTS,20
2.94281e+06,20,CTS,14
2.94287e+06,12,QOSDATA_TID6,1066
2.94305e+06,20,ACK,14
2.9431e+06,12,CTL,20
2.94319e+06,16,RTS,20
2.94319e+06,4,RTS,20
2.94319e+06,6,RTS,20
2.94319e+06,14,RTS,20
2.94329e+06,8,RTS,20
2.94329e+06,10,RTS,20
2.94336e+06,20,CTS,14
2.94342e+06,8,QOSDATA_TID6,1066
2.9436e+06,20,ACK,14
2.94365e+06,8,CTL,20
2.94373e+06,16,RTS,20
2.9438e+06,20,CTS,14
2.94386e+06,16,QOSDATA_TID6,1066
2.94404e+06,20,ACK,14
2.94409e+06,16,CTL,20
2.94417e+06,4,RTS,20
2.94424e+06,20,CTS,14
2.9443e+06,4,QOSDATA_TID6,1066
2.94449e+06,20,ACK,14
2.94453e+06,4,QOSDATA_TID6,1066
2.94472e+06,20,ACK,14
2.94476e+06,4,QOSDATA_TID6,1066
2.94494e+06,20,ACK,14
2.94499e+06,4,QOSDATA_TID6,1066
2.94517e+06,20,ACK,14
2.94522e+06,4,CTL,20
2.9453e+06,11,RTS,20
2.9453e+06,7,RTS,20
2.9453e+06,18,RTS,20
2.9453e+06,10,RTS,20
2.94541e+06,14,RTS,20
2.94548e+06,20,CTS,14
2.94554e+06,14,QOSDATA_TID6,1066
2.94572e+06,20,ACK,14
2.94576e+06,14,CTL,20
2.94585e+06,11,RTS,20
2.94585e+06,9,RTS,20
2.94595e+06,0,RTS,20
2.94595e+06,6,RTS,20
2.94606e+06,15,RTS,20
2.94606e+06,16,RTS,20
2.94606e+06,10,RTS,20
2.94618e+06,0,RTS,20
2.94625e+06,20,CTS,14
2.94631e+06,0,QOSDATA_TID6,1066
2.9465e+06,20,ACK,14
2.94654e+06,0,CTL,20
2.94663e+06,10,RTS,20
2.94663e+06,12,RTS,20
2.94663e+06,3,RTS,20
2.94669e+06,20,CTS,14
2.94675e+06,12,QOSDATA_TID6,1066
2.94694e+06,20,ACK,14
2.94698e+06,12,CTL,20
2.94708e+06,16,RTS,20
2.94708e+06,6,RTS,20
2.94719e+06,13,RTS,20
2.94726e+06,20,CTS,14
2.94732e+06,13,QOSDATA_TID6,1066
2.9475e+06,20,ACK,14
2.94755e+06,13,QOSDATA_TID6,1066
2.94773e+06,20,ACK,14
2.94778e+06,13,CTL,20
2.94786e+06,1,RTS,20
2.94793e+06,20,CTS,14
2.94799e+06,1,QOSDATA_TID6,1066
2.94818e+06,20,ACK,14
2.94822e+06,1,CTL,20
2.9483e+06,17,RTS,20
2.9483e+06,5,RTS,20
2.9483e+06,6,RTS,20
2.94841e+06,18,RTS,20
2.94841e+06,15,RTS,20
2.94841e+06,7,RTS,20
2.94841e+06,19,RTS,20
2.94851e+06,9,RTS,20
2.94858e+06,20,CTS,14
2.94864e+06,9,QOSDATA_TID6,1066
2.94882e+06,20,ACK,14
2.94887e+06,9,CTL,20
2.94895e+06,4,RTS,20
2.94902e+06,20,CTS,14
2.94908e+06,4,QOSDATA_TID6,1066
2.94926e+06,20,ACK,14
2.94931e+06,4,CTL,20
2.94939e+06,16,RTS,20
2.94939e+06,2,RTS,20
2.9495e+06,19,RTS,20
2.94957e+06,20,CTS,14
2.94963e+06,19,QOSDATA_TID6,1066
2.94981e+06,20,ACK,14
2.94986e+06,19,CTL,20
2.94995e+06,11,RTS,20
2.94995e+06,3,RTS,20
2.94995e+06,18,RTS,20
2.95007e+06,5,RTS,20
2.95007e+06,15,RTS,20
2.95014e+06,20,CTS,14
2.9502e+06,5,QOSDATA_TID6,1066
2.95038e+06,20,ACK,14
2.95042e+06,5,CTL,20
2.95051e+06,11,RTS,20
2.95058e+06,20,CTS,14
2.95064e+06,11,QOSDATA_TID6,1066
2.95082e+06,20,ACK,14
2.95087e+06,11,QOSDATA_TID6,1066
2.95105e+06,20,ACK,14
2.95109e+06,11,QOSDATA_TID6,1066
2.95128e+06,20,ACK,14
2.95132e+06,11,CTL,20
2.95142e+06,17,RTS,20
2.95142e+06,14,RTS,20
2.95148e+06,20,CTS,14
2.95154e+06,17,QOSDATA_TID6,1066
2.95173e+06,20,ACK,14
2.95177e+06,17,CTL,20
2.95186e+06,10,RTS,20
2.95186e+06,14,RTS,20
2.95198e+06,8,RTS,20
2.95204e+06,20,CTS,14
2.9521e+06,8,QOSDATA_TID6,1066
2.95229e+06,20,ACK,14
2.95233e+06,8,CTL,20
2.95243e+06,18,RTS,20
2.9525e+06,20,CTS,14
2.95256e+06,18,QOSDATA_TID6,1066
2.95274e+06,20,ACK,14
2.95278e+06,18,QOSDATA_TID6,1066
2.95297e+06,20,ACK,14
2.95301e+06,18,CTL,20
2.9531e+06,0,RTS,20
2.9531e+06,6,RTS,20
2.9531e+06,3,RTS,20
2.9531e+06,7,RTS,20
2.9532e+06,10,RTS,20
2.95327e+06,20,CTS,14
2.95333e+06,10,QOSDATA_TID6,1066
2.95352e+06,20,ACK,14
2.95356e+06,10,QOSDATA_TID6,1066
2.95374e+06,20,ACK,14
2.95379e+06,10,CTL,20
2.95387e+06,3,RTS,20
2.95394e+06,20,CTS,14
2.954e+06,3,QOSDATA_TID6,1066
2.95419e+06,20,ACK,14
2.95423e+06,3,CTL,20
2.95432e+06,16,RTS,20
2.95432e+06,7,RTS,20
2.95432e+06,14,RTS,20
2.95432e+06,15,RTS,20
2.95432e+06,13,RTS,20
2.95441e+06,2,RTS,20
2.95441e+06,9,RTS,20
2.95448e+06,20,CTS,14
2.95454e+06,2,QOSDATA_TID6,1066
2.95473e+06,20,ACK,14
2.95477e+06,2,CTL,20
2.95486e+06,11,RTS,20
2.95492e+06,20,CTS,14
2.95498e+06,11,QOSDATA_TID6,1066
2.95517e+06,20,ACK,14
2.95521e+06,11,CTL,20
2.9553e+06,12,RTS,20
2.9553e+06,7,RTS,20
2.9553e+06,13,RTS,20
2.9553e+06,0,RTS,20
2.9554e+06,14,RTS,20
2.9554e+06,19,RTS,20
2.9554e+06,3,RTS,20
2.95553e+06,7,RTS,20
2.9556e+06,20,CTS,14
2.95566e+06,7,QOSDATA_TID6,1066
2.95584e+06,20,ACK,14
2.95589e+06,7,QOSDATA_TID6,1066
2.95607e+06,20,ACK,14
2.95611e+06,7,CTL,20
2.9562e+06,17,RTS,20
2.95627e+06,20,CTS,14
2.95633e+06,17,QOSDATA_TID6,1066
2.95651e+06,20,ACK,14
2.95656e+06,17,CTL,20
2.95664e+06,1,RTS,20
2.95664e+06,5,RTS,20
2.95664e+06,2,RTS,20
2.95664e+06,10,RTS,20
2.95671e+06,20,CTS,14
2.95677e+06,5,QOSDATA_TID6,1066
2.95695e+06,20,ACK,14
2.957e+06,5,CTL,20
2.95708e+06,15,RTS,20
2.95715e+06,20,CTS,14
2.95721e+06,15,QOSDATA_TID6,1066
2.9574e+06,20,ACK,14
2.95744e+06,15,QOSDATA_TID6,1066
2.95762e+06,20,ACK,14
2.95767e+06,15,QOSDATA_TID6,1066
2.95785e+06,20,ACK,14
2.9579e+06,15,CTL,20
2.95798e+06,14,RTS,20
2.95798e+06,13,RTS,20
2.95809e+06,1,RTS,20
2.95809e+06,9,RTS,20
2.95816e+06,20,CTS,14
2.95822e+06,1,QOSDATA_TID6,1066
2.9584e+06,20,ACK,14
2.95844e+06,1,CTL,20
2.95853e+06,18,RTS,20
2.9586e+06,20,CTS,14
2.95866e+06,18,QOSDATA_TID6,1066
2.95884e+06,20,ACK,14
2.95889e+06,18,CTL,20
2.95898e+06,6,RTS,20
2.95898e+06,9,RTS,20
2.95898e+06,19,RTS,20
2.95898e+06,12,RTS,20
2.95898e+06,16,RTS,20
2.95898e+06,4,RTS,20
2.95908e+06,8,RTS,20
2.95908e+06,10,RTS,20
2.95915e+06,20,CTS,14
2.95921e+06,8,QOSDATA_TID6,1066
2.95939e+06,20,ACK,14
2.95944e+06,8,CTL,20
2.95952e+06,12,RTS,20
2.95952e+06,16,RTS,20
2.95959e+06,20,CTS,14
2.95965e+06,12,QOSDATA_TID6,1066
2.95984e+06,20,ACK,14
2.95988e+06,12,CTL,20
2.95996e+06,2,RTS,20
2.96003e+06,20,CTS,14
2.96009e+06,2,QOSDATA_TID6,1066
2.96028e+06,20,ACK,14
2.96032e+06,2,CTL,20
2.96041e+06,19,RTS,20
2.96048e+06,20,CTS,14
2.96054e+06,19,QOSDATA_TID6,1066
2.96072e+06,20,ACK,14
2.96076e+06,19,CTL,20
2.96085e+06,3,RTS,20
2.96085e+06,9,RTS,20
2.96085e+06,0,CTS,14
2.96085e+06,6,RTS,20
2.96085e+06,13,RTS,20
2.96095e+06,0,RTS,20
2.96102e+06,20,CTS,14
2.96108e+06,0,QOSDATA_TID6,1066
2.96126e+06,20,ACK,14
2.96131e+06,0,QOSDATA_TID6,1066
2.96149e+06,20,ACK,14
2.96154e+06,0,CTL,20
2.96162e+06,6,RTS,20
2.96169e+06,20,CTS,14
2.96175e+06,6,QOSDATA_TID6,1066
2.96194e+06,20,ACK,14
2.96198e+06,6,QOSDATA_TID6,1066
2.96216e+06,20,ACK,14
2.96221e+06,6,CTL,20
2.96229e+06,10,RTS,20
2.96229e+06,3,RTS,20
2.96239e+06,12,RTS,20
2.96239e+06,16,RTS,20
2.96239e+06,14,RTS,20
2.96246e+06,20,CTS,14
2.96252e+06,12,QOSDATA_TID6,1066
2.9627e+06,20,ACK,14
2.96275e+06,12,CTL,20
2.96283e+06,3,RTS,20
2.9629e+06,20,CTS,14
2.96296e+06,3,QOSDATA_TID6,1066
2.96314e+06,20,ACK,14
2.96319e+06,3,QOSDATA_TID6,1066
2.96337e+06,20,ACK,14
2.96342e+06,3,CTL,20
2.9635e+06,9,RTS,20
2.9635e+06,17,RTS,20
2.9635e+06,7,RTS,20
2.9635e+06,4,RTS,20
2.96361e+06,11,RTS,20
2.96361e+06,14,RTS,20
2.96371e+06,9,RTS,20
2.96378e+06,20,CTS,14
2.96384e+06,9,QOSDATA_TID6,1066
2.96402e+06,20,ACK,14
2.96406e+06,9,QOSDATA_TID6,1066
2.96425e+06,20,ACK,14
2.96429e+06,9,CTL,20
2.96438e+06,10,RTS,20
2.96438e+06,5,RTS,20
2.96445e+06,20,CTS,14
2.96451e+06,5,QOSDATA_TID6,1066
2.96469e+06,20,ACK,14
2.96473e+06,5,CTL,20
2.96483e+06,6,RTS,20
2.96483e+06,15,RTS,20
2.96493e+06,16,RTS,20
2.965e+06,20,CTS,14
2.96506e+06,16,QOSDATA_TID6,1066
2.96524e+06,20,ACK,14
2.96528e+06,16,QOSDATA_TID6,1066
2.96547e+06,20,ACK,14
2.96551e+06,16,CTL,20
2.9656e+06,19,RTS,20
2.9656e+06,6,RTS,20
2.9657e+06,2,RTS,20
2.96577e+06,20,CTS,14
2.96583e+06,2,QOSDATA_TID6,1066
2.96602e+06,20,ACK,14
2.96606e+06,2,CTL,20
2.96616e+06,1,RTS,20
2.96616e+06,13,RTS,20
2.96622e+06,20,CTS,14
2.96628e+06,1,QOSDATA_TID6,1066
2.96647e+06,20,ACK,14
2.96651e+06,1,CTL,20
2.96661e+06,18,RTS,20
2.96667e+06,20,CTS,14
2.96673e+06,18,QOSDATA_TID6,1066
2.96692e+06,20,ACK,14
2.96696e+06,18,CTL,20
2.96706e+06,14,RTS,20
2.96706e+06,15,RTS,20
2.96706e+06,11,RTS,20
2.96716e+06,6,RTS,20
2.96716e+06,10,RTS,20
2.96723e+06,20,CTS,14
2.96729e+06,6,QOSDATA_TID6,1066
2.96748e+06,20,ACK,14
2.96752e+06,6,CTL,20
2.96761e+06,11,RTS,20
2.96768e+06,20,CTS,14
2.96774e+06,11,QOSDATA_TID6,1066
2.96792e+06,20,ACK,14
2.96796e+06,11,CTL,20
2.96805e+06,7,RTS,20
2.96812e+06,20,CTS,14
2.96818e+06,7,QOSDATA_TID6,1066
2.96836e+06,20,ACK,14
2.9684e+06,7,CTL,20
2.96849e+06,13,RTS,20
2.96849e+06,8,RTS,20
2.96849e+06,16,RTS,20
2.96849e+06,4,RTS,20
2.96856e+06,20,CTS,14
2.96862e+06,8,QOSDATA_TID6,1066
2.9688e+06,20,ACK,14
2.96885e+06,8,CTL,20
2.96893e+06,10,RTS,20
2.96893e+06,14,RTS,20
2.96903e+06,17,RTS,20
2.96903e+06,4,RTS,20
2.9691e+06,20,CTS,14
2.96916e+06,17,QOSDATA_TID6,1066
2.96934e+06,20,ACK,14
2.96939e+06,17,CTL,20
2.96948e+06,0,RTS,20
2.96955e+06,20,CTS,14
2.96961e+06,0,QOSDATA_TID6,1066
2.96979e+06,20,ACK,14
2.96984e+06,0,CTL,20
2.96992e+06,7,RTS,20
2.96992e+06,19,RTS,20
2.96992e+06,13,RTS,20
2.97004e+06,4,RTS,20
2.97011e+06,20,CTS,14
2.97017e+06,4,QOSDATA_TID6,1066
2.97035e+06,20,ACK,14
2.9704e+06,4,QOSDATA_TID6,1066
2.97058e+06,20,ACK,14
2.97062e+06,4,CTL,20
2.97071e+06,16,RTS,20
2.97071e+06,12,RTS,20
2.97071e+06,13,RTS,20
2.97071e+06,15,RTS,20
2.97078e+06,20,CTS,14
2.97084e+06,12,QOSDATA_TID6,1066
2.97102e+06,20,ACK,14
2.97107e+06,12,CTL,20
2.97115e+06,16,RTS,20
2.97115e+06,6,RTS,20
2.97127e+06,3,RTS,20
2.97127e+06,9,RTS,20
2.97127e+06,13,RTS,20
2.97137e+06,17,RTS,20
2.97137e+06,16,RTS,20
2.97143e+06,20,CTS,14
2.97149e+06,17,QOSDATA_TID6,1066
2.97168e+06,20,ACK,14
2.97172e+06,17,CTL,20
2.97182e+06,10,RTS,20
2.97182e+06,14,RTS,20
2.97192e+06,1,RTS,20
2.97198e+06,20,CTS,14
2.97204e+06,1,QOSDATA_TID6,1066
2.97223e+06,20,ACK,14
2.97227e+06,1,CTL,20
2.97237e+06,19,RTS,20
2.97237e+06,11,RTS,20
2.97247e+06,13,RTS,20
2.97254e+06,20,CTS,14
2.9726e+06,13,QOSDATA_TID6,1066
2.97278e+06,20,ACK,14
2.97283e+06,13,QOSDATA_TID6,1066
2.97301e+06,20,ACK,14
2.97306e+06,13,CTL,20
2.97314e+06,14,RTS,20
2.97321e+06,20,CTS,14
2.97327e+06,14,QOSDATA_TID6,1066
2.97346e+06,20,ACK,14
2.9735e+06,14,QOSDATA_TID6,1066
2.97368e+06,20,ACK,14
2.97373e+06,14,CTL,20
2.97381e+06,4,RTS,20
2.97388e+06,20,CTS,14
2.97394e+06,4,QOSDATA_TID6,1066
2.97412e+06,20,ACK,14
2.97417e+06,4,CTL,20
2.97426e+06,7,RTS,20
2.97426e+06,15,RTS,20
2.97426e+06,2,RTS,20
2.97426e+06,3,RTS,20
2.97426e+06,6,RTS,20
2.97436e+06,5,RTS,20
2.97443e+06,20,CTS,14
2.97449e+06,5,QOSDATA_TID6,1066
2.97467e+06,20,ACK,14
2.97472e+06,5,CTL,20
2.9748e+06,10,RTS,20
2.97487e+06,20,CTS,14
2.97493e+06,10,QOSDATA_TID6,1066
2.97512e+06,20,ACK,14
2.97516e+06,10,QOSDATA_TID6,1066
2.97534e+06,20,ACK,14
2.97539e+06,10,CTL,20
2.97548e+06,18,RTS,20
2.97548e+06,9,RTS,20
2.97548e+06,19,RTS,20
2.97548e+06,15,RTS,20
2.97548e+06,7,RTS,20
2.97557e+06,16,RTS,20
2.97564e+06,20,CTS,14
2.9757e+06,16,QOSDATA_TID6,1066
2.97588e+06,20,ACK,14
2.97593e+06,16,CTL,20
2.97602e+06,11,RTS,20
2.97602e+06,8,RTS,20
2.97602e+06,2,RTS,20
2.97602e+06,9,RTS,20
2.97602e+06,6,RTS,20
2.97602e+06,14,RTS,20
2.97616e+06,6,RTS,20
2.97622e+06,20,CTS,14
2.97628e+06,6,QOSDATA_TID6,1066
2.97647e+06,20,ACK,14
2.97651e+06,6,CTL,20
2.9766e+06,18,RTS,20
2.9766e+06,7,RTS,20
2.9766e+06,8,RTS,20
2.9767e+06,16,RTS,20
2.97676e+06,20,CTS,14
2.97682e+06,16,QOSDATA_TID6,1066
2.97701e+06,20,ACK,14
2.97705e+06,16,CTL,20
2.97714e+06,11,RTS,20
2.9772e+06,20,CTS,14
2.97726e+06,11,QOSDATA_TID6,1066
2.97745e+06,20,ACK,14
2.97749e+06,11,CTL,20
2.97758e+06,0,RTS,20
2.97758e+06,18,RTS,20
2.97768e+06,7,RTS,20
2.97768e+06,13,RTS,20
2.97774e+06,20,CTS,14
2.9778e+06,7,QOSDATA_TID6,1066
2.97799e+06,20,ACK,14
2.97803e+06,7,QOSDATA_TID6,1066
2.97822e+06,20,ACK,14
2.97826e+06,7,CTL,20
2.97836e+06,8,RTS,20
2.97836e+06,15,RTS,20
2.97836e+06,0,RTS,20
2.97836e+06,3,RTS,20
2.9785e+06,0,CTS,14
2.97863e+06,0,RTS,20
2.9787e+06,20,CTS,14
2.97876e+06,0,QOSDATA_TID6,1066
2.97894e+06,20,ACK,14
2.97898e+06,0,CTL,20
2.97907e+06,8,RTS,20
2.97907e+06,3,RTS,20
2.97914e+06,20,CTS,14
2.9792e+06,8,QOSDATA_TID6,1066
2.97938e+06,20,ACK,14
2.97943e+06,8,CTL,20
2.97951e+06,3,RTS,20
2.97951e+06,6,RTS,20
2.97958e+06,20,CTS,14
2.97964e+06,6,QOSDATA_TID6,1066
2.97982e+06,20,ACK,14
2.97987e+06,6,CTL,20
2.97996e+06,17,RTS,20
2.97996e+06,11,RTS,20
2.98003e+06,20,CTS,14
2.98009e+06,17,QOSDATA_TID6,1066
2.98028e+06,20,ACK,14
2.98032e+06,17,CTL,20
2.9804e+06,13,RTS,20
2.9804e+06,14,RTS,20
2.98051e+06,1,RTS,20
2.98058e+06,20,CTS,14
2.98064e+06,1,QOSDATA_TID6,1066
2.98082e+06,20,ACK,14
2.98087e+06,1,CTL,20
2.98095e+06,5,RTS,20
2.98095e+06,4,RTS,20
2.98095e+06,9,RTS,20
2.98102e+06,20,CTS,14
2.98108e+06,5,QOSDATA_TID6,1066
2.98127e+06,20,ACK,14
2.98131e+06,5,CTL,20
2.9814e+06,14,RTS,20
2.98146e+06,20,CTS,14
2.98152e+06,14,QOSDATA_TID6,1066
2.98171e+06,20,ACK,14
2.98175e+06,14,CTL,20
2.98184e+06,15,RTS,20
2.98184e+06,13,RTS,20
2.98184e+06,19,RTS,20
2.98184e+06,11,RTS,20
2.98195e+06,12,RTS,20
2.98195e+06,2,RTS,20
2.98195e+06,18,RTS,20
2.98195e+06,10,RTS,20
2.98202e+06,20,CTS,14
2.98208e+06,12,QOSDATA_TID6,1066
2.98227e+06,20,ACK,14
2.98231e+06,12,CTL,20
2.9824e+06,18,RTS,20
2.98246e+06,20,CTS,14
2.98252e+06,18,QOSDATA_TID6,1066
2.98271e+06,20,ACK,14
2.98275e+06,18,QOSDATA_TID6,1066
2.98294e+06,20,ACK,14
2.98298e+06,18,CTL,20
2.98307e+06,10,RTS,20
2.98307e+06,9,RTS,20
2.98307e+06,8,RTS,20
2.98307e+06,13,RTS,20
2.98314e+06,20,CTS,14
2.9832e+06,8,QOSDATA_TID6,1066
2.98338e+06,20,ACK,14
2.98342e+06,8,CTL,20
2.98352e+06,14,RTS,20
2.98359e+06,20,CTS,14
2.98365e+06,14,QOSDATA_TID6,1066
2.98383e+06,20,ACK,14
2.98387e+06,14,CTL,20
2.98396e+06,10,RTS,20
2.98403e+06,20,CTS,14
2.98409e+06,10,QOSDATA_TID6,1066
2.98427e+06,20,ACK,14
2.98432e+06,10,CTL,20
2.9844e+06,3,RTS,20
2.9844e+06,19,RTS,20
2.98447e+06,20,CTS,14
2.98453e+06,19,QOSDATA_TID6,1066
2.98471e+06,20,ACK,14
2.98476e+06,19,QOSDATA_TID6,1066
2.98494e+06,20,ACK,14
2.98499e+06,19,QOSDATA_TID6,1066
2.98517e+06,20,ACK,14
2.98521e+06,19,CTL,20
2.98531e+06,3,RTS,20
2.98531e+06,4,RTS,20
2.9854e+06,20,BEACON,152
2.98568e+06,3,RTS,20
2.98575e+06,20,CTS,14
2.98581e+06,3,QOSDATA_TID6,1066
2.98599e+06,20,ACK,14
2.98603e+06,3,CTL,20
2.98612e+06,7,RTS,20
2.98612e+06,15,RTS,20
2.98623e+06,13,RTS,20
2.9863e+06,20,CTS,14
2.98636e+06,13,QOSDATA_TID6,1066
2.98654e+06,20,ACK,14
2.98658e+06,13,QOSDATA_TID6,1066
2.98677e+06,20,ACK,14
2.98681e+06,13,CTL,20
2.9869e+06,2,RTS,20
2.98696e+06,20,CTS,14
2.98702e+06,2,QOSDATA_TID6,1066
2.98721e+06,20,ACK,14
2.98725e+06,2,QOSDATA_TID6,1066
2.98744e+06,20,ACK,14
2.98748e+06,2,CTL,20
2.98757e+06,9,RTS,20
2.98757e+06,17,RTS,20
2.98757e+06,1,RTS,20
2.98766e+06,12,RTS,20
2.98773e+06,20,CTS,14
2.98779e+06,12,QOSDATA_TID6,1066
2.98798e+06,20,ACK,14
2.98802e+06,12,CTL,20
2.98811e+06,11,RTS,20
2.98811e+06,19,RTS,20
2.98811e+06,4,RTS,20
2.98811e+06,15,RTS,20
2.98811e+06,0,RTS,20
2.98811e+06,6,RTS,20
2.98811e+06,9,RTS,20
2.9882e+06,16,RTS,20
2.98827e+06,20,CTS,14
2.98833e+06,16,QOSDATA_TID6,1066
2.98852e+06,20,ACK,14
2.98856e+06,16,CTL,20
2.98865e+06,4,RTS,20
2.98872e+06,20,CTS,14
2.98878e+06,4,QOSDATA_TID6,1066
2.98896e+06,20,ACK,14
2.989e+06,4,QOSDATA_TID6,1066
2.98919e+06,20,ACK,14
2.98923e+06,4,CTL,20
2.98932e+06,7,RTS,20
2.98932e+06,17,RTS,20
2.98932e+06,19,RTS,20
2.98932e+06,3,RTS,20
2.98943e+06,10,RTS,20
2.98943e+06,6,RTS,20
2.9895e+06,20,CTS,14
2.98956e+06,6,QOSDATA_TID6,1066
2.98974e+06,20,ACK,14
2.98979e+06,6,CTL,20
2.98988e+06,10,RTS,20
2.98994e+06,20,CTS,14
2.99e+06,10,QOSDATA_TID6,1066
2.99019e+06,20,ACK,14
2.99023e+06,10,CTL,20
2.99032e+06,18,RTS,20
2.99032e+06,3,RTS,20
2.99032e+06,5,RTS,20
2.99039e+06,20,CTS,14
2.99045e+06,5,QOSDATA_TID6,1066
2.99063e+06,20,ACK,14
2.99067e+06,5,CTL,20
2.99077e+06,2,RTS,20
2.99077e+06,3,RTS,20
2.99084e+06,20,CTS,14
2.9909e+06,2,QOSDATA_TID6,1066
2.99108e+06,20,ACK,14
2.99112e+06,2,CTL,20
2.99121e+06,8,RTS,20
2.99128e+06,20,CTS,14
2.99134e+06,8,QOSDATA_TID6,1066
2.99152e+06,20,ACK,14
2.99157e+06,8,CTL,20
2.99165e+06,17,RTS,20
2.99165e+06,1,RTS,20
2.99165e+06,7,RTS,20
2.99176e+06,11,RTS,20
2.99176e+06,19,RTS,20
2.99176e+06,15,RTS,20
2.99176e+06,3,RTS,20
2.99187e+06,0,RTS,20
2.99194e+06,20,CTS,14
2.992e+06,0,QOSDATA_TID6,1066
2.99218e+06,20,ACK,14
2.99222e+06,0,CTL,20
2.99232e+06,19,RTS,20
2.99239e+06,20,CTS,14
2.99245e+06,19,QOSDATA_TID6,1066
2.99263e+06,20,ACK,14
2.99267e+06,19,CTL,20
2.99276e+06,1,RTS,20
2.99276e+06,3,RTS,20
2.99276e+06,14,RTS,20
2.99287e+06,18,RTS,20
2.99294e+06,20,CTS,14
2.993e+06,18,QOSDATA_TID6,1066
2.99318e+06,20,ACK,14
2.99322e+06,18,CTL,20
2.99331e+06,1,RTS,20
2.99338e+06,20,CTS,14
2.99344e+06,1,QOSDATA_TID6,1066
2.99362e+06,20,ACK,14
2.99366e+06,1,CTL,20
2.99375e+06,9,RTS,20
2.99375e+06,0,RTS,20
2.99375e+06,13,RTS,20
2.99375e+06,15,RTS,20
2.99385e+06,17,RTS,20
2.99392e+06,20,CTS,14
2.99398e+06,17,QOSDATA_TID6,1066
2.99416e+06,20,ACK,14
2.9942e+06,17,CTL,20
2.99429e+06,7,RTS,20
2.99429e+06,16,RTS,20
2.99429e+06,9,RTS,20
2.99429e+06,13,RTS,20
2.9944e+06,14,RTS,20
2.99447e+06,20,CTS,14
2.99453e+06,14,QOSDATA_TID6,1066
2.99471e+06,20,ACK,14
2.99475e+06,14,CTL,20
2.99484e+06,0,RTS,20
2.99484e+06,9,RTS,20
2.99491e+06,20,CTS,14
2.99497e+06,0,QOSDATA_TID6,1066
2.99515e+06,20,ACK,14
2.9952e+06,0,CTL,20
2.99528e+06,12,RTS,20
2.99535e+06,20,CTS,14
2.99541e+06,12,QOSDATA_TID6,1066
2.99559e+06,20,ACK,14
2.99564e+06,12,CTL,20
2.99572e+06,7,RTS,20
2.99572e+06,9,RTS,20
2.99579e+06,20,CTS,14
2.99585e+06,7,QOSDATA_TID6,1066
2.99604e+06,20,ACK,14
2.99608e+06,7,QOSDATA_TID6,1066
2.99626e+06,20,ACK,14
2.99631e+06,7,CTL,20
2.99639e+06,6,RTS,20
2.99646e+06,20,CTS,14
2.99652e+06,6,QOSDATA_TID6,1066
2.99671e+06,20,ACK,14
2.99675e+06,6,CTL,20
2.99684e+06,1,RTS,20
2.99684e+06,13,RTS,20
2.99684e+06,11,RTS,20
2.99684e+06,16,RTS,20
2.99693e+06,4,RTS,20
2.99693e+06,3,RTS,20
2.99704e+06,1,RTS,20
2.99704e+06,17,RTS,20
2.99704e+06,19,RTS,20
2.99704e+06,5,RTS,20
2.99704e+06,15,RTS,20
2.99715e+06,13,RTS,20
2.99715e+06,2,RTS,20
2.99725e+06,11,RTS,20
2.99725e+06,16,RTS,20
2.99736e+06,19,RTS,20
2.99736e+06,17,RTS,20
2.99743e+06,20,CTS,14
2.99749e+06,17,QOSDATA_TID6,1066
2.99767e+06,20,ACK,14
2.99772e+06,17,CTL,20
2.9978e+06,10,RTS,20
2.99787e+06,20,CTS,14
2.99793e+06,10,QOSDATA_TID6,1066
2.99812e+06,20,ACK,14
2.99816e+06,10,CTL,20
2.99824e+06,19,RTS,20
2.99831e+06,20,CTS,14
2.99837e+06,19,QOSDATA_TID6,1066
2.99856e+06,20,ACK,14
2.9986e+06,19,CTL,20
2.99869e+06,3,RTS,20
2.99869e+06,9,RTS,20
2.99869e+06,4,RTS,20
2.99869e+06,13,RTS,20
2.9988e+06,1,RTS,20
2.9988e+06,18,RTS,20
2.99886e+06,20,CTS,14
2.99892e+06,1,QOSDATA_TID6,1066
2.99911e+06,20,ACK,14
2.99915e+06,1,CTL,20
2.99925e+06,13,RTS,20
2.99931e+06,20,CTS,14
2.99937e+06,13,QOSDATA_TID6,1066
2.99956e+06,20,ACK,14
2.9996e+06,13,CTL,20
2.99969e+06,4,RTS,20
2.99969e+06,8,RTS,20
2.99969e+06,2,RTS,20
2.99976e+06,20,CTS,14
2.99982e+06,8,QOSDATA_TID6,1066
3e+06,20,ACK,14
3.00004e+06,8,CTL,20
3.00013e+06,2,RTS,20
3.00013e+06,15,RTS,20
3.00023e+06,16,RTS,20
3.0003e+06,20,CTS,14
3.00036e+06,16,QOSDATA_TID6,1066
3.00054e+06,20,ACK,14
3.00058e+06,16,QOSDATA_TID6,1066
3.00077e+06,20,ACK,14
3.00081e+06,16,CTL,20
3.00091e+06,11,RTS,20
3.00091e+06,5,RTS,20
3.00091e+06,9,RTS,20
3.00091e+06,14,RTS,20
3.00098e+06,20,CTS,14
3.00104e+06,5,QOSDATA_TID6,1066
3.00122e+06,20,ACK,14
3.00126e+06,5,CTL,20
3.00136e+06,14,RTS,20
3.00143e+06,20,CTS,14
3.00149e+06,14,QOSDATA_TID6,1066
3.00167e+06,20,ACK,14
3.00171e+06,14,CTL,20
3.0018e+06,3,RTS,20
3.00187e+06,20,CTS,14
3.00193e+06,3,QOSDATA_TID6,1066
3.00211e+06,20,ACK,14
3.00216e+06,3,CTL,20
3.00224e+06,9,RTS,20
3.00224e+06,2,RTS,20
3.00224e+06,18,RTS,20
3.00224e+06,0,RTS,20
3.00224e+06,4,RTS,20
3.00224e+06,15,RTS,20
3.00224e+06,13,RTS,20
3.00236e+06,7,RTS,20
3.00243e+06,20,CTS,14
3.00249e+06,7,QOSDATA_TID6,1066
3.00267e+06,20,ACK,14
3.00271e+06,7,CTL,20
3.0028e+06,4,RTS,20
3.0028e+06,2,RTS,20
3.00287e+06,20,CTS,14
3.00293e+06,2,QOSDATA_TID6,1066
3.00311e+06,20,ACK,14
3.00316e+06,2,CTL,20
3.00324e+06,19,RTS,20
3.00324e+06,12,RTS,20
3.00331e+06,20,CTS,14
3.00337e+06,12,QOSDATA_TID6,1066
3.00355e+06,20,ACK,14
3.0036e+06,12,CTL,20
3.00368e+06,17,RTS,20
3.00375e+06,20,CTS,14
3.00381e+06,17,QOSDATA_TID6,1066
3.004e+06,20,ACK,14
3.00404e+06,17,CTL,20
3.00413e+06,0,RTS,20
3.00413e+06,9,RTS,20
3.00419e+06,20,CTS,14
3.00425e+06,0,QOSDATA_TID6,1066
3.00444e+06,20,ACK,14
3.00448e+06,0,CTL,20
3.00458e+06,15,RTS,20
3.00458e+06,5,RTS,20
3.00458e+06,3,RTS,20
3.00458e+06,1,RTS,20
3.00458e+06,13,RTS,20
3.00458e+06,11,RTS,20
3.00464e+06,20,CTS,14
3.0047e+06,5,QOSDATA_TID6,1066
3.00489e+06,20,ACK,14
3.00493e+06,5,CTL,20
3.00502e+06,6,RTS,20
3.00502e+06,10,RTS,20
3.00509e+06,20,CTS,14
3.00515e+06,6,QOSDATA_TID6,1066
3.00533e+06,20,ACK,14
3.00538e+06,6,CTL,20
3.00547e+06,2,RTS,20
3.00554e+06,20,CTS,14
3.0056e+06,2,QOSDATA_TID6,1066
3.00578e+06,20,ACK,14
3.00583e+06,2,CTL,20
3.00591e+06,9,RTS,20
3.00591e+06,1,RTS,20
3.00591e+06,11,RTS,20
3.00602e+06,13,RTS,20
3.00602e+06,18,RTS,20
3.00613e+06,19,RTS,20
3.00613e+06,1,RTS,20
3.00622e+06,9,RTS,20
3.00629e+06,20,CTS,14
3.00635e+06,9,QOSDATA_TID6,1066
3.00654e+06,20,ACK,14
3.00658e+06,9,QOSDATA_TID6,1066
3.00676e+06,20,ACK,14
3.00681e+06,9,QOSDATA_TID6,1066
3.00699e+06,20,ACK,14
3.00704e+06,9,CTL,20
3.00712e+06,3,RTS,20
3.00712e+06,11,RTS,20
3.00712e+06,14,RTS,20
3.00712e+06,13,RTS,20
3.00725e+06,18,RTS,20
3.00732e+06,20,CTS,14
3.00738e+06,18,QOSDATA_TID6,1066
3.00756e+06,20,ACK,14
3.0076e+06,18,QOSDATA_TID6,1066
3.00779e+06,20,ACK,14
3.00783e+06,18,CTL,20
3.00792e+06,19,RTS,20
3.00792e+06,13,RTS,20
3.00802e+06,4,RTS,20
3.00809e+06,20,CTS,14
3.00815e+06,4,QOSDATA_TID6,1066
3.00834e+06,20,ACK,14
3.00838e+06,4,QOSDATA_TID6,1066
3.00856e+06,20,ACK,14
3.00861e+06,4,CTL,20
3.0087e+06,16,RTS,20
3.0087e+06,15,RTS,20
3.00881e+06,3,RTS,20
3.00888e+06,20,CTS,14
3.00894e+06,3,QOSDATA_TID6,1066
3.00912e+06,20,ACK,14
3.00917e+06,3,CTL,20
3.00925e+06,10,RTS,20
3.00932e+06,20,CTS,14
3.00938e+06,10,QOSDATA_TID6,1066
3.00956e+06,20,ACK,14
3.00961e+06,10,CTL,20
3.0097e+06,8,RTS,20
3.0097e+06,7,RTS,20
3.0097e+06,11,RTS,20
3.0098e+06,9,RTS,20
3.0098e+06,0,RTS,20
3.00987e+06,20,CTS,14
3.00993e+06,0,QOSDATA_TID6,1066
3.01011e+06,20,ACK,14
3.01016e+06,0,CTL,20
3.01026e+06,14,RTS,20
3.01026e+06,15,RTS,20
3.01037e+06,1,RTS,20
3.01037e+06,16,RTS,20
3.01044e+06,20,CTS,14
3.0105e+06,1,QOSDATA_TID6,1066
3.01068e+06,20,ACK,14
3.01072e+06,1,CTL,20
3.01081e+06,12,RTS,20
3.01081e+06,15,RTS,20
3.01088e+06,20,CTS,14
3.01094e+06,12,QOSDATA_TID6,1066
3.01112e+06,20,ACK,14
3.01117e+06,12,CTL,20
3.01125e+06,6,RTS,20
3.01132e+06,20,CTS,14
3.01138e+06,6,QOSDATA_TID6,1066
3.01156e+06,20,ACK,14
3.01161e+06,6,CTL,20
3.0117e+06,3,RTS,20
3.01177e+06,20,CTS,14
3.01183e+06,3,QOSDATA_TID6,1066
3.01202e+06,20,ACK,14
3.01206e+06,3,CTL,20
3.01215e+06,19,RTS,20
3.01215e+06,1,RTS,20
3.01215e+06,8,RTS,20
3.01215e+06,11,RTS,20
3.01215e+06,13,RTS,20
3.01225e+06,15,RTS,20
3.01225e+06,17,RTS,20
3.01232e+06,20,CTS,14
3.01238e+06,17,QOSDATA_TID6,1066
3.01256e+06,20,ACK,14
3.01261e+06,17,CTL,20
3.0127e+06,5,RTS,20
3.01276e+06,20,CTS,14
3.01282e+06,5,QOSDATA_TID6,1066
3.01301e+06,20,ACK,14
3.01305e+06,5,CTL,20
3.01314e+06,1,RTS,20
3.0132e+06,20,CTS,14
3.01326e+06,1,QOSDATA_TID6,1066
3.01345e+06,20,ACK,14
3.01349e+06,1,CTL,20
3.01358e+06,8,RTS,20
3.01358e+06,19,RTS,20
3.01358e+06,7,RTS,20
3.01358e+06,9,RTS,20
3.01368e+06,16,RTS,20
3.01374e+06,20,CTS,14
3.01381e+06,16,QOSDATA_TID6,1066
3.01399e+06,20,ACK,14
3.01403e+06,16,CTL,20
3.01412e+06,19,RTS,20
3.01412e+06,2,RTS,20
3.01412e+06,15,RTS,20
3.01412e+06,14,RTS,20
3.01422e+06,4,RTS,20
3.01429e+06,20,CTS,14
3.01435e+06,4,QOSDATA_TID6,1066
3.01453e+06,20,ACK,14
3.01457e+06,4,CTL,20
3.01466e+06,13,RTS,20
3.01473e+06,20,CTS,14
3.01479e+06,13,QOSDATA_TID6,1066
3.01497e+06,20,ACK,14
3.01502e+06,13,QOSDATA_TID6,1066
3.0152e+06,20,ACK,14
3.01524e+06,13,CTL,20
3.01533e+06,19,RTS,20
3.01533e+06,10,RTS,20
3.0154e+06,20,CTS,14
3.01546e+06,19,QOSDATA_TID6,1066
3.01564e+06,20,ACK,14
3.01569e+06,19,QOSDATA_TID6,1066
3.01587e+06,20,ACK,14
3.01591e+06,19,CTL,20
3.01601e+06,18,RTS,20
3.01608e+06,20,CTS,14
3.01614e+06,18,QOSDATA_TID6,1066
3.01632e+06,20,ACK,14
3.01636e+06,18,CTL,20
3.01645e+06,8,RTS,20
3.01645e+06,11,RTS,20
3.01652e+06,20,CTS,14
3.01658e+06,8,QOSDATA_TID6,1066
3.01676e+06,20,ACK,14
3.01681e+06,8,QOSDATA_TID6,1066
3.01699e+06,20,ACK,14
3.01704e+06,8,CTL,20
3.01712e+06,15,RTS,20
3.01719e+06,20,CTS,14
3.01725e+06,15,QOSDATA_TID6,1066
3.01743e+06,20,ACK,14
3.01748e+06,15,QOSDATA_TID6,1066
3.01766e+06,20,ACK,14
3.0177e+06,15,QOSDATA_TID6,1066
3.01789e+06,20,ACK,14
3.01793e+06,15,QOSDATA_TID6,1066
3.01812e+06,20,ACK,14
3.01816e+06,15,QOSDATA_TID6,1066
3.01834e+06,20,ACK,14
3.01839e+06,15,CTL,20
3.01848e+06,7,RTS,20
3.01848e+06,9,RTS,20
3.01854e+06,20,CTS,14
3.0186e+06,7,QOSDATA_TID6,1066
3.01879e+06,20,ACK,14
3.01883e+06,7,QOSDATA_TID6,1066
3.01902e+06,20,ACK,14
3.01906e+06,7,CTL,20
3.01914e+06,0,RTS,20
3.01921e+06,20,CTS,14
3.01927e+06,0,QOSDATA_TID6,1066
3.01946e+06,20,ACK,14
3.0195e+06,0,CTL,20
3.01959e+06,6,RTS,20
3.01959e+06,14,RTS,20
3.01959e+06,10,RTS,20
3.01959e+06,12,RTS,20
3.01959e+06,13,RTS,20
3.01966e+06,20,CTS,14
3.01972e+06,12,QOSDATA_TID6,1066
3.0199e+06,20,ACK,14
3.01994e+06,12,CTL,20
3.02004e+06,16,RTS,20
3.02004e+06,19,RTS,20
3.02004e+06,3,RTS,20
3.02004e+06,14,RTS,20
3.02018e+06,13,RTS,20
3.02025e+06,20,CTS,14
3.02031e+06,13,QOSDATA_TID6,1066
3.02049e+06,20,ACK,14
3.02054e+06,13,CTL,20
3.02062e+06,19,RTS,20
3.02069e+06,20,CTS,14
3.02075e+06,19,QOSDATA_TID6,1066
3.02094e+06,20,ACK,14
3.02098e+06,19,CTL,20
3.02106e+06,5,RTS,20
3.02106e+06,15,RTS,20
3.02113e+06,20,CTS,14
3.02119e+06,5,QOSDATA_TID6,1066
3.02138e+06,20,ACK,14
3.02142e+06,5,CTL,20
3.02152e+06,2,RTS,20
3.02152e+06,11,RTS,20
3.02152e+06,16,RTS,20
3.02161e+06,1,RTS,20
3.02161e+06,4,RTS,20
3.02161e+06,15,RTS,20
3.02161e+06,14,RTS,20
3.02171e+06,11,RTS,20
3.02178e+06,20,CTS,14
3.02184e+06,11,QOSDATA_TID6,1066
3.02202e+06,20,ACK,14
3.02207e+06,11,QOSDATA_TID6,1066
3.02225e+06,20,ACK,14
3.0223e+06,11,QOSDATA_TID6,1066
3.02248e+06,20,ACK,14
3.02252e+06,11,QOSDATA_TID6,1066
3.02271e+06,20,ACK,14
3.02275e+06,11,CTL,20
3.02285e+06,4,RTS,20
3.02285e+06,18,RTS,20
3.02285e+06,6,RTS,20
3.02285e+06,10,RTS,20
3.02295e+06,8,RTS,20
3.02295e+06,17,RTS,20
3.02305e+06,2,RTS,20
3.02305e+06,18,RTS,20
3.02317e+06,16,RTS,20
3.02317e+06,4,RTS,20
3.02328e+06,3,RTS,20
3.02335e+06,20,CTS,14
3.02341e+06,3,QOSDATA_TID6,1066
3.0236e+06,20,ACK,14
3.02364e+06,3,CTL,20
3.02373e+06,9,RTS,20
3.02373e+06,2,RTS,20
3.02373e+06,15,RTS,20
3.02383e+06,6,RTS,20
3.02383e+06,8,RTS,20
3.0239e+06,20,CTS,14
3.02396e+06,8,QOSDATA_TID6,1066
3.02415e+06,20,ACK,14
3.02419e+06,8,CTL,20
3.02428e+06,6,RTS,20
3.02428e+06,15,RTS,20
3.02437e+06,9,RTS,20
3.02444e+06,20,CTS,14
3.0245e+06,9,QOSDATA_TID6,1066
3.02469e+06,20,ACK,14
3.02473e+06,9,QOSDATA_TID6,1066
3.02491e+06,20,ACK,14
3.02496e+06,9,CTL,20
3.02504e+06,17,RTS,20
3.02511e+06,20,CTS,14
3.02517e+06,17,QOSDATA_TID6,1066
3.02536e+06,20,ACK,14
3.0254e+06,17,CTL,20
3.02549e+06,16,RTS,20
3.02549e+06,7,RTS,20
3.02549e+06,14,RTS,20
3.02558e+06,2,RTS,20
3.02558e+06,1,RTS,20
3.0257e+06,13,RTS,20
3.02576e+06,20,CTS,14
3.02582e+06,13,QOSDATA_TID6,1066
3.02601e+06,20,ACK,14
3.02605e+06,13,CTL,20
3.02614e+06,1,RTS,20
3.0262e+06,20,CTS,14
3.02626e+06,1,QOSDATA_TID6,1066
3.02645e+06,20,ACK,14
3.02649e+06,1,CTL,20
3.02658e+06,16,RTS,20
3.02658e+06,18,RTS,20
3.02658e+06,15,RTS,20
3.02658e+06,6,RTS,20
3.02658e+06,14,RTS,20
3.02669e+06,12,RTS,20
3.02675e+06,20,CTS,14
3.02681e+06,12,QOSDATA_TID6,1066
3.027e+06,20,ACK,14
3.02704e+06,12,CTL,20
3.02713e+06,6,RTS,20
3.02713e+06,9,RTS,20
3.0272e+06,20,CTS,14
3.02726e+06,6,QOSDATA_TID6,1066
3.02744e+06,20,ACK,14
3.02748e+06,6,QOSDATA_TID6,1066
3.02767e+06,20,ACK,14
3.02771e+06,6,CTL,20
3.02781e+06,7,RTS,20
3.02781e+06,3,RTS,20
3.02781e+06,1,RTS,20
3.02781e+06,19,RTS,20
3.02781e+06,11,RTS,20
3.02781e+06,4,RTS,20
3.0279e+06,16,RTS,20
3.0279e+06,17,RTS,20
3.0279e+06,14,RTS,20
3.0279e+06,18,RTS,20
3.0279e+06,10,RTS,20
3.02802e+06,0,RTS,20
3.02802e+06,7,RTS,20
3.02814e+06,3,RTS,20
3.02814e+06,9,RTS,20
3.02824e+06,10,RTS,20
3.02824e+06,11,RTS,20
3.02824e+06,7,RTS,20
3.0283e+06,20,CTS,14
3.02836e+06,7,QOSDATA_TID6,1066
3.02855e+06,20,ACK,14
3.02859e+06,7,CTL,20
3.02868e+06,5,RTS,20
3.02868e+06,3,RTS,20
3.02874e+06,20,CTS,14
3.0288e+06,5,QOSDATA_TID6,1066
3.02899e+06,20,ACK,14
3.02903e+06,5,CTL,20
3.02912e+06,3,RTS,20
3.02919e+06,20,CTS,14
3.02925e+06,3,QOSDATA_TID6,1066
3.02943e+06,20,ACK,14
3.02948e+06,3,CTL,20
3.02956e+06,1,RTS,20
3.02956e+06,17,RTS,20
3.02956e+06,11,RTS,20
3.02956e+06,15,RTS,20
3.02966e+06,18,RTS,20
3.02973e+06,20,CTS,14
3.02979e+06,18,QOSDATA_TID6,1066
3.02997e+06,20,ACK,14
3.03002e+06,18,CTL,20
3.0301e+06,9,RTS,20
3.0301e+06,11,RTS,20
3.0302e+06,0,RTS,20
3.03027e+06,20,CTS,14
3.03033e+06,0,QOSDATA_TID6,1066
3.03051e+06,20,ACK,14
3.03056e+06,0,CTL,20
3.03064e+06,8,RTS,20
3.03064e+06,9,RTS,20
3.03071e+06,20,CTS,14
3.03077e+06,8,QOSDATA_TID6,1066
3.03095e+06,20,ACK,14
3.031e+06,8,CTL,20
3.03108e+06,14,RTS,20
3.03115e+06,20,CTS,14
3.03121e+06,14,QOSDATA_TID6,1066
3.0314e+06,20,ACK,14
3.03144e+06,14,QOSDATA_TID6,1066
3.03162e+06,20,ACK,14
3.03167e+06,14,QOSDATA_TID6,1066
3.03185e+06,20,ACK,14
3.0319e+06,14,CTL,20
3.03198e+06,18,RTS,20
3.03198e+06,2,RTS,20
3.03198e+06,10,RTS,20
3.03208e+06,19,RTS,20
3.03208e+06,11,RTS,20
3.03218e+06,15,RTS,20
3.03225e+06,20,CTS,14
3.03231e+06,15,QOSDATA_TID6,1066
3.03249e+06,20,ACK,14
3.03253e+06,15,QOSDATA_TID6,1066
3.03272e+06,20,ACK,14
3.03276e+06,15,CTL,20
3.03285e+06,18,RTS,20
3.03292e+06,20,CTS,14
3.03298e+06,18,QOSDATA_TID6,1066
3.03316e+06,20,ACK,14
3.0332e+06,18,CTL,20
3.03329e+06,17,RTS,20
3.03336e+06,20,CTS,14
3.03342e+06,17,QOSDATA_TID6,1066
3.0336e+06,20,ACK,14
3.03365e+06,17,CTL,20
3.03373e+06,7,RTS,20
3.03373e+06,0,RTS,20
3.03373e+06,9,RTS,20
3.03383e+06,1,RTS,20
3.0339e+06,20,CTS,14
3.03396e+06,1,QOSDATA_TID6,1066
3.03414e+06,20,ACK,14
3.03419e+06,1,CTL,20
3.03427e+06,7,RTS,20
3.03434e+06,20,CTS,14
3.0344e+06,7,QOSDATA_TID6,1066
3.03458e+06,20,ACK,14
3.03463e+06,7,CTL,20
3.03471e+06,13,RTS,20
3.03471e+06,4,RTS,20
3.03471e+06,2,RTS,20
3.03471e+06,3,RTS,20
3.03471e+06,10,RTS,20
3.03482e+06,19,RTS,20
3.03489e+06,20,CTS,14
3.03495e+06,19,QOSDATA_TID6,1066
3.03513e+06,20,ACK,14
3.03518e+06,19,QOSDATA_TID6,1066
3.03536e+06,20,ACK,14
3.0354e+06,19,CTL,20
3.03549e+06,1,RTS,20
3.03549e+06,0,RTS,20
3.0356e+06,9,RTS,20
3.0356e+06,13,RTS,20
3.0357e+06,11,RTS,20
3.0357e+06,16,RTS,20
3.0358e+06,17,RTS,20
3.0358e+06,9,RTS,20
3.03587e+06,20,CTS,14
3.03593e+06,17,QOSDATA_TID6,1066
3.03612e+06,20,ACK,14
3.03616e+06,17,CTL,20
3.03624e+06,6,RTS,20
3.03631e+06,20,CTS,14
3.03637e+06,6,QOSDATA_TID6,1066
3.03656e+06,20,ACK,14
3.0366e+06,6,CTL,20
3.03669e+06,15,RTS,20
3.03669e+06,10,RTS,20
3.03669e+06,5,RTS,20
3.03669e+06,12,RTS,20
3.03669e+06,11,RTS,20
3.03679e+06,3,RTS,20
3.03685e+06,20,CTS,14
3.03691e+06,3,QOSDATA_TID6,1066
3.0371e+06,20,ACK,14
3.03714e+06,3,CTL,20
3.03723e+06,0,CTS,14
3.03734e+06,0,RTS,20
3.03741e+06,20,CTS,14
3.03747e+06,0,QOSDATA_TID6,1066
3.03765e+06,20,ACK,14
3.0377e+06,0,CTL,20
3.03778e+06,10,RTS,20
3.03778e+06,12,RTS,20
3.03785e+06,20,CTS,14
3.03791e+06,12,QOSDATA_TID6,1066
3.0381e+06,20,ACK,14
3.03814e+06,12,CTL,20
3.03824e+06,1,RTS,20
3.03824e+06,16,RTS,20
3.0383e+06,20,CTS,14
3.03836e+06,1,QOSDATA_TID6,1066
3.03855e+06,20,ACK,14
3.03859e+06,1,CTL,20
3.03868e+06,16,RTS,20
3.03874e+06,20,CTS,14
3.0388e+06,16,QOSDATA_TID6,1066
3.03899e+06,20,ACK,14
3.03903e+06,16,QOSDATA_TID6,1066
3.03922e+06,20,ACK,14
3.03926e+06,16,CTL,20
3.03935e+06,8,RTS,20
3.03942e+06,20,CTS,14
3.03948e+06,8,QOSDATA_TID6,1066
3.03966e+06,20,ACK,14
3.0397e+06,8,CTL,20
3.03979e+06,11,RTS,20
3.03979e+06,2,RTS,20
3.03979e+06,9,RTS,20
3.03979e+06,18,RTS,20
3.03979e+06,13,RTS,20
3.03979e+06,14,RTS,20
3.0399e+06,10,RTS,20
3.03996e+06,20,CTS,14
3.04002e+06,10,QOSDATA_TID6,1066
3.04021e+06,20,ACK,14
3.04025e+06,10,QOSDATA_TID6,1066
3.04044e+06,20,ACK,14
3.04048e+06,10,QOSDATA_TID6,1066
3.04066e+06,20,ACK,14
3.04071e+06,10,CTL,20
3.0408e+06,2,RTS,20
3.0408e+06,9,RTS,20
3.0408e+06,4,RTS,20
3.0409e+06,5,RTS,20
3.0409e+06,15,RTS,20
3.04097e+06,20,CTS,14
3.04103e+06,5,QOSDATA_TID6,1066
3.04121e+06,20,ACK,14
3.04126e+06,5,CTL,20
3.04134e+06,4,RTS,20
3.04141e+06,20,CTS,14
3.04147e+06,4,QOSDATA_TID6,1066
3.04166e+06,20,ACK,14
3.0417e+06,4,QOSDATA_TID6,1066
3.04188e+06,20,ACK,14
3.04193e+06,4,QOSDATA_TID6,1066
3.04211e+06,20,ACK,14
3.04216e+06,4,CTL,20
3.04224e+06,2,RTS,20
3.04224e+06,0,RTS,20
3.04234e+06,16,RTS,20
3.04241e+06,20,CTS,14
3.04247e+06,16,QOSDATA_TID6,1066
3.04265e+06,20,ACK,14
3.0427e+06,16,CTL,20
3.04278e+06,11,RTS,20
3.04278e+06,18,RTS,20
3.04291e+06,15,RTS,20
3.04297e+06,20,CTS,14
3.04303e+06,15,QOSDATA_TID6,1066
3.04322e+06,20,ACK,14
3.04326e+06,15,CTL,20
3.04335e+06,6,RTS,20
3.04335e+06,17,RTS,20
3.04335e+06,1,RTS,20
3.04335e+06,19,RTS,20
3.04345e+06,7,RTS,20
3.04351e+06,20,CTS,14
3.04357e+06,7,QOSDATA_TID6,1066
3.04376e+06,20,ACK,14
3.0438e+06,7,CTL,20
3.04389e+06,19,RTS,20
3.04396e+06,20,CTS,14
3.04402e+06,19,QOSDATA_TID6,1066
3.0442e+06,20,ACK,14
3.04424e+06,19,CTL,20
3.04433e+06,17,RTS,20
3.04433e+06,12,RTS,20
3.04433e+06,13,RTS,20
3.04443e+06,2,RTS,20
3.04443e+06,3,RTS,20
3.0445e+06,20,CTS,14
3.04456e+06,2,QOSDATA_TID6,1066
3.04474e+06,20,ACK,14
3.04478e+06,2,QOSDATA_TID6,1066
3.04497e+06,20,ACK,14
3.04501e+06,2,QOSDATA_TID6,1066
3.0452e+06,20,ACK,14
3.04524e+06,2,QOSDATA_TID6,1066
3.04542e+06,20,ACK,14
3.04547e+06,2,CTL,20
3.04556e+06,4,RTS,20
3.04562e+06,20,CTS,14
3.04568e+06,4,QOSDATA_TID6,1066
3.04587e+06,20,ACK,14
3.04591e+06,4,CTL,20
3.046e+06,15,RTS,20
3.04606e+06,20,CTS,14
3.04612e+06,15,QOSDATA_TID6,1066
3.04631e+06,20,ACK,14
3.04635e+06,15,CTL,20
3.04644e+06,14,RTS,20
3.04644e+06,13,RTS,20
3.04644e+06,5,RTS,20
3.04644e+06,10,RTS,20
3.04651e+06,20,CTS,14
3.04657e+06,5,QOSDATA_TID6,1066
3.04675e+06,20,ACK,14
3.0468e+06,5,CTL,20
3.04688e+06,0,RTS,20
3.04688e+06,14,RTS,20
3.04695e+06,20,CTS,14
3.04701e+06,0,QOSDATA_TID6,1066
3.04719e+06,20,ACK,14
3.04724e+06,0,CTL,20
3.04732e+06,8,RTS,20
3.04732e+06,11,RTS,20
3.04739e+06,20,CTS,14
3.04745e+06,8,QOSDATA_TID6,1066
3.04764e+06,20,ACK,14
3.04768e+06,8,CTL,20
3.04777e+06,12,RTS,20
3.04777e+06,9,RTS,20
3.04777e+06,18,RTS,20
3.04784e+06,20,CTS,14
3.0479e+06,12,QOSDATA_TID6,1066
3.04809e+06,20,ACK,14
3.04813e+06,12,CTL,20
3.04822e+06,18,RTS,20
3.04829e+06,20,CTS,14
3.04835e+06,18,QOSDATA_TID6,1066
3.04854e+06,20,ACK,14
3.04858e+06,18,QOSDATA_TID6,1066
3.04876e+06,20,ACK,14
3.04881e+06,18,CTL,20
3.0489e+06,6,RTS,20
3.0489e+06,17,RTS,20
3.0489e+06,1,RTS,20
3.0489e+06,11,RTS,20
3.049e+06,3,RTS,20
3.049e+06,9,RTS,20
3.0491e+06,0,RTS,20
3.0491e+06,11,RTS,20
3.04917e+06,20,CTS,14
3.04923e+06,0,QOSDATA_TID6,1066
3.04941e+06,20,ACK,14
3.04946e+06,0,CTL,20
3.04954e+06,3,RTS,20
3.04961e+06,20,CTS,14
3.04967e+06,3,QOSDATA_TID6,1066
3.04985e+06,20,ACK,14
3.0499e+06,3,CTL,20
3.04998e+06,9,RTS,20
3.05005e+06,20,CTS,14
3.05011e+06,9,QOSDATA_TID6,1066
3.0503e+06,20,ACK,14
3.05034e+06,9,QOSDATA_TID6,1066
3.05052e+06,20,ACK,14
3.05057e+06,9,QOSDATA_TID6,1066
3.05075e+06,20,ACK,14
3.0508e+06,9,CTL,20
3.05088e+06,16,RTS,20
3.05088e+06,7,RTS,20
3.05095e+06,20,CTS,14
3.05101e+06,7,QOSDATA_TID6,1066
3.05119e+06,20,ACK,14
3.05124e+06,7,CTL,20
3.05132e+06,19,RTS,20
3.05132e+06,3,RTS,20
3.05139e+06,20,CTS,14
3.05145e+06,19,QOSDATA_TID6,1066
3.05164e+06,20,ACK,14
3.05168e+06,19,CTL,20
3.05178e+06,16,RTS,20
3.05178e+06,3,RTS,20
3.05178e+06,10,RTS,20
3.05178e+06,13,RTS,20
3.05178e+06,14,RTS,20
3.05188e+06,12,RTS,20
3.05195e+06,20,CTS,14
3.05201e+06,12,QOSDATA_TID6,1066
3.0522e+06,20,ACK,14
3.05224e+06,12,CTL,20
3.05232e+06,17,RTS,20
3.05239e+06,20,CTS,14
3.05245e+06,17,QOSDATA_TID6,1066
3.05264e+06,20,ACK,14
3.05268e+06,17,QOSDATA_TID6,1066
3.05286e+06,20,ACK,14
3.05291e+06,17,CTL,20
3.053e+06,4,RTS,20
3.05306e+06,20,CTS,14
3.05312e+06,4,QOSDATA_TID6,1066
3.05331e+06,20,ACK,14
3.05335e+06,4,CTL,20
3.05344e+06,11,RTS,20
3.0535e+06,20,CTS,14
3.05356e+06,11,QOSDATA_TID6,1066
3.05375e+06,20,ACK,14
3.05379e+06,11,QOSDATA_TID6,1066
3.05398e+06,20,ACK,14
3.05402e+06,11,QOSDATA_TID6,1066
3.0542e+06,20,ACK,14
3.05425e+06,11,CTL,20
3.05434e+06,1,RTS,20
3.05434e+06,5,RTS,20
3.05434e+06,13,RTS,20
3.05434e+06,2,RTS,20
3.05434e+06,15,RTS,20
3.05434e+06,6,RTS,20
3.05434e+06,14,RTS,20
3.05444e+06,10,RTS,20
3.05451e+06,20,CTS,14
3.05457e+06,10,QOSDATA_TID6,1066
3.05475e+06,20,ACK,14
3.0548e+06,10,QOSDATA_TID6,1066
3.05498e+06,20,ACK,14
3.05503e+06,10,CTL,20
3.05511e+06,18,RTS,20
3.05511e+06,16,RTS,20
3.05525e+06,15,RTS,20
3.05531e+06,20,CTS,14
3.05537e+06,15,QOSDATA_TID6,1066
3.05556e+06,20,ACK,14
3.0556e+06,15,CTL,20
3.05569e+06,16,RTS,20
3.05576e+06,20,CTS,14
3.05582e+06,16,QOSDATA_TID6,1066
3.056e+06,20,ACK,14
3.05604e+06,16,CTL,20
3.05613e+06,1,RTS,20
3.0562e+06,20,CTS,14
3.05626e+06,1,QOSDATA_TID6,1066
3.05644e+06,20,ACK,14
3.05649e+06,1,QOSDATA_TID6,1066
3.05667e+06,20,ACK,14
3.05671e+06,1,CTL,20
3.0568e+06,5,RTS,20
3.05687e+06,20,CTS,14
3.05693e+06,5,QOSDATA_TID6,1066
3.05711e+06,20,ACK,14
3.05716e+06,5,CTL,20
3.05724e+06,8,RTS,20
3.05724e+06,2,RTS,20
3.05724e+06,3,RTS,20
3.05724e+06,13,RTS,20
3.05735e+06,0,RTS,20
3.05735e+06,6,RTS,20
3.05735e+06,14,RTS,20
3.05745e+06,13,RTS,20
3.05752e+06,20,CTS,14
3.05758e+06,13,QOSDATA_TID6,1066
3.05776e+06,20,ACK,14
3.0578e+06,13,QOSDATA_TID6,1066
3.05799e+06,20,ACK,14
3.05803e+06,13,QOSDATA_TID6,1066
3.05822e+06,20,ACK,14
3.05826e+06,13,CTL,20
3.05834e+06,7,RTS,20
3.05834e+06,16,RTS,20
3.05834e+06,0,RTS,20
3.05846e+06,8,RTS,20
3.05846e+06,9,RTS,20
3.05853e+06,20,CTS,14
3.05859e+06,8,QOSDATA_TID6,1066
3.05877e+06,20,ACK,14
3.05882e+06,8,CTL,20
3.05891e+06,18,RTS,20
3.05891e+06,14,RTS,20
3.05901e+06,11,RTS,20
3.05908e+06,20,CTS,14
3.05914e+06,11,QOSDATA_TID6,1066
3.05932e+06,20,ACK,14
3.05937e+06,11,CTL,20
3.05945e+06,16,RTS,20
3.05945e+06,12,RTS,20
3.05945e+06,19,RTS,20
3.05945e+06,18,RTS,20
3.05952e+06,20,CTS,14
3.05958e+06,12,QOSDATA_TID6,1066
3.05976e+06,20,ACK,14
3.05981e+06,12,CTL,20
3.0599e+06,18,RTS,20
3.05996e+06,20,CTS,14
3.06002e+06,18,QOSDATA_TID6,1066
3.06021e+06,20,ACK,14
3.06025e+06,18,CTL,20
3.06034e+06,17,RTS,20
3.0604e+06,20,CTS,14
3.06046e+06,17,QOSDATA_TID6,1066
3.06065e+06,20,ACK,14
3.06069e+06,17,CTL,20
3.06078e+06,14,RTS,20
3.06085e+06,20,CTS,14
3.06091e+06,14,QOSDATA_TID6,1066
3.06109e+06,20,ACK,14
3.06114e+06,14,QOSDATA_TID6,1066
3.06132e+06,20,ACK,14
3.06136e+06,14,CTL,20
3.06145e+06,1,RTS,20
3.06145e+06,3,RTS,20
3.06152e+06,20,CTS,14
3.06158e+06,1,QOSDATA_TID6,1066
3.06176e+06,20,ACK,14
3.0618e+06,1,CTL,20
3.0619e+06,5,RTS,20
3.0619e+06,16,RTS,20
3.0619e+06,7,RTS,20
3.0619e+06,4,RTS,20
3.0619e+06,2,RTS,20
3.0619e+06,15,RTS,20
3.06201e+06,19,RTS,20
3.06208e+06,20,CTS,14
3.06214e+06,19,QOSDATA_TID6,1066
3.06232e+06,20,ACK,14
3.06236e+06,19,CTL,20
3.06245e+06,16,RTS,20
3.06245e+06,0,CTS,14
3.06259e+06,16,RTS,20
3.06266e+06,20,CTS,14
3.06272e+06,16,QOSDATA_TID6,1066
3.0629e+06,20,ACK,14
3.06294e+06,16,CTL,20
3.06304e+06,2,RTS,20
3.06304e+06,18,RTS,20
3.06304e+06,6,RTS,20
3.06315e+06,5,RTS,20
3.06315e+06,8,RTS,20
3.06315e+06,7,RTS,20
3.06315e+06,4,RTS,20
3.06324e+06,14,RTS,20
3.06331e+06,20,CTS,14
3.06337e+06,14,QOSDATA_TID6,1066
3.06356e+06,20,ACK,14
3.0636e+06,14,CTL,20
3.06369e+06,6,RTS,20
3.06369e+06,5,RTS,20
3.06369e+06,4,RTS,20
3.06376e+06,20,CTS,14
3.06382e+06,5,QOSDATA_TID6,1066
3.064e+06,20,ACK,14
3.06404e+06,5,CTL,20
3.06413e+06,10,RTS,20
3.0642e+06,20,CTS,14
3.06426e+06,10,QOSDATA_TID6,1066
3.06444e+06,20,ACK,14
3.06448e+06,10,CTL,20
3.06457e+06,3,RTS,20
3.06457e+06,6,RTS,20
3.06464e+06,20,CTS,14
3.0647e+06,6,QOSDATA_TID6,1066
3.06488e+06,20,ACK,14
3.06493e+06,6,QOSDATA_TID6,1066
3.06511e+06,20,ACK,14
3.06516e+06,6,QOSDATA_TID6,1066
3.06534e+06,20,ACK,14
3.06538e+06,6,CTL,20
3.06547e+06,0,RTS,20
3.06547e+06,16,RTS,20
3.06547e+06,4,RTS,20
3.06557e+06,9,RTS,20
3.06564e+06,20,CTS,14
3.0657e+06,9,QOSDATA_TID6,1066
3.06588e+06,20,ACK,14
3.06592e+06,9,QOSDATA_TID6,1066
3.06611e+06,20,ACK,14
3.06615e+06,9,CTL,20
3.06624e+06,7,RTS,20
3.0663e+06,20,CTS,14
3.06636e+06,7,QOSDATA_TID6,1066
3.06655e+06,20,ACK,14
3.06659e+06,7,QOSDATA_TID6,1066
3.06678e+06,20,ACK,14
3.06682e+06,7,CTL,20
3.06691e+06,8,RTS,20
3.06691e+06,11,RTS,20
3.06698e+06,20,CTS,14
3.06704e+06,8,QOSDATA_TID6,1066
3.06722e+06,20,ACK,14
3.06726e+06,8,CTL,20
3.06735e+06,17,RTS,20
3.06742e+06,20,CTS,14
3.06748e+06,17,QOSDATA_TID6,1066
3.06766e+06,20,ACK,14
3.06771e+06,17,CTL,20
3.06779e+06,19,RTS,20
3.06779e+06,6,RTS,20
3.06789e+06,2,RTS,20
3.06796e+06,20,CTS,14
3.06802e+06,2,QOSDATA_TID6,1066
3.0682e+06,20,ACK,14
3.06825e+06,2,QOSDATA_TID6,1066
3.06843e+06,20,ACK,14
3.06847e+06,2,CTL,20
3.06856e+06,5,RTS,20
3.06856e+06,13,RTS,20
3.06863e+06,20,CTS,14
3.06869e+06,5,QOSDATA_TID6,1066
3.06887e+06,20,ACK,14
3.06892e+06,5,CTL,20
3.06901e+06,1,RTS,20
3.06901e+06,0,RTS,20
3.06901e+06,4,RTS,20
3.06901e+06,15,RTS,20
3.06912e+06,3,RTS,20
3.06919e+06,20,CTS,14
3.06925e+06,3,QOSDATA_TID6,1066
3.06943e+06,20,ACK,14
3.06947e+06,3,QOSDATA_TID6,1066
3.06966e+06,20,ACK,14
3.0697e+06,3,QOSDATA_TID6,1066
3.06989e+06,20,ACK,14
3.06993e+06,3,CTL,20
3.07002e+06,0,RTS,20
3.07008e+06,20,CTS,14
3.07014e+06,0,QOSDATA_TID6,1066
3.07033e+06,20,ACK,14
3.07037e+06,0,QOSDATA_TID6,1066
3.07056e+06,20,ACK,14
3.0706e+06,0,CTL,20
3.07069e+06,2,RTS,20
3.07069e+06,4,RTS,20
3.07075e+06,20,CTS,14
3.07081e+06,2,QOSDATA_TID6,1066
3.071e+06,20,ACK,14
3.07104e+06,2,CTL,20
3.07113e+06,8,RTS,20
3.07113e+06,14,RTS,20
3.0712e+06,20,CTS,14
3.07126e+06,8,QOSDATA_TID6,1066
3.07144e+06,20,ACK,14
3.07148e+06,8,CTL,20
3.07157e+06,18,RTS,20
3.07157e+06,14,RTS,20
3.07167e+06,12,RTS,20
3.07174e+06,20,CTS,14
3.0718e+06,12,QOSDATA_TID6,1066
3.07198e+06,20,ACK,14
3.07202e+06,12,CTL,20
3.07211e+06,11,RTS,20
3.07218e+06,20,CTS,14
3.07224e+06,11,QOSDATA_TID6,1066
3.07242e+06,20,ACK,14
3.07247e+06,11,CTL,20
3.07255e+06,16,RTS,20
3.07255e+06,19,RTS,20
3.07255e+06,10,RTS,20
3.07266e+06,13,RTS,20
3.07273e+06,20,CTS,14
3.07279e+06,13,QOSDATA_TID6,1066
3.07297e+06,20,ACK,14
3.07302e+06,13,CTL,20
3.0731e+06,14,RTS,20
3.0731e+06,16,RTS,20
3.0731e+06,6,RTS,20
3.0731e+06,0,RTS,20
3.07323e+06,14,RTS,20
3.07324e+06,18,RTS,20
3.07324e+06,10,RTS,20
3.07334e+06,0,RTS,20
3.07334e+06,4,RTS,20
3.07341e+06,20,CTS,14
3.07347e+06,0,QOSDATA_TID6,1066
3.07365e+06,20,ACK,14
3.0737e+06,0,CTL,20
3.07378e+06,18,RTS,20
3.07378e+06,13,RTS,20
3.0739e+06,1,RTS,20
3.07397e+06,20,CTS,14
3.07403e+06,1,QOSDATA_TID6,1066
3.07421e+06,20,ACK,14
3.07426e+06,1,CTL,20
3.07434e+06,19,RTS,20
3.07441e+06,20,CTS,14
3.07447e+06,19,QOSDATA_TID6,1066
3.07465e+06,20,ACK,14
3.0747e+06,19,CTL,20
3.07478e+06,11,RTS,20
3.07478e+06,7,RTS,20
3.07478e+06,4,RTS,20
3.07478e+06,10,RTS,20
3.07478e+06,15,RTS,20
3.07491e+06,13,RTS,20
3.07498e+06,20,CTS,14
3.07504e+06,13,QOSDATA_TID6,1066
3.07522e+06,20,ACK,14
3.07526e+06,13,CTL,20
3.07535e+06,16,RTS,20
3.07535e+06,17,RTS,20
3.07535e+06,10,RTS,20
3.07542e+06,20,CTS,14
3.07548e+06,17,QOSDATA_TID6,1066
3.07566e+06,20,ACK,14
3.07571e+06,17,CTL,20
3.07579e+06,10,RTS,20
3.07586e+06,20,CTS,14
3.07592e+06,10,QOSDATA_TID6,1066
3.07611e+06,20,ACK,14
3.07615e+06,10,CTL,20
3.07624e+06,6,RTS,20
3.07624e+06,1,RTS,20
3.07624e+06,12,RTS,20
3.07624e+06,4,RTS,20
3.07633e+06,5,RTS,20
3.0764e+06,20,CTS,14
3.07646e+06,5,QOSDATA_TID6,1066
3.07665e+06,20,ACK,14
3.07669e+06,5,CTL,20
3.07678e+06,3,RTS,20
3.07678e+06,9,RTS,20
3.07678e+06,15,RTS,20
3.07687e+06,19,RTS,20
3.07694e+06,20,CTS,14
3.077e+06,19,QOSDATA_TID6,1066
3.07719e+06,20,ACK,14
3.07723e+06,19,CTL,20
3.07732e+06,2,RTS,20
3.07732e+06,9,RTS,20
3.07732e+06,18,RTS,20
3.07732e+06,15,RTS,20
3.07741e+06,11,RTS,20
3.07748e+06,20,CTS,14
3.07754e+06,11,QOSDATA_TID6,1066
3.07773e+06,20,ACK,14
3.07777e+06,11,CTL,20
3.07786e+06,16,RTS,20
3.07786e+06,1,RTS,20
3.07786e+06,10,RTS,20
3.07786e+06,14,RTS,20
3.07799e+06,12,RTS,20
3.07799e+06,7,RTS,20
3.07806e+06,20,CTS,14
3.07812e+06,12,QOSDATA_TID6,1066
3.0783e+06,20,ACK,14
3.07835e+06,12,CTL,20
3.07843e+06,1,RTS,20
3.07843e+06,3,RTS,20
3.07843e+06,14,RTS,20
3.07855e+06,18,RTS,20
3.07862e+06,20,CTS,14
3.07868e+06,18,QOSDATA_TID6,1066
3.07886e+06,20,ACK,14
3.0789e+06,18,QOSDATA_TID6,1066
3.07909e+06,20,ACK,14
3.07913e+06,18,QOSDATA_TID6,1066
3.07932e+06,20,ACK,14
3.07936e+06,18,CTL,20
3.07946e+06,3,RTS,20
3.07953e+06,20,CTS,14
3.07959e+06,3,QOSDATA_TID6,1066
3.07978e+06,20,ACK,14
3.07982e+06,3,CTL,20
3.07991e+06,10,RTS,20
3.07991e+06,1,RTS,20
3.07991e+06,8,RTS,20
3.08e+06,9,RTS,20
3.08e+06,16,RTS,20
3.08011e+06,6,RTS,20
3.08011e+06,14,RTS,20
3.08022e+06,7,RTS,20
3.08022e+06,4,RTS,20
3.08029e+06,20,CTS,14
3.08035e+06,7,QOSDATA_TID6,1066
3.08053e+06,20,ACK,14
3.08057e+06,7,CTL,20
3.08066e+06,4,RTS,20
3.08073e+06,20,CTS,14
3.08079e+06,4,QOSDATA_TID6,1066
3.08097e+06,20,ACK,14
3.08102e+06,4,QOSDATA_TID6,1066
3.0812e+06,20,ACK,14
3.08124e+06,4,CTL,20
3.08133e+06,6,RTS,20
3.0814e+06,20,CTS,14
3.08146e+06,6,QOSDATA_TID6,1066
3.08164e+06,20,ACK,14
3.08169e+06,6,QOSDATA_TID6,1066
3.08187e+06,20,ACK,14
3.08191e+06,6,CTL,20
3.082e+06,15,RTS,20
3.082e+06,2,RTS,20
3.08212e+06,0,RTS,20
3.08218e+06,20,CTS,14
3.08224e+06,0,QOSDATA_TID6,1066
3.08243e+06,20,ACK,14
3.08247e+06,0,CTL,20
3.08256e+06,2,RTS,20
3.08256e+06,12,RTS,20
3.08256e+06,16,RTS,20
3.08263e+06,20,CTS,14
3.08269e+06,12,QOSDATA_TID6,1066
3.08287e+06,20,ACK,14
3.08292e+06,12,CTL,20
3.083e+06,3,RTS,20
3.08307e+06,20,CTS,14
3.08313e+06,3,QOSDATA_TID6,1066
3.08331e+06,20,ACK,14
3.08336e+06,3,CTL,20
3.08344e+06,10,RTS,20
3.08344e+06,1,RTS,20
3.08344e+06,11,RTS,20
3.08344e+06,7,RTS,20
3.08344e+06,15,RTS,20
3.08354e+06,13,RTS,20
3.08361e+06,20,CTS,14
3.08367e+06,13,QOSDATA_TID6,1066
3.08385e+06,20,ACK,14
3.0839e+06,13,CTL,20
3.08398e+06,1,RTS,20
3.08405e+06,20,CTS,14
3.08411e+06,1,QOSDATA_TID6,1066
3.0843e+06,20,ACK,14
3.08434e+06,1,QOSDATA_TID6,1066
3.08452e+06,20,ACK,14
3.08457e+06,1,CTL,20
3.08465e+06,17,RTS,20
3.08465e+06,9,RTS,20
3.08465e+06,6,RTS,20
3.08465e+06,14,RTS,20
3.08472e+06,20,CTS,14
3.08478e+06,17,QOSDATA_TID6,1066
3.08496e+06,20,ACK,14
3.08501e+06,17,CTL,20
3.0851e+06,4,RTS,20
3.0851e+06,14,RTS,20
3.08519e+06,9,RTS,20
3.08526e+06,20,CTS,14
3.08532e+06,9,QOSDATA_TID6,1066
3.0855e+06,20,ACK,14
3.08555e+06,9,QOSDATA_TID6,1066
3.08573e+06,20,ACK,14
3.08578e+06,9,CTL,20
3.08587e+06,2,RTS,20
3.08587e+06,19,RTS,20
3.08587e+06,5,RTS,20
3.08587e+06,14,RTS,20
3.08594e+06,20,CTS,14
3.086e+06,5,QOSDATA_TID6,1066
3.08618e+06,20,ACK,14
3.08623e+06,5,CTL,20
3.08631e+06,18,RTS,20
3.08638e+06,20,CTS,14
3.08644e+06,18,QOSDATA_TID6,1066
3.08663e+06,20,ACK,14
3.08667e+06,18,CTL,20
3.08676e+06,2,RTS,20
3.08682e+06,20,CTS,14
3.08688e+06,2,QOSDATA_TID6,1066
3.08707e+06,20,ACK,14
3.08711e+06,2,QOSDATA_TID6,1066
3.0873e+06,20,ACK,14
3.08734e+06,2,CTL,20
3.08743e+06,19,RTS,20
3.08743e+06,11,RTS,20
3.08743e+06,16,RTS,20
3.08743e+06,4,RTS,20
3.08752e+06,15,RTS,20
3.08752e+06,10,RTS,20
3.08759e+06,20,CTS,14
3.08765e+06,15,QOSDATA_TID6,1066
3.08784e+06,20,ACK,14
3.08788e+06,15,QOSDATA_TID6,1066
3.08806e+06,20,ACK,14
3.08811e+06,15,QOSDATA_TID6,1066
3.08829e+06,20,ACK,14
3.08834e+06,15,CTL,20
3.08841e+06,20,BEACON,152
3.08868e+06,8,RTS,20
3.08868e+06,7,RTS,20
3.08868e+06,19,RTS,20
3.08868e+06,6,RTS,20
3.08878e+06,16,RTS,20
3.08878e+06,4,RTS,20
3.08888e+06,10,RTS,20
3.08895e+06,20,CTS,14
3.08901e+06,10,QOSDATA_TID6,1066
3.08919e+06,20,ACK,14
3.08924e+06,10,QOSDATA_TID6,1066
3.08942e+06,20,ACK,14
3.08946e+06,10,CTL,20
3.08956e+06,19,RTS,20
3.08963e+06,20,CTS,14
3.08969e+06,19,QOSDATA_TID6,1066
3.08987e+06,20,ACK,14
3.08992e+06,19,CTL,20
3.09e+06,11,RTS,20
3.09e+06,14,RTS,20
3.09011e+06,13,RTS,20
3.09011e+06,9,RTS,20
3.09021e+06,11,RTS,20
3.09028e+06,20,CTS,14
3.09034e+06,11,QOSDATA_TID6,1066
3.09052e+06,20,ACK,14
3.09056e+06,11,CTL,20
3.09065e+06,12,RTS,20
3.09065e+06,3,RTS,20
3.09065e+06,0,RTS,20
3.09072e+06,20,CTS,14
3.09078e+06,12,QOSDATA_TID6,1066
3.09096e+06,20,ACK,14
3.091e+06,12,CTL,20
3.0911e+06,7,RTS,20
3.0911e+06,8,RTS,20
3.0911e+06,11,RTS,20
3.0911e+06,4,RTS,20
3.0912e+06,16,RTS,20
3.09127e+06,20,CTS,14
3.09133e+06,16,QOSDATA_TID6,1066
3.09151e+06,20,ACK,14
3.09155e+06,16,QOSDATA_TID6,1066
3.09174e+06,20,ACK,14
3.09178e+06,16,QOSDATA_TID6,1066
3.09197e+06,20,ACK,14
3.09201e+06,16,CTL,20
3.0921e+06,11,RTS,20
3.0921e+06,3,RTS,20
3.0922e+06,14,RTS,20
3.09227e+06,20,CTS,14
3.09233e+06,14,QOSDATA_TID6,1066
3.09252e+06,20,ACK,14
3.09256e+06,14,QOSDATA_TID6,1066
3.09274e+06,20,ACK,14
3.09279e+06,14,CTL,20
3.09287e+06,15,RTS,20
3.09287e+06,5,RTS,20
3.09287e+06,19,RTS,20
3.09287e+06,11,RTS,20
3.09294e+06,20,CTS,14
3.093e+06,5,QOSDATA_TID6,1066
3.09318e+06,20,ACK,14
3.09323e+06,5,CTL,20
3.09332e+06,6,RTS,20
3.09338e+06,20,CTS,14
3.09344e+06,6,QOSDATA_TID6,1066
3.09363e+06,20,ACK,14
3.09367e+06,6,QOSDATA_TID6,1066
3.09386e+06,20,ACK,14
3.0939e+06,6,CTL,20
3.09398e+06,15,RTS,20
3.09398e+06,2,RTS,20
3.09398e+06,10,RTS,20
3.09398e+06,11,RTS,20
3.09409e+06,19,RTS,20
3.09416e+06,20,CTS,14
3.09422e+06,19,QOSDATA_TID6,1066
3.0944e+06,20,ACK,14
3.09445e+06,19,CTL,20
3.09453e+06,17,RTS,20
3.09453e+06,9,RTS,20
3.09453e+06,0,RTS,20
3.09453e+06,10,RTS,20
3.09464e+06,18,RTS,20
3.09464e+06,15,RTS,20
3.09475e+06,17,RTS,20
3.09475e+06,8,RTS,20
3.09485e+06,1,RTS,20
3.09491e+06,20,CTS,14
3.09497e+06,1,QOSDATA_TID6,1066
3.09516e+06,20,ACK,14
3.0952e+06,1,CTL,20
3.09529e+06,7,RTS,20
3.09536e+06,20,CTS,14
3.09542e+06,7,QOSDATA_TID6,1066
3.0956e+06,20,ACK,14
3.09564e+06,7,QOSDATA_TID6,1066
3.09583e+06,20,ACK,14
3.09587e+06,7,CTL,20
3.09597e+06,13,RTS,20
3.09597e+06,0,CTS,14
3.0961e+06,13,RTS,20
3.09617e+06,20,CTS,14
3.09623e+06,13,QOSDATA_TID6,1066
3.09641e+06,20,ACK,14
3.09645e+06,13,CTL,20
3.09654e+06,4,RTS,20
3.09654e+06,11,RTS,20
3.09664e+06,15,RTS,20
3.09671e+06,20,CTS,14
3.09677e+06,15,QOSDATA_TID6,1066
3.09695e+06,20,ACK,14
3.09699e+06,15,CTL,20
3.09708e+06,14,RTS,20
3.09708e+06,0,RTS,20
3.09715e+06,20,CTS,14
3.09721e+06,0,QOSDATA_TID6,1066
3.09739e+06,20,ACK,14
3.09744e+06,0,QOSDATA_TID6,1066
3.09762e+06,20,ACK,14
3.09766e+06,0,CTL,20
3.09776e+06,3,RTS,20
3.09776e+06,16,RTS,20
3.09789e+06,3,RTS,20
3.09796e+06,20,CTS,14
3.09802e+06,3,QOSDATA_TID6,1066
3.0982e+06,20,ACK,14
3.09825e+06,3,CTL,20
3.09833e+06,14,RTS,20
3.0984e+06,20,CTS,14
3.09846e+06,14,QOSDATA_TID6,1066
3.09864e+06,20,ACK,14
3.09869e+06,14,CTL,20
3.09878e+06,12,RTS,20
3.09884e+06,20,CTS,14
3.0989e+06,12,QOSDATA_TID6,1066
3.09909e+06,20,ACK,14
3.09913e+06,12,CTL,20
3.09922e+06,1,RTS,20
3.09922e+06,11,RTS,20
3.09922e+06,13,RTS,20
3.09922e+06,2,RTS,20
3.09922e+06,3,RTS,20
3.09922e+06,18,RTS,20
3.09922e+06,9,RTS,20
3.09932e+06,10,RTS,20
3.09932e+06,7,RTS,20
3.09939e+06,20,CTS,14
3.09945e+06,7,QOSDATA_TID6,1066
3.09964e+06,20,ACK,14
3.09968e+06,7,CTL,20
3.09977e+06,13,RTS,20
3.09977e+06,11,RTS,20
3.09987e+06,18,RTS,20
3.09994e+06,20,CTS,14
3.1e+06,18,QOSDATA_TID6,1066
3.10019e+06,20,ACK,14
3.10023e+06,18,CTL,20
3.10032e+06,6,RTS,20
3.10032e+06,5,RTS,20
3.10038e+06,20,CTS,14
3.10044e+06,5,QOSDATA_TID6,1066
3.10063e+06,20,ACK,14
3.10067e+06,5,CTL,20
3.10076e+06,6,RTS,20
3.10076e+06,10,RTS,20
3.10076e+06,15,RTS,20
3.10086e+06,19,RTS,20
3.10086e+06,16,RTS,20
3.10093e+06,20,CTS,14
3.10099e+06,19,QOSDATA_TID6,1066
3.10118e+06,20,ACK,14
3.10122e+06,19,CTL,20
3.10131e+06,10,RTS,20
3.10138e+06,20,CTS,14
3.10144e+06,10,QOSDATA_TID6,1066
3.10162e+06,20,ACK,14
3.10166e+06,10,QOSDATA_TID6,1066
3.10185e+06,20,ACK,14
3.10189e+06,10,CTL,20
3.10199e+06,2,RTS,20
3.10199e+06,15,RTS,20
3.10199e+06,16,RTS,20
3.10199e+06,4,RTS,20
3.1021e+06,8,RTS,20
3.1021e+06,17,RTS,20
3.1022e+06,2,RTS,20
3.10227e+06,20,CTS,14
3.10233e+06,2,QOSDATA_TID6,1066
3.10251e+06,20,ACK,14
3.10256e+06,2,QOSDATA_TID6,1066
3.10274e+06,20,ACK,14
3.10278e+06,2,CTL,20
3.10287e+06,15,RTS,20
3.10294e+06,20,CTS,14
3.103e+06,15,QOSDATA_TID6,1066
3.10318e+06,20,ACK,14
3.10323e+06,15,CTL,20
3.10331e+06,1,RTS,20
3.10331e+06,3,RTS,20
3.10338e+06,20,CTS,14
3.10344e+06,1,QOSDATA_TID6,1066
3.10362e+06,20,ACK,14
3.10367e+06,1,CTL,20
3.10375e+06,14,RTS,20
3.10382e+06,20,CTS,14
3.10388e+06,14,QOSDATA_TID6,1066
3.10407e+06,20,ACK,14
3.10411e+06,14,CTL,20
3.1042e+06,6,RTS,20
3.10426e+06,20,CTS,14
3.10432e+06,6,QOSDATA_TID6,1066
3.10451e+06,20,ACK,14
3.10455e+06,6,CTL,20
3.10464e+06,18,RTS,20
3.10464e+06,8,RTS,20
3.10464e+06,16,RTS,20
3.10471e+06,20,CTS,14
3.10477e+06,8,QOSDATA_TID6,1066
3.10495e+06,20,ACK,14
3.10499e+06,8,QOSDATA_TID6,1066
3.10518e+06,20,ACK,14
3.10522e+06,8,QOSDATA_TID6,1066
3.10541e+06,20,ACK,14
3.10545e+06,8,QOSDATA_TID6,1066
3.10563e+06,20,ACK,14
3.10568e+06,8,CTL,20
3.10576e+06,16,RTS,20
3.10583e+06,20,CTS,14
3.10589e+06,16,QOSDATA_TID6,1066
3.10608e+06,20,ACK,14
3.10612e+06,16,QOSDATA_TID6,1066
3.1063e+06,20,ACK,14
3.10635e+06,16,CTL,20
3.10643e+06,11,RTS,20
3.10643e+06,4,RTS,20
3.10643e+06,7,RTS,20
3.10643e+06,13,RTS,20
3.10643e+06,9,RTS,20
3.10654e+06,17,RTS,20
3.10654e+06,0,RTS,20
3.10661e+06,20,CTS,14
3.10667e+06,17,QOSDATA_TID6,1066
3.10685e+06,20,ACK,14
3.1069e+06,17,QOSDATA_TID6,1066
3.10708e+06,20,ACK,14
3.10712e+06,17,CTL,20
3.10721e+06,1,RTS,20
3.10721e+06,0,RTS,20
3.10721e+06,9,RTS,20
3.10731e+06,13,RTS,20
3.10738e+06,20,CTS,14
3.10744e+06,13,QOSDATA_TID6,1066
3.10762e+06,20,ACK,14
3.10766e+06,13,QOSDATA_TID6,1066
3.10785e+06,20,ACK,14
3.10789e+06,13,CTL,20
3.10798e+06,17,RTS,20
3.10805e+06,20,CTS,14
3.10811e+06,17,QOSDATA_TID6,1066
3.10829e+06,20,ACK,14
3.10834e+06,17,CTL,20
3.10842e+06,1,RTS,20
3.10842e+06,5,RTS,20
3.10842e+06,11,RTS,20
3.10842e+06,3,RTS,20
3.10849e+06,20,CTS,14
3.10855e+06,5,QOSDATA_TID6,1066
3.10873e+06,20,ACK,14
3.10878e+06,5,CTL,20
3.10886e+06,2,RTS,20
3.10886e+06,0,CTS,14
3.10886e+06,6,RTS,20
3.10886e+06,10,RTS,20
3.10886e+06,15,RTS,20
3.10896e+06,0,RTS,20
3.10903e+06,20,CTS,14
3.10909e+06,0,QOSDATA_TID6,1066
3.10927e+06,20,ACK,14
3.10932e+06,0,CTL,20
3.1094e+06,1,RTS,20
3.1094e+06,19,RTS,20
3.1095e+06,4,RTS,20
3.1095e+06,18,RTS,20
3.10957e+06,20,CTS,14
3.10963e+06,18,QOSDATA_TID6,1066
3.10981e+06,20,ACK,14
3.10986e+06,18,CTL,20
3.10995e+06,12,RTS,20
3.10995e+06,4,RTS,20
3.11002e+06,20,CTS,14
3.11008e+06,12,QOSDATA_TID6,1066
3.11026e+06,20,ACK,14
3.11031e+06,12,CTL,20
3.1104e+06,18,RTS,20
3.11047e+06,20,CTS,14
3.11053e+06,18,QOSDATA_TID6,1066
3.11071e+06,20,ACK,14
3.11076e+06,18,CTL,20
3.11084e+06,3,RTS,20
3.11084e+06,1,RTS,20
3.11091e+06,20,CTS,14
3.11097e+06,1,QOSDATA_TID6,1066
3.11116e+06,20,ACK,14
3.1112e+06,1,CTL,20
3.11129e+06,11,RTS,20
3.11129e+06,7,RTS,20
3.11136e+06,20,CTS,14
3.11142e+06,7,QOSDATA_TID6,1066
3.11161e+06,20,ACK,14
3.11165e+06,7,CTL,20
3.11174e+06,8,RTS,20
3.11174e+06,9,RTS,20
3.1118e+06,20,CTS,14
3.11186e+06,8,QOSDATA_TID6,1066
3.11205e+06,20,ACK,14
3.11209e+06,8,CTL,20
3.11218e+06,9,RTS,20
3.11225e+06,20,CTS,14
3.11231e+06,9,QOSDATA_TID6,1066
3.11249e+06,20,ACK,14
3.11253e+06,9,QOSDATA_TID6,1066
3.11272e+06,20,ACK,14
3.11276e+06,9,QOSDATA_TID6,1066
3.11295e+06,20,ACK,14
3.11299e+06,9,CTL,20
3.11308e+06,10,RTS,20
3.11308e+06,0,RTS,20
3.11308e+06,6,RTS,20
3.11308e+06,14,RTS,20
3.11308e+06,15,RTS,20
3.11318e+06,2,RTS,20
3.11325e+06,20,CTS,14
3.11331e+06,2,QOSDATA_TID6,1066
3.1135e+06,20,ACK,14
3.11354e+06,2,CTL,20
3.11362e+06,3,RTS,20
3.11362e+06,7,RTS,20
3.11362e+06,13,RTS,20
3.11369e+06,20,CTS,14
3.11375e+06,7,QOSDATA_TID6,1066
3.11394e+06,20,ACK,14
3.11398e+06,7,CTL,20
3.11407e+06,19,RTS,20
3.11414e+06,20,CTS,14
3.1142e+06,19,QOSDATA_TID6,1066
3.11438e+06,20,ACK,14
3.11442e+06,19,CTL,20
3.11451e+06,16,RTS,20
3.11451e+06,4,RTS,20
3.11451e+06,13,RTS,20
3.11461e+06,10,RTS,20
3.11461e+06,9,RTS,20
3.11471e+06,12,RTS,20
3.11478e+06,20,CTS,14
3.11484e+06,12,QOSDATA_TID6,1066
3.11503e+06,20,ACK,14
3.11507e+06,12,CTL,20
3.11516e+06,9,RTS,20
3.11522e+06,20,CTS,14
3.11528e+06,9,QOSDATA_TID6,1066
3.11547e+06,20,ACK,14
3.11551e+06,9,CTL,20
3.1156e+06,3,RTS,20
3.1156e+06,19,RTS,20
3.1156e+06,0,RTS,20
3.1156e+06,4,RTS,20
3.1156e+06,14,RTS,20
3.11571e+06,10,RTS,20
3.11578e+06,20,CTS,14
3.11584e+06,10,QOSDATA_TID6,1066
3.11603e+06,20,ACK,14
3.11607e+06,10,CTL,20
3.11617e+06,19,RTS,20
3.11617e+06,17,RTS,20
3.11617e+06,11,RTS,20
3.11617e+06,13,RTS,20
3.11626e+06,1,RTS,20
3.11633e+06,20,CTS,14
3.11639e+06,1,QOSDATA_TID6,1066
3.11658e+06,20,ACK,14
3.11662e+06,1,CTL,20
3.11671e+06,3,RTS,20
3.11671e+06,0,CTS,14
3.11684e+06,3,RTS,20
3.1169e+06,20,CTS,14
3.11696e+06,3,QOSDATA_TID6,1066
3.11715e+06,20,ACK,14
3.11719e+06,3,QOSDATA_TID6,1066
3.11738e+06,20,ACK,14
3.11742e+06,3,CTL,20
3.11751e+06,2,RTS,20
3.11751e+06,10,RTS,20
3.11751e+06,19,RTS,20
3.11761e+06,6,RTS,20
3.11761e+06,14,RTS,20
3.11772e+06,16,RTS,20
3.11779e+06,20,CTS,14
3.11785e+06,16,QOSDATA_TID6,1066
3.11803e+06,20,ACK,14
3.11808e+06,16,CTL,20
3.11816e+06,19,RTS,20
3.11816e+06,5,RTS,20
3.11823e+06,20,CTS,14
3.11829e+06,5,QOSDATA_TID6,1066
3.11848e+06,20,ACK,14
3.11852e+06,5,CTL,20
3.1186e+06,11,RTS,20
3.11867e+06,20,CTS,14
3.11873e+06,11,QOSDATA_TID6,1066
3.11892e+06,20,ACK,14
3.11896e+06,11,QOSDATA_TID6,1066
3.11914e+06,20,ACK,14
3.11919e+06,11,QOSDATA_TID6,1066
3.11937e+06,20,ACK,14
3.11942e+06,11,CTL,20
3.1195e+06,4,RTS,20
3.1195e+06,8,RTS,20
3.1195e+06,15,RTS,20
3.1195e+06,18,RTS,20
3.1195e+06,10,RTS,20
3.11961e+06,13,RTS,20
3.11968e+06,20,CTS,14
3.11974e+06,13,QOSDATA_TID6,1066
3.11992e+06,20,ACK,14
3.11997e+06,13,CTL,20
3.12006e+06,10,RTS,20
3.12013e+06,20,CTS,14
3.12019e+06,10,QOSDATA_TID6,1066
3.12037e+06,20,ACK,14
3.12042e+06,10,CTL,20
3.1205e+06,18,RTS,20
3.1205e+06,6,RTS,20
3.1205e+06,8,RTS,20
3.1205e+06,17,RTS,20
3.1206e+06,2,RTS,20
3.12067e+06,20,CTS,14
3.12073e+06,2,QOSDATA_TID6,1066
3.12091e+06,20,ACK,14
3.12096e+06,2,CTL,20
3.12104e+06,18,RTS,20
3.12104e+06,17,RTS,20
3.12111e+06,20,CTS,14
3.12117e+06,17,QOSDATA_TID6,1066
3.12136e+06,20,ACK,14
3.1214e+06,17,CTL,20
3.12148e+06,7,RTS,20
3.12148e+06,0,RTS,20
3.12148e+06,14,RTS,20
3.12159e+06,19,RTS,20
3.12166e+06,20,CTS,14
3.12172e+06,19,QOSDATA_TID6,1066
3.1219e+06,20,ACK,14
3.12195e+06,19,CTL,20
3.12203e+06,9,RTS,20
3.1221e+06,20,CTS,14
3.12216e+06,9,QOSDATA_TID6,1066
3.12235e+06,20,ACK,14
3.12239e+06,9,CTL,20
3.12248e+06,15,RTS,20
3.12254e+06,20,CTS,14
3.1226e+06,15,QOSDATA_TID6,1066
3.12279e+06,20,ACK,14
3.12283e+06,15,QOSDATA_TID6,1066
3.12302e+06,20,ACK,14
3.12306e+06,15,CTL,20
3.12315e+06,16,RTS,20
3.12315e+06,3,RTS,20
3.12324e+06,19,RTS,20
3.12331e+06,20,CTS,14
3.12337e+06,19,QOSDATA_TID6,1066
3.12356e+06,20,ACK,14
3.1236e+06,19,CTL,20
3.12369e+06,3,RTS,20
3.12369e+06,6,RTS,20
3.12376e+06,20,CTS,14
3.12382e+06,6,QOSDATA_TID6,1066
3.124e+06,20,ACK,14
3.12404e+06,6,QOSDATA_TID6,1066
3.12423e+06,20,ACK,14
3.12427e+06,6,QOSDATA_TID6,1066
3.12446e+06,20,ACK,14
3.1245e+06,6,CTL,20
3.12458e+06,5,RTS,20
3.12458e+06,3,RTS,20
3.12458e+06,4,RTS,20
3.12465e+06,20,CTS,14
3.12471e+06,5,QOSDATA_TID6,1066
3.1249e+06,20,ACK,14
3.12494e+06,5,CTL,20
3.12504e+06,17,RTS,20
3.12504e+06,1,RTS,20
3.12504e+06,12,RTS,20
3.12504e+06,11,RTS,20
3.12504e+06,0,RTS,20
3.12504e+06,15,RTS,20
3.12504e+06,13,RTS,20
3.12514e+06,8,RTS,20
3.12521e+06,20,CTS,14
3.12527e+06,8,QOSDATA_TID6,1066
3.12546e+06,20,ACK,14
3.1255e+06,8,CTL,20
3.12559e+06,11,RTS,20
3.12559e+06,2,RTS,20
3.12559e+06,10,RTS,20
3.12569e+06,14,RTS,20
3.12576e+06,20,CTS,14
3.12582e+06,14,QOSDATA_TID6,1066
3.126e+06,20,ACK,14
3.12605e+06,14,QOSDATA_TID6,1066
3.12623e+06,20,ACK,14
3.12628e+06,14,CTL,20
3.12636e+06,2,RTS,20
3.12636e+06,17,RTS,20
3.12643e+06,20,CTS,14
3.12649e+06,17,QOSDATA_TID6,1066
3.12667e+06,20,ACK,14
3.12672e+06,17,CTL,20
3.1268e+06,8,RTS,20
3.1268e+06,15,RTS,20
3.12687e+06,20,CTS,14
3.12693e+06,8,QOSDATA_TID6,1066
3.12712e+06,20,ACK,14
3.12716e+06,8,CTL,20
3.12726e+06,13,RTS,20
3.12732e+06,20,CTS,14
3.12738e+06,13,QOSDATA_TID6,1066
3.12757e+06,20,ACK,14
3.12761e+06,13,CTL,20
3.1277e+06,14,RTS,20
3.1277e+06,16,RTS,20
3.1277e+06,1,RTS,20
3.1277e+06,0,RTS,20
3.1278e+06,12,RTS,20
3.1278e+06,3,RTS,20
3.12786e+06,20,CTS,14
3.12792e+06,12,QOSDATA_TID6,1066
3.12811e+06,20,ACK,14
3.12815e+06,12,CTL,20
3.12825e+06,16,RTS,20
3.12825e+06,18,RTS,20
3.12825e+06,10,RTS,20
3.12836e+06,3,RTS,20
3.12843e+06,20,CTS,14
3.12849e+06,3,QOSDATA_TID6,1066
3.12867e+06,20,ACK,14
3.12872e+06,3,CTL,20
3.1288e+06,2,RTS,20
3.1288e+06,10,RTS,20
3.1288e+06,15,RTS,20
3.12892e+06,7,RTS,20
3.12892e+06,18,RTS,20
3.12899e+06,20,CTS,14
3.12905e+06,7,QOSDATA_TID6,1066
3.12923e+06,20,ACK,14
3.12928e+06,7,CTL,20
3.12936e+06,2,RTS,20
3.12936e+06,18,RTS,20
3.12947e+06,7,RTS,20
3.12954e+06,20,CTS,14
3.1296e+06,7,QOSDATA_TID6,1066
3.12978e+06,20,ACK,14
3.12982e+06,7,CTL,20
3.12991e+06,11,RTS,20
3.12991e+06,4,RTS,20
3.12991e+06,2,RTS,20
3.13002e+06,14,RTS,20
3.13009e+06,20,CTS,14
3.13015e+06,14,QOSDATA_TID6,1066
3.13033e+06,20,ACK,14
3.13037e+06,14,CTL,20
3.13046e+06,15,RTS,20
3.13046e+06,13,RTS,20
3.13046e+06,16,RTS,20
3.13046e+06,4,RTS,20
3.13058e+06,2,RTS,20
3.13064e+06,20,CTS,14
3.1307e+06,2,QOSDATA_TID6,1066
3.13089e+06,20,ACK,14
3.13093e+06,2,CTL,20
3.13102e+06,18,RTS,20
3.13102e+06,9,RTS,20
3.13102e+06,10,RTS,20
3.13102e+06,19,RTS,20
3.13102e+06,12,RTS,20
3.13109e+06,20,CTS,14
3.13115e+06,12,QOSDATA_TID6,1066
3.13133e+06,20,ACK,14
3.13138e+06,12,CTL,20
3.13146e+06,6,RTS,20
3.13153e+06,20,CTS,14
3.13159e+06,6,QOSDATA_TID6,1066
3.13177e+06,20,ACK,14
3.13182e+06,6,CTL,20
3.1319e+06,0,RTS,20
3.13197e+06,20,CTS,14
3.13203e+06,0,QOSDATA_TID6,1066
3.13222e+06,20,ACK,14
3.13226e+06,0,QOSDATA_TID6,1066
3.13244e+06,20,ACK,14
3.13249e+06,0,QOSDATA_TID6,1066
3.13267e+06,20,ACK,14
3.13272e+06,0,CTL,20
3.1328e+06,5,RTS,20
3.1328e+06,3,RTS,20
3.1328e+06,9,RTS,20
3.1328e+06,13,RTS,20
3.13287e+06,20,CTS,14
3.13293e+06,5,QOSDATA_TID6,1066
3.13311e+06,20,ACK,14
3.13316e+06,5,CTL,20
3.13324e+06,3,RTS,20
3.13324e+06,16,RTS,20
3.13324e+06,4,RTS,20
3.13334e+06,17,RTS,20
3.13341e+06,20,CTS,14
3.13347e+06,17,QOSDATA_TID6,1066
3.13365e+06,20,ACK,14
3.1337e+06,17,CTL,20
3.13378e+06,19,RTS,20
3.13378e+06,3,RTS,20
3.13378e+06,15,RTS,20
3.13388e+06,4,RTS,20
3.13395e+06,20,CTS,14
3.13401e+06,4,QOSDATA_TID6,1066
3.13419e+06,20,ACK,14
3.13424e+06,4,QOSDATA_TID6,1066
3.13442e+06,20,ACK,14
3.13446e+06,4,QOSDATA_TID6,1066
3.13465e+06,20,ACK,14
3.13469e+06,4,QOSDATA_TID6,1066
3.13488e+06,20,ACK,14
3.13492e+06,4,QOSDATA_TID6,1066
3.1351e+06,20,ACK,14
3.13515e+06,4,CTL,20
3.13524e+06,14,RTS,20
3.1353e+06,20,CTS,14
3.13536e+06,14,QOSDATA_TID6,1066
3.13555e+06,20,ACK,14
3.13559e+06,14,CTL,20
3.13568e+06,2,RTS,20
3.13574e+06,20,CTS,14
3.1358e+06,2,QOSDATA_TID6,1066
3.13599e+06,20,ACK,14
3.13603e+06,2,CTL,20
3.13612e+06,18,RTS,20
3.13612e+06,19,RTS,20
3.13612e+06,15,RTS,20
3.13612e+06,13,RTS,20
3.13623e+06,9,RTS,20
3.13629e+06,20,CTS,14
3.13635e+06,9,QOSDATA_TID6,1066
3.13654e+06,20,ACK,14
3.13658e+06,9,CTL,20
3.13668e+06,19,RTS,20
3.13668e+06,8,RTS,20
3.13668e+06,11,RTS,20
3.13678e+06,1,RTS,20
3.13678e+06,3,RTS,20
3.13684e+06,20,CTS,14
3.1369e+06,1,QOSDATA_TID6,1066
3.13709e+06,20,ACK,14
3.13713e+06,1,QOSDATA_TID6,1066
3.13732e+06,20,ACK,14
3.13736e+06,1,CTL,20
3.13744e+06,11,RTS,20
3.13744e+06,15,RTS,20
3.13755e+06,10,RTS,20
3.13762e+06,20,CTS,14
3.13768e+06,10,QOSDATA_TID6,1066
3.13786e+06,20,ACK,14
3.13791e+06,10,QOSDATA_TID6,1066
3.13809e+06,20,ACK,14
3.13814e+06,10,CTL,20
3.13822e+06,18,RTS,20
3.13822e+06,7,RTS,20
3.13822e+06,11,RTS,20
3.13833e+06,8,RTS,20
3.1384e+06,20,CTS,14
3.13846e+06,8,QOSDATA_TID6,1066
3.13864e+06,20,ACK,14
3.13869e+06,8,CTL,20
3.13877e+06,12,RTS,20
3.13877e+06,18,RTS,20
3.13884e+06,20,CTS,14
3.1389e+06,12,QOSDATA_TID6,1066
3.13908e+06,20,ACK,14
3.13913e+06,12,CTL,20
3.13921e+06,15,RTS,20
3.13921e+06,6,RTS,20
3.13931e+06,1,RTS,20
3.13931e+06,3,RTS,20
3.13938e+06,20,CTS,14
3.13944e+06,1,QOSDATA_TID6,1066
3.13962e+06,20,ACK,14
3.13967e+06,1,CTL,20
3.13976e+06,0,RTS,20
3.13983e+06,20,CTS,14
3.13989e+06,0,QOSDATA_TID6,1066
3.14008e+06,20,ACK,14
3.14012e+06,0,CTL,20
3.1402e+06,15,RTS,20
3.1402e+06,3,RTS,20
3.1402e+06,9,RTS,20
3.1402e+06,19,RTS,20
3.1402e+06,11,RTS,20
3.1402e+06,16,RTS,20
3.1403e+06,17,RTS,20
3.1403e+06,5,RTS,20
3.1403e+06,13,RTS,20
3.1404e+06,18,RTS,20
3.1404e+06,9,RTS,20
3.14047e+06,20,CTS,14
3.14053e+06,18,QOSDATA_TID6,1066
3.14071e+06,20,ACK,14
3.14076e+06,18,QOSDATA_TID6,1066
3.14094e+06,20,ACK,14
3.14098e+06,18,CTL,20
3.14107e+06,2,RTS,20
3.14114e+06,20,CTS,14
3.1412e+06,2,QOSDATA_TID6,1066
3.14138e+06,20,ACK,14
3.14143e+06,2,CTL,20
3.14151e+06,3,RTS,20
3.14151e+06,10,RTS,20
3.14151e+06,6,RTS,20
3.14162e+06,11,RTS,20
3.14162e+06,4,RTS,20
3.14173e+06,7,RTS,20
3.14173e+06,3,RTS,20
3.1418e+06,20,CTS,14
3.14186e+06,7,QOSDATA_TID6,1066
3.14204e+06,20,ACK,14
3.14208e+06,7,CTL,20
3.14218e+06,11,RTS,20
3.14218e+06,3,RTS,20
3.14228e+06,15,RTS,20
3.14235e+06,20,CTS,14
3.14241e+06,15,QOSDATA_TID6,1066
3.1426e+06,20,ACK,14
3.14264e+06,15,QOSDATA_TID6,1066
3.14282e+06,20,ACK,14
3.14287e+06,15,CTL,20
3.14296e+06,6,RTS,20
3.14296e+06,5,RTS,20
3.14296e+06,3,RTS,20
3.14302e+06,20,CTS,14
3.14308e+06,5,QOSDATA_TID6,1066
3.14327e+06,20,ACK,14
3.14331e+06,5,CTL,20
3.1434e+06,18,RTS,20
3.14346e+06,20,CTS,14
3.14352e+06,18,QOSDATA_TID6,1066
3.14371e+06,20,ACK,14
3.14375e+06,18,CTL,20
3.14384e+06,14,RTS,20
3.14384e+06,19,RTS,20
3.14384e+06,11,RTS,20
3.14384e+06,4,RTS,20
3.14394e+06,9,RTS,20
3.144e+06,20,CTS,14
3.14406e+06,9,QOSDATA_TID6,1066
3.14425e+06,20,ACK,14
3.14429e+06,9,CTL,20
3.14438e+06,16,RTS,20
3.14445e+06,20,CTS,14
3.14451e+06,16,QOSDATA_TID6,1066
3.14469e+06,20,ACK,14
3.14474e+06,16,QOSDATA_TID6,1066
3.14492e+06,20,ACK,14
3.14496e+06,16,QOSDATA_TID6,1066
3.14515e+06,20,ACK,14
3.14519e+06,16,QOSDATA_TID6,1066
3.14538e+06,20,ACK,14
3.14542e+06,16,CTL,20
3.1455e+06,4,RTS,20
3.1455e+06,8,RTS,20
3.1455e+06,13,RTS,20
3.1455e+06,6,RTS,20
3.14561e+06,10,RTS,20
3.14568e+06,20,CTS,14
3.14574e+06,10,QOSDATA_TID6,1066
3.14592e+06,20,ACK,14
3.14597e+06,10,CTL,20
3.14606e+06,0,RTS,20
3.14606e+06,6,RTS,20
3.14606e+06,8,RTS,20
3.14606e+06,7,RTS,20
3.14618e+06,4,RTS,20
3.14618e+06,3,RTS,20
3.14618e+06,9,RTS,20
3.14628e+06,6,RTS,20
3.14635e+06,20,CTS,14
3.14641e+06,6,QOSDATA_TID6,1066
3.14659e+06,20,ACK,14
3.14663e+06,6,CTL,20
3.14672e+06,4,RTS,20
3.14679e+06,20,CTS,14
3.14685e+06,4,QOSDATA_TID6,1066
3.14703e+06,20,ACK,14
3.14708e+06,4,CTL,20
3.14716e+06,17,RTS,20
3.14723e+06,20,CTS,14
3.14729e+06,17,QOSDATA_TID6,1066
3.14747e+06,20,ACK,14
3.14752e+06,17,QOSDATA_TID6,1066
3.1477e+06,20,ACK,14
3.14775e+06,17,CTL,20
3.14783e+06,19,RTS,20
3.14783e+06,6,RTS,20
3.14794e+06,13,RTS,20
3.14801e+06,20,CTS,14
3.14807e+06,13,QOSDATA_TID6,1066
3.14825e+06,20,ACK,14
3.1483e+06,13,QOSDATA_TID6,1066
3.14848e+06,20,ACK,14
3.14852e+06,13,QOSDATA_TID6,1066
3.14871e+06,20,ACK,14
3.14875e+06,13,CTL,20
3.14884e+06,19,RTS,20
3.14884e+06,10,RTS,20
3.1489e+06,20,CTS,14
3.14896e+06,19,QOSDATA_TID6,1066
3.14915e+06,20,ACK,14
3.14919e+06,19,QOSDATA_TID6,1066
3.14938e+06,20,ACK,14
3.14942e+06,19,CTL,20
3.14951e+06,4,RTS,20
3.14958e+06,20,CTS,14
3.14964e+06,4,QOSDATA_TID6,1066
3.14982e+06,20,ACK,14
3.14986e+06,4,CTL,20
3.14995e+06,11,RTS,20
3.14995e+06,1,RTS,20
3.14995e+06,12,RTS,20
3.14995e+06,15,RTS,20
3.14995e+06,6,RTS,20
3.14995e+06,10,RTS,20
3.15006e+06,2,RTS,20
3.15006e+06,5,RTS,20
3.15006e+06,3,RTS,20
3.15013e+06,20,CTS,14
3.15019e+06,5,QOSDATA_TID6,1066
3.15038e+06,20,ACK,14
3.15042e+06,5,CTL,20
3.15052e+06,14,RTS,20
3.15058e+06,20,CTS,14
3.15064e+06,14,QOSDATA_TID6,1066
3.15083e+06,20,ACK,14
3.15087e+06,14,CTL,20
3.15096e+06,0,RTS,20
3.15096e+06,8,RTS,20
3.15096e+06,10,RTS,20
3.15106e+06,15,RTS,20
3.15112e+06,20,CTS,14
3.15118e+06,15,QOSDATA_TID6,1066
3.15137e+06,20,ACK,14
3.15141e+06,15,CTL,20
3.1515e+06,0,CTS,14
3.1515e+06,18,RTS,20
3.1515e+06,9,RTS,20
3.15163e+06,0,RTS,20
3.1517e+06,20,CTS,14
3.15176e+06,0,QOSDATA_TID6,1066
3.15194e+06,20,ACK,14
3.15198e+06,0,CTL,20
3.15207e+06,12,RTS,20
3.15207e+06,7,RTS,20
3.15214e+06,20,CTS,14
3.1522e+06,12,QOSDATA_TID6,1066
3.15238e+06,20,ACK,14
3.15243e+06,12,CTL,20
3.15251e+06,3,RTS,20
3.15258e+06,20,CTS,14
3.15264e+06,3,QOSDATA_TID6,1066
3.15283e+06,20,ACK,14
3.15287e+06,3,QOSDATA_TID6,1066
3.15305e+06,20,ACK,14
3.1531e+06,3,CTL,20
3.15318e+06,2,RTS,20
3.15318e+06,10,RTS,20
3.15325e+06,20,CTS,14
3.15331e+06,2,QOSDATA_TID6,1066
3.1535e+06,20,ACK,14
3.15354e+06,2,CTL,20
3.15363e+06,14,RTS,20
3.15363e+06,13,RTS,20
3.15372e+06,1,RTS,20
3.15372e+06,9,RTS,20
3.15379e+06,20,CTS,14
3.15385e+06,1,QOSDATA_TID6,1066
3.15404e+06,20,ACK,14
3.15408e+06,1,CTL,20
3.15418e+06,11,RTS,20
3.15418e+06,16,RTS,20
3.15418e+06,0,RTS,20
3.15418e+06,13,RTS,20
3.15418e+06,6,RTS,20
3.15428e+06,18,RTS,20
3.15428e+06,10,RTS,20
3.15438e+06,8,RTS,20
3.15438e+06,12,RTS,20
3.15438e+06,14,RTS,20
3.15438e+06,7,RTS,20
3.15438e+06,13,RTS,20
3.15448e+06,10,RTS,20
3.15448e+06,0,RTS,20
3.15455e+06,20,CTS,14
3.15461e+06,0,QOSDATA_TID6,1066
3.15479e+06,20,ACK,14
3.15484e+06,0,CTL,20
3.15492e+06,14,RTS,20
3.15492e+06,3,RTS,20
3.15502e+06,12,RTS,20
3.15509e+06,20,CTS,14
3.15515e+06,12,QOSDATA_TID6,1066
3.15533e+06,20,ACK,14
3.15538e+06,12,CTL,20
3.15547e+06,17,RTS,20
3.15547e+06,1,RTS,20
3.15557e+06,7,RTS,20
3.15557e+06,18,RTS,20
3.15557e+06,10,RTS,20
3.15568e+06,9,RTS,20
3.15575e+06,20,CTS,14
3.15581e+06,9,QOSDATA_TID6,1066
3.15599e+06,20,ACK,14
3.15603e+06,9,QOSDATA_TID6,1066
3.15622e+06,20,ACK,14
3.15626e+06,9,CTL,20
3.15635e+06,19,RTS,20
3.15642e+06,20,CTS,14
3.15648e+06,19,QOSDATA_TID6,1066
3.15666e+06,20,ACK,14
3.1567e+06,19,CTL,20
3.15679e+06,2,RTS,20
3.15679e+06,3,RTS,20
3.15679e+06,14,RTS,20
3.15689e+06,17,RTS,20
3.15689e+06,4,RTS,20
3.15696e+06,20,CTS,14
3.15702e+06,17,QOSDATA_TID6,1066
3.1572e+06,20,ACK,14
3.15724e+06,17,CTL,20
3.15733e+06,4,RTS,20
3.1574e+06,20,CTS,14
3.15746e+06,4,QOSDATA_TID6,1066
3.15764e+06,20,ACK,14
3.15769e+06,4,CTL,20
3.15777e+06,11,RTS,20
3.15777e+06,5,RTS,20
3.15784e+06,20,CTS,14
3.1579e+06,5,QOSDATA_TID6,1066
3.15808e+06,20,ACK,14
3.15813e+06,5,CTL,20
3.15821e+06,13,RTS,20
3.15828e+06,20,CTS,14
3.15834e+06,13,QOSDATA_TID6,1066
3.15853e+06,20,ACK,14
3.15857e+06,13,CTL,20
3.15866e+06,7,RTS,20
3.15866e+06,15,RTS,20
3.15866e+06,8,RTS,20
3.15866e+06,16,RTS,20
3.15866e+06,1,RTS,20
3.15866e+06,18,RTS,20
3.15876e+06,2,RTS,20
3.15876e+06,3,RTS,20
3.15883e+06,20,CTS,14
3.15889e+06,2,QOSDATA_TID6,1066
3.15908e+06,20,ACK,14
3.15912e+06,2,CTL,20
3.1592e+06,18,RTS,20
3.15927e+06,20,CTS,14
3.15933e+06,18,QOSDATA_TID6,1066
3.15952e+06,20,ACK,14
3.15956e+06,18,QOSDATA_TID6,1066
3.15974e+06,20,ACK,14
3.15979e+06,18,CTL,20
3.15988e+06,10,RTS,20
3.15994e+06,20,CTS,14
3.16e+06,10,QOSDATA_TID6,1066
3.16019e+06,20,ACK,14
3.16023e+06,10,CTL,20
3.16032e+06,6,RTS,20
3.16032e+06,16,RTS,20
3.16045e+06,6,RTS,20
3.16045e+06,3,RTS,20
3.16052e+06,20,CTS,14
3.16058e+06,6,QOSDATA_TID6,1066
3.16076e+06,20,ACK,14
3.1608e+06,6,QOSDATA_TID6,1066
3.16099e+06,20,ACK,14
3.16103e+06,6,CTL,20
3.16113e+06,0,RTS,20
3.1612e+06,20,CTS,14
3.16126e+06,0,QOSDATA_TID6,1066
3.16144e+06,20,ACK,14
3.16148e+06,0,CTL,20
3.16157e+06,14,RTS,20
3.16157e+06,15,RTS,20
3.16157e+06,11,RTS,20
3.16157e+06,16,RTS,20
3.16167e+06,1,RTS,20
3.16174e+06,20,CTS,14
3.1618e+06,1,QOSDATA_TID6,1066
3.16198e+06,20,ACK,14
3.16202e+06,1,CTL,20
3.16211e+06,8,RTS,20
3.16211e+06,16,RTS,20
3.16218e+06,20,CTS,14
3.16224e+06,8,QOSDATA_TID6,1066
3.16242e+06,20,ACK,14
3.16247e+06,8,QOSDATA_TID6,1066
3.16265e+06,20,ACK,14
3.16269e+06,8,QOSDATA_TID6,1066
3.16288e+06,20,ACK,14
3.16292e+06,8,CTL,20
3.16301e+06,7,RTS,20
3.16301e+06,15,RTS,20
3.16311e+06,9,RTS,20
3.16317e+06,20,CTS,14
3.16323e+06,9,QOSDATA_TID6,1066
3.16342e+06,20,ACK,14
3.16346e+06,9,CTL,20
3.16355e+06,13,RTS,20
3.16362e+06,20,CTS,14
3.16368e+06,13,QOSDATA_TID6,1066
3.16386e+06,20,ACK,14
3.1639e+06,13,CTL,20
3.16399e+06,14,RTS,20
3.16399e+06,11,RTS,20
3.16409e+06,3,RTS,20
3.16416e+06,20,CTS,14
3.16422e+06,3,QOSDATA_TID6,1066
3.1644e+06,20,ACK,14
3.16444e+06,3,QOSDATA_TID6,1066
3.16463e+06,20,ACK,14
3.16467e+06,3,CTL,20
3.16476e+06,2,RTS,20
3.16483e+06,20,CTS,14
3.16489e+06,2,QOSDATA_TID6,1066
3.16507e+06,20,ACK,14
3.16511e+06,2,CTL,20
3.1652e+06,17,RTS,20
3.1652e+06,6,RTS,20
3.1652e+06,12,RTS,20
3.1653e+06,15,RTS,20
3.16537e+06,20,CTS,14
3.16543e+06,15,QOSDATA_TID6,1066
3.16561e+06,20,ACK,14
3.16565e+06,15,QOSDATA_TID6,1066
3.16584e+06,20,ACK,14
3.16588e+06,15,CTL,20
3.16597e+06,4,RTS,20
3.16597e+06,10,RTS,20
3.16607e+06,19,RTS,20
3.16613e+06,20,CTS,14
3.16619e+06,19,QOSDATA_TID6,1066
3.16638e+06,20,ACK,14
3.16642e+06,19,CTL,20
3.16651e+06,5,RTS,20
3.16651e+06,14,RTS,20
3.16658e+06,20,CTS,14
3.16664e+06,5,QOSDATA_TID6,1066
3.16682e+06,20,ACK,14
3.16686e+06,5,CTL,20
3.16695e+06,18,RTS,20
3.16702e+06,20,CTS,14
3.16708e+06,18,QOSDATA_TID6,1066
3.16726e+06,20,ACK,14
3.16731e+06,18,CTL,20
3.16739e+06,10,RTS,20
3.16739e+06,8,RTS,20
3.16739e+06,1,RTS,20
3.16739e+06,7,RTS,20
3.1675e+06,16,RTS,20
3.1675e+06,14,RTS,20
3.16762e+06,10,RTS,20
3.16768e+06,20,CTS,14
3.16774e+06,10,QOSDATA_TID6,1066
3.16793e+06,20,ACK,14
3.16797e+06,10,CTL,20
3.16807e+06,1,RTS,20
3.16813e+06,20,CTS,14
3.16819e+06,1,QOSDATA_TID6,1066
3.16838e+06,20,ACK,14
3.16842e+06,1,CTL,20
3.16851e+06,4,RTS,20
3.16851e+06,6,RTS,20
3.16851e+06,14,RTS,20
3.16861e+06,7,RTS,20
3.16868e+06,20,CTS,14
3.16874e+06,7,QOSDATA_TID6,1066
3.16892e+06,20,ACK,14
3.16896e+06,7,QOSDATA_TID6,1066
3.16915e+06,20,ACK,14
3.16919e+06,7,CTL,20
3.16928e+06,12,RTS,20
3.16928e+06,6,RTS,20
3.16934e+06,20,CTS,14
3.1694e+06,12,QOSDATA_TID6,1066
3.16959e+06,20,ACK,14
3.16963e+06,12,CTL,20
3.16972e+06,13,RTS,20
3.16972e+06,9,RTS,20
3.16982e+06,11,RTS,20
3.16982e+06,16,RTS,20
3.16992e+06,17,RTS,20
3.16998e+06,20,CTS,14
3.17004e+06,17,QOSDATA_TID6,1066
3.17023e+06,20,ACK,14
3.17027e+06,17,CTL,20
3.17036e+06,14,RTS,20
3.17042e+06,20,CTS,14
3.17048e+06,14,QOSDATA_TID6,1066
3.17067e+06,20,ACK,14
3.17071e+06,14,QOSDATA_TID6,1066
3.1709e+06,20,ACK,14
3.17094e+06,14,CTL,20
3.17103e+06,0,RTS,20
3.17103e+06,7,RTS,20
3.17103e+06,8,RTS,20
3.17103e+06,3,RTS,20
3.17103e+06,16,RTS,20
3.17103e+06,9,RTS,20
3.17113e+06,12,RTS,20
3.1712e+06,20,CTS,14
3.17126e+06,12,QOSDATA_TID6,1066
3.17145e+06,20,ACK,14
3.17149e+06,12,CTL,20
3.17158e+06,17,RTS,20
3.17158e+06,16,RTS,20
3.17158e+06,19,RTS,20
3.17158e+06,0,RTS,20
3.17168e+06,1,RTS,20
3.17175e+06,20,CTS,14
3.17181e+06,1,QOSDATA_TID6,1066
3.172e+06,20,ACK,14
3.17204e+06,1,CTL,20
3.17213e+06,16,RTS,20
3.1722e+06,20,CTS,14
3.17226e+06,16,QOSDATA_TID6,1066
3.17245e+06,20,ACK,14
3.17249e+06,16,QOSDATA_TID6,1066
3.17267e+06,20,ACK,14
3.17272e+06,16,CTL,20
3.1728e+06,11,RTS,20
3.1728e+06,13,RTS,20
3.1729e+06,2,RTS,20
3.17297e+06,20,CTS,14
3.17303e+06,2,QOSDATA_TID6,1066
3.17321e+06,20,ACK,14
3.17326e+06,2,CTL,20
3.17334e+06,10,RTS,20
3.17334e+06,6,RTS,20
3.17334e+06,13,RTS,20
3.17345e+06,5,RTS,20
3.17345e+06,19,RTS,20
3.17352e+06,20,CTS,14
3.17358e+06,5,QOSDATA_TID6,1066
3.17376e+06,20,ACK,14
3.17381e+06,5,CTL,20
3.17389e+06,8,RTS,20
3.17396e+06,20,CTS,14
3.17402e+06,8,QOSDATA_TID6,1066
3.1742e+06,20,ACK,14
3.17425e+06,8,CTL,20
3.17434e+06,7,RTS,20
3.17434e+06,9,RTS,20
3.17434e+06,0,CTS,14
3.17434e+06,15,RTS,20
3.17447e+06,9,RTS,20
3.17453e+06,20,CTS,14
3.17459e+06,9,QOSDATA_TID6,1066
3.17478e+06,20,ACK,14
3.17482e+06,9,CTL,20
3.17492e+06,10,RTS,20
3.17492e+06,19,RTS,20
3.17492e+06,8,RTS,20
3.17492e+06,17,RTS,20
3.17492e+06,4,RTS,20
3.17502e+06,3,RTS,20
3.17508e+06,20,CTS,14
3.17514e+06,3,QOSDATA_TID6,1066
3.17533e+06,20,ACK,14
3.17537e+06,3,CTL,20
3.17546e+06,17,RTS,20
3.17546e+06,6,RTS,20
3.17552e+06,20,CTS,14
3.17558e+06,17,QOSDATA_TID6,1066
3.17577e+06,20,ACK,14
3.17581e+06,17,CTL,20
3.1759e+06,13,RTS,20
3.17597e+06,20,CTS,14
3.17603e+06,13,QOSDATA_TID6,1066
3.17621e+06,20,ACK,14
3.17626e+06,13,CTL,20
3.17634e+06,14,RTS,20
3.17641e+06,20,CTS,14
3.17647e+06,14,QOSDATA_TID6,1066
3.17665e+06,20,ACK,14
3.1767e+06,14,CTL,20
3.17678e+06,15,RTS,20
3.17678e+06,11,RTS,20
3.17678e+06,16,RTS,20
3.17688e+06,18,RTS,20
3.17695e+06,20,CTS,14
3.17701e+06,18,QOSDATA_TID6,1066
3.17719e+06,20,ACK,14
3.17724e+06,18,CTL,20
3.17732e+06,10,RTS,20
3.17732e+06,0,RTS,20
3.17739e+06,20,CTS,14
3.17745e+06,0,QOSDATA_TID6,1066
3.17764e+06,20,ACK,14
3.17768e+06,0,QOSDATA_TID6,1066
3.17786e+06,20,ACK,14
3.17791e+06,0,CTL,20
3.178e+06,6,RTS,20
3.178e+06,10,RTS,20
3.178e+06,15,RTS,20
3.178e+06,19,RTS,20
3.178e+06,13,RTS,20
3.1781e+06,9,RTS,20
3.17817e+06,20,CTS,14
3.17823e+06,9,QOSDATA_TID6,1066
3.17841e+06,20,ACK,14
3.17846e+06,9,CTL,20
3.17855e+06,12,RTS,20
3.17855e+06,7,RTS,20
3.17855e+06,4,RTS,20
3.17855e+06,13,RTS,20
3.17865e+06,3,RTS,20
3.17872e+06,20,CTS,14
3.17878e+06,3,QOSDATA_TID6,1066
3.17896e+06,20,ACK,14
3.17901e+06,3,CTL,20
3.17909e+06,19,RTS,20
3.17916e+06,20,CTS,14
3.17922e+06,19,QOSDATA_TID6,1066
3.1794e+06,20,ACK,14
3.17945e+06,19,QOSDATA_TID6,1066
3.17963e+06,20,ACK,14
3.17968e+06,19,CTL,20
3.17976e+06,17,RTS,20
3.17983e+06,20,CTS,14
3.17989e+06,17,QOSDATA_TID6,1066
3.18007e+06,20,ACK,14
3.18012e+06,17,CTL,20
3.18021e+06,8,RTS,20
3.18021e+06,1,RTS,20
3.18021e+06,12,RTS,20
3.18031e+06,5,RTS,20
3.18031e+06,11,RTS,20
3.18031e+06,10,RTS,20
3.18038e+06,20,CTS,14
3.18044e+06,5,QOSDATA_TID6,1066
3.18062e+06,20,ACK,14
3.18067e+06,5,CTL,20
3.18075e+06,8,RTS,20
3.18082e+06,20,CTS,14
3.18088e+06,8,QOSDATA_TID6,1066
3.18106e+06,20,ACK,14
3.18111e+06,8,CTL,20
3.1812e+06,1,RTS,20
3.1812e+06,12,RTS,20
3.18126e+06,20,CTS,14
3.18132e+06,12,QOSDATA_TID6,1066
3.18151e+06,20,ACK,14
3.18155e+06,12,CTL,20
3.18165e+06,16,RTS,20
3.18165e+06,2,RTS,20
3.18165e+06,6,RTS,20
3.18174e+06,13,RTS,20
3.18181e+06,20,CTS,14
3.18187e+06,13,QOSDATA_TID6,1066
3.18206e+06,20,ACK,14
3.1821e+06,13,CTL,20
3.1822e+06,15,RTS,20
3.1822e+06,4,RTS,20
3.1822e+06,6,RTS,20
3.1822e+06,10,RTS,20
3.18234e+06,7,RTS,20
3.18241e+06,20,CTS,14
3.18247e+06,7,QOSDATA_TID6,1066
3.18265e+06,20,ACK,14
3.18269e+06,7,QOSDATA_TID6,1066
3.18288e+06,20,ACK,14
3.18292e+06,7,CTL,20
3.18302e+06,6,RTS,20
3.18308e+06,20,CTS,14
3.18314e+06,6,QOSDATA_TID6,1066
3.18333e+06,20,ACK,14
3.18337e+06,6,QOSDATA_TID6,1066
3.18356e+06,20,ACK,14
3.1836e+06,6,CTL,20
3.18369e+06,18,RTS,20
3.18369e+06,15,RTS,20
3.18369e+06,10,RTS,20
3.18369e+06,1,RTS,20
3.18369e+06,4,RTS,20
3.18379e+06,2,RTS,20
3.18386e+06,20,CTS,14
3.18392e+06,2,QOSDATA_TID6,1066
3.18411e+06,20,ACK,14
3.18415e+06,2,CTL,20
3.18424e+06,18,RTS,20
3.18424e+06,1,RTS,20
3.1843e+06,20,CTS,14
3.18436e+06,1,QOSDATA_TID6,1066
3.18455e+06,20,ACK,14
3.18459e+06,1,CTL,20
3.18468e+06,15,RTS,20
3.18475e+06,20,CTS,14
3.18481e+06,15,QOSDATA_TID6,1066
3.18499e+06,20,ACK,14
3.18504e+06,15,QOSDATA_TID6,1066
3.18522e+06,20,ACK,14
3.18526e+06,15,CTL,20
3.18535e+06,14,RTS,20
3.18535e+06,8,RTS,20
3.18535e+06,11,RTS,20
3.18535e+06,10,RTS,20
3.18542e+06,20,CTS,14
3.18548e+06,8,QOSDATA_TID6,1066
3.18566e+06,20,ACK,14
3.1857e+06,8,CTL,20
3.1858e+06,11,RTS,20
3.1858e+06,4,RTS,20
3.1858e+06,9,RTS,20
3.1858e+06,0,RTS,20
3.1859e+06,7,RTS,20
3.18597e+06,20,CTS,14
3.18603e+06,7,QOSDATA_TID6,1066
3.18621e+06,20,ACK,14
3.18625e+06,7,CTL,20
3.18634e+06,10,RTS,20
3.18641e+06,20,CTS,14
3.18647e+06,10,QOSDATA_TID6,1066
3.18665e+06,20,ACK,14
3.1867e+06,10,CTL,20
3.18678e+06,3,RTS,20
3.18678e+06,16,RTS,20
3.18678e+06,13,RTS,20
3.18678e+06,4,RTS,20
3.18689e+06,0,RTS,20
3.18696e+06,20,CTS,14
3.18702e+06,0,QOSDATA_TID6,1066
3.1872e+06,20,ACK,14
3.18724e+06,0,CTL,20
3.18733e+06,6,RTS,20
3.18733e+06,14,RTS,20
3.18733e+06,17,RTS,20
3.18733e+06,16,RTS,20
3.18745e+06,13,RTS,20
3.18745e+06,3,RTS,20
3.18745e+06,9,RTS,20
3.18754e+06,17,RTS,20
3.18761e+06,20,CTS,14
3.18767e+06,17,QOSDATA_TID6,1066
3.18786e+06,20,ACK,14
3.1879e+06,17,CTL,20
3.18799e+06,12,RTS,20
3.18799e+06,11,RTS,20
3.18799e+06,4,RTS,20
3.18806e+06,20,CTS,14
3.18812e+06,12,QOSDATA_TID6,1066
3.1883e+06,20,ACK,14
3.18834e+06,12,CTL,20
3.18844e+06,1,RTS,20
3.18844e+06,3,RTS,20
3.18844e+06,14,RTS,20
3.18855e+06,18,RTS,20
3.18862e+06,20,CTS,14
3.18868e+06,18,QOSDATA_TID6,1066
3.18887e+06,20,ACK,14
3.18891e+06,18,CTL,20
3.189e+06,14,RTS,20
3.189e+06,13,RTS,20
3.18911e+06,5,RTS,20
3.18911e+06,19,RTS,20
3.18911e+06,2,RTS,20
3.18918e+06,20,CTS,14
3.18924e+06,5,QOSDATA_TID6,1066
3.18942e+06,20,ACK,14
3.18947e+06,5,CTL,20
3.18955e+06,2,RTS,20
3.18955e+06,14,RTS,20
3.18962e+06,20,CTS,14
3.18968e+06,2,QOSDATA_TID6,1066
3.18987e+06,20,ACK,14
3.18991e+06,2,CTL,20
3.19e+06,14,RTS,20
3.19006e+06,20,CTS,14
3.19012e+06,14,QOSDATA_TID6,1066
3.19031e+06,20,ACK,14
3.19035e+06,14,CTL,20
3.19043e+06,20,BEACON,152
3.19069e+06,8,RTS,20
3.19076e+06,20,CTS,14
3.19082e+06,8,QOSDATA_TID6,1066
3.191e+06,20,ACK,14
3.19105e+06,8,CTL,20
3.19113e+06,16,RTS,20
3.19113e+06,14,RTS,20
3.19123e+06,3,RTS,20
3.1913e+06,20,CTS,14
3.19136e+06,3,QOSDATA_TID6,1066
3.19154e+06,20,ACK,14
3.19159e+06,3,CTL,20
3.19167e+06,10,RTS,20
3.19174e+06,20,CTS,14
3.1918e+06,10,QOSDATA_TID6,1066
3.19198e+06,20,ACK,14
3.19203e+06,10,CTL,20
3.19212e+06,18,RTS,20
3.19212e+06,9,RTS,20
3.19212e+06,15,RTS,20
3.19212e+06,13,RTS,20
3.19222e+06,11,RTS,20
3.19222e+06,6,RTS,20
3.19222e+06,19,RTS,20
3.19232e+06,13,RTS,20
3.19239e+06,20,CTS,14
3.19245e+06,13,QOSDATA_TID6,1066
3.19263e+06,20,ACK,14
3.19268e+06,13,CTL,20
3.19278e+06,15,RTS,20
3.19278e+06,4,RTS,20
3.19278e+06,9,RTS,20
3.19292e+06,19,RTS,20
3.19292e+06,1,RTS,20
3.19302e+06,9,RTS,20
3.19309e+06,20,CTS,14
3.19315e+06,9,QOSDATA_TID6,1066
3.19333e+06,20,ACK,14
3.19338e+06,9,CTL,20
3.19346e+06,7,RTS,20
3.19353e+06,20,CTS,14
3.19359e+06,7,QOSDATA_TID6,1066
3.19378e+06,20,ACK,14
3.19382e+06,7,CTL,20
3.19391e+06,1,RTS,20
3.19391e+06,0,RTS,20
3.19391e+06,14,RTS,20
3.194e+06,9,RTS,20
3.19407e+06,20,CTS,14
3.19413e+06,9,QOSDATA_TID6,1066
3.19432e+06,20,ACK,14
3.19436e+06,9,CTL,20
3.19445e+06,0,RTS,20
3.19445e+06,12,RTS,20
3.19445e+06,13,RTS,20
3.19451e+06,20,CTS,14
3.19457e+06,12,QOSDATA_TID6,1066
3.19476e+06,20,ACK,14
3.1948e+06,12,CTL,20
3.19491e+06,11,RTS,20
3.19491e+06,16,RTS,20
3.19491e+06,6,RTS,20
3.195e+06,4,RTS,20
3.19507e+06,20,CTS,14
3.19513e+06,4,QOSDATA_TID6,1066
3.19532e+06,20,ACK,14
3.19536e+06,4,QOSDATA_TID6,1066
3.19554e+06,20,ACK,14
3.19559e+06,4,QOSDATA_TID6,1066
3.19577e+06,20,ACK,14
3.19582e+06,4,CTL,20
3.1959e+06,1,RTS,20
3.1959e+06,17,RTS,20
3.1959e+06,19,RTS,20
3.196e+06,16,RTS,20
3.19607e+06,20,CTS,14
3.19613e+06,16,QOSDATA_TID6,1066
3.19631e+06,20,ACK,14
3.19636e+06,16,QOSDATA_TID6,1066
3.19654e+06,20,ACK,14
3.19658e+06,16,QOSDATA_TID6,1066
3.19677e+06,20,ACK,14
3.19681e+06,16,CTL,20
3.1969e+06,11,RTS,20
3.1969e+06,19,RTS,20
3.197e+06,13,RTS,20
3.197e+06,14,RTS,20
3.19711e+06,5,RTS,20
3.19711e+06,1,RTS,20
3.19711e+06,3,RTS,20
3.19718e+06,20,CTS,14
3.19724e+06,5,QOSDATA_TID6,1066
3.19742e+06,20,ACK,14
3.19747e+06,5,CTL,20
3.19755e+06,1,RTS,20
3.19762e+06,20,CTS,14
3.19768e+06,1,QOSDATA_TID6,1066
3.19787e+06,20,ACK,14
3.19791e+06,1,QOSDATA_TID6,1066
3.19809e+06,20,ACK,14
3.19814e+06,1,CTL,20
3.19822e+06,11,RTS,20
3.19822e+06,4,RTS,20
3.19822e+06,10,RTS,20
3.19832e+06,15,RTS,20
3.19839e+06,20,CTS,14
3.19845e+06,15,QOSDATA_TID6,1066
3.19863e+06,20,ACK,14
3.19868e+06,15,QOSDATA_TID6,1066
3.19886e+06,20,ACK,14
3.19891e+06,15,CTL,20
3.19899e+06,14,RTS,20
3.19899e+06,8,RTS,20
3.19906e+06,20,CTS,14
3.19912e+06,8,QOSDATA_TID6,1066
3.1993e+06,20,ACK,14
3.19935e+06,8,CTL,20
3.19944e+06,18,RTS,20
3.19944e+06,13,RTS,20
3.19954e+06,17,RTS,20
3.19961e+06,20,CTS,14
3.19967e+06,17,QOSDATA_TID6,1066
3.19985e+06,20,ACK,14
3.1999e+06,17,CTL,20
3.19998e+06,19,RTS,20
3.20005e+06,20,CTS,14
3.20011e+06,19,QOSDATA_TID6,1066
3.2003e+06,20,ACK,14
3.20034e+06,19,QOSDATA_TID6,1066
3.20052e+06,20,ACK,14
3.20057e+06,19,CTL,20
3.20066e+06,2,RTS,20
3.20066e+06,14,RTS,20
3.20073e+06,20,CTS,14
3.20079e+06,2,QOSDATA_TID6,1066
3.20098e+06,20,ACK,14
3.20102e+06,2,CTL,20
3.2011e+06,14,RTS,20
3.20117e+06,20,CTS,14
3.20123e+06,14,QOSDATA_TID6,1066
3.20142e+06,20,ACK,14
3.20146e+06,14,QOSDATA_TID6,1066
3.20164e+06,20,ACK,14
3.20169e+06,14,CTL,20
3.20178e+06,16,RTS,20
3.20178e+06,4,RTS,20
3.20187e+06,6,RTS,20
3.20194e+06,20,CTS,14
3.202e+06,6,QOSDATA_TID6,1066
3.20218e+06,20,ACK,14
3.20223e+06,6,QOSDATA_TID6,1066
3.20241e+06,20,ACK,14
3.20246e+06,6,CTL,20
3.20254e+06,9,RTS,20
3.20261e+06,20,CTS,14
3.20267e+06,9,QOSDATA_TID6,1066
3.20286e+06,20,ACK,14
3.2029e+06,9,CTL,20
3.20298e+06,3,RTS,20
3.20298e+06,10,RTS,20
3.20298e+06,0,CTS,14
3.20298e+06,7,RTS,20
3.20312e+06,0,RTS,20
3.20319e+06,20,CTS,14
3.20325e+06,0,QOSDATA_TID6,1066
3.20344e+06,20,ACK,14
3.20348e+06,0,QOSDATA_TID6,1066
3.20366e+06,20,ACK,14
3.20371e+06,0,CTL,20
3.2038e+06,10,RTS,20
3.2038e+06,17,RTS,20
3.2038e+06,19,RTS,20
3.20386e+06,20,CTS,14
3.20392e+06,17,QOSDATA_TID6,1066
3.20411e+06,20,ACK,14
3.20415e+06,17,CTL,20
3.20424e+06,6,RTS,20
3.2043e+06,20,CTS,14
3.20436e+06,6,QOSDATA_TID6,1066
3.20455e+06,20,ACK,14
3.20459e+06,6,CTL,20
3.20468e+06,18,RTS,20
3.20468e+06,1,RTS,20
3.20468e+06,13,RTS,20
3.20468e+06,4,RTS,20
3.20479e+06,3,RTS,20
3.20485e+06,20,CTS,14
3.20491e+06,3,QOSDATA_TID6,1066
3.2051e+06,20,ACK,14
3.20514e+06,3,QOSDATA_TID6,1066
3.20533e+06,20,ACK,14
3.20537e+06,3,CTL,20
3.20546e+06,11,RTS,20
3.20552e+06,20,CTS,14
3.20558e+06,11,QOSDATA_TID6,1066
3.20577e+06,20,ACK,14
3.20581e+06,11,QOSDATA_TID6,1066
3.206e+06,20,ACK,14
3.20604e+06,11,QOSDATA_TID6,1066
3.20622e+06,20,ACK,14
3.20627e+06,11,QOSDATA_TID6,1066
3.20645e+06,20,ACK,14
3.2065e+06,11,QOSDATA_TID6,1066
3.20668e+06,20,ACK,14
3.20672e+06,11,QOSDATA_TID6,1066
3.20691e+06,20,ACK,14
3.20695e+06,11,QOSDATA_TID6,1066
3.20714e+06,20,ACK,14
3.20718e+06,11,QOSDATA_TID6,1066
3.20736e+06,20,ACK,14
3.20741e+06,11,CTL,20
3.2075e+06,4,RTS,20
3.2075e+06,12,RTS,20
3.2075e+06,7,RTS,20
3.20756e+06,20,CTS,14
3.20762e+06,12,QOSDATA_TID6,1066
3.20781e+06,20,ACK,14
3.20785e+06,12,CTL,20
3.20794e+06,4,RTS,20
3.208e+06,20,CTS,14
3.20806e+06,4,QOSDATA_TID6,1066
3.20825e+06,20,ACK,14
3.20829e+06,4,QOSDATA_TID6,1066
3.20848e+06,20,ACK,14
3.20852e+06,4,CTL,20
3.20861e+06,8,RTS,20
3.20861e+06,2,RTS,20
3.20861e+06,14,RTS,20
3.20872e+06,13,RTS,20
3.20879e+06,20,CTS,14
3.20885e+06,13,QOSDATA_TID6,1066
3.20904e+06,20,ACK,14
3.20908e+06,13,QOSDATA_TID6,1066
3.20926e+06,20,ACK,14
3.20931e+06,13,CTL,20
3.2094e+06,15,RTS,20
3.2094e+06,5,RTS,20
3.2094e+06,16,RTS,20
3.2094e+06,0,RTS,20
3.2094e+06,19,RTS,20
3.20947e+06,20,CTS,14
3.20953e+06,5,QOSDATA_TID6,1066
3.20971e+06,20,ACK,14
3.20976e+06,5,CTL,20
3.20984e+06,19,RTS,20
3.20984e+06,2,RTS,20
3.20994e+06,13,RTS,20
3.21001e+06,20,CTS,14
3.21007e+06,13,QOSDATA_TID6,1066
3.21025e+06,20,ACK,14
3.2103e+06,13,CTL,20
3.21038e+06,12,RTS,20
3.21038e+06,2,RTS,20
3.21045e+06,20,CTS,14
3.21051e+06,12,QOSDATA_TID6,1066
3.2107e+06,20,ACK,14
3.21074e+06,12,CTL,20
3.21083e+06,14,RTS,20
3.21089e+06,20,CTS,14
3.21095e+06,14,QOSDATA_TID6,1066
3.21114e+06,20,ACK,14
3.21118e+06,14,CTL,20
3.21127e+06,2,RTS,20
3.21127e+06,10,RTS,20
3.21127e+06,3,RTS,20
3.21127e+06,16,RTS,20
3.21137e+06,17,RTS,20
3.21143e+06,20,CTS,14
3.21149e+06,17,QOSDATA_TID6,1066
3.21168e+06,20,ACK,14
3.21172e+06,17,CTL,20
3.21181e+06,6,RTS,20
3.21188e+06,20,CTS,14
3.21194e+06,6,QOSDATA_TID6,1066
3.21212e+06,20,ACK,14
3.21216e+06,6,CTL,20
3.21225e+06,0,RTS,20
3.21225e+06,8,RTS,20
3.21225e+06,3,RTS,20
3.21225e+06,11,RTS,20
3.21235e+06,15,RTS,20
3.21242e+06,20,CTS,14
3.21248e+06,15,QOSDATA_TID6,1066
3.21266e+06,20,ACK,14
3.2127e+06,15,QOSDATA_TID6,1066
3.21289e+06,20,ACK,14
3.21293e+06,15,CTL,20
3.21303e+06,18,RTS,20
3.21303e+06,9,RTS,20
3.2131e+06,20,CTS,14
3.21316e+06,18,QOSDATA_TID6,1066
3.21334e+06,20,ACK,14
3.21338e+06,18,QOSDATA_TID6,1066
3.21357e+06,20,ACK,14
3.21361e+06,18,QOSDATA_TID6,1066
3.2138e+06,20,ACK,14
3.21384e+06,18,CTL,20
3.21392e+06,5,RTS,20
3.21392e+06,7,RTS,20
3.21399e+06,20,CTS,14
3.21405e+06,5,QOSDATA_TID6,1066
3.21424e+06,20,ACK,14
3.21428e+06,5,CTL,20
3.21438e+06,1,RTS,20
3.21438e+06,19,RTS,20
3.21438e+06,3,RTS,20
3.21438e+06,0,CTS,14
3.21438e+06,18,RTS,20
3.21438e+06,4,RTS,20
3.2145e+06,0,RTS,20
3.21457e+06,20,CTS,14
3.21463e+06,0,QOSDATA_TID6,1066
3.21481e+06,20,ACK,14
3.21486e+06,0,CTL,20
3.21494e+06,18,RTS,20
3.21494e+06,7,RTS,20
3.21501e+06,20,CTS,14
3.21507e+06,7,QOSDATA_TID6,1066
3.21525e+06,20,ACK,14
3.2153e+06,7,QOSDATA_TID6,1066
3.21548e+06,20,ACK,14
3.21552e+06,7,CTL,20
3.21562e+06,1,RTS,20
3.21562e+06,19,RTS,20
3.21573e+06,8,RTS,20
3.21573e+06,14,RTS,20
3.2158e+06,20,CTS,14
3.21586e+06,8,QOSDATA_TID6,1066
3.21604e+06,20,ACK,14
3.21608e+06,8,QOSDATA_TID6,1066
3.21627e+06,20,ACK,14
3.21631e+06,8,CTL,20
3.21641e+06,1,RTS,20
3.21641e+06,10,RTS,20
3.21647e+06,20,CTS,14
3.21653e+06,1,QOSDATA_TID6,1066
3.21672e+06,20,ACK,14
3.21676e+06,1,QOSDATA_TID6,1066
3.21695e+06,20,ACK,14
3.21699e+06,1,CTL,20
3.21708e+06,0,RTS,20
3.21715e+06,20,CTS,14
3.21721e+06,0,QOSDATA_TID6,1066
3.2174e+06,20,ACK,14
3.21744e+06,0,CTL,20
3.21753e+06,18,RTS,20
3.2176e+06,20,CTS,14
3.21766e+06,18,QOSDATA_TID6,1066
3.21784e+06,20,ACK,14
3.21788e+06,18,CTL,20
3.21797e+06,7,RTS,20
3.21804e+06,20,CTS,14
3.2181e+06,7,QOSDATA_TID6,1066
3.21828e+06,20,ACK,14
3.21832e+06,7,CTL,20
3.21841e+06,12,RTS,20
3.21841e+06,16,RTS,20
3.21841e+06,4,RTS,20
3.21841e+06,2,RTS,20
3.21841e+06,14,RTS,20
3.21841e+06,3,RTS,20
3.21851e+06,13,RTS,20
3.21858e+06,20,CTS,14
3.21864e+06,13,QOSDATA_TID6,1066
3.21882e+06,20,ACK,14
3.21886e+06,13,CTL,20
3.21895e+06,19,RTS,20
3.21895e+06,10,RTS,20
3.21902e+06,20,CTS,14
3.21908e+06,19,QOSDATA_TID6,1066
3.21926e+06,20,ACK,14
3.21931e+06,19,QOSDATA_TID6,1066
3.21949e+06,20,ACK,14
3.21954e+06,19,QOSDATA_TID6,1066
3.21972e+06,20,ACK,14
3.21976e+06,19,CTL,20
3.21985e+06,10,RTS,20
3.21985e+06,6,RTS,20
3.21992e+06,20,CTS,14
3.21998e+06,6,QOSDATA_TID6,1066
3.22016e+06,20,ACK,14
3.2202e+06,6,CTL,20
3.22029e+06,10,RTS,20
3.22029e+06,5,RTS,20
3.22029e+06,12,RTS,20
3.22039e+06,17,RTS,20
3.22046e+06,20,CTS,14
3.22052e+06,17,QOSDATA_TID6,1066
3.2207e+06,20,ACK,14
3.22074e+06,17,CTL,20
3.22083e+06,1,RTS,20
3.22083e+06,9,RTS,20
3.2209e+06,20,CTS,14
3.22096e+06,1,QOSDATA_TID6,1066
3.22114e+06,20,ACK,14
3.22119e+06,1,CTL,20
3.22128e+06,11,RTS,20
3.22128e+06,15,RTS,20
3.22139e+06,3,RTS,20
3.22146e+06,20,CTS,14
3.22152e+06,3,QOSDATA_TID6,1066
3.2217e+06,20,ACK,14
3.22174e+06,3,QOSDATA_TID6,1066
3.22193e+06,20,ACK,14
3.22197e+06,3,CTL,20
3.22206e+06,2,RTS,20
3.22206e+06,10,RTS,20
3.22213e+06,20,CTS,14
3.22219e+06,2,QOSDATA_TID6,1066
3.22237e+06,20,ACK,14
3.22242e+06,2,QOSDATA_TID6,1066
3.2226e+06,20,ACK,14
3.22264e+06,2,QOSDATA_TID6,1066
3.22283e+06,20,ACK,14
3.22287e+06,2,CTL,20
3.22297e+06,9,RTS,20
3.22297e+06,11,RTS,20
3.22297e+06,15,RTS,20
3.22297e+06,4,RTS,20
3.22307e+06,18,RTS,20
3.22314e+06,20,CTS,14
3.2232e+06,18,QOSDATA_TID6,1066
3.22339e+06,20,ACK,14
3.22343e+06,18,CTL,20
3.22352e+06,8,RTS,20
3.22352e+06,12,RTS,20
3.22352e+06,16,RTS,20
3.22364e+06,15,RTS,20
3.22364e+06,14,RTS,20
3.22375e+06,16,RTS,20
3.22375e+06,11,RTS,20
3.22375e+06,9,RTS,20
3.22386e+06,14,RTS,20
3.22392e+06,20,CTS,14
3.22398e+06,14,QOSDATA_TID6,1066
3.22417e+06,20,ACK,14
3.22421e+06,14,QOSDATA_TID6,1066
3.2244e+06,20,ACK,14
3.22444e+06,14,CTL,20
3.22452e+06,15,RTS,20
3.22452e+06,11,RTS,20
3.22464e+06,9,RTS,20
3.22471e+06,20,CTS,14
3.22477e+06,9,QOSDATA_TID6,1066
3.22495e+06,20,ACK,14
3.225e+06,9,QOSDATA_TID6,1066
3.22518e+06,20,ACK,14
3.22522e+06,9,CTL,20
3.22531e+06,10,RTS,20
3.22538e+06,20,CTS,14
3.22544e+06,10,QOSDATA_TID6,1066
3.22562e+06,20,ACK,14
3.22567e+06,10,QOSDATA_TID6,1066
3.22585e+06,20,ACK,14
3.2259e+06,10,QOSDATA_TID6,1066
3.22608e+06,20,ACK,14
3.22612e+06,10,CTL,20
3.22621e+06,0,RTS,20
3.22621e+06,5,RTS,20
3.22621e+06,7,RTS,20
3.22621e+06,16,RTS,20
3.22628e+06,20,CTS,14
3.22634e+06,5,QOSDATA_TID6,1066
3.22652e+06,20,ACK,14
3.22656e+06,5,CTL,20
3.22665e+06,3,RTS,20
3.22672e+06,20,CTS,14
3.22678e+06,3,QOSDATA_TID6,1066
3.22696e+06,20,ACK,14
3.22701e+06,3,CTL,20
3.22709e+06,19,RTS,20
3.22709e+06,8,RTS,20
3.22709e+06,6,RTS,20
3.22709e+06,4,RTS,20
3.22709e+06,15,RTS,20
3.22719e+06,1,RTS,20
3.22726e+06,20,CTS,14
3.22732e+06,1,QOSDATA_TID6,1066
3.2275e+06,20,ACK,14
3.22755e+06,1,CTL,20
3.22763e+06,12,RTS,20
3.22763e+06,9,RTS,20
3.2277e+06,20,CTS,14
3.22776e+06,12,QOSDATA_TID6,1066
3.22794e+06,20,ACK,14
3.22799e+06,12,QOSDATA_TID6,1066
3.22817e+06,20,ACK,14
3.22822e+06,12,CTL,20
3.2283e+06,6,RTS,20
3.2283e+06,9,RTS,20
3.22837e+06,20,CTS,14
3.22843e+06,6,QOSDATA_TID6,1066
3.22862e+06,20,ACK,14
3.22866e+06,6,CTL,20
3.22874e+06,10,RTS,20
3.22881e+06,20,CTS,14
3.22887e+06,10,QOSDATA_TID6,1066
3.22906e+06,20,ACK,14
3.2291e+06,10,CTL,20
3.22919e+06,2,RTS,20
3.22919e+06,5,RTS,20
3.22919e+06,17,RTS,20
3.22919e+06,15,RTS,20
3.22919e+06,11,RTS,20
3.22919e+06,13,RTS,20
3.22928e+06,0,RTS,20
3.22935e+06,20,CTS,14
3.22941e+06,0,QOSDATA_TID6,1066
3.2296e+06,20,ACK,14
3.22964e+06,0,CTL,20
3.22974e+06,8,RTS,20
3.22974e+06,7,RTS,20
3.22983e+06,16,RTS,20
3.2299e+06,20,CTS,14
3.22996e+06,16,QOSDATA_TID6,1066
3.23015e+06,20,ACK,14
3.23019e+06,16,QOSDATA_TID6,1066
3.23038e+06,20,ACK,14
3.23042e+06,16,QOSDATA_TID6,1066
3.2306e+06,20,ACK,14
3.23065e+06,16,CTL,20
3.23075e+06,4,RTS,20
3.23075e+06,17,RTS,20
3.23082e+06,20,CTS,14
3.23088e+06,17,QOSDATA_TID6,1066
3.23106e+06,20,ACK,14
3.23111e+06,17,CTL,20
3.23119e+06,14,RTS,20
3.23126e+06,20,CTS,14
3.23132e+06,14,QOSDATA_TID6,1066
3.2315e+06,20,ACK,14
3.23155e+06,14,CTL,20
3.23165e+06,13,RTS,20
3.23165e+06,18,RTS,20
3.23165e+06,11,RTS,20
3.23177e+06,7,RTS,20
3.23184e+06,20,CTS,14
3.2319e+06,7,QOSDATA_TID6,1066
3.23208e+06,20,ACK,14
3.23212e+06,7,CTL,20
3.23221e+06,5,RTS,20
3.23228e+06,20,CTS,14
3.23234e+06,5,QOSDATA_TID6,1066
3.23252e+06,20,ACK,14
3.23257e+06,5,CTL,20
3.23265e+06,13,RTS,20
3.23272e+06,20,CTS,14
3.23278e+06,13,QOSDATA_TID6,1066
3.23296e+06,20,ACK,14
3.23301e+06,13,CTL,20
3.2331e+06,16,RTS,20
3.2331e+06,0,RTS,20
3.23316e+06,20,CTS,14
3.23322e+06,0,QOSDATA_TID6,1066
3.23341e+06,20,ACK,14
3.23345e+06,0,CTL,20
3.23355e+06,2,RTS,20
3.23355e+06,8,RTS,20
3.23355e+06,7,RTS,20
3.23355e+06,9,RTS,20
3.23364e+06,16,RTS,20
3.23371e+06,20,CTS,14
3.23377e+06,16,QOSDATA_TID6,1066
3.23396e+06,20,ACK,14
3.234e+06,16,CTL,20
3.23409e+06,4,RTS,20
3.23409e+06,2,RTS,20
3.23415e+06,20,CTS,14
3.23421e+06,2,QOSDATA_TID6,1066
3.2344e+06,20,ACK,14
3.23444e+06,2,CTL,20
3.23453e+06,4,RTS,20
3.2346e+06,20,CTS,14
3.23466e+06,4,QOSDATA_TID6,1066
3.23484e+06,20,ACK,14
3.23488e+06,4,QOSDATA_TID6,1066
3.23507e+06,20,ACK,14
3.23511e+06,4,QOSDATA_TID6,1066
3.2353e+06,20,ACK,14
3.23534e+06,4,CTL,20
3.23543e+06,1,RTS,20
3.23543e+06,17,RTS,20
3.23543e+06,15,RTS,20
3.23543e+06,3,RTS,20
3.23552e+06,19,RTS,20
3.23552e+06,11,RTS,20
3.23562e+06,13,RTS,20
3.23569e+06,20,CTS,14
3.23575e+06,13,QOSDATA_TID6,1066
3.23593e+06,20,ACK,14
3.23598e+06,13,CTL,20
3.23606e+06,12,RTS,20
3.23606e+06,6,RTS,20
3.23606e+06,3,RTS,20
3.23613e+06,20,CTS,14
3.23619e+06,12,QOSDATA_TID6,1066
3.23638e+06,20,ACK,14
3.23642e+06,12,CTL,20
3.23651e+06,3,RTS,20
3.23657e+06,20,CTS,14
3.23663e+06,3,QOSDATA_TID6,1066
3.23682e+06,20,ACK,14
3.23686e+06,3,CTL,20
3.23695e+06,2,RTS,20
3.23695e+06,5,RTS,20
3.23702e+06,20,CTS,14
3.23708e+06,5,QOSDATA_TID6,1066
3.23726e+06,20,ACK,14
3.2373e+06,5,CTL,20
3.2374e+06,8,RTS,20
3.2374e+06,6,RTS,20
3.2374e+06,15,RTS,20
3.2375e+06,7,RTS,20
3.23757e+06,20,CTS,14
3.23763e+06,7,QOSDATA_TID6,1066
3.23781e+06,20,ACK,14
3.23785e+06,7,CTL,20
3.23795e+06,9,RTS,20
3.23795e+06,10,RTS,20
3.23805e+06,11,RTS,20
3.23812e+06,20,CTS,14
3.23818e+06,11,QOSDATA_TID6,1066
3.23836e+06,20,ACK,14
3.2384e+06,11,QOSDATA_TID6,1066
3.23859e+06,20,ACK,14
3.23863e+06,11,QOSDATA_TID6,1066
3.23882e+06,20,ACK,14
3.23886e+06,11,CTL,20
3.23894e+06,4,RTS,20
3.23894e+06,15,RTS,20
3.23901e+06,20,CTS,14
3.23907e+06,15,QOSDATA_TID6,1066
3.23926e+06,20,ACK,14
3.2393e+06,15,QOSDATA_TID6,1066
3.23948e+06,20,ACK,14
3.23953e+06,15,CTL,20
3.23962e+06,17,RTS,20
3.23962e+06,8,RTS,20
3.23962e+06,2,RTS,20
3.23962e+06,9,RTS,20
3.23972e+06,1,RTS,20
3.23979e+06,20,CTS,14
3.23985e+06,1,QOSDATA_TID6,1066
3.24003e+06,20,ACK,14
3.24008e+06,1,CTL,20
3.24016e+06,6,RTS,20
3.24023e+06,20,CTS,14
3.24029e+06,6,QOSDATA_TID6,1066
3.24048e+06,20,ACK,14
3.24052e+06,6,CTL,20
3.24061e+06,14,RTS,20
3.24061e+06,10,RTS,20
3.24061e+06,8,RTS,20
3.24061e+06,19,RTS,20
3.24061e+06,16,RTS,20
3.24071e+06,9,RTS,20
3.24078e+06,20,CTS,14
3.24084e+06,9,QOSDATA_TID6,1066
3.24102e+06,20,ACK,14
3.24107e+06,9,QOSDATA_TID6,1066
3.24125e+06,20,ACK,14
3.2413e+06,9,CTL,20
3.24138e+06,2,RTS,20
3.24145e+06,20,CTS,14
3.24151e+06,2,QOSDATA_TID6,1066
3.2417e+06,20,ACK,14
3.24174e+06,2,CTL,20
3.24182e+06,18,RTS,20
3.24182e+06,0,RTS,20
3.24182e+06,17,RTS,20
3.24182e+06,4,RTS,20
3.24182e+06,13,RTS,20
3.24194e+06,9,RTS,20
3.24201e+06,20,CTS,14
3.24207e+06,9,QOSDATA_TID6,1066
3.24225e+06,20,ACK,14
3.2423e+06,9,CTL,20
3.24238e+06,12,RTS,20
3.24238e+06,7,RTS,20
3.24238e+06,14,RTS,20
3.24249e+06,13,RTS,20
3.24256e+06,20,CTS,14
3.24262e+06,13,QOSDATA_TID6,1066
3.2428e+06,20,ACK,14
3.24285e+06,13,CTL,20
3.24293e+06,16,RTS,20
3.24293e+06,18,RTS,20
3.24306e+06,16,RTS,20
3.24313e+06,20,CTS,14
3.24319e+06,16,QOSDATA_TID6,1066
3.24338e+06,20,ACK,14
3.24342e+06,16,CTL,20
3.24351e+06,17,RTS,20
3.24351e+06,7,RTS,20
3.24351e+06,3,RTS,20
3.24351e+06,6,RTS,20
3.24351e+06,10,RTS,20
3.24361e+06,11,RTS,20
3.24368e+06,20,CTS,14
3.24374e+06,11,QOSDATA_TID6,1066
3.24392e+06,20,ACK,14
3.24397e+06,11,CTL,20
3.24405e+06,4,RTS,20
3.24412e+06,20,CTS,14
3.24418e+06,4,QOSDATA_TID6,1066
3.24437e+06,20,ACK,14
3.24441e+06,4,CTL,20
3.2445e+06,10,RTS,20
3.24456e+06,20,CTS,14
3.24462e+06,10,QOSDATA_TID6,1066
3.24481e+06,20,ACK,14
3.24485e+06,10,QOSDATA_TID6,1066
3.24504e+06,20,ACK,14
3.24508e+06,10,CTL,20
3.24517e+06,5,RTS,20
3.24517e+06,19,RTS,20
3.24524e+06,20,CTS,14
3.2453e+06,5,QOSDATA_TID6,1066
3.24548e+06,20,ACK,14
3.24552e+06,5,CTL,20
3.24561e+06,8,RTS,20
3.24561e+06,7,RTS,20
3.24571e+06,0,RTS,20
3.24578e+06,20,CTS,14
3.24584e+06,0,QOSDATA_TID6,1066
3.24602e+06,20,ACK,14
3.24606e+06,0,CTL,20
3.24615e+06,8,RTS,20
3.24615e+06,7,RTS,20
3.24625e+06,4,RTS,20
3.24625e+06,18,RTS,20
3.24632e+06,20,CTS,14
3.24638e+06,18,QOSDATA_TID6,1066
3.24656e+06,20,ACK,14
3.2466e+06,18,QOSDATA_TID6,1066
3.24679e+06,20,ACK,14
3.24683e+06,18,QOSDATA_TID6,1066
3.24702e+06,20,ACK,14
3.24706e+06,18,CTL,20
3.24715e+06,2,RTS,20
3.24715e+06,1,RTS,20
3.24715e+06,15,RTS,20
3.24727e+06,6,RTS,20
3.24734e+06,20,CTS,14
3.2474e+06,6,QOSDATA_TID6,1066
3.24758e+06,20,ACK,14
3.24763e+06,6,CTL,20
3.24771e+06,7,RTS,20
3.24778e+06,20,CTS,14
3.24784e+06,7,QOSDATA_TID6,1066
3.24802e+06,20,ACK,14
3.24807e+06,7,CTL,20
3.24815e+06,15,RTS,20
3.24822e+06,20,CTS,14
3.24828e+06,15,QOSDATA_TID6,1066
3.24847e+06,20,ACK,14
3.24851e+06,15,CTL,20
3.2486e+06,14,RTS,20
3.2486e+06,17,RTS,20
3.2486e+06,16,RTS,20
3.24866e+06,20,CTS,14
3.24872e+06,17,QOSDATA_TID6,1066
3.24891e+06,20,ACK,14
3.24895e+06,17,QOSDATA_TID6,1066
3.24914e+06,20,ACK,14
3.24918e+06,17,CTL,20
3.24927e+06,0,RTS,20
3.24933e+06,20,CTS,14
3.24939e+06,0,QOSDATA_TID6,1066
3.24958e+06,20,ACK,14
3.24962e+06,0,CTL,20
3.24971e+06,12,RTS,20
3.24971e+06,3,RTS,20
3.24971e+06,7,RTS,20
3.24978e+06,20,CTS,14
3.24984e+06,12,QOSDATA_TID6,1066
3.25002e+06,20,ACK,14
3.25006e+06,12,CTL,20
3.25016e+06,7,RTS,20
3.25016e+06,9,RTS,20
3.25023e+06,20,CTS,14
3.25029e+06,7,QOSDATA_TID6,1066
3.25047e+06,20,ACK,14
3.25052e+06,7,CTL,20
3.25061e+06,9,RTS,20
3.25068e+06,20,CTS,14
3.25074e+06,9,QOSDATA_TID6,1066
3.25092e+06,20,ACK,14
3.25097e+06,9,CTL,20
3.25105e+06,19,RTS,20
3.25105e+06,12,RTS,20
3.25105e+06,13,RTS,20
3.25112e+06,20,CTS,14
3.25118e+06,12,QOSDATA_TID6,1066
3.25136e+06,20,ACK,14
3.25141e+06,12,CTL,20
3.25149e+06,2,RTS,20
3.25156e+06,20,CTS,14
3.25162e+06,2,QOSDATA_TID6,1066
3.25181e+06,20,ACK,14
3.25185e+06,2,CTL,20
3.25194e+06,8,RTS,20
3.25194e+06,17,RTS,20
3.25194e+06,11,RTS,20
3.25194e+06,14,RTS,20
3.25203e+06,1,RTS,20
3.25203e+06,19,RTS,20
3.25213e+06,3,RTS,20
3.2522e+06,20,CTS,14
3.25226e+06,3,QOSDATA_TID6,1066
3.25244e+06,20,ACK,14
3.25249e+06,3,QOSDATA_TID6,1066
3.25267e+06,20,ACK,14
3.25272e+06,3,CTL,20
3.2528e+06,2,RTS,20
3.2528e+06,5,RTS,20
3.2528e+06,1,RTS,20
3.2528e+06,8,RTS,20
3.2528e+06,11,RTS,20
3.2528e+06,16,RTS,20
3.2528e+06,4,RTS,20
3.2529e+06,6,RTS,20
3.25297e+06,20,CTS,14
3.25303e+06,6,QOSDATA_TID6,1066
3.25321e+06,20,ACK,14
3.25326e+06,6,CTL,20
3.25334e+06,14,RTS,20
3.25334e+06,17,RTS,20
3.25341e+06,20,CTS,14
3.25347e+06,17,QOSDATA_TID6,1066
3.25366e+06,20,ACK,14
3.2537e+06,17,CTL,20
3.25378e+06,13,RTS,20
3.25385e+06,20,CTS,14
3.25391e+06,13,QOSDATA_TID6,1066
3.2541e+06,20,ACK,14
3.25414e+06,13,CTL,20
3.25423e+06,15,RTS,20
3.25423e+06,11,RTS,20
3.25423e+06,10,RTS,20
3.25435e+06,5,RTS,20
3.25442e+06,20,CTS,14
3.25448e+06,5,QOSDATA_TID6,1066
3.25466e+06,20,ACK,14
3.25471e+06,5,CTL,20
3.2548e+06,10,RTS,20
3.25487e+06,20,CTS,14
3.25493e+06,10,QOSDATA_TID6,1066
3.25512e+06,20,ACK,14
3.25516e+06,10,CTL,20
3.25524e+06,18,RTS,20
3.25531e+06,20,CTS,14
3.25537e+06,18,QOSDATA_TID6,1066
3.25556e+06,20,ACK,14
3.2556e+06,18,CTL,20
3.25569e+06,14,RTS,20
3.25569e+06,19,RTS,20
3.25569e+06,11,RTS,20
3.25584e+06,11,RTS,20
3.25591e+06,20,CTS,14
3.25597e+06,11,QOSDATA_TID6,1066
3.25616e+06,20,ACK,14
3.2562e+06,11,CTL,20
3.25629e+06,14,RTS,20
3.25636e+06,20,CTS,14
3.25642e+06,14,QOSDATA_TID6,1066
3.2566e+06,20,ACK,14
3.25664e+06,14,QOSDATA_TID6,1066
3.25683e+06,20,ACK,14
3.25687e+06,14,QOSDATA_TID6,1066
3.25706e+06,20,ACK,14
3.2571e+06,14,CTL,20
3.25718e+06,15,RTS,20
3.25718e+06,2,RTS,20
3.25718e+06,19,RTS,20
3.2573e+06,0,RTS,20
3.2573e+06,4,RTS,20
3.25737e+06,20,CTS,14
3.25743e+06,0,QOSDATA_TID6,1066
3.25761e+06,20,ACK,14
3.25766e+06,0,CTL,20
3.25774e+06,19,RTS,20
3.25774e+06,9,RTS,20
3.25781e+06,20,CTS,14
3.25787e+06,19,QOSDATA_TID6,1066
3.25806e+06,20,ACK,14
3.2581e+06,19,QOSDATA_TID6,1066
3.25828e+06,20,ACK,14
3.25833e+06,19,QOSDATA_TID6,1066
3.25851e+06,20,ACK,14
3.25856e+06,19,CTL,20
3.25864e+06,12,RTS,20
3.25864e+06,3,RTS,20
3.25864e+06,15,RTS,20
3.25871e+06,20,CTS,14
3.25877e+06,12,QOSDATA_TID6,1066
3.25895e+06,20,ACK,14
3.259e+06,12,CTL,20
3.25908e+06,6,RTS,20
3.25915e+06,20,CTS,14
3.25921e+06,6,QOSDATA_TID6,1066
3.2594e+06,20,ACK,14
3.25944e+06,6,CTL,20
3.25952e+06,7,RTS,20
3.25952e+06,8,RTS,20
3.25952e+06,13,RTS,20
3.25952e+06,19,RTS,20
3.25952e+06,11,RTS,20
3.25962e+06,1,RTS,20
3.25969e+06,20,CTS,14
3.25975e+06,1,QOSDATA_TID6,1066
3.25994e+06,20,ACK,14
3.25998e+06,1,QOSDATA_TID6,1066
3.26016e+06,20,ACK,14
3.26021e+06,1,QOSDATA_TID6,1066
3.26039e+06,20,ACK,14
3.26044e+06,1,CTL,20
3.26052e+06,15,RTS,20
3.26059e+06,20,CTS,14
3.26065e+06,15,QOSDATA_TID6,1066
3.26083e+06,20,ACK,14
3.26088e+06,15,QOSDATA_TID6,1066
3.26106e+06,20,ACK,14
3.26111e+06,15,CTL,20
3.26119e+06,7,RTS,20
3.26119e+06,17,RTS,20
3.26119e+06,16,RTS,20
3.2613e+06,2,RTS,20
3.2613e+06,9,RTS,20
3.2613e+06,10,RTS,20
3.26141e+06,5,RTS,20
3.26141e+06,7,RTS,20
3.26147e+06,20,CTS,14
3.26153e+06,5,QOSDATA_TID6,1066
3.26172e+06,20,ACK,14
3.26176e+06,5,CTL,20
3.26187e+06,8,RTS,20
3.26187e+06,2,RTS,20
3.26187e+06,3,RTS,20
3.26187e+06,16,RTS,20
3.26197e+06,7,RTS,20
3.26204e+06,20,CTS,14
3.2621e+06,7,QOSDATA_TID6,1066
3.26228e+06,20,ACK,14
3.26233e+06,7,CTL,20
3.26242e+06,10,RTS,20
3.26248e+06,20,CTS,14
3.26254e+06,10,QOSDATA_TID6,1066
3.26273e+06,20,ACK,14
3.26277e+06,10,CTL,20
3.26286e+06,18,RTS,20
3.26292e+06,20,CTS,14
3.26298e+06,18,QOSDATA_TID6,1066
3.26317e+06,20,ACK,14
3.26321e+06,18,CTL,20
3.2633e+06,2,RTS,20
3.26337e+06,20,CTS,14
3.26343e+06,2,QOSDATA_TID6,1066
3.26361e+06,20,ACK,14
3.26366e+06,2,QOSDATA_TID6,1066
3.26384e+06,20,ACK,14
3.26388e+06,2,CTL,20
3.26397e+06,9,RTS,20
3.26397e+06,17,RTS,20
3.26397e+06,16,RTS,20
3.26404e+06,20,CTS,14
3.2641e+06,17,QOSDATA_TID6,1066
3.26428e+06,20,ACK,14
3.26432e+06,17,CTL,20
3.26441e+06,9,RTS,20
3.26441e+06,13,RTS,20
3.26441e+06,14,RTS,20
3.26451e+06,11,RTS,20
3.26458e+06,20,CTS,14
3.26464e+06,11,QOSDATA_TID6,1066
3.26482e+06,20,ACK,14
3.26486e+06,11,CTL,20
3.26495e+06,4,RTS,20
3.26495e+06,9,RTS,20
3.26505e+06,8,RTS,20
3.26512e+06,20,CTS,14
3.26518e+06,8,QOSDATA_TID6,1066
3.26536e+06,20,ACK,14
3.2654e+06,8,QOSDATA_TID6,1066
3.26559e+06,20,ACK,14
3.26563e+06,8,QOSDATA_TID6,1066
3.26582e+06,20,ACK,14
3.26586e+06,8,QOSDATA_TID6,1066
3.26604e+06,20,ACK,14
3.26609e+06,8,QOSDATA_TID6,1066
3.26627e+06,20,ACK,14
3.26632e+06,8,CTL,20
3.2664e+06,12,RTS,20
3.2664e+06,7,RTS,20
3.26647e+06,20,CTS,14
3.26653e+06,12,QOSDATA_TID6,1066
3.26672e+06,20,ACK,14
3.26676e+06,12,CTL,20
3.26684e+06,0,RTS,20
3.26691e+06,20,CTS,14
3.26697e+06,0,QOSDATA_TID6,1066
3.26716e+06,20,ACK,14
3.2672e+06,0,CTL,20
3.26729e+06,14,RTS,20
3.26729e+06,3,RTS,20
3.26739e+06,11,RTS,20
3.26746e+06,20,CTS,14
3.26752e+06,11,QOSDATA_TID6,1066
3.26771e+06,20,ACK,14
3.26775e+06,11,CTL,20
3.26784e+06,16,RTS,20
3.26784e+06,7,RTS,20
3.26784e+06,19,RTS,20
3.26797e+06,6,RTS,20
3.26804e+06,20,CTS,14
3.2681e+06,6,QOSDATA_TID6,1066
3.26828e+06,20,ACK,14
3.26833e+06,6,CTL,20
3.26842e+06,14,RTS,20
3.26849e+06,20,CTS,14
3.26855e+06,14,QOSDATA_TID6,1066
3.26873e+06,20,ACK,14
3.26878e+06,14,CTL,20
3.26886e+06,13,RTS,20
3.26886e+06,7,RTS,20
3.26886e+06,17,RTS,20
3.26886e+06,1,RTS,20
3.26886e+06,4,RTS,20
3.26896e+06,10,RTS,20
3.26903e+06,20,CTS,14
3.26909e+06,10,QOSDATA_TID6,1066
3.26927e+06,20,ACK,14
3.26932e+06,10,CTL,20
3.2694e+06,9,RTS,20
3.2694e+06,19,RTS,20
3.2694e+06,1,RTS,20
3.2695e+06,2,RTS,20
3.26957e+06,20,CTS,14
3.26963e+06,2,QOSDATA_TID6,1066
3.26981e+06,20,ACK,14
3.26986e+06,2,CTL,20
3.26994e+06,5,RTS,20
3.26994e+06,19,RTS,20
3.26994e+06,15,RTS,20
3.26994e+06,4,RTS,20
3.27001e+06,20,CTS,14
3.27007e+06,5,QOSDATA_TID6,1066
3.27026e+06,20,ACK,14
3.2703e+06,5,CTL,20
3.2704e+06,1,RTS,20
3.2704e+06,3,RTS,20
3.2704e+06,13,RTS,20
3.27052e+06,4,RTS,20
3.27052e+06,18,RTS,20
3.27059e+06,20,CTS,14
3.27065e+06,18,QOSDATA_TID6,1066
3.27083e+06,20,ACK,14
3.27088e+06,18,CTL,20
3.27097e+06,3,RTS,20
3.27104e+06,20,CTS,14
3.2711e+06,3,QOSDATA_TID6,1066
3.27128e+06,20,ACK,14
3.27133e+06,3,QOSDATA_TID6,1066
3.27151e+06,20,ACK,14
3.27156e+06,3,CTL,20
3.27164e+06,16,RTS,20
3.27171e+06,20,CTS,14
3.27177e+06,16,QOSDATA_TID6,1066
3.27195e+06,20,ACK,14
3.272e+06,16,QOSDATA_TID6,1066
3.27218e+06,20,ACK,14
3.27222e+06,16,QOSDATA_TID6,1066
3.27241e+06,20,ACK,14
3.27245e+06,16,CTL,20
3.27254e+06,8,RTS,20
3.27254e+06,14,RTS,20
3.27261e+06,20,CTS,14
3.27267e+06,8,QOSDATA_TID6,1066
3.27285e+06,20,ACK,14
3.2729e+06,8,CTL,20
3.27298e+06,14,RTS,20
3.27305e+06,20,CTS,14
3.27311e+06,14,QOSDATA_TID6,1066
3.27329e+06,20,ACK,14
3.27334e+06,14,CTL,20
3.27342e+06,13,RTS,20
3.27342e+06,7,RTS,20
3.27342e+06,17,RTS,20
3.27352e+06,4,RTS,20
3.27352e+06,15,RTS,20
3.27352e+06,9,RTS,20
3.27364e+06,17,RTS,20
3.27364e+06,1,RTS,20
3.27364e+06,19,RTS,20
3.27374e+06,4,RTS,20
3.27374e+06,13,RTS,20
3.27386e+06,9,RTS,20
3.27392e+06,20,CTS,14
3.27398e+06,9,QOSDATA_TID6,1066
3.27417e+06,20,ACK,14
3.27421e+06,9,QOSDATA_TID6,1066
3.2744e+06,20,ACK,14
3.27444e+06,9,CTL,20
3.27452e+06,12,RTS,20
3.27452e+06,4,RTS,20
3.27459e+06,20,CTS,14
3.27465e+06,12,QOSDATA_TID6,1066
3.27484e+06,20,ACK,14
3.27488e+06,12,CTL,20
3.27497e+06,11,RTS,20
3.27504e+06,20,CTS,14
3.2751e+06,11,QOSDATA_TID6,1066
3.27528e+06,20,ACK,14
3.27532e+06,11,CTL,20
3.27541e+06,16,RTS,20
3.27541e+06,7,RTS,20
3.27541e+06,15,RTS,20
3.27541e+06,0,RTS,20
3.27541e+06,6,RTS,20
3.27552e+06,17,RTS,20
3.27552e+06,1,RTS,20
3.27562e+06,3,RTS,20
3.27568e+06,20,CTS,14
3.27574e+06,3,QOSDATA_TID6,1066
3.27593e+06,20,ACK,14
3.27597e+06,3,CTL,20
3.27606e+06,6,RTS,20
3.27606e+06,13,RTS,20
3.27618e+06,15,RTS,20
3.27618e+06,19,RTS,20
3.27629e+06,7,RTS,20
3.27636e+06,20,CTS,14
3.27642e+06,7,QOSDATA_TID6,1066
3.2766e+06,20,ACK,14
3.27664e+06,7,QOSDATA_TID6,1066
3.27683e+06,20,ACK,14
3.27687e+06,7,CTL,20
3.27696e+06,5,RTS,20
3.27696e+06,6,RTS,20
3.27696e+06,10,RTS,20
3.27703e+06,20,CTS,14
3.27709e+06,5,QOSDATA_TID6,1066
3.27727e+06,20,ACK,14
3.27732e+06,5,CTL,20
3.2774e+06,13,RTS,20
3.27747e+06,20,CTS,14
3.27753e+06,13,QOSDATA_TID6,1066
3.27771e+06,20,ACK,14
3.27776e+06,13,QOSDATA_TID6,1066
3.27794e+06,20,ACK,14
3.27798e+06,13,CTL,20
3.27808e+06,2,RTS,20
3.27815e+06,20,CTS,14
3.27821e+06,2,QOSDATA_TID6,1066
3.27839e+06,20,ACK,14
3.27844e+06,2,CTL,20
3.27852e+06,16,RTS,20
3.27859e+06,20,CTS,14
3.27865e+06,16,QOSDATA_TID6,1066
3.27883e+06,20,ACK,14
3.27888e+06,16,CTL,20
3.27896e+06,4,RTS,20
3.27896e+06,1,RTS,20
3.27896e+06,0,RTS,20
3.27896e+06,18,RTS,20
3.27907e+06,15,RTS,20
3.27914e+06,20,CTS,14
3.2792e+06,15,QOSDATA_TID6,1066
3.27938e+06,20,ACK,14
3.27943e+06,15,QOSDATA_TID6,1066
3.27961e+06,20,ACK,14
3.27966e+06,15,CTL,20
3.27974e+06,14,RTS,20
3.27981e+06,20,CTS,14
3.27987e+06,14,QOSDATA_TID6,1066
3.28005e+06,20,ACK,14
3.2801e+06,14,CTL,20
3.28018e+06,1,RTS,20
3.28025e+06,20,CTS,14
3.28031e+06,1,QOSDATA_TID6,1066
3.2805e+06,20,ACK,14
3.28054e+06,1,QOSDATA_TID6,1066
3.28072e+06,20,ACK,14
3.28077e+06,1,CTL,20
3.28085e+06,17,RTS,20
3.28085e+06,19,RTS,20
3.28085e+06,6,RTS,20
3.28095e+06,8,RTS,20
3.28102e+06,20,CTS,14
3.28108e+06,8,QOSDATA_TID6,1066
3.28126e+06,20,ACK,14
3.28131e+06,8,CTL,20
3.28139e+06,17,RTS,20
3.28139e+06,4,RTS,20
3.28139e+06,6,RTS,20
3.28139e+06,10,RTS,20
3.28146e+06,20,CTS,14
3.28152e+06,17,QOSDATA_TID6,1066
3.2817e+06,20,ACK,14
3.28175e+06,17,QOSDATA_TID6,1066
3.28193e+06,20,ACK,14
3.28198e+06,17,CTL,20
3.28206e+06,7,RTS,20
3.28213e+06,20,CTS,14
3.28219e+06,7,QOSDATA_TID6,1066
3.28238e+06,20,ACK,14
3.28242e+06,7,CTL,20
3.2825e+06,13,RTS,20
3.2825e+06,16,RTS,20
3.2826e+06,0,CTS,14
3.2826e+06,6,RTS,20
3.2826e+06,9,RTS,20
3.28271e+06,0,RTS,20
3.28278e+06,20,CTS,14
3.28284e+06,0,QOSDATA_TID6,1066
3.28302e+06,20,ACK,14
3.28306e+06,0,QOSDATA_TID6,1066
3.28325e+06,20,ACK,14
3.28329e+06,0,CTL,20
3.28338e+06,12,RTS,20
3.28338e+06,17,RTS,20
3.28348e+06,10,RTS,20
3.28354e+06,20,CTS,14
3.2836e+06,10,QOSDATA_TID6,1066
3.28379e+06,20,ACK,14
3.28383e+06,10,CTL,20
3.28392e+06,18,RTS,20
3.28392e+06,12,RTS,20
3.28399e+06,20,CTS,14
3.28405e+06,12,QOSDATA_TID6,1066
3.28423e+06,20,ACK,14
3.28427e+06,12,CTL,20
3.28436e+06,18,RTS,20
3.28443e+06,20,CTS,14
3.28449e+06,18,QOSDATA_TID6,1066
3.28467e+06,20,ACK,14
3.28472e+06,18,CTL,20
3.2848e+06,3,RTS,20
3.2848e+06,1,RTS,20
3.2848e+06,11,RTS,20
3.2848e+06,16,RTS,20
3.2849e+06,4,RTS,20
3.2849e+06,15,RTS,20
3.28497e+06,20,CTS,14
3.28503e+06,15,QOSDATA_TID6,1066
3.28521e+06,20,ACK,14
3.28526e+06,15,CTL,20
3.28534e+06,11,RTS,20
3.28541e+06,20,CTS,14
3.28547e+06,11,QOSDATA_TID6,1066
3.28565e+06,20,ACK,14
3.2857e+06,11,CTL,20
3.28578e+06,5,RTS,20
3.28578e+06,2,RTS,20
3.28578e+06,6,RTS,20
3.28578e+06,10,RTS,20
3.28585e+06,20,CTS,14
3.28591e+06,5,QOSDATA_TID6,1066
3.2861e+06,20,ACK,14
3.28614e+06,5,CTL,20
3.28623e+06,6,RTS,20
3.28629e+06,20,CTS,14
3.28635e+06,6,QOSDATA_TID6,1066
3.28654e+06,20,ACK,14
3.28658e+06,6,CTL,20
3.28667e+06,2,RTS,20
3.28667e+06,8,RTS,20
3.28667e+06,1,RTS,20
3.28667e+06,19,RTS,20
3.28678e+06,17,RTS,20
3.28678e+06,13,RTS,20
3.28684e+06,20,CTS,14
3.2869e+06,17,QOSDATA_TID6,1066
3.28709e+06,20,ACK,14
3.28713e+06,17,CTL,20
3.28722e+06,4,RTS,20
3.28728e+06,20,CTS,14
3.28734e+06,4,QOSDATA_TID6,1066
3.28753e+06,20,ACK,14
3.28757e+06,4,QOSDATA_TID6,1066
3.28776e+06,20,ACK,14
3.2878e+06,4,QOSDATA_TID6,1066
3.28798e+06,20,ACK,14
3.28803e+06,4,QOSDATA_TID6,1066
3.28821e+06,20,ACK,14
3.28826e+06,4,QOSDATA_TID6,1066
3.28844e+06,20,ACK,14
3.28848e+06,4,CTL,20
3.28857e+06,9,RTS,20
3.28857e+06,14,RTS,20
3.28869e+06,16,RTS,20
3.28876e+06,20,CTS,14
3.28882e+06,16,QOSDATA_TID6,1066
3.289e+06,20,ACK,14
3.28904e+06,16,QOSDATA_TID6,1066
3.28923e+06,20,ACK,14
3.28927e+06,16,CTL,20
3.28936e+06,9,RTS,20
3.28942e+06,20,CTS,14
3.28948e+06,9,QOSDATA_TID6,1066
3.28967e+06,20,ACK,14
3.28971e+06,9,QOSDATA_TID6,1066
3.2899e+06,20,ACK,14
3.28994e+06,9,CTL,20
3.29003e+06,3,RTS,20
3.29003e+06,18,RTS,20
3.29003e+06,0,RTS,20
3.29012e+06,8,RTS,20
3.29012e+06,19,RTS,20
3.29019e+06,20,CTS,14
3.29025e+06,8,QOSDATA_TID6,1066
3.29044e+06,20,ACK,14
3.29048e+06,8,CTL,20
3.29057e+06,12,RTS,20
3.29064e+06,20,CTS,14
3.2907e+06,12,QOSDATA_TID6,1066
3.29088e+06,20,ACK,14
3.29092e+06,12,CTL,20
3.29102e+06,1,RTS,20
3.29102e+06,11,RTS,20
3.29102e+06,19,RTS,20
3.29102e+06,0,RTS,20
3.29114e+06,7,RTS,20
3.29114e+06,10,RTS,20
3.2912e+06,20,CTS,14
3.29126e+06,7,QOSDATA_TID6,1066
3.29145e+06,20,ACK,14
3.29149e+06,7,CTL,20
3.29158e+06,17,RTS,20
3.29164e+06,20,CTS,14
3.2917e+06,17,QOSDATA_TID6,1066
3.29189e+06,20,ACK,14
3.29193e+06,17,CTL,20
3.29202e+06,1,RTS,20
3.29202e+06,0,CTS,14
3.29215e+06,0,RTS,20
3.29222e+06,20,CTS,14
3.29228e+06,0,QOSDATA_TID6,1066
3.29246e+06,20,ACK,14
3.29251e+06,0,CTL,20
3.29258e+06,20,BEACON,152
3.29285e+06,4,RTS,20
3.29292e+06,20,CTS,14
3.29298e+06,4,QOSDATA_TID6,1066
3.29316e+06,20,ACK,14
3.2932e+06,4,CTL,20
3.29329e+06,5,RTS,20
3.29329e+06,13,RTS,20
3.29329e+06,15,RTS,20
3.29329e+06,6,RTS,20
3.29329e+06,18,RTS,20
3.29336e+06,20,CTS,14
3.29342e+06,5,QOSDATA_TID6,1066
3.2936e+06,20,ACK,14
3.29364e+06,5,CTL,20
3.29373e+06,13,RTS,20
3.2938e+06,20,CTS,14
3.29386e+06,13,QOSDATA_TID6,1066
3.29404e+06,20,ACK,14
3.29409e+06,13,QOSDATA_TID6,1066
3.29427e+06,20,ACK,14
3.29432e+06,13,CTL,20
3.2944e+06,2,RTS,20
3.29447e+06,20,CTS,14
3.29453e+06,2,QOSDATA_TID6,1066
3.29471e+06,20,ACK,14
3.29476e+06,2,QOSDATA_TID6,1066
3.29494e+06,20,ACK,14
3.29498e+06,2,CTL,20
3.29507e+06,11,RTS,20
3.29507e+06,15,RTS,20
3.29517e+06,10,RTS,20
3.29517e+06,3,RTS,20
3.29527e+06,15,RTS,20
3.29534e+06,20,CTS,14
3.2954e+06,15,QOSDATA_TID6,1066
3.29558e+06,20,ACK,14
3.29562e+06,15,CTL,20
3.29571e+06,14,RTS,20
3.29578e+06,20,CTS,14
3.29584e+06,14,QOSDATA_TID6,1066
3.29602e+06,20,ACK,14
3.29606e+06,14,QOSDATA_TID6,1066
3.29625e+06,20,ACK,14
3.29629e+06,14,CTL,20
3.29638e+06,11,RTS,20
3.29645e+06,20,CTS,14
3.29651e+06,11,QOSDATA_TID6,1066
3.29669e+06,20,ACK,14
3.29674e+06,11,CTL,20
3.29682e+06,19,RTS,20
3.29682e+06,18,RTS,20
3.29695e+06,3,RTS,20
3.29701e+06,20,CTS,14
3.29707e+06,3,QOSDATA_TID6,1066
3.29726e+06,20,ACK,14
3.2973e+06,3,QOSDATA_TID6,1066
3.29749e+06,20,ACK,14
3.29753e+06,3,CTL,20
3.29762e+06,10,RTS,20
3.29762e+06,1,RTS,20
3.29762e+06,8,RTS,20
3.29762e+06,7,RTS,20
3.29762e+06,13,RTS,20
3.29772e+06,0,RTS,20
3.29772e+06,9,RTS,20
3.29779e+06,20,CTS,14
3.29785e+06,0,QOSDATA_TID6,1066
3.29804e+06,20,ACK,14
3.29808e+06,0,CTL,20
3.29816e+06,8,RTS,20
3.29823e+06,20,CTS,14
3.29829e+06,8,QOSDATA_TID6,1066
3.29848e+06,20,ACK,14
3.29852e+06,8,CTL,20
3.29861e+06,12,RTS,20
3.29861e+06,16,RTS,20
3.29861e+06,6,RTS,20
3.29868e+06,20,CTS,14
3.29874e+06,12,QOSDATA_TID6,1066
3.29892e+06,20,ACK,14
3.29896e+06,12,CTL,20
3.29906e+06,13,RTS,20
3.29913e+06,20,CTS,14
3.29919e+06,13,QOSDATA_TID6,1066
3.29937e+06,20,ACK,14
3.29941e+06,13,CTL,20
3.2995e+06,7,RTS,20
3.2995e+06,11,RTS,20
3.2995e+06,17,RTS,20
3.2995e+06,1,RTS,20
3.2995e+06,6,RTS,20
3.2995e+06,3,RTS,20
3.29961e+06,19,RTS,20
3.29968e+06,20,CTS,14
3.29974e+06,19,QOSDATA_TID6,1066
3.29992e+06,20,ACK,14
3.29996e+06,19,QOSDATA_TID6,1066
3.30015e+06,20,ACK,14
3.30019e+06,19,QOSDATA_TID6,1066
3.30038e+06,20,ACK,14
3.30042e+06,19,QOSDATA_TID6,1066
3.3006e+06,20,ACK,14
3.30065e+06,19,QOSDATA_TID6,1066
3.30083e+06,20,ACK,14
3.30088e+06,19,CTL,20
3.30096e+06,1,RTS,20
3.30096e+06,2,RTS,20
3.30096e+06,7,RTS,20
3.30096e+06,4,RTS,20
3.30096e+06,10,RTS,20
3.30096e+06,15,RTS,20
3.30106e+06,9,RTS,20
3.30113e+06,20,CTS,14
3.30119e+06,9,QOSDATA_TID6,1066
3.30137e+06,20,ACK,14
3.30142e+06,9,CTL,20
3.3015e+06,18,RTS,20
3.30157e+06,20,CTS,14
3.30163e+06,18,QOSDATA_TID6,1066
3.30181e+06,20,ACK,14
3.30186e+06,18,QOSDATA_TID6,1066
3.30204e+06,20,ACK,14
3.30209e+06,18,CTL,20
3.30217e+06,5,RTS,20
3.30224e+06,20,CTS,14
3.3023e+06,5,QOSDATA_TID6,1066
3.30248e+06,20,ACK,14
3.30253e+06,5,CTL,20
3.30261e+06,2,RTS,20
3.30261e+06,6,RTS,20
3.30261e+06,4,RTS,20
3.30271e+06,8,RTS,20
3.30271e+06,18,RTS,20
3.30278e+06,20,CTS,14
3.30284e+06,8,QOSDATA_TID6,1066
3.30302e+06,20,ACK,14
3.30307e+06,8,CTL,20
3.30315e+06,14,RTS,20
3.30322e+06,20,CTS,14
3.30328e+06,14,QOSDATA_TID6,1066
3.30347e+06,20,ACK,14
3.30351e+06,14,CTL,20
3.3036e+06,15,RTS,20
3.3036e+06,18,RTS,20
3.3036e+06,10,RTS,20
3.3036e+06,16,RTS,20
3.3036e+06,4,RTS,20
3.30369e+06,2,RTS,20
3.30376e+06,20,CTS,14
3.30382e+06,2,QOSDATA_TID6,1066
3.30401e+06,20,ACK,14
3.30405e+06,2,CTL,20
3.30414e+06,18,RTS,20
3.30414e+06,17,RTS,20
3.30414e+06,4,RTS,20
3.3042e+06,20,CTS,14
3.30426e+06,17,QOSDATA_TID6,1066
3.30445e+06,20,ACK,14
3.30449e+06,17,CTL,20
3.30458e+06,7,RTS,20
3.30465e+06,20,CTS,14
3.30471e+06,7,QOSDATA_TID6,1066
3.30489e+06,20,ACK,14
3.30493e+06,7,CTL,20
3.30502e+06,10,RTS,20
3.30509e+06,20,CTS,14
3.30515e+06,10,QOSDATA_TID6,1066
3.30533e+06,20,ACK,14
3.30538e+06,10,QOSDATA_TID6,1066
3.30556e+06,20,ACK,14
3.3056e+06,10,QOSDATA_TID6,1066
3.30579e+06,20,ACK,14
3.30583e+06,10,CTL,20
3.30592e+06,3,RTS,20
3.30592e+06,1,RTS,20
3.30592e+06,7,RTS,20
3.30602e+06,0,RTS,20
3.30608e+06,20,CTS,14
3.30614e+06,0,QOSDATA_TID6,1066
3.30633e+06,20,ACK,14
3.30637e+06,0,CTL,20
3.30646e+06,6,RTS,20
3.30646e+06,7,RTS,20
3.30656e+06,3,RTS,20
3.30656e+06,9,RTS,20
3.30667e+06,18,RTS,20
3.30667e+06,12,RTS,20
3.30667e+06,11,RTS,20
3.30667e+06,15,RTS,20
3.30667e+06,4,RTS,20
3.30674e+06,20,CTS,14
3.3068e+06,12,QOSDATA_TID6,1066
3.30698e+06,20,ACK,14
3.30703e+06,12,CTL,20
3.30711e+06,1,RTS,20
3.30711e+06,16,RTS,20
3.30711e+06,19,RTS,20
3.30711e+06,15,RTS,20
3.30711e+06,3,RTS,20
3.30711e+06,18,RTS,20
3.30722e+06,7,RTS,20
3.30722e+06,13,RTS,20
3.30729e+06,20,CTS,14
3.30735e+06,7,QOSDATA_TID6,1066
3.30753e+06,20,ACK,14
3.30758e+06,7,CTL,20
3.30766e+06,6,RTS,20
3.30773e+06,20,CTS,14
3.30779e+06,6,QOSDATA_TID6,1066
3.30798e+06,20,ACK,14
3.30802e+06,6,QOSDATA_TID6,1066
3.3082e+06,20,ACK,14
3.30825e+06,6,QOSDATA_TID6,1066
3.30843e+06,20,ACK,14
3.30848e+06,6,CTL,20
3.30856e+06,9,RTS,20
3.30856e+06,19,RTS,20
3.30856e+06,4,RTS,20
3.3087e+06,15,RTS,20
3.3087e+06,18,RTS,20
3.30881e+06,1,RTS,20
3.30881e+06,4,RTS,20
3.30888e+06,20,CTS,14
3.30894e+06,1,QOSDATA_TID6,1066
3.30912e+06,20,ACK,14
3.30917e+06,1,QOSDATA_TID6,1066
3.30935e+06,20,ACK,14
3.3094e+06,1,QOSDATA_TID6,1066
3.30958e+06,20,ACK,14
3.30962e+06,1,CTL,20
3.30971e+06,18,RTS,20
3.30978e+06,20,CTS,14
3.30984e+06,18,QOSDATA_TID6,1066
3.31002e+06,20,ACK,14
3.31007e+06,18,CTL,20
3.31016e+06,10,RTS,20
3.31016e+06,9,RTS,20
3.31016e+06,17,RTS,20
3.31023e+06,20,CTS,14
3.31029e+06,17,QOSDATA_TID6,1066
3.31047e+06,20,ACK,14
3.31052e+06,17,CTL,20
3.31061e+06,10,RTS,20
3.31068e+06,20,CTS,14
3.31074e+06,10,QOSDATA_TID6,1066
3.31092e+06,20,ACK,14
3.31097e+06,10,CTL,20
3.31105e+06,2,RTS,20
3.31105e+06,5,RTS,20
3.31112e+06,20,CTS,14
3.31118e+06,5,QOSDATA_TID6,1066
3.31137e+06,20,ACK,14
3.31141e+06,5,CTL,20
3.3115e+06,14,RTS,20
3.31156e+06,20,CTS,14
3.31162e+06,14,QOSDATA_TID6,1066
3.31181e+06,20,ACK,14
3.31185e+06,14,CTL,20
3.31194e+06,18,RTS,20
3.31194e+06,2,RTS,20
3.31194e+06,16,RTS,20
3.31204e+06,8,RTS,20
3.31204e+06,15,RTS,20
3.31211e+06,20,CTS,14
3.31217e+06,8,QOSDATA_TID6,1066
3.31236e+06,20,ACK,14
3.3124e+06,8,CTL,20
3.31249e+06,18,RTS,20
3.31256e+06,20,CTS,14
3.31262e+06,18,QOSDATA_TID6,1066
3.3128e+06,20,ACK,14
3.31284e+06,18,CTL,20
3.31293e+06,3,RTS,20
3.31293e+06,9,RTS,20
3.31293e+06,11,RTS,20
3.31293e+06,16,RTS,20
3.31303e+06,4,RTS,20
3.3131e+06,20,CTS,14
3.31316e+06,4,QOSDATA_TID6,1066
3.31334e+06,20,ACK,14
3.31338e+06,4,CTL,20
3.31347e+06,7,RTS,20
3.31347e+06,19,RTS,20
3.31347e+06,13,RTS,20
3.31358e+06,15,RTS,20
3.31364e+06,20,CTS,14
3.3137e+06,15,QOSDATA_TID6,1066
3.31389e+06,20,ACK,14
3.31393e+06,15,QOSDATA_TID6,1066
3.31412e+06,20,ACK,14
3.31416e+06,15,CTL,20
3.31425e+06,0,RTS,20
3.31425e+06,11,RTS,20
3.31431e+06,20,CTS,14
3.31437e+06,0,QOSDATA_TID6,1066
3.31456e+06,20,ACK,14
3.3146e+06,0,CTL,20
3.31469e+06,12,RTS,20
3.31476e+06,20,CTS,14
3.31482e+06,12,QOSDATA_TID6,1066
3.315e+06,20,ACK,14
3.31504e+06,12,CTL,20
3.31513e+06,6,RTS,20
3.3152e+06,20,CTS,14
3.31526e+06,6,QOSDATA_TID6,1066
3.31544e+06,20,ACK,14
3.31549e+06,6,CTL,20
3.31557e+06,16,RTS,20
3.31564e+06,20,CTS,14
3.3157e+06,16,QOSDATA_TID6,1066
3.31588e+06,20,ACK,14
3.31593e+06,16,QOSDATA_TID6,1066
3.31611e+06,20,ACK,14
3.31616e+06,16,QOSDATA_TID6,1066
3.31634e+06,20,ACK,14
3.31638e+06,16,CTL,20
3.31647e+06,5,RTS,20
3.31647e+06,13,RTS,20
3.31647e+06,9,RTS,20
3.31654e+06,20,CTS,14
3.3166e+06,5,QOSDATA_TID6,1066
3.31678e+06,20,ACK,14
3.31683e+06,5,CTL,20
3.31691e+06,9,RTS,20
3.31691e+06,10,RTS,20
3.31691e+06,15,RTS,20
3.31701e+06,1,RTS,20
3.31701e+06,2,RTS,20
3.31701e+06,19,RTS,20
3.31711e+06,17,RTS,20
3.31711e+06,4,RTS,20
3.31718e+06,20,CTS,14
3.31724e+06,17,QOSDATA_TID6,1066
3.31742e+06,20,ACK,14
3.31746e+06,17,CTL,20
3.31755e+06,4,RTS,20
3.31762e+06,20,CTS,14
3.31768e+06,4,QOSDATA_TID6,1066
3.31786e+06,20,ACK,14
3.31791e+06,4,CTL,20
3.31799e+06,11,RTS,20
3.31799e+06,7,RTS,20
3.31799e+06,13,RTS,20
3.3181e+06,15,RTS,20
3.3181e+06,19,RTS,20
3.3181e+06,3,RTS,20
3.3181e+06,9,RTS,20
3.3182e+06,7,RTS,20
3.31827e+06,20,CTS,14
3.31833e+06,7,QOSDATA_TID6,1066
3.31851e+06,20,ACK,14
3.31855e+06,7,CTL,20
3.31864e+06,13,RTS,20
3.31864e+06,11,RTS,20
3.31864e+06,8,RTS,20
3.31864e+06,15,RTS,20
3.31864e+06,19,RTS,20
3.31864e+06,18,RTS,20
3.31875e+06,2,RTS,20
3.31882e+06,20,CTS,14
3.31888e+06,2,QOSDATA_TID6,1066
3.31906e+06,20,ACK,14
3.3191e+06,2,QOSDATA_TID6,1066
3.31929e+06,20,ACK,14
3.31933e+06,2,CTL,20
3.31942e+06,1,RTS,20
3.31942e+06,14,RTS,20
3.31948e+06,20,CTS,14
3.31954e+06,1,QOSDATA_TID6,1066
3.31973e+06,20,ACK,14
3.31977e+06,1,CTL,20
3.31987e+06,11,RTS,20
3.31994e+06,20,CTS,14
3.32e+06,11,QOSDATA_TID6,1066
3.32018e+06,20,ACK,14
3.32022e+06,11,QOSDATA_TID6,1066
3.32041e+06,20,ACK,14
3.32045e+06,11,QOSDATA_TID6,1066
3.32064e+06,20,ACK,14
3.32068e+06,11,CTL,20
3.32077e+06,10,RTS,20
3.32083e+06,20,CTS,14
3.32089e+06,10,QOSDATA_TID6,1066
3.32108e+06,20,ACK,14
3.32112e+06,10,CTL,20
3.32121e+06,3,RTS,20
3.32121e+06,19,RTS,20
3.32128e+06,20,CTS,14
3.32134e+06,19,QOSDATA_TID6,1066
3.32152e+06,20,ACK,14
3.32156e+06,19,QOSDATA_TID6,1066
3.32175e+06,20,ACK,14
3.32179e+06,19,CTL,20
3.32189e+06,16,RTS,20
3.32189e+06,18,RTS,20
3.32189e+06,0,RTS,20
3.32189e+06,15,RTS,20
3.32198e+06,7,RTS,20
3.32198e+06,8,RTS,20
3.32198e+06,9,RTS,20
3.32212e+06,15,RTS,20
3.32212e+06,14,RTS,20
3.32223e+06,16,RTS,20
3.32223e+06,3,RTS,20
3.32233e+06,14,RTS,20
3.3224e+06,20,CTS,14
3.32246e+06,14,QOSDATA_TID6,1066
3.32264e+06,20,ACK,14
3.32268e+06,14,CTL,20
3.32277e+06,3,RTS,20
3.32284e+06,20,CTS,14
3.3229e+06,3,QOSDATA_TID6,1066
3.32308e+06,20,ACK,14
3.32313e+06,3,QOSDATA_TID6,1066
3.32331e+06,20,ACK,14
3.32336e+06,3,QOSDATA_TID6,1066
3.32354e+06,20,ACK,14
3.32358e+06,3,CTL,20
3.32367e+06,12,RTS,20
3.32367e+06,11,RTS,20
3.32374e+06,20,CTS,14
3.3238e+06,12,QOSDATA_TID6,1066
3.32398e+06,20,ACK,14
3.32402e+06,12,CTL,20
3.32411e+06,9,RTS,20
3.32418e+06,20,CTS,14
3.32424e+06,9,QOSDATA_TID6,1066
3.32442e+06,20,ACK,14
3.32447e+06,9,QOSDATA_TID6,1066
3.32465e+06,20,ACK,14
3.3247e+06,9,CTL,20
3.32478e+06,2,RTS,20
3.32478e+06,6,RTS,20
3.32478e+06,7,RTS,20
3.32488e+06,19,RTS,20
3.32495e+06,20,CTS,14
3.32501e+06,19,QOSDATA_TID6,1066
3.32519e+06,20,ACK,14
3.32524e+06,19,CTL,20
3.32532e+06,1,RTS,20
3.32532e+06,17,RTS,20
3.32532e+06,5,RTS,20
3.32532e+06,4,RTS,20
3.32532e+06,18,RTS,20
3.32543e+06,8,RTS,20
3.32543e+06,11,RTS,20
3.32543e+06,16,RTS,20
3.3255e+06,20,CTS,14
3.32556e+06,8,QOSDATA_TID6,1066
3.32574e+06,20,ACK,14
3.32578e+06,8,CTL,20
3.32587e+06,15,RTS,20
3.32594e+06,20,CTS,14
3.326e+06,15,QOSDATA_TID6,1066
3.32618e+06,20,ACK,14
3.32623e+06,15,QOSDATA_TID6,1066
3.32641e+06,20,ACK,14
3.32645e+06,15,CTL,20
3.32654e+06,10,RTS,20
3.32661e+06,20,CTS,14
3.32667e+06,10,QOSDATA_TID6,1066
3.32685e+06,20,ACK,14
3.3269e+06,10,CTL,20
3.32698e+06,18,RTS,20
3.32698e+06,6,RTS,20
3.32698e+06,5,RTS,20
3.32698e+06,13,RTS,20
3.32705e+06,20,CTS,14
3.32711e+06,5,QOSDATA_TID6,1066
3.32729e+06,20,ACK,14
3.32734e+06,5,CTL,20
3.32743e+06,2,RTS,20
3.32743e+06,7,RTS,20
3.32743e+06,18,RTS,20
3.32743e+06,6,RTS,20
3.32743e+06,14,RTS,20
3.32753e+06,8,RTS,20
3.3276e+06,20,CTS,14
3.32766e+06,8,QOSDATA_TID6,1066
3.32784e+06,20,ACK,14
3.32789e+06,8,CTL,20
3.32797e+06,1,RTS,20
3.32797e+06,18,RTS,20
3.32804e+06,20,CTS,14
3.3281e+06,1,QOSDATA_TID6,1066
3.32828e+06,20,ACK,14
3.32833e+06,1,CTL,20
3.32842e+06,17,RTS,20
3.32842e+06,6,RTS,20
3.32849e+06,20,CTS,14
3.32855e+06,17,QOSDATA_TID6,1066
3.32874e+06,20,ACK,14
3.32878e+06,17,CTL,20
3.32888e+06,16,RTS,20
3.32888e+06,2,RTS,20
3.32888e+06,0,RTS,20
3.32888e+06,13,RTS,20
3.32899e+06,14,RTS,20
3.32906e+06,20,CTS,14
3.32912e+06,14,QOSDATA_TID6,1066
3.3293e+06,20,ACK,14
3.32935e+06,14,CTL,20
3.32943e+06,2,RTS,20
3.3295e+06,20,CTS,14
3.32956e+06,2,QOSDATA_TID6,1066
3.32974e+06,20,ACK,14
3.32979e+06,2,CTL,20
3.32988e+06,18,RTS,20
3.32988e+06,0,CTS,14
3.33002e+06,0,RTS,20
3.33008e+06,20,CTS,14
3.33014e+06,0,QOSDATA_TID6,1066
3.33033e+06,20,ACK,14
3.33037e+06,0,QOSDATA_TID6,1066
3.33056e+06,20,ACK,14
3.3306e+06,0,CTL,20
3.33068e+06,9,RTS,20
3.33075e+06,20,CTS,14
3.33081e+06,9,QOSDATA_TID6,1066
3.331e+06,20,ACK,14
3.33104e+06,9,CTL,20
3.33114e+06,18,RTS,20
3.33114e+06,16,RTS,20
3.33114e+06,4,RTS,20
3.33124e+06,7,RTS,20
3.33131e+06,20,CTS,14
3.33137e+06,7,QOSDATA_TID6,1066
3.33156e+06,20,ACK,14
3.3316e+06,7,QOSDATA_TID6,1066
3.33178e+06,20,ACK,14
3.33183e+06,7,CTL,20
3.33191e+06,12,RTS,20
3.33191e+06,13,RTS,20
3.33191e+06,17,RTS,20
3.33191e+06,19,RTS,20
3.33201e+06,4,RTS,20
3.33208e+06,20,CTS,14
3.33214e+06,4,QOSDATA_TID6,1066
3.33232e+06,20,ACK,14
3.33237e+06,4,CTL,20
3.33245e+06,1,RTS,20
3.33245e+06,13,RTS,20
3.33245e+06,6,RTS,20
3.33245e+06,18,RTS,20
3.33256e+06,3,RTS,20
3.33263e+06,20,CTS,14
3.33269e+06,3,QOSDATA_TID6,1066
3.33287e+06,20,ACK,14
3.33292e+06,3,CTL,20
3.333e+06,2,RTS,20
3.333e+06,10,RTS,20
3.33307e+06,20,CTS,14
3.33313e+06,2,QOSDATA_TID6,1066
3.33332e+06,20,ACK,14
3.33336e+06,2,CTL,20
3.33344e+06,4,RTS,20
3.33344e+06,13,RTS,20
3.33354e+06,17,RTS,20
3.33361e+06,20,CTS,14
3.33367e+06,17,QOSDATA_TID6,1066
3.33386e+06,20,ACK,14
3.3339e+06,17,CTL,20
3.33398e+06,5,RTS,20
3.33398e+06,10,RTS,20
3.33405e+06,20,CTS,14
3.33411e+06,5,QOSDATA_TID6,1066
3.3343e+06,20,ACK,14
3.33434e+06,5,CTL,20
3.33444e+06,11,RTS,20
3.33444e+06,15,RTS,20
3.33453e+06,18,RTS,20
3.3346e+06,20,CTS,14
3.33466e+06,18,QOSDATA_TID6,1066
3.33485e+06,20,ACK,14
3.33489e+06,18,QOSDATA_TID6,1066
3.33507e+06,20,ACK,14
3.33512e+06,18,CTL,20
3.33521e+06,15,RTS,20
3.33528e+06,20,CTS,14
3.33534e+06,15,QOSDATA_TID6,1066
3.33552e+06,20,ACK,14
3.33557e+06,15,CTL,20
3.33566e+06,8,RTS,20
3.33566e+06,1,RTS,20
3.33566e+06,19,RTS,20
3.33575e+06,11,RTS,20
3.33575e+06,14,RTS,20
3.33586e+06,13,RTS,20
3.33586e+06,10,RTS,20
3.336e+06,10,RTS,20
3.336e+06,19,RTS,20
3.336e+06,1,RTS,20
3.33611e+06,6,RTS,20
3.33618e+06,20,CTS,14
3.33624e+06,6,QOSDATA_TID6,1066
3.33642e+06,20,ACK,14
3.33647e+06,6,QOSDATA_TID6,1066
3.33665e+06,20,ACK,14
3.33669e+06,6,CTL,20
3.33678e+06,14,RTS,20
3.33678e+06,4,RTS,20
3.33688e+06,13,RTS,20
3.33695e+06,20,CTS,14
3.33701e+06,13,QOSDATA_TID6,1066
3.33719e+06,20,ACK,14
3.33723e+06,13,QOSDATA_TID6,1066
3.33742e+06,20,ACK,14
3.33746e+06,13,QOSDATA_TID6,1066
3.33765e+06,20,ACK,14
3.33769e+06,13,QOSDATA_TID6,1066
3.33787e+06,20,ACK,14
3.33792e+06,13,CTL,20
3.338e+06,14,RTS,20
3.338e+06,0,RTS,20
3.33807e+06,20,CTS,14
3.33813e+06,0,QOSDATA_TID6,1066
3.33832e+06,20,ACK,14
3.33836e+06,0,CTL,20
3.33845e+06,14,RTS,20
3.33845e+06,1,RTS,20
3.33851e+06,20,CTS,14
3.33857e+06,1,QOSDATA_TID6,1066
3.33876e+06,20,ACK,14
3.3388e+06,1,CTL,20
3.3389e+06,12,RTS,20
3.3389e+06,4,RTS,20
3.33897e+06,20,CTS,14
3.33903e+06,12,QOSDATA_TID6,1066
3.33921e+06,20,ACK,14
3.33925e+06,12,QOSDATA_TID6,1066
3.33944e+06,20,ACK,14
3.33948e+06,12,CTL,20
3.33957e+06,4,RTS,20
3.33964e+06,20,CTS,14
3.3397e+06,4,QOSDATA_TID6,1066
3.33988e+06,20,ACK,14
3.33992e+06,4,CTL,20
3.34001e+06,1,RTS,20
3.34008e+06,20,CTS,14
3.34014e+06,1,QOSDATA_TID6,1066
3.34032e+06,20,ACK,14
3.34037e+06,1,CTL,20
3.34045e+06,17,RTS,20
3.34045e+06,11,RTS,20
3.34045e+06,16,RTS,20
3.34045e+06,14,RTS,20
3.34052e+06,20,CTS,14
3.34058e+06,17,QOSDATA_TID6,1066
3.34076e+06,20,ACK,14
3.34081e+06,17,CTL,20
3.34089e+06,7,RTS,20
3.34089e+06,3,RTS,20
3.34089e+06,9,RTS,20
3.34096e+06,20,CTS,14
3.34102e+06,7,QOSDATA_TID6,1066
3.34121e+06,20,ACK,14
3.34125e+06,7,CTL,20
3.34134e+06,5,RTS,20
3.34134e+06,6,RTS,20
3.3414e+06,20,CTS,14
3.34146e+06,5,QOSDATA_TID6,1066
3.34165e+06,20,ACK,14
3.34169e+06,5,CTL,20
3.34179e+06,8,RTS,20
3.34179e+06,15,RTS,20
3.34186e+06,20,CTS,14
3.34192e+06,8,QOSDATA_TID6,1066
3.3421e+06,20,ACK,14
3.34214e+06,8,CTL,20
3.34224e+06,15,RTS,20
3.34224e+06,10,RTS,20
3.34231e+06,20,CTS,14
3.34237e+06,15,QOSDATA_TID6,1066
3.34255e+06,20,ACK,14
3.34259e+06,15,CTL,20
3.34268e+06,4,RTS,20
3.34275e+06,20,CTS,14
3.34281e+06,4,QOSDATA_TID6,1066
3.34299e+06,20,ACK,14
3.34304e+06,4,CTL,20
3.34312e+06,11,RTS,20
3.34312e+06,19,RTS,20
3.34312e+06,10,RTS,20
3.34325e+06,3,RTS,20
3.34325e+06,6,RTS,20
3.34332e+06,20,CTS,14
3.34338e+06,6,QOSDATA_TID6,1066
3.34356e+06,20,ACK,14
3.3436e+06,6,CTL,20
3.3437e+06,2,RTS,20
3.3437e+06,8,RTS,20
3.34377e+06,20,CTS,14
3.34383e+06,8,QOSDATA_TID6,1066
3.34401e+06,20,ACK,14
3.34405e+06,8,CTL,20
3.34416e+06,19,RTS,20
3.34416e+06,11,RTS,20
3.34416e+06,16,RTS,20
3.34416e+06,18,RTS,20
3.34416e+06,10,RTS,20
3.34428e+06,2,RTS,20
3.34428e+06,14,RTS,20
3.34435e+06,20,CTS,14
3.34441e+06,2,QOSDATA_TID6,1066
3.3446e+06,20,ACK,14
3.34464e+06,2,CTL,20
3.34473e+06,10,RTS,20
3.3448e+06,20,CTS,14
3.34486e+06,10,QOSDATA_TID6,1066
3.34505e+06,20,ACK,14
3.34509e+06,10,CTL,20
3.34518e+06,16,RTS,20
3.34525e+06,20,CTS,14
3.34531e+06,16,QOSDATA_TID6,1066
3.3455e+06,20,ACK,14
3.34554e+06,16,QOSDATA_TID6,1066
3.34572e+06,20,ACK,14
3.34577e+06,16,QOSDATA_TID6,1066
3.34595e+06,20,ACK,14
3.346e+06,16,CTL,20
3.34608e+06,3,RTS,20
3.34615e+06,20,CTS,14
3.34621e+06,3,QOSDATA_TID6,1066
3.3464e+06,20,ACK,14
3.34644e+06,3,CTL,20
3.34652e+06,9,RTS,20
3.34652e+06,18,RTS,20
3.34652e+06,0,RTS,20
3.34662e+06,11,RTS,20
3.34669e+06,20,CTS,14
3.34675e+06,11,QOSDATA_TID6,1066
3.34694e+06,20,ACK,14
3.34698e+06,11,QOSDATA_TID6,1066
3.34716e+06,20,ACK,14
3.34721e+06,11,QOSDATA_TID6,1066
3.34739e+06,20,ACK,14
3.34744e+06,11,CTL,20
3.34752e+06,17,RTS,20
3.34752e+06,19,RTS,20
3.34752e+06,13,RTS,20
3.34759e+06,20,CTS,14
3.34765e+06,17,QOSDATA_TID6,1066
3.34783e+06,20,ACK,14
3.34788e+06,17,CTL,20
3.34796e+06,18,RTS,20
3.34796e+06,6,RTS,20
3.34806e+06,7,RTS,20
3.34813e+06,20,CTS,14
3.34819e+06,7,QOSDATA_TID6,1066
3.34837e+06,20,ACK,14
3.34842e+06,7,CTL,20
3.3485e+06,1,RTS,20
3.3485e+06,5,RTS,20
3.3485e+06,19,RTS,20
3.3485e+06,18,RTS,20
3.34857e+06,20,CTS,14
3.34863e+06,5,QOSDATA_TID6,1066
3.34882e+06,20,ACK,14
3.34886e+06,5,CTL,20
3.34895e+06,2,RTS,20
3.34895e+06,10,RTS,20
3.34901e+06,20,CTS,14
3.34907e+06,2,QOSDATA_TID6,1066
3.34926e+06,20,ACK,14
3.3493e+06,2,CTL,20
3.34939e+06,15,RTS,20
3.34946e+06,20,CTS,14
3.34952e+06,15,QOSDATA_TID6,1066
3.3497e+06,20,ACK,14
3.34974e+06,15,CTL,20
3.34983e+06,14,RTS,20
3.34983e+06,6,RTS,20
3.34983e+06,12,RTS,20
3.34983e+06,4,RTS,20
3.34983e+06,3,RTS,20
3.3499e+06,20,CTS,14
3.34996e+06,12,QOSDATA_TID6,1066
3.35014e+06,20,ACK,14
3.35019e+06,12,CTL,20
3.35027e+06,14,RTS,20
3.35034e+06,20,CTS,14
3.3504e+06,14,QOSDATA_TID6,1066
3.35058e+06,20,ACK,14
3.35063e+06,14,CTL,20
3.35071e+06,0,RTS,20
3.35071e+06,8,RTS,20
3.35071e+06,19,RTS,20
3.35071e+06,9,RTS,20
3.35082e+06,1,RTS,20
3.35082e+06,13,RTS,20
3.35089e+06,20,CTS,14
3.35095e+06,1,QOSDATA_TID6,1066
3.35113e+06,20,ACK,14
3.35118e+06,1,CTL,20
3.35126e+06,13,RTS,20
3.35133e+06,20,CTS,14
3.35139e+06,13,QOSDATA_TID6,1066
3.35158e+06,20,ACK,14
3.35162e+06,13,CTL,20
3.3517e+06,18,RTS,20
3.35177e+06,20,CTS,14
3.35183e+06,18,QOSDATA_TID6,1066
3.35202e+06,20,ACK,14
3.35206e+06,18,QOSDATA_TID6,1066
3.35224e+06,20,ACK,14
3.35229e+06,18,CTL,20
3.35238e+06,4,RTS,20
3.35244e+06,20,CTS,14
3.3525e+06,4,QOSDATA_TID6,1066
3.35269e+06,20,ACK,14
3.35273e+06,4,CTL,20
3.35282e+06,19,RTS,20
3.35282e+06,14,RTS,20
3.35288e+06,20,CTS,14
3.35294e+06,19,QOSDATA_TID6,1066
3.35313e+06,20,ACK,14
3.35317e+06,19,QOSDATA_TID6,1066
3.35336e+06,20,ACK,14
3.3534e+06,19,CTL,20
3.35349e+06,7,RTS,20
3.35356e+06,20,CTS,14
3.35362e+06,7,QOSDATA_TID6,1066
3.3538e+06,20,ACK,14
3.35384e+06,7,CTL,20
3.35393e+06,10,RTS,20
3.354e+06,20,CTS,14
3.35406e+06,10,QOSDATA_TID6,1066
3.35424e+06,20,ACK,14
3.35428e+06,10,CTL,20
3.35437e+06,3,RTS,20
3.35437e+06,0,CTS,14
3.35437e+06,8,RTS,20
3.35451e+06,0,RTS,20
3.35458e+06,20,CTS,14
3.35464e+06,0,QOSDATA_TID6,1066
3.35482e+06,20,ACK,14
3.35487e+06,0,QOSDATA_TID6,1066
3.35505e+06,20,ACK,14
3.3551e+06,0,CTL,20
3.35518e+06,12,RTS,20
3.35518e+06,1,RTS,20
3.35518e+06,13,RTS,20
3.35525e+06,20,CTS,14
3.35531e+06,12,QOSDATA_TID6,1066
3.35549e+06,20,ACK,14
3.35554e+06,12,CTL,20
3.35562e+06,6,RTS,20
3.35562e+06,9,RTS,20
3.35569e+06,20,CTS,14
3.35575e+06,6,QOSDATA_TID6,1066
3.35594e+06,20,ACK,14
3.35598e+06,6,QOSDATA_TID6,1066
3.35616e+06,20,ACK,14
3.35621e+06,6,CTL,20
3.35629e+06,5,RTS,20
3.35636e+06,20,CTS,14
3.35642e+06,5,QOSDATA_TID6,1066
3.35661e+06,20,ACK,14
3.35665e+06,5,CTL,20
3.35674e+06,17,RTS,20
3.35674e+06,19,RTS,20
3.35674e+06,16,RTS,20
3.35674e+06,15,RTS,20
3.35684e+06,8,RTS,20
3.35684e+06,2,RTS,20
3.35684e+06,3,RTS,20
3.35695e+06,10,RTS,20
3.35695e+06,14,RTS,20
3.35706e+06,11,RTS,20
3.35712e+06,20,CTS,14
3.35718e+06,11,QOSDATA_TID6,1066
3.35737e+06,20,ACK,14
3.35741e+06,11,CTL,20
3.3575e+06,16,RTS,20
3.35757e+06,20,CTS,14
3.35763e+06,16,QOSDATA_TID6,1066
3.35781e+06,20,ACK,14
3.35786e+06,16,CTL,20
3.35794e+06,4,RTS,20
3.35801e+06,20,CTS,14
3.35807e+06,4,QOSDATA_TID6,1066
3.35825e+06,20,ACK,14
3.3583e+06,4,CTL,20
3.35838e+06,1,RTS,20
3.35838e+06,13,RTS,20
3.35838e+06,2,RTS,20
3.35848e+06,14,RTS,20
3.35855e+06,20,CTS,14
3.35861e+06,14,QOSDATA_TID6,1066
3.35879e+06,20,ACK,14
3.35884e+06,14,CTL,20
3.35893e+06,13,RTS,20
3.35893e+06,18,RTS,20
3.35893e+06,9,RTS,20
3.35905e+06,19,RTS,20
3.35905e+06,8,RTS,20
3.35912e+06,20,CTS,14
3.35918e+06,8,QOSDATA_TID6,1066
3.35936e+06,20,ACK,14
3.3594e+06,8,QOSDATA_TID6,1066
3.35959e+06,20,ACK,14
3.35963e+06,8,CTL,20
3.35972e+06,17,RTS,20
3.35979e+06,20,CTS,14
3.35985e+06,17,QOSDATA_TID6,1066
3.36003e+06,20,ACK,14
3.36007e+06,17,CTL,20
3.36016e+06,2,RTS,20
3.36016e+06,14,RTS,20
3.36023e+06,20,CTS,14
3.36029e+06,2,QOSDATA_TID6,1066
3.36047e+06,20,ACK,14
3.36052e+06,2,CTL,20
3.3606e+06,16,RTS,20
3.36067e+06,20,CTS,14
3.36073e+06,16,QOSDATA_TID6,1066
3.36091e+06,20,ACK,14
3.36096e+06,16,CTL,20
3.36104e+06,9,RTS,20
3.36111e+06,20,CTS,14
3.36117e+06,9,QOSDATA_TID6,1066
3.36136e+06,20,ACK,14
3.3614e+06,9,QOSDATA_TID6,1066
3.36158e+06,20,ACK,14
3.36163e+06,9,QOSDATA_TID6,1066
3.36181e+06,20,ACK,14
3.36186e+06,9,QOSDATA_TID6,1066
3.36204e+06,20,ACK,14
3.36208e+06,9,CTL,20
3.36217e+06,10,RTS,20
3.36217e+06,19,RTS,20
3.36217e+06,15,RTS,20
3.36228e+06,3,RTS,20
3.36235e+06,20,CTS,14
3.36241e+06,3,QOSDATA_TID6,1066
3.36259e+06,20,ACK,14
3.36263e+06,3,QOSDATA_TID6,1066
3.36282e+06,20,ACK,14
3.36286e+06,3,QOSDATA_TID6,1066
3.36305e+06,20,ACK,14
3.36309e+06,3,CTL,20
3.36318e+06,19,RTS,20
3.36318e+06,0,RTS,20
3.36318e+06,11,RTS,20
3.36318e+06,7,RTS,20
3.36328e+06,10,RTS,20
3.36335e+06,20,CTS,14
3.36341e+06,10,QOSDATA_TID6,1066
3.3636e+06,20,ACK,14
3.36364e+06,10,CTL,20
3.36372e+06,0,RTS,20
3.36372e+06,15,RTS,20
3.36382e+06,17,RTS,20
3.36382e+06,1,RTS,20
3.36393e+06,13,RTS,20
3.364e+06,20,CTS,14
3.36406e+06,13,QOSDATA_TID6,1066
3.36425e+06,20,ACK,14
3.36429e+06,13,QOSDATA_TID6,1066
3.36447e+06,20,ACK,14
3.36452e+06,13,CTL,20
3.3646e+06,12,RTS,20
3.3646e+06,5,RTS,20
3.3647e+06,14,RTS,20
3.36477e+06,20,CTS,14
3.36483e+06,14,QOSDATA_TID6,1066
3.36501e+06,20,ACK,14
3.36506e+06,14,CTL,20
3.36514e+06,6,RTS,20
3.36521e+06,20,CTS,14
3.36527e+06,6,QOSDATA_TID6,1066
3.36546e+06,20,ACK,14
3.3655e+06,6,CTL,20
3.36559e+06,18,RTS,20
3.36559e+06,15,RTS,20
3.36559e+06,2,RTS,20
3.36559e+06,5,RTS,20
3.36559e+06,17,RTS,20
3.36559e+06,19,RTS,20
3.36559e+06,4,RTS,20
3.36568e+06,0,CTS,14
3.36582e+06,0,RTS,20
3.36588e+06,20,CTS,14
3.36594e+06,0,QOSDATA_TID6,1066
3.36613e+06,20,ACK,14
3.36617e+06,0,CTL,20
3.36626e+06,2,RTS,20
3.36626e+06,5,RTS,20
3.36626e+06,11,RTS,20
3.36633e+06,20,CTS,14
3.36639e+06,5,QOSDATA_TID6,1066
3.36657e+06,20,ACK,14
3.36661e+06,5,CTL,20
3.36671e+06,17,RTS,20
3.36671e+06,18,RTS,20
3.36671e+06,10,RTS,20
3.36678e+06,20,CTS,14
3.36684e+06,17,QOSDATA_TID6,1066
3.36702e+06,20,ACK,14
3.36706e+06,17,CTL,20
3.36715e+06,15,RTS,20
3.36722e+06,20,CTS,14
3.36728e+06,15,QOSDATA_TID6,1066
3.36746e+06,20,ACK,14
3.36751e+06,15,QOSDATA_TID6,1066
3.36769e+06,20,ACK,14
3.36774e+06,15,CTL,20
3.36783e+06,14,RTS,20
3.36783e+06,8,RTS,20
3.36783e+06,1,RTS,20
3.36793e+06,11,RTS,20
3.368e+06,20,CTS,14
3.36806e+06,11,QOSDATA_TID6,1066
3.36824e+06,20,ACK,14
3.36828e+06,11,CTL,20
3.36838e+06,12,RTS,20
3.36838e+06,7,RTS,20
3.36845e+06,20,CTS,14
3.36851e+06,12,QOSDATA_TID6,1066
3.36869e+06,20,ACK,14
3.36874e+06,12,CTL,20
3.36883e+06,7,RTS,20
3.36883e+06,18,RTS,20
3.3689e+06,20,CTS,14
3.36896e+06,7,QOSDATA_TID6,1066
3.36914e+06,20,ACK,14
3.36919e+06,7,CTL,20
3.36927e+06,19,RTS,20
3.36934e+06,20,CTS,14
3.3694e+06,19,QOSDATA_TID6,1066
3.36958e+06,20,ACK,14
3.36963e+06,19,QOSDATA_TID6,1066
3.36981e+06,20,ACK,14
3.36986e+06,19,CTL,20
3.36994e+06,13,RTS,20
3.37001e+06,20,CTS,14
3.37007e+06,13,QOSDATA_TID6,1066
3.37026e+06,20,ACK,14
3.3703e+06,13,CTL,20
3.37038e+06,7,RTS,20
3.37038e+06,16,RTS,20
3.37038e+06,2,RTS,20
3.37038e+06,10,RTS,20
3.37038e+06,9,RTS,20
3.37049e+06,18,RTS,20
3.37049e+06,0,RTS,20
3.37049e+06,14,RTS,20
3.3706e+06,12,RTS,20
3.3706e+06,4,RTS,20
3.37067e+06,20,CTS,14
3.37073e+06,12,QOSDATA_TID6,1066
3.37091e+06,20,ACK,14
3.37096e+06,12,CTL,20
3.37104e+06,11,RTS,20
3.37104e+06,4,RTS,20
3.37104e+06,2,RTS,20
3.37104e+06,0,RTS,20
3.37114e+06,18,RTS,20
3.37121e+06,20,CTS,14
3.37127e+06,18,QOSDATA_TID6,1066
3.37145e+06,20,ACK,14
3.3715e+06,18,QOSDATA_TID6,1066
3.37168e+06,20,ACK,14
3.37172e+06,18,CTL,20
3.37181e+06,6,RTS,20
3.37181e+06,8,RTS,20
3.37181e+06,19,RTS,20
3.37191e+06,17,RTS,20
3.37198e+06,20,CTS,14
3.37204e+06,17,QOSDATA_TID6,1066
3.37222e+06,20,ACK,14
3.37226e+06,17,CTL,20
3.37235e+06,8,RTS,20
3.37235e+06,1,RTS,20
3.37235e+06,7,RTS,20
3.37235e+06,16,RTS,20
3.37235e+06,2,RTS,20
3.37235e+06,3,RTS,20
3.37245e+06,5,RTS,20
3.37245e+06,10,RTS,20
3.37252e+06,20,CTS,14
3.37258e+06,5,QOSDATA_TID6,1066
3.37276e+06,20,ACK,14
3.3728e+06,5,CTL,20
3.37289e+06,8,RTS,20
3.37289e+06,10,RTS,20
3.37296e+06,20,CTS,14
3.37302e+06,8,QOSDATA_TID6,1066
3.3732e+06,20,ACK,14
3.37324e+06,8,CTL,20
3.37335e+06,2,RTS,20
3.37335e+06,15,RTS,20
3.37335e+06,14,RTS,20
3.37346e+06,11,RTS,20
3.37353e+06,20,CTS,14
3.37359e+06,11,QOSDATA_TID6,1066
3.37378e+06,20,ACK,14
3.37382e+06,11,CTL,20
3.37391e+06,0,CTS,14
3.37404e+06,0,RTS,20
3.37411e+06,20,CTS,14
3.37417e+06,0,QOSDATA_TID6,1066
3.37435e+06,20,ACK,14
3.3744e+06,0,CTL,20
3.37448e+06,6,RTS,20
3.37448e+06,14,RTS,20
3.37448e+06,1,RTS,20
3.37448e+06,16,RTS,20
3.37459e+06,7,RTS,20
3.37466e+06,20,CTS,14
3.37472e+06,7,QOSDATA_TID6,1066
3.3749e+06,20,ACK,14
3.37494e+06,7,CTL,20
3.37503e+06,8,RTS,20
3.37503e+06,2,RTS,20
3.37503e+06,6,RTS,20
3.37503e+06,3,RTS,20
3.37513e+06,10,RTS,20
3.3752e+06,20,CTS,14
3.37526e+06,10,QOSDATA_TID6,1066
3.37544e+06,20,ACK,14
3.37548e+06,10,QOSDATA_TID6,1066
3.37567e+06,20,ACK,14
3.37571e+06,10,CTL,20
3.3758e+06,18,RTS,20
3.3758e+06,2,RTS,20
3.3759e+06,14,RTS,20
3.3759e+06,4,RTS,20
3.37602e+06,3,RTS,20
3.37602e+06,9,RTS,20
3.37611e+06,2,RTS,20
3.37618e+06,20,CTS,14
3.37624e+06,2,QOSDATA_TID6,1066
3.37643e+06,20,ACK,14
3.37647e+06,2,CTL,20
3.37656e+06,8,RTS,20
3.37656e+06,6,RTS,20
3.37656e+06,15,RTS,20
3.37666e+06,3,RTS,20
3.37673e+06,20,CTS,14
3.37679e+06,3,QOSDATA_TID6,1066
3.37698e+06,20,ACK,14
3.37702e+06,3,CTL,20
3.3771e+06,0,RTS,20
3.3771e+06,6,RTS,20
3.37721e+06,14,RTS,20
3.37721e+06,8,RTS,20
3.37721e+06,9,RTS,20
3.37728e+06,20,CTS,14
3.37734e+06,8,QOSDATA_TID6,1066
3.37752e+06,20,ACK,14
3.37757e+06,8,CTL,20
3.37765e+06,7,RTS,20
3.37765e+06,14,RTS,20
3.37772e+06,20,CTS,14
3.37778e+06,7,QOSDATA_TID6,1066
3.37797e+06,20,ACK,14
3.37801e+06,7,CTL,20
3.3781e+06,13,RTS,20
3.3781e+06,14,RTS,20
3.37821e+06,19,RTS,20
3.37828e+06,20,CTS,14
3.37834e+06,19,QOSDATA_TID6,1066
3.37852e+06,20,ACK,14
3.37857e+06,19,CTL,20
3.37866e+06,12,RTS,20
3.37872e+06,20,CTS,14
3.37878e+06,12,QOSDATA_TID6,1066
3.37897e+06,20,ACK,14
3.37901e+06,12,CTL,20
3.3791e+06,1,RTS,20
3.3791e+06,9,RTS,20
3.37916e+06,20,CTS,14
3.37922e+06,1,QOSDATA_TID6,1066
3.37941e+06,20,ACK,14
3.37945e+06,1,QOSDATA_TID6,1066
3.37964e+06,20,ACK,14
3.37968e+06,1,QOSDATA_TID6,1066
3.37986e+06,20,ACK,14
3.37991e+06,1,QOSDATA_TID6,1066
3.38009e+06,20,ACK,14
3.38014e+06,1,CTL,20
3.38022e+06,14,RTS,20
3.38029e+06,20,CTS,14
3.38035e+06,14,QOSDATA_TID6,1066
3.38054e+06,20,ACK,14
3.38058e+06,14,CTL,20
3.38066e+06,13,RTS,20
3.38066e+06,19,RTS,20
3.38066e+06,11,RTS,20
3.38066e+06,4,RTS,20
3.38076e+06,16,RTS,20
3.38083e+06,20,CTS,14
3.38089e+06,16,QOSDATA_TID6,1066
3.38108e+06,20,ACK,14
3.38112e+06,16,QOSDATA_TID6,1066
3.3813e+06,20,ACK,14
3.38135e+06,16,CTL,20
3.38143e+06,18,RTS,20
3.38143e+06,6,RTS,20
3.38153e+06,5,RTS,20
3.3816e+06,20,CTS,14
3.38166e+06,5,QOSDATA_TID6,1066
3.38184e+06,20,ACK,14
3.38189e+06,5,CTL,20
3.38197e+06,17,RTS,20
3.38197e+06,4,RTS,20
3.38197e+06,13,RTS,20
3.38204e+06,20,CTS,14
3.3821e+06,17,QOSDATA_TID6,1066
3.38228e+06,20,ACK,14
3.38233e+06,17,CTL,20
3.38242e+06,0,RTS,20
3.38242e+06,13,RTS,20
3.38242e+06,6,RTS,20
3.38242e+06,10,RTS,20
3.38251e+06,2,RTS,20
3.38251e+06,3,RTS,20
3.38258e+06,20,CTS,14
3.38264e+06,2,QOSDATA_TID6,1066
3.38282e+06,20,ACK,14
3.38287e+06,2,CTL,20
3.38296e+06,8,RTS,20
3.38296e+06,6,RTS,20
3.38296e+06,13,RTS,20
3.38303e+06,20,CTS,14
3.38309e+06,8,QOSDATA_TID6,1066
3.38328e+06,20,ACK,14
3.38332e+06,8,CTL,20
3.38342e+06,4,RTS,20
3.38342e+06,10,RTS,20
3.38352e+06,19,RTS,20
3.38359e+06,20,CTS,14
3.38365e+06,19,QOSDATA_TID6,1066
3.38383e+06,20,ACK,14
3.38388e+06,19,CTL,20
3.38396e+06,15,RTS,20
3.38403e+06,20,CTS,14
3.38409e+06,15,QOSDATA_TID6,1066
3.38428e+06,20,ACK,14
3.38432e+06,15,QOSDATA_TID6,1066
3.3845e+06,20,ACK,14
3.38455e+06,15,CTL,20
3.38463e+06,14,RTS,20
3.3847e+06,20,CTS,14
3.38476e+06,14,QOSDATA_TID6,1066
3.38495e+06,20,ACK,14
3.38499e+06,14,CTL,20
3.38508e+06,10,RTS,20
3.38514e+06,20,CTS,14
3.3852e+06,10,QOSDATA_TID6,1066
3.38539e+06,20,ACK,14
3.38543e+06,10,CTL,20
3.38552e+06,9,RTS,20
3.38552e+06,3,RTS,20
3.38552e+06,6,RTS,20
3.38552e+06,7,RTS,20
3.38552e+06,11,RTS,20
3.38552e+06,16,RTS,20
3.38562e+06,4,RTS,20
3.38569e+06,20,CTS,14
3.38575e+06,4,QOSDATA_TID6,1066
3.38594e+06,20,ACK,14
3.38598e+06,4,QOSDATA_TID6,1066
3.38616e+06,20,ACK,14
3.38621e+06,4,CTL,20
3.3863e+06,7,RTS,20
3.3863e+06,18,RTS,20
3.38636e+06,20,CTS,14
3.38642e+06,7,QOSDATA_TID6,1066
3.38661e+06,20,ACK,14
3.38665e+06,7,CTL,20
3.38675e+06,0,CTS,14
3.38675e+06,9,RTS,20
3.38685e+06,0,RTS,20
3.38692e+06,20,CTS,14
3.38698e+06,0,QOSDATA_TID6,1066
3.38716e+06,20,ACK,14
3.38721e+06,0,QOSDATA_TID6,1066
3.38739e+06,20,ACK,14
3.38744e+06,0,CTL,20
3.38752e+06,12,RTS,20
3.38752e+06,17,RTS,20
3.38762e+06,9,RTS,20
3.38769e+06,20,CTS,14
3.38775e+06,9,QOSDATA_TID6,1066
3.38793e+06,20,ACK,14
3.38798e+06,9,QOSDATA_TID6,1066
3.38816e+06,20,ACK,14
3.3882e+06,9,QOSDATA_TID6,1066
3.38839e+06,20,ACK,14
3.38843e+06,9,CTL,20
3.38853e+06,16,RTS,20
3.38859e+06,20,CTS,14
3.38865e+06,16,QOSDATA_TID6,1066
3.38884e+06,20,ACK,14
3.38888e+06,16,CTL,20
3.38897e+06,1,RTS,20
3.38897e+06,3,RTS,20
3.38904e+06,20,CTS,14
3.3891e+06,1,QOSDATA_TID6,1066
3.38928e+06,20,ACK,14
3.38932e+06,1,CTL,20
3.38942e+06,19,RTS,20
3.38942e+06,5,RTS,20
3.38942e+06,11,RTS,20
3.38942e+06,2,RTS,20
3.38942e+06,13,RTS,20
3.38942e+06,15,RTS,20
3.38942e+06,6,RTS,20
3.38953e+06,10,RTS,20
3.38959e+06,20,CTS,14
3.38965e+06,10,QOSDATA_TID6,1066
3.38984e+06,20,ACK,14
3.38988e+06,10,CTL,20
3.38998e+06,18,RTS,20
3.38998e+06,17,RTS,20
3.38998e+06,12,RTS,20
3.38998e+06,11,RTS,20
3.3901e+06,13,RTS,20
3.39017e+06,20,CTS,14
3.39023e+06,13,QOSDATA_TID6,1066
3.39041e+06,20,ACK,14
3.39046e+06,13,QOSDATA_TID6,1066
3.39064e+06,20,ACK,14
3.39069e+06,13,CTL,20
3.39077e+06,18,RTS,20
3.39084e+06,20,CTS,14
3.3909e+06,18,QOSDATA_TID6,1066
3.39108e+06,20,ACK,14
3.39113e+06,18,QOSDATA_TID6,1066
3.39131e+06,20,ACK,14
3.39136e+06,18,QOSDATA_TID6,1066
3.39154e+06,20,ACK,14
3.39158e+06,18,CTL,20
3.39167e+06,3,RTS,20
3.39167e+06,14,RTS,20
3.39167e+06,11,RTS,20
3.39178e+06,19,RTS,20
3.39184e+06,20,CTS,14
3.3919e+06,19,QOSDATA_TID6,1066
3.39209e+06,20,ACK,14
3.39213e+06,19,CTL,20
3.39223e+06,8,RTS,20
3.39223e+06,4,RTS,20
3.3923e+06,20,CTS,14
3.39236e+06,8,QOSDATA_TID6,1066
3.39254e+06,20,ACK,14
3.39258e+06,8,CTL,20
3.39267e+06,15,RTS,20
3.39274e+06,20,CTS,14
3.3928e+06,15,QOSDATA_TID6,1066
3.39298e+06,20,ACK,14
3.39303e+06,15,CTL,20
3.39311e+06,0,RTS,20
3.39311e+06,16,RTS,20
3.39311e+06,4,RTS,20
3.39321e+06,3,RTS,20
3.39328e+06,20,CTS,14
3.39334e+06,3,QOSDATA_TID6,1066
3.39352e+06,20,ACK,14
3.39357e+06,3,QOSDATA_TID6,1066
3.39375e+06,20,ACK,14
3.3938e+06,3,CTL,20
3.39388e+06,9,RTS,20
3.39388e+06,12,RTS,20
3.39395e+06,20,CTS,14
3.39401e+06,12,QOSDATA_TID6,1066
3.39419e+06,20,ACK,14
3.39424e+06,12,CTL,20
3.39433e+06,17,RTS,20
3.39433e+06,5,RTS,20
3.39433e+06,4,RTS,20
3.39433e+06,0,RTS,20
3.39433e+06,6,RTS,20
3.39443e+06,13,RTS,20
3.3945e+06,20,CTS,14
3.39456e+06,13,QOSDATA_TID6,1066
3.39474e+06,20,ACK,14
3.39479e+06,13,CTL,20
3.39487e+06,7,RTS,20
3.39487e+06,12,RTS,20
3.39487e+06,2,RTS,20
3.39487e+06,3,RTS,20
3.39497e+06,19,RTS,20
3.39504e+06,20,CTS,14
3.3951e+06,19,QOSDATA_TID6,1066
3.39528e+06,20,ACK,14
3.39533e+06,19,CTL,20
3.3954e+06,20,BEACON,152
3.39566e+06,5,RTS,20
3.39573e+06,20,CTS,14
3.39579e+06,5,QOSDATA_TID6,1066
3.39598e+06,20,ACK,14
3.39602e+06,5,CTL,20
3.39611e+06,11,RTS,20
3.39611e+06,14,RTS,20
3.39622e+06,2,RTS,20
3.39622e+06,9,RTS,20
3.39629e+06,20,CTS,14
3.39635e+06,2,QOSDATA_TID6,1066
3.39654e+06,20,ACK,14
3.39658e+06,2,CTL,20
3.39666e+06,2,RTS,20
3.39666e+06,15,RTS,20
3.39677e+06,0,CTS,14
3.3969e+06,0,RTS,20
3.39697e+06,20,CTS,14
3.39703e+06,0,QOSDATA_TID6,1066
3.39722e+06,20,ACK,14
3.39726e+06,0,CTL,20
3.39735e+06,6,RTS,20
3.39735e+06,11,RTS,20
3.39745e+06,9,RTS,20
3.39752e+06,20,CTS,14
3.39758e+06,9,QOSDATA_TID6,1066
3.39776e+06,20,ACK,14
3.39781e+06,9,CTL,20
3.3979e+06,3,RTS,20
3.3979e+06,6,RTS,20
3.39796e+06,20,CTS,14
3.39802e+06,6,QOSDATA_TID6,1066
3.39821e+06,20,ACK,14
3.39825e+06,6,QOSDATA_TID6,1066
3.39844e+06,20,ACK,14
3.39848e+06,6,QOSDATA_TID6,1066
3.39866e+06,20,ACK,14
3.39871e+06,6,CTL,20
3.39879e+06,5,RTS,20
3.39879e+06,8,RTS,20
3.39879e+06,4,RTS,20
3.39886e+06,20,CTS,14
3.39892e+06,5,QOSDATA_TID6,1066
3.3991e+06,20,ACK,14
3.39915e+06,5,CTL,20
3.39924e+06,8,RTS,20
3.39924e+06,10,RTS,20
3.39924e+06,15,RTS,20
3.3993e+06,20,CTS,14
3.39936e+06,8,QOSDATA_TID6,1066
3.39955e+06,20,ACK,14
3.39959e+06,8,CTL,20
3.39969e+06,17,RTS,20
3.39969e+06,16,RTS,20
3.39969e+06,10,RTS,20
3.39969e+06,14,RTS,20
3.39975e+06,20,CTS,14
3.39981e+06,17,QOSDATA_TID6,1066
3.4e+06,20,ACK,14
3.40004e+06,17,QOSDATA_TID6,1066
3.40023e+06,20,ACK,14
3.40027e+06,17,CTL,20
3.40036e+06,16,RTS,20
3.40042e+06,20,CTS,14
3.40048e+06,16,QOSDATA_TID6,1066
3.40067e+06,20,ACK,14
3.40071e+06,16,QOSDATA_TID6,1066
3.4009e+06,20,ACK,14
3.40094e+06,16,CTL,20
3.40104e+06,1,RTS,20
3.40104e+06,7,RTS,20
3.40104e+06,18,RTS,20
3.40113e+06,15,RTS,20
3.4012e+06,20,CTS,14
3.40126e+06,15,QOSDATA_TID6,1066
3.40144e+06,20,ACK,14
3.40149e+06,15,CTL,20
3.40158e+06,0,RTS,20
3.40158e+06,3,RTS,20
3.40165e+06,20,CTS,14
3.40171e+06,0,QOSDATA_TID6,1066
3.4019e+06,20,ACK,14
3.40194e+06,0,CTL,20
3.40203e+06,12,RTS,20
3.40203e+06,3,RTS,20
3.40203e+06,7,RTS,20
3.40209e+06,20,CTS,14
3.40216e+06,12,QOSDATA_TID6,1066
3.40234e+06,20,ACK,14
3.40238e+06,12,QOSDATA_TID6,1066
3.40257e+06,20,ACK,14
3.40261e+06,12,CTL,20
3.40271e+06,13,RTS,20
3.40271e+06,3,RTS,20
3.40282e+06,11,RTS,20
3.40289e+06,20,CTS,14
3.40295e+06,11,QOSDATA_TID6,1066
3.40313e+06,20,ACK,14
3.40318e+06,11,QOSDATA_TID6,1066
3.40336e+06,20,ACK,14
3.40341e+06,11,QOSDATA_TID6,1066
3.40359e+06,20,ACK,14
3.40363e+06,11,CTL,20
3.40372e+06,19,RTS,20
3.40372e+06,6,RTS,20
3.40383e+06,2,RTS,20
3.4039e+06,20,CTS,14
3.40396e+06,2,QOSDATA_TID6,1066
3.40414e+06,20,ACK,14
3.40418e+06,2,CTL,20
3.40428e+06,17,RTS,20
3.40428e+06,1,RTS,20
3.40438e+06,9,RTS,20
3.40438e+06,13,RTS,20
3.40438e+06,6,RTS,20
3.40448e+06,10,RTS,20
3.40449e+06,5,RTS,20
3.40456e+06,20,CTS,14
3.40462e+06,5,QOSDATA_TID6,1066
3.4048e+06,20,ACK,14
3.40484e+06,5,CTL,20
3.40494e+06,2,RTS,20
3.40494e+06,3,RTS,20
3.40494e+06,9,RTS,20
3.40504e+06,7,RTS,20
3.40504e+06,15,RTS,20
3.40504e+06,14,RTS,20
3.40514e+06,10,RTS,20
3.40514e+06,9,RTS,20
3.40524e+06,13,RTS,20
3.40531e+06,20,CTS,14
3.40537e+06,13,QOSDATA_TID6,1066
3.40555e+06,20,ACK,14
3.4056e+06,13,CTL,20
3.40568e+06,4,RTS,20
3.40575e+06,20,CTS,14
3.40581e+06,4,QOSDATA_TID6,1066
3.406e+06,20,ACK,14
3.40604e+06,4,QOSDATA_TID6,1066
3.40622e+06,20,ACK,14
3.40627e+06,4,QOSDATA_TID6,1066
3.40645e+06,20,ACK,14
3.4065e+06,4,CTL,20
3.40658e+06,1,RTS,20
3.40658e+06,17,RTS,20
3.40668e+06,8,RTS,20
3.40668e+06,19,RTS,20
3.40668e+06,18,RTS,20
3.40678e+06,1,RTS,20
3.40684e+06,20,CTS,14
3.4069e+06,1,QOSDATA_TID6,1066
3.40709e+06,20,ACK,14
3.40713e+06,1,QOSDATA_TID6,1066
3.40732e+06,20,ACK,14
3.40736e+06,1,CTL,20
3.40745e+06,7,RTS,20
3.40745e+06,3,RTS,20
3.40745e+06,15,RTS,20
3.40745e+06,14,RTS,20
3.40755e+06,6,RTS,20
3.40762e+06,20,CTS,14
3.40768e+06,6,QOSDATA_TID6,1066
3.40787e+06,20,ACK,14
3.40791e+06,6,CTL,20
3.408e+06,15,RTS,20
3.408e+06,2,RTS,20
3.408e+06,8,RTS,20
3.408e+06,17,RTS,20
3.4081e+06,19,RTS,20
3.40817e+06,20,CTS,14
3.40823e+06,19,QOSDATA_TID6,1066
3.40842e+06,20,ACK,14
3.40846e+06,19,CTL,20
3.40854e+06,16,RTS,20
3.40861e+06,20,CTS,14
3.40867e+06,16,QOSDATA_TID6,1066
3.40886e+06,20,ACK,14
3.4089e+06,16,CTL,20
3.409e+06,18,RTS,20
3.40906e+06,20,CTS,14
3.40912e+06,18,QOSDATA_TID6,1066
3.40931e+06,20,ACK,14
3.40935e+06,18,QOSDATA_TID6,1066
3.40954e+06,20,ACK,14
3.40958e+06,18,CTL,20
3.40967e+06,9,RTS,20
3.40973e+06,20,CTS,14
3.4098e+06,9,QOSDATA_TID6,1066
3.40998e+06,20,ACK,14
3.41002e+06,9,QOSDATA_TID6,1066
3.41021e+06,20,ACK,14
3.41025e+06,9,CTL,20
3.41034e+06,10,RTS,20
3.41034e+06,14,RTS,20
3.41044e+06,8,RTS,20
3.41044e+06,17,RTS,20
3.41054e+06,12,RTS,20
3.41054e+06,0,RTS,20
3.41054e+06,10,RTS,20
3.41055e+06,13,RTS,20
3.41061e+06,20,CTS,14
3.41067e+06,12,QOSDATA_TID6,1066
3.41085e+06,20,ACK,14
3.4109e+06,12,CTL,20
3.41098e+06,8,RTS,20
3.41098e+06,17,RTS,20
3.41098e+06,19,RTS,20
3.41108e+06,6,RTS,20
3.41115e+06,20,CTS,14
3.41121e+06,6,QOSDATA_TID6,1066
3.41139e+06,20,ACK,14
3.41144e+06,6,CTL,20
3.41152e+06,7,RTS,20
3.41152e+06,13,RTS,20
3.41152e+06,11,RTS,20
3.41162e+06,2,RTS,20
3.41162e+06,15,RTS,20
3.41172e+06,0,RTS,20
3.41179e+06,20,CTS,14
3.41185e+06,0,QOSDATA_TID6,1066
3.41203e+06,20,ACK,14
3.41208e+06,0,CTL,20
3.41217e+06,14,RTS,20
3.41217e+06,3,RTS,20
3.41217e+06,7,RTS,20
3.41217e+06,1,RTS,20
3.41217e+06,19,RTS,20
3.41228e+06,17,RTS,20
3.41235e+06,20,CTS,14
3.41241e+06,17,QOSDATA_TID6,1066
3.41259e+06,20,ACK,14
3.41263e+06,17,QOSDATA_TID6,1066
3.41282e+06,20,ACK,14
3.41286e+06,17,CTL,20
3.41295e+06,7,RTS,20
3.41302e+06,20,CTS,14
3.41308e+06,7,QOSDATA_TID6,1066
3.41326e+06,20,ACK,14
3.4133e+06,7,QOSDATA_TID6,1066
3.41349e+06,20,ACK,14
3.41353e+06,7,CTL,20
3.41362e+06,11,RTS,20
3.41362e+06,3,RTS,20
3.41362e+06,10,RTS,20
3.41372e+06,5,RTS,20
3.41378e+06,20,CTS,14
3.41384e+06,5,QOSDATA_TID6,1066
3.41403e+06,20,ACK,14
3.41407e+06,5,CTL,20
3.41416e+06,19,RTS,20
3.41416e+06,2,RTS,20
3.41416e+06,10,RTS,20
3.41416e+06,14,RTS,20
3.41426e+06,13,RTS,20
3.41426e+06,4,RTS,20
3.41438e+06,8,RTS,20
3.41438e+06,3,RTS,20
3.41445e+06,20,CTS,14
3.41451e+06,8,QOSDATA_TID6,1066
3.41469e+06,20,ACK,14
3.41474e+06,8,QOSDATA_TID6,1066
3.41492e+06,20,ACK,14
3.41496e+06,8,CTL,20
3.41505e+06,3,RTS,20
3.41512e+06,20,CTS,14
3.41518e+06,3,QOSDATA_TID6,1066
3.41536e+06,20,ACK,14
3.41541e+06,3,QOSDATA_TID6,1066
3.41559e+06,20,ACK,14
3.41564e+06,3,CTL,20
3.41572e+06,11,RTS,20
3.41572e+06,14,RTS,20
3.41572e+06,13,RTS,20
3.41583e+06,2,RTS,20
3.41583e+06,18,RTS,20
3.41595e+06,15,RTS,20
3.41602e+06,20,CTS,14
3.41608e+06,15,QOSDATA_TID6,1066
3.41626e+06,20,ACK,14
3.41631e+06,15,QOSDATA_TID6,1066
3.41649e+06,20,ACK,14
3.41654e+06,15,CTL,20
3.41662e+06,4,RTS,20
3.41669e+06,20,CTS,14
3.41675e+06,4,QOSDATA_TID6,1066
3.41694e+06,20,ACK,14
3.41698e+06,4,CTL,20
3.41706e+06,11,RTS,20
3.41706e+06,13,RTS,20
3.41716e+06,10,RTS,20
3.41723e+06,20,CTS,14
3.41729e+06,10,QOSDATA_TID6,1066
3.41748e+06,20,ACK,14
3.41752e+06,10,QOSDATA_TID6,1066
3.4177e+06,20,ACK,14
3.41775e+06,10,CTL,20
3.41783e+06,0,RTS,20
3.4179e+06,20,CTS,14
3.41796e+06,0,QOSDATA_TID6,1066
3.41815e+06,20,ACK,14
3.41819e+06,0,CTL,20
3.41828e+06,14,RTS,20
3.41828e+06,1,RTS,20
3.41828e+06,9,RTS,20
3.41828e+06,16,RTS,20
3.41838e+06,12,RTS,20
3.41838e+06,7,RTS,20
3.41845e+06,20,CTS,14
3.41851e+06,12,QOSDATA_TID6,1066
3.4187e+06,20,ACK,14
3.41874e+06,12,CTL,20
3.41882e+06,18,RTS,20
3.41889e+06,20,CTS,14
3.41895e+06,18,QOSDATA_TID6,1066
3.41914e+06,20,ACK,14
3.41918e+06,18,CTL,20
3.41927e+06,6,RTS,20
3.41934e+06,20,CTS,14
3.4194e+06,6,QOSDATA_TID6,1066
3.41958e+06,20,ACK,14
3.41962e+06,6,CTL,20
3.41971e+06,16,RTS,20
3.41978e+06,20,CTS,14
3.41984e+06,16,QOSDATA_TID6,1066
3.42002e+06,20,ACK,14
3.42006e+06,16,CTL,20
3.42015e+06,11,RTS,20
3.42015e+06,17,RTS,20
3.42015e+06,7,RTS,20
3.42015e+06,2,RTS,20
3.42015e+06,3,RTS,20
3.42028e+06,14,RTS,20
3.42035e+06,20,CTS,14
3.42041e+06,14,QOSDATA_TID6,1066
3.4206e+06,20,ACK,14
3.42064e+06,14,QOSDATA_TID6,1066
3.42082e+06,20,ACK,14
3.42087e+06,14,QOSDATA_TID6,1066
3.42105e+06,20,ACK,14
3.4211e+06,14,CTL,20
3.42119e+06,19,RTS,20
3.42119e+06,11,RTS,20
3.42119e+06,9,RTS,20
3.42119e+06,4,RTS,20
3.42129e+06,7,RTS,20
3.42129e+06,15,RTS,20
3.4214e+06,13,RTS,20
3.42146e+06,20,CTS,14
3.42152e+06,13,QOSDATA_TID6,1066
3.42171e+06,20,ACK,14
3.42175e+06,13,QOSDATA_TID6,1066
3.42194e+06,20,ACK,14
3.42198e+06,13,CTL,20
3.42207e+06,3,RTS,20
3.42207e+06,10,RTS,20
3.42217e+06,2,RTS,20
3.42217e+06,11,RTS,20
3.42227e+06,5,RTS,20
3.42234e+06,20,CTS,14
3.4224e+06,5,QOSDATA_TID6,1066
3.42258e+06,20,ACK,14
3.42263e+06,5,CTL,20
3.42271e+06,8,RTS,20
3.42271e+06,10,RTS,20
3.42278e+06,20,CTS,14
3.42284e+06,8,QOSDATA_TID6,1066
3.42303e+06,20,ACK,14
3.42307e+06,8,CTL,20
3.42316e+06,18,RTS,20
3.42323e+06,20,CTS,14
3.42329e+06,18,QOSDATA_TID6,1066
3.42348e+06,20,ACK,14
3.42352e+06,18,CTL,20
3.42361e+06,3,RTS,20
3.42361e+06,9,RTS,20
3.42361e+06,15,RTS,20
3.42361e+06,7,RTS,20
3.4237e+06,2,RTS,20
3.42377e+06,20,CTS,14
3.42383e+06,2,QOSDATA_TID6,1066
3.42402e+06,20,ACK,14
3.42406e+06,2,QOSDATA_TID6,1066
3.42424e+06,20,ACK,14
3.42429e+06,2,CTL,20
3.42438e+06,1,RTS,20
3.42444e+06,20,CTS,14
3.4245e+06,1,QOSDATA_TID6,1066
3.42469e+06,20,ACK,14
3.42473e+06,1,QOSDATA_TID6,1066
3.42492e+06,20,ACK,14
3.42496e+06,1,CTL,20
3.42504e+06,17,RTS,20
3.42504e+06,19,RTS,20
3.42505e+06,4,RTS,20
3.42505e+06,14,RTS,20
3.42514e+06,0,RTS,20
3.42521e+06,20,CTS,14
3.42527e+06,0,QOSDATA_TID6,1066
3.42546e+06,20,ACK,14
3.4255e+06,0,CTL,20
3.42559e+06,10,RTS,20
3.42559e+06,9,RTS,20
3.42568e+06,13,RTS,20
3.42575e+06,20,CTS,14
3.42581e+06,13,QOSDATA_TID6,1066
3.426e+06,20,ACK,14
3.42604e+06,13,CTL,20
3.42613e+06,16,RTS,20
3.42619e+06,20,CTS,14
3.42625e+06,16,QOSDATA_TID6,1066
3.42644e+06,20,ACK,14
3.42648e+06,16,CTL,20
3.42657e+06,11,RTS,20
3.42657e+06,4,RTS,20
3.42667e+06,15,RTS,20
3.42673e+06,20,CTS,14
3.42679e+06,15,QOSDATA_TID6,1066
3.42698e+06,20,ACK,14
3.42702e+06,15,CTL,20
3.42711e+06,14,RTS,20
3.42711e+06,7,RTS,20
3.42718e+06,20,CTS,14
3.42724e+06,7,QOSDATA_TID6,1066
3.42742e+06,20,ACK,14
3.42746e+06,7,QOSDATA_TID6,1066
3.42765e+06,20,ACK,14
3.42769e+06,7,CTL,20
3.42779e+06,12,RTS,20
3.42779e+06,17,RTS,20
3.42779e+06,11,RTS,20
3.42779e+06,3,RTS,20
3.42779e+06,10,RTS,20
3.4279e+06,6,RTS,20
3.42797e+06,20,CTS,14
3.42803e+06,6,QOSDATA_TID6,1066
3.42822e+06,20,ACK,14
3.42826e+06,6,CTL,20
3.42834e+06,14,RTS,20
3.42841e+06,20,CTS,14
3.42847e+06,14,QOSDATA_TID6,1066
3.42866e+06,20,ACK,14
3.4287e+06,14,CTL,20
3.42879e+06,15,RTS,20
3.42879e+06,5,RTS,20
3.42879e+06,2,RTS,20
3.42879e+06,10,RTS,20
3.42879e+06,3,RTS,20
3.42886e+06,20,CTS,14
3.42892e+06,5,QOSDATA_TID6,1066
3.4291e+06,20,ACK,14
3.42914e+06,5,CTL,20
3.42924e+06,1,RTS,20
3.42924e+06,11,RTS,20
3.42931e+06,20,CTS,14
3.42937e+06,1,QOSDATA_TID6,1066
3.42955e+06,20,ACK,14
3.42959e+06,1,CTL,20
3.42968e+06,11,RTS,20
3.42975e+06,20,CTS,14
3.42981e+06,11,QOSDATA_TID6,1066
3.42999e+06,20,ACK,14
3.43004e+06,11,QOSDATA_TID6,1066
3.43022e+06,20,ACK,14
3.43026e+06,11,CTL,20
3.43035e+06,15,RTS,20
3.43042e+06,20,CTS,14
3.43048e+06,15,QOSDATA_TID6,1066
3.43066e+06,20,ACK,14
3.43071e+06,15,CTL,20
3.43079e+06,4,RTS,20
3.43079e+06,10,RTS,20
3.43091e+06,19,RTS,20
3.43098e+06,20,CTS,14
3.43104e+06,19,QOSDATA_TID6,1066
3.43122e+06,20,ACK,14
3.43126e+06,19,QOSDATA_TID6,1066
3.43145e+06,20,ACK,14
3.43149e+06,19,QOSDATA_TID6,1066
3.43168e+06,20,ACK,14
3.43172e+06,19,CTL,20
3.43182e+06,8,RTS,20
3.43182e+06,17,RTS,20
3.43182e+06,12,RTS,20
3.43182e+06,9,RTS,20
3.43182e+06,18,RTS,20
3.43194e+06,14,RTS,20
3.43201e+06,20,CTS,14
3.43207e+06,14,QOSDATA_TID6,1066
3.43225e+06,20,ACK,14
3.4323e+06,14,CTL,20
3.43238e+06,18,RTS,20
3.43238e+06,9,RTS,20
3.43238e+06,4,RTS,20
3.43248e+06,2,RTS,20
3.43255e+06,20,CTS,14
3.43261e+06,2,QOSDATA_TID6,1066
3.43279e+06,20,ACK,14
3.43284e+06,2,CTL,20
3.43294e+06,8,RTS,20
3.43301e+06,20,CTS,14
3.43307e+06,8,QOSDATA_TID6,1066
3.43325e+06,20,ACK,14
3.4333e+06,8,CTL,20
3.43338e+06,16,RTS,20
3.43338e+06,3,RTS,20
3.43353e+06,16,RTS,20
3.43353e+06,3,RTS,20
3.4337e+06,16,RTS,20
3.43377e+06,20,CTS,14
3.43383e+06,16,QOSDATA_TID6,1066
3.43401e+06,20,ACK,14
3.43406e+06,16,CTL,20
3.43415e+06,17,RTS,20
3.43415e+06,0,RTS,20
3.43415e+06,10,RTS,20
3.43422e+06,20,CTS,14
3.43428e+06,17,QOSDATA_TID6,1066
3.43446e+06,20,ACK,14
3.43451e+06,17,QOSDATA_TID6,1066
3.43469e+06,20,ACK,14
3.43473e+06,17,CTL,20
3.43483e+06,13,RTS,20
3.4349e+06,20,CTS,14
3.43496e+06,13,QOSDATA_TID6,1066
3.43514e+06,20,ACK,14
3.43518e+06,13,CTL,20
3.43527e+06,11,RTS,20
3.43527e+06,0,RTS,20
3.43527e+06,18,RTS,20
3.43527e+06,3,RTS,20
3.43537e+06,17,RTS,20
3.43544e+06,20,CTS,14
3.4355e+06,17,QOSDATA_TID6,1066
3.43568e+06,20,ACK,14
3.43572e+06,17,CTL,20
3.43581e+06,11,RTS,20
3.43581e+06,18,RTS,20
3.43595e+06,18,RTS,20
3.43602e+06,20,CTS,14
3.43608e+06,18,QOSDATA_TID6,1066
3.43626e+06,20,ACK,14
3.43631e+06,18,CTL,20
3.43639e+06,5,RTS,20
3.43646e+06,20,CTS,14
3.43652e+06,5,QOSDATA_TID6,1066
3.4367e+06,20,ACK,14
3.43675e+06,5,CTL,20
3.43684e+06,19,RTS,20
3.43684e+06,12,RTS,20
3.43684e+06,7,RTS,20
3.43684e+06,9,RTS,20
3.43684e+06,6,RTS,20
3.43684e+06,15,RTS,20
3.43694e+06,4,RTS,20
3.43701e+06,20,CTS,14
3.43707e+06,4,QOSDATA_TID6,1066
3.43725e+06,20,ACK,14
3.4373e+06,4,QOSDATA_TID6,1066
3.43748e+06,20,ACK,14
3.43753e+06,4,QOSDATA_TID6,1066
3.43771e+06,20,ACK,14
3.43775e+06,4,CTL,20
3.43784e+06,11,RTS,20
3.43784e+06,12,RTS,20
3.43784e+06,2,RTS,20
3.43791e+06,20,CTS,14
3.43797e+06,12,QOSDATA_TID6,1066
3.43815e+06,20,ACK,14
3.4382e+06,12,QOSDATA_TID6,1066
3.43838e+06,20,ACK,14
3.43842e+06,12,CTL,20
3.43851e+06,18,RTS,20
3.43858e+06,20,CTS,14
3.43864e+06,18,QOSDATA_TID6,1066
3.43882e+06,20,ACK,14
3.43887e+06,18,CTL,20
3.43895e+06,2,RTS,20
3.43895e+06,1,RTS,20
3.43909e+06,15,RTS,20
3.43915e+06,20,CTS,14
3.43921e+06,15,QOSDATA_TID6,1066
3.4394e+06,20,ACK,14
3.43944e+06,15,CTL,20
3.43953e+06,1,RTS,20
3.4396e+06,20,CTS,14
3.43966e+06,1,QOSDATA_TID6,1066
3.43984e+06,20,ACK,14
3.43988e+06,1,CTL,20
3.43997e+06,8,RTS,20
3.43997e+06,19,RTS,20
3.43997e+06,7,RTS,20
3.43997e+06,3,RTS,20
3.43997e+06,10,RTS,20
3.43997e+06,14,RTS,20
3.44008e+06,6,RTS,20
3.44014e+06,20,CTS,14
3.4402e+06,6,QOSDATA_TID6,1066
3.44039e+06,20,ACK,14
3.44043e+06,6,CTL,20
3.44052e+06,14,RTS,20
3.44052e+06,2,RTS,20
3.44052e+06,10,RTS,20
3.44063e+06,0,CTS,14
3.44063e+06,11,RTS,20
3.44071e+06,0,RTS,20
3.44078e+06,20,CTS,14
3.44084e+06,0,QOSDATA_TID6,1066
3.44102e+06,20,ACK,14
3.44107e+06,0,CTL,20
3.44115e+06,0,RTS,20
3.44116e+06,7,RTS,20
3.44116e+06,16,RTS,20
3.44126e+06,19,RTS,20
3.44133e+06,20,CTS,14
3.44139e+06,19,QOSDATA_TID6,1066
3.44157e+06,20,ACK,14
3.44162e+06,19,CTL,20
3.44171e+06,16,RTS,20
3.44171e+06,2,RTS,20
3.44171e+06,3,RTS,20
3.44171e+06,9,RTS,20
3.44171e+06,0,RTS,20
3.44181e+06,8,RTS,20
3.44181e+06,13,RTS,20
3.44188e+06,20,CTS,14
3.44194e+06,8,QOSDATA_TID6,1066
3.44212e+06,20,ACK,14
3.44217e+06,8,CTL,20
3.44225e+06,16,RTS,20
3.44232e+06,20,CTS,14
3.44238e+06,16,QOSDATA_TID6,1066
3.44256e+06,20,ACK,14
3.44261e+06,16,CTL,20
3.4427e+06,13,RTS,20
3.4427e+06,10,RTS,20
3.44283e+06,13,RTS,20
3.44289e+06,20,CTS,14
3.44295e+06,13,QOSDATA_TID6,1066
3.44314e+06,20,ACK,14
3.44318e+06,13,CTL,20
3.44328e+06,7,RTS,20
3.44334e+06,20,CTS,14
3.4434e+06,7,QOSDATA_TID6,1066
3.44359e+06,20,ACK,14
3.44363e+06,7,QOSDATA_TID6,1066
3.44382e+06,20,ACK,14
3.44386e+06,7,CTL,20
3.44395e+06,11,RTS,20
3.44395e+06,2,RTS,20
3.44395e+06,6,RTS,20
3.44395e+06,14,RTS,20
3.44395e+06,9,RTS,20
3.44404e+06,10,RTS,20
3.44404e+06,19,RTS,20
3.44404e+06,12,RTS,20
3.44411e+06,20,CTS,14
3.44417e+06,12,QOSDATA_TID6,1066
3.44436e+06,20,ACK,14
3.4444e+06,12,CTL,20
3.44449e+06,17,RTS,20
3.44456e+06,20,CTS,14
3.44462e+06,17,QOSDATA_TID6,1066
3.4448e+06,20,ACK,14
3.44484e+06,17,CTL,20
3.44493e+06,1,RTS,20
3.44493e+06,19,RTS,20
3.44493e+06,11,RTS,20
3.44493e+06,4,RTS,20
3.44503e+06,0,CTS,14
3.44516e+06,0,RTS,20
3.44523e+06,20,CTS,14
3.44529e+06,0,QOSDATA_TID6,1066
3.44547e+06,20,ACK,14
3.44552e+06,0,CTL,20
3.4456e+06,5,RTS,20
3.4456e+06,3,RTS,20
3.4456e+06,1,RTS,20
3.44567e+06,20,CTS,14
3.44573e+06,5,QOSDATA_TID6,1066
3.44591e+06,20,ACK,14
3.44596e+06,5,CTL,20
3.44604e+06,1,RTS,20
3.44604e+06,10,RTS,20
3.44604e+06,15,RTS,20
3.44616e+06,6,RTS,20
3.44623e+06,20,CTS,14
3.44629e+06,6,QOSDATA_TID6,1066
3.44647e+06,20,ACK,14
3.44652e+06,6,CTL,20
3.44661e+06,9,RTS,20
3.44661e+06,19,RTS,20
3.44668e+06,20,CTS,14
3.44674e+06,19,QOSDATA_TID6,1066
3.44692e+06,20,ACK,14
3.44697e+06,19,CTL,20
3.44705e+06,8,RTS,20
3.44712e+06,20,CTS,14
3.44718e+06,8,QOSDATA_TID6,1066
3.44736e+06,20,ACK,14
3.44741e+06,8,CTL,20
3.44749e+06,14,RTS,20
3.44756e+06,20,CTS,14
3.44762e+06,14,QOSDATA_TID6,1066
3.44781e+06,20,ACK,14
3.44785e+06,14,QOSDATA_TID6,1066
3.44803e+06,20,ACK,14
3.44808e+06,14,CTL,20
3.44816e+06,3,RTS,20
3.44816e+06,11,RTS,20
3.44826e+06,15,RTS,20
3.44833e+06,20,CTS,14
3.44839e+06,15,QOSDATA_TID6,1066
3.44857e+06,20,ACK,14
3.44862e+06,15,CTL,20
3.4487e+06,11,RTS,20
3.44877e+06,20,CTS,14
3.44883e+06,11,QOSDATA_TID6,1066
3.44902e+06,20,ACK,14
3.44906e+06,11,CTL,20
3.44915e+06,16,RTS,20
3.44915e+06,18,RTS,20
3.44915e+06,10,RTS,20
3.44926e+06,2,RTS,20
3.44933e+06,20,CTS,14
3.44939e+06,2,QOSDATA_TID6,1066
3.44958e+06,20,ACK,14
3.44962e+06,2,QOSDATA_TID6,1066
3.4498e+06,20,ACK,14
3.44985e+06,2,CTL,20
3.44993e+06,13,RTS,20
3.45e+06,20,CTS,14
3.45006e+06,13,QOSDATA_TID6,1066
3.45024e+06,20,ACK,14
3.45029e+06,13,CTL,20
3.45038e+06,0,RTS,20
3.45038e+06,9,RTS,20
3.45044e+06,20,CTS,14
3.4505e+06,0,QOSDATA_TID6,1066
3.45069e+06,20,ACK,14
3.45073e+06,0,CTL,20
3.45082e+06,12,RTS,20
3.45082e+06,7,RTS,20
3.45088e+06,20,CTS,14
3.45094e+06,12,QOSDATA_TID6,1066
3.45113e+06,20,ACK,14
3.45117e+06,12,CTL,20
3.45126e+06,6,RTS,20
3.45126e+06,3,RTS,20
3.45133e+06,20,CTS,14
3.45139e+06,6,QOSDATA_TID6,1066
3.45157e+06,20,ACK,14
3.45162e+06,6,CTL,20
3.4517e+06,17,RTS,20
3.4517e+06,11,RTS,20
3.4517e+06,4,RTS,20
3.45177e+06,20,CTS,14
3.45183e+06,17,QOSDATA_TID6,1066
3.45201e+06,20,ACK,14
3.45206e+06,17,CTL,20
3.45214e+06,9,RTS,20
3.45221e+06,20,CTS,14
3.45227e+06,9,QOSDATA_TID6,1066
3.45246e+06,20,ACK,14
3.4525e+06,9,QOSDATA_TID6,1066
3.45268e+06,20,ACK,14
3.45273e+06,9,QOSDATA_TID6,1066
3.45291e+06,20,ACK,14
3.45296e+06,9,QOSDATA_TID6,1066
3.45314e+06,20,ACK,14
3.45318e+06,9,CTL,20
3.45327e+06,2,RTS,20
3.45327e+06,10,RTS,20
3.45327e+06,19,RTS,20
3.45337e+06,15,RTS,20
3.45344e+06,20,CTS,14
3.4535e+06,15,QOSDATA_TID6,1066
3.45368e+06,20,ACK,14
3.45372e+06,15,CTL,20
3.45381e+06,10,RTS,20
3.45388e+06,20,CTS,14
3.45394e+06,10,QOSDATA_TID6,1066
3.45412e+06,20,ACK,14
3.45416e+06,10,QOSDATA_TID6,1066
3.45435e+06,20,ACK,14
3.45439e+06,10,QOSDATA_TID6,1066
3.45458e+06,20,ACK,14
3.45462e+06,10,CTL,20
3.45471e+06,18,RTS,20
3.45471e+06,5,RTS,20
3.45471e+06,1,RTS,20
3.45471e+06,4,RTS,20
3.45478e+06,20,CTS,14
3.45484e+06,5,QOSDATA_TID6,1066
3.45502e+06,20,ACK,14
3.45506e+06,5,CTL,20
3.45515e+06,14,RTS,20
3.45522e+06,20,CTS,14
3.45528e+06,14,QOSDATA_TID6,1066
3.45546e+06,20,ACK,14
3.4555e+06,14,CTL,20
3.45559e+06,7,RTS,20
3.45559e+06,8,RTS,20
3.45559e+06,11,RTS,20
3.45559e+06,16,RTS,20
3.4557e+06,2,RTS,20
3.4557e+06,3,RTS,20
3.45577e+06,20,CTS,14
3.45583e+06,2,QOSDATA_TID6,1066
3.45601e+06,20,ACK,14
3.45605e+06,2,CTL,20
3.45614e+06,16,RTS,20
3.45621e+06,20,CTS,14
3.45627e+06,16,QOSDATA_TID6,1066
3.45645e+06,20,ACK,14
3.4565e+06,16,QOSDATA_TID6,1066
3.45668e+06,20,ACK,14
3.45672e+06,16,CTL,20
3.45681e+06,4,RTS,20
3.45681e+06,8,RTS,20
3.45688e+06,20,CTS,14
3.45694e+06,8,QOSDATA_TID6,1066
3.45712e+06,20,ACK,14
3.45717e+06,8,CTL,20
3.45725e+06,0,RTS,20
3.45732e+06,20,CTS,14
3.45738e+06,0,QOSDATA_TID6,1066
3.45756e+06,20,ACK,14
3.45761e+06,0,CTL,20
3.4577e+06,1,RTS,20
3.4577e+06,19,RTS,20
3.45779e+06,7,RTS,20
3.45779e+06,9,RTS,20
3.45786e+06,20,CTS,14
3.45792e+06,7,QOSDATA_TID6,1066
3.4581e+06,20,ACK,14
3.45815e+06,7,QOSDATA_TID6,1066
3.45833e+06,20,ACK,14
3.45838e+06,7,CTL,20
3.45847e+06,13,RTS,20
3.45847e+06,18,RTS,20
3.45861e+06,19,RTS,20
3.45867e+06,20,CTS,14
3.45873e+06,19,QOSDATA_TID6,1066
3.45892e+06,20,ACK,14
3.45896e+06,19,QOSDATA_TID6,1066
3.45915e+06,20,ACK,14
3.45919e+06,19,CTL,20
3.45928e+06,18,RTS,20
3.45928e+06,6,RTS,20
3.45937e+06,17,RTS,20
3.45937e+06,13,RTS,20
3.45944e+06,20,CTS,14
3.4595e+06,17,QOSDATA_TID6,1066
3.45969e+06,20,ACK,14
3.45973e+06,17,CTL,20
3.45982e+06,18,RTS,20
3.45982e+06,6,RTS,20
3.45991e+06,1,RTS,20
3.45998e+06,20,CTS,14
3.46004e+06,1,QOSDATA_TID6,1066
3.46023e+06,20,ACK,14
3.46027e+06,1,QOSDATA_TID6,1066
3.46045e+06,20,ACK,14
3.4605e+06,1,QOSDATA_TID6,1066
3.46068e+06,20,ACK,14
3.46073e+06,1,CTL,20
3.46081e+06,11,RTS,20
3.46081e+06,10,RTS,20
3.46092e+06,15,RTS,20
3.46099e+06,20,CTS,14
3.46105e+06,15,QOSDATA_TID6,1066
3.46123e+06,20,ACK,14
3.46128e+06,15,CTL,20
3.46137e+06,5,RTS,20
3.46137e+06,10,RTS,20
3.46144e+06,20,CTS,14
3.4615e+06,5,QOSDATA_TID6,1066
3.46168e+06,20,ACK,14
3.46173e+06,5,CTL,20
3.46181e+06,10,RTS,20
3.46188e+06,20,CTS,14
3.46194e+06,10,QOSDATA_TID6,1066
3.46212e+06,20,ACK,14
3.46217e+06,10,CTL,20
3.46226e+06,3,RTS,20
3.46226e+06,12,RTS,20
3.46226e+06,4,RTS,20
3.46233e+06,20,CTS,14
3.46239e+06,12,QOSDATA_TID6,1066
3.46258e+06,20,ACK,14
3.46262e+06,12,CTL,20
3.46271e+06,13,RTS,20
3.46278e+06,20,CTS,14
3.46284e+06,13,QOSDATA_TID6,1066
3.46303e+06,20,ACK,14
3.46307e+06,13,CTL,20
3.46316e+06,8,RTS,20
3.46316e+06,11,RTS,20
3.46316e+06,2,RTS,20
3.46326e+06,14,RTS,20
3.46333e+06,20,CTS,14
3.46339e+06,14,QOSDATA_TID6,1066
3.46358e+06,20,ACK,14
3.46362e+06,14,CTL,20
3.4637e+06,2,RTS,20
3.46377e+06,20,CTS,14
3.46383e+06,2,QOSDATA_TID6,1066
3.46402e+06,20,ACK,14
3.46406e+06,2,CTL,20
3.46415e+06,8,RTS,20
3.46422e+06,20,CTS,14
3.46428e+06,8,QOSDATA_TID6,1066
3.46446e+06,20,ACK,14
3.4645e+06,8,CTL,20
3.46459e+06,4,RTS,20
3.46459e+06,3,RTS,20
3.46459e+06,6,RTS,20
3.46472e+06,3,RTS,20
3.46479e+06,20,CTS,14
3.46485e+06,3,QOSDATA_TID6,1066
3.46503e+06,20,ACK,14
3.46508e+06,3,QOSDATA_TID6,1066
3.46526e+06,20,ACK,14
3.4653e+06,3,QOSDATA_TID6,1066
3.46549e+06,20,ACK,14
3.46553e+06,3,QOSDATA_TID6,1066
3.46572e+06,20,ACK,14
3.46576e+06,3,CTL,20
3.46585e+06,0,RTS,20
3.46585e+06,13,RTS,20
3.46592e+06,20,CTS,14
3.46598e+06,0,QOSDATA_TID6,1066
3.46616e+06,20,ACK,14
3.4662e+06,0,CTL,20
3.4663e+06,18,RTS,20
3.4663e+06,7,RTS,20
3.4663e+06,9,RTS,20
3.4663e+06,13,RTS,20
3.46641e+06,4,RTS,20
3.46648e+06,20,CTS,14
3.46654e+06,4,QOSDATA_TID6,1066
3.46673e+06,20,ACK,14
3.46677e+06,4,QOSDATA_TID6,1066
3.46695e+06,20,ACK,14
3.467e+06,4,QOSDATA_TID6,1066
3.46718e+06,20,ACK,14
3.46723e+06,4,CTL,20
3.46731e+06,12,RTS,20
3.46731e+06,19,RTS,20
3.46738e+06,20,CTS,14
3.46744e+06,12,QOSDATA_TID6,1066
3.46762e+06,20,ACK,14
3.46767e+06,12,CTL,20
3.46776e+06,19,RTS,20
3.46783e+06,20,CTS,14
3.46789e+06,19,QOSDATA_TID6,1066
3.46808e+06,20,ACK,14
3.46812e+06,19,CTL,20
3.4682e+06,17,RTS,20
3.4682e+06,16,RTS,20
3.46827e+06,20,CTS,14
3.46833e+06,17,QOSDATA_TID6,1066
3.46852e+06,20,ACK,14
3.46856e+06,17,CTL,20
3.46865e+06,15,RTS,20
3.46872e+06,20,CTS,14
3.46878e+06,15,QOSDATA_TID6,1066
3.46896e+06,20,ACK,14
3.469e+06,15,CTL,20
3.46909e+06,13,RTS,20
3.46909e+06,1,RTS,20
3.46909e+06,2,RTS,20
3.46909e+06,11,RTS,20
3.46909e+06,3,RTS,20
3.46919e+06,5,RTS,20
3.46919e+06,7,RTS,20
3.46926e+06,20,CTS,14
3.46932e+06,5,QOSDATA_TID6,1066
3.4695e+06,20,ACK,14
3.46954e+06,5,CTL,20
3.46963e+06,6,RTS,20
3.4697e+06,20,CTS,14
3.46976e+06,6,QOSDATA_TID6,1066
3.46994e+06,20,ACK,14
3.46998e+06,6,QOSDATA_TID6,1066
3.47017e+06,20,ACK,14
3.47021e+06,6,CTL,20
3.4703e+06,10,RTS,20
3.4703e+06,7,RTS,20
3.47037e+06,20,CTS,14
3.47043e+06,7,QOSDATA_TID6,1066
3.47061e+06,20,ACK,14
3.47066e+06,7,CTL,20
3.47075e+06,11,RTS,20
3.47075e+06,4,RTS,20
3.47085e+06,18,RTS,20
3.47085e+06,10,RTS,20
3.47095e+06,11,RTS,20
3.47095e+06,16,RTS,20
3.47104e+06,9,RTS,20
3.47111e+06,20,CTS,14
3.47117e+06,9,QOSDATA_TID6,1066
3.47136e+06,20,ACK,14
3.4714e+06,9,QOSDATA_TID6,1066
3.47158e+06,20,ACK,14
3.47163e+06,9,CTL,20
3.47171e+06,2,RTS,20
3.47171e+06,1,RTS,20
3.47171e+06,14,RTS,20
3.47171e+06,13,RTS,20
3.47182e+06,4,RTS,20
3.47189e+06,20,CTS,14
3.47195e+06,4,QOSDATA_TID6,1066
3.47213e+06,20,ACK,14
3.47218e+06,4,CTL,20
3.47227e+06,8,RTS,20
3.47227e+06,2,RTS,20
3.47227e+06,3,RTS,20
3.47239e+06,10,RTS,20
3.47246e+06,20,CTS,14
3.47252e+06,10,QOSDATA_TID6,1066
3.4727e+06,20,ACK,14
3.47274e+06,10,CTL,20
3.47283e+06,8,RTS,20
3.47283e+06,13,RTS,20
3.4729e+06,20,CTS,14
3.47296e+06,8,QOSDATA_TID6,1066
3.47314e+06,20,ACK,14
3.47319e+06,8,CTL,20
3.47328e+06,13,RTS,20
3.47335e+06,20,CTS,14
3.47341e+06,13,QOSDATA_TID6,1066
3.47359e+06,20,ACK,14
3.47364e+06,13,QOSDATA_TID6,1066
3.47382e+06,20,ACK,14
3.47387e+06,13,CTL,20
3.47395e+06,14,RTS,20
3.47395e+06,16,RTS,20
3.47395e+06,9,RTS,20
3.47408e+06,18,RTS,20
3.47414e+06,20,CTS,14
3.4742e+06,18,QOSDATA_TID6,1066
3.47439e+06,20,ACK,14
3.47443e+06,18,QOSDATA_TID6,1066
3.47462e+06,20,ACK,14
3.47466e+06,18,QOSDATA_TID6,1066
3.47484e+06,20,ACK,14
3.47489e+06,18,CTL,20
3.47498e+06,19,RTS,20
3.47498e+06,12,RTS,20
3.47504e+06,20,CTS,14
3.4751e+06,12,QOSDATA_TID6,1066
3.47529e+06,20,ACK,14
3.47533e+06,12,CTL,20
3.47542e+06,17,RTS,20
3.47542e+06,0,RTS,20
3.47548e+06,20,CTS,14
3.47554e+06,17,QOSDATA_TID6,1066
3.47573e+06,20,ACK,14
3.47577e+06,17,CTL,20
3.47587e+06,1,RTS,20
3.47587e+06,11,RTS,20
3.47587e+06,6,RTS,20
3.47597e+06,3,RTS,20
3.47603e+06,20,CTS,14
3.47609e+06,3,QOSDATA_TID6,1066
3.47628e+06,20,ACK,14
3.47632e+06,3,QOSDATA_TID6,1066
3.47651e+06,20,ACK,14
3.47655e+06,3,CTL,20
3.47664e+06,9,RTS,20
3.47664e+06,2,RTS,20
3.47664e+06,10,RTS,20
3.47664e+06,15,RTS,20
3.47674e+06,7,RTS,20
3.47674e+06,5,RTS,20
3.47681e+06,20,CTS,14
3.47687e+06,5,QOSDATA_TID6,1066
3.47706e+06,20,ACK,14
3.4771e+06,5,CTL,20
3.47718e+06,11,RTS,20
3.47725e+06,20,CTS,14
3.47731e+06,11,QOSDATA_TID6,1066
3.4775e+06,20,ACK,14
3.47754e+06,11,QOSDATA_TID6,1066
3.47772e+06,20,ACK,14
3.47777e+06,11,QOSDATA_TID6,1066
3.47795e+06,20,ACK,14
3.478e+06,11,CTL,20
3.47808e+06,16,RTS,20
3.47808e+06,9,RTS,20
3.47808e+06,0,RTS,20
3.47822e+06,19,RTS,20
3.47828e+06,20,CTS,14
3.47834e+06,19,QOSDATA_TID6,1066
3.47853e+06,20,ACK,14
3.47857e+06,19,CTL,20
3.47866e+06,8,RTS,20
3.47866e+06,16,RTS,20
3.47866e+06,10,RTS,20
3.47873e+06,20,CTS,14
3.47879e+06,8,QOSDATA_TID6,1066
3.47897e+06,20,ACK,14
3.47902e+06,8,CTL,20
3.4791e+06,10,RTS,20
3.47917e+06,20,CTS,14
3.47923e+06,10,QOSDATA_TID6,1066
3.47941e+06,20,ACK,14
3.47946e+06,10,CTL,20
3.47954e+06,7,RTS,20
3.47954e+06,4,RTS,20
3.47961e+06,20,CTS,14
3.47967e+06,7,QOSDATA_TID6,1066
3.47986e+06,20,ACK,14
3.4799e+06,7,CTL,20
3.47998e+06,1,RTS,20
3.47998e+06,9,RTS,20
3.48005e+06,20,CTS,14
3.48011e+06,1,QOSDATA_TID6,1066
3.4803e+06,20,ACK,14
3.48034e+06,1,QOSDATA_TID6,1066
3.48052e+06,20,ACK,14
3.48057e+06,1,CTL,20
3.48066e+06,6,RTS,20
3.48073e+06,20,CTS,14
3.48079e+06,6,QOSDATA_TID6,1066
3.48098e+06,20,ACK,14
3.48102e+06,6,CTL,20
3.48111e+06,14,RTS,20
3.48111e+06,18,RTS,20
3.48111e+06,15,RTS,20
3.48111e+06,2,RTS,20
3.4812e+06,0,CTS,14
3.4813e+06,0,RTS,20
3.48137e+06,20,CTS,14
3.48143e+06,0,QOSDATA_TID6,1066
3.48161e+06,20,ACK,14
3.48166e+06,0,QOSDATA_TID6,1066
3.48184e+06,20,ACK,14
3.48188e+06,0,CTL,20
3.48197e+06,16,RTS,20
3.48204e+06,20,CTS,14
3.4821e+06,16,QOSDATA_TID6,1066
3.48228e+06,20,ACK,14
3.48233e+06,16,QOSDATA_TID6,1066
3.48251e+06,20,ACK,14
3.48256e+06,16,QOSDATA_TID6,1066
3.48274e+06,20,ACK,14
3.48278e+06,16,CTL,20
3.48287e+06,13,RTS,20
3.48287e+06,15,RTS,20
3.48287e+06,18,RTS,20
3.48297e+06,19,RTS,20
3.48304e+06,20,CTS,14
3.4831e+06,19,QOSDATA_TID6,1066
3.48328e+06,20,ACK,14
3.48332e+06,19,CTL,20
3.48341e+06,4,RTS,20
3.48348e+06,20,CTS,14
3.48354e+06,4,QOSDATA_TID6,1066
3.48372e+06,20,ACK,14
3.48376e+06,4,CTL,20
3.48385e+06,11,RTS,20
3.48385e+06,12,RTS,20
3.48392e+06,20,CTS,14
3.48398e+06,12,QOSDATA_TID6,1066
3.48416e+06,20,ACK,14
3.48421e+06,12,CTL,20
3.48429e+06,5,RTS,20
3.48429e+06,11,RTS,20
3.48436e+06,20,CTS,14
3.48442e+06,5,QOSDATA_TID6,1066
3.4846e+06,20,ACK,14
3.48465e+06,5,CTL,20
3.48474e+06,1,RTS,20
3.4848e+06,20,CTS,14
3.48486e+06,1,QOSDATA_TID6,1066
3.48505e+06,20,ACK,14
3.48509e+06,1,CTL,20
3.48518e+06,7,RTS,20
3.48518e+06,3,RTS,20
3.48518e+06,15,RTS,20
3.48518e+06,6,RTS,20
3.48528e+06,17,RTS,20
3.48528e+06,10,RTS,20
3.48534e+06,20,CTS,14
3.4854e+06,17,QOSDATA_TID6,1066
3.48559e+06,20,ACK,14
3.48563e+06,17,CTL,20
3.48572e+06,10,RTS,20
3.48578e+06,20,CTS,14
3.48584e+06,10,QOSDATA_TID6,1066
3.48603e+06,20,ACK,14
3.48607e+06,10,CTL,20
3.48616e+06,9,RTS,20
3.48616e+06,7,RTS,20
3.48623e+06,20,CTS,14
3.48629e+06,7,QOSDATA_TID6,1066
3.48647e+06,20,ACK,14
3.48652e+06,7,CTL,20
3.48661e+06,13,RTS,20
3.48661e+06,4,RTS,20
3.48661e+06,15,RTS,20
3.48661e+06,14,RTS,20
3.48672e+06,8,RTS,20
3.48678e+06,20,CTS,14
3.48684e+06,8,QOSDATA_TID6,1066
3.48703e+06,20,ACK,14
3.48707e+06,8,CTL,20
3.48716e+06,18,RTS,20
3.48716e+06,6,RTS,20
3.48727e+06,13,RTS,20
3.48733e+06,20,CTS,14
3.48739e+06,13,QOSDATA_TID6,1066
3.48758e+06,20,ACK,14
3.48762e+06,13,CTL,20
3.48772e+06,2,RTS,20
3.48772e+06,3,RTS,20
3.48778e+06,20,CTS,14
3.48784e+06,2,QOSDATA_TID6,1066
3.48803e+06,20,ACK,14
3.48807e+06,2,QOSDATA_TID6,1066
3.48826e+06,20,ACK,14
3.4883e+06,2,QOSDATA_TID6,1066
3.48848e+06,20,ACK,14
3.48853e+06,2,CTL,20
3.48862e+06,11,RTS,20
3.48862e+06,16,RTS,20
3.48872e+06,9,RTS,20
3.48879e+06,20,CTS,14
3.48885e+06,9,QOSDATA_TID6,1066
3.48904e+06,20,ACK,14
3.48908e+06,9,QOSDATA_TID6,1066
3.48926e+06,20,ACK,14
3.48931e+06,9,CTL,20
3.48939e+06,11,RTS,20
3.48939e+06,4,RTS,20
3.48939e+06,15,RTS,20
3.48949e+06,7,RTS,20
3.48956e+06,20,CTS,14
3.48962e+06,7,QOSDATA_TID6,1066
3.4898e+06,20,ACK,14
3.48985e+06,7,CTL,20
3.48993e+06,13,RTS,20
3.48993e+06,15,RTS,20
3.48993e+06,18,RTS,20
3.49003e+06,4,RTS,20
3.4901e+06,20,CTS,14
3.49016e+06,4,QOSDATA_TID6,1066
3.49034e+06,20,ACK,14
3.49039e+06,4,CTL,20
3.49047e+06,12,RTS,20
3.49054e+06,20,CTS,14
3.4906e+06,12,QOSDATA_TID6,1066
3.49078e+06,20,ACK,14
3.49083e+06,12,CTL,20
3.49092e+06,16,RTS,20
3.49092e+06,3,RTS,20
3.49092e+06,14,RTS,20
3.49092e+06,9,RTS,20
3.49102e+06,0,RTS,20
3.49102e+06,19,RTS,20
3.49115e+06,0,RTS,20
3.49116e+06,13,RTS,20
3.49122e+06,20,CTS,14
3.49128e+06,0,QOSDATA_TID6,1066
3.49146e+06,20,ACK,14
3.49151e+06,0,CTL,20
3.4916e+06,1,RTS,20
3.4916e+06,19,RTS,20
3.49169e+06,6,RTS,20
3.49176e+06,20,CTS,14
3.49182e+06,6,QOSDATA_TID6,1066
3.492e+06,20,ACK,14
3.49205e+06,6,QOSDATA_TID6,1066
3.49223e+06,20,ACK,14
3.49228e+06,6,CTL,20
3.49236e+06,18,RTS,20
3.49236e+06,3,RTS,20
3.49236e+06,13,RTS,20
3.49236e+06,19,RTS,20
3.49249e+06,14,RTS,20
3.49256e+06,20,CTS,14
3.49262e+06,14,QOSDATA_TID6,1066
3.4928e+06,20,ACK,14
3.49284e+06,14,QOSDATA_TID6,1066
3.49303e+06,20,ACK,14
3.49307e+06,14,QOSDATA_TID6,1066
3.49326e+06,20,ACK,14
3.4933e+06,14,CTL,20
3.4934e+06,13,RTS,20
3.4934e+06,17,RTS,20
3.4934e+06,11,RTS,20
3.49346e+06,20,CTS,14
3.49352e+06,17,QOSDATA_TID6,1066
3.49371e+06,20,ACK,14
3.49375e+06,17,CTL,20
3.49384e+06,3,RTS,20
3.49384e+06,10,RTS,20
3.49394e+06,2,RTS,20
3.49394e+06,13,RTS,20
3.49394e+06,4,RTS,20
3.49407e+06,1,RTS,20
3.49414e+06,20,CTS,14
3.4942e+06,1,QOSDATA_TID6,1066
3.49438e+06,20,ACK,14
3.49442e+06,1,CTL,20
3.49451e+06,19,RTS,20
3.49451e+06,2,RTS,20
3.49463e+06,15,RTS,20
3.4947e+06,20,CTS,14
3.49476e+06,15,QOSDATA_TID6,1066
3.49494e+06,20,ACK,14
3.49498e+06,15,QOSDATA_TID6,1066
3.49517e+06,20,ACK,14
3.49521e+06,15,CTL,20
3.4953e+06,13,RTS,20
3.4953e+06,2,RTS,20
3.49541e+06,14,RTS,20
3.49541e+06,16,RTS,20
3.49552e+06,3,RTS,20
3.49552e+06,9,RTS,20
3.49563e+06,18,RTS,20
3.49563e+06,8,RTS,20
3.49563e+06,16,RTS,20
3.4957e+06,20,CTS,14
3.49576e+06,8,QOSDATA_TID6,1066
3.49594e+06,20,ACK,14
3.49598e+06,8,CTL,20
3.49607e+06,3,RTS,20
3.49614e+06,20,CTS,14
3.4962e+06,3,QOSDATA_TID6,1066
3.49638e+06,20,ACK,14
3.49643e+06,3,QOSDATA_TID6,1066
3.49661e+06,20,ACK,14
3.49665e+06,3,CTL,20
3.49675e+06,10,RTS,20
3.49675e+06,5,RTS,20
3.49682e+06,20,CTS,14
3.49688e+06,5,QOSDATA_TID6,1066
3.49706e+06,20,ACK,14
3.4971e+06,5,CTL,20
3.49721e+06,19,RTS,20
3.49721e+06,2,RTS,20
3.49721e+06,9,RTS,20
3.49721e+06,14,RTS,20
3.49731e+06,4,RTS,20
3.49738e+06,20,CTS,14
3.49744e+06,4,QOSDATA_TID6,1066
3.49762e+06,20,ACK,14
3.49766e+06,4,CTL,20
3.49774e+06,20,BEACON,152
3.498e+06,19,RTS,20
3.49807e+06,20,CTS,14
3.49813e+06,19,QOSDATA_TID6,1066
3.49831e+06,20,ACK,14
3.49836e+06,19,CTL,20
3.49844e+06,2,RTS,20
3.49844e+06,7,RTS,20
3.49858e+06,7,RTS,20
3.49864e+06,20,CTS,14
3.4987e+06,7,QOSDATA_TID6,1066
3.49889e+06,20,ACK,14
3.49893e+06,7,CTL,20
3.49902e+06,14,RTS,20
3.49908e+06,20,CTS,14
3.49914e+06,14,QOSDATA_TID6,1066
3.49933e+06,20,ACK,14
3.49937e+06,14,CTL,20
3.49946e+06,0,RTS,20
3.49946e+06,13,RTS,20
3.49946e+06,12,RTS,20
3.49946e+06,19,RTS,20
3.49956e+06,16,RTS,20
3.49956e+06,10,RTS,20
3.49969e+06,16,RTS,20
3.49976e+06,20,CTS,14
3.49982e+06,16,QOSDATA_TID6,1066
3.5e+06,20,ACK,14
3.50004e+06,16,QOSDATA_TID6,1066
3.50023e+06,20,ACK,14
3.50027e+06,16,CTL,20
3.50036e+06,13,RTS,20
3.50043e+06,20,CTS,14
3.50049e+06,13,QOSDATA_TID6,1066
3.50067e+06,20,ACK,14
3.50071e+06,13,CTL,20
3.5008e+06,15,RTS,20
3.5008e+06,12,RTS,20
3.5008e+06,11,RTS,20
3.5008e+06,3,RTS,20
3.5008e+06,9,RTS,20
3.50087e+06,20,CTS,14
3.50093e+06,12,QOSDATA_TID6,1066
3.50111e+06,20,ACK,14
3.50116e+06,12,CTL,20
3.50124e+06,1,RTS,20
3.50124e+06,4,RTS,20
3.50124e+06,6,RTS,20
3.50124e+06,3,RTS,20
3.50137e+06,18,RTS,20
3.50137e+06,11,RTS,20
3.50147e+06,5,RTS,20
3.50154e+06,20,CTS,14
3.5016e+06,5,QOSDATA_TID6,1066
3.50179e+06,20,ACK,14
3.50183e+06,5,CTL,20
3.50192e+06,11,RTS,20
3.50198e+06,20,CTS,14
3.50204e+06,11,QOSDATA_TID6,1066
3.50223e+06,20,ACK,14
3.50227e+06,11,QOSDATA_TID6,1066
3.50246e+06,20,ACK,14
3.5025e+06,11,CTL,20
3.50259e+06,6,RTS,20
3.50265e+06,20,CTS,14
3.50271e+06,6,QOSDATA_TID6,1066
3.5029e+06,20,ACK,14
3.50294e+06,6,CTL,20
3.50303e+06,8,RTS,20
3.50303e+06,17,RTS,20
3.50303e+06,19,RTS,20
3.50313e+06,14,RTS,20
3.50319e+06,20,CTS,14
3.50325e+06,14,QOSDATA_TID6,1066
3.50344e+06,20,ACK,14
3.50348e+06,14,CTL,20
3.50357e+06,0,RTS,20
3.50357e+06,2,RTS,20
3.50368e+06,18,RTS,20
3.50375e+06,20,CTS,14
3.50381e+06,18,QOSDATA_TID6,1066
3.504e+06,20,ACK,14
3.50404e+06,18,QOSDATA_TID6,1066
3.50422e+06,20,ACK,14
3.50427e+06,18,QOSDATA_TID6,1066
3.50445e+06,20,ACK,14
3.5045e+06,18,CTL,20
3.50458e+06,16,RTS,20
3.50458e+06,4,RTS,20
3.50468e+06,15,RTS,20
3.50468e+06,10,RTS,20
3.50475e+06,20,CTS,14
3.50481e+06,15,QOSDATA_TID6,1066
3.50499e+06,20,ACK,14
3.50504e+06,15,CTL,20
3.50513e+06,8,RTS,20
3.5052e+06,20,CTS,14
3.50526e+06,8,QOSDATA_TID6,1066
3.50544e+06,20,ACK,14
3.50549e+06,8,CTL,20
3.50557e+06,1,RTS,20
3.50557e+06,4,RTS,20
3.50557e+06,3,RTS,20
3.50564e+06,20,CTS,14
3.5057e+06,1,QOSDATA_TID6,1066
3.50589e+06,20,ACK,14
3.50593e+06,1,CTL,20
3.50602e+06,7,RTS,20
3.50608e+06,20,CTS,14
3.50614e+06,7,QOSDATA_TID6,1066
3.50633e+06,20,ACK,14
3.50637e+06,7,CTL,20
3.50646e+06,13,RTS,20
3.50646e+06,16,RTS,20
3.50646e+06,0,CTS,14
3.50646e+06,9,RTS,20
3.50659e+06,9,RTS,20
3.50659e+06,0,RTS,20
3.50666e+06,20,CTS,14
3.50672e+06,0,QOSDATA_TID6,1066
3.5069e+06,20,ACK,14
3.50694e+06,0,QOSDATA_TID6,1066
3.50713e+06,20,ACK,14
3.50717e+06,0,CTL,20
3.50726e+06,2,RTS,20
3.50726e+06,19,RTS,20
3.50737e+06,13,RTS,20
3.50743e+06,20,CTS,14
3.50749e+06,13,QOSDATA_TID6,1066
3.50768e+06,20,ACK,14
3.50772e+06,13,CTL,20
3.50782e+06,12,RTS,20
3.50782e+06,3,RTS,20
3.50788e+06,20,CTS,14
3.50794e+06,12,QOSDATA_TID6,1066
3.50813e+06,20,ACK,14
3.50817e+06,12,CTL,20
3.50827e+06,6,RTS,20
3.50834e+06,20,CTS,14
3.5084e+06,6,QOSDATA_TID6,1066
3.50858e+06,20,ACK,14
3.50862e+06,6,CTL,20
3.50871e+06,17,RTS,20
3.50871e+06,1,RTS,20
3.50871e+06,9,RTS,20
3.50871e+06,11,RTS,20
3.50871e+06,16,RTS,20
3.50882e+06,4,RTS,20
3.50888e+06,20,CTS,14
3.50894e+06,4,QOSDATA_TID6,1066
3.50913e+06,20,ACK,14
3.50917e+06,4,QOSDATA_TID6,1066
3.50936e+06,20,ACK,14
3.5094e+06,4,CTL,20
3.50949e+06,19,RTS,20
3.50949e+06,5,RTS,20
3.50949e+06,15,RTS,20
3.50949e+06,2,RTS,20
3.50956e+06,20,CTS,14
3.50962e+06,5,QOSDATA_TID6,1066
3.5098e+06,20,ACK,14
3.50984e+06,5,CTL,20
3.50993e+06,2,RTS,20
3.51e+06,20,CTS,14
3.51006e+06,2,QOSDATA_TID6,1066
3.51024e+06,20,ACK,14
3.51028e+06,2,QOSDATA_TID6,1066
3.51047e+06,20,ACK,14
3.51051e+06,2,CTL,20
3.5106e+06,18,RTS,20
3.5106e+06,10,RTS,20
3.5106e+06,16,RTS,20
3.51072e+06,3,RTS,20
3.51078e+06,20,CTS,14
3.51084e+06,3,QOSDATA_TID6,1066
3.51103e+06,20,ACK,14
3.51107e+06,3,QOSDATA_TID6,1066
3.51126e+06,20,ACK,14
3.5113e+06,3,CTL,20
3.51139e+06,9,RTS,20
3.51139e+06,8,RTS,20
3.51139e+06,11,RTS,20
3.51139e+06,14,RTS,20
3.51146e+06,20,CTS,14
3.51152e+06,8,QOSDATA_TID6,1066
3.51171e+06,20,ACK,14
3.51175e+06,8,CTL,20
3.51184e+06,11,RTS,20
3.5119e+06,20,CTS,14
3.51196e+06,11,QOSDATA_TID6,1066
3.51215e+06,20,ACK,14
3.51219e+06,11,CTL,20
3.51228e+06,18,RTS,20
3.51235e+06,20,CTS,14
3.51241e+06,18,QOSDATA_TID6,1066
3.51259e+06,20,ACK,14
3.51264e+06,18,CTL,20
3.51272e+06,9,RTS,20
3.51272e+06,1,RTS,20
3.51272e+06,15,RTS,20
3.51286e+06,15,RTS,20
3.51293e+06,20,CTS,14
3.51299e+06,15,QOSDATA_TID6,1066
3.51317e+06,20,ACK,14
3.51322e+06,15,CTL,20
3.5133e+06,0,RTS,20
3.51337e+06,20,CTS,14
3.51343e+06,0,QOSDATA_TID6,1066
3.51362e+06,20,ACK,14
3.51366e+06,0,CTL,20
3.51374e+06,7,RTS,20
3.51381e+06,20,CTS,14
3.51387e+06,7,QOSDATA_TID6,1066
3.51406e+06,20,ACK,14
3.5141e+06,7,CTL,20
3.51419e+06,19,RTS,20
3.51426e+06,20,CTS,14
3.51432e+06,19,QOSDATA_TID6,1066
3.5145e+06,20,ACK,14
3.51454e+06,19,QOSDATA_TID6,1066
3.51473e+06,20,ACK,14
3.51477e+06,19,CTL,20
3.51486e+06,1,RTS,20
3.51486e+06,11,RTS,20
3.51486e+06,9,RTS,20
3.51486e+06,14,RTS,20
3.51496e+06,12,RTS,20
3.51502e+06,20,CTS,14
3.51508e+06,12,QOSDATA_TID6,1066
3.51527e+06,20,ACK,14
3.51531e+06,12,CTL,20
3.5154e+06,1,RTS,20
3.5154e+06,13,RTS,20
3.51546e+06,20,CTS,14
3.51552e+06,1,QOSDATA_TID6,1066
3.51571e+06,20,ACK,14
3.51575e+06,1,QOSDATA_TID6,1066
3.51594e+06,20,ACK,14
3.51598e+06,1,CTL,20
3.51607e+06,6,RTS,20
3.51614e+06,20,CTS,14
3.5162e+06,6,QOSDATA_TID6,1066
3.51638e+06,20,ACK,14
3.51642e+06,6,CTL,20
3.51651e+06,14,RTS,20
3.51651e+06,17,RTS,20
3.51651e+06,3,RTS,20
3.51651e+06,16,RTS,20
3.51658e+06,20,CTS,14
3.51664e+06,17,QOSDATA_TID6,1066
3.51682e+06,20,ACK,14
3.51686e+06,17,QOSDATA_TID6,1066
3.51705e+06,20,ACK,14
3.51709e+06,17,QOSDATA_TID6,1066
3.51728e+06,20,ACK,14
3.51732e+06,17,CTL,20
3.51741e+06,3,RTS,20
3.51748e+06,20,CTS,14
3.51754e+06,3,QOSDATA_TID6,1066
3.51772e+06,20,ACK,14
3.51776e+06,3,CTL,20
3.51785e+06,10,RTS,20
3.51785e+06,5,RTS,20
3.51785e+06,19,RTS,20
3.51785e+06,11,RTS,20
3.51785e+06,15,RTS,20
3.51792e+06,20,CTS,14
3.51798e+06,5,QOSDATA_TID6,1066
3.51816e+06,20,ACK,14
3.5182e+06,5,CTL,20
3.51829e+06,18,RTS,20
3.51836e+06,20,CTS,14
3.51842e+06,18,QOSDATA_TID6,1066
3.5186e+06,20,ACK,14
3.51865e+06,18,CTL,20
3.51873e+06,2,RTS,20
3.51873e+06,4,RTS,20
3.5188e+06,20,CTS,14
3.51886e+06,2,QOSDATA_TID6,1066
3.51904e+06,20,ACK,14
3.51909e+06,2,CTL,20
3.51918e+06,8,RTS,20
3.51924e+06,20,CTS,14
3.5193e+06,8,QOSDATA_TID6,1066
3.51949e+06,20,ACK,14
3.51953e+06,8,CTL,20
3.51962e+06,13,RTS,20
3.51962e+06,10,RTS,20
3.51972e+06,19,RTS,20
3.51978e+06,20,CTS,14
3.51984e+06,19,QOSDATA_TID6,1066
3.52003e+06,20,ACK,14
3.52007e+06,19,CTL,20
3.52016e+06,13,RTS,20
3.52022e+06,20,CTS,14
3.52028e+06,13,QOSDATA_TID6,1066
3.52047e+06,20,ACK,14
3.52051e+06,13,CTL,20
3.5206e+06,14,RTS,20
3.5206e+06,10,RTS,20
3.5206e+06,9,RTS,20
3.52071e+06,11,RTS,20
3.52078e+06,20,CTS,14
3.52084e+06,11,QOSDATA_TID6,1066
3.52102e+06,20,ACK,14
3.52106e+06,11,CTL,20
3.52115e+06,16,RTS,20
3.52115e+06,4,RTS,20
3.52125e+06,15,RTS,20
3.52132e+06,20,CTS,14
3.52138e+06,15,QOSDATA_TID6,1066
3.52156e+06,20,ACK,14
3.5216e+06,15,CTL,20
3.52169e+06,14,RTS,20
3.52169e+06,7,RTS,20
3.52176e+06,20,CTS,14
3.52182e+06,7,QOSDATA_TID6,1066
3.522e+06,20,ACK,14
3.52204e+06,7,CTL,20
3.52213e+06,10,RTS,20
3.5222e+06,20,CTS,14
3.52226e+06,10,QOSDATA_TID6,1066
3.52244e+06,20,ACK,14
3.52249e+06,10,QOSDATA_TID6,1066
3.52267e+06,20,ACK,14
3.52272e+06,10,QOSDATA_TID6,1066
3.5229e+06,20,ACK,14
3.52294e+06,10,CTL,20
3.52303e+06,9,RTS,20
3.52303e+06,3,RTS,20
3.52303e+06,0,RTS,20
3.52303e+06,19,RTS,20
3.52313e+06,4,RTS,20
3.52313e+06,13,RTS,20
3.52323e+06,12,RTS,20
3.52323e+06,3,RTS,20
3.5233e+06,20,CTS,14
3.52336e+06,12,QOSDATA_TID6,1066
3.52355e+06,20,ACK,14
3.52359e+06,12,CTL,20
3.52368e+06,19,RTS,20
3.52375e+06,20,CTS,14
3.52381e+06,19,QOSDATA_TID6,1066
3.524e+06,20,ACK,14
3.52404e+06,19,CTL,20
3.52413e+06,17,RTS,20
3.52413e+06,11,RTS,20
3.52413e+06,6,RTS,20
3.5242e+06,20,CTS,14
3.52426e+06,17,QOSDATA_TID6,1066
3.52444e+06,20,ACK,14
3.52448e+06,17,CTL,20
3.52458e+06,1,RTS,20
3.52458e+06,0,RTS,20
3.52458e+06,14,RTS,20
3.52468e+06,9,RTS,20
3.52474e+06,20,CTS,14
3.5248e+06,9,QOSDATA_TID6,1066
3.52499e+06,20,ACK,14
3.52503e+06,9,QOSDATA_TID6,1066
3.52522e+06,20,ACK,14
3.52526e+06,9,QOSDATA_TID6,1066
3.52544e+06,20,ACK,14
3.52549e+06,9,QOSDATA_TID6,1066
3.52567e+06,20,ACK,14
3.52572e+06,9,CTL,20
3.5258e+06,10,RTS,20
3.52587e+06,20,CTS,14
3.52593e+06,10,QOSDATA_TID6,1066
3.52611e+06,20,ACK,14
3.52616e+06,10,CTL,20
3.52624e+06,2,RTS,20
3.52624e+06,3,RTS,20
3.52624e+06,15,RTS,20
3.52624e+06,13,RTS,20
3.52635e+06,11,RTS,20
3.52635e+06,5,RTS,20
3.52635e+06,0,CTS,14
3.52647e+06,0,RTS,20
3.52654e+06,20,CTS,14
3.5266e+06,0,QOSDATA_TID6,1066
3.52678e+06,20,ACK,14
3.52683e+06,0,CTL,20
3.52692e+06,18,RTS,20
3.52698e+06,20,CTS,14
3.52704e+06,18,QOSDATA_TID6,1066
3.52723e+06,20,ACK,14
3.52727e+06,18,CTL,20
3.52736e+06,2,RTS,20
3.52736e+06,3,RTS,20
3.52736e+06,5,RTS,20
3.52736e+06,1,RTS,20
3.52742e+06,20,CTS,14
3.52748e+06,5,QOSDATA_TID6,1066
3.52767e+06,20,ACK,14
3.52771e+06,5,CTL,20
3.5278e+06,3,RTS,20
3.52787e+06,20,CTS,14
3.52793e+06,3,QOSDATA_TID6,1066
3.52811e+06,20,ACK,14
3.52816e+06,3,CTL,20
3.52824e+06,8,RTS,20
3.52824e+06,6,RTS,20
3.52824e+06,16,RTS,20
3.52824e+06,4,RTS,20
3.52835e+06,15,RTS,20
3.52842e+06,20,CTS,14
3.52848e+06,15,QOSDATA_TID6,1066
3.52866e+06,20,ACK,14
3.5287e+06,15,CTL,20
3.52879e+06,13,RTS,20
3.52886e+06,20,CTS,14
3.52892e+06,13,QOSDATA_TID6,1066
3.5291e+06,20,ACK,14
3.52915e+06,13,CTL,20
3.52923e+06,6,RTS,20
3.5293e+06,20,CTS,14
3.52936e+06,6,QOSDATA_TID6,1066
3.52954e+06,20,ACK,14
3.52959e+06,6,CTL,20
3.52968e+06,0,RTS,20
3.52968e+06,14,RTS,20
3.52968e+06,2,RTS,20
3.52968e+06,1,RTS,20
3.52968e+06,11,RTS,20
3.52978e+06,13,RTS,20
3.52985e+06,20,CTS,14
3.52991e+06,13,QOSDATA_TID6,1066
3.53009e+06,20,ACK,14
3.53014e+06,13,CTL,20
3.53023e+06,7,RTS,20
3.53023e+06,8,RTS,20
3.53033e+06,4,RTS,20
3.5304e+06,20,CTS,14
3.53046e+06,4,QOSDATA_TID6,1066
3.53064e+06,20,ACK,14
3.53069e+06,4,QOSDATA_TID6,1066
3.53087e+06,20,ACK,14
3.53092e+06,4,CTL,20
3.531e+06,12,RTS,20
3.531e+06,19,RTS,20
3.53107e+06,20,CTS,14
3.53113e+06,12,QOSDATA_TID6,1066
3.53131e+06,20,ACK,14
3.53136e+06,12,CTL,20
3.53144e+06,19,RTS,20
3.53144e+06,6,RTS,20
3.53155e+06,2,RTS,20
3.53162e+06,20,CTS,14
3.53168e+06,2,QOSDATA_TID6,1066
3.53186e+06,20,ACK,14
3.53191e+06,2,CTL,20
3.532e+06,3,RTS,20
3.532e+06,0,RTS,20
3.532e+06,17,RTS,20
3.532e+06,11,RTS,20
3.532e+06,14,RTS,20
3.532e+06,16,RTS,20
3.5321e+06,7,RTS,20
3.53217e+06,20,CTS,14
3.53223e+06,7,QOSDATA_TID6,1066
3.53241e+06,20,ACK,14
3.53246e+06,7,CTL,20
3.53256e+06,5,RTS,20
3.53256e+06,14,RTS,20
3.53256e+06,9,RTS,20
3.53263e+06,20,CTS,14
3.53269e+06,5,QOSDATA_TID6,1066
3.53287e+06,20,ACK,14
3.53292e+06,5,CTL,20
3.533e+06,9,RTS,20
3.533e+06,15,RTS,20
3.53307e+06,20,CTS,14
3.53313e+06,15,QOSDATA_TID6,1066
3.53331e+06,20,ACK,14
3.53336e+06,15,CTL,20
3.53344e+06,4,RTS,20
3.53351e+06,20,CTS,14
3.53357e+06,4,QOSDATA_TID6,1066
3.53376e+06,20,ACK,14
3.5338e+06,4,CTL,20
3.53388e+06,10,RTS,20
3.53395e+06,20,CTS,14
3.53401e+06,10,QOSDATA_TID6,1066
3.5342e+06,20,ACK,14
3.53424e+06,10,CTL,20
3.53433e+06,2,RTS,20
3.53433e+06,9,RTS,20
3.5344e+06,20,CTS,14
3.53446e+06,2,QOSDATA_TID6,1066
3.53464e+06,20,ACK,14
3.53468e+06,2,CTL,20
3.53477e+06,8,RTS,20
3.53477e+06,16,RTS,20
3.53484e+06,20,CTS,14
3.5349e+06,8,QOSDATA_TID6,1066
3.53508e+06,20,ACK,14
3.53513e+06,8,QOSDATA_TID6,1066
3.53531e+06,20,ACK,14
3.53535e+06,8,CTL,20
3.53545e+06,14,RTS,20
3.53552e+06,20,CTS,14
3.53558e+06,14,QOSDATA_TID6,1066
3.53576e+06,20,ACK,14
3.5358e+06,14,QOSDATA_TID6,1066
3.53599e+06,20,ACK,14
3.53603e+06,14,QOSDATA_TID6,1066
3.53622e+06,20,ACK,14
3.53626e+06,14,CTL,20
3.53635e+06,6,RTS,20
3.53635e+06,18,RTS,20
3.53635e+06,19,RTS,20
3.53647e+06,3,RTS,20
3.53654e+06,20,CTS,14
3.5366e+06,3,QOSDATA_TID6,1066
3.53678e+06,20,ACK,14
3.53683e+06,3,CTL,20
3.53692e+06,9,RTS,20
3.53692e+06,1,RTS,20
3.53692e+06,17,RTS,20
3.53692e+06,6,RTS,20
3.53692e+06,11,RTS,20
3.53705e+06,17,RTS,20
3.53705e+06,6,RTS,20
3.53706e+06,18,RTS,20
3.53712e+06,20,CTS,14
3.53718e+06,17,QOSDATA_TID6,1066
3.53737e+06,20,ACK,14
3.53741e+06,17,CTL,20
3.5375e+06,7,RTS,20
3.53756e+06,20,CTS,14
3.53762e+06,7,QOSDATA_TID6,1066
3.53781e+06,20,ACK,14
3.53785e+06,7,CTL,20
3.53795e+06,13,RTS,20
3.53795e+06,1,RTS,20
3.53795e+06,0,CTS,14
3.53795e+06,18,RTS,20
3.53804e+06,0,RTS,20
3.53811e+06,20,CTS,14
3.53817e+06,0,QOSDATA_TID6,1066
3.53835e+06,20,ACK,14
3.5384e+06,0,QOSDATA_TID6,1066
3.53858e+06,20,ACK,14
3.53863e+06,0,CTL,20
3.53871e+06,18,RTS,20
3.53878e+06,20,CTS,14
3.53884e+06,18,QOSDATA_TID6,1066
3.53902e+06,20,ACK,14
3.53907e+06,18,CTL,20
3.53916e+06,3,RTS,20
3.53916e+06,12,RTS,20
3.53916e+06,13,RTS,20
3.53923e+06,20,CTS,14
3.53929e+06,12,QOSDATA_TID6,1066
3.53948e+06,20,ACK,14
3.53952e+06,12,CTL,20
3.5396e+06,17,RTS,20
3.53967e+06,20,CTS,14
3.53973e+06,17,QOSDATA_TID6,1066
3.53992e+06,20,ACK,14
3.53996e+06,17,CTL,20
3.54005e+06,13,RTS,20
3.54012e+06,20,CTS,14
3.54018e+06,13,QOSDATA_TID6,1066
3.54036e+06,20,ACK,14
3.5404e+06,13,CTL,20
3.54049e+06,5,RTS,20
3.54049e+06,16,RTS,20
3.54056e+06,20,CTS,14
3.54062e+06,5,QOSDATA_TID6,1066
3.5408e+06,20,ACK,14
3.54084e+06,5,CTL,20
3.54093e+06,16,RTS,20
3.54093e+06,4,RTS,20
3.54103e+06,3,RTS,20
3.54103e+06,9,RTS,20
3.54103e+06,6,RTS,20
3.54103e+06,10,RTS,20
3.54113e+06,4,RTS,20
3.5412e+06,20,CTS,14
3.54126e+06,4,QOSDATA_TID6,1066
3.54144e+06,20,ACK,14
3.54148e+06,4,CTL,20
3.54157e+06,2,RTS,20
3.54164e+06,20,CTS,14
3.5417e+06,2,QOSDATA_TID6,1066
3.54188e+06,20,ACK,14
3.54192e+06,2,CTL,20
3.54201e+06,11,RTS,20
3.54201e+06,15,RTS,20
3.54212e+06,3,RTS,20
3.54212e+06,9,RTS,20
3.54222e+06,11,RTS,20
3.54228e+06,20,CTS,14
3.54234e+06,11,QOSDATA_TID6,1066
3.54253e+06,20,ACK,14
3.54257e+06,11,QOSDATA_TID6,1066
3.54276e+06,20,ACK,14
3.5428e+06,11,QOSDATA_TID6,1066
3.54298e+06,20,ACK,14
3.54303e+06,11,CTL,20
3.54312e+06,1,RTS,20
3.54312e+06,8,RTS,20
3.54312e+06,19,RTS,20
3.54321e+06,16,RTS,20
3.54321e+06,14,RTS,20
3.54334e+06,3,RTS,20
3.54341e+06,20,CTS,14
3.54347e+06,3,QOSDATA_TID6,1066
3.54365e+06,20,ACK,14
3.54369e+06,3,CTL,20
3.54378e+06,10,RTS,20
3.54385e+06,20,CTS,14
3.54391e+06,10,QOSDATA_TID6,1066
3.54409e+06,20,ACK,14
3.54414e+06,10,CTL,20
3.54423e+06,9,RTS,20
3.54423e+06,1,RTS,20
3.5443e+06,20,CTS,14
3.54436e+06,1,QOSDATA_TID6,1066
3.54454e+06,20,ACK,14
3.54459e+06,1,QOSDATA_TID6,1066
3.54477e+06,20,ACK,14
3.54482e+06,1,QOSDATA_TID6,1066
3.545e+06,20,ACK,14
3.54504e+06,1,CTL,20
3.54514e+06,0,RTS,20
3.54521e+06,20,CTS,14
3.54527e+06,0,QOSDATA_TID6,1066
3.54545e+06,20,ACK,14
3.54549e+06,0,CTL,20
3.54558e+06,18,RTS,20
3.54558e+06,15,RTS,20
3.54558e+06,8,RTS,20
3.54558e+06,7,RTS,20
3.54558e+06,16,RTS,20
3.54568e+06,9,RTS,20
3.54575e+06,20,CTS,14
3.54581e+06,9,QOSDATA_TID6,1066
3.54599e+06,20,ACK,14
3.54603e+06,9,QOSDATA_TID6,1066
3.54622e+06,20,ACK,14
3.54626e+06,9,CTL,20
3.54635e+06,6,RTS,20
3.54642e+06,20,CTS,14
3.54648e+06,6,QOSDATA_TID6,1066
3.54666e+06,20,ACK,14
3.5467e+06,6,QOSDATA_TID6,1066
3.54689e+06,20,ACK,14
3.54693e+06,6,CTL,20
3.54702e+06,19,RTS,20
3.54702e+06,11,RTS,20
3.54712e+06,14,RTS,20
3.54718e+06,20,CTS,14
3.54724e+06,14,QOSDATA_TID6,1066
3.54743e+06,20,ACK,14
3.54747e+06,14,CTL,20
3.54756e+06,13,RTS,20
3.54756e+06,17,RTS,20
3.54763e+06,20,CTS,14
3.54769e+06,17,QOSDATA_TID6,1066
3.54787e+06,20,ACK,14
3.54791e+06,17,CTL,20
3.54801e+06,18,RTS,20
3.54801e+06,13,RTS,20
3.54801e+06,6,RTS,20
3.54811e+06,12,RTS,20
3.54811e+06,1,RTS,20
3.54811e+06,19,RTS,20
3.54811e+06,11,RTS,20
3.5482e+06,6,RTS,20
3.54827e+06,20,CTS,14
3.54833e+06,6,QOSDATA_TID6,1066
3.54852e+06,20,ACK,14
3.54856e+06,6,CTL,20
3.54865e+06,18,RTS,20
3.54865e+06,15,RTS,20
3.54865e+06,10,RTS,20
3.54865e+06,5,RTS,20
3.54865e+06,13,RTS,20
3.54872e+06,20,CTS,14
3.54878e+06,5,QOSDATA_TID6,1066
3.54896e+06,20,ACK,14
3.549e+06,5,CTL,20
3.54909e+06,2,RTS,20
3.54909e+06,16,RTS,20
3.5492e+06,19,RTS,20
3.54927e+06,20,CTS,14
3.54933e+06,19,QOSDATA_TID6,1066
3.54952e+06,20,ACK,14
3.54956e+06,19,QOSDATA_TID6,1066
3.54974e+06,20,ACK,14
3.54979e+06,19,QOSDATA_TID6,1066
3.54997e+06,20,ACK,14
3.55002e+06,19,CTL,20
3.5501e+06,8,RTS,20
3.55017e+06,20,CTS,14
3.55023e+06,8,QOSDATA_TID6,1066
3.55042e+06,20,ACK,14
3.55046e+06,8,CTL,20
3.55055e+06,3,RTS,20
3.55055e+06,15,RTS,20
3.55064e+06,8,RTS,20
3.55071e+06,20,CTS,14
3.55077e+06,8,QOSDATA_TID6,1066
3.55096e+06,20,ACK,14
3.551e+06,8,CTL,20
3.55109e+06,12,RTS,20
3.55109e+06,11,RTS,20
3.55109e+06,4,RTS,20
3.55115e+06,20,CTS,14
3.55121e+06,12,QOSDATA_TID6,1066
3.5514e+06,20,ACK,14
3.55144e+06,12,CTL,20
3.55153e+06,18,RTS,20
3.5516e+06,20,CTS,14
3.55166e+06,18,QOSDATA_TID6,1066
3.55184e+06,20,ACK,14
3.55188e+06,18,QOSDATA_TID6,1066
3.55207e+06,20,ACK,14
3.55211e+06,18,CTL,20
3.5522e+06,2,RTS,20
3.5522e+06,7,RTS,20
3.5523e+06,14,RTS,20
3.55237e+06,20,CTS,14
3.55243e+06,14,QOSDATA_TID6,1066
3.55262e+06,20,ACK,14
3.55266e+06,14,CTL,20
3.55276e+06,10,RTS,20
3.55276e+06,1,RTS,20
3.55282e+06,20,CTS,14
3.55288e+06,1,QOSDATA_TID6,1066
3.55307e+06,20,ACK,14
3.55311e+06,1,CTL,20
3.55321e+06,10,RTS,20
3.55328e+06,20,CTS,14
3.55334e+06,10,QOSDATA_TID6,1066
3.55352e+06,20,ACK,14
3.55356e+06,10,CTL,20
3.55365e+06,2,RTS,20
3.55365e+06,0,RTS,20
3.55365e+06,16,RTS,20
3.55365e+06,13,RTS,20
3.55365e+06,4,RTS,20
3.55376e+06,15,RTS,20
3.55382e+06,20,CTS,14
3.55388e+06,15,QOSDATA_TID6,1066
3.55407e+06,20,ACK,14
3.55411e+06,15,QOSDATA_TID6,1066
3.5543e+06,20,ACK,14
3.55434e+06,15,CTL,20
3.55443e+06,0,RTS,20
3.55443e+06,12,RTS,20
3.55449e+06,20,CTS,14
3.55455e+06,12,QOSDATA_TID6,1066
3.55474e+06,20,ACK,14
3.55478e+06,12,CTL,20
3.55487e+06,2,RTS,20
3.55487e+06,3,RTS,20
3.55487e+06,9,RTS,20
3.55497e+06,19,RTS,20
3.55497e+06,7,RTS,20
3.55506e+06,16,RTS,20
3.55506e+06,6,RTS,20
3.55518e+06,3,RTS,20
3.55525e+06,20,CTS,14
3.55531e+06,3,QOSDATA_TID6,1066
3.5555e+06,20,ACK,14
3.55554e+06,3,QOSDATA_TID6,1066
3.55572e+06,20,ACK,14
3.55577e+06,3,CTL,20
3.55585e+06,1,RTS,20
3.55585e+06,17,RTS,20
3.55585e+06,6,RTS,20
3.55585e+06,16,RTS,20
3.55585e+06,13,RTS,20
3.55597e+06,19,RTS,20
3.55597e+06,9,RTS,20
3.55604e+06,20,CTS,14
3.5561e+06,19,QOSDATA_TID6,1066
3.55628e+06,20,ACK,14
3.55633e+06,19,CTL,20
3.55642e+06,5,RTS,20
3.55642e+06,11,RTS,20
3.55642e+06,4,RTS,20
3.55649e+06,20,CTS,14
3.55655e+06,5,QOSDATA_TID6,1066
3.55673e+06,20,ACK,14
3.55678e+06,5,CTL,20
3.55687e+06,11,RTS,20
3.55687e+06,16,RTS,20
3.55687e+06,10,RTS,20
3.55697e+06,13,RTS,20
3.55697e+06,4,RTS,20
3.55707e+06,7,RTS,20
3.55714e+06,20,CTS,14
3.5572e+06,7,QOSDATA_TID6,1066
3.55738e+06,20,ACK,14
3.55742e+06,7,QOSDATA_TID6,1066
3.55761e+06,20,ACK,14
3.55765e+06,7,CTL,20
3.55775e+06,17,RTS,20
3.55775e+06,1,RTS,20
3.55775e+06,11,RTS,20
3.55775e+06,15,RTS,20
3.55785e+06,10,RTS,20
3.55785e+06,9,RTS,20
3.55796e+06,11,RTS,20
3.55803e+06,20,CTS,14
3.55809e+06,11,QOSDATA_TID6,1066
3.55827e+06,20,ACK,14
3.55832e+06,11,QOSDATA_TID6,1066
3.5585e+06,20,ACK,14
3.55855e+06,11,CTL,20
3.55864e+06,8,RTS,20
3.55864e+06,13,RTS,20
3.55864e+06,2,RTS,20
3.55864e+06,18,RTS,20
3.55876e+06,4,RTS,20
3.55882e+06,20,CTS,14
3.55888e+06,4,QOSDATA_TID6,1066
3.55907e+06,20,ACK,14
3.55911e+06,4,QOSDATA_TID6,1066
3.5593e+06,20,ACK,14
3.55934e+06,4,CTL,20
3.55943e+06,15,RTS,20
3.55943e+06,6,RTS,20
3.55943e+06,18,RTS,20
3.55955e+06,17,RTS,20
3.55962e+06,20,CTS,14
3.55968e+06,17,QOSDATA_TID6,1066
3.55986e+06,20,ACK,14
3.55991e+06,17,CTL,20
3.55999e+06,1,RTS,20
3.55999e+06,16,RTS,20
3.56006e+06,20,CTS,14
3.56012e+06,1,QOSDATA_TID6,1066
3.56031e+06,20,ACK,14
3.56035e+06,1,CTL,20
3.56044e+06,2,RTS,20
3.56044e+06,15,RTS,20
3.56044e+06,10,RTS,20
3.56054e+06,8,RTS,20
3.56054e+06,16,RTS,20
3.56061e+06,20,CTS,14
3.56067e+06,8,QOSDATA_TID6,1066
3.56086e+06,20,ACK,14
3.5609e+06,8,CTL,20
3.56098e+06,2,RTS,20
3.56105e+06,20,CTS,14
3.56111e+06,2,QOSDATA_TID6,1066
3.5613e+06,20,ACK,14
3.56134e+06,2,QOSDATA_TID6,1066
3.56152e+06,20,ACK,14
3.56157e+06,2,CTL,20
3.56166e+06,15,RTS,20
3.56172e+06,20,CTS,14
3.56178e+06,15,QOSDATA_TID6,1066
3.56197e+06,20,ACK,14
3.56201e+06,15,CTL,20
3.5621e+06,14,RTS,20
3.5621e+06,0,CTS,14
3.56221e+06,0,RTS,20
3.56228e+06,20,CTS,14
3.56234e+06,0,QOSDATA_TID6,1066
3.56252e+06,20,ACK,14
3.56257e+06,0,QOSDATA_TID6,1066
3.56275e+06,20,ACK,14
3.56279e+06,0,CTL,20
3.56288e+06,12,RTS,20
3.56295e+06,20,CTS,14
3.56301e+06,12,QOSDATA_TID6,1066
3.56319e+06,20,ACK,14
3.56324e+06,12,CTL,20
3.56332e+06,7,RTS,20
3.56332e+06,13,RTS,20
3.56332e+06,6,RTS,20
3.56332e+06,3,RTS,20
3.56332e+06,14,RTS,20
3.56332e+06,18,RTS,20
3.56343e+06,17,RTS,20
3.56343e+06,1,RTS,20
3.56343e+06,11,RTS,20
3.56343e+06,16,RTS,20
3.56353e+06,7,RTS,20
3.56353e+06,18,RTS,20
3.56353e+06,14,RTS,20
3.56363e+06,19,RTS,20
3.5637e+06,20,CTS,14
3.56376e+06,19,QOSDATA_TID6,1066
3.56395e+06,20,ACK,14
3.56399e+06,19,CTL,20
3.56408e+06,1,RTS,20
3.56408e+06,16,RTS,20
3.56408e+06,14,RTS,20
3.56417e+06,7,RTS,20
3.56424e+06,20,CTS,14
3.5643e+06,7,QOSDATA_TID6,1066
3.56449e+06,20,ACK,14
3.56453e+06,7,CTL,20
3.56462e+06,5,RTS,20
3.56462e+06,15,RTS,20
3.56462e+06,2,RTS,20
3.56462e+06,18,RTS,20
3.56462e+06,3,RTS,20
3.56462e+06,9,RTS,20
3.56468e+06,20,CTS,14
3.56474e+06,5,QOSDATA_TID6,1066
3.56493e+06,20,ACK,14
3.56497e+06,5,CTL,20
3.56507e+06,6,RTS,20
3.56507e+06,13,RTS,20
3.56519e+06,15,RTS,20
3.56526e+06,20,CTS,14
3.56532e+06,15,QOSDATA_TID6,1066
3.5655e+06,20,ACK,14
3.56555e+06,15,CTL,20
3.56563e+06,1,RTS,20
3.5657e+06,20,CTS,14
3.56576e+06,1,QOSDATA_TID6,1066
3.56595e+06,20,ACK,14
3.56599e+06,1,CTL,20
3.56608e+06,17,RTS,20
3.56608e+06,16,RTS,20
3.56608e+06,18,RTS,20
3.56608e+06,10,RTS,20
3.56615e+06,20,CTS,14
3.56621e+06,17,QOSDATA_TID6,1066
3.5664e+06,20,ACK,14
3.56644e+06,17,CTL,20
3.56654e+06,13,RTS,20
3.5666e+06,20,CTS,14
3.56666e+06,13,QOSDATA_TID6,1066
3.56685e+06,20,ACK,14
3.56689e+06,13,QOSDATA_TID6,1066
3.56708e+06,20,ACK,14
3.56712e+06,13,CTL,20
3.56721e+06,4,RTS,20
3.56721e+06,9,RTS,20
3.5673e+06,8,RTS,20
3.56737e+06,20,CTS,14
3.56743e+06,8,QOSDATA_TID6,1066
3.56762e+06,20,ACK,14
3.56766e+06,8,CTL,20
3.56776e+06,16,RTS,20
3.56776e+06,3,RTS,20
3.56776e+06,6,RTS,20
3.56786e+06,10,RTS,20
3.56793e+06,20,CTS,14
3.56799e+06,10,QOSDATA_TID6,1066
3.56818e+06,20,ACK,14
3.56822e+06,10,QOSDATA_TID6,1066
3.5684e+06,20,ACK,14
3.56845e+06,10,CTL,20
3.56855e+06,18,RTS,20
3.56862e+06,20,CTS,14
3.56868e+06,18,QOSDATA_TID6,1066
3.56886e+06,20,ACK,14
3.56891e+06,18,QOSDATA_TID6,1066
3.56909e+06,20,ACK,14
3.56914e+06,18,CTL,20
3.56922e+06,2,RTS,20
3.56922e+06,14,RTS,20
3.56922e+06,11,RTS,20
3.56922e+06,16,RTS,20
3.56934e+06,0,RTS,20
3.5694e+06,20,CTS,14
3.56946e+06,0,QOSDATA_TID6,1066
3.56965e+06,20,ACK,14
3.56969e+06,0,CTL,20
3.56978e+06,13,RTS,20
3.56978e+06,11,RTS,20
3.56978e+06,16,RTS,20
3.56978e+06,4,RTS,20
3.56988e+06,7,RTS,20
3.56994e+06,20,CTS,14
3.57e+06,7,QOSDATA_TID6,1066
3.57019e+06,20,ACK,14
3.57023e+06,7,CTL,20
3.57032e+06,2,RTS,20
3.57032e+06,3,RTS,20
3.57039e+06,20,CTS,14
3.57045e+06,2,QOSDATA_TID6,1066
3.57063e+06,20,ACK,14
3.57068e+06,2,CTL,20
3.57076e+06,12,RTS,20
3.57076e+06,14,RTS,20
3.57083e+06,20,CTS,14
3.57089e+06,12,QOSDATA_TID6,1066
3.57107e+06,20,ACK,14
3.57112e+06,12,CTL,20
3.5712e+06,1,RTS,20
3.5712e+06,19,RTS,20
3.5712e+06,13,RTS,20
3.5713e+06,11,RTS,20
3.57137e+06,20,CTS,14
3.57143e+06,11,QOSDATA_TID6,1066
3.57161e+06,20,ACK,14
3.57166e+06,11,QOSDATA_TID6,1066
3.57184e+06,20,ACK,14
3.57188e+06,11,CTL,20
3.57197e+06,16,RTS,20
3.57197e+06,4,RTS,20
3.57197e+06,9,RTS,20
3.57197e+06,6,RTS,20
3.57197e+06,14,RTS,20
3.57207e+06,17,RTS,20
3.57207e+06,1,RTS,20
3.57217e+06,14,RTS,20
3.57224e+06,20,CTS,14
3.5723e+06,14,QOSDATA_TID6,1066
3.57248e+06,20,ACK,14
3.57252e+06,14,CTL,20
3.57262e+06,15,RTS,20
3.57262e+06,2,RTS,20
3.57262e+06,10,RTS,20
3.57262e+06,3,RTS,20
3.57273e+06,5,RTS,20
3.57273e+06,17,RTS,20
3.57273e+06,16,RTS,20
3.57284e+06,6,RTS,20
3.57291e+06,20,CTS,14
3.57297e+06,6,QOSDATA_TID6,1066
3.57315e+06,20,ACK,14
3.5732e+06,6,QOSDATA_TID6,1066
3.57338e+06,20,ACK,14
3.57342e+06,6,CTL,20
3.57351e+06,15,RTS,20
3.57351e+06,17,RTS,20
3.57351e+06,13,RTS,20
3.57358e+06,20,CTS,14
3.57364e+06,17,QOSDATA_TID6,1066
3.57382e+06,20,ACK,14
3.57387e+06,17,CTL,20
3.57396e+06,19,RTS,20
3.57396e+06,10,RTS,20
3.57403e+06,20,CTS,14
3.57409e+06,19,QOSDATA_TID6,1066
3.57428e+06,20,ACK,14
3.57432e+06,19,CTL,20
3.5744e+06,10,RTS,20
3.57447e+06,20,CTS,14
3.57453e+06,10,QOSDATA_TID6,1066
3.57472e+06,20,ACK,14
3.57476e+06,10,CTL,20
3.57486e+06,9,RTS,20
3.57486e+06,1,RTS,20
3.57486e+06,15,RTS,20
3.57486e+06,13,RTS,20
3.57495e+06,4,RTS,20
3.57495e+06,18,RTS,20
3.57502e+06,20,CTS,14
3.57508e+06,18,QOSDATA_TID6,1066
3.57527e+06,20,ACK,14
3.57531e+06,18,CTL,20
3.5754e+06,14,RTS,20
3.5754e+06,1,RTS,20
3.5754e+06,4,RTS,20
3.57546e+06,20,CTS,14
3.57552e+06,1,QOSDATA_TID6,1066
3.57571e+06,20,ACK,14
3.57575e+06,1,CTL,20
3.57586e+06,5,RTS,20
3.57586e+06,4,RTS,20
3.57586e+06,2,RTS,20
3.57586e+06,13,RTS,20
3.57586e+06,15,RTS,20
3.57592e+06,20,CTS,14
3.57598e+06,5,QOSDATA_TID6,1066
3.57617e+06,20,ACK,14
3.57621e+06,5,CTL,20
3.57631e+06,4,RTS,20
3.57631e+06,13,RTS,20
3.5764e+06,2,RTS,20
3.57647e+06,20,CTS,14
3.57653e+06,2,QOSDATA_TID6,1066
3.57672e+06,20,ACK,14
3.57676e+06,2,CTL,20
3.57685e+06,3,RTS,20
3.57685e+06,8,RTS,20
3.57692e+06,20,CTS,14
3.57698e+06,8,QOSDATA_TID6,1066
3.57716e+06,20,ACK,14
3.5772e+06,8,CTL,20
3.57729e+06,0,RTS,20
3.57736e+06,20,CTS,14
3.57742e+06,0,QOSDATA_TID6,1066
3.5776e+06,20,ACK,14
3.57764e+06,0,CTL,20
3.57773e+06,3,RTS,20
3.57773e+06,9,RTS,20
3.57773e+06,13,RTS,20
3.57773e+06,4,RTS,20
3.57784e+06,7,RTS,20
3.57791e+06,20,CTS,14
3.57797e+06,7,QOSDATA_TID6,1066
3.57815e+06,20,ACK,14
3.57819e+06,7,CTL,20
3.5783e+06,4,RTS,20
3.5783e+06,14,RTS,20
3.5783e+06,9,RTS,20
3.5784e+06,12,RTS,20
3.57846e+06,20,CTS,14
3.57852e+06,12,QOSDATA_TID6,1066
3.57871e+06,20,ACK,14
3.57875e+06,12,CTL,20
3.57886e+06,11,RTS,20
3.57886e+06,15,RTS,20
3.57886e+06,14,RTS,20
3.57896e+06,3,RTS,20
3.57903e+06,20,CTS,14
3.57909e+06,3,QOSDATA_TID6,1066
3.57928e+06,20,ACK,14
3.57932e+06,3,QOSDATA_TID6,1066
3.5795e+06,20,ACK,14
3.57955e+06,3,CTL,20
3.57963e+06,9,RTS,20
3.5797e+06,20,CTS,14
3.57976e+06,9,QOSDATA_TID6,1066
3.57994e+06,20,ACK,14
3.57999e+06,9,QOSDATA_TID6,1066
3.58017e+06,20,ACK,14
3.58022e+06,9,QOSDATA_TID6,1066
3.5804e+06,20,ACK,14
3.58044e+06,9,CTL,20
3.58053e+06,5,RTS,20
3.58053e+06,6,RTS,20
3.58053e+06,15,RTS,20
3.58053e+06,13,RTS,20
3.5806e+06,20,CTS,14
3.58066e+06,5,QOSDATA_TID6,1066
3.58084e+06,20,ACK,14
3.58089e+06,5,CTL,20
3.58097e+06,13,RTS,20
3.58104e+06,20,CTS,14
3.5811e+06,13,QOSDATA_TID6,1066
3.58128e+06,20,ACK,14
3.58133e+06,13,CTL,20
3.58142e+06,17,RTS,20
3.58142e+06,19,RTS,20
3.58148e+06,20,CTS,14
3.58154e+06,17,QOSDATA_TID6,1066
3.58173e+06,20,ACK,14
3.58177e+06,17,CTL,20
3.58186e+06,1,RTS,20
3.58186e+06,19,RTS,20
3.58186e+06,16,RTS,20
3.58196e+06,2,RTS,20
3.58196e+06,6,RTS,20
3.58196e+06,10,RTS,20
3.58206e+06,1,RTS,20
3.58213e+06,20,CTS,14
3.58219e+06,1,QOSDATA_TID6,1066
3.58238e+06,20,ACK,14
3.58242e+06,1,CTL,20
3.58252e+06,11,RTS,20
3.58252e+06,4,RTS,20
3.58252e+06,18,RTS,20
3.58252e+06,10,RTS,20
3.58252e+06,14,RTS,20
3.58263e+06,2,RTS,20
3.5827e+06,20,CTS,14
3.58276e+06,2,QOSDATA_TID6,1066
3.58294e+06,20,ACK,14
3.58299e+06,2,CTL,20
3.58307e+06,19,RTS,20
3.58314e+06,20,CTS,14
3.5832e+06,19,QOSDATA_TID6,1066
3.58338e+06,20,ACK,14
3.58343e+06,19,CTL,20
3.58351e+06,8,RTS,20
3.58351e+06,16,RTS,20
3.58351e+06,4,RTS,20
3.58351e+06,10,RTS,20
3.58358e+06,20,CTS,14
3.58364e+06,8,QOSDATA_TID6,1066
3.58383e+06,20,ACK,14
3.58387e+06,8,CTL,20
3.58396e+06,14,RTS,20
3.58402e+06,20,CTS,14
3.58408e+06,14,QOSDATA_TID6,1066
3.58427e+06,20,ACK,14
3.58431e+06,14,QOSDATA_TID6,1066
3.5845e+06,20,ACK,14
3.58454e+06,14,CTL,20
3.58463e+06,15,RTS,20
3.58463e+06,6,RTS,20
3.58463e+06,10,RTS,20
3.58463e+06,4,RTS,20
3.58478e+06,15,RTS,20
3.58478e+06,6,RTS,20
3.58478e+06,10,RTS,20
3.58488e+06,4,RTS,20
3.58495e+06,20,CTS,14
3.58501e+06,4,QOSDATA_TID6,1066
3.58519e+06,20,ACK,14
3.58524e+06,4,QOSDATA_TID6,1066
3.58542e+06,20,ACK,14
3.58547e+06,4,CTL,20
3.58555e+06,11,RTS,20
3.58555e+06,15,RTS,20
3.58566e+06,10,RTS,20
3.58573e+06,20,CTS,14
3.58579e+06,10,QOSDATA_TID6,1066
3.58597e+06,20,ACK,14
3.58602e+06,10,CTL,20
3.5861e+06,9,RTS,20
3.5861e+06,7,RTS,20
3.58617e+06,20,CTS,14
3.58623e+06,7,QOSDATA_TID6,1066
3.58641e+06,20,ACK,14
3.58646e+06,7,CTL,20
3.58655e+06,12,RTS,20
3.58655e+06,11,RTS,20
3.58655e+06,15,RTS,20
3.58655e+06,18,RTS,20
3.58662e+06,20,CTS,14
3.58668e+06,12,QOSDATA_TID6,1066
3.58686e+06,20,ACK,14
3.58691e+06,12,CTL,20
3.58699e+06,3,RTS,20
3.58706e+06,20,CTS,14
3.58712e+06,3,QOSDATA_TID6,1066
3.58731e+06,20,ACK,14
3.58735e+06,3,CTL,20
3.58744e+06,1,RTS,20
3.5875e+06,20,CTS,14
3.58756e+06,1,QOSDATA_TID6,1066
3.58775e+06,20,ACK,14
3.58779e+06,1,CTL,20
3.58788e+06,16,RTS,20
3.58788e+06,0,RTS,20
3.58788e+06,18,RTS,20
3.58798e+06,13,RTS,20
3.58804e+06,20,CTS,14
3.5881e+06,13,QOSDATA_TID6,1066
3.58829e+06,20,ACK,14
3.58833e+06,13,CTL,20
3.58842e+06,5,RTS,20
3.58842e+06,18,RTS,20
3.58849e+06,20,CTS,14
3.58855e+06,5,QOSDATA_TID6,1066
3.58873e+06,20,ACK,14
3.58877e+06,5,CTL,20
3.58887e+06,17,RTS,20
3.58887e+06,19,RTS,20
3.58887e+06,9,RTS,20
3.58887e+06,6,RTS,20
3.58887e+06,10,RTS,20
3.58887e+06,4,RTS,20
3.58898e+06,2,RTS,20
3.58905e+06,20,CTS,14
3.58911e+06,2,QOSDATA_TID6,1066
3.5893e+06,20,ACK,14
3.58934e+06,2,CTL,20
3.58943e+06,15,RTS,20
3.5895e+06,20,CTS,14
3.58956e+06,15,QOSDATA_TID6,1066
3.58974e+06,20,ACK,14
3.58978e+06,15,QOSDATA_TID6,1066
3.58997e+06,20,ACK,14
3.59001e+06,15,CTL,20
3.5901e+06,6,RTS,20
3.59017e+06,20,CTS,14
3.59023e+06,6,QOSDATA_TID6,1066
3.59041e+06,20,ACK,14
3.59045e+06,6,QOSDATA_TID6,1066
3.59064e+06,20,ACK,14
3.59068e+06,6,CTL,20
3.59077e+06,8,RTS,20
3.59077e+06,11,RTS,20
3.59084e+06,20,CTS,14
3.5909e+06,8,QOSDATA_TID6,1066
3.59108e+06,20,ACK,14
3.59112e+06,8,CTL,20
3.59122e+06,17,RTS,20
3.59122e+06,19,RTS,20
3.59122e+06,11,RTS,20
3.59122e+06,18,RTS,20
3.59122e+06,14,RTS,20
3.59136e+06,17,RTS,20
3.59136e+06,0,RTS,20
3.59136e+06,9,RTS,20
3.59143e+06,20,CTS,14
3.59149e+06,17,QOSDATA_TID6,1066
3.59167e+06,20,ACK,14
3.59172e+06,17,CTL,20
3.59183e+06,11,RTS,20
3.59183e+06,16,RTS,20
3.59183e+06,9,RTS,20
3.59183e+06,14,RTS,20
3.59193e+06,4,RTS,20
3.59199e+06,20,CTS,14
3.59205e+06,4,QOSDATA_TID6,1066
3.59224e+06,20,ACK,14
3.59228e+06,4,CTL,20
3.59238e+06,19,RTS,20
3.59244e+06,20,CTS,14
3.5925e+06,19,QOSDATA_TID6,1066
3.59269e+06,20,ACK,14
3.59273e+06,19,CTL,20
3.59282e+06,18,RTS,20
3.59289e+06,20,CTS,14
3.59295e+06,18,QOSDATA_TID6,1066
3.59313e+06,20,ACK,14
3.59318e+06,18,QOSDATA_TID6,1066
3.59336e+06,20,ACK,14
3.5934e+06,18,CTL,20
3.59349e+06,7,RTS,20
3.59349e+06,16,RTS,20
3.59356e+06,20,CTS,14
3.59362e+06,7,QOSDATA_TID6,1066
3.5938e+06,20,ACK,14
3.59384e+06,7,CTL,20
3.59394e+06,10,RTS,20
3.59401e+06,20,CTS,14
3.59407e+06,10,QOSDATA_TID6,1066
3.59425e+06,20,ACK,14
3.5943e+06,10,CTL,20
3.59438e+06,9,RTS,20
3.59438e+06,12,RTS,20
3.59445e+06,20,CTS,14
3.59451e+06,12,QOSDATA_TID6,1066
3.59469e+06,20,ACK,14
3.59474e+06,12,CTL,20
3.59483e+06,11,RTS,20
3.59483e+06,13,RTS,20
3.59497e+06,0,CTS,14
3.59507e+06,0,RTS,20
3.59514e+06,20,CTS,14
3.5952e+06,0,QOSDATA_TID6,1066
3.59538e+06,20,ACK,14
3.59543e+06,0,QOSDATA_TID6,1066
3.59561e+06,20,ACK,14
3.59566e+06,0,CTL,20
3.59574e+06,17,RTS,20
3.59574e+06,11,RTS,20
3.59581e+06,20,CTS,14
3.59587e+06,17,QOSDATA_TID6,1066
3.59605e+06,20,ACK,14
3.5961e+06,17,CTL,20
3.59618e+06,13,RTS,20
3.59625e+06,20,CTS,14
3.59631e+06,13,QOSDATA_TID6,1066
3.5965e+06,20,ACK,14
3.59654e+06,13,CTL,20
3.59663e+06,15,RTS,20
3.59663e+06,14,RTS,20
3.59663e+06,11,RTS,20
3.59663e+06,2,RTS,20
3.59663e+06,10,RTS,20
3.59672e+06,19,RTS,20
3.59679e+06,20,CTS,14
3.59685e+06,19,QOSDATA_TID6,1066
3.59704e+06,20,ACK,14
3.59708e+06,19,CTL,20
3.59717e+06,6,RTS,20
3.59724e+06,20,CTS,14
3.5973e+06,6,QOSDATA_TID6,1066
3.59748e+06,20,ACK,14
3.59752e+06,6,CTL,20
3.59761e+06,15,RTS,20
3.59761e+06,5,RTS,20
3.59761e+06,3,RTS,20
3.59761e+06,1,RTS,20
3.59761e+06,16,RTS,20
3.59768e+06,20,CTS,14
3.59774e+06,5,QOSDATA_TID6,1066
3.59792e+06,20,ACK,14
3.59796e+06,5,CTL,20
3.59805e+06,3,RTS,20
3.59805e+06,16,RTS,20
3.59815e+06,14,RTS,20
3.59822e+06,20,CTS,14
3.59828e+06,14,QOSDATA_TID6,1066
3.59846e+06,20,ACK,14
3.5985e+06,14,CTL,20
3.5986e+06,4,RTS,20
3.59867e+06,20,CTS,14
3.59873e+06,4,QOSDATA_TID6,1066
3.59891e+06,20,ACK,14
3.59896e+06,4,CTL,20
3.59904e+06,11,RTS,20
3.59904e+06,3,RTS,20
3.59904e+06,18,RTS,20
3.59915e+06,15,RTS,20
3.59915e+06,14,RTS,20
3.59925e+06,2,RTS,20
3.59932e+06,20,CTS,14
3.59938e+06,2,QOSDATA_TID6,1066
3.59956e+06,20,ACK,14
3.5996e+06,2,CTL,20
3.59969e+06,3,RTS,20
3.59969e+06,9,RTS,20
3.59969e+06,10,RTS,20
3.59978e+06,20,BEACON,152
3.59979e+06,8,RTS,20
3.60006e+06,1,RTS,20
3.60012e+06,20,CTS,14
3.60018e+06,1,QOSDATA_TID6,1066
3.60037e+06,20,ACK,14
3.60041e+06,1,CTL,20
3.6005e+06,10,RTS,20
3.60057e+06,20,CTS,14
3.60063e+06,10,QOSDATA_TID6,1066
3.60081e+06,20,ACK,14
3.60085e+06,10,CTL,20
3.60094e+06,9,RTS,20
3.60094e+06,3,RTS,20
3.60094e+06,11,RTS,20
3.60094e+06,16,RTS,20
3.60105e+06,8,RTS,20
3.60105e+06,15,RTS,20
3.60105e+06,18,RTS,20
3.60116e+06,3,RTS,20
3.60123e+06,20,CTS,14
3.60129e+06,3,QOSDATA_TID6,1066
3.60148e+06,20,ACK,14
3.60152e+06,3,CTL,20
3.6016e+06,7,RTS,20
3.6016e+06,15,RTS,20
3.6017e+06,13,RTS,20
3.60177e+06,20,CTS,14
3.60183e+06,13,QOSDATA_TID6,1066
3.60202e+06,20,ACK,14
3.60206e+06,13,CTL,20
3.60216e+06,0,RTS,20
3.60216e+06,9,RTS,20
3.60223e+06,20,CTS,14
3.60229e+06,0,QOSDATA_TID6,1066
3.60248e+06,20,ACK,14
3.60252e+06,0,CTL,20
3.6026e+06,12,RTS,20
3.6026e+06,7,RTS,20
3.60267e+06,20,CTS,14
3.60273e+06,12,QOSDATA_TID6,1066
3.60292e+06,20,ACK,14
3.60296e+06,12,CTL,20
3.60305e+06,9,RTS,20
3.60312e+06,20,CTS,14
3.60318e+06,9,QOSDATA_TID6,1066
3.60336e+06,20,ACK,14
3.6034e+06,9,QOSDATA_TID6,1066
3.60359e+06,20,ACK,14
3.60363e+06,9,CTL,20
3.60373e+06,11,RTS,20
3.60379e+06,20,CTS,14
3.60385e+06,11,QOSDATA_TID6,1066
3.60404e+06,20,ACK,14
3.60408e+06,11,QOSDATA_TID6,1066
3.60427e+06,20,ACK,14
3.60431e+06,11,QOSDATA_TID6,1066
3.60449e+06,20,ACK,14
3.60454e+06,11,CTL,20
3.60462e+06,19,RTS,20
3.60462e+06,2,RTS,20
3.60462e+06,3,RTS,20
3.60462e+06,18,RTS,20
3.60462e+06,6,RTS,20
3.60462e+06,14,RTS,20
3.60462e+06,10,RTS,20
3.60472e+06,5,RTS,20
3.60472e+06,7,RTS,20
3.60479e+06,20,CTS,14
3.60485e+06,5,QOSDATA_TID6,1066
3.60503e+06,20,ACK,14
3.60508e+06,5,CTL,20
3.60517e+06,17,RTS,20
3.60517e+06,1,RTS,20
3.60517e+06,19,RTS,20
3.60517e+06,3,RTS,20
3.60517e+06,4,RTS,20
3.60517e+06,15,RTS,20
3.60528e+06,8,RTS,20
3.60535e+06,20,CTS,14
3.60541e+06,8,QOSDATA_TID6,1066
3.60559e+06,20,ACK,14
3.60564e+06,8,CTL,20
3.60572e+06,16,RTS,20
3.60579e+06,20,CTS,14
3.60585e+06,16,QOSDATA_TID6,1066
3.60603e+06,20,ACK,14
3.60608e+06,16,QOSDATA_TID6,1066
3.60626e+06,20,ACK,14
3.60631e+06,16,QOSDATA_TID6,1066
3.60649e+06,20,ACK,14
3.60653e+06,16,QOSDATA_TID6,1066
3.60672e+06,20,ACK,14
3.60676e+06,16,QOSDATA_TID6,1066
3.60695e+06,20,ACK,14
3.60699e+06,16,QOSDATA_TID6,1066
3.60717e+06,20,ACK,14
3.60722e+06,16,QOSDATA_TID6,1066
3.6074e+06,20,ACK,14
3.60745e+06,16,QOSDATA_TID6,1066
3.60763e+06,20,ACK,14
3.60768e+06,16,CTL,20
3.60776e+06,15,RTS,20
3.60776e+06,6,RTS,20
3.60787e+06,3,RTS,20
3.60794e+06,20,CTS,14
3.608e+06,3,QOSDATA_TID6,1066
3.60818e+06,20,ACK,14
3.60822e+06,3,CTL,20
3.60832e+06,8,RTS,20
3.60832e+06,7,RTS,20
3.60843e+06,6,RTS,20
3.60849e+06,20,CTS,14
3.60855e+06,6,QOSDATA_TID6,1066
3.60874e+06,20,ACK,14
3.60878e+06,6,CTL,20
3.60887e+06,18,RTS,20
3.60887e+06,10,RTS,20
3.60897e+06,4,RTS,20
3.60903e+06,20,CTS,14
3.60909e+06,4,QOSDATA_TID6,1066
3.60928e+06,20,ACK,14
3.60932e+06,4,CTL,20
3.60941e+06,7,RTS,20
3.60941e+06,1,RTS,20
3.60941e+06,17,RTS,20
3.60941e+06,0,RTS,20
3.60951e+06,8,RTS,20
3.60951e+06,16,RTS,20
3.60957e+06,20,CTS,14
3.60963e+06,8,QOSDATA_TID6,1066
3.60982e+06,20,ACK,14
3.60986e+06,8,CTL,20
3.60995e+06,17,RTS,20
3.60995e+06,9,RTS,20
3.61002e+06,20,CTS,14
3.61008e+06,17,QOSDATA_TID6,1066
3.61026e+06,20,ACK,14
3.6103e+06,17,CTL,20
3.61039e+06,12,RTS,20
3.61046e+06,20,CTS,14
3.61052e+06,12,QOSDATA_TID6,1066
3.6107e+06,20,ACK,14
3.61075e+06,12,CTL,20
3.61083e+06,19,RTS,20
3.61083e+06,2,RTS,20
3.61083e+06,3,RTS,20
3.61083e+06,14,RTS,20
3.61093e+06,10,RTS,20
3.611e+06,20,CTS,14
3.61106e+06,10,QOSDATA_TID6,1066
3.61124e+06,20,ACK,14
3.61129e+06,10,CTL,20
3.61137e+06,13,RTS,20
3.61144e+06,20,CTS,14
3.6115e+06,13,QOSDATA_TID6,1066
3.61168e+06,20,ACK,14
3.61173e+06,13,CTL,20
3.61181e+06,15,RTS,20
3.61181e+06,14,RTS,20
3.61181e+06,11,RTS,20
3.61181e+06,16,RTS,20
3.61181e+06,0,RTS,20
3.61191e+06,17,RTS,20
3.61198e+06,20,CTS,14
3.61204e+06,17,QOSDATA_TID6,1066
3.61222e+06,20,ACK,14
3.61227e+06,17,CTL,20
3.61235e+06,1,RTS,20
3.61235e+06,14,RTS,20
3.61242e+06,20,CTS,14
3.61248e+06,1,QOSDATA_TID6,1066
3.61267e+06,20,ACK,14
3.61271e+06,1,QOSDATA_TID6,1066
3.61289e+06,20,ACK,14
3.61294e+06,1,CTL,20
3.61303e+06,19,RTS,20
3.61303e+06,16,RTS,20
3.61303e+06,4,RTS,20
3.61303e+06,3,RTS,20
3.61303e+06,18,RTS,20
3.61303e+06,6,RTS,20
3.61303e+06,10,RTS,20
3.61313e+06,5,RTS,20
3.6132e+06,20,CTS,14
3.61326e+06,5,QOSDATA_TID6,1066
3.61344e+06,20,ACK,14
3.61349e+06,5,CTL,20
3.61357e+06,3,RTS,20
3.61364e+06,20,CTS,14
3.6137e+06,3,QOSDATA_TID6,1066
3.61388e+06,20,ACK,14
3.61393e+06,3,CTL,20
3.61402e+06,7,RTS,20
3.61408e+06,20,CTS,14
3.61414e+06,7,QOSDATA_TID6,1066
3.61433e+06,20,ACK,14
3.61437e+06,7,QOSDATA_TID6,1066
3.61456e+06,20,ACK,14
3.6146e+06,7,CTL,20
3.61468e+06,16,RTS,20
3.61468e+06,15,RTS,20
3.61468e+06,2,RTS,20
3.61468e+06,9,RTS,20
3.61478e+06,19,RTS,20
3.61485e+06,20,CTS,14
3.61491e+06,19,QOSDATA_TID6,1066
3.6151e+06,20,ACK,14
3.61514e+06,19,QOSDATA_TID6,1066
3.61532e+06,20,ACK,14
3.61537e+06,19,CTL,20
3.61545e+06,8,RTS,20
3.61552e+06,20,CTS,14
3.61558e+06,8,QOSDATA_TID6,1066
3.61577e+06,20,ACK,14
3.61581e+06,8,CTL,20
3.6159e+06,0,CTS,14
3.6159e+06,10,RTS,20
3.61602e+06,0,RTS,20
3.61609e+06,20,CTS,14
3.61615e+06,0,QOSDATA_TID6,1066
3.61633e+06,20,ACK,14
3.61637e+06,0,CTL,20
3.61647e+06,14,RTS,20
3.61647e+06,11,RTS,20
3.61647e+06,16,RTS,20
3.61647e+06,4,RTS,20
3.61658e+06,18,RTS,20
3.61664e+06,20,CTS,14
3.6167e+06,18,QOSDATA_TID6,1066
3.61689e+06,20,ACK,14
3.61693e+06,18,QOSDATA_TID6,1066
3.61712e+06,20,ACK,14
3.61716e+06,18,QOSDATA_TID6,1066
3.61734e+06,20,ACK,14
3.61739e+06,18,CTL,20
3.61747e+06,7,RTS,20
3.61747e+06,16,RTS,20
3.61747e+06,4,RTS,20
3.61754e+06,20,CTS,14
3.6176e+06,7,QOSDATA_TID6,1066
3.61779e+06,20,ACK,14
3.61783e+06,7,CTL,20
3.61792e+06,4,RTS,20
3.61792e+06,2,RTS,20
3.61792e+06,14,RTS,20
3.61792e+06,10,RTS,20
3.61801e+06,6,RTS,20
3.61808e+06,20,CTS,14
3.61814e+06,6,QOSDATA_TID6,1066
3.61833e+06,20,ACK,14
3.61837e+06,6,CTL,20
3.61846e+06,0,RTS,20
3.61846e+06,9,RTS,20
3.61852e+06,20,CTS,14
3.61858e+06,0,QOSDATA_TID6,1066
3.61877e+06,20,ACK,14
3.61881e+06,0,CTL,20
3.6189e+06,12,RTS,20
3.6189e+06,3,RTS,20
3.61897e+06,20,CTS,14
3.61903e+06,12,QOSDATA_TID6,1066
3.61921e+06,20,ACK,14
3.61925e+06,12,CTL,20
3.61934e+06,17,RTS,20
3.61934e+06,1,RTS,20
3.61944e+06,13,RTS,20
3.61951e+06,20,CTS,14
3.61957e+06,13,QOSDATA_TID6,1066
3.61975e+06,20,ACK,14
3.61979e+06,13,CTL,20
3.61988e+06,15,RTS,20
3.61988e+06,16,RTS,20
3.61988e+06,6,RTS,20
3.61999e+06,2,RTS,20
3.61999e+06,3,RTS,20
3.62006e+06,20,CTS,14
3.62012e+06,2,QOSDATA_TID6,1066
3.6203e+06,20,ACK,14
3.62034e+06,2,QOSDATA_TID6,1066
3.62053e+06,20,ACK,14
3.62057e+06,2,CTL,20
3.62066e+06,2,RTS,20
3.62066e+06,3,RTS,20
3.62066e+06,5,RTS,20
3.62066e+06,6,RTS,20
3.62072e+06,20,CTS,14
3.62078e+06,5,QOSDATA_TID6,1066
3.62097e+06,20,ACK,14
3.62101e+06,5,CTL,20
3.6211e+06,6,RTS,20
3.6211e+06,10,RTS,20
3.62117e+06,20,CTS,14
3.62123e+06,6,QOSDATA_TID6,1066
3.62141e+06,20,ACK,14
3.62146e+06,6,CTL,20
3.62154e+06,10,RTS,20
3.62154e+06,19,RTS,20
3.62154e+06,11,RTS,20
3.62167e+06,14,RTS,20
3.62173e+06,20,CTS,14
3.62179e+06,14,QOSDATA_TID6,1066
3.62198e+06,20,ACK,14
3.62202e+06,14,QOSDATA_TID6,1066
3.62221e+06,20,ACK,14
3.62225e+06,14,CTL,20
3.62234e+06,19,RTS,20
3.62234e+06,3,RTS,20
3.62234e+06,9,RTS,20
3.62244e+06,18,RTS,20
3.62251e+06,20,CTS,14
3.62257e+06,18,QOSDATA_TID6,1066
3.62276e+06,20,ACK,14
3.6228e+06,18,CTL,20
3.62288e+06,15,RTS,20
3.62295e+06,20,CTS,14
3.62301e+06,15,QOSDATA_TID6,1066
3.6232e+06,20,ACK,14
3.62324e+06,15,QOSDATA_TID6,1066
3.62343e+06,20,ACK,14
3.62347e+06,15,QOSDATA_TID6,1066
3.62365e+06,20,ACK,14
3.6237e+06,15,CTL,20
3.62378e+06,8,RTS,20
3.62378e+06,19,RTS,20
3.62378e+06,16,RTS,20
3.62378e+06,4,RTS,20
3.62378e+06,9,RTS,20
3.62388e+06,17,RTS,20
3.62395e+06,20,CTS,14
3.62401e+06,17,QOSDATA_TID6,1066
3.62419e+06,20,ACK,14
3.62424e+06,17,CTL,20
3.62432e+06,1,RTS,20
3.62432e+06,16,RTS,20
3.62432e+06,14,RTS,20
3.62442e+06,2,RTS,20
3.62442e+06,10,RTS,20
3.62449e+06,20,CTS,14
3.62455e+06,2,QOSDATA_TID6,1066
3.62473e+06,20,ACK,14
3.62478e+06,2,CTL,20
3.62487e+06,14,RTS,20
3.62487e+06,16,RTS,20
3.62487e+06,4,RTS,20
3.62497e+06,3,RTS,20
3.62504e+06,20,CTS,14
3.6251e+06,3,QOSDATA_TID6,1066
3.62528e+06,20,ACK,14
3.62533e+06,3,CTL,20
3.62542e+06,9,RTS,20
3.62542e+06,0,RTS,20
3.62549e+06,20,CTS,14
3.62555e+06,0,QOSDATA_TID6,1066
3.62573e+06,20,ACK,14
3.62578e+06,0,CTL,20
3.62586e+06,8,RTS,20
3.62586e+06,16,RTS,20
3.62593e+06,20,CTS,14
3.62599e+06,8,QOSDATA_TID6,1066
3.62618e+06,20,ACK,14
3.62622e+06,8,CTL,20
3.62631e+06,7,RTS,20
3.62637e+06,20,CTS,14
3.62643e+06,7,QOSDATA_TID6,1066
3.62662e+06,20,ACK,14
3.62666e+06,7,CTL,20
3.62675e+06,14,RTS,20
3.62682e+06,20,CTS,14
3.62688e+06,14,QOSDATA_TID6,1066
3.62706e+06,20,ACK,14
3.6271e+06,14,CTL,20
3.62719e+06,13,RTS,20
3.62719e+06,10,RTS,20
3.62719e+06,1,RTS,20
3.62719e+06,11,RTS,20
3.62719e+06,4,RTS,20
3.62729e+06,16,RTS,20
3.62736e+06,20,CTS,14
3.62742e+06,16,QOSDATA_TID6,1066
3.6276e+06,20,ACK,14
3.62764e+06,16,QOSDATA_TID6,1066
3.62783e+06,20,ACK,14
3.62787e+06,16,CTL,20
3.62796e+06,17,RTS,20
3.62796e+06,3,RTS,20
3.62803e+06,20,CTS,14
3.62809e+06,17,QOSDATA_TID6,1066
3.62827e+06,20,ACK,14
3.62831e+06,17,CTL,20
3.62841e+06,5,RTS,20
3.62841e+06,12,RTS,20
3.62841e+06,11,RTS,20
3.62841e+06,6,RTS,20
3.62852e+06,1,RTS,20
3.62852e+06,19,RTS,20
3.62852e+06,9,RTS,20
3.62861e+06,2,RTS,20
3.62861e+06,15,RTS,20
3.62874e+06,4,RTS,20
3.62881e+06,20,CTS,14
3.62887e+06,4,QOSDATA_TID6,1066
3.62905e+06,20,ACK,14
3.6291e+06,4,QOSDATA_TID6,1066
3.62928e+06,20,ACK,14
3.62932e+06,4,CTL,20
3.62941e+06,15,RTS,20
3.62948e+06,20,CTS,14
3.62954e+06,15,QOSDATA_TID6,1066
3.62972e+06,20,ACK,14
3.62976e+06,15,CTL,20
3.62985e+06,11,RTS,20
3.62992e+06,20,CTS,14
3.62998e+06,11,QOSDATA_TID6,1066
3.63016e+06,20,ACK,14
3.63021e+06,11,QOSDATA_TID6,1066
3.63039e+06,20,ACK,14
3.63044e+06,11,QOSDATA_TID6,1066
3.63062e+06,20,ACK,14
3.63066e+06,11,CTL,20
3.63075e+06,8,RTS,20
3.63075e+06,12,RTS,20
3.63075e+06,3,RTS,20
3.63075e+06,9,RTS,20
3.63085e+06,6,RTS,20
3.63085e+06,13,RTS,20
3.63096e+06,1,RTS,20
3.63096e+06,5,RTS,20
3.63103e+06,20,CTS,14
3.63109e+06,5,QOSDATA_TID6,1066
3.63127e+06,20,ACK,14
3.63132e+06,5,CTL,20
3.6314e+06,9,RTS,20
3.63147e+06,20,CTS,14
3.63153e+06,9,QOSDATA_TID6,1066
3.63171e+06,20,ACK,14
3.63176e+06,9,QOSDATA_TID6,1066
3.63194e+06,20,ACK,14
3.63198e+06,9,CTL,20
3.63207e+06,10,RTS,20
3.63207e+06,18,RTS,20
3.63217e+06,3,RTS,20
3.63224e+06,20,CTS,14
3.6323e+06,3,QOSDATA_TID6,1066
3.63248e+06,20,ACK,14
3.63252e+06,3,CTL,20
3.63261e+06,18,RTS,20
3.63261e+06,19,RTS,20
3.63261e+06,14,RTS,20
3.63272e+06,6,RTS,20
3.63279e+06,20,CTS,14
3.63285e+06,6,QOSDATA_TID6,1066
3.63303e+06,20,ACK,14
3.63307e+06,6,CTL,20
3.63316e+06,0,RTS,20
3.63316e+06,14,RTS,20
3.63323e+06,20,CTS,14
3.63329e+06,0,QOSDATA_TID6,1066
3.63347e+06,20,ACK,14
3.63352e+06,0,CTL,20
3.6336e+06,12,RTS,20
3.6336e+06,19,RTS,20
3.6336e+06,16,RTS,20
3.63367e+06,20,CTS,14
3.63373e+06,12,QOSDATA_TID6,1066
3.63391e+06,20,ACK,14
3.63396e+06,12,CTL,20
3.63405e+06,7,RTS,20
3.63405e+06,8,RTS,20
3.63405e+06,19,RTS,20
3.63405e+06,13,RTS,20
3.63405e+06,2,RTS,20
3.63405e+06,14,RTS,20
3.63405e+06,9,RTS,20
3.63405e+06,10,RTS,20
3.63417e+06,18,RTS,20
3.63417e+06,1,RTS,20
3.63417e+06,16,RTS,20
3.63428e+06,7,RTS,20
3.63428e+06,14,RTS,20
3.63434e+06,20,CTS,14
3.6344e+06,7,QOSDATA_TID6,1066
3.63459e+06,20,ACK,14
3.63463e+06,7,CTL,20
3.63472e+06,3,RTS,20
3.63479e+06,20,CTS,14
3.63485e+06,3,QOSDATA_TID6,1066
3.63503e+06,20,ACK,14
3.63507e+06,3,CTL,20
3.63517e+06,9,RTS,20
3.63517e+06,19,RTS,20
3.63517e+06,1,RTS,20
3.63517e+06,12,RTS,20
3.63527e+06,11,RTS,20
3.63534e+06,20,CTS,14
3.6354e+06,11,QOSDATA_TID6,1066
3.63558e+06,20,ACK,14
3.63562e+06,11,CTL,20
3.63571e+06,19,RTS,20
3.63571e+06,9,RTS,20
3.63578e+06,20,CTS,14
3.63584e+06,19,QOSDATA_TID6,1066
3.63602e+06,20,ACK,14
3.63606e+06,19,QOSDATA_TID6,1066
3.63625e+06,20,ACK,14
3.63629e+06,19,CTL,20
3.63639e+06,2,RTS,20
3.63639e+06,6,RTS,20
3.63639e+06,13,RTS,20
3.63639e+06,14,RTS,20
3.63649e+06,17,RTS,20
3.63655e+06,20,CTS,14
3.63661e+06,17,QOSDATA_TID6,1066
3.6368e+06,20,ACK,14
3.63684e+06,17,CTL,20
3.63693e+06,1,RTS,20
3.63693e+06,5,RTS,20
3.63693e+06,4,RTS,20
3.63693e+06,18,RTS,20
3.63693e+06,15,RTS,20
3.637e+06,20,CTS,14
3.63706e+06,5,QOSDATA_TID6,1066
3.63724e+06,20,ACK,14
3.63728e+06,5,CTL,20
3.63737e+06,8,RTS,20
3.63744e+06,20,CTS,14
3.6375e+06,8,QOSDATA_TID6,1066
3.63768e+06,20,ACK,14
3.63773e+06,8,CTL,20
3.63781e+06,2,RTS,20
3.63781e+06,15,RTS,20
3.63781e+06,14,RTS,20
3.63792e+06,6,RTS,20
3.63792e+06,1,RTS,20
3.63802e+06,2,RTS,20
3.63808e+06,20,CTS,14
3.63814e+06,2,QOSDATA_TID6,1066
3.63833e+06,20,ACK,14
3.63837e+06,2,QOSDATA_TID6,1066
3.63856e+06,20,ACK,14
3.6386e+06,2,CTL,20
3.6387e+06,8,RTS,20
3.6387e+06,14,RTS,20
3.63876e+06,20,CTS,14
3.63882e+06,8,QOSDATA_TID6,1066
3.63901e+06,20,ACK,14
3.63905e+06,8,CTL,20
3.63916e+06,12,RTS,20
3.63916e+06,16,RTS,20
3.63916e+06,18,RTS,20
3.63916e+06,14,RTS,20
3.63922e+06,20,CTS,14
3.63928e+06,12,QOSDATA_TID6,1066
3.63947e+06,20,ACK,14
3.63951e+06,12,CTL,20
3.6396e+06,14,RTS,20
3.63967e+06,20,CTS,14
3.63973e+06,14,QOSDATA_TID6,1066
3.63991e+06,20,ACK,14
3.63996e+06,14,CTL,20
3.64004e+06,18,RTS,20
3.64011e+06,20,CTS,14
3.64017e+06,18,QOSDATA_TID6,1066
3.64035e+06,20,ACK,14
3.6404e+06,18,QOSDATA_TID6,1066
3.64058e+06,20,ACK,14
3.64062e+06,18,CTL,20
3.64071e+06,13,RTS,20
3.64078e+06,20,CTS,14
3.64084e+06,13,QOSDATA_TID6,1066
3.64102e+06,20,ACK,14
3.64107e+06,13,QOSDATA_TID6,1066
3.64125e+06,20,ACK,14
3.6413e+06,13,CTL,20
3.64138e+06,15,RTS,20
3.64138e+06,1,RTS,20
3.64138e+06,0,RTS,20
3.64138e+06,10,RTS,20
3.64138e+06,9,RTS,20
3.64148e+06,7,RTS,20
3.64155e+06,20,CTS,14
3.64161e+06,7,QOSDATA_TID6,1066
3.64179e+06,20,ACK,14
3.64184e+06,7,CTL,20
3.64193e+06,13,RTS,20
3.64193e+06,4,RTS,20
3.64193e+06,15,RTS,20
3.64203e+06,1,RTS,20
3.6421e+06,20,CTS,14
3.64216e+06,1,QOSDATA_TID6,1066
3.64234e+06,20,ACK,14
3.64238e+06,1,QOSDATA_TID6,1066
3.64257e+06,20,ACK,14
3.64261e+06,1,CTL,20
3.6427e+06,12,RTS,20
3.6427e+06,13,RTS,20
3.64277e+06,20,CTS,14
3.64283e+06,12,QOSDATA_TID6,1066
3.64301e+06,20,ACK,14
3.64305e+06,12,CTL,20
3.64314e+06,11,RTS,20
3.64321e+06,20,CTS,14
3.64327e+06,11,QOSDATA_TID6,1066
3.64345e+06,20,ACK,14
3.6435e+06,11,CTL,20
3.64358e+06,17,RTS,20
3.64358e+06,9,RTS,20
3.64358e+06,0,RTS,20
3.64358e+06,6,RTS,20
3.64358e+06,10,RTS,20
3.64371e+06,13,RTS,20
3.64378e+06,20,CTS,14
3.64384e+06,13,QOSDATA_TID6,1066
3.64402e+06,20,ACK,14
3.64406e+06,13,CTL,20
3.64416e+06,15,RTS,20
3.64416e+06,16,RTS,20
3.64416e+06,19,RTS,20
3.64416e+06,3,RTS,20
3.64426e+06,6,RTS,20
3.64432e+06,20,CTS,14
3.64438e+06,6,QOSDATA_TID6,1066
3.64457e+06,20,ACK,14
3.64461e+06,6,QOSDATA_TID6,1066
3.6448e+06,20,ACK,14
3.64484e+06,6,CTL,20
3.64493e+06,0,CTS,14
3.64493e+06,5,RTS,20
3.64504e+06,0,RTS,20
3.64511e+06,20,CTS,14
3.64517e+06,0,QOSDATA_TID6,1066
3.64535e+06,20,ACK,14
3.6454e+06,0,CTL,20
3.64548e+06,2,RTS,20
3.64548e+06,19,RTS,20
3.64561e+06,15,RTS,20
3.64567e+06,20,CTS,14
3.64573e+06,15,QOSDATA_TID6,1066
3.64592e+06,20,ACK,14
3.64596e+06,15,QOSDATA_TID6,1066
3.64615e+06,20,ACK,14
3.64619e+06,15,CTL,20
3.64628e+06,2,RTS,20
3.64634e+06,20,CTS,14
3.6464e+06,2,QOSDATA_TID6,1066
3.64659e+06,20,ACK,14
3.64663e+06,2,CTL,20
3.64672e+06,10,RTS,20
3.64679e+06,20,CTS,14
3.64685e+06,10,QOSDATA_TID6,1066
3.64703e+06,20,ACK,14
3.64708e+06,10,QOSDATA_TID6,1066
3.64726e+06,20,ACK,14
3.6473e+06,10,QOSDATA_TID6,1066
3.64749e+06,20,ACK,14
3.64753e+06,10,QOSDATA_TID6,1066
3.64772e+06,20,ACK,14
3.64776e+06,10,CTL,20
3.64784e+06,8,RTS,20
3.64784e+06,1,RTS,20
3.64784e+06,4,RTS,20
3.64795e+06,16,RTS,20
3.64795e+06,9,RTS,20
3.64795e+06,18,RTS,20
3.64807e+06,19,RTS,20
3.64807e+06,14,RTS,20
3.64814e+06,20,CTS,14
3.6482e+06,19,QOSDATA_TID6,1066
3.64838e+06,20,ACK,14
3.64842e+06,19,CTL,20
3.64852e+06,1,RTS,20
3.64852e+06,16,RTS,20
3.64852e+06,9,RTS,20
3.64852e+06,14,RTS,20
3.64866e+06,1,RTS,20
3.64873e+06,20,CTS,14
3.64879e+06,1,QOSDATA_TID6,1066
3.64897e+06,20,ACK,14
3.64902e+06,1,CTL,20
3.6491e+06,16,RTS,20
3.6491e+06,0,RTS,20
3.64917e+06,20,CTS,14
3.64923e+06,0,QOSDATA_TID6,1066
3.64941e+06,20,ACK,14
3.64946e+06,0,CTL,20
3.64954e+06,7,RTS,20
3.64961e+06,20,CTS,14
3.64967e+06,7,QOSDATA_TID6,1066
3.64986e+06,20,ACK,14
3.6499e+06,7,CTL,20
3.64998e+06,18,RTS,20
3.65005e+06,20,CTS,14
3.65011e+06,18,QOSDATA_TID6,1066
3.6503e+06,20,ACK,14
3.65034e+06,18,CTL,20
3.65043e+06,3,RTS,20
3.65043e+06,17,RTS,20
3.65043e+06,16,RTS,20
3.65043e+06,13,RTS,20
3.6505e+06,20,CTS,14
3.65056e+06,17,QOSDATA_TID6,1066
3.65074e+06,20,ACK,14
3.65078e+06,17,CTL,20
3.65088e+06,11,RTS,20
3.65088e+06,9,RTS,20
3.65088e+06,14,RTS,20
3.65098e+06,5,RTS,20
3.65098e+06,19,RTS,20
3.65104e+06,20,CTS,14
3.6511e+06,5,QOSDATA_TID6,1066
3.65129e+06,20,ACK,14
3.65133e+06,5,CTL,20
3.65142e+06,11,RTS,20
3.65149e+06,20,CTS,14
3.65155e+06,11,QOSDATA_TID6,1066
3.65173e+06,20,ACK,14
3.65177e+06,11,CTL,20
3.65186e+06,17,RTS,20
3.65193e+06,20,CTS,14
3.65199e+06,17,QOSDATA_TID6,1066
3.65217e+06,20,ACK,14
3.65222e+06,17,CTL,20
3.6523e+06,1,RTS,20
3.6523e+06,5,RTS,20
3.6523e+06,12,RTS,20
3.6523e+06,9,RTS,20
3.6523e+06,6,RTS,20
3.6524e+06,16,RTS,20
3.65247e+06,20,CTS,14
3.65253e+06,16,QOSDATA_TID6,1066
3.65271e+06,20,ACK,14
3.65276e+06,16,QOSDATA_TID6,1066
3.65294e+06,20,ACK,14
3.65298e+06,16,CTL,20
3.65307e+06,8,RTS,20
3.65307e+06,12,RTS,20
3.65307e+06,10,RTS,20
3.65318e+06,2,RTS,20
3.65318e+06,3,RTS,20
3.65318e+06,14,RTS,20
3.65318e+06,15,RTS,20
3.65318e+06,4,RTS,20
3.65328e+06,19,RTS,20
3.65328e+06,13,RTS,20
3.65342e+06,4,RTS,20
3.65349e+06,20,CTS,14
3.65355e+06,4,QOSDATA_TID6,1066
3.65373e+06,20,ACK,14
3.65377e+06,4,QOSDATA_TID6,1066
3.65396e+06,20,ACK,14
3.654e+06,4,QOSDATA_TID6,1066
3.65419e+06,20,ACK,14
3.65423e+06,4,CTL,20
3.65432e+06,12,RTS,20
3.65432e+06,13,RTS,20
3.65432e+06,15,RTS,20
3.65432e+06,2,RTS,20
3.65432e+06,6,RTS,20
3.65432e+06,18,RTS,20
3.65442e+06,14,RTS,20
3.65449e+06,20,CTS,14
3.65455e+06,14,QOSDATA_TID6,1066
3.65474e+06,20,ACK,14
3.65478e+06,14,CTL,20
3.65488e+06,15,RTS,20
3.65488e+06,3,RTS,20
3.65499e+06,5,RTS,20
3.65506e+06,20,CTS,14
3.65512e+06,5,QOSDATA_TID6,1066
3.6553e+06,20,ACK,14
3.65535e+06,5,CTL,20
3.65543e+06,12,RTS,20
3.6555e+06,20,CTS,14
3.65556e+06,12,QOSDATA_TID6,1066
3.65574e+06,20,ACK,14
3.65579e+06,12,CTL,20
3.65588e+06,8,RTS,20
3.65595e+06,20,CTS,14
3.65601e+06,8,QOSDATA_TID6,1066
3.6562e+06,20,ACK,14
3.65624e+06,8,QOSDATA_TID6,1066
3.65642e+06,20,ACK,14
3.65647e+06,8,CTL,20
3.65655e+06,19,RTS,20
3.65655e+06,16,RTS,20
3.65655e+06,13,RTS,20
3.65655e+06,14,RTS,20
3.65666e+06,10,RTS,20
3.65673e+06,20,CTS,14
3.65679e+06,10,QOSDATA_TID6,1066
3.65697e+06,20,ACK,14
3.65702e+06,10,CTL,20
3.6571e+06,2,RTS,20
3.6571e+06,0,RTS,20
3.6571e+06,13,RTS,20
3.6572e+06,1,RTS,20
3.6572e+06,18,RTS,20
3.65727e+06,20,CTS,14
3.65733e+06,1,QOSDATA_TID6,1066
3.65751e+06,20,ACK,14
3.65756e+06,1,CTL,20
3.65765e+06,19,RTS,20
3.65765e+06,3,RTS,20
3.65765e+06,9,RTS,20
3.65765e+06,0,RTS,20
3.65775e+06,7,RTS,20
3.65782e+06,20,CTS,14
3.65788e+06,7,QOSDATA_TID6,1066
3.65806e+06,20,ACK,14
3.65811e+06,7,CTL,20
3.6582e+06,2,RTS,20
3.65827e+06,20,CTS,14
3.65833e+06,2,QOSDATA_TID6,1066
3.65851e+06,20,ACK,14
3.65856e+06,2,CTL,20
3.65864e+06,9,RTS,20
3.65864e+06,6,RTS,20
3.65864e+06,15,RTS,20
3.65875e+06,12,RTS,20
3.65882e+06,20,CTS,14
3.65888e+06,12,QOSDATA_TID6,1066
3.65906e+06,20,ACK,14
3.65911e+06,12,CTL,20
3.65919e+06,1,RTS,20
3.65919e+06,19,RTS,20
3.65929e+06,13,RTS,20
3.65936e+06,20,CTS,14
3.65942e+06,13,QOSDATA_TID6,1066
3.6596e+06,20,ACK,14
3.65965e+06,13,QOSDATA_TID6,1066
3.65983e+06,20,ACK,14
3.65987e+06,13,CTL,20
3.65996e+06,18,RTS,20
3.65996e+06,9,RTS,20
3.66003e+06,20,CTS,14
3.66009e+06,18,QOSDATA_TID6,1066
3.66027e+06,20,ACK,14
3.66032e+06,18,CTL,20
3.66041e+06,14,RTS,20
3.66041e+06,19,RTS,20
3.66041e+06,16,RTS,20
3.66056e+06,19,RTS,20
3.66063e+06,20,CTS,14
3.66069e+06,19,QOSDATA_TID6,1066
3.66087e+06,20,ACK,14
3.66092e+06,19,QOSDATA_TID6,1066
3.6611e+06,20,ACK,14
3.66114e+06,19,CTL,20
3.66123e+06,16,RTS,20
3.66123e+06,14,RTS,20
3.66133e+06,2,RTS,20
3.6614e+06,20,CTS,14
3.66146e+06,2,QOSDATA_TID6,1066
3.66164e+06,20,ACK,14
3.66168e+06,2,CTL,20
3.66177e+06,10,RTS,20
3.66184e+06,20,CTS,14
3.6619e+06,10,QOSDATA_TID6,1066
3.66208e+06,20,ACK,14
3.66213e+06,10,CTL,20
3.66221e+06,9,RTS,20
3.66221e+06,3,RTS,20
3.66231e+06,18,RTS,20
3.66231e+06,5,RTS,20
3.66231e+06,17,RTS,20
3.66241e+06,4,RTS,20
3.66248e+06,20,CTS,14
3.66254e+06,4,QOSDATA_TID6,1066
3.66272e+06,20,ACK,14
3.66276e+06,4,CTL,20
3.66285e+06,3,RTS,20
3.66285e+06,9,RTS,20
3.66295e+06,11,RTS,20
3.66295e+06,15,RTS,20
3.66306e+06,18,RTS,20
3.66313e+06,20,CTS,14
3.66319e+06,18,QOSDATA_TID6,1066
3.66338e+06,20,ACK,14
3.66342e+06,18,CTL,20
3.66352e+06,0,CTS,14
3.66352e+06,6,RTS,20
3.66352e+06,8,RTS,20
3.66352e+06,16,RTS,20
3.66365e+06,0,RTS,20
3.66372e+06,20,CTS,14
3.66378e+06,0,QOSDATA_TID6,1066
3.66396e+06,20,ACK,14
3.664e+06,0,CTL,20
3.66409e+06,14,RTS,20
3.66416e+06,20,CTS,14
3.66422e+06,14,QOSDATA_TID6,1066
3.6644e+06,20,ACK,14
3.66444e+06,14,QOSDATA_TID6,1066
3.66463e+06,20,ACK,14
3.66467e+06,14,CTL,20
3.66476e+06,15,RTS,20
3.66476e+06,3,RTS,20
3.66476e+06,16,RTS,20
3.66488e+06,5,RTS,20
3.66488e+06,8,RTS,20
3.66495e+06,20,CTS,14
3.66501e+06,5,QOSDATA_TID6,1066
3.6652e+06,20,ACK,14
3.66524e+06,5,CTL,20
3.66533e+06,3,RTS,20
3.66539e+06,20,CTS,14
3.66545e+06,3,QOSDATA_TID6,1066
3.66564e+06,20,ACK,14
3.66568e+06,3,QOSDATA_TID6,1066
3.66587e+06,20,ACK,14
3.66591e+06,3,CTL,20
3.666e+06,9,RTS,20
3.666e+06,1,RTS,20
3.666e+06,11,RTS,20
3.6661e+06,0,RTS,20
3.6661e+06,6,RTS,20
3.6662e+06,7,RTS,20
3.66627e+06,20,CTS,14
3.66633e+06,7,QOSDATA_TID6,1066
3.66651e+06,20,ACK,14
3.66656e+06,7,CTL,20
3.66664e+06,13,RTS,20
3.66664e+06,1,RTS,20
3.66664e+06,16,RTS,20
3.66664e+06,3,RTS,20
3.66675e+06,12,RTS,20
3.66675e+06,6,RTS,20
3.66682e+06,20,CTS,14
3.66688e+06,12,QOSDATA_TID6,1066
3.66706e+06,20,ACK,14
3.66711e+06,12,CTL,20
3.66719e+06,13,RTS,20
3.66726e+06,20,CTS,14
3.66732e+06,13,QOSDATA_TID6,1066
3.6675e+06,20,ACK,14
3.66755e+06,13,CTL,20
3.66763e+06,17,RTS,20
3.66763e+06,6,RTS,20
3.6677e+06,20,CTS,14
3.66776e+06,17,QOSDATA_TID6,1066
3.66795e+06,20,ACK,14
3.66799e+06,17,QOSDATA_TID6,1066
3.66817e+06,20,ACK,14
3.66822e+06,17,CTL,20
3.6683e+06,5,RTS,20
3.6683e+06,9,RTS,20
3.66837e+06,20,CTS,14
3.66843e+06,5,QOSDATA_TID6,1066
3.66862e+06,20,ACK,14
3.66866e+06,5,CTL,20
3.66876e+06,16,RTS,20
3.66876e+06,0,RTS,20
3.66876e+06,9,RTS,20
3.66876e+06,15,RTS,20
3.66885e+06,8,RTS,20
3.66885e+06,19,RTS,20
3.66892e+06,20,CTS,14
3.66898e+06,8,QOSDATA_TID6,1066
3.66916e+06,20,ACK,14
3.66921e+06,8,CTL,20
3.6693e+06,16,RTS,20
3.66936e+06,20,CTS,14
3.66942e+06,16,QOSDATA_TID6,1066
3.66961e+06,20,ACK,14
3.66965e+06,16,CTL,20
3.66974e+06,4,RTS,20
3.66974e+06,19,RTS,20
3.66974e+06,10,RTS,20
3.66984e+06,15,RTS,20
3.66991e+06,20,CTS,14
3.66997e+06,15,QOSDATA_TID6,1066
3.67016e+06,20,ACK,14
3.6702e+06,15,QOSDATA_TID6,1066
3.67038e+06,20,ACK,14
3.67043e+06,15,CTL,20
3.67052e+06,18,RTS,20
3.67052e+06,2,RTS,20
3.67052e+06,10,RTS,20
3.67052e+06,9,RTS,20
3.67062e+06,19,RTS,20
3.67062e+06,11,RTS,20
3.67072e+06,0,CTS,14
3.67081e+06,0,RTS,20
3.67088e+06,20,CTS,14
3.67094e+06,0,QOSDATA_TID6,1066
3.67112e+06,20,ACK,14
3.67116e+06,0,CTL,20
3.67125e+06,14,RTS,20
3.67132e+06,20,CTS,14
3.67138e+06,14,QOSDATA_TID6,1066
3.67156e+06,20,ACK,14
3.6716e+06,14,CTL,20
3.67169e+06,6,RTS,20
3.67169e+06,4,RTS,20
3.67176e+06,20,CTS,14
3.67182e+06,6,QOSDATA_TID6,1066
3.672e+06,20,ACK,14
3.67205e+06,6,QOSDATA_TID6,1066
3.67223e+06,20,ACK,14
3.67228e+06,6,CTL,20
3.67236e+06,3,RTS,20
3.67243e+06,20,CTS,14
3.67249e+06,3,QOSDATA_TID6,1066
3.67267e+06,20,ACK,14
3.67272e+06,3,CTL,20
3.6728e+06,4,RTS,20
3.67287e+06,20,CTS,14
3.67293e+06,4,QOSDATA_TID6,1066
3.67312e+06,20,ACK,14
3.67316e+06,4,CTL,20
3.67324e+06,11,RTS,20
3.67324e+06,1,RTS,20
3.67324e+06,8,RTS,20
3.67324e+06,9,RTS,20
3.67336e+06,19,RTS,20
3.67343e+06,20,CTS,14
3.67349e+06,19,QOSDATA_TID6,1066
3.67367e+06,20,ACK,14
3.67372e+06,19,CTL,20
3.6738e+06,2,RTS,20
3.6738e+06,0,RTS,20
3.6739e+06,18,RTS,20
3.6739e+06,16,RTS,20
3.67404e+06,18,RTS,20
3.67411e+06,20,CTS,14
3.67417e+06,18,QOSDATA_TID6,1066
3.67435e+06,20,ACK,14
3.6744e+06,18,CTL,20
3.67448e+06,12,RTS,20
3.67455e+06,20,CTS,14
3.67461e+06,12,QOSDATA_TID6,1066
3.6748e+06,20,ACK,14
3.67484e+06,12,CTL,20
3.67492e+06,7,RTS,20
3.67492e+06,1,RTS,20
3.67492e+06,11,RTS,20
3.67492e+06,9,RTS,20
3.67504e+06,0,RTS,20
3.67511e+06,20,CTS,14
3.67517e+06,0,QOSDATA_TID6,1066
3.67535e+06,20,ACK,14
3.6754e+06,0,CTL,20
3.67549e+06,17,RTS,20
3.67549e+06,3,RTS,20
3.67549e+06,16,RTS,20
3.67556e+06,20,CTS,14
3.67562e+06,17,QOSDATA_TID6,1066
3.6758e+06,20,ACK,14
3.67585e+06,17,CTL,20
3.67593e+06,3,RTS,20
3.67593e+06,13,RTS,20
3.67593e+06,6,RTS,20
3.67604e+06,8,RTS,20
3.67604e+06,10,RTS,20
3.67611e+06,20,CTS,14
3.67617e+06,8,QOSDATA_TID6,1066
3.67635e+06,20,ACK,14
3.6764e+06,8,CTL,20
3.67648e+06,5,RTS,20
3.67655e+06,20,CTS,14
3.67661e+06,5,QOSDATA_TID6,1066
3.6768e+06,20,ACK,14
3.67684e+06,5,CTL,20
3.67692e+06,4,RTS,20
3.67699e+06,20,CTS,14
3.67705e+06,4,QOSDATA_TID6,1066
3.67724e+06,20,ACK,14
3.67728e+06,4,CTL,20
3.67737e+06,19,RTS,20
3.67737e+06,15,RTS,20
3.67737e+06,2,RTS,20
3.67737e+06,6,RTS,20
3.67737e+06,10,RTS,20
3.67748e+06,3,RTS,20
3.67754e+06,20,CTS,14
3.6776e+06,3,QOSDATA_TID6,1066
3.67779e+06,20,ACK,14
3.67783e+06,3,CTL,20
3.67792e+06,19,RTS,20
3.67792e+06,7,RTS,20
3.67802e+06,11,RTS,20
3.67809e+06,20,CTS,14
3.67815e+06,11,QOSDATA_TID6,1066
3.67834e+06,20,ACK,14
3.67838e+06,11,QOSDATA_TID6,1066
3.67856e+06,20,ACK,14
3.67861e+06,11,QOSDATA_TID6,1066
3.67879e+06,20,ACK,14
3.67884e+06,11,CTL,20
3.67892e+06,8,RTS,20
3.67892e+06,18,RTS,20
3.67892e+06,10,RTS,20
3.67899e+06,20,CTS,14
3.67905e+06,8,QOSDATA_TID6,1066
3.67923e+06,20,ACK,14
3.67928e+06,8,CTL,20
3.67936e+06,14,RTS,20
3.67943e+06,20,CTS,14
3.67949e+06,14,QOSDATA_TID6,1066
3.67968e+06,20,ACK,14
3.67972e+06,14,CTL,20
3.67981e+06,6,RTS,20
3.67981e+06,13,RTS,20
3.67981e+06,16,RTS,20
3.6799e+06,9,RTS,20
3.67997e+06,20,CTS,14
3.68003e+06,9,QOSDATA_TID6,1066
3.68022e+06,20,ACK,14
3.68026e+06,9,QOSDATA_TID6,1066
3.68044e+06,20,ACK,14
3.68049e+06,9,QOSDATA_TID6,1066
3.68067e+06,20,ACK,14
3.68072e+06,9,QOSDATA_TID6,1066
3.6809e+06,20,ACK,14
3.68094e+06,9,CTL,20
3.68105e+06,19,RTS,20
3.68105e+06,1,RTS,20
3.68105e+06,15,RTS,20
3.68115e+06,18,RTS,20
3.68115e+06,10,RTS,20
3.68124e+06,2,RTS,20
3.68124e+06,15,RTS,20
3.68136e+06,0,RTS,20
3.68142e+06,20,CTS,14
3.68148e+06,0,QOSDATA_TID6,1066
3.68167e+06,20,ACK,14
3.68171e+06,0,CTL,20
3.6818e+06,2,RTS,20
3.6818e+06,10,RTS,20
3.6818e+06,16,RTS,20
3.6819e+06,18,RTS,20
3.68196e+06,20,CTS,14
3.68202e+06,18,QOSDATA_TID6,1066
3.68221e+06,20,ACK,14
3.68225e+06,18,CTL,20
3.68234e+06,16,RTS,20
3.6824e+06,20,CTS,14
3.68246e+06,16,QOSDATA_TID6,1066
3.68265e+06,20,ACK,14
3.68269e+06,16,QOSDATA_TID6,1066
3.68288e+06,20,ACK,14
3.68292e+06,16,CTL,20
3.68301e+06,12,RTS,20
3.68301e+06,19,RTS,20
3.68301e+06,15,RTS,20
3.68301e+06,6,RTS,20
3.68311e+06,9,RTS,20
3.68311e+06,11,RTS,20
3.68321e+06,6,RTS,20
3.68321e+06,15,RTS,20
3.68332e+06,11,RTS,20
3.68339e+06,20,CTS,14
3.68345e+06,11,QOSDATA_TID6,1066
3.68363e+06,20,ACK,14
3.68368e+06,11,CTL,20
3.68376e+06,3,RTS,20
3.68383e+06,20,CTS,14
3.68389e+06,3,QOSDATA_TID6,1066
3.68407e+06,20,ACK,14
3.68412e+06,3,CTL,20
3.6842e+06,9,RTS,20
3.6842e+06,7,RTS,20
3.68427e+06,20,CTS,14
3.68433e+06,7,QOSDATA_TID6,1066
3.68452e+06,20,ACK,14
3.68456e+06,7,QOSDATA_TID6,1066
3.68474e+06,20,ACK,14
3.68479e+06,7,CTL,20
3.68488e+06,12,RTS,20
3.68488e+06,17,RTS,20
3.68488e+06,6,RTS,20
3.68498e+06,4,RTS,20
3.68505e+06,20,CTS,14
3.68511e+06,4,QOSDATA_TID6,1066
3.68529e+06,20,ACK,14
3.68534e+06,4,CTL,20
3.68542e+06,12,RTS,20
3.68542e+06,13,RTS,20
3.68549e+06,20,CTS,14
3.68555e+06,12,QOSDATA_TID6,1066
3.68574e+06,20,ACK,14
3.68578e+06,12,CTL,20
3.68587e+06,2,RTS,20
3.68587e+06,9,RTS,20
3.68594e+06,20,CTS,14
3.686e+06,2,QOSDATA_TID6,1066
3.68619e+06,20,ACK,14
3.68623e+06,2,QOSDATA_TID6,1066
3.68641e+06,20,ACK,14
3.68646e+06,2,QOSDATA_TID6,1066
3.68664e+06,20,ACK,14
3.68669e+06,2,CTL,20
3.68677e+06,19,RTS,20
3.68684e+06,20,CTS,14
3.6869e+06,19,QOSDATA_TID6,1066
3.68708e+06,20,ACK,14
3.68713e+06,19,QOSDATA_TID6,1066
3.68731e+06,20,ACK,14
3.68736e+06,19,CTL,20
3.68744e+06,1,RTS,20
3.68744e+06,8,RTS,20
3.68744e+06,18,RTS,20
3.68744e+06,10,RTS,20
3.68754e+06,17,RTS,20
3.68761e+06,20,CTS,14
3.68767e+06,17,QOSDATA_TID6,1066
3.68785e+06,20,ACK,14
3.6879e+06,17,CTL,20
3.68798e+06,14,RTS,20
3.68805e+06,20,CTS,14
3.68811e+06,14,QOSDATA_TID6,1066
3.68829e+06,20,ACK,14
3.68834e+06,14,CTL,20
3.68842e+06,15,RTS,20
3.68849e+06,20,CTS,14
3.68855e+06,15,QOSDATA_TID6,1066
3.68874e+06,20,ACK,14
3.68878e+06,15,QOSDATA_TID6,1066
3.68896e+06,20,ACK,14
3.68901e+06,15,CTL,20
3.68909e+06,0,RTS,20
3.68909e+06,5,RTS,20
3.68909e+06,9,RTS,20
3.68916e+06,20,CTS,14
3.68922e+06,5,QOSDATA_TID6,1066
3.68941e+06,20,ACK,14
3.68945e+06,5,CTL,20
3.68954e+06,8,RTS,20
3.68954e+06,7,RTS,20
3.68954e+06,6,RTS,20
3.68954e+06,10,RTS,20
3.68954e+06,13,RTS,20
3.68964e+06,16,RTS,20
3.68971e+06,20,CTS,14
3.68977e+06,16,QOSDATA_TID6,1066
3.68996e+06,20,ACK,14
3.69e+06,16,CTL,20
3.69009e+06,7,RTS,20
3.69016e+06,20,CTS,14
3.69022e+06,7,QOSDATA_TID6,1066
3.69041e+06,20,ACK,14
3.69045e+06,7,CTL,20
3.69054e+06,12,RTS,20
3.6906e+06,20,CTS,14
3.69066e+06,12,QOSDATA_TID6,1066
3.69085e+06,20,ACK,14
3.69089e+06,12,CTL,20
3.69098e+06,8,RTS,20
3.69098e+06,19,RTS,20
3.69098e+06,0,RTS,20
3.69098e+06,3,RTS,20
3.69098e+06,18,RTS,20
3.69098e+06,9,RTS,20
3.69108e+06,1,RTS,20
3.69108e+06,13,RTS,20
3.69114e+06,20,CTS,14
3.6912e+06,1,QOSDATA_TID6,1066
3.69139e+06,20,ACK,14
3.69143e+06,1,QOSDATA_TID6,1066
3.69162e+06,20,ACK,14
3.69166e+06,1,QOSDATA_TID6,1066
3.69184e+06,20,ACK,14
3.69189e+06,1,QOSDATA_TID6,1066
3.69207e+06,20,ACK,14
3.69212e+06,1,CTL,20
3.6922e+06,3,RTS,20
3.6922e+06,18,RTS,20
3.6923e+06,5,RTS,20
3.6923e+06,17,RTS,20
3.69237e+06,20,CTS,14
3.69243e+06,5,QOSDATA_TID6,1066
3.69261e+06,20,ACK,14
3.69266e+06,5,CTL,20
3.69275e+06,11,RTS,20
3.69275e+06,18,RTS,20
3.69275e+06,10,RTS,20
3.69285e+06,15,RTS,20
3.69292e+06,20,CTS,14
3.69298e+06,15,QOSDATA_TID6,1066
3.69316e+06,20,ACK,14
3.69321e+06,15,CTL,20
3.69329e+06,2,RTS,20
3.69329e+06,4,RTS,20
3.69329e+06,10,RTS,20
3.6934e+06,8,RTS,20
3.6934e+06,0,CTS,14
3.6934e+06,18,RTS,20
3.6934e+06,6,RTS,20
3.69352e+06,3,RTS,20
3.69359e+06,20,CTS,14
3.69365e+06,3,QOSDATA_TID6,1066
3.69384e+06,20,ACK,14
3.69388e+06,3,CTL,20
3.69397e+06,18,RTS,20
3.69403e+06,20,CTS,14
3.69409e+06,18,QOSDATA_TID6,1066
3.69428e+06,20,ACK,14
3.69432e+06,18,QOSDATA_TID6,1066
3.69451e+06,20,ACK,14
3.69455e+06,18,CTL,20
3.69464e+06,17,RTS,20
3.69464e+06,19,RTS,20
3.69464e+06,13,RTS,20
3.6947e+06,20,CTS,14
3.69476e+06,17,QOSDATA_TID6,1066
3.69495e+06,20,ACK,14
3.69499e+06,17,CTL,20
3.69508e+06,9,RTS,20
3.69508e+06,6,RTS,20
3.69515e+06,20,CTS,14
3.69521e+06,6,QOSDATA_TID6,1066
3.69539e+06,20,ACK,14
3.69543e+06,6,QOSDATA_TID6,1066
3.69562e+06,20,ACK,14
3.69566e+06,6,CTL,20
3.69576e+06,14,RTS,20
3.69582e+06,20,CTS,14
3.69588e+06,14,QOSDATA_TID6,1066
3.69607e+06,20,ACK,14
3.69611e+06,14,CTL,20
3.6962e+06,13,RTS,20
3.6962e+06,19,RTS,20
3.6962e+06,11,RTS,20
3.6962e+06,9,RTS,20
3.69635e+06,19,RTS,20
3.69642e+06,20,CTS,14
3.69648e+06,19,QOSDATA_TID6,1066
3.69666e+06,20,ACK,14
3.6967e+06,19,CTL,20
3.6968e+06,8,RTS,20
3.6968e+06,2,RTS,20
3.69687e+06,20,CTS,14
3.69693e+06,8,QOSDATA_TID6,1066
3.69711e+06,20,ACK,14
3.69716e+06,8,QOSDATA_TID6,1066
3.69734e+06,20,ACK,14
3.69738e+06,8,CTL,20
3.69747e+06,7,RTS,20
3.69747e+06,0,RTS,20
3.69758e+06,9,RTS,20
3.69765e+06,20,CTS,14
3.69771e+06,9,QOSDATA_TID6,1066
3.6979e+06,20,ACK,14
3.69794e+06,9,QOSDATA_TID6,1066
3.69812e+06,20,ACK,14
3.69817e+06,9,CTL,20
3.69826e+06,0,RTS,20
3.69833e+06,20,CTS,14
3.69839e+06,0,QOSDATA_TID6,1066
3.69858e+06,20,ACK,14
3.69862e+06,0,QOSDATA_TID6,1066
3.6988e+06,20,ACK,14
3.69885e+06,0,CTL,20
3.69893e+06,3,RTS,20
3.69893e+06,4,RTS,20
3.69904e+06,19,RTS,20
3.69911e+06,20,CTS,14
3.69917e+06,19,QOSDATA_TID6,1066
3.69935e+06,20,ACK,14
3.6994e+06,19,CTL,20
3.69948e+06,3,RTS,20
3.69948e+06,6,RTS,20
3.69955e+06,20,CTS,14
3.69961e+06,6,QOSDATA_TID6,1066
3.6998e+06,20,ACK,14
3.69984e+06,6,CTL,20
3.69992e+06,11,RTS,20
3.69992e+06,16,RTS,20
3.70002e+06,1,RTS,20
3.70002e+06,17,RTS,20
3.70002e+06,10,RTS,20
3.70012e+06,16,RTS,20
3.70019e+06,20,CTS,14
3.70025e+06,16,QOSDATA_TID6,1066
3.70043e+06,20,ACK,14
3.70048e+06,16,CTL,20
3.70056e+06,4,RTS,20
3.70056e+06,12,RTS,20
3.70056e+06,13,RTS,20
3.70056e+06,3,RTS,20
3.70056e+06,10,RTS,20
3.70063e+06,20,CTS,14
3.70069e+06,12,QOSDATA_TID6,1066
3.70088e+06,20,ACK,14
3.70092e+06,12,CTL,20
3.70102e+06,13,RTS,20
3.70102e+06,2,RTS,20
3.70102e+06,3,RTS,20
3.70111e+06,5,RTS,20
3.70118e+06,20,CTS,14
3.70124e+06,5,QOSDATA_TID6,1066
3.70142e+06,20,ACK,14
3.70147e+06,5,CTL,20
3.70156e+06,17,RTS,20
3.70156e+06,2,RTS,20
3.70156e+06,11,RTS,20
3.70162e+06,20,CTS,14
3.70168e+06,17,QOSDATA_TID6,1066
3.70187e+06,20,ACK,14
3.70191e+06,17,CTL,20
3.702e+06,11,RTS,20
3.70206e+06,20,CTS,14
3.70212e+06,11,QOSDATA_TID6,1066
3.70231e+06,20,ACK,14
3.70235e+06,11,QOSDATA_TID6,1066
3.70254e+06,20,ACK,14
3.70258e+06,11,CTL,20
3.70266e+06,20,BEACON,152
3.70292e+06,8,RTS,20
3.70292e+06,15,RTS,20
3.70292e+06,4,RTS,20
3.70299e+06,20,CTS,14
3.70305e+06,8,QOSDATA_TID6,1066
3.70323e+06,20,ACK,14
3.70328e+06,8,CTL,20
3.70336e+06,7,RTS,20
3.70336e+06,18,RTS,20
3.70336e+06,13,RTS,20
3.70336e+06,14,RTS,20
3.70346e+06,1,RTS,20
3.70353e+06,20,CTS,14
3.70359e+06,1,QOSDATA_TID6,1066
3.70377e+06,20,ACK,14
3.70382e+06,1,CTL,20
3.7039e+06,13,RTS,20
3.70397e+06,20,CTS,14
3.70403e+06,13,QOSDATA_TID6,1066
3.70421e+06,20,ACK,14
3.70426e+06,13,QOSDATA_TID6,1066
3.70444e+06,20,ACK,14
3.70449e+06,13,QOSDATA_TID6,1066
3.70467e+06,20,ACK,14
3.70471e+06,13,CTL,20
3.7048e+06,10,RTS,20
3.70487e+06,20,CTS,14
3.70493e+06,10,QOSDATA_TID6,1066
3.70511e+06,20,ACK,14
3.70516e+06,10,QOSDATA_TID6,1066
3.70534e+06,20,ACK,14
3.70538e+06,10,QOSDATA_TID6,1066
3.70557e+06,20,ACK,14
3.70561e+06,10,QOSDATA_TID6,1066
3.7058e+06,20,ACK,14
3.70584e+06,10,CTL,20
3.70593e+06,3,RTS,20
3.70593e+06,15,RTS,20
3.70593e+06,7,RTS,20
3.70593e+06,4,RTS,20
3.70603e+06,13,RTS,20
3.7061e+06,20,CTS,14
3.70616e+06,13,QOSDATA_TID6,1066
3.70634e+06,20,ACK,14
3.70639e+06,13,CTL,20
3.70648e+06,4,RTS,20
3.70648e+06,0,RTS,20
3.70654e+06,20,CTS,14
3.7066e+06,0,QOSDATA_TID6,1066
3.70679e+06,20,ACK,14
3.70683e+06,0,CTL,20
3.70693e+06,18,RTS,20
3.70693e+06,16,RTS,20
3.70706e+06,18,RTS,20
3.70706e+06,15,RTS,20
3.70717e+06,16,RTS,20
3.70724e+06,20,CTS,14
3.7073e+06,16,QOSDATA_TID6,1066
3.70748e+06,20,ACK,14
3.70752e+06,16,CTL,20
3.70761e+06,1,RTS,20
3.70761e+06,12,RTS,20
3.70768e+06,20,CTS,14
3.70774e+06,12,QOSDATA_TID6,1066
3.70792e+06,20,ACK,14
3.70796e+06,12,CTL,20
3.70805e+06,11,RTS,20
3.70805e+06,6,RTS,20
3.70817e+06,9,RTS,20
3.70824e+06,20,CTS,14
3.7083e+06,9,QOSDATA_TID6,1066
3.70848e+06,20,ACK,14
3.70852e+06,9,CTL,20
3.70861e+06,3,RTS,20
3.70868e+06,20,CTS,14
3.70874e+06,3,QOSDATA_TID6,1066
3.70892e+06,20,ACK,14
3.70897e+06,3,QOSDATA_TID6,1066
3.70915e+06,20,ACK,14
3.70919e+06,3,CTL,20
3.70928e+06,2,RTS,20
3.70928e+06,10,RTS,20
3.70928e+06,19,RTS,20
3.70939e+06,14,RTS,20
3.70946e+06,20,CTS,14
3.70952e+06,14,QOSDATA_TID6,1066
3.7097e+06,20,ACK,14
3.70974e+06,14,CTL,20
3.70984e+06,6,RTS,20
3.70984e+06,17,RTS,20
3.70991e+06,20,CTS,14
3.70997e+06,17,QOSDATA_TID6,1066
3.71015e+06,20,ACK,14
3.71019e+06,17,CTL,20
3.7103e+06,5,RTS,20
3.7103e+06,7,RTS,20
3.7103e+06,10,RTS,20
3.71037e+06,20,CTS,14
3.71043e+06,5,QOSDATA_TID6,1066
3.71061e+06,20,ACK,14
3.71065e+06,5,CTL,20
3.71075e+06,10,RTS,20
3.71082e+06,20,CTS,14
3.71088e+06,10,QOSDATA_TID6,1066
3.71106e+06,20,ACK,14
3.7111e+06,10,CTL,20
3.71119e+06,14,RTS,20
3.71126e+06,20,CTS,14
3.71132e+06,14,QOSDATA_TID6,1066
3.7115e+06,20,ACK,14
3.71155e+06,14,CTL,20
3.71163e+06,15,RTS,20
3.71163e+06,18,RTS,20
3.71163e+06,8,RTS,20
3.71163e+06,1,RTS,20
3.71163e+06,4,RTS,20
3.71173e+06,2,RTS,20
3.7118e+06,20,CTS,14
3.71186e+06,2,QOSDATA_TID6,1066
3.71204e+06,20,ACK,14
3.71209e+06,2,QOSDATA_TID6,1066
3.71227e+06,20,ACK,14
3.71232e+06,2,QOSDATA_TID6,1066
3.7125e+06,20,ACK,14
3.71254e+06,2,CTL,20
3.71263e+06,18,RTS,20
3.71263e+06,19,RTS,20
3.71274e+06,15,RTS,20
3.7128e+06,20,CTS,14
3.71286e+06,15,QOSDATA_TID6,1066
3.71305e+06,20,ACK,14
3.71309e+06,15,QOSDATA_TID6,1066
3.71328e+06,20,ACK,14
3.71332e+06,15,CTL,20
3.71341e+06,19,RTS,20
3.71347e+06,20,CTS,14
3.71353e+06,19,QOSDATA_TID6,1066
3.71372e+06,20,ACK,14
3.71376e+06,19,CTL,20
3.71385e+06,16,RTS,20
3.71385e+06,7,RTS,20
3.71385e+06,4,RTS,20
3.71385e+06,0,RTS,20
3.71385e+06,6,RTS,20
3.71396e+06,9,RTS,20
3.71396e+06,18,RTS,20
3.71403e+06,20,CTS,14
3.71409e+06,18,QOSDATA_TID6,1066
3.71428e+06,20,ACK,14
3.71432e+06,18,QOSDATA_TID6,1066
3.7145e+06,20,ACK,14
3.71455e+06,18,CTL,20
3.71463e+06,3,RTS,20
3.71463e+06,8,RTS,20
3.71463e+06,1,RTS,20
3.71463e+06,16,RTS,20
3.71474e+06,12,RTS,20
3.71474e+06,13,RTS,20
3.71474e+06,6,RTS,20
3.71481e+06,20,CTS,14
3.71487e+06,12,QOSDATA_TID6,1066
3.71505e+06,20,ACK,14
3.7151e+06,12,CTL,20
3.71518e+06,19,RTS,20
3.71525e+06,20,CTS,14
3.71531e+06,19,QOSDATA_TID6,1066
3.7155e+06,20,ACK,14
3.71554e+06,19,CTL,20
3.71563e+06,11,RTS,20
3.71563e+06,4,RTS,20
3.71574e+06,9,RTS,20
3.71574e+06,6,RTS,20
3.71581e+06,20,CTS,14
3.71587e+06,6,QOSDATA_TID6,1066
3.71605e+06,20,ACK,14
3.7161e+06,6,QOSDATA_TID6,1066
3.71628e+06,20,ACK,14
3.71633e+06,6,CTL,20
3.71641e+06,16,RTS,20
3.71648e+06,20,CTS,14
3.71654e+06,16,QOSDATA_TID6,1066
3.71672e+06,20,ACK,14
3.71677e+06,16,CTL,20
3.71685e+06,4,RTS,20
3.71685e+06,7,RTS,20
3.71685e+06,2,RTS,20
3.71685e+06,9,RTS,20
3.71695e+06,10,RTS,20
3.71702e+06,20,CTS,14
3.71708e+06,10,QOSDATA_TID6,1066
3.71726e+06,20,ACK,14
3.71731e+06,10,CTL,20
3.71739e+06,17,RTS,20
3.71739e+06,15,RTS,20
3.71746e+06,20,CTS,14
3.71752e+06,17,QOSDATA_TID6,1066
3.71771e+06,20,ACK,14
3.71775e+06,17,CTL,20
3.71784e+06,5,RTS,20
3.71784e+06,0,RTS,20
3.71791e+06,20,CTS,14
3.71797e+06,5,QOSDATA_TID6,1066
3.71816e+06,20,ACK,14
3.7182e+06,5,CTL,20
3.71829e+06,18,RTS,20
3.71829e+06,13,RTS,20
3.71841e+06,8,RTS,20
3.71841e+06,1,RTS,20
3.71851e+06,18,RTS,20
3.71858e+06,20,CTS,14
3.71864e+06,18,QOSDATA_TID6,1066
3.71882e+06,20,ACK,14
3.71887e+06,18,CTL,20
3.71896e+06,2,RTS,20
3.71896e+06,3,RTS,20
3.71896e+06,11,RTS,20
3.71896e+06,4,RTS,20
3.71908e+06,8,RTS,20
3.71908e+06,15,RTS,20
3.71914e+06,20,CTS,14
3.7192e+06,8,QOSDATA_TID6,1066
3.71939e+06,20,ACK,14
3.71943e+06,8,QOSDATA_TID6,1066
3.71962e+06,20,ACK,14
3.71966e+06,8,CTL,20
3.71975e+06,4,RTS,20
3.71982e+06,20,CTS,14
3.71988e+06,4,QOSDATA_TID6,1066
3.72006e+06,20,ACK,14
3.7201e+06,4,QOSDATA_TID6,1066
3.72029e+06,20,ACK,14
3.72033e+06,4,QOSDATA_TID6,1066
3.72052e+06,20,ACK,14
3.72056e+06,4,CTL,20
3.72065e+06,9,RTS,20
3.72065e+06,14,RTS,20
3.72075e+06,11,RTS,20
3.72082e+06,20,CTS,14
3.72088e+06,11,QOSDATA_TID6,1066
3.72106e+06,20,ACK,14
3.72111e+06,11,QOSDATA_TID6,1066
3.72129e+06,20,ACK,14
3.72134e+06,11,CTL,20
3.72142e+06,16,RTS,20
3.72142e+06,7,RTS,20
3.72149e+06,20,CTS,14
3.72155e+06,7,QOSDATA_TID6,1066
3.72173e+06,20,ACK,14
3.72178e+06,7,QOSDATA_TID6,1066
3.72196e+06,20,ACK,14
3.72201e+06,7,QOSDATA_TID6,1066
3.72219e+06,20,ACK,14
3.72223e+06,7,QOSDATA_TID6,1066
3.72242e+06,20,ACK,14
3.72246e+06,7,CTL,20
3.72255e+06,16,RTS,20
3.72262e+06,20,CTS,14
3.72268e+06,16,QOSDATA_TID6,1066
3.72286e+06,20,ACK,14
3.7229e+06,16,CTL,20
3.723e+06,1,RTS,20
3.723e+06,19,RTS,20
3.723e+06,2,RTS,20
3.723e+06,9,RTS,20
3.7231e+06,12,RTS,20
3.7231e+06,6,RTS,20
3.7231e+06,13,RTS,20
3.72316e+06,20,CTS,14
3.72322e+06,12,QOSDATA_TID6,1066
3.72341e+06,20,ACK,14
3.72345e+06,12,CTL,20
3.72354e+06,17,RTS,20
3.72354e+06,1,RTS,20
3.72354e+06,9,RTS,20
3.72364e+06,11,RTS,20
3.72371e+06,20,CTS,14
3.72377e+06,11,QOSDATA_TID6,1066
3.72395e+06,20,ACK,14
3.72399e+06,11,CTL,20
3.72408e+06,0,CTS,14
3.72418e+06,0,RTS,20
3.72425e+06,20,CTS,14
3.72431e+06,0,QOSDATA_TID6,1066
3.7245e+06,20,ACK,14
3.72454e+06,0,QOSDATA_TID6,1066
3.72472e+06,20,ACK,14
3.72477e+06,0,CTL,20
3.72486e+06,15,RTS,20
3.72486e+06,5,RTS,20
3.72486e+06,4,RTS,20
3.72492e+06,20,CTS,14
3.72498e+06,5,QOSDATA_TID6,1066
3.72517e+06,20,ACK,14
3.72521e+06,5,CTL,20
3.7253e+06,10,RTS,20
3.72536e+06,20,CTS,14
3.72542e+06,10,QOSDATA_TID6,1066
3.72561e+06,20,ACK,14
3.72565e+06,10,CTL,20
3.72574e+06,3,RTS,20
3.72574e+06,6,RTS,20
3.72574e+06,14,RTS,20
3.72585e+06,13,RTS,20
3.72591e+06,20,CTS,14
3.72597e+06,13,QOSDATA_TID6,1066
3.72616e+06,20,ACK,14
3.7262e+06,13,QOSDATA_TID6,1066
3.72639e+06,20,ACK,14
3.72643e+06,13,CTL,20
3.72652e+06,1,RTS,20
3.72658e+06,20,CTS,14
3.72664e+06,1,QOSDATA_TID6,1066
3.72683e+06,20,ACK,14
3.72687e+06,1,QOSDATA_TID6,1066
3.72706e+06,20,ACK,14
3.7271e+06,1,QOSDATA_TID6,1066
3.72728e+06,20,ACK,14
3.72733e+06,1,CTL,20
3.72741e+06,9,RTS,20
3.72741e+06,6,RTS,20
3.72748e+06,20,CTS,14
3.72754e+06,6,QOSDATA_TID6,1066
3.72773e+06,20,ACK,14
3.72777e+06,6,CTL,20
3.72786e+06,17,RTS,20
3.72786e+06,4,RTS,20
3.72792e+06,20,CTS,14
3.72798e+06,17,QOSDATA_TID6,1066
3.72817e+06,20,ACK,14
3.72821e+06,17,CTL,20
3.72831e+06,8,RTS,20
3.72831e+06,2,RTS,20
3.72838e+06,20,CTS,14
3.72844e+06,8,QOSDATA_TID6,1066
3.72862e+06,20,ACK,14
3.72866e+06,8,CTL,20
3.72875e+06,2,RTS,20
3.72882e+06,20,CTS,14
3.72888e+06,2,QOSDATA_TID6,1066
3.72906e+06,20,ACK,14
3.7291e+06,2,QOSDATA_TID6,1066
3.72929e+06,20,ACK,14
3.72933e+06,2,CTL,20
3.72943e+06,18,RTS,20
3.72943e+06,19,RTS,20
3.72943e+06,15,RTS,20
3.72943e+06,4,RTS,20
3.72954e+06,7,RTS,20
3.7296e+06,20,CTS,14
3.72966e+06,7,QOSDATA_TID6,1066
3.72985e+06,20,ACK,14
3.72989e+06,7,CTL,20
3.72998e+06,13,RTS,20
3.72998e+06,15,RTS,20
3.73008e+06,19,RTS,20
3.73008e+06,16,RTS,20
3.73008e+06,9,RTS,20
3.73021e+06,0,RTS,20
3.73021e+06,14,RTS,20
3.73021e+06,13,RTS,20
3.73031e+06,9,RTS,20
3.73038e+06,20,CTS,14
3.73044e+06,9,QOSDATA_TID6,1066
3.73062e+06,20,ACK,14
3.73066e+06,9,QOSDATA_TID6,1066
3.73085e+06,20,ACK,14
3.73089e+06,9,CTL,20
3.73098e+06,12,RTS,20
3.73098e+06,11,RTS,20
3.73104e+06,20,CTS,14
3.7311e+06,12,QOSDATA_TID6,1066
3.73129e+06,20,ACK,14
3.73133e+06,12,CTL,20
3.73142e+06,17,RTS,20
3.73149e+06,20,CTS,14
3.73155e+06,17,QOSDATA_TID6,1066
3.73173e+06,20,ACK,14
3.73178e+06,17,CTL,20
3.73186e+06,1,RTS,20
3.73186e+06,3,RTS,20
3.73186e+06,6,RTS,20
3.73198e+06,18,RTS,20
3.73205e+06,20,CTS,14
3.73211e+06,18,QOSDATA_TID6,1066
3.73229e+06,20,ACK,14
3.73233e+06,18,CTL,20
3.73242e+06,6,RTS,20
3.73242e+06,1,RTS,20
3.73242e+06,13,RTS,20
3.73254e+06,4,RTS,20
3.7326e+06,20,CTS,14
3.73266e+06,4,QOSDATA_TID6,1066
3.73285e+06,20,ACK,14
3.73289e+06,4,QOSDATA_TID6,1066
3.73308e+06,20,ACK,14
3.73312e+06,4,CTL,20
3.73321e+06,1,RTS,20
3.73321e+06,3,RTS,20
3.73327e+06,20,CTS,14
3.73333e+06,1,QOSDATA_TID6,1066
3.73352e+06,20,ACK,14
3.73356e+06,1,CTL,20
3.73366e+06,15,RTS,20
3.73366e+06,6,RTS,20
3.73376e+06,16,RTS,20
3.73383e+06,20,CTS,14
3.73389e+06,16,QOSDATA_TID6,1066
3.73408e+06,20,ACK,14
3.73412e+06,16,CTL,20
3.73422e+06,19,RTS,20
3.73422e+06,5,RTS,20
3.73422e+06,3,RTS,20
3.73428e+06,20,CTS,14
3.73434e+06,5,QOSDATA_TID6,1066
3.73453e+06,20,ACK,14
3.73457e+06,5,CTL,20
3.73466e+06,8,RTS,20
3.73466e+06,11,RTS,20
3.73472e+06,20,CTS,14
3.73478e+06,8,QOSDATA_TID6,1066
3.73497e+06,20,ACK,14
3.73501e+06,8,CTL,20
3.7351e+06,14,RTS,20
3.73517e+06,20,CTS,14
3.73523e+06,14,QOSDATA_TID6,1066
3.73541e+06,20,ACK,14
3.73546e+06,14,QOSDATA_TID6,1066
3.73564e+06,20,ACK,14
3.73568e+06,14,QOSDATA_TID6,1066
3.73587e+06,20,ACK,14
3.73591e+06,14,CTL,20
3.736e+06,15,RTS,20
3.736e+06,13,RTS,20
3.7361e+06,2,RTS,20
3.7361e+06,10,RTS,20
3.73616e+06,20,CTS,14
3.73622e+06,2,QOSDATA_TID6,1066
3.73641e+06,20,ACK,14
3.73645e+06,2,CTL,20
3.73656e+06,18,RTS,20
3.73656e+06,0,RTS,20
3.73656e+06,15,RTS,20
3.73656e+06,16,RTS,20
3.73665e+06,3,RTS,20
3.73672e+06,20,CTS,14
3.73678e+06,3,QOSDATA_TID6,1066
3.73696e+06,20,ACK,14
3.73701e+06,3,QOSDATA_TID6,1066
3.73719e+06,20,ACK,14
3.73724e+06,3,QOSDATA_TID6,1066
3.73742e+06,20,ACK,14
3.73746e+06,3,CTL,20
3.73755e+06,7,RTS,20
3.73762e+06,20,CTS,14
3.73768e+06,7,QOSDATA_TID6,1066
3.73786e+06,20,ACK,14
3.73791e+06,7,CTL,20
3.73799e+06,15,RTS,20
3.73806e+06,20,CTS,14
3.73812e+06,15,QOSDATA_TID6,1066
3.7383e+06,20,ACK,14
3.73835e+06,15,QOSDATA_TID6,1066
3.73853e+06,20,ACK,14
3.73858e+06,15,CTL,20
3.73866e+06,19,RTS,20
3.73873e+06,20,CTS,14
3.73879e+06,19,QOSDATA_TID6,1066
3.73898e+06,20,ACK,14
3.73902e+06,19,QOSDATA_TID6,1066
3.7392e+06,20,ACK,14
3.73925e+06,19,QOSDATA_TID6,1066
3.73943e+06,20,ACK,14
3.73948e+06,19,CTL,20
3.73956e+06,3,RTS,20
3.73956e+06,9,RTS,20
3.73956e+06,10,RTS,20
3.73956e+06,6,RTS,20
3.73966e+06,11,RTS,20
3.73973e+06,20,CTS,14
3.73979e+06,11,QOSDATA_TID6,1066
3.73997e+06,20,ACK,14
3.74002e+06,11,QOSDATA_TID6,1066
3.7402e+06,20,ACK,14
3.74024e+06,11,CTL,20
3.74033e+06,16,RTS,20
3.74033e+06,17,RTS,20
3.7404e+06,20,CTS,14
3.74046e+06,17,QOSDATA_TID6,1066
3.74064e+06,20,ACK,14
3.74069e+06,17,CTL,20
3.74077e+06,2,RTS,20
3.74077e+06,15,RTS,20
3.74087e+06,4,RTS,20
3.74094e+06,20,CTS,14
3.741e+06,4,QOSDATA_TID6,1066
3.74118e+06,20,ACK,14
3.74123e+06,4,CTL,20
3.74131e+06,12,RTS,20
3.74131e+06,0,CTS,14
3.74142e+06,0,RTS,20
3.74149e+06,20,CTS,14
3.74155e+06,0,QOSDATA_TID6,1066
3.74174e+06,20,ACK,14
3.74178e+06,0,QOSDATA_TID6,1066
3.74196e+06,20,ACK,14
3.74201e+06,0,CTL,20
3.7421e+06,5,RTS,20
3.7421e+06,1,RTS,20
3.74216e+06,20,CTS,14
3.74222e+06,5,QOSDATA_TID6,1066
3.74241e+06,20,ACK,14
3.74245e+06,5,CTL,20
3.74254e+06,9,RTS,20
3.74254e+06,6,RTS,20
3.74254e+06,13,RTS,20
3.74264e+06,8,RTS,20
3.74264e+06,16,RTS,20
3.74271e+06,20,CTS,14
3.74277e+06,8,QOSDATA_TID6,1066
3.74296e+06,20,ACK,14
3.743e+06,8,CTL,20
3.74309e+06,9,RTS,20
3.74309e+06,13,RTS,20
3.74319e+06,16,RTS,20
3.74326e+06,20,CTS,14
3.74332e+06,16,QOSDATA_TID6,1066
3.7435e+06,20,ACK,14
3.74355e+06,16,CTL,20
3.74364e+06,18,RTS,20
3.74364e+06,14,RTS,20
3.74374e+06,12,RTS,20
3.74374e+06,1,RTS,20
3.74381e+06,20,CTS,14
3.74387e+06,12,QOSDATA_TID6,1066
3.74405e+06,20,ACK,14
3.7441e+06,12,CTL,20
3.7442e+06,15,RTS,20
3.7442e+06,2,RTS,20
3.74431e+06,6,RTS,20
3.74438e+06,20,CTS,14
3.74444e+06,6,QOSDATA_TID6,1066
3.74462e+06,20,ACK,14
3.74466e+06,6,QOSDATA_TID6,1066
3.74485e+06,20,ACK,14
3.74489e+06,6,CTL,20
3.74499e+06,16,RTS,20
3.74506e+06,20,CTS,14
3.74512e+06,16,QOSDATA_TID6,1066
3.7453e+06,20,ACK,14
3.74534e+06,16,CTL,20
3.74543e+06,15,RTS,20
3.7455e+06,20,CTS,14
3.74556e+06,15,QOSDATA_TID6,1066
3.74574e+06,20,ACK,14
3.74579e+06,15,CTL,20
3.74588e+06,13,RTS,20
3.74588e+06,0,RTS,20
3.74588e+06,2,RTS,20
3.74588e+06,3,RTS,20
3.74599e+06,14,RTS,20
3.74606e+06,20,CTS,14
3.74612e+06,14,QOSDATA_TID6,1066
3.7463e+06,20,ACK,14
3.74634e+06,14,CTL,20
3.74643e+06,18,RTS,20
3.74643e+06,12,RTS,20
3.74643e+06,10,RTS,20
3.74643e+06,1,RTS,20
3.74643e+06,3,RTS,20
3.74655e+06,0,RTS,20
3.74661e+06,20,CTS,14
3.74668e+06,0,QOSDATA_TID6,1066
3.74686e+06,20,ACK,14
3.7469e+06,0,CTL,20
3.74699e+06,11,RTS,20
3.74706e+06,20,CTS,14
3.74712e+06,11,QOSDATA_TID6,1066
3.7473e+06,20,ACK,14
3.74734e+06,11,CTL,20
3.74743e+06,12,RTS,20
3.74743e+06,19,RTS,20
3.74743e+06,13,RTS,20
3.7475e+06,20,CTS,14
3.74756e+06,12,QOSDATA_TID6,1066
3.74774e+06,20,ACK,14
3.74779e+06,12,CTL,20
3.74787e+06,13,RTS,20
3.74787e+06,2,RTS,20
3.74787e+06,10,RTS,20
3.74797e+06,6,RTS,20
3.74804e+06,20,CTS,14
3.7481e+06,6,QOSDATA_TID6,1066
3.74828e+06,20,ACK,14
3.74833e+06,6,CTL,20
3.74841e+06,17,RTS,20
3.74848e+06,20,CTS,14
3.74854e+06,17,QOSDATA_TID6,1066
3.74872e+06,20,ACK,14
3.74877e+06,17,CTL,20
3.74886e+06,5,RTS,20
3.74886e+06,2,RTS,20
3.74886e+06,4,RTS,20
3.74886e+06,18,RTS,20
3.74892e+06,20,CTS,14
3.74898e+06,5,QOSDATA_TID6,1066
3.74917e+06,20,ACK,14
3.74921e+06,5,CTL,20
3.7493e+06,7,RTS,20
3.74936e+06,20,CTS,14
3.74942e+06,7,QOSDATA_TID6,1066
3.74961e+06,20,ACK,14
3.74965e+06,7,CTL,20
3.74974e+06,9,RTS,20
3.74981e+06,20,CTS,14
3.74987e+06,9,QOSDATA_TID6,1066
3.75005e+06,20,ACK,14
3.7501e+06,9,QOSDATA_TID6,1066
3.75028e+06,20,ACK,14
3.75032e+06,9,CTL,20
3.75041e+06,18,RTS,20
3.75041e+06,15,RTS,20
3.75051e+06,1,RTS,20
3.75051e+06,19,RTS,20
3.75062e+06,3,RTS,20
3.75069e+06,20,CTS,14
3.75075e+06,3,QOSDATA_TID6,1066
3.75093e+06,20,ACK,14
3.75097e+06,3,QOSDATA_TID6,1066
3.75116e+06,20,ACK,14
3.7512e+06,3,CTL,20
3.75129e+06,10,RTS,20
3.75129e+06,8,RTS,20
3.75129e+06,14,RTS,20
3.75129e+06,15,RTS,20
3.7514e+06,13,RTS,20
3.7514e+06,2,RTS,20
3.75153e+06,13,RTS,20
3.75153e+06,14,RTS,20
3.75164e+06,2,RTS,20
3.75171e+06,20,CTS,14
3.75177e+06,2,QOSDATA_TID6,1066
3.75196e+06,20,ACK,14
3.752e+06,2,QOSDATA_TID6,1066
3.75218e+06,20,ACK,14
3.75223e+06,2,CTL,20
3.75232e+06,19,RTS,20
3.75238e+06,20,CTS,14
3.75244e+06,19,QOSDATA_TID6,1066
3.75263e+06,20,ACK,14
3.75267e+06,19,CTL,20
3.75276e+06,8,RTS,20
3.75282e+06,20,CTS,14
3.75288e+06,8,QOSDATA_TID6,1066
3.75307e+06,20,ACK,14
3.75311e+06,8,CTL,20
3.7532e+06,4,RTS,20
3.7532e+06,18,RTS,20
3.75327e+06,20,CTS,14
3.75333e+06,18,QOSDATA_TID6,1066
3.75351e+06,20,ACK,14
3.75356e+06,18,QOSDATA_TID6,1066
3.75374e+06,20,ACK,14
3.75378e+06,18,QOSDATA_TID6,1066
3.75397e+06,20,ACK,14
3.75401e+06,18,CTL,20
3.7541e+06,7,RTS,20
3.75416e+06,20,CTS,14
3.75422e+06,7,QOSDATA_TID6,1066
3.75441e+06,20,ACK,14
3.75445e+06,7,CTL,20
3.75454e+06,1,RTS,20
3.75461e+06,20,CTS,14
3.75467e+06,1,QOSDATA_TID6,1066
3.75485e+06,20,ACK,14
3.7549e+06,1,QOSDATA_TID6,1066
3.75508e+06,20,ACK,14
3.75512e+06,1,CTL,20
3.75521e+06,16,RTS,20
3.75521e+06,9,RTS,20
3.75521e+06,0,RTS,20
3.75532e+06,19,RTS,20
3.75538e+06,20,CTS,14
3.75544e+06,19,QOSDATA_TID6,1066
3.75563e+06,20,ACK,14
3.75567e+06,19,CTL,20
3.75576e+06,17,RTS,20
3.75576e+06,10,RTS,20
3.75576e+06,13,RTS,20
3.75583e+06,20,CTS,14
3.75589e+06,17,QOSDATA_TID6,1066
3.75607e+06,20,ACK,14
3.75612e+06,17,CTL,20
3.75621e+06,16,RTS,20
3.75621e+06,4,RTS,20
3.75621e+06,15,RTS,20
3.75621e+06,6,RTS,20
3.75631e+06,5,RTS,20
3.75631e+06,12,RTS,20
3.75641e+06,15,RTS,20
3.75641e+06,6,RTS,20
3.75651e+06,11,RTS,20
3.75658e+06,20,CTS,14
3.75664e+06,11,QOSDATA_TID6,1066
3.75682e+06,20,ACK,14
3.75687e+06,11,CTL,20
3.75696e+06,1,RTS,20
3.75696e+06,2,RTS,20
3.75696e+06,3,RTS,20
3.75696e+06,15,RTS,20
3.75707e+06,10,RTS,20
3.75714e+06,20,CTS,14
3.7572e+06,10,QOSDATA_TID6,1066
3.75738e+06,20,ACK,14
3.75743e+06,10,QOSDATA_TID6,1066
3.75761e+06,20,ACK,14
3.75766e+06,10,QOSDATA_TID6,1066
3.75784e+06,20,ACK,14
3.75788e+06,10,QOSDATA_TID6,1066
3.75807e+06,20,ACK,14
3.75811e+06,10,CTL,20
3.7582e+06,0,RTS,20
3.75826e+06,20,CTS,14
3.75832e+06,0,QOSDATA_TID6,1066
3.75851e+06,20,ACK,14
3.75855e+06,0,CTL,20
3.75864e+06,18,RTS,20
3.75864e+06,15,RTS,20
3.75864e+06,8,RTS,20
3.75874e+06,6,RTS,20
3.7588e+06,20,CTS,14
3.75886e+06,6,QOSDATA_TID6,1066
3.75905e+06,20,ACK,14
3.75909e+06,6,CTL,20
3.75918e+06,9,RTS,20
3.75925e+06,20,CTS,14
3.75931e+06,9,QOSDATA_TID6,1066
3.75949e+06,20,ACK,14
3.75954e+06,9,CTL,20
3.75962e+06,2,RTS,20
3.75962e+06,5,RTS,20
3.75962e+06,12,RTS,20
3.75962e+06,16,RTS,20
3.75962e+06,14,RTS,20
3.75973e+06,1,RTS,20
3.7598e+06,20,CTS,14
3.75986e+06,1,QOSDATA_TID6,1066
3.76004e+06,20,ACK,14
3.76008e+06,1,CTL,20
3.76018e+06,5,RTS,20
3.76018e+06,12,RTS,20
3.76018e+06,16,RTS,20
3.76018e+06,4,RTS,20
3.76018e+06,3,RTS,20
3.76028e+06,15,RTS,20
3.76034e+06,20,CTS,14
3.7604e+06,15,QOSDATA_TID6,1066
3.76059e+06,20,ACK,14
3.76063e+06,15,QOSDATA_TID6,1066
3.76082e+06,20,ACK,14
3.76086e+06,15,CTL,20
3.76095e+06,13,RTS,20
3.76095e+06,5,RTS,20
3.76102e+06,20,CTS,14
3.76108e+06,5,QOSDATA_TID6,1066
3.76126e+06,20,ACK,14
3.7613e+06,5,CTL,20
3.7614e+06,2,RTS,20
3.76147e+06,20,CTS,14
3.76153e+06,2,QOSDATA_TID6,1066
3.76171e+06,20,ACK,14
3.76175e+06,2,CTL,20
3.76184e+06,18,RTS,20
3.76184e+06,7,RTS,20
3.76184e+06,14,RTS,20
3.76184e+06,4,RTS,20
3.76194e+06,0,RTS,20
3.76201e+06,20,CTS,14
3.76207e+06,0,QOSDATA_TID6,1066
3.76225e+06,20,ACK,14
3.76229e+06,0,CTL,20
3.76238e+06,4,RTS,20
3.76245e+06,20,CTS,14
3.76251e+06,4,QOSDATA_TID6,1066
3.76269e+06,20,ACK,14
3.76274e+06,4,QOSDATA_TID6,1066
3.76292e+06,20,ACK,14
3.76296e+06,4,CTL,20
3.76305e+06,16,RTS,20
3.76305e+06,12,RTS,20
3.76305e+06,18,RTS,20
3.76312e+06,20,CTS,14
3.76318e+06,12,QOSDATA_TID6,1066
3.76336e+06,20,ACK,14
3.76341e+06,12,QOSDATA_TID6,1066
3.76359e+06,20,ACK,14
3.76364e+06,12,CTL,20
3.76372e+06,17,RTS,20
3.76379e+06,20,CTS,14
3.76385e+06,17,QOSDATA_TID6,1066
3.76403e+06,20,ACK,14
3.76408e+06,17,CTL,20
3.76416e+06,9,RTS,20
3.76423e+06,20,CTS,14
3.76429e+06,9,QOSDATA_TID6,1066
3.76448e+06,20,ACK,14
3.76452e+06,9,CTL,20
3.7646e+06,3,RTS,20
3.7646e+06,19,RTS,20
3.7646e+06,8,RTS,20
3.7646e+06,6,RTS,20
3.7647e+06,2,RTS,20
3.76477e+06,20,CTS,14
3.76483e+06,2,QOSDATA_TID6,1066
3.76502e+06,20,ACK,14
3.76506e+06,2,CTL,20
3.76514e+06,18,RTS,20
3.76514e+06,10,RTS,20
3.76514e+06,1,RTS,20
3.76514e+06,7,RTS,20
3.76514e+06,11,RTS,20
3.76514e+06,16,RTS,20
3.76514e+06,4,RTS,20
3.76514e+06,13,RTS,20
3.76525e+06,5,RTS,20
3.76532e+06,20,CTS,14
3.76538e+06,5,QOSDATA_TID6,1066
3.76556e+06,20,ACK,14
3.76561e+06,5,CTL,20
3.76569e+06,1,RTS,20
3.76569e+06,18,RTS,20
3.76569e+06,4,RTS,20
3.76569e+06,10,RTS,20
3.76569e+06,15,RTS,20
3.7658e+06,11,RTS,20
3.7658e+06,6,RTS,20
3.76591e+06,13,RTS,20
3.76598e+06,20,CTS,14
3.76604e+06,13,QOSDATA_TID6,1066
3.76622e+06,20,ACK,14
3.76626e+06,13,QOSDATA_TID6,1066
3.76645e+06,20,ACK,14
3.76649e+06,13,QOSDATA_TID6,1066
3.76668e+06,20,ACK,14
3.76672e+06,13,CTL,20
3.76681e+06,11,RTS,20
3.76687e+06,20,CTS,14
3.76693e+06,11,QOSDATA_TID6,1066
3.76712e+06,20,ACK,14
3.76716e+06,11,CTL,20
3.76725e+06,14,RTS,20
3.76732e+06,20,CTS,14
3.76738e+06,14,QOSDATA_TID6,1066
3.76756e+06,20,ACK,14
3.7676e+06,14,QOSDATA_TID6,1066
3.76779e+06,20,ACK,14
3.76783e+06,14,QOSDATA_TID6,1066
3.76802e+06,20,ACK,14
3.76806e+06,14,CTL,20
3.76815e+06,19,RTS,20
3.76815e+06,4,RTS,20
3.76821e+06,20,CTS,14
3.76827e+06,19,QOSDATA_TID6,1066
3.76846e+06,20,ACK,14
3.7685e+06,19,CTL,20
3.7686e+06,3,RTS,20
3.7686e+06,4,RTS,20
3.7686e+06,10,RTS,20
3.7686e+06,6,RTS,20
3.7687e+06,7,RTS,20
3.76876e+06,20,CTS,14
3.76882e+06,7,QOSDATA_TID6,1066
3.76901e+06,20,ACK,14
3.76905e+06,7,CTL,20
3.76915e+06,0,RTS,20
3.76921e+06,20,CTS,14
3.76927e+06,0,QOSDATA_TID6,1066
3.76946e+06,20,ACK,14
3.7695e+06,0,CTL,20
3.76959e+06,18,RTS,20
3.76959e+06,15,RTS,20
3.76959e+06,8,RTS,20
3.7697e+06,7,RTS,20
3.7697e+06,6,RTS,20
3.76979e+06,15,RTS,20
3.76986e+06,20,CTS,14
3.76992e+06,15,QOSDATA_TID6,1066
3.77011e+06,20,ACK,14
3.77015e+06,15,CTL,20
3.77024e+06,18,RTS,20
3.7703e+06,20,CTS,14
3.77036e+06,18,QOSDATA_TID6,1066
3.77055e+06,20,ACK,14
3.77059e+06,18,QOSDATA_TID6,1066
3.77078e+06,20,ACK,14
3.77082e+06,18,CTL,20
3.77091e+06,9,RTS,20
3.77091e+06,12,RTS,20
3.77091e+06,11,RTS,20
3.77091e+06,16,RTS,20
3.77097e+06,20,CTS,14
3.77103e+06,12,QOSDATA_TID6,1066
3.77122e+06,20,ACK,14
3.77126e+06,12,CTL,20
3.77135e+06,17,RTS,20
3.77135e+06,1,RTS,20
3.77135e+06,11,RTS,20
3.77135e+06,13,RTS,20
3.77145e+06,9,RTS,20
3.77151e+06,20,CTS,14
3.77157e+06,9,QOSDATA_TID6,1066
3.77176e+06,20,ACK,14
3.7718e+06,9,CTL,20
3.77189e+06,3,RTS,20
3.77189e+06,7,RTS,20
3.77196e+06,20,CTS,14
3.77202e+06,7,QOSDATA_TID6,1066
3.7722e+06,20,ACK,14
3.77224e+06,7,CTL,20
3.77233e+06,19,RTS,20
3.77233e+06,3,RTS,20
3.7724e+06,20,CTS,14
3.77246e+06,19,QOSDATA_TID6,1066
3.77264e+06,20,ACK,14
3.77269e+06,19,CTL,20
3.77277e+06,2,RTS,20
3.77284e+06,20,CTS,14
3.7729e+06,2,QOSDATA_TID6,1066
3.77308e+06,20,ACK,14
3.77313e+06,2,CTL,20
3.77321e+06,10,RTS,20
3.77321e+06,5,RTS,20
3.77321e+06,8,RTS,20
3.77328e+06,20,CTS,14
3.77334e+06,5,QOSDATA_TID6,1066
3.77353e+06,20,ACK,14
3.77357e+06,5,CTL,20
3.77366e+06,3,RTS,20
3.77366e+06,6,RTS,20
3.77366e+06,15,RTS,20
3.77366e+06,13,RTS,20
3.77375e+06,4,RTS,20
3.77382e+06,20,CTS,14
3.77388e+06,4,QOSDATA_TID6,1066
3.77407e+06,20,ACK,14
3.77411e+06,4,QOSDATA_TID6,1066
3.77429e+06,20,ACK,14
3.77434e+06,4,CTL,20
3.77443e+06,16,RTS,20
3.77443e+06,15,RTS,20
3.77443e+06,18,RTS,20
3.77456e+06,6,RTS,20
3.77463e+06,20,CTS,14
3.77469e+06,6,QOSDATA_TID6,1066
3.77487e+06,20,ACK,14
3.77491e+06,6,QOSDATA_TID6,1066
3.7751e+06,20,ACK,14
3.77514e+06,6,CTL,20
3.77524e+06,15,RTS,20
3.7753e+06,20,CTS,14
3.77536e+06,15,QOSDATA_TID6,1066
3.77555e+06,20,ACK,14
3.77559e+06,15,CTL,20
3.77568e+06,13,RTS,20
3.77575e+06,20,CTS,14
3.77581e+06,13,QOSDATA_TID6,1066
3.77599e+06,20,ACK,14
3.77604e+06,13,CTL,20
3.77612e+06,14,RTS,20
3.77612e+06,11,RTS,20
3.77612e+06,16,RTS,20
3.77612e+06,17,RTS,20
3.77612e+06,1,RTS,20
3.77612e+06,10,RTS,20
3.77623e+06,8,RTS,20
3.7763e+06,20,CTS,14
3.77636e+06,8,QOSDATA_TID6,1066
3.77654e+06,20,ACK,14
3.77658e+06,8,QOSDATA_TID6,1066
3.77677e+06,20,ACK,14
3.77681e+06,8,QOSDATA_TID6,1066
3.777e+06,20,ACK,14
3.77704e+06,8,CTL,20
3.77713e+06,16,RTS,20
3.77713e+06,3,RTS,20
3.77726e+06,3,RTS,20
3.77732e+06,20,CTS,14
3.77738e+06,3,QOSDATA_TID6,1066
3.77757e+06,20,ACK,14
3.77761e+06,3,QOSDATA_TID6,1066
3.7778e+06,20,ACK,14
3.77784e+06,3,CTL,20
3.77793e+06,13,RTS,20
3.778e+06,20,CTS,14
3.77806e+06,13,QOSDATA_TID6,1066
3.77824e+06,20,ACK,14
3.77828e+06,13,CTL,20
3.77837e+06,14,RTS,20
3.77837e+06,1,RTS,20
3.77837e+06,10,RTS,20
3.77847e+06,0,RTS,20
3.77854e+06,20,CTS,14
3.7786e+06,0,QOSDATA_TID6,1066
3.77878e+06,20,ACK,14
3.77882e+06,0,CTL,20
3.77891e+06,12,RTS,20
3.77898e+06,20,CTS,14
3.77904e+06,12,QOSDATA_TID6,1066
3.77922e+06,20,ACK,14
3.77927e+06,12,CTL,20
3.77935e+06,11,RTS,20
3.77935e+06,16,RTS,20
3.77935e+06,19,RTS,20
3.77935e+06,6,RTS,20
3.77935e+06,18,RTS,20
3.77945e+06,7,RTS,20
3.77952e+06,20,CTS,14
3.77958e+06,7,QOSDATA_TID6,1066
3.77976e+06,20,ACK,14
3.77981e+06,7,CTL,20
3.77989e+06,11,RTS,20
3.77989e+06,3,RTS,20
3.77989e+06,9,RTS,20
3.77999e+06,19,RTS,20
3.78006e+06,20,CTS,14
3.78012e+06,19,QOSDATA_TID6,1066
3.7803e+06,20,ACK,14
3.78035e+06,19,CTL,20
3.78043e+06,11,RTS,20
3.78043e+06,9,RTS,20
3.78055e+06,5,RTS,20
3.78055e+06,6,RTS,20
3.78055e+06,14,RTS,20
3.78062e+06,20,CTS,14
3.78068e+06,5,QOSDATA_TID6,1066
3.78086e+06,20,ACK,14
3.7809e+06,5,CTL,20
3.78099e+06,9,RTS,20
3.78099e+06,4,RTS,20
3.7811e+06,17,RTS,20
3.7811e+06,15,RTS,20
3.78116e+06,20,CTS,14
3.78122e+06,17,QOSDATA_TID6,1066
3.78141e+06,20,ACK,14
3.78145e+06,17,QOSDATA_TID6,1066
3.78164e+06,20,ACK,14
3.78168e+06,17,CTL,20
3.78177e+06,15,RTS,20
3.78184e+06,20,CTS,14
3.7819e+06,15,QOSDATA_TID6,1066
3.78208e+06,20,ACK,14
3.78212e+06,15,CTL,20
3.78221e+06,10,RTS,20
3.78228e+06,20,CTS,14
3.78234e+06,10,QOSDATA_TID6,1066
3.78252e+06,20,ACK,14
3.78256e+06,10,QOSDATA_TID6,1066
3.78275e+06,20,ACK,14
3.78279e+06,10,QOSDATA_TID6,1066
3.78298e+06,20,ACK,14
3.78302e+06,10,CTL,20
3.78312e+06,18,RTS,20
3.78312e+06,2,RTS,20
3.78312e+06,8,RTS,20
3.78312e+06,4,RTS,20
3.78321e+06,14,RTS,20
3.78328e+06,20,CTS,14
3.78334e+06,14,QOSDATA_TID6,1066
3.78353e+06,20,ACK,14
3.78357e+06,14,QOSDATA_TID6,1066
3.78375e+06,20,ACK,14
3.7838e+06,14,CTL,20
3.78388e+06,18,RTS,20
3.78395e+06,20,CTS,14
3.78401e+06,18,QOSDATA_TID6,1066
3.7842e+06,20,ACK,14
3.78424e+06,18,QOSDATA_TID6,1066
3.78442e+06,20,ACK,14
3.78447e+06,18,CTL,20
3.78455e+06,6,RTS,20
3.78462e+06,20,CTS,14
3.78468e+06,6,QOSDATA_TID6,1066
3.78487e+06,20,ACK,14
3.78491e+06,6,CTL,20
3.785e+06,2,RTS,20
3.785e+06,1,RTS,20
3.785e+06,16,RTS,20
3.78513e+06,2,RTS,20
3.7852e+06,20,CTS,14
3.78526e+06,2,QOSDATA_TID6,1066
3.78544e+06,20,ACK,14
3.78548e+06,2,CTL,20
3.78558e+06,11,RTS,20
3.78558e+06,4,RTS,20
3.78568e+06,13,RTS,20
3.78568e+06,3,RTS,20
3.78568e+06,9,RTS,20
3.78568e+06,0,RTS,20
3.78578e+06,16,RTS,20
3.78585e+06,20,CTS,14
3.78591e+06,16,QOSDATA_TID6,1066
3.7861e+06,20,ACK,14
3.78614e+06,16,QOSDATA_TID6,1066
3.78632e+06,20,ACK,14
3.78637e+06,16,QOSDATA_TID6,1066
3.78655e+06,20,ACK,14
3.7866e+06,16,QOSDATA_TID6,1066
3.78678e+06,20,ACK,14
3.78682e+06,16,CTL,20
3.78691e+06,1,RTS,20
3.78691e+06,8,RTS,20
3.78691e+06,3,RTS,20
3.78701e+06,11,RTS,20
3.78701e+06,4,RTS,20
3.78711e+06,7,RTS,20
3.78711e+06,6,RTS,20
3.78721e+06,3,RTS,20
3.78728e+06,20,CTS,14
3.78734e+06,3,QOSDATA_TID6,1066
3.78752e+06,20,ACK,14
3.78757e+06,3,QOSDATA_TID6,1066
3.78775e+06,20,ACK,14
3.7878e+06,3,CTL,20
3.78789e+06,9,RTS,20
3.78789e+06,19,RTS,20
3.78789e+06,12,RTS,20
3.78789e+06,11,RTS,20
3.78789e+06,4,RTS,20
3.78796e+06,20,CTS,14
3.78802e+06,12,QOSDATA_TID6,1066
3.7882e+06,20,ACK,14
3.78825e+06,12,CTL,20
3.78833e+06,17,RTS,20
3.78833e+06,19,RTS,20
3.7884e+06,20,CTS,14
3.78846e+06,17,QOSDATA_TID6,1066
3.78865e+06,20,ACK,14
3.78869e+06,17,CTL,20
3.78878e+06,10,RTS,20
3.78884e+06,20,CTS,14
3.7889e+06,10,QOSDATA_TID6,1066
3.78909e+06,20,ACK,14
3.78913e+06,10,CTL,20
3.78922e+06,2,RTS,20
3.78929e+06,20,CTS,14
3.78935e+06,2,QOSDATA_TID6,1066
3.78953e+06,20,ACK,14
3.78957e+06,2,CTL,20
3.78966e+06,5,RTS,20
3.78966e+06,15,RTS,20
3.78973e+06,20,CTS,14
3.78979e+06,5,QOSDATA_TID6,1066
3.78997e+06,20,ACK,14
3.79002e+06,5,CTL,20
3.79011e+06,1,RTS,20
3.79011e+06,7,RTS,20
3.79011e+06,0,RTS,20
3.79011e+06,4,RTS,20
3.79011e+06,13,RTS,20
3.79021e+06,9,RTS,20
3.79028e+06,20,CTS,14
3.79034e+06,9,QOSDATA_TID6,1066
3.79052e+06,20,ACK,14
3.79056e+06,9,QOSDATA_TID6,1066
3.79075e+06,20,ACK,14
3.79079e+06,9,CTL,20
3.79088e+06,1,RTS,20
3.79088e+06,7,RTS,20
3.79099e+06,18,RTS,20
3.79105e+06,20,CTS,14
3.79111e+06,18,QOSDATA_TID6,1066
3.7913e+06,20,ACK,14
3.79134e+06,18,CTL,20
3.79144e+06,11,RTS,20
3.79144e+06,4,RTS,20
3.79154e+06,15,RTS,20
3.79154e+06,0,CTS,14
3.79154e+06,6,RTS,20
3.79154e+06,14,RTS,20
3.79162e+06,0,RTS,20
3.79169e+06,20,CTS,14
3.79175e+06,0,QOSDATA_TID6,1066
3.79193e+06,20,ACK,14
3.79198e+06,0,CTL,20
3.79206e+06,4,RTS,20
3.79213e+06,20,CTS,14
3.79219e+06,4,QOSDATA_TID6,1066
3.79238e+06,20,ACK,14
3.79242e+06,4,CTL,20
3.79251e+06,7,RTS,20
3.79257e+06,20,CTS,14
3.79263e+06,7,QOSDATA_TID6,1066
3.79282e+06,20,ACK,14
3.79286e+06,7,CTL,20
3.79295e+06,8,RTS,20
3.79302e+06,20,CTS,14
3.79308e+06,8,QOSDATA_TID6,1066
3.79326e+06,20,ACK,14
3.7933e+06,8,QOSDATA_TID6,1066
3.79349e+06,20,ACK,14
3.79353e+06,8,CTL,20
3.79362e+06,16,RTS,20
3.79362e+06,15,RTS,20
3.79362e+06,14,RTS,20
3.79372e+06,9,RTS,20
3.79378e+06,20,CTS,14
3.79384e+06,9,QOSDATA_TID6,1066
3.79403e+06,20,ACK,14
3.79407e+06,9,CTL,20
3.79416e+06,0,RTS,20
3.79416e+06,7,RTS,20
3.79427e+06,15,RTS,20
3.79434e+06,20,CTS,14
3.7944e+06,15,QOSDATA_TID6,1066
3.79459e+06,20,ACK,14
3.79463e+06,15,CTL,20
3.79472e+06,12,RTS,20
3.79478e+06,20,CTS,14
3.79484e+06,12,QOSDATA_TID6,1066
3.79503e+06,20,ACK,14
3.79507e+06,12,CTL,20
3.79516e+06,13,RTS,20
3.79516e+06,6,RTS,20
3.79526e+06,19,RTS,20
3.79526e+06,1,RTS,20
3.79536e+06,17,RTS,20
3.79543e+06,20,CTS,14
3.79549e+06,17,QOSDATA_TID6,1066
3.79568e+06,20,ACK,14
3.79572e+06,17,CTL,20
3.7958e+06,6,RTS,20
3.79587e+06,20,CTS,14
3.79593e+06,6,QOSDATA_TID6,1066
3.79612e+06,20,ACK,14
3.79616e+06,6,QOSDATA_TID6,1066
3.79634e+06,20,ACK,14
3.79639e+06,6,CTL,20
3.79648e+06,3,RTS,20
3.79648e+06,13,RTS,20
3.79648e+06,11,RTS,20
3.79657e+06,7,RTS,20
3.79664e+06,20,CTS,14
3.7967e+06,7,QOSDATA_TID6,1066
3.79688e+06,20,ACK,14
3.79693e+06,7,CTL,20
3.79702e+06,2,RTS,20
3.79702e+06,10,RTS,20
3.79708e+06,20,CTS,14
3.79714e+06,2,QOSDATA_TID6,1066
3.79733e+06,20,ACK,14
3.79737e+06,2,CTL,20
3.79747e+06,19,RTS,20
3.79747e+06,0,RTS,20
3.79747e+06,15,RTS,20
3.79762e+06,19,RTS,20
3.79769e+06,20,CTS,14
3.79775e+06,19,QOSDATA_TID6,1066
3.79794e+06,20,ACK,14
3.79798e+06,19,QOSDATA_TID6,1066
3.79816e+06,20,ACK,14
3.79821e+06,19,CTL,20
3.79829e+06,18,RTS,20
3.79829e+06,0,CTS,14
3.79844e+06,0,RTS,20
3.79851e+06,20,CTS,14
3.79857e+06,0,QOSDATA_TID6,1066
3.79876e+06,20,ACK,14
3.7988e+06,0,CTL,20
3.79888e+06,8,RTS,20
3.79895e+06,20,CTS,14
3.79901e+06,8,QOSDATA_TID6,1066
3.7992e+06,20,ACK,14
3.79924e+06,8,CTL,20
3.79933e+06,5,RTS,20
3.79933e+06,18,RTS,20
3.7994e+06,20,CTS,14
3.79946e+06,5,QOSDATA_TID6,1066
3.79964e+06,20,ACK,14
3.79968e+06,5,CTL,20
3.79977e+06,15,RTS,20
3.79984e+06,20,CTS,14
3.7999e+06,15,QOSDATA_TID6,1066
3.80008e+06,20,ACK,14
3.80012e+06,15,CTL,20
3.80021e+06,1,RTS,20
3.80021e+06,11,RTS,20
3.80021e+06,16,RTS,20
3.80021e+06,4,RTS,20
3.80031e+06,14,RTS,20
3.80031e+06,10,RTS,20
3.80043e+06,1,RTS,20
3.80043e+06,16,RTS,20
3.8005e+06,20,CTS,14
3.80056e+06,1,QOSDATA_TID6,1066
3.80075e+06,20,ACK,14
3.80079e+06,1,QOSDATA_TID6,1066
3.80097e+06,20,ACK,14
3.80102e+06,1,QOSDATA_TID6,1066
3.8012e+06,20,ACK,14
3.80125e+06,1,QOSDATA_TID6,1066
3.80143e+06,20,ACK,14
3.80148e+06,1,CTL,20
3.80156e+06,14,RTS,20
3.80163e+06,20,CTS,14
3.80169e+06,14,QOSDATA_TID6,1066
3.80187e+06,20,ACK,14
3.80192e+06,14,QOSDATA_TID6,1066
3.8021e+06,20,ACK,14
3.80214e+06,14,CTL,20
3.80223e+06,13,RTS,20
3.8023e+06,20,CTS,14
3.80236e+06,13,QOSDATA_TID6,1066
3.80254e+06,20,ACK,14
3.80259e+06,13,QOSDATA_TID6,1066
3.80277e+06,20,ACK,14
3.80282e+06,13,QOSDATA_TID6,1066
3.803e+06,20,ACK,14
3.80304e+06,13,CTL,20
3.80313e+06,16,RTS,20
3.8032e+06,20,CTS,14
3.80326e+06,16,QOSDATA_TID6,1066
3.80344e+06,20,ACK,14
3.80348e+06,16,QOSDATA_TID6,1066
3.80367e+06,20,ACK,14
3.80371e+06,16,CTL,20
3.8038e+06,12,RTS,20
3.8038e+06,7,RTS,20
3.8038e+06,3,RTS,20
3.8038e+06,9,RTS,20
3.8038e+06,0,RTS,20
3.8038e+06,6,RTS,20
3.8039e+06,1,RTS,20
3.80396e+06,20,CTS,14
3.80402e+06,1,QOSDATA_TID6,1066
3.80421e+06,20,ACK,14
3.80425e+06,1,CTL,20
3.80434e+06,19,RTS,20
3.80434e+06,5,RTS,20
3.80434e+06,11,RTS,20
3.80434e+06,18,RTS,20
3.80441e+06,20,CTS,14
3.80447e+06,5,QOSDATA_TID6,1066
3.80465e+06,20,ACK,14
3.8047e+06,5,CTL,20
3.80477e+06,20,BEACON,152
3.80503e+06,2,RTS,20
3.8051e+06,20,CTS,14
3.80516e+06,2,QOSDATA_TID6,1066
3.80535e+06,20,ACK,14
3.80539e+06,2,CTL,20
3.80548e+06,17,RTS,20
3.80548e+06,7,RTS,20
3.80548e+06,4,RTS,20
3.80558e+06,12,RTS,20
3.80558e+06,9,RTS,20
3.80558e+06,18,RTS,20
3.80558e+06,10,RTS,20
3.80565e+06,20,CTS,14
3.80571e+06,12,QOSDATA_TID6,1066
3.8059e+06,20,ACK,14
3.80594e+06,12,CTL,20
3.80602e+06,15,RTS,20
3.80609e+06,20,CTS,14
3.80615e+06,15,QOSDATA_TID6,1066
3.80634e+06,20,ACK,14
3.80638e+06,15,CTL,20
3.80648e+06,11,RTS,20
3.80648e+06,3,RTS,20
3.80648e+06,9,RTS,20
3.80657e+06,6,RTS,20
3.80664e+06,20,CTS,14
3.8067e+06,6,QOSDATA_TID6,1066
3.80689e+06,20,ACK,14
3.80693e+06,6,CTL,20
3.80702e+06,0,RTS,20
3.80702e+06,18,RTS,20
3.80702e+06,8,RTS,20
3.80702e+06,3,RTS,20
3.80702e+06,19,RTS,20
3.80712e+06,14,RTS,20
3.80719e+06,20,CTS,14
3.80725e+06,14,QOSDATA_TID6,1066
3.80744e+06,20,ACK,14
3.80748e+06,14,CTL,20
3.80758e+06,0,CTS,14
3.80758e+06,7,RTS,20
3.80773e+06,0,RTS,20
3.8078e+06,20,CTS,14
3.80786e+06,0,QOSDATA_TID6,1066
3.80804e+06,20,ACK,14
3.80809e+06,0,CTL,20
3.80817e+06,3,RTS,20
3.80817e+06,9,RTS,20
3.80817e+06,19,RTS,20
3.80817e+06,4,RTS,20
3.80829e+06,7,RTS,20
3.80836e+06,20,CTS,14
3.80842e+06,7,QOSDATA_TID6,1066
3.8086e+06,20,ACK,14
3.80865e+06,7,CTL,20
3.80873e+06,18,RTS,20
3.8088e+06,20,CTS,14
3.80886e+06,18,QOSDATA_TID6,1066
3.80904e+06,20,ACK,14
3.80909e+06,18,QOSDATA_TID6,1066
3.80927e+06,20,ACK,14
3.80932e+06,18,CTL,20
3.8094e+06,8,RTS,20
3.80947e+06,20,CTS,14
3.80953e+06,8,QOSDATA_TID6,1066
3.80972e+06,20,ACK,14
3.80976e+06,8,CTL,20
3.80984e+06,17,RTS,20
3.80984e+06,11,RTS,20
3.80984e+06,13,RTS,20
3.80984e+06,10,RTS,20
3.80991e+06,20,CTS,14
3.80997e+06,17,QOSDATA_TID6,1066
3.81016e+06,20,ACK,14
3.8102e+06,17,CTL,20
3.8103e+06,19,RTS,20
3.8103e+06,11,RTS,20
3.8103e+06,16,RTS,20
3.8103e+06,0,RTS,20
3.8103e+06,9,RTS,20
3.81039e+06,12,RTS,20
3.81046e+06,20,CTS,14
3.81052e+06,12,QOSDATA_TID6,1066
3.81071e+06,20,ACK,14
3.81075e+06,12,CTL,20
3.81084e+06,16,RTS,20
3.81084e+06,4,RTS,20
3.81084e+06,0,RTS,20
3.81094e+06,7,RTS,20
3.81101e+06,20,CTS,14
3.81107e+06,7,QOSDATA_TID6,1066
3.81126e+06,20,ACK,14
3.8113e+06,7,CTL,20
3.81138e+06,0,CTS,14
3.81138e+06,6,RTS,20
3.81153e+06,0,RTS,20
3.8116e+06,20,CTS,14
3.81166e+06,0,QOSDATA_TID6,1066
3.81185e+06,20,ACK,14
3.81189e+06,0,CTL,20
3.81198e+06,1,RTS,20
3.81198e+06,9,RTS,20
3.81198e+06,13,RTS,20
3.81207e+06,6,RTS,20
3.81214e+06,20,CTS,14
3.8122e+06,6,QOSDATA_TID6,1066
3.81239e+06,20,ACK,14
3.81243e+06,6,CTL,20
3.81252e+06,10,RTS,20
3.81252e+06,3,RTS,20
3.81252e+06,19,RTS,20
3.81262e+06,2,RTS,20
3.81262e+06,15,RTS,20
3.81274e+06,11,RTS,20
3.81281e+06,20,CTS,14
3.81287e+06,11,QOSDATA_TID6,1066
3.81306e+06,20,ACK,14
3.8131e+06,11,QOSDATA_TID6,1066
3.81328e+06,20,ACK,14
3.81333e+06,11,QOSDATA_TID6,1066
3.81351e+06,20,ACK,14
3.81356e+06,11,QOSDATA_TID6,1066
3.81374e+06,20,ACK,14
3.81378e+06,11,CTL,20
3.81387e+06,16,RTS,20
3.81394e+06,20,CTS,14
3.814e+06,16,QOSDATA_TID6,1066
3.81418e+06,20,ACK,14
3.81422e+06,16,CTL,20
3.81431e+06,4,RTS,20
3.81431e+06,13,RTS,20
3.81431e+06,2,RTS,20
3.81431e+06,18,RTS,20
3.81442e+06,5,RTS,20
3.81442e+06,17,RTS,20
3.81449e+06,20,CTS,14
3.81455e+06,5,QOSDATA_TID6,1066
3.81473e+06,20,ACK,14
3.81477e+06,5,CTL,20
3.81487e+06,4,RTS,20
3.81487e+06,10,RTS,20
3.81499e+06,19,RTS,20
3.81506e+06,20,CTS,14
3.81512e+06,19,QOSDATA_TID6,1066
3.81531e+06,20,ACK,14
3.81535e+06,19,QOSDATA_TID6,1066
3.81553e+06,20,ACK,14
3.81558e+06,19,CTL,20
3.81567e+06,10,RTS,20
3.81574e+06,20,CTS,14
3.8158e+06,10,QOSDATA_TID6,1066
3.81598e+06,20,ACK,14
3.81603e+06,10,QOSDATA_TID6,1066
3.81621e+06,20,ACK,14
3.81626e+06,10,QOSDATA_TID6,1066
3.81644e+06,20,ACK,14
3.81648e+06,10,CTL,20
3.81657e+06,8,RTS,20
3.81657e+06,1,RTS,20
3.81657e+06,14,RTS,20
3.81657e+06,15,RTS,20
3.81667e+06,3,RTS,20
3.81667e+06,9,RTS,20
3.81677e+06,2,RTS,20
3.81677e+06,16,RTS,20
3.81687e+06,17,RTS,20
3.81687e+06,14,RTS,20
3.81694e+06,20,CTS,14
3.817e+06,17,QOSDATA_TID6,1066
3.81719e+06,20,ACK,14
3.81723e+06,17,CTL,20
3.81732e+06,3,RTS,20
3.81738e+06,20,CTS,14
3.81744e+06,3,QOSDATA_TID6,1066
3.81763e+06,20,ACK,14
3.81767e+06,3,QOSDATA_TID6,1066
3.81786e+06,20,ACK,14
3.8179e+06,3,CTL,20
3.81799e+06,18,RTS,20
3.81799e+06,0,RTS,20
3.81799e+06,16,RTS,20
3.8181e+06,13,RTS,20
3.8181e+06,9,RTS,20
3.8181e+06,15,RTS,20
3.8182e+06,0,RTS,20
3.81827e+06,20,CTS,14
3.81833e+06,0,QOSDATA_TID6,1066
3.81851e+06,20,ACK,14
3.81856e+06,0,CTL,20
3.81864e+06,8,RTS,20
3.81864e+06,12,RTS,20
3.81864e+06,3,RTS,20
3.81864e+06,9,RTS,20
3.81864e+06,16,RTS,20
3.81874e+06,14,RTS,20
3.81881e+06,20,CTS,14
3.81887e+06,14,QOSDATA_TID6,1066
3.81905e+06,20,ACK,14
3.8191e+06,14,CTL,20
3.81918e+06,12,RTS,20
3.81918e+06,19,RTS,20
3.81918e+06,3,RTS,20
3.81925e+06,20,CTS,14
3.81931e+06,12,QOSDATA_TID6,1066
3.8195e+06,20,ACK,14
3.81954e+06,12,CTL,20
3.81962e+06,19,RTS,20
3.81962e+06,15,RTS,20
3.81973e+06,7,RTS,20
3.81973e+06,18,RTS,20
3.8198e+06,20,CTS,14
3.81986e+06,7,QOSDATA_TID6,1066
3.82004e+06,20,ACK,14
3.82009e+06,7,CTL,20
3.82018e+06,8,RTS,20
3.82018e+06,11,RTS,20
3.82018e+06,4,RTS,20
3.82018e+06,2,RTS,20
3.82018e+06,3,RTS,20
3.82028e+06,15,RTS,20
3.82035e+06,20,CTS,14
3.82041e+06,15,QOSDATA_TID6,1066
3.82059e+06,20,ACK,14
3.82064e+06,15,QOSDATA_TID6,1066
3.82082e+06,20,ACK,14
3.82086e+06,15,CTL,20
3.82096e+06,6,RTS,20
3.82096e+06,5,RTS,20
3.82096e+06,10,RTS,20
3.82103e+06,20,CTS,14
3.82109e+06,5,QOSDATA_TID6,1066
3.82127e+06,20,ACK,14
3.82132e+06,5,CTL,20
3.8214e+06,6,RTS,20
3.82147e+06,20,CTS,14
3.82153e+06,6,QOSDATA_TID6,1066
3.82171e+06,20,ACK,14
3.82176e+06,6,CTL,20
3.82185e+06,17,RTS,20
3.82185e+06,9,RTS,20
3.82185e+06,13,RTS,20
3.82185e+06,16,RTS,20
3.82192e+06,20,CTS,14
3.82198e+06,17,QOSDATA_TID6,1066
3.82216e+06,20,ACK,14
3.82221e+06,17,CTL,20
3.8223e+06,9,RTS,20
3.82236e+06,20,CTS,14
3.82242e+06,9,QOSDATA_TID6,1066
3.82261e+06,20,ACK,14
3.82265e+06,9,QOSDATA_TID6,1066
3.82284e+06,20,ACK,14
3.82288e+06,9,CTL,20
3.82296e+06,18,RTS,20
3.82303e+06,20,CTS,14
3.82309e+06,18,QOSDATA_TID6,1066
3.82328e+06,20,ACK,14
3.82332e+06,18,QOSDATA_TID6,1066
3.8235e+06,20,ACK,14
3.82355e+06,18,CTL,20
3.82364e+06,14,RTS,20
3.8237e+06,20,CTS,14
3.82376e+06,14,QOSDATA_TID6,1066
3.82395e+06,20,ACK,14
3.82399e+06,14,CTL,20
3.82408e+06,10,RTS,20
3.82408e+06,1,RTS,20
3.82408e+06,16,RTS,20
3.82418e+06,3,RTS,20
3.82425e+06,20,CTS,14
3.82431e+06,3,QOSDATA_TID6,1066
3.8245e+06,20,ACK,14
3.82454e+06,3,CTL,20
3.82463e+06,1,RTS,20
3.82469e+06,20,CTS,14
3.82475e+06,1,QOSDATA_TID6,1066
3.82494e+06,20,ACK,14
3.82498e+06,1,QOSDATA_TID6,1066
3.82517e+06,20,ACK,14
3.82521e+06,1,CTL,20
3.8253e+06,8,RTS,20
3.8253e+06,0,RTS,20
3.82536e+06,20,CTS,14
3.82542e+06,8,QOSDATA_TID6,1066
3.82561e+06,20,ACK,14
3.82565e+06,8,QOSDATA_TID6,1066
3.82584e+06,20,ACK,14
3.82588e+06,8,CTL,20
3.82597e+06,2,RTS,20
3.82597e+06,9,RTS,20
3.82597e+06,13,RTS,20
3.82607e+06,11,RTS,20
3.82607e+06,19,RTS,20
3.82607e+06,4,RTS,20
3.82617e+06,10,RTS,20
3.82624e+06,20,CTS,14
3.8263e+06,10,QOSDATA_TID6,1066
3.82648e+06,20,ACK,14
3.82653e+06,10,CTL,20
3.82661e+06,19,RTS,20
3.82661e+06,12,RTS,20
3.82668e+06,20,CTS,14
3.82674e+06,12,QOSDATA_TID6,1066
3.82693e+06,20,ACK,14
3.82697e+06,12,CTL,20
3.82706e+06,19,RTS,20
3.82712e+06,20,CTS,14
3.82718e+06,19,QOSDATA_TID6,1066
3.82737e+06,20,ACK,14
3.82741e+06,19,QOSDATA_TID6,1066
3.8276e+06,20,ACK,14
3.82764e+06,19,CTL,20
3.82773e+06,16,RTS,20
3.82773e+06,3,RTS,20
3.82773e+06,6,RTS,20
3.82785e+06,13,RTS,20
3.82792e+06,20,CTS,14
3.82798e+06,13,QOSDATA_TID6,1066
3.82816e+06,20,ACK,14
3.82821e+06,13,QOSDATA_TID6,1066
3.82839e+06,20,ACK,14
3.82844e+06,13,QOSDATA_TID6,1066
3.82862e+06,20,ACK,14
3.82866e+06,13,CTL,20
3.82875e+06,6,RTS,20
3.82875e+06,3,RTS,20
3.82882e+06,20,CTS,14
3.82888e+06,6,QOSDATA_TID6,1066
3.82906e+06,20,ACK,14
3.8291e+06,6,CTL,20
3.82919e+06,7,RTS,20
3.82926e+06,20,CTS,14
3.82932e+06,7,QOSDATA_TID6,1066
3.8295e+06,20,ACK,14
3.82955e+06,7,CTL,20
3.82963e+06,0,RTS,20
3.82963e+06,9,RTS,20
3.8297e+06,20,CTS,14
3.82976e+06,0,QOSDATA_TID6,1066
3.82994e+06,20,ACK,14
3.82999e+06,0,CTL,20
3.83008e+06,5,RTS,20
3.83008e+06,17,RTS,20
3.83008e+06,3,RTS,20
3.83008e+06,11,RTS,20
3.83008e+06,4,RTS,20
3.83018e+06,15,RTS,20
3.83018e+06,10,RTS,20
3.83025e+06,20,CTS,14
3.83031e+06,15,QOSDATA_TID6,1066
3.83049e+06,20,ACK,14
3.83054e+06,15,CTL,20
3.83063e+06,1,RTS,20
3.83063e+06,3,RTS,20
3.8307e+06,20,CTS,14
3.83076e+06,1,QOSDATA_TID6,1066
3.83094e+06,20,ACK,14
3.83099e+06,1,CTL,20
3.83108e+06,8,RTS,20
3.83114e+06,20,CTS,14
3.8312e+06,8,QOSDATA_TID6,1066
3.83139e+06,20,ACK,14
3.83143e+06,8,CTL,20
3.83152e+06,3,RTS,20
3.83158e+06,20,CTS,14
3.83164e+06,3,QOSDATA_TID6,1066
3.83183e+06,20,ACK,14
3.83187e+06,3,CTL,20
3.83196e+06,18,RTS,20
3.83203e+06,20,CTS,14
3.83209e+06,18,QOSDATA_TID6,1066
3.83227e+06,20,ACK,14
3.83232e+06,18,CTL,20
3.8324e+06,2,RTS,20
3.8324e+06,9,RTS,20
3.8324e+06,11,RTS,20
3.8324e+06,16,RTS,20
3.8325e+06,14,RTS,20
3.83257e+06,20,CTS,14
3.83263e+06,14,QOSDATA_TID6,1066
3.83281e+06,20,ACK,14
3.83286e+06,14,CTL,20
3.83295e+06,5,RTS,20
3.83295e+06,17,RTS,20
3.83295e+06,10,RTS,20
3.83295e+06,4,RTS,20
3.83306e+06,9,RTS,20
3.83313e+06,20,CTS,14
3.83319e+06,9,QOSDATA_TID6,1066
3.83337e+06,20,ACK,14
3.83341e+06,9,CTL,20
3.8335e+06,17,RTS,20
3.8335e+06,11,RTS,20
3.8335e+06,7,RTS,20
3.8336e+06,0,RTS,20
3.83367e+06,20,CTS,14
3.83373e+06,0,QOSDATA_TID6,1066
3.83391e+06,20,ACK,14
3.83395e+06,0,CTL,20
3.83404e+06,2,RTS,20
3.83404e+06,9,RTS,20
3.83411e+06,20,CTS,14
3.83417e+06,2,QOSDATA_TID6,1066
3.83435e+06,20,ACK,14
3.8344e+06,2,QOSDATA_TID6,1066
3.83458e+06,20,ACK,14
3.83462e+06,2,QOSDATA_TID6,1066
3.83481e+06,20,ACK,14
3.83485e+06,2,CTL,20
3.83494e+06,11,RTS,20
3.83494e+06,4,RTS,20
3.83505e+06,13,RTS,20
3.83505e+06,3,RTS,20
3.83505e+06,10,RTS,20
3.83516e+06,6,RTS,20
3.83516e+06,12,RTS,20
3.83523e+06,20,CTS,14
3.83529e+06,12,QOSDATA_TID6,1066
3.83547e+06,20,ACK,14
3.83552e+06,12,CTL,20
3.83561e+06,1,RTS,20
3.83561e+06,13,RTS,20
3.83568e+06,20,CTS,14
3.83574e+06,1,QOSDATA_TID6,1066
3.83592e+06,20,ACK,14
3.83597e+06,1,CTL,20
3.83607e+06,17,RTS,20
3.83607e+06,19,RTS,20
3.83607e+06,5,RTS,20
3.83607e+06,16,RTS,20
3.83607e+06,6,RTS,20
3.83617e+06,7,RTS,20
3.83624e+06,20,CTS,14
3.8363e+06,7,QOSDATA_TID6,1066
3.83648e+06,20,ACK,14
3.83653e+06,7,CTL,20
3.83661e+06,5,RTS,20
3.83661e+06,2,RTS,20
3.83661e+06,3,RTS,20
3.83661e+06,9,RTS,20
3.83668e+06,20,CTS,14
3.83674e+06,5,QOSDATA_TID6,1066
3.83692e+06,20,ACK,14
3.83697e+06,5,QOSDATA_TID6,1066
3.83715e+06,20,ACK,14
3.8372e+06,5,CTL,20
3.83728e+06,9,RTS,20
3.83728e+06,15,RTS,20
3.83735e+06,20,CTS,14
3.83741e+06,15,QOSDATA_TID6,1066
3.83759e+06,20,ACK,14
3.83764e+06,15,CTL,20
3.83774e+06,13,RTS,20
3.83774e+06,6,RTS,20
3.83774e+06,16,RTS,20
3.83786e+06,9,RTS,20
3.83793e+06,20,CTS,14
3.83799e+06,9,QOSDATA_TID6,1066
3.83817e+06,20,ACK,14
3.83821e+06,9,CTL,20
3.8383e+06,2,RTS,20
3.8383e+06,18,RTS,20
3.8383e+06,6,RTS,20
3.83842e+06,11,RTS,20
3.83842e+06,16,RTS,20
3.83851e+06,17,RTS,20
3.83858e+06,20,CTS,14
3.83864e+06,17,QOSDATA_TID6,1066
3.83883e+06,20,ACK,14
3.83887e+06,17,QOSDATA_TID6,1066
3.83905e+06,20,ACK,14
3.8391e+06,17,CTL,20
3.83918e+06,19,RTS,20
3.83918e+06,4,RTS,20
3.83918e+06,3,RTS,20
3.83918e+06,13,RTS,20
3.83929e+06,14,RTS,20
3.83936e+06,20,CTS,14
3.83942e+06,14,QOSDATA_TID6,1066
3.8396e+06,20,ACK,14
3.83965e+06,14,CTL,20
3.83973e+06,6,RTS,20
3.83973e+06,13,RTS,20
3.83973e+06,18,RTS,20
3.83984e+06,4,RTS,20
3.83991e+06,20,CTS,14
3.83997e+06,4,QOSDATA_TID6,1066
3.84015e+06,20,ACK,14
3.8402e+06,4,QOSDATA_TID6,1066
3.84038e+06,20,ACK,14
3.84042e+06,4,QOSDATA_TID6,1066
3.84061e+06,20,ACK,14
3.84065e+06,4,QOSDATA_TID6,1066
3.84084e+06,20,ACK,14
3.84088e+06,4,QOSDATA_TID6,1066
3.84106e+06,20,ACK,14
3.84111e+06,4,CTL,20
3.8412e+06,16,RTS,20
3.8412e+06,19,RTS,20
3.8412e+06,13,RTS,20
3.8413e+06,0,RTS,20
3.84137e+06,20,CTS,14
3.84143e+06,0,QOSDATA_TID6,1066
3.84161e+06,20,ACK,14
3.84166e+06,0,CTL,20
3.84174e+06,19,RTS,20
3.84174e+06,9,RTS,20
3.84181e+06,20,CTS,14
3.84187e+06,19,QOSDATA_TID6,1066
3.84206e+06,20,ACK,14
3.8421e+06,19,CTL,20
3.8422e+06,8,RTS,20
3.84226e+06,20,CTS,14
3.84232e+06,8,QOSDATA_TID6,1066
3.84251e+06,20,ACK,14
3.84255e+06,8,CTL,20
3.84264e+06,2,RTS,20
3.84264e+06,3,RTS,20
3.84264e+06,10,RTS,20
3.84274e+06,6,RTS,20
3.84274e+06,7,RTS,20
3.84274e+06,11,RTS,20
3.84274e+06,16,RTS,20
3.84283e+06,2,RTS,20
3.8429e+06,20,CTS,14
3.84296e+06,2,QOSDATA_TID6,1066
3.84314e+06,20,ACK,14
3.84319e+06,2,CTL,20
3.84328e+06,18,RTS,20
3.84328e+06,9,RTS,20
3.84335e+06,20,CTS,14
3.84341e+06,18,QOSDATA_TID6,1066
3.8436e+06,20,ACK,14
3.84364e+06,18,CTL,20
3.84373e+06,19,RTS,20
3.84373e+06,12,RTS,20
3.84379e+06,20,CTS,14
3.84385e+06,12,QOSDATA_TID6,1066
3.84404e+06,20,ACK,14
3.84408e+06,12,CTL,20
3.84418e+06,7,RTS,20
3.84418e+06,17,RTS,20
3.84418e+06,1,RTS,20
3.84418e+06,11,RTS,20
3.84418e+06,13,RTS,20
3.84428e+06,10,RTS,20
3.84434e+06,20,CTS,14
3.8444e+06,10,QOSDATA_TID6,1066
3.84459e+06,20,ACK,14
3.84463e+06,10,QOSDATA_TID6,1066
3.84482e+06,20,ACK,14
3.84486e+06,10,QOSDATA_TID6,1066
3.84504e+06,20,ACK,14
3.84509e+06,10,CTL,20
3.84518e+06,2,RTS,20
3.84518e+06,9,RTS,20
3.84518e+06,5,RTS,20
3.84518e+06,15,RTS,20
3.84518e+06,13,RTS,20
3.84518e+06,4,RTS,20
3.84525e+06,20,CTS,14
3.84531e+06,5,QOSDATA_TID6,1066
3.84549e+06,20,ACK,14
3.84554e+06,5,CTL,20
3.84562e+06,2,RTS,20
3.84562e+06,13,RTS,20
3.84576e+06,16,RTS,20
3.84583e+06,20,CTS,14
3.84589e+06,16,QOSDATA_TID6,1066
3.84607e+06,20,ACK,14
3.84611e+06,16,QOSDATA_TID6,1066
3.8463e+06,20,ACK,14
3.84634e+06,16,QOSDATA_TID6,1066
3.84653e+06,20,ACK,14
3.84657e+06,16,CTL,20
3.84666e+06,11,RTS,20
3.84666e+06,8,RTS,20
3.84666e+06,13,RTS,20
3.84666e+06,18,RTS,20
3.84678e+06,3,RTS,20
3.84685e+06,20,CTS,14
3.84691e+06,3,QOSDATA_TID6,1066
3.84709e+06,20,ACK,14
3.84714e+06,3,QOSDATA_TID6,1066
3.84732e+06,20,ACK,14
3.84736e+06,3,CTL,20
3.84745e+06,8,RTS,20
3.84745e+06,15,RTS,20
3.84752e+06,20,CTS,14
3.84758e+06,8,QOSDATA_TID6,1066
3.84776e+06,20,ACK,14
3.84781e+06,8,CTL,20
3.8479e+06,2,RTS,20
3.8479e+06,9,RTS,20
3.84797e+06,20,CTS,14
3.84803e+06,2,QOSDATA_TID6,1066
3.84822e+06,20,ACK,14
3.84826e+06,2,CTL,20
3.84834e+06,19,RTS,20
3.84834e+06,7,RTS,20
3.84834e+06,14,RTS,20
3.84845e+06,11,RTS,20
3.84852e+06,20,CTS,14
3.84858e+06,11,QOSDATA_TID6,1066
3.84876e+06,20,ACK,14
3.84881e+06,11,QOSDATA_TID6,1066
3.84899e+06,20,ACK,14
3.84904e+06,11,QOSDATA_TID6,1066
3.84922e+06,20,ACK,14
3.84926e+06,11,CTL,20
3.84935e+06,16,RTS,20
3.84942e+06,20,CTS,14
3.84948e+06,16,QOSDATA_TID6,1066
3.84966e+06,20,ACK,14
3.84971e+06,16,CTL,20
3.84979e+06,7,RTS,20
3.84979e+06,9,RTS,20
3.84979e+06,0,RTS,20
3.84989e+06,1,RTS,20
3.84996e+06,20,CTS,14
3.85002e+06,1,QOSDATA_TID6,1066
3.8502e+06,20,ACK,14
3.85025e+06,1,CTL,20
3.85033e+06,19,RTS,20
3.85033e+06,7,RTS,20
3.85033e+06,15,RTS,20
3.85043e+06,13,RTS,20
3.8505e+06,20,CTS,14
3.85056e+06,13,QOSDATA_TID6,1066
3.85074e+06,20,ACK,14
3.85079e+06,13,QOSDATA_TID6,1066
3.85097e+06,20,ACK,14
3.85101e+06,13,CTL,20
3.8511e+06,0,RTS,20
3.8511e+06,18,RTS,20
3.8512e+06,11,RTS,20
3.8512e+06,4,RTS,20
3.85132e+06,3,RTS,20
3.85139e+06,20,CTS,14
3.85145e+06,3,QOSDATA_TID6,1066
3.85163e+06,20,ACK,14
3.85167e+06,3,CTL,20
3.85176e+06,0,CTS,14
3.85176e+06,7,RTS,20
3.85189e+06,7,RTS,20
3.85196e+06,20,CTS,14
3.85202e+06,7,QOSDATA_TID6,1066
3.8522e+06,20,ACK,14
3.85225e+06,7,QOSDATA_TID6,1066
3.85243e+06,20,ACK,14
3.85248e+06,7,CTL,20
3.85256e+06,1,RTS,20
3.85256e+06,9,RTS,20
3.85263e+06,20,CTS,14
3.85269e+06,1,QOSDATA_TID6,1066
3.85287e+06,20,ACK,14
3.85292e+06,1,CTL,20
3.853e+06,6,RTS,20
3.853e+06,14,RTS,20
3.8531e+06,12,RTS,20
3.8531e+06,5,RTS,20
3.8531e+06,19,RTS,20
3.8532e+06,17,RTS,20
3.85327e+06,20,CTS,14
3.85333e+06,17,QOSDATA_TID6,1066
3.85351e+06,20,ACK,14
3.85356e+06,17,QOSDATA_TID6,1066
3.85374e+06,20,ACK,14
3.85378e+06,17,CTL,20
3.85387e+06,11,RTS,20
3.85387e+06,4,RTS,20
3.85387e+06,18,RTS,20
3.85387e+06,15,RTS,20
3.85398e+06,5,RTS,20
3.85405e+06,20,CTS,14
3.85411e+06,5,QOSDATA_TID6,1066
3.8543e+06,20,ACK,14
3.85434e+06,5,CTL,20
3.85444e+06,18,RTS,20
3.85444e+06,14,RTS,20
3.85454e+06,12,RTS,20
3.85461e+06,20,CTS,14
3.85467e+06,12,QOSDATA_TID6,1066
3.85486e+06,20,ACK,14
3.8549e+06,12,CTL,20
3.85498e+06,6,RTS,20
3.85498e+06,18,RTS,20
3.85509e+06,8,RTS,20
3.85509e+06,19,RTS,20
3.85516e+06,20,CTS,14
3.85522e+06,8,QOSDATA_TID6,1066
3.8554e+06,20,ACK,14
3.85545e+06,8,CTL,20
3.85553e+06,4,RTS,20
3.8556e+06,20,CTS,14
3.85566e+06,4,QOSDATA_TID6,1066
3.85585e+06,20,ACK,14
3.85589e+06,4,QOSDATA_TID6,1066
3.85608e+06,20,ACK,14
3.85612e+06,4,CTL,20
3.8562e+06,11,RTS,20
3.8562e+06,6,RTS,20
3.85635e+06,9,RTS,20
3.85642e+06,20,CTS,14
3.85648e+06,9,QOSDATA_TID6,1066
3.85666e+06,20,ACK,14
3.8567e+06,9,QOSDATA_TID6,1066
3.85689e+06,20,ACK,14
3.85693e+06,9,CTL,20
3.85702e+06,6,RTS,20
3.85702e+06,11,RTS,20
3.85702e+06,16,RTS,20
3.85712e+06,2,RTS,20
3.85718e+06,20,CTS,14
3.85724e+06,2,QOSDATA_TID6,1066
3.85743e+06,20,ACK,14
3.85747e+06,2,CTL,20
3.85756e+06,0,RTS,20
3.85756e+06,7,RTS,20
3.85766e+06,15,RTS,20
3.85773e+06,20,CTS,14
3.85779e+06,15,QOSDATA_TID6,1066
3.85798e+06,20,ACK,14
3.85802e+06,15,QOSDATA_TID6,1066
3.8582e+06,20,ACK,14
3.85825e+06,15,CTL,20
3.85834e+06,13,RTS,20
3.85834e+06,11,RTS,20
3.85834e+06,10,RTS,20
3.85834e+06,9,RTS,20
3.85845e+06,14,RTS,20
3.85852e+06,20,CTS,14
3.85858e+06,14,QOSDATA_TID6,1066
3.85876e+06,20,ACK,14
3.85881e+06,14,QOSDATA_TID6,1066
3.85899e+06,20,ACK,14
3.85904e+06,14,CTL,20
3.85913e+06,7,RTS,20
3.85913e+06,12,RTS,20
3.85913e+06,10,RTS,20
3.85913e+06,19,RTS,20
3.85913e+06,3,RTS,20
3.85925e+06,0,RTS,20
3.85925e+06,6,RTS,20
3.85934e+06,12,RTS,20
3.85934e+06,17,RTS,20
3.85934e+06,13,RTS,20
3.85934e+06,19,RTS,20
3.85934e+06,16,RTS,20
3.85945e+06,1,RTS,20
3.85945e+06,3,RTS,20
3.85952e+06,20,CTS,14
3.85958e+06,1,QOSDATA_TID6,1066
3.85976e+06,20,ACK,14
3.85981e+06,1,CTL,20
3.8599e+06,3,RTS,20
3.8599e+06,13,RTS,20
3.86002e+06,11,RTS,20
3.86002e+06,0,RTS,20
3.86009e+06,20,CTS,14
3.86015e+06,0,QOSDATA_TID6,1066
3.86033e+06,20,ACK,14
3.86037e+06,0,QOSDATA_TID6,1066
3.86056e+06,20,ACK,14
3.8606e+06,0,CTL,20
3.8607e+06,5,RTS,20
3.86076e+06,20,CTS,14
3.86082e+06,5,QOSDATA_TID6,1066
3.86101e+06,20,ACK,14
3.86105e+06,5,CTL,20
3.86114e+06,2,RTS,20
3.86121e+06,20,CTS,14
3.86127e+06,2,QOSDATA_TID6,1066
3.86145e+06,20,ACK,14
3.8615e+06,2,CTL,20
3.86158e+06,12,RTS,20
3.86158e+06,15,RTS,20
3.86158e+06,13,RTS,20
3.86165e+06,20,CTS,14
3.86171e+06,12,QOSDATA_TID6,1066
3.86189e+06,20,ACK,14
3.86194e+06,12,CTL,20
3.86202e+06,4,RTS,20
3.86202e+06,6,RTS,20
3.86202e+06,3,RTS,20
3.86202e+06,10,RTS,20
3.86212e+06,13,RTS,20
3.86219e+06,20,CTS,14
3.86225e+06,13,QOSDATA_TID6,1066
3.86243e+06,20,ACK,14
3.86248e+06,13,CTL,20
3.86256e+06,17,RTS,20
3.86263e+06,20,CTS,14
3.86269e+06,17,QOSDATA_TID6,1066
3.86288e+06,20,ACK,14
3.86292e+06,17,CTL,20
3.863e+06,9,RTS,20
3.863e+06,18,RTS,20
3.86307e+06,20,CTS,14
3.86313e+06,18,QOSDATA_TID6,1066
3.86332e+06,20,ACK,14
3.86336e+06,18,QOSDATA_TID6,1066
3.86355e+06,20,ACK,14
3.86359e+06,18,QOSDATA_TID6,1066
3.86377e+06,20,ACK,14
3.86382e+06,18,CTL,20
3.8639e+06,14,RTS,20
3.8639e+06,19,RTS,20
3.8639e+06,7,RTS,20
3.8639e+06,16,RTS,20
3.86401e+06,9,RTS,20
3.86408e+06,20,CTS,14
3.86414e+06,9,QOSDATA_TID6,1066
3.86432e+06,20,ACK,14
3.86437e+06,9,CTL,20
3.86446e+06,3,RTS,20
3.86446e+06,19,RTS,20
3.86446e+06,11,RTS,20
3.86459e+06,7,RTS,20
3.86459e+06,6,RTS,20
3.86472e+06,3,RTS,20
3.86479e+06,20,CTS,14
3.86485e+06,3,QOSDATA_TID6,1066
3.86503e+06,20,ACK,14
3.86508e+06,3,CTL,20
3.86516e+06,7,RTS,20
3.86523e+06,20,CTS,14
3.86529e+06,7,QOSDATA_TID6,1066
3.86548e+06,20,ACK,14
3.86552e+06,7,QOSDATA_TID6,1066
3.8657e+06,20,ACK,14
3.86575e+06,7,CTL,20
3.86583e+06,11,RTS,20
3.86583e+06,15,RTS,20
3.86594e+06,10,RTS,20
3.86594e+06,9,RTS,20
3.86605e+06,8,RTS,20
3.86605e+06,4,RTS,20
3.86612e+06,20,CTS,14
3.86618e+06,8,QOSDATA_TID6,1066
3.86636e+06,20,ACK,14
3.8664e+06,8,CTL,20
3.8665e+06,19,RTS,20
3.8665e+06,4,RTS,20
3.8665e+06,0,RTS,20
3.8666e+06,12,RTS,20
3.86667e+06,20,CTS,14
3.86673e+06,12,QOSDATA_TID6,1066
3.86692e+06,20,ACK,14
3.86696e+06,12,CTL,20
3.86705e+06,4,RTS,20
3.86705e+06,0,RTS,20
3.86712e+06,20,CTS,14
3.86718e+06,0,QOSDATA_TID6,1066
3.86736e+06,20,ACK,14
3.8674e+06,0,CTL,20
3.86749e+06,13,RTS,20
3.86756e+06,20,CTS,14
3.86762e+06,13,QOSDATA_TID6,1066
3.8678e+06,20,ACK,14
3.86784e+06,13,CTL,20
3.86793e+06,17,RTS,20
3.868e+06,20,CTS,14
3.86806e+06,17,QOSDATA_TID6,1066
3.86824e+06,20,ACK,14
3.86829e+06,17,CTL,20
3.86837e+06,1,RTS,20
3.86837e+06,11,RTS,20
3.86844e+06,20,CTS,14
3.8685e+06,1,QOSDATA_TID6,1066
3.86868e+06,20,ACK,14
3.86873e+06,1,CTL,20
3.86882e+06,6,RTS,20
3.86888e+06,20,CTS,14
3.86894e+06,6,QOSDATA_TID6,1066
3.86913e+06,20,ACK,14
3.86917e+06,6,QOSDATA_TID6,1066
3.86936e+06,20,ACK,14
3.8694e+06,6,QOSDATA_TID6,1066
3.86958e+06,20,ACK,14
3.86963e+06,6,QOSDATA_TID6,1066
3.86981e+06,20,ACK,14
3.86986e+06,6,CTL,20
3.86994e+06,14,RTS,20
3.86994e+06,15,RTS,20
3.86994e+06,10,RTS,20
3.86994e+06,3,RTS,20
3.86994e+06,9,RTS,20
3.86994e+06,19,RTS,20
3.87005e+06,2,RTS,20
3.87005e+06,4,RTS,20
3.87012e+06,20,CTS,14
3.87018e+06,2,QOSDATA_TID6,1066
3.87036e+06,20,ACK,14
3.8704e+06,2,CTL,20
3.87049e+06,10,RTS,20
3.87056e+06,20,CTS,14
3.87062e+06,10,QOSDATA_TID6,1066
3.8708e+06,20,ACK,14
3.87085e+06,10,QOSDATA_TID6,1066
3.87103e+06,20,ACK,14
3.87107e+06,10,QOSDATA_TID6,1066
3.87126e+06,20,ACK,14
3.8713e+06,10,CTL,20
3.87139e+06,14,RTS,20
3.87139e+06,16,RTS,20
3.87153e+06,3,RTS,20
3.87153e+06,9,RTS,20
3.87164e+06,5,RTS,20
3.87164e+06,8,RTS,20
3.87164e+06,11,RTS,20
3.87171e+06,20,CTS,14
3.87177e+06,5,QOSDATA_TID6,1066
3.87195e+06,20,ACK,14
3.872e+06,5,CTL,20
3.87208e+06,11,RTS,20
3.87208e+06,18,RTS,20
3.87221e+06,15,RTS,20
3.87227e+06,20,CTS,14
3.87233e+06,15,QOSDATA_TID6,1066
3.87252e+06,20,ACK,14
3.87256e+06,15,QOSDATA_TID6,1066
3.87275e+06,20,ACK,14
3.87279e+06,15,CTL,20
3.87288e+06,18,RTS,20
3.87288e+06,11,RTS,20
3.87304e+06,18,RTS,20
3.87304e+06,11,RTS,20
3.87317e+06,11,RTS,20
3.87324e+06,20,CTS,14
3.8733e+06,11,QOSDATA_TID6,1066
3.87349e+06,20,ACK,14
3.87353e+06,11,QOSDATA_TID6,1066
3.87371e+06,20,ACK,14
3.87376e+06,11,CTL,20
3.87385e+06,13,RTS,20
3.87392e+06,20,CTS,14
3.87398e+06,13,QOSDATA_TID6,1066
3.87416e+06,20,ACK,14
3.87421e+06,13,CTL,20
3.8743e+06,8,RTS,20
3.87436e+06,20,CTS,14
3.87442e+06,8,QOSDATA_TID6,1066
3.87461e+06,20,ACK,14
3.87465e+06,8,CTL,20
3.87474e+06,7,RTS,20
3.87474e+06,9,RTS,20
3.87474e+06,0,RTS,20
3.87474e+06,18,RTS,20
3.87474e+06,14,RTS,20
3.87485e+06,19,RTS,20
3.87492e+06,20,CTS,14
3.87498e+06,19,QOSDATA_TID6,1066
3.87516e+06,20,ACK,14
3.87521e+06,19,QOSDATA_TID6,1066
3.87539e+06,20,ACK,14
3.87544e+06,19,QOSDATA_TID6,1066
3.87562e+06,20,ACK,14
3.87566e+06,19,QOSDATA_TID6,1066
3.87585e+06,20,ACK,14
3.87589e+06,19,CTL,20
3.87598e+06,7,RTS,20
3.87598e+06,18,RTS,20
3.87605e+06,20,CTS,14
3.87611e+06,7,QOSDATA_TID6,1066
3.87629e+06,20,ACK,14
3.87634e+06,7,CTL,20
3.87642e+06,5,RTS,20
3.87649e+06,20,CTS,14
3.87655e+06,5,QOSDATA_TID6,1066
3.87673e+06,20,ACK,14
3.87678e+06,5,CTL,20
3.87686e+06,17,RTS,20
3.87686e+06,4,RTS,20
3.87686e+06,10,RTS,20
3.87686e+06,15,RTS,20
3.87693e+06,20,CTS,14
3.87699e+06,17,QOSDATA_TID6,1066
3.87718e+06,20,ACK,14
3.87722e+06,17,CTL,20
3.87731e+06,1,RTS,20
3.87731e+06,16,RTS,20
3.87731e+06,6,RTS,20
3.87731e+06,10,RTS,20
3.87741e+06,12,RTS,20
3.87748e+06,20,CTS,14
3.87754e+06,12,QOSDATA_TID6,1066
3.87772e+06,20,ACK,14
3.87777e+06,12,CTL,20
3.87785e+06,6,RTS,20
3.87792e+06,20,CTS,14
3.87798e+06,6,QOSDATA_TID6,1066
3.87817e+06,20,ACK,14
3.87821e+06,6,CTL,20
3.8783e+06,15,RTS,20
3.8783e+06,2,RTS,20
3.8783e+06,9,RTS,20
3.8783e+06,16,RTS,20
3.87839e+06,10,RTS,20
3.87846e+06,20,CTS,14
3.87852e+06,10,QOSDATA_TID6,1066
3.87871e+06,20,ACK,14
3.87875e+06,10,CTL,20
3.87884e+06,15,RTS,20
3.8789e+06,20,CTS,14
3.87896e+06,15,QOSDATA_TID6,1066
3.87915e+06,20,ACK,14
3.87919e+06,15,CTL,20
3.87928e+06,0,RTS,20
3.87928e+06,11,RTS,20
3.87928e+06,3,RTS,20
3.87928e+06,9,RTS,20
3.87938e+06,18,RTS,20
3.87944e+06,20,CTS,14
3.8795e+06,18,QOSDATA_TID6,1066
3.87969e+06,20,ACK,14
3.87973e+06,18,QOSDATA_TID6,1066
3.87992e+06,20,ACK,14
3.87996e+06,18,CTL,20
3.88005e+06,8,RTS,20
3.88012e+06,20,CTS,14
3.88018e+06,8,QOSDATA_TID6,1066
3.88036e+06,20,ACK,14
3.8804e+06,8,CTL,20
3.88049e+06,2,RTS,20
3.88049e+06,14,RTS,20
3.88056e+06,20,CTS,14
3.88062e+06,2,QOSDATA_TID6,1066
3.8808e+06,20,ACK,14
3.88084e+06,2,CTL,20
3.88094e+06,1,RTS,20
3.88094e+06,4,RTS,20
3.88101e+06,20,CTS,14
3.88107e+06,1,QOSDATA_TID6,1066
3.88125e+06,20,ACK,14
3.8813e+06,1,CTL,20
3.8814e+06,11,RTS,20
3.8814e+06,0,CTS,14
3.8814e+06,14,RTS,20
3.88153e+06,11,RTS,20
3.8816e+06,20,CTS,14
3.88166e+06,11,QOSDATA_TID6,1066
3.88184e+06,20,ACK,14
3.88189e+06,11,CTL,20
3.88197e+06,16,RTS,20
3.88197e+06,7,RTS,20
3.88204e+06,20,CTS,14
3.8821e+06,7,QOSDATA_TID6,1066
3.88228e+06,20,ACK,14
3.88233e+06,7,CTL,20
3.88242e+06,16,RTS,20
3.88248e+06,20,CTS,14
3.88254e+06,16,QOSDATA_TID6,1066
3.88273e+06,20,ACK,14
3.88277e+06,16,QOSDATA_TID6,1066
3.88296e+06,20,ACK,14
3.883e+06,16,QOSDATA_TID6,1066
3.88318e+06,20,ACK,14
3.88323e+06,16,CTL,20
3.88331e+06,19,RTS,20
3.88331e+06,13,RTS,20
3.88341e+06,4,RTS,20
3.88348e+06,20,CTS,14
3.88354e+06,4,QOSDATA_TID6,1066
3.88372e+06,20,ACK,14
3.88377e+06,4,QOSDATA_TID6,1066
3.88395e+06,20,ACK,14
3.884e+06,4,CTL,20
3.88408e+06,12,RTS,20
3.88408e+06,17,RTS,20
3.88408e+06,6,RTS,20
3.88418e+06,3,RTS,20
3.88418e+06,13,RTS,20
3.88428e+06,11,RTS,20
3.88434e+06,20,CTS,14
3.8844e+06,11,QOSDATA_TID6,1066
3.88459e+06,20,ACK,14
3.88463e+06,11,CTL,20
3.88472e+06,15,RTS,20
3.88472e+06,10,RTS,20
3.88479e+06,20,CTS,14
3.88485e+06,15,QOSDATA_TID6,1066
3.88503e+06,20,ACK,14
3.88508e+06,15,CTL,20
3.88516e+06,6,RTS,20
3.88516e+06,4,RTS,20
3.88523e+06,20,CTS,14
3.88529e+06,6,QOSDATA_TID6,1066
3.88547e+06,20,ACK,14
3.88552e+06,6,CTL,20
3.88561e+06,5,RTS,20
3.88561e+06,17,RTS,20
3.88561e+06,1,RTS,20
3.88571e+06,9,RTS,20
3.88578e+06,20,CTS,14
3.88584e+06,9,QOSDATA_TID6,1066
3.88602e+06,20,ACK,14
3.88607e+06,9,QOSDATA_TID6,1066
3.88625e+06,20,ACK,14
3.88629e+06,9,QOSDATA_TID6,1066
3.88648e+06,20,ACK,14
3.88652e+06,9,CTL,20
3.88661e+06,2,RTS,20
3.88661e+06,10,RTS,20
3.88668e+06,20,CTS,14
3.88674e+06,2,QOSDATA_TID6,1066
3.88692e+06,20,ACK,14
3.88696e+06,2,CTL,20
3.88706e+06,3,RTS,20
3.88706e+06,18,RTS,20
3.88706e+06,14,RTS,20
3.88706e+06,13,RTS,20
3.88716e+06,8,RTS,20
3.88716e+06,1,RTS,20
3.88726e+06,17,RTS,20
3.88732e+06,20,CTS,14
3.88738e+06,17,QOSDATA_TID6,1066
3.88757e+06,20,ACK,14
3.88761e+06,17,CTL,20
3.8877e+06,8,RTS,20
3.8877e+06,19,RTS,20
3.88777e+06,20,CTS,14
3.88783e+06,8,QOSDATA_TID6,1066
3.88801e+06,20,ACK,14
3.88805e+06,8,CTL,20
3.88814e+06,4,RTS,20
3.88814e+06,18,RTS,20
3.88821e+06,20,CTS,14
3.88827e+06,18,QOSDATA_TID6,1066
3.88845e+06,20,ACK,14
3.8885e+06,18,CTL,20
3.88859e+06,10,RTS,20
3.88859e+06,19,RTS,20
3.88866e+06,20,CTS,14
3.88872e+06,19,QOSDATA_TID6,1066
3.8889e+06,20,ACK,14
3.88895e+06,19,CTL,20
3.88903e+06,14,RTS,20
3.8891e+06,20,CTS,14
3.88916e+06,14,QOSDATA_TID6,1066
3.88934e+06,20,ACK,14
3.88939e+06,14,QOSDATA_TID6,1066
3.88957e+06,20,ACK,14
3.88962e+06,14,QOSDATA_TID6,1066
3.8898e+06,20,ACK,14
3.88984e+06,14,CTL,20
3.88993e+06,0,RTS,20
3.88993e+06,7,RTS,20
3.88993e+06,3,RTS,20
3.89003e+06,1,RTS,20
3.8901e+06,20,CTS,14
3.89016e+06,1,QOSDATA_TID6,1066
3.89034e+06,20,ACK,14
3.89038e+06,1,CTL,20
3.89047e+06,5,RTS,20
3.89054e+06,20,CTS,14
3.8906e+06,5,QOSDATA_TID6,1066
3.89078e+06,20,ACK,14
3.89083e+06,5,CTL,20
3.89091e+06,12,RTS,20
3.89091e+06,3,RTS,20
3.89091e+06,16,RTS,20
3.89091e+06,9,RTS,20
3.89098e+06,20,CTS,14
3.89104e+06,12,QOSDATA_TID6,1066
3.89122e+06,20,ACK,14
3.89127e+06,12,QOSDATA_TID6,1066
3.89145e+06,20,ACK,14
3.8915e+06,12,CTL,20
3.89158e+06,16,RTS,20
3.89158e+06,13,RTS,20
3.89158e+06,0,RTS,20
3.89172e+06,0,RTS,20
3.89173e+06,7,RTS,20
3.89182e+06,9,RTS,20
3.89189e+06,20,CTS,14
3.89195e+06,9,QOSDATA_TID6,1066
3.89214e+06,20,ACK,14
3.89218e+06,9,CTL,20
3.89227e+06,3,RTS,20
3.89227e+06,7,RTS,20
3.89233e+06,20,CTS,14
3.89239e+06,7,QOSDATA_TID6,1066
3.89258e+06,20,ACK,14
3.89262e+06,7,CTL,20
3.89271e+06,15,RTS,20
3.89271e+06,3,RTS,20
3.89282e+06,17,RTS,20
3.89288e+06,20,CTS,14
3.89294e+06,17,QOSDATA_TID6,1066
3.89313e+06,20,ACK,14
3.89317e+06,17,CTL,20
3.89326e+06,11,RTS,20
3.89332e+06,20,CTS,14
3.89338e+06,11,QOSDATA_TID6,1066
3.89357e+06,20,ACK,14
3.89361e+06,11,CTL,20
3.8937e+06,4,RTS,20
3.8937e+06,1,RTS,20
3.8937e+06,19,RTS,20
3.8937e+06,5,RTS,20
3.8937e+06,15,RTS,20
3.8937e+06,0,RTS,20
3.89381e+06,16,RTS,20
3.89381e+06,3,RTS,20
3.89392e+06,19,RTS,20
3.89392e+06,5,RTS,20
3.89392e+06,6,RTS,20
3.89392e+06,15,RTS,20
3.89399e+06,20,CTS,14
3.89405e+06,5,QOSDATA_TID6,1066
3.89423e+06,20,ACK,14
3.89428e+06,5,CTL,20
3.89437e+06,6,RTS,20
3.89437e+06,15,RTS,20
3.89448e+06,4,RTS,20
3.89455e+06,20,CTS,14
3.89461e+06,4,QOSDATA_TID6,1066
3.89479e+06,20,ACK,14
3.89484e+06,4,QOSDATA_TID6,1066
3.89502e+06,20,ACK,14
3.89506e+06,4,CTL,20
3.89515e+06,14,RTS,20
3.89522e+06,20,CTS,14
3.89528e+06,14,QOSDATA_TID6,1066
3.89546e+06,20,ACK,14
3.89551e+06,14,CTL,20
3.89559e+06,1,RTS,20
3.89559e+06,19,RTS,20
3.89559e+06,3,RTS,20
3.8957e+06,8,RTS,20
3.8957e+06,18,RTS,20
3.8957e+06,6,RTS,20
3.8957e+06,16,RTS,20
3.89581e+06,15,RTS,20
3.89588e+06,20,CTS,14
3.89594e+06,15,QOSDATA_TID6,1066
3.89612e+06,20,ACK,14
3.89616e+06,15,CTL,20
3.89625e+06,16,RTS,20
3.89632e+06,20,CTS,14
3.89638e+06,16,QOSDATA_TID6,1066
3.89656e+06,20,ACK,14
3.8966e+06,16,QOSDATA_TID6,1066
3.89679e+06,20,ACK,14
3.89683e+06,16,CTL,20
3.89692e+06,13,RTS,20
3.89692e+06,2,RTS,20
3.89706e+06,13,RTS,20
3.89713e+06,20,CTS,14
3.89719e+06,13,QOSDATA_TID6,1066
3.89737e+06,20,ACK,14
3.89742e+06,13,QOSDATA_TID6,1066
3.8976e+06,20,ACK,14
3.89764e+06,13,QOSDATA_TID6,1066
3.89783e+06,20,ACK,14
3.89787e+06,13,CTL,20
3.89796e+06,9,RTS,20
3.89802e+06,20,CTS,14
3.89808e+06,9,QOSDATA_TID6,1066
3.89827e+06,20,ACK,14
3.89831e+06,9,CTL,20
3.8984e+06,10,RTS,20
3.8984e+06,18,RTS,20
3.8984e+06,12,RTS,20
3.89847e+06,20,CTS,14
3.89853e+06,12,QOSDATA_TID6,1066
3.89871e+06,20,ACK,14
3.89876e+06,12,CTL,20
3.89884e+06,3,RTS,20
3.89891e+06,20,CTS,14
3.89897e+06,3,QOSDATA_TID6,1066
3.89915e+06,20,ACK,14
3.8992e+06,3,QOSDATA_TID6,1066
3.89938e+06,20,ACK,14
3.89942e+06,3,QOSDATA_TID6,1066
3.89961e+06,20,ACK,14
3.89965e+06,3,QOSDATA_TID6,1066
3.89984e+06,20,ACK,14
3.89988e+06,3,CTL,20
3.89997e+06,2,RTS,20
3.89997e+06,1,RTS,20
3.89997e+06,17,RTS,20
3.89997e+06,7,RTS,20
3.90007e+06,11,RTS,20
3.90014e+06,20,CTS,14
3.9002e+06,11,QOSDATA_TID6,1066
3.90039e+06,20,ACK,14
3.90043e+06,11,CTL,20
3.90052e+06,2,RTS,20
3.90052e+06,0,RTS,20
3.90062e+06,18,RTS,20
3.90069e+06,20,CTS,14
3.90075e+06,18,QOSDATA_TID6,1066
3.90094e+06,20,ACK,14
3.90098e+06,18,CTL,20
3.90106e+06,2,RTS,20
3.90106e+06,0,RTS,20
3.90116e+06,4,RTS,20
3.90123e+06,20,CTS,14
3.90129e+06,4,QOSDATA_TID6,1066
3.90148e+06,20,ACK,14
3.90152e+06,4,CTL,20
3.90161e+06,5,RTS,20
3.90161e+06,6,RTS,20
3.90161e+06,10,RTS,20
3.90168e+06,20,CTS,14
3.90174e+06,5,QOSDATA_TID6,1066
3.90193e+06,20,ACK,14
3.90197e+06,5,CTL,20
3.90207e+06,8,RTS,20
3.90207e+06,19,RTS,20
3.90207e+06,7,RTS,20
3.90217e+06,6,RTS,20
3.90224e+06,20,CTS,14
3.9023e+06,6,QOSDATA_TID6,1066
3.90248e+06,20,ACK,14
3.90253e+06,6,QOSDATA_TID6,1066
3.90271e+06,20,ACK,14
3.90276e+06,6,CTL,20
3.90284e+06,18,RTS,20
3.90284e+06,7,RTS,20
3.90284e+06,8,RTS,20
3.90284e+06,1,RTS,20
3.90296e+06,17,RTS,20
3.90296e+06,15,RTS,20
3.90303e+06,20,CTS,14
3.90309e+06,17,QOSDATA_TID6,1066
3.90327e+06,20,ACK,14
3.90332e+06,17,CTL,20
3.9034e+06,14,RTS,20
3.90347e+06,20,CTS,14
3.90353e+06,14,QOSDATA_TID6,1066
3.90371e+06,20,ACK,14
3.90376e+06,14,CTL,20
3.90385e+06,0,RTS,20
3.90385e+06,1,RTS,20
3.90396e+06,2,RTS,20
3.90403e+06,20,CTS,14
3.90409e+06,2,QOSDATA_TID6,1066
3.90427e+06,20,ACK,14
3.90432e+06,2,QOSDATA_TID6,1066
3.9045e+06,20,ACK,14
3.90454e+06,2,CTL,20
3.90463e+06,1,RTS,20
3.9047e+06,20,CTS,14
3.90476e+06,1,QOSDATA_TID6,1066
3.90494e+06,20,ACK,14
3.90498e+06,1,QOSDATA_TID6,1066
3.90517e+06,20,ACK,14
3.90521e+06,1,CTL,20
3.90531e+06,16,RTS,20
3.90531e+06,0,RTS,20
3.90531e+06,10,RTS,20
3.90545e+06,16,RTS,20
3.90552e+06,20,CTS,14
3.90558e+06,16,QOSDATA_TID6,1066
3.90576e+06,20,ACK,14
3.9058e+06,16,CTL,20
3.90589e+06,0,RTS,20
3.90589e+06,10,RTS,20
3.90596e+06,20,CTS,14
3.90602e+06,0,QOSDATA_TID6,1066
3.9062e+06,20,ACK,14
3.90625e+06,0,QOSDATA_TID6,1066
3.90643e+06,20,ACK,14
3.90647e+06,0,QOSDATA_TID6,1066
3.90666e+06,20,ACK,14
3.9067e+06,0,QOSDATA_TID6,1066
3.90689e+06,20,ACK,14
3.90693e+06,0,CTL,20
3.90701e+06,20,BEACON,152
3.90727e+06,11,RTS,20
3.90734e+06,20,CTS,14
3.9074e+06,11,QOSDATA_TID6,1066
3.90758e+06,20,ACK,14
3.90762e+06,11,CTL,20
3.90771e+06,1,RTS,20
3.90771e+06,13,RTS,20
3.90771e+06,3,RTS,20
3.90771e+06,6,RTS,20
3.90782e+06,18,RTS,20
3.90789e+06,20,CTS,14
3.90795e+06,18,QOSDATA_TID6,1066
3.90813e+06,20,ACK,14
3.90817e+06,18,CTL,20
3.90826e+06,15,RTS,20
3.90826e+06,7,RTS,20
3.90836e+06,10,RTS,20
3.90836e+06,9,RTS,20
3.90846e+06,7,RTS,20
3.90847e+06,12,RTS,20
3.90847e+06,17,RTS,20
3.90858e+06,9,RTS,20
3.90865e+06,20,CTS,14
3.90871e+06,9,QOSDATA_TID6,1066
3.9089e+06,20,ACK,14
3.90894e+06,9,CTL,20
3.90903e+06,10,RTS,20
3.90903e+06,17,RTS,20
3.90903e+06,4,RTS,20
3.90903e+06,13,RTS,20
3.9091e+06,20,CTS,14
3.90916e+06,17,QOSDATA_TID6,1066
3.90934e+06,20,ACK,14
3.90938e+06,17,CTL,20
3.90948e+06,12,RTS,20
3.90955e+06,20,CTS,14
3.90961e+06,12,QOSDATA_TID6,1066
3.90979e+06,20,ACK,14
3.90983e+06,12,CTL,20
3.90992e+06,5,RTS,20
3.90992e+06,4,RTS,20
3.90992e+06,15,RTS,20
3.90992e+06,6,RTS,20
3.90992e+06,3,RTS,20
3.90999e+06,20,CTS,14
3.91005e+06,5,QOSDATA_TID6,1066
3.91023e+06,20,ACK,14
3.91028e+06,5,CTL,20
3.91036e+06,15,RTS,20
3.91043e+06,20,CTS,14
3.91049e+06,15,QOSDATA_TID6,1066
3.91067e+06,20,ACK,14
3.91072e+06,15,QOSDATA_TID6,1066
3.9109e+06,20,ACK,14
3.91095e+06,15,CTL,20
3.91103e+06,8,RTS,20
3.91103e+06,18,RTS,20
3.91103e+06,1,RTS,20
3.91103e+06,2,RTS,20
3.91103e+06,19,RTS,20
3.91103e+06,10,RTS,20
3.91113e+06,14,RTS,20
3.9112e+06,20,CTS,14
3.91126e+06,14,QOSDATA_TID6,1066
3.91144e+06,20,ACK,14
3.91149e+06,14,CTL,20
3.91157e+06,7,RTS,20
3.91157e+06,10,RTS,20
3.91157e+06,19,RTS,20
3.91157e+06,4,RTS,20
3.91168e+06,3,RTS,20
3.91175e+06,20,CTS,14
3.91181e+06,3,QOSDATA_TID6,1066
3.91199e+06,20,ACK,14
3.91204e+06,3,CTL,20
3.91212e+06,19,RTS,20
3.91219e+06,20,CTS,14
3.91225e+06,19,QOSDATA_TID6,1066
3.91243e+06,20,ACK,14
3.91248e+06,19,QOSDATA_TID6,1066
3.91266e+06,20,ACK,14
3.91271e+06,19,QOSDATA_TID6,1066
3.91289e+06,20,ACK,14
3.91293e+06,19,CTL,20
3.91302e+06,16,RTS,20
3.91302e+06,6,RTS,20
3.91302e+06,13,RTS,20
3.91314e+06,2,RTS,20
3.91321e+06,20,CTS,14
3.91327e+06,2,QOSDATA_TID6,1066
3.91346e+06,20,ACK,14
3.9135e+06,2,CTL,20
3.9136e+06,0,RTS,20
3.9136e+06,8,RTS,20
3.9136e+06,7,RTS,20
3.91371e+06,4,RTS,20
3.91378e+06,20,CTS,14
3.91384e+06,4,QOSDATA_TID6,1066
3.91402e+06,20,ACK,14
3.91407e+06,4,CTL,20
3.91415e+06,9,RTS,20
3.91422e+06,20,CTS,14
3.91428e+06,9,QOSDATA_TID6,1066
3.91447e+06,20,ACK,14
3.91451e+06,9,CTL,20
3.9146e+06,18,RTS,20
3.9146e+06,12,RTS,20
3.9146e+06,16,RTS,20
3.91467e+06,20,CTS,14
3.91473e+06,12,QOSDATA_TID6,1066
3.91492e+06,20,ACK,14
3.91496e+06,12,CTL,20
3.91506e+06,1,RTS,20
3.91506e+06,11,RTS,20
3.91506e+06,3,RTS,20
3.91517e+06,0,RTS,20
3.91517e+06,6,RTS,20
3.91517e+06,7,RTS,20
3.91517e+06,13,RTS,20
3.91529e+06,19,RTS,20
3.91536e+06,20,CTS,14
3.91542e+06,19,QOSDATA_TID6,1066
3.9156e+06,20,ACK,14
3.91564e+06,19,CTL,20
3.91573e+06,7,RTS,20
3.91573e+06,0,CTS,14
3.91582e+06,0,RTS,20
3.91589e+06,20,CTS,14
3.91595e+06,0,QOSDATA_TID6,1066
3.91614e+06,20,ACK,14
3.91618e+06,0,CTL,20
3.91627e+06,1,RTS,20
3.91634e+06,20,CTS,14
3.9164e+06,1,QOSDATA_TID6,1066
3.91658e+06,20,ACK,14
3.91662e+06,1,QOSDATA_TID6,1066
3.91681e+06,20,ACK,14
3.91685e+06,1,CTL,20
3.91694e+06,8,RTS,20
3.91694e+06,17,RTS,20
3.91694e+06,18,RTS,20
3.91704e+06,3,RTS,20
3.91704e+06,5,RTS,20
3.91704e+06,4,RTS,20
3.91711e+06,20,CTS,14
3.91717e+06,5,QOSDATA_TID6,1066
3.91736e+06,20,ACK,14
3.9174e+06,5,CTL,20
3.91749e+06,8,RTS,20
3.91749e+06,4,RTS,20
3.91749e+06,15,RTS,20
3.91755e+06,20,CTS,14
3.91761e+06,8,QOSDATA_TID6,1066
3.9178e+06,20,ACK,14
3.91784e+06,8,QOSDATA_TID6,1066
3.91803e+06,20,ACK,14
3.91807e+06,8,QOSDATA_TID6,1066
3.91825e+06,20,ACK,14
3.9183e+06,8,CTL,20
3.91838e+06,10,RTS,20
3.91845e+06,20,CTS,14
3.91851e+06,10,QOSDATA_TID6,1066
3.9187e+06,20,ACK,14
3.91874e+06,10,QOSDATA_TID6,1066
3.91892e+06,20,ACK,14
3.91897e+06,10,QOSDATA_TID6,1066
3.91915e+06,20,ACK,14
3.9192e+06,10,QOSDATA_TID6,1066
3.91938e+06,20,ACK,14
3.91942e+06,10,CTL,20
3.91951e+06,6,RTS,20
3.91951e+06,7,RTS,20
3.91961e+06,15,RTS,20
3.91968e+06,20,CTS,14
3.91974e+06,15,QOSDATA_TID6,1066
3.91992e+06,20,ACK,14
3.91996e+06,15,CTL,20
3.92006e+06,14,RTS,20
3.92006e+06,8,RTS,20
3.92013e+06,20,CTS,14
3.92019e+06,8,QOSDATA_TID6,1066
3.92037e+06,20,ACK,14
3.92042e+06,8,CTL,20
3.9205e+06,14,RTS,20
3.92057e+06,20,CTS,14
3.92063e+06,14,QOSDATA_TID6,1066
3.92081e+06,20,ACK,14
3.92086e+06,14,CTL,20
3.92094e+06,13,RTS,20
3.92101e+06,20,CTS,14
3.92107e+06,13,QOSDATA_TID6,1066
3.92126e+06,20,ACK,14
3.9213e+06,13,QOSDATA_TID6,1066
3.92148e+06,20,ACK,14
3.92153e+06,13,CTL,20
3.92161e+06,4,RTS,20
3.92161e+06,6,RTS,20
3.92161e+06,2,RTS,20
3.92172e+06,13,RTS,20
3.92179e+06,20,CTS,14
3.92185e+06,13,QOSDATA_TID6,1066
3.92203e+06,20,ACK,14
3.92208e+06,13,CTL,20
3.92216e+06,17,RTS,20
3.92223e+06,20,CTS,14
3.92229e+06,17,QOSDATA_TID6,1066
3.92248e+06,20,ACK,14
3.92252e+06,17,CTL,20
3.9226e+06,11,RTS,20
3.9226e+06,3,RTS,20
3.9226e+06,18,RTS,20
3.92273e+06,2,RTS,20
3.9228e+06,20,CTS,14
3.92286e+06,2,QOSDATA_TID6,1066
3.92304e+06,20,ACK,14
3.92309e+06,2,CTL,20
3.92317e+06,19,RTS,20
3.92317e+06,1,RTS,20
3.92327e+06,7,RTS,20
3.92327e+06,18,RTS,20
3.92334e+06,20,CTS,14
3.9234e+06,7,QOSDATA_TID6,1066
3.92358e+06,20,ACK,14
3.92363e+06,7,QOSDATA_TID6,1066
3.92381e+06,20,ACK,14
3.92385e+06,7,QOSDATA_TID6,1066
3.92404e+06,20,ACK,14
3.92408e+06,7,CTL,20
3.92417e+06,18,RTS,20
3.92424e+06,20,CTS,14
3.9243e+06,18,QOSDATA_TID6,1066
3.92448e+06,20,ACK,14
3.92452e+06,18,QOSDATA_TID6,1066
3.92471e+06,20,ACK,14
3.92475e+06,18,CTL,20
3.92484e+06,3,RTS,20
3.92484e+06,9,RTS,20
3.92484e+06,17,RTS,20
3.92484e+06,12,RTS,20
3.92484e+06,16,RTS,20
3.92494e+06,2,RTS,20
3.925e+06,20,CTS,14
3.92506e+06,2,QOSDATA_TID6,1066
3.92525e+06,20,ACK,14
3.92529e+06,2,CTL,20
3.92538e+06,0,RTS,20
3.92538e+06,6,RTS,20
3.92538e+06,15,RTS,20
3.92548e+06,10,RTS,20
3.92548e+06,3,RTS,20
3.92558e+06,5,RTS,20
3.92565e+06,20,CTS,14
3.92571e+06,5,QOSDATA_TID6,1066
3.9259e+06,20,ACK,14
3.92594e+06,5,CTL,20
3.92602e+06,17,RTS,20
3.92602e+06,3,RTS,20
3.92609e+06,20,CTS,14
3.92615e+06,17,QOSDATA_TID6,1066
3.92634e+06,20,ACK,14
3.92638e+06,17,CTL,20
3.92648e+06,1,RTS,20
3.92648e+06,11,RTS,20
3.92648e+06,4,RTS,20
3.92658e+06,9,RTS,20
3.92664e+06,20,CTS,14
3.9267e+06,9,QOSDATA_TID6,1066
3.92689e+06,20,ACK,14
3.92693e+06,9,CTL,20
3.92702e+06,10,RTS,20
3.92702e+06,18,RTS,20
3.92702e+06,0,RTS,20
3.92712e+06,3,RTS,20
3.92718e+06,20,CTS,14
3.92724e+06,3,QOSDATA_TID6,1066
3.92743e+06,20,ACK,14
3.92747e+06,3,QOSDATA_TID6,1066
3.92766e+06,20,ACK,14
3.9277e+06,3,CTL,20
3.92778e+06,8,RTS,20
3.92785e+06,20,CTS,14
3.92791e+06,8,QOSDATA_TID6,1066
3.9281e+06,20,ACK,14
3.92814e+06,8,CTL,20
3.92823e+06,12,RTS,20
3.92823e+06,16,RTS,20
3.92823e+06,10,RTS,20
3.9283e+06,20,CTS,14
3.92836e+06,12,QOSDATA_TID6,1066
3.92854e+06,20,ACK,14
3.92858e+06,12,CTL,20
3.92867e+06,15,RTS,20
3.92874e+06,20,CTS,14
3.9288e+06,15,QOSDATA_TID6,1066
3.92898e+06,20,ACK,14
3.92902e+06,15,CTL,20
3.92911e+06,14,RTS,20
3.92911e+06,10,RTS,20
3.92921e+06,11,RTS,20
3.92921e+06,4,RTS,20
3.92931e+06,14,RTS,20
3.92938e+06,20,CTS,14
3.92944e+06,14,QOSDATA_TID6,1066
3.92962e+06,20,ACK,14
3.92966e+06,14,CTL,20
3.92975e+06,6,RTS,20
3.92975e+06,13,RTS,20
3.92975e+06,9,RTS,20
3.92986e+06,19,RTS,20
3.92986e+06,1,RTS,20
3.92986e+06,11,RTS,20
3.92986e+06,16,RTS,20
3.92995e+06,10,RTS,20
3.93002e+06,20,CTS,14
3.93008e+06,10,QOSDATA_TID6,1066
3.93027e+06,20,ACK,14
3.93031e+06,10,CTL,20
3.9304e+06,0,CTS,14
3.9304e+06,1,RTS,20
3.9304e+06,12,RTS,20
3.9305e+06,0,RTS,20
3.93057e+06,20,CTS,14
3.93063e+06,0,QOSDATA_TID6,1066
3.93081e+06,20,ACK,14
3.93086e+06,0,QOSDATA_TID6,1066
3.93104e+06,20,ACK,14
3.93108e+06,0,CTL,20
3.93117e+06,3,RTS,20
3.93117e+06,7,RTS,20
3.93117e+06,13,RTS,20
3.93124e+06,20,CTS,14
3.9313e+06,7,QOSDATA_TID6,1066
3.93148e+06,20,ACK,14
3.93153e+06,7,CTL,20
3.93161e+06,3,RTS,20
3.93168e+06,20,CTS,14
3.93174e+06,3,QOSDATA_TID6,1066
3.93192e+06,20,ACK,14
3.93197e+06,3,CTL,20
3.93205e+06,9,RTS,20
3.93205e+06,6,RTS,20
3.93212e+06,20,CTS,14
3.93218e+06,6,QOSDATA_TID6,1066
3.93237e+06,20,ACK,14
3.93241e+06,6,QOSDATA_TID6,1066
3.93259e+06,20,ACK,14
3.93264e+06,6,QOSDATA_TID6,1066
3.93282e+06,20,ACK,14
3.93287e+06,6,CTL,20
3.93295e+06,15,RTS,20
3.93295e+06,10,RTS,20
3.93295e+06,5,RTS,20
3.93295e+06,16,RTS,20
3.93295e+06,4,RTS,20
3.93302e+06,20,CTS,14
3.93308e+06,5,QOSDATA_TID6,1066
3.93326e+06,20,ACK,14
3.93331e+06,5,CTL,20
3.93339e+06,2,RTS,20
3.93346e+06,20,CTS,14
3.93352e+06,2,QOSDATA_TID6,1066
3.93371e+06,20,ACK,14
3.93375e+06,2,CTL,20
3.93384e+06,18,RTS,20
3.93384e+06,17,RTS,20
3.93384e+06,1,RTS,20
3.93394e+06,11,RTS,20
3.93401e+06,20,CTS,14
3.93407e+06,11,QOSDATA_TID6,1066
3.93426e+06,20,ACK,14
3.9343e+06,11,QOSDATA_TID6,1066
3.93448e+06,20,ACK,14
3.93453e+06,11,QOSDATA_TID6,1066
3.93471e+06,20,ACK,14
3.93476e+06,11,CTL,20
3.93484e+06,4,RTS,20
3.93484e+06,12,RTS,20
3.93484e+06,9,RTS,20
3.93491e+06,20,CTS,14
3.93497e+06,12,QOSDATA_TID6,1066
3.93515e+06,20,ACK,14
3.9352e+06,12,CTL,20
3.93528e+06,19,RTS,20
3.93528e+06,13,RTS,20
3.93544e+06,4,RTS,20
3.9355e+06,20,CTS,14
3.93556e+06,4,QOSDATA_TID6,1066
3.93575e+06,20,ACK,14
3.93579e+06,4,QOSDATA_TID6,1066
3.93598e+06,20,ACK,14
3.93602e+06,4,CTL,20
3.93611e+06,13,RTS,20
3.93617e+06,20,CTS,14
3.93623e+06,13,QOSDATA_TID6,1066
3.93642e+06,20,ACK,14
3.93646e+06,13,CTL,20
3.93656e+06,14,RTS,20
3.93656e+06,8,RTS,20
3.93656e+06,16,RTS,20
3.93656e+06,19,RTS,20
3.93656e+06,10,RTS,20
3.93666e+06,1,RTS,20
3.93672e+06,20,CTS,14
3.93678e+06,1,QOSDATA_TID6,1066
3.93697e+06,20,ACK,14
3.93701e+06,1,QOSDATA_TID6,1066
3.9372e+06,20,ACK,14
3.93724e+06,1,CTL,20
3.93733e+06,19,RTS,20
3.93733e+06,9,RTS,20
3.9374e+06,20,CTS,14
3.93746e+06,19,QOSDATA_TID6,1066
3.93765e+06,20,ACK,14
3.93769e+06,19,QOSDATA_TID6,1066
3.93787e+06,20,ACK,14
3.93792e+06,19,CTL,20
3.93801e+06,13,RTS,20
3.93801e+06,15,RTS,20
3.93811e+06,17,RTS,20
3.93818e+06,20,CTS,14
3.93824e+06,17,QOSDATA_TID6,1066
3.93842e+06,20,ACK,14
3.93847e+06,17,CTL,20
3.93855e+06,8,RTS,20
3.93855e+06,9,RTS,20
3.93855e+06,10,RTS,20
3.93862e+06,20,CTS,14
3.93868e+06,8,QOSDATA_TID6,1066
3.93886e+06,20,ACK,14
3.93891e+06,8,CTL,20
3.939e+06,19,RTS,20
3.939e+06,16,RTS,20
3.93907e+06,20,CTS,14
3.93913e+06,19,QOSDATA_TID6,1066
3.93932e+06,20,ACK,14
3.93936e+06,19,CTL,20
3.93945e+06,1,RTS,20
3.93945e+06,6,RTS,20
3.93945e+06,15,RTS,20
3.93955e+06,7,RTS,20
3.93962e+06,20,CTS,14
3.93968e+06,7,QOSDATA_TID6,1066
3.93986e+06,20,ACK,14
3.93991e+06,7,CTL,20
3.94e+06,15,RTS,20
3.94e+06,3,RTS,20
3.94011e+06,12,RTS,20
3.94018e+06,20,CTS,14
3.94024e+06,12,QOSDATA_TID6,1066
3.94042e+06,20,ACK,14
3.94047e+06,12,CTL,20
3.94055e+06,17,RTS,20
3.94055e+06,5,RTS,20
3.94055e+06,11,RTS,20
3.94055e+06,16,RTS,20
3.94065e+06,2,RTS,20
3.94065e+06,3,RTS,20
3.94065e+06,0,RTS,20
3.94076e+06,1,RTS,20
3.94076e+06,13,RTS,20
3.94083e+06,20,CTS,14
3.94089e+06,1,QOSDATA_TID6,1066
3.94107e+06,20,ACK,14
3.94111e+06,1,CTL,20
3.94121e+06,4,RTS,20
3.94121e+06,3,RTS,20
3.94121e+06,9,RTS,20
3.94121e+06,14,RTS,20
3.94132e+06,18,RTS,20
3.94138e+06,20,CTS,14
3.94144e+06,18,QOSDATA_TID6,1066
3.94163e+06,20,ACK,14
3.94167e+06,18,QOSDATA_TID6,1066
3.94186e+06,20,ACK,14
3.9419e+06,18,CTL,20
3.94199e+06,10,RTS,20
3.94199e+06,0,RTS,20
3.94205e+06,20,CTS,14
3.94211e+06,0,QOSDATA_TID6,1066
3.9423e+06,20,ACK,14
3.94234e+06,0,CTL,20
3.94244e+06,18,RTS,20
3.94244e+06,2,RTS,20
3.94244e+06,17,RTS,20
3.94255e+06,14,RTS,20
3.94262e+06,20,CTS,14
3.94268e+06,14,QOSDATA_TID6,1066
3.94287e+06,20,ACK,14
3.94291e+06,14,CTL,20
3.943e+06,2,RTS,20
3.94306e+06,20,CTS,14
3.94312e+06,2,QOSDATA_TID6,1066
3.94331e+06,20,ACK,14
3.94335e+06,2,CTL,20
3.94344e+06,8,RTS,20
3.94344e+06,15,RTS,20
3.94351e+06,20,CTS,14
3.94357e+06,8,QOSDATA_TID6,1066
3.94375e+06,20,ACK,14
3.94379e+06,8,CTL,20
3.94389e+06,5,RTS,20
3.94389e+06,3,RTS,20
3.94389e+06,13,RTS,20
3.94396e+06,20,CTS,14
3.94402e+06,5,QOSDATA_TID6,1066
3.9442e+06,20,ACK,14
3.94424e+06,5,CTL,20
3.94434e+06,6,RTS,20
3.94441e+06,20,CTS,14
3.94447e+06,6,QOSDATA_TID6,1066
3.94465e+06,20,ACK,14
3.9447e+06,6,CTL,20
3.94478e+06,14,RTS,20
3.94478e+06,17,RTS,20
3.94478e+06,11,RTS,20
3.94478e+06,16,RTS,20
3.94485e+06,20,CTS,14
3.94491e+06,17,QOSDATA_TID6,1066
3.94509e+06,20,ACK,14
3.94514e+06,17,CTL,20
3.94522e+06,4,RTS,20
3.94529e+06,20,CTS,14
3.94535e+06,4,QOSDATA_TID6,1066
3.94554e+06,20,ACK,14
3.94558e+06,4,CTL,20
3.94567e+06,11,RTS,20
3.94567e+06,13,RTS,20
3.94567e+06,0,RTS,20
3.94567e+06,9,RTS,20
3.94578e+06,10,RTS,20
3.94578e+06,7,RTS,20
3.94578e+06,15,RTS,20
3.94589e+06,0,RTS,20
3.94589e+06,13,RTS,20
3.94596e+06,20,CTS,14
3.94602e+06,0,QOSDATA_TID6,1066
3.9462e+06,20,ACK,14
3.94624e+06,0,CTL,20
3.94633e+06,11,RTS,20
3.9464e+06,20,CTS,14
3.94646e+06,11,QOSDATA_TID6,1066
3.94664e+06,20,ACK,14
3.94669e+06,11,CTL,20
3.94677e+06,13,RTS,20
3.94677e+06,18,RTS,20
3.9469e+06,14,RTS,20
3.94697e+06,20,CTS,14
3.94703e+06,14,QOSDATA_TID6,1066
3.94721e+06,20,ACK,14
3.94725e+06,14,CTL,20
3.94734e+06,17,RTS,20
3.94734e+06,11,RTS,20
3.94741e+06,20,CTS,14
3.94747e+06,17,QOSDATA_TID6,1066
3.94765e+06,20,ACK,14
3.9477e+06,17,CTL,20
3.94779e+06,3,RTS,20
3.94779e+06,9,RTS,20
3.94779e+06,15,RTS,20
3.94789e+06,19,RTS,20
3.94789e+06,11,RTS,20
3.94789e+06,16,RTS,20
3.94799e+06,18,RTS,20
3.94806e+06,20,CTS,14
3.94812e+06,18,QOSDATA_TID6,1066
3.9483e+06,20,ACK,14
3.94834e+06,18,CTL,20
3.94843e+06,12,RTS,20
3.9485e+06,20,CTS,14
3.94856e+06,12,QOSDATA_TID6,1066
3.94874e+06,20,ACK,14
3.94878e+06,12,CTL,20
3.94887e+06,7,RTS,20
3.94887e+06,1,RTS,20
3.94887e+06,4,RTS,20
3.94887e+06,15,RTS,20
3.94887e+06,6,RTS,20
3.94887e+06,9,RTS,20
3.94898e+06,13,RTS,20
3.94905e+06,20,CTS,14
3.94911e+06,13,QOSDATA_TID6,1066
3.94929e+06,20,ACK,14
3.94933e+06,13,QOSDATA_TID6,1066
3.94952e+06,20,ACK,14
3.94956e+06,13,CTL,20
3.94965e+06,10,RTS,20
3.94972e+06,20,CTS,14
3.94978e+06,10,QOSDATA_TID6,1066
3.94996e+06,20,ACK,14
3.95e+06,10,QOSDATA_TID6,1066
3.95019e+06,20,ACK,14
3.95023e+06,10,QOSDATA_TID6,1066
3.95042e+06,20,ACK,14
3.95046e+06,10,CTL,20
3.95055e+06,18,RTS,20
3.95055e+06,2,RTS,20
3.95055e+06,5,RTS,20
3.95055e+06,1,RTS,20
3.95055e+06,11,RTS,20
3.95062e+06,20,CTS,14
3.95068e+06,5,QOSDATA_TID6,1066
3.95086e+06,20,ACK,14
3.9509e+06,5,CTL,20
3.951e+06,19,RTS,20
3.951e+06,16,RTS,20
3.951e+06,15,RTS,20
3.9511e+06,18,RTS,20
3.95116e+06,20,CTS,14
3.95122e+06,18,QOSDATA_TID6,1066
3.95141e+06,20,ACK,14
3.95145e+06,18,CTL,20
3.95156e+06,19,RTS,20
3.95162e+06,20,CTS,14
3.95168e+06,19,QOSDATA_TID6,1066
3.95187e+06,20,ACK,14
3.95191e+06,19,CTL,20
3.952e+06,8,RTS,20
3.952e+06,4,RTS,20
3.952e+06,14,RTS,20
3.95207e+06,20,CTS,14
3.95213e+06,8,QOSDATA_TID6,1066
3.95231e+06,20,ACK,14
3.95235e+06,8,CTL,20
3.95244e+06,7,RTS,20
3.95251e+06,20,CTS,14
3.95257e+06,7,QOSDATA_TID6,1066
3.95275e+06,20,ACK,14
3.9528e+06,7,CTL,20
3.95288e+06,16,RTS,20
3.95288e+06,6,RTS,20
3.95288e+06,3,RTS,20
3.95288e+06,9,RTS,20
3.95299e+06,2,RTS,20
3.95306e+06,20,CTS,14
3.95312e+06,2,QOSDATA_TID6,1066
3.9533e+06,20,ACK,14
3.95334e+06,2,CTL,20
3.95344e+06,0,RTS,20
3.95344e+06,15,RTS,20
3.95354e+06,1,RTS,20
3.95361e+06,20,CTS,14
3.95367e+06,1,QOSDATA_TID6,1066
3.95385e+06,20,ACK,14
3.95389e+06,1,CTL,20
3.95399e+06,4,RTS,20
3.95399e+06,15,RTS,20
3.95406e+06,20,CTS,14
3.95412e+06,15,QOSDATA_TID6,1066
3.9543e+06,20,ACK,14
3.95434e+06,15,QOSDATA_TID6,1066
3.95453e+06,20,ACK,14
3.95457e+06,15,CTL,20
3.95466e+06,7,RTS,20
3.95466e+06,4,RTS,20
3.95473e+06,20,CTS,14
3.95479e+06,7,QOSDATA_TID6,1066
3.95497e+06,20,ACK,14
3.95502e+06,7,CTL,20
3.9551e+06,19,RTS,20
3.9551e+06,3,RTS,20
3.95517e+06,20,CTS,14
3.95523e+06,19,QOSDATA_TID6,1066
3.95541e+06,20,ACK,14
3.95546e+06,19,CTL,20
3.95555e+06,1,RTS,20
3.95555e+06,17,RTS,20
3.95555e+06,12,RTS,20
3.95555e+06,9,RTS,20
3.95565e+06,11,RTS,20
3.95572e+06,20,CTS,14
3.95578e+06,11,QOSDATA_TID6,1066
3.95596e+06,20,ACK,14
3.95601e+06,11,QOSDATA_TID6,1066
3.95619e+06,20,ACK,14
3.95623e+06,11,CTL,20
3.95632e+06,16,RTS,20
3.95632e+06,5,RTS,20
3.95639e+06,20,CTS,14
3.95645e+06,5,QOSDATA_TID6,1066
3.95663e+06,20,ACK,14
3.95668e+06,5,CTL,20
3.95676e+06,16,RTS,20
3.95676e+06,13,RTS,20
3.95687e+06,2,RTS,20
3.95694e+06,20,CTS,14
3.957e+06,2,QOSDATA_TID6,1066
3.95718e+06,20,ACK,14
3.95722e+06,2,CTL,20
3.95731e+06,10,RTS,20
3.95731e+06,13,RTS,20
3.95744e+06,1,RTS,20
3.9575e+06,20,CTS,14
3.95756e+06,1,QOSDATA_TID6,1066
3.95775e+06,20,ACK,14
3.95779e+06,1,CTL,20
3.95789e+06,15,RTS,20
3.95789e+06,14,RTS,20
3.95799e+06,17,RTS,20
3.95799e+06,9,RTS,20
3.95805e+06,20,CTS,14
3.95811e+06,17,QOSDATA_TID6,1066
3.9583e+06,20,ACK,14
3.95834e+06,17,CTL,20
3.95844e+06,6,RTS,20
3.9585e+06,20,CTS,14
3.95856e+06,6,QOSDATA_TID6,1066
3.95875e+06,20,ACK,14
3.95879e+06,6,QOSDATA_TID6,1066
3.95898e+06,20,ACK,14
3.95902e+06,6,CTL,20
3.95911e+06,18,RTS,20
3.95911e+06,12,RTS,20
3.95911e+06,3,RTS,20
3.95918e+06,20,CTS,14
3.95924e+06,12,QOSDATA_TID6,1066
3.95942e+06,20,ACK,14
3.95946e+06,12,CTL,20
3.95956e+06,8,RTS,20
3.95956e+06,4,RTS,20
3.95956e+06,15,RTS,20
3.95956e+06,0,RTS,20
3.95966e+06,3,RTS,20
3.95966e+06,9,RTS,20
3.95976e+06,0,CTS,14
3.95976e+06,4,RTS,20
3.95976e+06,15,RTS,20
3.95991e+06,0,RTS,20
3.95998e+06,20,CTS,14
3.96004e+06,0,QOSDATA_TID6,1066
3.96022e+06,20,ACK,14
3.96027e+06,0,CTL,20
3.96035e+06,13,RTS,20
3.96042e+06,20,CTS,14
3.96048e+06,13,QOSDATA_TID6,1066
3.96067e+06,20,ACK,14
3.96071e+06,13,CTL,20
3.9608e+06,16,RTS,20
3.96086e+06,20,CTS,14
3.96092e+06,16,QOSDATA_TID6,1066
3.96111e+06,20,ACK,14
3.96115e+06,16,QOSDATA_TID6,1066
3.96134e+06,20,ACK,14
3.96138e+06,16,QOSDATA_TID6,1066
3.96156e+06,20,ACK,14
3.96161e+06,16,QOSDATA_TID6,1066
3.96179e+06,20,ACK,14
3.96184e+06,16,QOSDATA_TID6,1066
3.96202e+06,20,ACK,14
3.96206e+06,16,CTL,20
3.96215e+06,8,RTS,20
3.96215e+06,3,RTS,20
3.96215e+06,0,RTS,20
3.96225e+06,13,RTS,20
3.96232e+06,20,CTS,14
3.96238e+06,13,QOSDATA_TID6,1066
3.96256e+06,20,ACK,14
3.9626e+06,13,CTL,20
3.96269e+06,12,RTS,20
3.96276e+06,20,CTS,14
3.96282e+06,12,QOSDATA_TID6,1066
3.963e+06,20,ACK,14
3.96305e+06,12,CTL,20
3.96313e+06,11,RTS,20
3.96313e+06,15,RTS,20
3.96313e+06,0,RTS,20
3.96313e+06,14,RTS,20
3.96313e+06,18,RTS,20
3.96323e+06,7,RTS,20
3.9633e+06,20,CTS,14
3.96336e+06,7,QOSDATA_TID6,1066
3.96354e+06,20,ACK,14
3.96359e+06,7,CTL,20
3.96367e+06,1,RTS,20
3.96367e+06,8,RTS,20
3.96367e+06,11,RTS,20
3.96377e+06,9,RTS,20
3.96377e+06,6,RTS,20
3.96377e+06,10,RTS,20
3.96387e+06,19,RTS,20
3.96394e+06,20,CTS,14
3.964e+06,19,QOSDATA_TID6,1066
3.96418e+06,20,ACK,14
3.96422e+06,19,CTL,20
3.96431e+06,17,RTS,20
3.96431e+06,5,RTS,20
3.96431e+06,4,RTS,20
3.96441e+06,8,RTS,20
3.96441e+06,3,RTS,20
3.96441e+06,14,RTS,20
3.96448e+06,20,CTS,14
3.96454e+06,8,QOSDATA_TID6,1066
3.96472e+06,20,ACK,14
3.96476e+06,8,CTL,20
3.96485e+06,5,RTS,20
3.96492e+06,20,CTS,14
3.96498e+06,5,QOSDATA_TID6,1066
3.96516e+06,20,ACK,14
3.96521e+06,5,CTL,20
3.96529e+06,18,RTS,20
3.96529e+06,10,RTS,20
3.96539e+06,2,RTS,20
3.96539e+06,14,RTS,20
3.96546e+06,20,CTS,14
3.96552e+06,2,QOSDATA_TID6,1066
3.9657e+06,20,ACK,14
3.96575e+06,2,CTL,20
3.96583e+06,10,RTS,20
3.9659e+06,20,CTS,14
3.96596e+06,10,QOSDATA_TID6,1066
3.96614e+06,20,ACK,14
3.96619e+06,10,QOSDATA_TID6,1066
3.96637e+06,20,ACK,14
3.96642e+06,10,CTL,20
3.9665e+06,14,RTS,20
3.9665e+06,15,RTS,20
3.9665e+06,4,RTS,20
3.96661e+06,9,RTS,20
3.96661e+06,0,CTS,14
3.96661e+06,18,RTS,20
3.96671e+06,0,RTS,20
3.96672e+06,1,RTS,20
3.96672e+06,11,RTS,20
3.96682e+06,9,RTS,20
3.96688e+06,20,CTS,14
3.96694e+06,9,QOSDATA_TID6,1066
3.96713e+06,20,ACK,14
3.96717e+06,9,QOSDATA_TID6,1066
3.96736e+06,20,ACK,14
3.9674e+06,9,QOSDATA_TID6,1066
3.96758e+06,20,ACK,14
3.96763e+06,9,CTL,20
3.96771e+06,17,RTS,20
3.96771e+06,4,RTS,20
3.96778e+06,20,CTS,14
3.96784e+06,17,QOSDATA_TID6,1066
3.96802e+06,20,ACK,14
3.96807e+06,17,CTL,20
3.96816e+06,4,RTS,20
3.96822e+06,20,CTS,14
3.96828e+06,4,QOSDATA_TID6,1066
3.96847e+06,20,ACK,14
3.96851e+06,4,QOSDATA_TID6,1066
3.9687e+06,20,ACK,14
3.96874e+06,4,CTL,20
3.96882e+06,16,RTS,20
3.96882e+06,8,RTS,20
3.96882e+06,15,RTS,20
3.96889e+06,20,CTS,14
3.96895e+06,8,QOSDATA_TID6,1066
3.96914e+06,20,ACK,14
3.96918e+06,8,CTL,20
3.96928e+06,3,RTS,20
3.96928e+06,15,RTS,20
3.96941e+06,11,RTS,20
3.96948e+06,20,CTS,14
3.96954e+06,11,QOSDATA_TID6,1066
3.96972e+06,20,ACK,14
3.96977e+06,11,CTL,20
3.96985e+06,16,RTS,20
3.96985e+06,3,RTS,20
3.96985e+06,15,RTS,20
3.96996e+06,7,RTS,20
3.97003e+06,20,CTS,14
3.97009e+06,7,QOSDATA_TID6,1066
3.97027e+06,20,ACK,14
3.97032e+06,7,CTL,20
3.9704e+06,12,RTS,20
3.97047e+06,20,CTS,14
3.97053e+06,12,QOSDATA_TID6,1066
3.97071e+06,20,ACK,14
3.97076e+06,12,CTL,20
3.97084e+06,16,RTS,20
3.97084e+06,15,RTS,20
3.97084e+06,0,RTS,20
3.97084e+06,9,RTS,20
3.97095e+06,19,RTS,20
3.97102e+06,20,CTS,14
3.97108e+06,19,QOSDATA_TID6,1066
3.97126e+06,20,ACK,14
3.97131e+06,19,CTL,20
3.9714e+06,17,RTS,20
3.9714e+06,3,RTS,20
3.9714e+06,6,RTS,20
3.9714e+06,13,RTS,20
3.9714e+06,15,RTS,20
3.97153e+06,3,RTS,20
3.97154e+06,18,RTS,20
3.97163e+06,17,RTS,20
3.9717e+06,20,CTS,14
3.97176e+06,17,QOSDATA_TID6,1066
3.97194e+06,20,ACK,14
3.97199e+06,17,CTL,20
3.97208e+06,11,RTS,20
3.97215e+06,20,CTS,14
3.97221e+06,11,QOSDATA_TID6,1066
3.9724e+06,20,ACK,14
3.97244e+06,11,CTL,20
3.97253e+06,16,RTS,20
3.97253e+06,1,RTS,20
3.97253e+06,6,RTS,20
3.97262e+06,2,RTS,20
3.97262e+06,10,RTS,20
3.97262e+06,13,RTS,20
3.97272e+06,16,RTS,20
3.97279e+06,20,CTS,14
3.97285e+06,16,QOSDATA_TID6,1066
3.97304e+06,20,ACK,14
3.97308e+06,16,CTL,20
3.97316e+06,18,RTS,20
3.97316e+06,14,RTS,20
3.97327e+06,6,RTS,20
3.97327e+06,1,RTS,20
3.97327e+06,4,RTS,20
3.97339e+06,2,RTS,20
3.97339e+06,9,RTS,20
3.97346e+06,20,CTS,14
3.97352e+06,2,QOSDATA_TID6,1066
3.9737e+06,20,ACK,14
3.97374e+06,2,CTL,20
3.97383e+06,6,RTS,20
3.9739e+06,20,CTS,14
3.97396e+06,6,QOSDATA_TID6,1066
3.97414e+06,20,ACK,14
3.97419e+06,6,QOSDATA_TID6,1066
3.97437e+06,20,ACK,14
3.97441e+06,6,CTL,20
3.9745e+06,14,RTS,20
3.97457e+06,20,CTS,14
3.97463e+06,14,QOSDATA_TID6,1066
3.97481e+06,20,ACK,14
3.97486e+06,14,QOSDATA_TID6,1066
3.97504e+06,20,ACK,14
3.97508e+06,14,CTL,20
3.97517e+06,13,RTS,20
3.97517e+06,8,RTS,20
3.97524e+06,20,CTS,14
3.9753e+06,8,QOSDATA_TID6,1066
3.97548e+06,20,ACK,14
3.97553e+06,8,CTL,20
3.97562e+06,5,RTS,20
3.97562e+06,13,RTS,20
3.97562e+06,15,RTS,20
3.97562e+06,14,RTS,20
3.97569e+06,20,CTS,14
3.97575e+06,5,QOSDATA_TID6,1066
3.97593e+06,20,ACK,14
3.97598e+06,5,CTL,20
3.97606e+06,13,RTS,20
3.97606e+06,14,RTS,20
3.97617e+06,1,RTS,20
3.97617e+06,3,RTS,20
3.97624e+06,20,CTS,14
3.9763e+06,1,QOSDATA_TID6,1066
3.97648e+06,20,ACK,14
3.97653e+06,1,QOSDATA_TID6,1066
3.97671e+06,20,ACK,14
3.97675e+06,1,CTL,20
3.97684e+06,13,RTS,20
3.97691e+06,20,CTS,14
3.97697e+06,13,QOSDATA_TID6,1066
3.97715e+06,20,ACK,14
3.9772e+06,13,CTL,20
3.97728e+06,16,RTS,20
3.97728e+06,3,RTS,20
3.97728e+06,10,RTS,20
3.97739e+06,0,RTS,20
3.97746e+06,20,CTS,14
3.97752e+06,0,QOSDATA_TID6,1066
3.9777e+06,20,ACK,14
3.97774e+06,0,QOSDATA_TID6,1066
3.97793e+06,20,ACK,14
3.97797e+06,0,QOSDATA_TID6,1066
3.97816e+06,20,ACK,14
3.9782e+06,0,CTL,20
3.97829e+06,10,RTS,20
3.97829e+06,15,RTS,20
3.97836e+06,20,CTS,14
3.97842e+06,15,QOSDATA_TID6,1066
3.9786e+06,20,ACK,14
3.97864e+06,15,QOSDATA_TID6,1066
3.97883e+06,20,ACK,14
3.97887e+06,15,CTL,20
3.97896e+06,19,RTS,20
3.97896e+06,16,RTS,20
3.97896e+06,4,RTS,20
3.97906e+06,7,RTS,20
3.97906e+06,18,RTS,20
3.97912e+06,20,CTS,14
3.97918e+06,7,QOSDATA_TID6,1066
3.97937e+06,20,ACK,14
3.97941e+06,7,CTL,20
3.9795e+06,1,RTS,20
3.9795e+06,16,RTS,20
3.9795e+06,19,RTS,20
3.9795e+06,6,RTS,20
3.9796e+06,12,RTS,20
3.9796e+06,17,RTS,20
3.9796e+06,13,RTS,20
3.9797e+06,10,RTS,20
3.97977e+06,20,CTS,14
3.97983e+06,10,QOSDATA_TID6,1066
3.98001e+06,20,ACK,14
3.98006e+06,10,CTL,20
3.98014e+06,18,RTS,20
3.98014e+06,9,RTS,20
3.98014e+06,3,RTS,20
3.98014e+06,19,RTS,20
3.98014e+06,1,RTS,20
3.98014e+06,11,RTS,20
3.98014e+06,13,RTS,20
3.98026e+06,12,RTS,20
3.98026e+06,14,RTS,20
3.98033e+06,20,CTS,14
3.98039e+06,12,QOSDATA_TID6,1066
3.98057e+06,20,ACK,14
3.98062e+06,12,CTL,20
3.98071e+06,1,RTS,20
3.98071e+06,16,RTS,20
3.98071e+06,2,RTS,20
3.98081e+06,15,RTS,20
3.98088e+06,20,CTS,14
3.98094e+06,15,QOSDATA_TID6,1066
3.98112e+06,20,ACK,14
3.98117e+06,15,CTL,20
3.98126e+06,16,RTS,20
3.98133e+06,20,CTS,14
3.98139e+06,16,QOSDATA_TID6,1066
3.98157e+06,20,ACK,14
3.98162e+06,16,CTL,20
3.9817e+06,4,RTS,20
3.9817e+06,18,RTS,20
3.98177e+06,20,CTS,14
3.98183e+06,18,QOSDATA_TID6,1066
3.98202e+06,20,ACK,14
3.98206e+06,18,QOSDATA_TID6,1066
3.98224e+06,20,ACK,14
3.98229e+06,18,QOSDATA_TID6,1066
3.98247e+06,20,ACK,14
3.98252e+06,18,CTL,20
3.9826e+06,17,RTS,20
3.98267e+06,20,CTS,14
3.98273e+06,17,QOSDATA_TID6,1066
3.98291e+06,20,ACK,14
3.98296e+06,17,CTL,20
3.98304e+06,1,RTS,20
3.98304e+06,5,RTS,20
3.98304e+06,19,RTS,20
3.98304e+06,6,RTS,20
3.98304e+06,10,RTS,20
3.98304e+06,14,RTS,20
3.98314e+06,8,RTS,20
3.98314e+06,11,RTS,20
3.98321e+06,20,CTS,14
3.98327e+06,8,QOSDATA_TID6,1066
3.98345e+06,20,ACK,14
3.9835e+06,8,CTL,20
3.98359e+06,3,RTS,20
3.98366e+06,20,CTS,14
3.98372e+06,3,QOSDATA_TID6,1066
3.9839e+06,20,ACK,14
3.98395e+06,3,QOSDATA_TID6,1066
3.98413e+06,20,ACK,14
3.98418e+06,3,QOSDATA_TID6,1066
3.98436e+06,20,ACK,14
3.9844e+06,3,QOSDATA_TID6,1066
3.98459e+06,20,ACK,14
3.98463e+06,3,CTL,20
3.98472e+06,19,RTS,20
3.98472e+06,1,RTS,20
3.98472e+06,14,RTS,20
3.98482e+06,2,RTS,20
3.98482e+06,9,RTS,20
3.98482e+06,4,RTS,20
3.98492e+06,13,RTS,20
3.98499e+06,20,CTS,14
3.98505e+06,13,QOSDATA_TID6,1066
3.98524e+06,20,ACK,14
3.98528e+06,13,CTL,20
3.98536e+06,0,RTS,20
3.98536e+06,10,RTS,20
3.98543e+06,20,CTS,14
3.98549e+06,0,QOSDATA_TID6,1066
3.98568e+06,20,ACK,14
3.98572e+06,0,CTL,20
3.98581e+06,5,RTS,20
3.98581e+06,7,RTS,20
3.98581e+06,1,RTS,20
3.98581e+06,16,RTS,20
3.98588e+06,20,CTS,14
3.98594e+06,5,QOSDATA_TID6,1066
3.98612e+06,20,ACK,14
3.98616e+06,5,CTL,20
3.98625e+06,1,RTS,20
3.98632e+06,20,CTS,14
3.98638e+06,1,QOSDATA_TID6,1066
3.98656e+06,20,ACK,14
3.9866e+06,1,CTL,20
3.98669e+06,2,RTS,20
3.98669e+06,13,RTS,20
3.98669e+06,10,RTS,20
3.98669e+06,14,RTS,20
3.98679e+06,19,RTS,20
3.98686e+06,20,CTS,14
3.98692e+06,19,QOSDATA_TID6,1066
3.9871e+06,20,ACK,14
3.98714e+06,19,QOSDATA_TID6,1066
3.98733e+06,20,ACK,14
3.98737e+06,19,CTL,20
3.98746e+06,4,RTS,20
3.98746e+06,6,RTS,20
3.98753e+06,20,CTS,14
3.98759e+06,6,QOSDATA_TID6,1066
3.98777e+06,20,ACK,14
3.98782e+06,6,QOSDATA_TID6,1066
3.988e+06,20,ACK,14
3.98804e+06,6,CTL,20
3.98814e+06,10,RTS,20
3.98814e+06,17,RTS,20
3.98814e+06,3,RTS,20
3.98814e+06,1,RTS,20
3.98824e+06,12,RTS,20
3.9883e+06,20,CTS,14
3.98836e+06,12,QOSDATA_TID6,1066
3.98855e+06,20,ACK,14
3.98859e+06,12,CTL,20
3.98868e+06,15,RTS,20
3.98868e+06,3,RTS,20
3.98879e+06,11,RTS,20
3.98885e+06,20,CTS,14
3.98891e+06,11,QOSDATA_TID6,1066
3.9891e+06,20,ACK,14
3.98914e+06,11,QOSDATA_TID6,1066
3.98933e+06,20,ACK,14
3.98937e+06,11,CTL,20
3.98946e+06,5,RTS,20
3.98952e+06,20,CTS,14
3.98958e+06,5,QOSDATA_TID6,1066
3.98977e+06,20,ACK,14
3.98981e+06,5,CTL,20
3.9899e+06,1,RTS,20
3.9899e+06,7,RTS,20
3.9899e+06,4,RTS,20
3.9899e+06,13,RTS,20
3.99e+06,2,RTS,20
3.99e+06,9,RTS,20
3.99007e+06,20,CTS,14
3.99013e+06,2,QOSDATA_TID6,1066
3.99032e+06,20,ACK,14
3.99036e+06,2,QOSDATA_TID6,1066
3.99054e+06,20,ACK,14
3.99059e+06,2,CTL,20
3.99068e+06,8,RTS,20
3.99074e+06,20,CTS,14
3.9908e+06,8,QOSDATA_TID6,1066
3.99099e+06,20,ACK,14
3.99103e+06,8,CTL,20
3.99112e+06,16,RTS,20
3.99112e+06,10,RTS,20
3.99122e+06,14,RTS,20
3.99129e+06,20,CTS,14
3.99135e+06,14,QOSDATA_TID6,1066
3.99154e+06,20,ACK,14
3.99158e+06,14,QOSDATA_TID6,1066
3.99176e+06,20,ACK,14
3.99181e+06,14,QOSDATA_TID6,1066
3.99199e+06,20,ACK,14
3.99204e+06,14,CTL,20
3.99212e+06,15,RTS,20
3.99212e+06,10,RTS,20
3.99219e+06,20,CTS,14
3.99225e+06,15,QOSDATA_TID6,1066
3.99243e+06,20,ACK,14
3.99248e+06,15,CTL,20
3.99257e+06,1,RTS,20
3.99257e+06,4,RTS,20
3.99257e+06,3,RTS,20
3.99264e+06,20,CTS,14
3.9927e+06,1,QOSDATA_TID6,1066
3.99288e+06,20,ACK,14
3.99293e+06,1,CTL,20
3.99302e+06,4,RTS,20
3.99309e+06,20,CTS,14
3.99315e+06,4,QOSDATA_TID6,1066
3.99334e+06,20,ACK,14
3.99338e+06,4,QOSDATA_TID6,1066
3.99356e+06,20,ACK,14
3.99361e+06,4,CTL,20
3.99369e+06,7,RTS,20
3.99369e+06,17,RTS,20
3.99369e+06,18,RTS,20
3.99369e+06,10,RTS,20
3.9938e+06,3,RTS,20
3.9938e+06,16,RTS,20
3.99393e+06,3,RTS,20
3.994e+06,20,CTS,14
3.99406e+06,3,QOSDATA_TID6,1066
3.99424e+06,20,ACK,14
3.99429e+06,3,CTL,20
3.99437e+06,18,RTS,20
3.99437e+06,17,RTS,20
3.99444e+06,20,CTS,14
3.9945e+06,17,QOSDATA_TID6,1066
3.99469e+06,20,ACK,14
3.99473e+06,17,CTL,20
3.99482e+06,12,RTS,20
3.99482e+06,11,RTS,20
3.99482e+06,3,RTS,20
3.99482e+06,18,RTS,20
3.99488e+06,20,CTS,14
3.99494e+06,12,QOSDATA_TID6,1066
3.99513e+06,20,ACK,14
3.99517e+06,12,CTL,20
3.99526e+06,19,RTS,20
3.99526e+06,13,RTS,20
3.99526e+06,18,RTS,20
3.99537e+06,3,RTS,20
3.99537e+06,9,RTS,20
3.99548e+06,1,RTS,20
3.99555e+06,20,CTS,14
3.99561e+06,1,QOSDATA_TID6,1066
3.99579e+06,20,ACK,14
3.99584e+06,1,CTL,20
3.99592e+06,17,RTS,20
3.99592e+06,18,RTS,20
3.99599e+06,20,CTS,14
3.99605e+06,17,QOSDATA_TID6,1066
3.99624e+06,20,ACK,14
3.99628e+06,17,CTL,20
3.99637e+06,5,RTS,20
3.99637e+06,16,RTS,20
3.99637e+06,0,RTS,20
3.99637e+06,13,RTS,20
3.99637e+06,6,RTS,20
3.99637e+06,10,RTS,20
3.99644e+06,20,CTS,14
3.9965e+06,5,QOSDATA_TID6,1066
3.99669e+06,20,ACK,14
3.99673e+06,5,CTL,20
3.99682e+06,15,RTS,20
3.99688e+06,20,CTS,14
3.99694e+06,15,QOSDATA_TID6,1066
3.99713e+06,20,ACK,14
3.99717e+06,15,CTL,20
3.99726e+06,0,RTS,20
3.99733e+06,20,CTS,14
3.99739e+06,0,QOSDATA_TID6,1066
3.99757e+06,20,ACK,14
3.99762e+06,0,CTL,20
3.9977e+06,6,RTS,20
3.9977e+06,18,RTS,20
3.9977e+06,2,RTS,20
3.99781e+06,19,RTS,20
3.99781e+06,11,RTS,20
3.99781e+06,4,RTS,20
3.99791e+06,16,RTS,20
3.99797e+06,20,CTS,14
3.99803e+06,16,QOSDATA_TID6,1066
3.99822e+06,20,ACK,14
3.99826e+06,16,QOSDATA_TID6,1066
3.99845e+06,20,ACK,14
3.99849e+06,16,CTL,20
3.99858e+06,11,RTS,20
3.99858e+06,10,RTS,20
3.99873e+06,10,RTS,20
3.9988e+06,20,CTS,14
3.99886e+06,10,QOSDATA_TID6,1066
3.99905e+06,20,ACK,14
3.99909e+06,10,QOSDATA_TID6,1066
3.99927e+06,20,ACK,14
3.99932e+06,10,CTL,20
3.9994e+06,8,RTS,20
3.99947e+06,20,CTS,14
3.99953e+06,8,QOSDATA_TID6,1066
3.99972e+06,20,ACK,14
3.99976e+06,8,CTL,20
3.99985e+06,19,RTS,20
3.99985e+06,11,RTS,20
3.99985e+06,7,RTS,20
3.99985e+06,2,RTS,20
3.99985e+06,14,RTS,20
3.99997e+06,6,RTS,20
4.00004e+06,20,CTS,14
4.0001e+06,6,QOSDATA_TID6,1066
4.00028e+06,20,ACK,14
4.00033e+06,6,CTL,20
4.00041e+06,14,RTS,20
4.00048e+06,20,CTS,14
4.00054e+06,14,QOSDATA_TID6,1066
4.00072e+06,20,ACK,14
4.00077e+06,14,CTL,20
4.00086e+06,18,RTS,20
4.00086e+06,2,RTS,20
4.00086e+06,9,RTS,20
4.00096e+06,16,RTS,20
4.00096e+06,13,RTS,20
4.00106e+06,18,RTS,20
4.00113e+06,20,CTS,14
4.00119e+06,18,QOSDATA_TID6,1066
4.00137e+06,20,ACK,14
4.00142e+06,18,CTL,20
4.0015e+06,0,RTS,20
4.00157e+06,20,CTS,14
4.00163e+06,0,QOSDATA_TID6,1066
4.00181e+06,20,ACK,14
4.00186e+06,0,CTL,20
4.00194e+06,2,RTS,20
4.00194e+06,3,RTS,20
4.00201e+06,20,CTS,14
4.00207e+06,2,QOSDATA_TID6,1066
4.00226e+06,20,ACK,14
4.0023e+06,2,CTL,20
4.00239e+06,12,RTS,20
4.00239e+06,4,RTS,20
4.00245e+06,20,CTS,14
4.00251e+06,12,QOSDATA_TID6,1066
4.0027e+06,20,ACK,14
4.00274e+06,12,CTL,20
4.00283e+06,4,RTS,20
4.0029e+06,20,CTS,14
4.00296e+06,4,QOSDATA_TID6,1066
4.00314e+06,20,ACK,14
4.00318e+06,4,CTL,20
4.00327e+06,16,RTS,20
4.00327e+06,1,RTS,20
4.00327e+06,6,RTS,20
4.00338e+06,7,RTS,20
4.00344e+06,20,CTS,14
4.0035e+06,7,QOSDATA_TID6,1066
4.00369e+06,20,ACK,14
4.00373e+06,7,QOSDATA_TID6,1066
4.00392e+06,20,ACK,14
4.00396e+06,7,QOSDATA_TID6,1066
4.00414e+06,20,ACK,14
4.00419e+06,7,CTL,20
4.00428e+06,17,RTS,20
4.00434e+06,20,CTS,14
4.0044e+06,17,QOSDATA_TID6,1066
4.00459e+06,20,ACK,14
4.00463e+06,17,CTL,20
4.00472e+06,11,RTS,20
4.00472e+06,16,RTS,20
4.00472e+06,9,RTS,20
4.00472e+06,13,RTS,20
4.00472e+06,15,RTS,20
4.00472e+06,10,RTS,20
4.00482e+06,5,RTS,20
4.00482e+06,19,RTS,20
4.00482e+06,2,RTS,20
4.00488e+06,20,CTS,14
4.00494e+06,5,QOSDATA_TID6,1066
4.00513e+06,20,ACK,14
4.00517e+06,5,CTL,20
4.00526e+06,19,RTS,20
4.00533e+06,20,CTS,14
4.00539e+06,19,QOSDATA_TID6,1066
4.00557e+06,20,ACK,14
4.00561e+06,19,QOSDATA_TID6,1066
4.0058e+06,20,ACK,14
4.00584e+06,19,CTL,20
4.00593e+06,1,RTS,20
4.00593e+06,3,RTS,20
4.00593e+06,4,RTS,20
4.00593e+06,10,RTS,20
4.00604e+06,2,RTS,20
4.00604e+06,11,RTS,20
4.00615e+06,15,RTS,20
4.00622e+06,20,CTS,14
4.00628e+06,15,QOSDATA_TID6,1066
4.00646e+06,20,ACK,14
4.00651e+06,15,CTL,20
4.00659e+06,3,RTS,20
4.00666e+06,20,CTS,14
4.00672e+06,3,QOSDATA_TID6,1066
4.0069e+06,20,ACK,14
4.00695e+06,3,QOSDATA_TID6,1066
4.00713e+06,20,ACK,14
4.00718e+06,3,CTL,20
4.00727e+06,9,RTS,20
4.00727e+06,8,RTS,20
4.00727e+06,16,RTS,20
4.00727e+06,4,RTS,20
4.00734e+06,20,CTS,14
4.0074e+06,8,QOSDATA_TID6,1066
4.00758e+06,20,ACK,14
4.00763e+06,8,CTL,20
4.00771e+06,9,RTS,20
4.00771e+06,18,RTS,20
4.00778e+06,20,CTS,14
4.00784e+06,18,QOSDATA_TID6,1066
4.00803e+06,20,ACK,14
4.00807e+06,18,CTL,20
4.00816e+06,1,RTS,20
4.00823e+06,20,CTS,14
4.00829e+06,1,QOSDATA_TID6,1066
4.00848e+06,20,ACK,14
4.00852e+06,1,CTL,20
4.00861e+06,16,RTS,20
4.00861e+06,2,RTS,20
4.00861e+06,13,RTS,20
4.0087e+06,6,RTS,20
4.00877e+06,20,CTS,14
4.00883e+06,6,QOSDATA_TID6,1066
4.00902e+06,20,ACK,14
4.00906e+06,6,CTL,20
4.00915e+06,14,RTS,20
4.00915e+06,16,RTS,20
4.00924e+06,13,RTS,20
4.00924e+06,10,RTS,20
4.00938e+06,20,BEACON,152
4.00965e+06,13,RTS,20
4.00972e+06,20,CTS,14
4.00978e+06,13,QOSDATA_TID6,1066
4.00996e+06,20,ACK,14
4.01e+06,13,QOSDATA_TID6,1066
4.01019e+06,20,ACK,14
4.01023e+06,13,QOSDATA_TID6,1066
4.01042e+06,20,ACK,14
4.01046e+06,13,CTL,20
4.01055e+06,12,RTS,20
4.01055e+06,0,RTS,20
4.01055e+06,9,RTS,20
4.01062e+06,20,CTS,14
4.01068e+06,12,QOSDATA_TID6,1066
4.01087e+06,20,ACK,14
4.01091e+06,12,CTL,20
4.011e+06,3,RTS,20
4.01107e+06,20,CTS,14
4.01113e+06,3,QOSDATA_TID6,1066
4.01132e+06,20,ACK,14
4.01136e+06,3,CTL,20
4.01145e+06,9,RTS,20
4.01145e+06,19,RTS,20
4.01145e+06,11,RTS,20
4.01145e+06,7,RTS,20
4.01145e+06,4,RTS,20
4.01156e+06,17,RTS,20
4.01156e+06,0,RTS,20
4.01156e+06,6,RTS,20
4.01166e+06,9,RTS,20
4.01173e+06,20,CTS,14
4.01179e+06,9,QOSDATA_TID6,1066
4.01197e+06,20,ACK,14
4.01202e+06,9,QOSDATA_TID6,1066
4.0122e+06,20,ACK,14
4.01224e+06,9,QOSDATA_TID6,1066
4.01243e+06,20,ACK,14
4.01247e+06,9,QOSDATA_TID6,1066
4.01266e+06,20,ACK,14
4.0127e+06,9,QOSDATA_TID6,1066
4.01288e+06,20,ACK,14
4.01293e+06,9,CTL,20
4.01302e+06,10,RTS,20
4.01302e+06,5,RTS,20
4.01302e+06,4,RTS,20
4.01308e+06,20,CTS,14
4.01314e+06,5,QOSDATA_TID6,1066
4.01333e+06,20,ACK,14
4.01337e+06,5,CTL,20
4.01347e+06,1,RTS,20
4.01347e+06,19,RTS,20
4.01347e+06,10,RTS,20
4.01356e+06,15,RTS,20
4.01363e+06,20,CTS,14
4.01369e+06,15,QOSDATA_TID6,1066
4.01388e+06,20,ACK,14
4.01392e+06,15,CTL,20
4.01401e+06,4,RTS,20
4.01407e+06,20,CTS,14
4.01413e+06,4,QOSDATA_TID6,1066
4.01432e+06,20,ACK,14
4.01436e+06,4,QOSDATA_TID6,1066
4.01455e+06,20,ACK,14
4.01459e+06,4,CTL,20
4.01468e+06,16,RTS,20
4.01468e+06,1,RTS,20
4.01468e+06,2,RTS,20
4.01468e+06,14,RTS,20
4.01478e+06,0,CTS,14
4.01492e+06,0,RTS,20
4.01498e+06,20,CTS,14
4.01504e+06,0,QOSDATA_TID6,1066
4.01523e+06,20,ACK,14
4.01527e+06,0,CTL,20
4.01536e+06,7,RTS,20
4.01542e+06,20,CTS,14
4.01548e+06,7,QOSDATA_TID6,1066
4.01567e+06,20,ACK,14
4.01571e+06,7,CTL,20
4.0158e+06,1,RTS,20
4.0158e+06,19,RTS,20
4.0158e+06,2,RTS,20
4.0158e+06,14,RTS,20
4.0159e+06,17,RTS,20
4.0159e+06,8,RTS,20
4.016e+06,16,RTS,20
4.016e+06,2,RTS,20
4.01609e+06,19,RTS,20
4.01609e+06,14,RTS,20
4.01616e+06,20,CTS,14
4.01622e+06,19,QOSDATA_TID6,1066
4.0164e+06,20,ACK,14
4.01645e+06,19,CTL,20
4.01654e+06,16,RTS,20
4.01654e+06,14,RTS,20
4.01666e+06,2,RTS,20
4.01666e+06,10,RTS,20
4.01673e+06,20,CTS,14
4.01679e+06,2,QOSDATA_TID6,1066
4.01697e+06,20,ACK,14
4.01702e+06,2,QOSDATA_TID6,1066
4.0172e+06,20,ACK,14
4.01724e+06,2,CTL,20
4.01733e+06,10,RTS,20
4.0174e+06,20,CTS,14
4.01746e+06,10,QOSDATA_TID6,1066
4.01764e+06,20,ACK,14
4.01769e+06,10,QOSDATA_TID6,1066
4.01787e+06,20,ACK,14
4.01792e+06,10,CTL,20
4.018e+06,9,RTS,20
4.018e+06,0,RTS,20
4.018e+06,6,RTS,20
4.0181e+06,18,RTS,20
4.0181e+06,17,RTS,20
4.0181e+06,13,RTS,20
4.01817e+06,20,CTS,14
4.01823e+06,17,QOSDATA_TID6,1066
4.01841e+06,20,ACK,14
4.01846e+06,17,CTL,20
4.01855e+06,7,RTS,20
4.01855e+06,11,RTS,20
4.01862e+06,20,CTS,14
4.01868e+06,7,QOSDATA_TID6,1066
4.01886e+06,20,ACK,14
4.01891e+06,7,CTL,20
4.01899e+06,11,RTS,20
4.01899e+06,3,RTS,20
4.01909e+06,19,RTS,20
4.01916e+06,20,CTS,14
4.01922e+06,19,QOSDATA_TID6,1066
4.0194e+06,20,ACK,14
4.01945e+06,19,CTL,20
4.01953e+06,17,RTS,20
4.0196e+06,20,CTS,14
4.01966e+06,17,QOSDATA_TID6,1066
4.01984e+06,20,ACK,14
4.01989e+06,17,CTL,20
4.01997e+06,0,RTS,20
4.01997e+06,6,RTS,20
4.02007e+06,12,RTS,20
4.02007e+06,8,RTS,20
4.02007e+06,3,RTS,20
4.02007e+06,1,RTS,20
4.02007e+06,16,RTS,20
4.02017e+06,13,RTS,20
4.02024e+06,20,CTS,14
4.0203e+06,13,QOSDATA_TID6,1066
4.02048e+06,20,ACK,14
4.02053e+06,13,CTL,20
4.02061e+06,5,RTS,20
4.02061e+06,2,RTS,20
4.02061e+06,18,RTS,20
4.02061e+06,10,RTS,20
4.02068e+06,20,CTS,14
4.02074e+06,5,QOSDATA_TID6,1066
4.02092e+06,20,ACK,14
4.02097e+06,5,CTL,20
4.02105e+06,15,RTS,20
4.02112e+06,20,CTS,14
4.02118e+06,15,QOSDATA_TID6,1066
4.02137e+06,20,ACK,14
4.02141e+06,15,CTL,20
4.0215e+06,14,RTS,20
4.0215e+06,4,RTS,20
4.0216e+06,9,RTS,20
4.02167e+06,20,CTS,14
4.02173e+06,9,QOSDATA_TID6,1066
4.02192e+06,20,ACK,14
4.02196e+06,9,CTL,20
4.02205e+06,8,RTS,20
4.02205e+06,12,RTS,20
4.02216e+06,11,RTS,20
4.02216e+06,2,RTS,20
4.02229e+06,14,RTS,20
4.02235e+06,20,CTS,14
4.02241e+06,14,QOSDATA_TID6,1066
4.0226e+06,20,ACK,14
4.02264e+06,14,QOSDATA_TID6,1066
4.02283e+06,20,ACK,14
4.02287e+06,14,CTL,20
4.02297e+06,6,RTS,20
4.02297e+06,0,CTS,14
4.02297e+06,11,RTS,20
4.02297e+06,4,RTS,20
4.0231e+06,11,RTS,20
4.0231e+06,0,RTS,20
4.02317e+06,20,CTS,14
4.02323e+06,0,QOSDATA_TID6,1066
4.02342e+06,20,ACK,14
4.02346e+06,0,CTL,20
4.02355e+06,16,RTS,20
4.02362e+06,20,CTS,14
4.02368e+06,16,QOSDATA_TID6,1066
4.02386e+06,20,ACK,14
4.0239e+06,16,QOSDATA_TID6,1066
4.02409e+06,20,ACK,14
4.02413e+06,16,CTL,20
4.02422e+06,6,RTS,20
4.02429e+06,20,CTS,14
4.02435e+06,6,QOSDATA_TID6,1066
4.02453e+06,20,ACK,14
4.02457e+06,6,QOSDATA_TID6,1066
4.02476e+06,20,ACK,14
4.0248e+06,6,CTL,20
4.02489e+06,14,RTS,20
4.02489e+06,11,RTS,20
4.02489e+06,4,RTS,20
4.025e+06,16,RTS,20
4.025e+06,3,RTS,20
4.025e+06,18,RTS,20
4.025e+06,10,RTS,20
4.02512e+06,8,RTS,20
4.02519e+06,20,CTS,14
4.02525e+06,8,QOSDATA_TID6,1066
4.02543e+06,20,ACK,14
4.02548e+06,8,QOSDATA_TID6,1066
4.02566e+06,20,ACK,14
4.0257e+06,8,CTL,20
4.02579e+06,2,RTS,20
4.02579e+06,18,RTS,20
4.02589e+06,16,RTS,20
4.02589e+06,4,RTS,20
4.026e+06,7,RTS,20
4.026e+06,13,RTS,20
4.02606e+06,20,CTS,14
4.02612e+06,7,QOSDATA_TID6,1066
4.02631e+06,20,ACK,14
4.02635e+06,7,CTL,20
4.02645e+06,0,RTS,20
4.02645e+06,3,RTS,20
4.02645e+06,9,RTS,20
4.02645e+06,10,RTS,20
4.02654e+06,13,RTS,20
4.02661e+06,20,CTS,14
4.02667e+06,13,QOSDATA_TID6,1066
4.02686e+06,20,ACK,14
4.0269e+06,13,CTL,20
4.02699e+06,12,RTS,20
4.02699e+06,10,RTS,20
4.02705e+06,20,CTS,14
4.02711e+06,12,QOSDATA_TID6,1066
4.0273e+06,20,ACK,14
4.02734e+06,12,QOSDATA_TID6,1066
4.02753e+06,20,ACK,14
4.02757e+06,12,CTL,20
4.02766e+06,10,RTS,20
4.02772e+06,20,CTS,14
4.02778e+06,10,QOSDATA_TID6,1066
4.02797e+06,20,ACK,14
4.02801e+06,10,CTL,20
4.0281e+06,6,RTS,20
4.0281e+06,19,RTS,20
4.0281e+06,14,RTS,20
4.0281e+06,11,RTS,20
4.0282e+06,9,RTS,20
4.02826e+06,20,CTS,14
4.02832e+06,9,QOSDATA_TID6,1066
4.02851e+06,20,ACK,14
4.02855e+06,9,CTL,20
4.02864e+06,2,RTS,20
4.02864e+06,15,RTS,20
4.02875e+06,16,RTS,20
4.02875e+06,4,RTS,20
4.02885e+06,0,RTS,20
4.02892e+06,20,CTS,14
4.02898e+06,0,QOSDATA_TID6,1066
4.02916e+06,20,ACK,14
4.02921e+06,0,CTL,20
4.02929e+06,14,RTS,20
4.02929e+06,10,RTS,20
4.02939e+06,5,RTS,20
4.02939e+06,17,RTS,20
4.02946e+06,20,CTS,14
4.02952e+06,5,QOSDATA_TID6,1066
4.0297e+06,20,ACK,14
4.02975e+06,5,CTL,20
4.02984e+06,1,RTS,20
4.02991e+06,20,CTS,14
4.02997e+06,1,QOSDATA_TID6,1066
4.03016e+06,20,ACK,14
4.0302e+06,1,QOSDATA_TID6,1066
4.03038e+06,20,ACK,14
4.03043e+06,1,QOSDATA_TID6,1066
4.03061e+06,20,ACK,14
4.03066e+06,1,CTL,20
4.03074e+06,8,RTS,20
4.03074e+06,4,RTS,20
4.03074e+06,18,RTS,20
4.03074e+06,6,RTS,20
4.03085e+06,3,RTS,20
4.03092e+06,20,CTS,14
4.03098e+06,3,QOSDATA_TID6,1066
4.03116e+06,20,ACK,14
4.0312e+06,3,QOSDATA_TID6,1066
4.03139e+06,20,ACK,14
4.03143e+06,3,CTL,20
4.03153e+06,10,RTS,20
4.03153e+06,8,RTS,20
4.03153e+06,17,RTS,20
4.03153e+06,6,RTS,20
4.03153e+06,16,RTS,20
4.03153e+06,15,RTS,20
4.03163e+06,19,RTS,20
4.03169e+06,20,CTS,14
4.03175e+06,19,QOSDATA_TID6,1066
4.03194e+06,20,ACK,14
4.03198e+06,19,CTL,20
4.03207e+06,6,RTS,20
4.03214e+06,20,CTS,14
4.0322e+06,6,QOSDATA_TID6,1066
4.03238e+06,20,ACK,14
4.03242e+06,6,CTL,20
4.03251e+06,15,RTS,20
4.03251e+06,2,RTS,20
4.03251e+06,10,RTS,20
4.03262e+06,17,RTS,20
4.03262e+06,11,RTS,20
4.03268e+06,20,CTS,14
4.03274e+06,17,QOSDATA_TID6,1066
4.03293e+06,20,ACK,14
4.03297e+06,17,CTL,20
4.03307e+06,2,RTS,20
4.03314e+06,20,CTS,14
4.0332e+06,2,QOSDATA_TID6,1066
4.03338e+06,20,ACK,14
4.03342e+06,2,QOSDATA_TID6,1066
4.03361e+06,20,ACK,14
4.03365e+06,2,CTL,20
4.03374e+06,9,RTS,20
4.03381e+06,20,CTS,14
4.03387e+06,9,QOSDATA_TID6,1066
4.03405e+06,20,ACK,14
4.03409e+06,9,CTL,20
4.03418e+06,10,RTS,20
4.03418e+06,18,RTS,20
4.03418e+06,0,RTS,20
4.03418e+06,7,RTS,20
4.03418e+06,15,RTS,20
4.03429e+06,13,RTS,20
4.03436e+06,20,CTS,14
4.03442e+06,13,QOSDATA_TID6,1066
4.0346e+06,20,ACK,14
4.03464e+06,13,CTL,20
4.03473e+06,12,RTS,20
4.03473e+06,8,RTS,20
4.03483e+06,4,RTS,20
4.03483e+06,14,RTS,20
4.03496e+06,3,RTS,20
4.03502e+06,20,CTS,14
4.03508e+06,3,QOSDATA_TID6,1066
4.03527e+06,20,ACK,14
4.03531e+06,3,CTL,20
4.0354e+06,6,RTS,20
4.03547e+06,20,CTS,14
4.03553e+06,6,QOSDATA_TID6,1066
4.03571e+06,20,ACK,14
4.03575e+06,6,CTL,20
4.03584e+06,18,RTS,20
4.03584e+06,15,RTS,20
4.03584e+06,16,RTS,20
4.03598e+06,15,RTS,20
4.03605e+06,20,CTS,14
4.03611e+06,15,QOSDATA_TID6,1066
4.03629e+06,20,ACK,14
4.03634e+06,15,CTL,20
4.03642e+06,7,RTS,20
4.03642e+06,16,RTS,20
4.03649e+06,20,CTS,14
4.03655e+06,7,QOSDATA_TID6,1066
4.03673e+06,20,ACK,14
4.03678e+06,7,CTL,20
4.03686e+06,17,RTS,20
4.03686e+06,5,RTS,20
4.03686e+06,2,RTS,20
4.03696e+06,11,RTS,20
4.03696e+06,14,RTS,20
4.03706e+06,2,RTS,20
4.03713e+06,20,CTS,14
4.03719e+06,2,QOSDATA_TID6,1066
4.03737e+06,20,ACK,14
4.03742e+06,2,CTL,20
4.03751e+06,5,RTS,20
4.03751e+06,19,RTS,20
4.03751e+06,8,RTS,20
4.03751e+06,1,RTS,20
4.03751e+06,15,RTS,20
4.03751e+06,16,RTS,20
4.03751e+06,4,RTS,20
4.03761e+06,18,RTS,20
4.03768e+06,20,CTS,14
4.03774e+06,18,QOSDATA_TID6,1066
4.03792e+06,20,ACK,14
4.03796e+06,18,QOSDATA_TID6,1066
4.03815e+06,20,ACK,14
4.03819e+06,18,CTL,20
4.03828e+06,1,RTS,20
4.03835e+06,20,CTS,14
4.03841e+06,1,QOSDATA_TID6,1066
4.03859e+06,20,ACK,14
4.03864e+06,1,CTL,20
4.03872e+06,16,RTS,20
4.03872e+06,4,RTS,20
4.03872e+06,0,RTS,20
4.03872e+06,10,RTS,20
4.03882e+06,17,RTS,20
4.03889e+06,20,CTS,14
4.03895e+06,17,QOSDATA_TID6,1066
4.03913e+06,20,ACK,14
4.03918e+06,17,CTL,20
4.03926e+06,8,RTS,20
4.03926e+06,12,RTS,20
4.03936e+06,11,RTS,20
4.03943e+06,20,CTS,14
4.03949e+06,11,QOSDATA_TID6,1066
4.03967e+06,20,ACK,14
4.03972e+06,11,QOSDATA_TID6,1066
4.0399e+06,20,ACK,14
4.03994e+06,11,QOSDATA_TID6,1066
4.04013e+06,20,ACK,14
4.04017e+06,11,QOSDATA_TID6,1066
4.04036e+06,20,ACK,14
4.0404e+06,11,CTL,20
4.04049e+06,16,RTS,20
4.04055e+06,20,CTS,14
4.04061e+06,16,QOSDATA_TID6,1066
4.0408e+06,20,ACK,14
4.04084e+06,16,QOSDATA_TID6,1066
4.04103e+06,20,ACK,14
4.04107e+06,16,CTL,20
4.04116e+06,8,RTS,20
4.04116e+06,19,RTS,20
4.04116e+06,15,RTS,20
4.04116e+06,18,RTS,20
4.04128e+06,4,RTS,20
4.04135e+06,20,CTS,14
4.04141e+06,4,QOSDATA_TID6,1066
4.04159e+06,20,ACK,14
4.04164e+06,4,QOSDATA_TID6,1066
4.04182e+06,20,ACK,14
4.04186e+06,4,CTL,20
4.04195e+06,8,RTS,20
4.04195e+06,18,RTS,20
4.04202e+06,20,CTS,14
4.04208e+06,8,QOSDATA_TID6,1066
4.04226e+06,20,ACK,14
4.04231e+06,8,QOSDATA_TID6,1066
4.04249e+06,20,ACK,14
4.04254e+06,8,CTL,20
4.04262e+06,3,RTS,20
4.04262e+06,15,RTS,20
4.04272e+06,5,RTS,20
4.04279e+06,20,CTS,14
4.04285e+06,5,QOSDATA_TID6,1066
4.04303e+06,20,ACK,14
4.04308e+06,5,CTL,20
4.04316e+06,12,RTS,20
4.04316e+06,11,RTS,20
4.04316e+06,6,RTS,20
4.04323e+06,20,CTS,14
4.04329e+06,12,QOSDATA_TID6,1066
4.04347e+06,20,ACK,14
4.04352e+06,12,QOSDATA_TID6,1066
4.0437e+06,20,ACK,14
4.04374e+06,12,CTL,20
4.04383e+06,9,RTS,20
4.0439e+06,20,CTS,14
4.04396e+06,9,QOSDATA_TID6,1066
4.04414e+06,20,ACK,14
4.04419e+06,9,CTL,20
4.04427e+06,17,RTS,20
4.04427e+06,0,CTS,14
4.04427e+06,14,RTS,20
4.04427e+06,13,RTS,20
4.0444e+06,0,RTS,20
4.04446e+06,20,CTS,14
4.04452e+06,0,QOSDATA_TID6,1066
4.04471e+06,20,ACK,14
4.04475e+06,0,QOSDATA_TID6,1066
4.04494e+06,20,ACK,14
4.04498e+06,0,CTL,20
4.04506e+06,1,RTS,20
4.04513e+06,20,CTS,14
4.04519e+06,1,QOSDATA_TID6,1066
4.04538e+06,20,ACK,14
4.04542e+06,1,CTL,20
4.04551e+06,17,RTS,20
4.04551e+06,5,RTS,20
4.04551e+06,7,RTS,20
4.0456e+06,19,RTS,20
4.04567e+06,20,CTS,14
4.04573e+06,19,QOSDATA_TID6,1066
4.04592e+06,20,ACK,14
4.04596e+06,19,QOSDATA_TID6,1066
4.04614e+06,20,ACK,14
4.04619e+06,19,CTL,20
4.04628e+06,10,RTS,20
4.04634e+06,20,CTS,14
4.0464e+06,10,QOSDATA_TID6,1066
4.04659e+06,20,ACK,14
4.04663e+06,10,QOSDATA_TID6,1066
4.04682e+06,20,ACK,14
4.04686e+06,10,QOSDATA_TID6,1066
4.04704e+06,20,ACK,14
4.04709e+06,10,CTL,20
4.04717e+06,18,RTS,20
4.04717e+06,2,RTS,20
4.04717e+06,3,RTS,20
4.04717e+06,8,RTS,20
4.04717e+06,11,RTS,20
4.04717e+06,13,RTS,20
4.04717e+06,4,RTS,20
4.04728e+06,7,RTS,20
4.04728e+06,14,RTS,20
4.04735e+06,20,CTS,14
4.04741e+06,7,QOSDATA_TID6,1066
4.04759e+06,20,ACK,14
4.04764e+06,7,CTL,20
4.04772e+06,2,RTS,20
4.04779e+06,20,CTS,14
4.04785e+06,2,QOSDATA_TID6,1066
4.04804e+06,20,ACK,14
4.04808e+06,2,CTL,20
4.04816e+06,13,RTS,20
4.04823e+06,20,CTS,14
4.04829e+06,13,QOSDATA_TID6,1066
4.04848e+06,20,ACK,14
4.04852e+06,13,CTL,20
4.04861e+06,15,RTS,20
4.04861e+06,14,RTS,20
4.04861e+06,16,RTS,20
4.04861e+06,6,RTS,20
4.04861e+06,18,RTS,20
4.0487e+06,8,RTS,20
4.04877e+06,20,CTS,14
4.04883e+06,8,QOSDATA_TID6,1066
4.04902e+06,20,ACK,14
4.04906e+06,8,CTL,20
4.04915e+06,5,RTS,20
4.04915e+06,16,RTS,20
4.04922e+06,20,CTS,14
4.04928e+06,5,QOSDATA_TID6,1066
4.04946e+06,20,ACK,14
4.0495e+06,5,CTL,20
4.04959e+06,7,RTS,20
4.04959e+06,16,RTS,20
4.04966e+06,20,CTS,14
4.04972e+06,7,QOSDATA_TID6,1066
4.0499e+06,20,ACK,14
4.04994e+06,7,CTL,20
4.05003e+06,17,RTS,20
4.0501e+06,20,CTS,14
4.05016e+06,17,QOSDATA_TID6,1066
4.05034e+06,20,ACK,14
4.05039e+06,17,CTL,20
4.05047e+06,13,RTS,20
4.05047e+06,14,RTS,20
4.05058e+06,3,RTS,20
4.05058e+06,9,RTS,20
4.05069e+06,0,RTS,20
4.05069e+06,12,RTS,20
4.05069e+06,16,RTS,20
4.05069e+06,14,RTS,20
4.05069e+06,15,RTS,20
4.05078e+06,9,RTS,20
4.05085e+06,20,CTS,14
4.05091e+06,9,QOSDATA_TID6,1066
4.0511e+06,20,ACK,14
4.05114e+06,9,CTL,20
4.05123e+06,14,RTS,20
4.0513e+06,20,CTS,14
4.05136e+06,14,QOSDATA_TID6,1066
4.05154e+06,20,ACK,14
4.05158e+06,14,QOSDATA_TID6,1066
4.05177e+06,20,ACK,14
4.05181e+06,14,QOSDATA_TID6,1066
4.052e+06,20,ACK,14
4.05204e+06,14,CTL,20
4.05212e+06,0,RTS,20
4.05212e+06,19,RTS,20
4.05225e+06,13,RTS,20
4.05232e+06,20,CTS,14
4.05238e+06,13,QOSDATA_TID6,1066
4.05256e+06,20,ACK,14
4.05261e+06,13,CTL,20
4.05269e+06,5,RTS,20
4.05269e+06,2,RTS,20
4.05276e+06,20,CTS,14
4.05282e+06,5,QOSDATA_TID6,1066
4.053e+06,20,ACK,14
4.05305e+06,5,CTL,20
4.05314e+06,1,RTS,20
4.05314e+06,2,RTS,20
4.05314e+06,0,CTS,14
4.05314e+06,15,RTS,20
4.05328e+06,0,RTS,20
4.05335e+06,20,CTS,14
4.05341e+06,0,QOSDATA_TID6,1066
4.0536e+06,20,ACK,14
4.05364e+06,0,CTL,20
4.05372e+06,18,RTS,20
4.05379e+06,20,CTS,14
4.05385e+06,18,QOSDATA_TID6,1066
4.05404e+06,20,ACK,14
4.05408e+06,18,QOSDATA_TID6,1066
4.05426e+06,20,ACK,14
4.05431e+06,18,QOSDATA_TID6,1066
4.05449e+06,20,ACK,14
4.05454e+06,18,CTL,20
4.05463e+06,10,RTS,20
4.05463e+06,2,RTS,20
4.05463e+06,17,RTS,20
4.0547e+06,20,CTS,14
4.05476e+06,17,QOSDATA_TID6,1066
4.05494e+06,20,ACK,14
4.05499e+06,17,CTL,20
4.05507e+06,8,RTS,20
4.05514e+06,20,CTS,14
4.0552e+06,8,QOSDATA_TID6,1066
4.05539e+06,20,ACK,14
4.05543e+06,8,CTL,20
4.05552e+06,10,RTS,20
4.05558e+06,20,CTS,14
4.05564e+06,10,QOSDATA_TID6,1066
4.05583e+06,20,ACK,14
4.05587e+06,10,CTL,20
4.05596e+06,2,RTS,20
4.05596e+06,6,RTS,20
4.05596e+06,14,RTS,20
4.05596e+06,11,RTS,20
4.05596e+06,4,RTS,20
4.05607e+06,12,RTS,20
4.05613e+06,20,CTS,14
4.05619e+06,12,QOSDATA_TID6,1066
4.05638e+06,20,ACK,14
4.05642e+06,12,CTL,20
4.05651e+06,16,RTS,20
4.05651e+06,19,RTS,20
4.05651e+06,2,RTS,20
4.05651e+06,6,RTS,20
4.05661e+06,15,RTS,20
4.05667e+06,20,CTS,14
4.05673e+06,15,QOSDATA_TID6,1066
4.05692e+06,20,ACK,14
4.05696e+06,15,QOSDATA_TID6,1066
4.05715e+06,20,ACK,14
4.05719e+06,15,QOSDATA_TID6,1066
4.05737e+06,20,ACK,14
4.05742e+06,15,CTL,20
4.0575e+06,7,RTS,20
4.0575e+06,19,RTS,20
4.05761e+06,0,RTS,20
4.05768e+06,20,CTS,14
4.05774e+06,0,QOSDATA_TID6,1066
4.05792e+06,20,ACK,14
4.05797e+06,0,CTL,20
4.05805e+06,13,RTS,20
4.05805e+06,16,RTS,20
4.05815e+06,6,RTS,20
4.05822e+06,20,CTS,14
4.05828e+06,6,QOSDATA_TID6,1066
4.05846e+06,20,ACK,14
4.05851e+06,6,QOSDATA_TID6,1066
4.05869e+06,20,ACK,14
4.05874e+06,6,CTL,20
4.05882e+06,9,RTS,20
4.05889e+06,20,CTS,14
4.05895e+06,9,QOSDATA_TID6,1066
4.05913e+06,20,ACK,14
4.05918e+06,9,CTL,20
4.05926e+06,3,RTS,20
4.05926e+06,11,RTS,20
4.05937e+06,6,RTS,20
4.05944e+06,20,CTS,14
4.0595e+06,6,QOSDATA_TID6,1066
4.05968e+06,20,ACK,14
4.05973e+06,6,CTL,20
4.05981e+06,14,RTS,20
4.05981e+06,17,RTS,20
4.05988e+06,20,CTS,14
4.05994e+06,17,QOSDATA_TID6,1066
4.06012e+06,20,ACK,14
4.06017e+06,17,CTL,20
4.06025e+06,14,RTS,20
4.06032e+06,20,CTS,14
4.06038e+06,14,QOSDATA_TID6,1066
4.06057e+06,20,ACK,14
4.06061e+06,14,CTL,20
4.0607e+06,15,RTS,20
4.0607e+06,13,RTS,20
4.0607e+06,10,RTS,20
4.0607e+06,1,RTS,20
4.0608e+06,7,RTS,20
4.0608e+06,4,RTS,20
4.06087e+06,20,CTS,14
4.06093e+06,7,QOSDATA_TID6,1066
4.06112e+06,20,ACK,14
4.06116e+06,7,CTL,20
4.06124e+06,13,RTS,20
4.06124e+06,3,RTS,20
4.06136e+06,11,RTS,20
4.06143e+06,20,CTS,14
4.06149e+06,11,QOSDATA_TID6,1066
4.06167e+06,20,ACK,14
4.06172e+06,11,QOSDATA_TID6,1066
4.0619e+06,20,ACK,14
4.06194e+06,11,QOSDATA_TID6,1066
4.06213e+06,20,ACK,14
4.06217e+06,11,CTL,20
4.06226e+06,16,RTS,20
4.06233e+06,20,CTS,14
4.06239e+06,16,QOSDATA_TID6,1066
4.06257e+06,20,ACK,14
4.06262e+06,16,QOSDATA_TID6,1066
4.0628e+06,20,ACK,14
4.06284e+06,16,CTL,20
4.06293e+06,1,RTS,20
4.06293e+06,8,RTS,20
4.06293e+06,12,RTS,20
4.06293e+06,19,RTS,20
4.06293e+06,15,RTS,20
4.06303e+06,5,RTS,20
4.06303e+06,18,RTS,20
4.0631e+06,20,CTS,14
4.06316e+06,5,QOSDATA_TID6,1066
4.06334e+06,20,ACK,14
4.06338e+06,5,CTL,20
4.06347e+06,15,RTS,20
4.06354e+06,20,CTS,14
4.0636e+06,15,QOSDATA_TID6,1066
4.06378e+06,20,ACK,14
4.06383e+06,15,CTL,20
4.06391e+06,13,RTS,20
4.06391e+06,19,RTS,20
4.06402e+06,4,RTS,20
4.06409e+06,20,CTS,14
4.06415e+06,4,QOSDATA_TID6,1066
4.06433e+06,20,ACK,14
4.06438e+06,4,QOSDATA_TID6,1066
4.06456e+06,20,ACK,14
4.0646e+06,4,QOSDATA_TID6,1066
4.06479e+06,20,ACK,14
4.06483e+06,4,CTL,20
4.06493e+06,16,RTS,20
4.06493e+06,3,RTS,20
4.06504e+06,14,RTS,20
4.06511e+06,20,CTS,14
4.06517e+06,14,QOSDATA_TID6,1066
4.06535e+06,20,ACK,14
4.0654e+06,14,CTL,20
4.06548e+06,7,RTS,20
4.06555e+06,20,CTS,14
4.06561e+06,7,QOSDATA_TID6,1066
4.0658e+06,20,ACK,14
4.06584e+06,7,CTL,20
4.06594e+06,19,RTS,20
4.06594e+06,0,RTS,20
4.06594e+06,2,RTS,20
4.06594e+06,9,RTS,20
4.06604e+06,12,RTS,20
4.06611e+06,20,CTS,14
4.06617e+06,12,QOSDATA_TID6,1066
4.06635e+06,20,ACK,14
4.0664e+06,12,QOSDATA_TID6,1066
4.06658e+06,20,ACK,14
4.06663e+06,12,CTL,20
4.06671e+06,13,RTS,20
4.06671e+06,18,RTS,20
4.06671e+06,10,RTS,20
4.06681e+06,11,RTS,20
4.06688e+06,20,CTS,14
4.06694e+06,11,QOSDATA_TID6,1066
4.06712e+06,20,ACK,14
4.06717e+06,11,CTL,20
4.06725e+06,19,RTS,20
4.06725e+06,2,RTS,20
4.06738e+06,2,RTS,20
4.06745e+06,20,CTS,14
4.06751e+06,2,QOSDATA_TID6,1066
4.0677e+06,20,ACK,14
4.06774e+06,2,CTL,20
4.06783e+06,3,RTS,20
4.06783e+06,9,RTS,20
4.06783e+06,19,RTS,20
4.06783e+06,0,RTS,20
4.06783e+06,1,RTS,20
4.06783e+06,13,RTS,20
4.06795e+06,17,RTS,20
4.06802e+06,20,CTS,14
4.06808e+06,17,QOSDATA_TID6,1066
4.06826e+06,20,ACK,14
4.06831e+06,17,CTL,20
4.06839e+06,8,RTS,20
4.06839e+06,16,RTS,20
4.06846e+06,20,CTS,14
4.06852e+06,8,QOSDATA_TID6,1066
4.0687e+06,20,ACK,14
4.06875e+06,8,CTL,20
4.06884e+06,4,RTS,20
4.06884e+06,13,RTS,20
4.06894e+06,2,RTS,20
4.06894e+06,3,RTS,20
4.06901e+06,20,CTS,14
4.06907e+06,2,QOSDATA_TID6,1066
4.06925e+06,20,ACK,14
4.0693e+06,2,CTL,20
4.06938e+06,3,RTS,20
4.06945e+06,20,CTS,14
4.06951e+06,3,QOSDATA_TID6,1066
4.0697e+06,20,ACK,14
4.06974e+06,3,QOSDATA_TID6,1066
4.06992e+06,20,ACK,14
4.06997e+06,3,QOSDATA_TID6,1066
4.07015e+06,20,ACK,14
4.0702e+06,3,CTL,20
4.07028e+06,5,RTS,20
4.07028e+06,4,RTS,20
4.07035e+06,20,CTS,14
4.07041e+06,5,QOSDATA_TID6,1066
4.07059e+06,20,ACK,14
4.07064e+06,5,CTL,20
4.07072e+06,8,RTS,20
4.07072e+06,4,RTS,20
4.07079e+06,20,CTS,14
4.07085e+06,8,QOSDATA_TID6,1066
4.07104e+06,20,ACK,14
4.07108e+06,8,CTL,20
4.07118e+06,19,RTS,20
4.07118e+06,9,RTS,20
4.07118e+06,18,RTS,20
4.07118e+06,6,RTS,20
4.07118e+06,15,RTS,20
4.07127e+06,4,RTS,20
4.07134e+06,20,CTS,14
4.0714e+06,4,QOSDATA_TID6,1066
4.07158e+06,20,ACK,14
4.07163e+06,4,CTL,20
4.07172e+06,18,RTS,20
4.07178e+06,20,CTS,14
4.07184e+06,18,QOSDATA_TID6,1066
4.07203e+06,20,ACK,14
4.07207e+06,18,QOSDATA_TID6,1066
4.07226e+06,20,ACK,14
4.0723e+06,18,CTL,20
4.07239e+06,10,RTS,20
4.07239e+06,14,RTS,20
4.07239e+06,1,RTS,20
4.07239e+06,16,RTS,20
4.07251e+06,13,RTS,20
4.07258e+06,20,CTS,14
4.07264e+06,13,QOSDATA_TID6,1066
4.07282e+06,20,ACK,14
4.07287e+06,13,CTL,20
4.07297e+06,15,RTS,20
4.07297e+06,16,RTS,20
4.07297e+06,0,CTS,14
4.07297e+06,19,RTS,20
4.07297e+06,9,RTS,20
4.07306e+06,0,RTS,20
4.07312e+06,20,CTS,14
4.07318e+06,0,QOSDATA_TID6,1066
4.07337e+06,20,ACK,14
4.07341e+06,0,QOSDATA_TID6,1066
4.0736e+06,20,ACK,14
4.07364e+06,0,CTL,20
4.07373e+06,10,RTS,20
4.07373e+06,15,RTS,20
4.07373e+06,13,RTS,20
4.07386e+06,6,RTS,20
4.07386e+06,19,RTS,20
4.07396e+06,13,RTS,20
4.07403e+06,20,CTS,14
4.07409e+06,13,QOSDATA_TID6,1066
4.07427e+06,20,ACK,14
4.07431e+06,13,CTL,20
4.0744e+06,12,RTS,20
4.07447e+06,20,CTS,14
4.07453e+06,12,QOSDATA_TID6,1066
4.07471e+06,20,ACK,14
4.07476e+06,12,CTL,20
4.07484e+06,7,RTS,20
4.07491e+06,20,CTS,14
4.07497e+06,7,QOSDATA_TID6,1066
4.07515e+06,20,ACK,14
4.0752e+06,7,CTL,20
4.07528e+06,11,RTS,20
4.07528e+06,19,RTS,20
4.0754e+06,15,RTS,20
4.0754e+06,6,RTS,20
4.0754e+06,14,RTS,20
4.07551e+06,17,RTS,20
4.07551e+06,3,RTS,20
4.07551e+06,9,RTS,20
4.07558e+06,20,CTS,14
4.07564e+06,17,QOSDATA_TID6,1066
4.07582e+06,20,ACK,14
4.07586e+06,17,CTL,20
4.07596e+06,3,RTS,20
4.07596e+06,9,RTS,20
4.07606e+06,19,RTS,20
4.07613e+06,20,CTS,14
4.07619e+06,19,QOSDATA_TID6,1066
4.07638e+06,20,ACK,14
4.07642e+06,19,QOSDATA_TID6,1066
4.0766e+06,20,ACK,14
4.07665e+06,19,QOSDATA_TID6,1066
4.07683e+06,20,ACK,14
4.07688e+06,19,CTL,20
4.07696e+06,16,RTS,20
4.07703e+06,20,CTS,14
4.07709e+06,16,QOSDATA_TID6,1066
4.07728e+06,20,ACK,14
4.07732e+06,16,QOSDATA_TID6,1066
4.0775e+06,20,ACK,14
4.07755e+06,16,CTL,20
4.07763e+06,11,RTS,20
4.07763e+06,4,RTS,20
4.07763e+06,1,RTS,20
4.07775e+06,15,RTS,20
4.07775e+06,2,RTS,20
4.07775e+06,6,RTS,20
4.07775e+06,14,RTS,20
4.07775e+06,10,RTS,20
4.07785e+06,9,RTS,20
4.07792e+06,20,CTS,14
4.07798e+06,9,QOSDATA_TID6,1066
4.07816e+06,20,ACK,14
4.0782e+06,9,QOSDATA_TID6,1066
4.07839e+06,20,ACK,14
4.07843e+06,9,CTL,20
4.07852e+06,5,RTS,20
4.07859e+06,20,CTS,14
4.07865e+06,5,QOSDATA_TID6,1066
4.07883e+06,20,ACK,14
4.07887e+06,5,CTL,20
4.07896e+06,10,RTS,20
4.07903e+06,20,CTS,14
4.07909e+06,10,QOSDATA_TID6,1066
4.07927e+06,20,ACK,14
4.07932e+06,10,QOSDATA_TID6,1066
4.0795e+06,20,ACK,14
4.07954e+06,10,QOSDATA_TID6,1066
4.07973e+06,20,ACK,14
4.07977e+06,10,CTL,20
4.07986e+06,18,RTS,20
4.07993e+06,20,CTS,14
4.07999e+06,18,QOSDATA_TID6,1066
4.08017e+06,20,ACK,14
4.08021e+06,18,CTL,20
4.0803e+06,2,RTS,20
4.0803e+06,8,RTS,20
4.0803e+06,14,RTS,20
4.08044e+06,2,RTS,20
4.08051e+06,20,CTS,14
4.08057e+06,2,QOSDATA_TID6,1066
4.08075e+06,20,ACK,14
4.0808e+06,2,CTL,20
4.08089e+06,6,RTS,20
4.08089e+06,11,RTS,20
4.08089e+06,15,RTS,20
4.08099e+06,3,RTS,20
4.08106e+06,20,CTS,14
4.08112e+06,3,QOSDATA_TID6,1066
4.0813e+06,20,ACK,14
4.08134e+06,3,CTL,20
4.08143e+06,11,RTS,20
4.0815e+06,20,CTS,14
4.08156e+06,11,QOSDATA_TID6,1066
4.08174e+06,20,ACK,14
4.08179e+06,11,CTL,20
4.08187e+06,7,RTS,20
4.08194e+06,20,CTS,14
4.082e+06,7,QOSDATA_TID6,1066
4.08218e+06,20,ACK,14
4.08223e+06,7,CTL,20
4.08232e+06,16,RTS,20
4.08232e+06,4,RTS,20
4.08232e+06,0,RTS,20
4.08241e+06,12,RTS,20
4.08248e+06,20,CTS,14
4.08254e+06,12,QOSDATA_TID6,1066
4.08272e+06,20,ACK,14
4.08277e+06,12,CTL,20
4.08286e+06,11,RTS,20
4.08286e+06,9,RTS,20
4.08296e+06,15,RTS,20
4.08296e+06,14,RTS,20
4.08307e+06,6,RTS,20
4.08307e+06,8,RTS,20
4.08307e+06,1,RTS,20
4.08307e+06,19,RTS,20
4.08307e+06,3,RTS,20
4.08318e+06,13,RTS,20
4.08324e+06,20,CTS,14
4.0833e+06,13,QOSDATA_TID6,1066
4.08349e+06,20,ACK,14
4.08353e+06,13,CTL,20
4.08362e+06,19,RTS,20
4.08369e+06,20,CTS,14
4.08375e+06,19,QOSDATA_TID6,1066
4.08393e+06,20,ACK,14
4.08397e+06,19,CTL,20
4.08406e+06,1,RTS,20
4.08406e+06,8,RTS,20
4.08406e+06,4,RTS,20
4.08416e+06,0,RTS,20
4.08423e+06,20,CTS,14
4.08429e+06,0,QOSDATA_TID6,1066
4.08447e+06,20,ACK,14
4.08451e+06,0,CTL,20
4.0846e+06,6,RTS,20
4.0846e+06,17,RTS,20
4.0846e+06,1,RTS,20
4.0846e+06,16,RTS,20
4.0847e+06,8,RTS,20
4.08477e+06,20,CTS,14
4.08483e+06,8,QOSDATA_TID6,1066
4.08501e+06,20,ACK,14
4.08505e+06,8,CTL,20
4.08514e+06,15,RTS,20
4.08521e+06,20,CTS,14
4.08527e+06,15,QOSDATA_TID6,1066
4.08545e+06,20,ACK,14
4.0855e+06,15,QOSDATA_TID6,1066
4.08568e+06,20,ACK,14
4.08572e+06,15,CTL,20
4.08581e+06,14,RTS,20
4.08581e+06,2,RTS,20
4.08588e+06,20,CTS,14
4.08594e+06,2,QOSDATA_TID6,1066
4.08612e+06,20,ACK,14
4.08617e+06,2,CTL,20
4.08626e+06,9,RTS,20
4.08626e+06,10,RTS,20
4.08626e+06,11,RTS,20
4.08636e+06,14,RTS,20
4.08643e+06,20,CTS,14
4.08649e+06,14,QOSDATA_TID6,1066
4.08667e+06,20,ACK,14
4.08672e+06,14,QOSDATA_TID6,1066
4.0869e+06,20,ACK,14
4.08694e+06,14,CTL,20
4.08703e+06,18,RTS,20
4.0871e+06,20,CTS,14
4.08716e+06,18,QOSDATA_TID6,1066
4.08734e+06,20,ACK,14
4.08739e+06,18,CTL,20
4.08747e+06,5,RTS,20
4.08754e+06,20,CTS,14
4.0876e+06,5,QOSDATA_TID6,1066
4.08778e+06,20,ACK,14
4.08783e+06,5,CTL,20
4.08791e+06,8,RTS,20
4.08791e+06,9,RTS,20
4.08791e+06,6,RTS,20
4.08791e+06,4,RTS,20
4.08803e+06,10,RTS,20
4.0881e+06,20,CTS,14
4.08816e+06,10,QOSDATA_TID6,1066
4.08834e+06,20,ACK,14
4.08839e+06,10,CTL,20
4.08847e+06,9,RTS,20
4.08854e+06,20,CTS,14
4.0886e+06,9,QOSDATA_TID6,1066
4.08878e+06,20,ACK,14
4.08883e+06,9,CTL,20
4.08891e+06,3,RTS,20
4.08891e+06,11,RTS,20
4.08902e+06,6,RTS,20
4.08902e+06,14,RTS,20
4.08914e+06,17,RTS,20
4.0892e+06,20,CTS,14
4.08926e+06,17,QOSDATA_TID6,1066
4.08945e+06,20,ACK,14
4.08949e+06,17,CTL,20
4.08958e+06,1,RTS,20
4.08958e+06,7,RTS,20
4.08958e+06,11,RTS,20
4.08958e+06,16,RTS,20
4.08958e+06,14,RTS,20
4.08968e+06,4,RTS,20
4.08974e+06,20,CTS,14
4.0898e+06,4,QOSDATA_TID6,1066
4.08999e+06,20,ACK,14
4.09003e+06,4,QOSDATA_TID6,1066
4.09022e+06,20,ACK,14
4.09026e+06,4,CTL,20
4.09035e+06,3,RTS,20
4.09035e+06,0,RTS,20
4.09042e+06,20,CTS,14
4.09048e+06,0,QOSDATA_TID6,1066
4.09066e+06,20,ACK,14
4.0907e+06,0,CTL,20
4.09079e+06,12,RTS,20
4.09086e+06,20,CTS,14
4.09092e+06,12,QOSDATA_TID6,1066
4.0911e+06,20,ACK,14
4.09114e+06,12,CTL,20
4.09123e+06,8,RTS,20
4.09123e+06,16,RTS,20
4.09123e+06,9,RTS,20
4.0913e+06,20,CTS,14
4.09136e+06,8,QOSDATA_TID6,1066
4.09154e+06,20,ACK,14
4.09159e+06,8,CTL,20
4.09167e+06,16,RTS,20
4.09167e+06,6,RTS,20
4.09177e+06,13,RTS,20
4.09184e+06,20,CTS,14
4.0919e+06,13,QOSDATA_TID6,1066
4.09208e+06,20,ACK,14
4.09213e+06,13,CTL,20
4.09221e+06,16,RTS,20
4.09228e+06,20,CTS,14
4.09234e+06,16,QOSDATA_TID6,1066
4.09252e+06,20,ACK,14
4.09257e+06,16,QOSDATA_TID6,1066
4.09275e+06,20,ACK,14
4.0928e+06,16,CTL,20
4.09288e+06,5,RTS,20
4.09288e+06,10,RTS,20
4.09295e+06,20,CTS,14
4.09301e+06,5,QOSDATA_TID6,1066
4.0932e+06,20,ACK,14
4.09324e+06,5,CTL,20
4.09333e+06,10,RTS,20
4.09333e+06,14,RTS,20
4.09342e+06,1,RTS,20
4.09342e+06,19,RTS,20
4.09352e+06,17,RTS,20
4.09359e+06,20,CTS,14
4.09365e+06,17,QOSDATA_TID6,1066
4.09383e+06,20,ACK,14
4.09388e+06,17,CTL,20
4.09396e+06,7,RTS,20
4.09396e+06,2,RTS,20
4.09396e+06,10,RTS,20
4.09406e+06,15,RTS,20
4.09413e+06,20,CTS,14
4.09419e+06,15,QOSDATA_TID6,1066
4.09437e+06,20,ACK,14
4.09442e+06,15,CTL,20
4.0945e+06,14,RTS,20
4.09457e+06,20,CTS,14
4.09463e+06,14,QOSDATA_TID6,1066
4.09482e+06,20,ACK,14
4.09486e+06,14,CTL,20
4.09495e+06,4,RTS,20
4.09501e+06,20,CTS,14
4.09507e+06,4,QOSDATA_TID6,1066
4.09526e+06,20,ACK,14
4.0953e+06,4,CTL,20
4.09539e+06,3,RTS,20
4.09539e+06,6,RTS,20
4.09539e+06,18,RTS,20
4.09549e+06,11,RTS,20
4.09555e+06,20,CTS,14
4.09561e+06,11,QOSDATA_TID6,1066
4.0958e+06,20,ACK,14
4.09584e+06,11,QOSDATA_TID6,1066
4.09603e+06,20,ACK,14
4.09607e+06,11,CTL,20
4.09616e+06,8,RTS,20
4.09622e+06,20,CTS,14
4.09628e+06,8,QOSDATA_TID6,1066
4.09647e+06,20,ACK,14
4.09651e+06,8,CTL,20
4.0966e+06,1,RTS,20
4.0966e+06,16,RTS,20
4.0966e+06,3,RTS,20
4.0966e+06,9,RTS,20
4.0966e+06,10,RTS,20
4.0967e+06,2,RTS,20
4.0967e+06,6,RTS,20
4.0967e+06,14,RTS,20
4.0967e+06,7,RTS,20
4.09681e+06,19,RTS,20
4.09688e+06,20,CTS,14
4.09694e+06,19,QOSDATA_TID6,1066
4.09712e+06,20,ACK,14
4.09717e+06,19,CTL,20
4.09725e+06,3,RTS,20
4.09732e+06,20,CTS,14
4.09738e+06,3,QOSDATA_TID6,1066
4.09757e+06,20,ACK,14
4.09761e+06,3,QOSDATA_TID6,1066
4.09779e+06,20,ACK,14
4.09784e+06,3,CTL,20
4.09792e+06,6,RTS,20
4.09792e+06,13,RTS,20
4.09805e+06,1,RTS,20
4.09812e+06,20,CTS,14
4.09818e+06,1,QOSDATA_TID6,1066
4.09836e+06,20,ACK,14
4.0984e+06,1,QOSDATA_TID6,1066
4.09859e+06,20,ACK,14
4.09863e+06,1,QOSDATA_TID6,1066
4.09882e+06,20,ACK,14
4.09886e+06,1,QOSDATA_TID6,1066
4.09904e+06,20,ACK,14
4.09909e+06,1,QOSDATA_TID6,1066
4.09927e+06,20,ACK,14
4.09932e+06,1,QOSDATA_TID6,1066
4.0995e+06,20,ACK,14
4.09954e+06,1,CTL,20
4.09964e+06,11,RTS,20
4.09964e+06,0,RTS,20
4.09964e+06,13,RTS,20
4.09974e+06,12,RTS,20
4.09981e+06,20,CTS,14
4.09987e+06,12,QOSDATA_TID6,1066
4.10005e+06,20,ACK,14
4.10009e+06,12,CTL,20
4.10019e+06,11,RTS,20
4.10019e+06,3,RTS,20
4.1003e+06,19,RTS,20
4.1003e+06,5,RTS,20
4.10036e+06,20,CTS,14
4.10042e+06,5,QOSDATA_TID6,1066
4.10061e+06,20,ACK,14
4.10065e+06,5,CTL,20
4.10074e+06,15,RTS,20
4.10074e+06,14,RTS,20
4.10085e+06,4,RTS,20
4.10091e+06,20,CTS,14
4.10097e+06,4,QOSDATA_TID6,1066
4.10116e+06,20,ACK,14
4.1012e+06,4,CTL,20
4.10129e+06,17,RTS,20
4.10129e+06,3,RTS,20
4.10136e+06,20,CTS,14
4.10142e+06,17,QOSDATA_TID6,1066
4.1016e+06,20,ACK,14
4.10164e+06,17,CTL,20
4.10174e+06,0,RTS,20
4.10174e+06,18,RTS,20
4.10174e+06,15,RTS,20
4.10184e+06,19,RTS,20
4.10184e+06,16,RTS,20
4.10184e+06,3,RTS,20
4.10194e+06,0,CTS,14
4.10194e+06,7,RTS,20
4.10202e+06,0,RTS,20
4.10209e+06,20,CTS,14
4.10215e+06,0,QOSDATA_TID6,1066
4.10233e+06,20,ACK,14
4.10238e+06,0,CTL,20
4.10246e+06,3,RTS,20
4.10246e+06,19,RTS,20
4.10253e+06,20,CTS,14
4.10259e+06,19,QOSDATA_TID6,1066
4.10278e+06,20,ACK,14
4.10282e+06,19,CTL,20
4.1029e+06,8,RTS,20
4.10297e+06,20,CTS,14
4.10303e+06,8,QOSDATA_TID6,1066
4.10322e+06,20,ACK,14
4.10326e+06,8,CTL,20
4.10335e+06,6,RTS,20
4.10342e+06,20,CTS,14
4.10348e+06,6,QOSDATA_TID6,1066
4.10366e+06,20,ACK,14
4.1037e+06,6,QOSDATA_TID6,1066
4.10389e+06,20,ACK,14
4.10393e+06,6,QOSDATA_TID6,1066
4.10412e+06,20,ACK,14
4.10416e+06,6,QOSDATA_TID6,1066
4.10434e+06,20,ACK,14
4.10439e+06,6,CTL,20
4.10447e+06,18,RTS,20
4.10447e+06,2,RTS,20
4.10447e+06,7,RTS,20
4.10447e+06,9,RTS,20
4.10447e+06,16,RTS,20
4.10457e+06,10,RTS,20
4.10464e+06,20,CTS,14
4.1047e+06,10,QOSDATA_TID6,1066
4.10488e+06,20,ACK,14
4.10493e+06,10,QOSDATA_TID6,1066
4.10511e+06,20,ACK,14
4.10516e+06,10,CTL,20
4.10524e+06,14,RTS,20
4.10531e+06,20,CTS,14
4.10537e+06,14,QOSDATA_TID6,1066
4.10555e+06,20,ACK,14
4.1056e+06,14,QOSDATA_TID6,1066
4.10578e+06,20,ACK,14
4.10582e+06,14,CTL,20
4.10591e+06,15,RTS,20
4.10591e+06,3,RTS,20
4.10602e+06,11,RTS,20
4.10609e+06,20,CTS,14
4.10615e+06,11,QOSDATA_TID6,1066
4.10633e+06,20,ACK,14
4.10637e+06,11,CTL,20
4.10646e+06,16,RTS,20
4.10653e+06,20,CTS,14
4.10659e+06,16,QOSDATA_TID6,1066
4.10677e+06,20,ACK,14
4.10682e+06,16,QOSDATA_TID6,1066
4.107e+06,20,ACK,14
4.10704e+06,16,CTL,20
4.10713e+06,12,RTS,20
4.10713e+06,0,RTS,20
4.10713e+06,6,RTS,20
4.1072e+06,20,CTS,14
4.10726e+06,12,QOSDATA_TID6,1066
4.10744e+06,20,ACK,14
4.10749e+06,12,CTL,20
4.10758e+06,11,RTS,20
4.10758e+06,19,RTS,20
4.10758e+06,13,RTS,20
4.10758e+06,6,RTS,20
4.10758e+06,3,RTS,20
4.10768e+06,18,RTS,20
4.10775e+06,20,CTS,14
4.10781e+06,18,QOSDATA_TID6,1066
4.10799e+06,20,ACK,14
4.10804e+06,18,QOSDATA_TID6,1066
4.10822e+06,20,ACK,14
4.10826e+06,18,CTL,20
4.10835e+06,15,RTS,20
4.10842e+06,20,CTS,14
4.10848e+06,15,QOSDATA_TID6,1066
4.10866e+06,20,ACK,14
4.10871e+06,15,QOSDATA_TID6,1066
4.10889e+06,20,ACK,14
4.10893e+06,15,CTL,20
4.10902e+06,6,RTS,20
4.10902e+06,4,RTS,20
4.10902e+06,10,RTS,20
4.10913e+06,5,RTS,20
4.10913e+06,1,RTS,20
4.1092e+06,20,CTS,14
4.10926e+06,5,QOSDATA_TID6,1066
4.10944e+06,20,ACK,14
4.10948e+06,5,CTL,20
4.10957e+06,17,RTS,20
4.10964e+06,20,CTS,14
4.1097e+06,17,QOSDATA_TID6,1066
4.10988e+06,20,ACK,14
4.10992e+06,17,CTL,20
4.11002e+06,1,RTS,20
4.11002e+06,19,RTS,20
4.11002e+06,11,RTS,20
4.11012e+06,9,RTS,20
4.11019e+06,20,CTS,14
4.11025e+06,9,QOSDATA_TID6,1066
4.11043e+06,20,ACK,14
4.11047e+06,9,QOSDATA_TID6,1066
4.11066e+06,20,ACK,14
4.1107e+06,9,QOSDATA_TID6,1066
4.11089e+06,20,ACK,14
4.11093e+06,9,CTL,20
4.11102e+06,8,RTS,20
4.11108e+06,20,CTS,14
4.11114e+06,8,QOSDATA_TID6,1066
4.11133e+06,20,ACK,14
4.11137e+06,8,CTL,20
4.11146e+06,11,RTS,20
4.11146e+06,7,RTS,20
4.11153e+06,20,CTS,14
4.11159e+06,7,QOSDATA_TID6,1066
4.11177e+06,20,ACK,14
4.11181e+06,7,QOSDATA_TID6,1066
4.112e+06,20,ACK,14
4.11204e+06,7,QOSDATA_TID6,1066
4.11223e+06,20,ACK,14
4.11227e+06,7,CTL,20
4.11235e+06,20,BEACON,152
4.11261e+06,0,RTS,20
4.11261e+06,18,RTS,20
4.11261e+06,3,RTS,20
4.11271e+06,13,RTS,20
4.11278e+06,20,CTS,14
4.11284e+06,13,QOSDATA_TID6,1066
4.11302e+06,20,ACK,14
4.11306e+06,13,QOSDATA_TID6,1066
4.11325e+06,20,ACK,14
4.11329e+06,13,CTL,20
4.11338e+06,1,RTS,20
4.11338e+06,2,RTS,20
4.11338e+06,3,RTS,20
4.11348e+06,10,RTS,20
4.11348e+06,6,RTS,20
4.11348e+06,14,RTS,20
4.11358e+06,7,RTS,20
4.11365e+06,20,CTS,14
4.11371e+06,7,QOSDATA_TID6,1066
4.11389e+06,20,ACK,14
4.11394e+06,7,CTL,20
4.11402e+06,13,RTS,20
4.11402e+06,1,RTS,20
4.11402e+06,6,RTS,20
4.11402e+06,14,RTS,20
4.11413e+06,3,RTS,20
4.11413e+06,9,RTS,20
4.11423e+06,4,RTS,20
4.1143e+06,20,CTS,14
4.11436e+06,4,QOSDATA_TID6,1066
4.11454e+06,20,ACK,14
4.11458e+06,4,CTL,20
4.11467e+06,16,RTS,20
4.11467e+06,12,RTS,20
4.11467e+06,2,RTS,20
4.11467e+06,9,RTS,20
4.11467e+06,6,RTS,20
4.11478e+06,19,RTS,20
4.11485e+06,20,CTS,14
4.11491e+06,19,QOSDATA_TID6,1066
4.11509e+06,20,ACK,14
4.11513e+06,19,QOSDATA_TID6,1066
4.11532e+06,20,ACK,14
4.11536e+06,19,CTL,20
4.11545e+06,6,RTS,20
4.11552e+06,20,CTS,14
4.11558e+06,6,QOSDATA_TID6,1066
4.11576e+06,20,ACK,14
4.1158e+06,6,QOSDATA_TID6,1066
4.11599e+06,20,ACK,14
4.11603e+06,6,CTL,20
4.11612e+06,18,RTS,20
4.11612e+06,12,RTS,20
4.11612e+06,3,RTS,20
4.11612e+06,1,RTS,20
4.11622e+06,13,RTS,20
4.11628e+06,20,CTS,14
4.11634e+06,13,QOSDATA_TID6,1066
4.11653e+06,20,ACK,14
4.11657e+06,13,CTL,20
4.11666e+06,15,RTS,20
4.11673e+06,20,CTS,14
4.11679e+06,15,QOSDATA_TID6,1066
4.11697e+06,20,ACK,14
4.11702e+06,15,CTL,20
4.1171e+06,0,CTS,14
4.1171e+06,17,RTS,20
4.1171e+06,11,RTS,20
4.1171e+06,10,RTS,20
4.1171e+06,9,RTS,20
4.11724e+06,9,RTS,20
4.11724e+06,0,RTS,20
4.11731e+06,20,CTS,14
4.11737e+06,0,QOSDATA_TID6,1066
4.11755e+06,20,ACK,14
4.1176e+06,0,QOSDATA_TID6,1066
4.11778e+06,20,ACK,14
4.11782e+06,0,CTL,20
4.11791e+06,18,RTS,20
4.11791e+06,5,RTS,20
4.11791e+06,11,RTS,20
4.11798e+06,20,CTS,14
4.11804e+06,5,QOSDATA_TID6,1066
4.11822e+06,20,ACK,14
4.11827e+06,5,CTL,20
4.11835e+06,14,RTS,20
4.11842e+06,20,CTS,14
4.11848e+06,14,QOSDATA_TID6,1066
4.11866e+06,20,ACK,14
4.11871e+06,14,CTL,20
4.1188e+06,4,RTS,20
4.11886e+06,20,CTS,14
4.11892e+06,4,QOSDATA_TID6,1066
4.11911e+06,20,ACK,14
4.11915e+06,4,CTL,20
4.11924e+06,2,RTS,20
4.1193e+06,20,CTS,14
4.11936e+06,2,QOSDATA_TID6,1066
4.11955e+06,20,ACK,14
4.11959e+06,2,QOSDATA_TID6,1066
4.11978e+06,20,ACK,14
4.11982e+06,2,QOSDATA_TID6,1066
4.12e+06,20,ACK,14
4.12005e+06,2,QOSDATA_TID6,1066
4.12023e+06,20,ACK,14
4.12028e+06,2,CTL,20
4.12036e+06,8,RTS,20
4.12036e+06,12,RTS,20
4.12036e+06,14,RTS,20
4.12036e+06,16,RTS,20
4.12046e+06,17,RTS,20
4.12046e+06,3,RTS,20
4.12046e+06,9,RTS,20
4.12053e+06,20,CTS,14
4.12059e+06,17,QOSDATA_TID6,1066
4.12077e+06,20,ACK,14
4.12082e+06,17,CTL,20
4.1209e+06,8,RTS,20
4.12097e+06,20,CTS,14
4.12103e+06,8,QOSDATA_TID6,1066
4.12122e+06,20,ACK,14
4.12126e+06,8,CTL,20
4.12134e+06,1,RTS,20
4.12134e+06,12,RTS,20
4.12134e+06,16,RTS,20
4.12134e+06,3,RTS,20
4.12134e+06,10,RTS,20
4.12145e+06,0,RTS,20
4.12152e+06,20,CTS,14
4.12158e+06,0,QOSDATA_TID6,1066
4.12176e+06,20,ACK,14
4.12181e+06,0,CTL,20
4.1219e+06,18,RTS,20
4.1219e+06,7,RTS,20
4.1219e+06,11,RTS,20
4.122e+06,14,RTS,20
4.12207e+06,20,CTS,14
4.12213e+06,14,QOSDATA_TID6,1066
4.12231e+06,20,ACK,14
4.12236e+06,14,CTL,20
4.12244e+06,11,RTS,20
4.12251e+06,20,CTS,14
4.12257e+06,11,QOSDATA_TID6,1066
4.12276e+06,20,ACK,14
4.1228e+06,11,QOSDATA_TID6,1066
4.12298e+06,20,ACK,14
4.12303e+06,11,QOSDATA_TID6,1066
4.12321e+06,20,ACK,14
4.12326e+06,11,CTL,20
4.12334e+06,17,RTS,20
4.12334e+06,18,RTS,20
4.12341e+06,20,CTS,14
4.12347e+06,17,QOSDATA_TID6,1066
4.12365e+06,20,ACK,14
4.1237e+06,17,CTL,20
4.12379e+06,1,RTS,20
4.12379e+06,19,RTS,20
4.12379e+06,9,RTS,20
4.12379e+06,18,RTS,20
4.12379e+06,13,RTS,20
4.12379e+06,6,RTS,20
4.1239e+06,12,RTS,20
4.12397e+06,20,CTS,14
4.12403e+06,12,QOSDATA_TID6,1066
4.12421e+06,20,ACK,14
4.12426e+06,12,QOSDATA_TID6,1066
4.12444e+06,20,ACK,14
4.12448e+06,12,CTL,20
4.12457e+06,19,RTS,20
4.12464e+06,20,CTS,14
4.1247e+06,19,QOSDATA_TID6,1066
4.12488e+06,20,ACK,14
4.12493e+06,19,CTL,20
4.12501e+06,1,RTS,20
4.12501e+06,5,RTS,20
4.12501e+06,7,RTS,20
4.12508e+06,20,CTS,14
4.12514e+06,5,QOSDATA_TID6,1066
4.12532e+06,20,ACK,14
4.12537e+06,5,CTL,20
4.12545e+06,2,RTS,20
4.12545e+06,16,RTS,20
4.12557e+06,15,RTS,20
4.12564e+06,20,CTS,14
4.1257e+06,15,QOSDATA_TID6,1066
4.12588e+06,20,ACK,14
4.12593e+06,15,CTL,20
4.12602e+06,16,RTS,20
4.12602e+06,4,RTS,20
4.12612e+06,3,RTS,20
4.12612e+06,9,RTS,20
4.12612e+06,18,RTS,20
4.12612e+06,10,RTS,20
4.12622e+06,6,RTS,20
4.12628e+06,20,CTS,14
4.12634e+06,6,QOSDATA_TID6,1066
4.12653e+06,20,ACK,14
4.12657e+06,6,CTL,20
4.12666e+06,8,RTS,20
4.12666e+06,16,RTS,20
4.12666e+06,4,RTS,20
4.12673e+06,20,CTS,14
4.12679e+06,8,QOSDATA_TID6,1066
4.12697e+06,20,ACK,14
4.12702e+06,8,CTL,20
4.12711e+06,1,RTS,20
4.12711e+06,7,RTS,20
4.12711e+06,2,RTS,20
4.12711e+06,9,RTS,20
4.12711e+06,13,RTS,20
4.12711e+06,10,RTS,20
4.12723e+06,18,RTS,20
4.12729e+06,20,CTS,14
4.12735e+06,18,QOSDATA_TID6,1066
4.12754e+06,20,ACK,14
4.12758e+06,18,QOSDATA_TID6,1066
4.12777e+06,20,ACK,14
4.12781e+06,18,CTL,20
4.1279e+06,14,RTS,20
4.1279e+06,16,RTS,20
4.128e+06,9,RTS,20
4.12807e+06,20,CTS,14
4.12813e+06,9,QOSDATA_TID6,1066
4.12832e+06,20,ACK,14
4.12836e+06,9,CTL,20
4.12845e+06,1,RTS,20
4.12852e+06,20,CTS,14
4.12858e+06,1,QOSDATA_TID6,1066
4.12877e+06,20,ACK,14
4.12881e+06,1,QOSDATA_TID6,1066
4.12899e+06,20,ACK,14
4.12904e+06,1,CTL,20
4.12912e+06,7,RTS,20
4.12912e+06,2,RTS,20
4.12926e+06,14,RTS,20
4.12933e+06,20,CTS,14
4.12939e+06,14,QOSDATA_TID6,1066
4.12957e+06,20,ACK,14
4.12961e+06,14,CTL,20
4.12971e+06,0,RTS,20
4.12971e+06,4,RTS,20
4.12978e+06,20,CTS,14
4.12984e+06,0,QOSDATA_TID6,1066
4.13002e+06,20,ACK,14
4.13006e+06,0,CTL,20
4.13015e+06,9,RTS,20
4.13022e+06,20,CTS,14
4.13028e+06,9,QOSDATA_TID6,1066
4.13046e+06,20,ACK,14
4.13051e+06,9,CTL,20
4.13059e+06,4,RTS,20
4.13066e+06,20,CTS,14
4.13072e+06,4,QOSDATA_TID6,1066
4.1309e+06,20,ACK,14
4.13095e+06,4,CTL,20
4.13104e+06,13,RTS,20
4.13104e+06,10,RTS,20
4.13114e+06,19,RTS,20
4.13121e+06,20,CTS,14
4.13127e+06,19,QOSDATA_TID6,1066
4.13146e+06,20,ACK,14
4.1315e+06,19,CTL,20
4.13158e+06,1,RTS,20
4.13158e+06,17,RTS,20
4.13168e+06,11,RTS,20
4.13168e+06,16,RTS,20
4.13178e+06,3,RTS,20
4.13178e+06,6,RTS,20
4.13185e+06,20,CTS,14
4.13191e+06,6,QOSDATA_TID6,1066
4.13209e+06,20,ACK,14
4.13214e+06,6,CTL,20
4.13222e+06,16,RTS,20
4.13229e+06,20,CTS,14
4.13235e+06,16,QOSDATA_TID6,1066
4.13254e+06,20,ACK,14
4.13258e+06,16,QOSDATA_TID6,1066
4.13276e+06,20,ACK,14
4.13281e+06,16,CTL,20
4.13289e+06,12,RTS,20
4.13289e+06,7,RTS,20
4.13296e+06,20,CTS,14
4.13302e+06,12,QOSDATA_TID6,1066
4.1332e+06,20,ACK,14
4.13325e+06,12,CTL,20
4.13334e+06,11,RTS,20
4.1334e+06,20,CTS,14
4.13346e+06,11,QOSDATA_TID6,1066
4.13365e+06,20,ACK,14
4.13369e+06,11,CTL,20
4.13378e+06,2,RTS,20
4.13378e+06,3,RTS,20
4.13384e+06,20,CTS,14
4.1339e+06,2,QOSDATA_TID6,1066
4.13409e+06,20,ACK,14
4.13413e+06,2,QOSDATA_TID6,1066
4.13432e+06,20,ACK,14
4.13436e+06,2,CTL,20
4.13445e+06,3,RTS,20
4.13445e+06,13,RTS,20
4.13454e+06,17,RTS,20
4.13461e+06,20,CTS,14
4.13467e+06,17,QOSDATA_TID6,1066
4.13486e+06,20,ACK,14
4.1349e+06,17,CTL,20
4.135e+06,8,RTS,20
4.135e+06,1,RTS,20
4.135e+06,4,RTS,20
4.135e+06,18,RTS,20
4.135e+06,15,RTS,20
4.135e+06,10,RTS,20
4.1351e+06,7,RTS,20
4.13517e+06,20,CTS,14
4.13523e+06,7,QOSDATA_TID6,1066
4.13542e+06,20,ACK,14
4.13546e+06,7,QOSDATA_TID6,1066
4.13564e+06,20,ACK,14
4.13569e+06,7,CTL,20
4.13577e+06,1,RTS,20
4.13577e+06,4,RTS,20
4.13577e+06,14,RTS,20
4.13584e+06,20,CTS,14
4.1359e+06,1,QOSDATA_TID6,1066
4.13608e+06,20,ACK,14
4.13613e+06,1,CTL,20
4.13622e+06,10,RTS,20
4.13628e+06,20,CTS,14
4.13634e+06,10,QOSDATA_TID6,1066
4.13653e+06,20,ACK,14
4.13657e+06,10,QOSDATA_TID6,1066
4.13676e+06,20,ACK,14
4.1368e+06,10,QOSDATA_TID6,1066
4.13698e+06,20,ACK,14
4.13703e+06,10,CTL,20
4.13711e+06,18,RTS,20
4.13711e+06,3,RTS,20
4.13711e+06,0,RTS,20
4.13722e+06,5,RTS,20
4.13729e+06,20,CTS,14
4.13735e+06,5,QOSDATA_TID6,1066
4.13753e+06,20,ACK,14
4.13758e+06,5,CTL,20
4.13766e+06,16,RTS,20
4.13766e+06,13,RTS,20
4.13777e+06,7,RTS,20
4.13777e+06,18,RTS,20
4.13784e+06,20,CTS,14
4.1379e+06,7,QOSDATA_TID6,1066
4.13808e+06,20,ACK,14
4.13812e+06,7,CTL,20
4.13821e+06,16,RTS,20
4.13828e+06,20,CTS,14
4.13834e+06,16,QOSDATA_TID6,1066
4.13852e+06,20,ACK,14
4.13857e+06,16,CTL,20
4.13866e+06,15,RTS,20
4.13866e+06,14,RTS,20
4.13876e+06,8,RTS,20
4.13876e+06,9,RTS,20
4.13883e+06,20,CTS,14
4.13889e+06,8,QOSDATA_TID6,1066
4.13907e+06,20,ACK,14
4.13912e+06,8,CTL,20
4.1392e+06,1,RTS,20
4.1392e+06,19,RTS,20
4.1392e+06,14,RTS,20
4.1393e+06,4,RTS,20
4.13937e+06,20,CTS,14
4.13943e+06,4,QOSDATA_TID6,1066
4.13961e+06,20,ACK,14
4.13966e+06,4,CTL,20
4.13975e+06,11,RTS,20
4.13975e+06,12,RTS,20
4.13975e+06,3,RTS,20
4.13975e+06,18,RTS,20
4.13982e+06,20,CTS,14
4.13988e+06,12,QOSDATA_TID6,1066
4.14006e+06,20,ACK,14
4.14011e+06,12,CTL,20
4.14019e+06,19,RTS,20
4.14026e+06,20,CTS,14
4.14032e+06,19,QOSDATA_TID6,1066
4.14051e+06,20,ACK,14
4.14055e+06,19,CTL,20
4.14064e+06,5,RTS,20
4.14064e+06,2,RTS,20
4.14064e+06,3,RTS,20
4.14064e+06,10,RTS,20
4.1407e+06,20,CTS,14
4.14076e+06,5,QOSDATA_TID6,1066
4.14095e+06,20,ACK,14
4.14099e+06,5,CTL,20
4.14109e+06,17,RTS,20
4.14109e+06,4,RTS,20
4.14109e+06,13,RTS,20
4.14116e+06,20,CTS,14
4.14122e+06,17,QOSDATA_TID6,1066
4.1414e+06,20,ACK,14
4.14144e+06,17,CTL,20
4.14153e+06,6,RTS,20
4.1416e+06,20,CTS,14
4.14166e+06,6,QOSDATA_TID6,1066
4.14184e+06,20,ACK,14
4.14188e+06,6,CTL,20
4.14197e+06,0,RTS,20
4.14197e+06,10,RTS,20
4.14204e+06,20,CTS,14
4.1421e+06,0,QOSDATA_TID6,1066
4.14228e+06,20,ACK,14
4.14233e+06,0,CTL,20
4.14241e+06,10,RTS,20
4.14248e+06,20,CTS,14
4.14254e+06,10,QOSDATA_TID6,1066
4.14272e+06,20,ACK,14
4.14277e+06,10,CTL,20
4.14286e+06,18,RTS,20
4.14286e+06,9,RTS,20
4.14286e+06,14,RTS,20
4.14296e+06,11,RTS,20
4.14303e+06,20,CTS,14
4.14309e+06,11,QOSDATA_TID6,1066
4.14327e+06,20,ACK,14
4.14332e+06,11,CTL,20
4.1434e+06,1,RTS,20
4.1434e+06,8,RTS,20
4.14351e+06,4,RTS,20
4.14351e+06,9,RTS,20
4.14351e+06,15,RTS,20
4.14364e+06,1,RTS,20
4.1437e+06,20,CTS,14
4.14376e+06,1,QOSDATA_TID6,1066
4.14395e+06,20,ACK,14
4.14399e+06,1,CTL,20
4.14408e+06,8,RTS,20
4.14415e+06,20,CTS,14
4.14421e+06,8,QOSDATA_TID6,1066
4.14439e+06,20,ACK,14
4.14443e+06,8,CTL,20
4.14452e+06,4,RTS,20
4.14459e+06,20,CTS,14
4.14465e+06,4,QOSDATA_TID6,1066
4.14483e+06,20,ACK,14
4.14488e+06,4,CTL,20
4.14496e+06,2,RTS,20
4.14496e+06,18,RTS,20
4.14507e+06,16,RTS,20
4.14514e+06,20,CTS,14
4.1452e+06,16,QOSDATA_TID6,1066
4.14538e+06,20,ACK,14
4.14542e+06,16,CTL,20
4.14551e+06,13,RTS,20
4.14551e+06,0,RTS,20
4.14558e+06,20,CTS,14
4.14564e+06,0,QOSDATA_TID6,1066
4.14582e+06,20,ACK,14
4.14587e+06,0,CTL,20
4.14596e+06,14,RTS,20
4.14596e+06,15,RTS,20
4.14608e+06,18,RTS,20
4.14615e+06,20,CTS,14
4.14621e+06,18,QOSDATA_TID6,1066
4.14639e+06,20,ACK,14
4.14643e+06,18,QOSDATA_TID6,1066
4.14662e+06,20,ACK,14
4.14666e+06,18,CTL,20
4.14675e+06,3,RTS,20
4.14675e+06,9,RTS,20
4.14685e+06,14,RTS,20
4.14685e+06,15,RTS,20
4.14694e+06,12,RTS,20
4.14701e+06,20,CTS,14
4.14707e+06,12,QOSDATA_TID6,1066
4.14726e+06,20,ACK,14
4.1473e+06,12,CTL,20
4.14739e+06,17,RTS,20
4.14739e+06,19,RTS,20
4.14739e+06,2,RTS,20
4.14739e+06,6,RTS,20
4.14748e+06,11,RTS,20
4.14755e+06,20,CTS,14
4.14761e+06,11,QOSDATA_TID6,1066
4.1478e+06,20,ACK,14
4.14784e+06,11,CTL,20
4.14793e+06,1,RTS,20
4.14793e+06,7,RTS,20
4.14802e+06,14,RTS,20
4.14809e+06,20,CTS,14
4.14815e+06,14,QOSDATA_TID6,1066
4.14834e+06,20,ACK,14
4.14838e+06,14,QOSDATA_TID6,1066
4.14856e+06,20,ACK,14
4.14861e+06,14,CTL,20
4.1487e+06,10,RTS,20
4.1487e+06,1,RTS,20
4.14876e+06,20,CTS,14
4.14882e+06,1,QOSDATA_TID6,1066
4.14901e+06,20,ACK,14
4.14905e+06,1,CTL,20
4.14914e+06,4,RTS,20
4.1492e+06,20,CTS,14
4.14926e+06,4,QOSDATA_TID6,1066
4.14945e+06,20,ACK,14
4.14949e+06,4,CTL,20
4.14958e+06,13,RTS,20
4.14958e+06,9,RTS,20
4.14968e+06,6,RTS,20
4.14974e+06,20,CTS,14
4.1498e+06,6,QOSDATA_TID6,1066
4.14999e+06,20,ACK,14
4.15003e+06,6,CTL,20
4.15013e+06,2,RTS,20
4.15013e+06,5,RTS,20
4.15013e+06,7,RTS,20
4.15013e+06,3,RTS,20
4.1502e+06,20,CTS,14
4.15026e+06,5,QOSDATA_TID6,1066
4.15044e+06,20,ACK,14
4.15048e+06,5,CTL,20
4.15057e+06,2,RTS,20
4.15057e+06,3,RTS,20
4.15064e+06,20,CTS,14
4.1507e+06,2,QOSDATA_TID6,1066
4.15088e+06,20,ACK,14
4.15093e+06,2,QOSDATA_TID6,1066
4.15111e+06,20,ACK,14
4.15115e+06,2,CTL,20
4.15124e+06,8,RTS,20
4.15124e+06,14,RTS,20
4.15131e+06,20,CTS,14
4.15137e+06,8,QOSDATA_TID6,1066
4.15155e+06,20,ACK,14
4.1516e+06,8,CTL,20
4.15168e+06,18,RTS,20
4.15175e+06,20,CTS,14
4.15181e+06,18,QOSDATA_TID6,1066
4.15199e+06,20,ACK,14
4.15204e+06,18,CTL,20
4.15212e+06,10,RTS,20
4.15212e+06,15,RTS,20
4.15212e+06,13,RTS,20
4.15222e+06,19,RTS,20
4.15229e+06,20,CTS,14
4.15235e+06,19,QOSDATA_TID6,1066
4.15253e+06,20,ACK,14
4.15258e+06,19,CTL,20
4.15266e+06,16,RTS,20
4.15273e+06,20,CTS,14
4.15279e+06,16,QOSDATA_TID6,1066
4.15298e+06,20,ACK,14
4.15302e+06,16,CTL,20
4.15311e+06,0,RTS,20
4.15317e+06,20,CTS,14
4.15323e+06,0,QOSDATA_TID6,1066
4.15342e+06,20,ACK,14
4.15346e+06,0,CTL,20
4.15355e+06,15,RTS,20
4.15355e+06,17,RTS,20
4.15355e+06,7,RTS,20
4.15366e+06,9,RTS,20
4.15366e+06,10,RTS,20
4.15375e+06,7,RTS,20
4.15382e+06,20,CTS,14
4.15388e+06,7,QOSDATA_TID6,1066
4.15406e+06,20,ACK,14
4.15411e+06,7,QOSDATA_TID6,1066
4.15429e+06,20,ACK,14
4.15434e+06,7,CTL,20
4.15442e+06,14,RTS,20
4.15442e+06,9,RTS,20
4.15454e+06,17,RTS,20
4.15454e+06,12,RTS,20
4.15465e+06,10,RTS,20
4.15472e+06,20,CTS,14
4.15478e+06,10,QOSDATA_TID6,1066
4.15496e+06,20,ACK,14
4.155e+06,10,CTL,20
4.15509e+06,3,RTS,20
4.15509e+06,6,RTS,20
4.15509e+06,12,RTS,20
4.15516e+06,20,CTS,14
4.15522e+06,12,QOSDATA_TID6,1066
4.1554e+06,20,ACK,14
4.15544e+06,12,CTL,20
4.15554e+06,19,RTS,20
4.15554e+06,14,RTS,20
4.15561e+06,20,CTS,14
4.15567e+06,19,QOSDATA_TID6,1066
4.15585e+06,20,ACK,14
4.1559e+06,19,CTL,20
4.156e+06,17,RTS,20
4.156e+06,3,RTS,20
4.15607e+06,20,CTS,14
4.15613e+06,17,QOSDATA_TID6,1066
4.15631e+06,20,ACK,14
4.15636e+06,17,QOSDATA_TID6,1066
4.15654e+06,20,ACK,14
4.15658e+06,17,CTL,20
4.15667e+06,10,RTS,20
4.15667e+06,14,RTS,20
4.15678e+06,5,RTS,20
4.15684e+06,20,CTS,14
4.1569e+06,5,QOSDATA_TID6,1066
4.15709e+06,20,ACK,14
4.15713e+06,5,CTL,20
4.15722e+06,1,RTS,20
4.15722e+06,10,RTS,20
4.15729e+06,20,CTS,14
4.15735e+06,1,QOSDATA_TID6,1066
4.15753e+06,20,ACK,14
4.15758e+06,1,CTL,20
4.15767e+06,11,RTS,20
4.15767e+06,2,RTS,20
4.15767e+06,6,RTS,20
4.15767e+06,10,RTS,20
4.15778e+06,13,RTS,20
4.15784e+06,20,CTS,14
4.1579e+06,13,QOSDATA_TID6,1066
4.15809e+06,20,ACK,14
4.15813e+06,13,QOSDATA_TID6,1066
4.15832e+06,20,ACK,14
4.15836e+06,13,QOSDATA_TID6,1066
4.15854e+06,20,ACK,14
4.15859e+06,13,QOSDATA_TID6,1066
4.15877e+06,20,ACK,14
4.15882e+06,13,CTL,20
4.15891e+06,9,RTS,20
4.15898e+06,20,CTS,14
4.15904e+06,9,QOSDATA_TID6,1066
4.15922e+06,20,ACK,14
4.15927e+06,9,QOSDATA_TID6,1066
4.15945e+06,20,ACK,14
4.1595e+06,9,CTL,20
4.15958e+06,2,RTS,20
4.15958e+06,8,RTS,20
4.15958e+06,14,RTS,20
4.15958e+06,15,RTS,20
4.15968e+06,4,RTS,20
4.15975e+06,20,CTS,14
4.15981e+06,4,QOSDATA_TID6,1066
4.15999e+06,20,ACK,14
4.16004e+06,4,CTL,20
4.16012e+06,14,RTS,20
4.16019e+06,20,CTS,14
4.16025e+06,14,QOSDATA_TID6,1066
4.16043e+06,20,ACK,14
4.16048e+06,14,QOSDATA_TID6,1066
4.16066e+06,20,ACK,14
4.16071e+06,14,CTL,20
4.16079e+06,15,RTS,20
4.16079e+06,6,RTS,20
4.16079e+06,18,RTS,20
4.16079e+06,3,RTS,20
4.1609e+06,2,RTS,20
4.16097e+06,20,CTS,14
4.16103e+06,2,QOSDATA_TID6,1066
4.16121e+06,20,ACK,14
4.16126e+06,2,CTL,20
4.16134e+06,16,RTS,20
4.16141e+06,20,CTS,14
4.16147e+06,16,QOSDATA_TID6,1066
4.16165e+06,20,ACK,14
4.1617e+06,16,CTL,20
4.16178e+06,11,RTS,20
4.16178e+06,8,RTS,20
4.16185e+06,20,CTS,14
4.16191e+06,8,QOSDATA_TID6,1066
4.1621e+06,20,ACK,14
4.16214e+06,8,CTL,20
4.16224e+06,7,RTS,20
4.16224e+06,9,RTS,20
4.16224e+06,0,RTS,20
4.16224e+06,13,RTS,20
4.16233e+06,10,RTS,20
4.1624e+06,20,CTS,14
4.16246e+06,10,QOSDATA_TID6,1066
4.16264e+06,20,ACK,14
4.16269e+06,10,CTL,20
4.16278e+06,7,RTS,20
4.16284e+06,20,CTS,14
4.1629e+06,7,QOSDATA_TID6,1066
4.16309e+06,20,ACK,14
4.16313e+06,7,CTL,20
4.16322e+06,12,RTS,20
4.16328e+06,20,CTS,14
4.16334e+06,12,QOSDATA_TID6,1066
4.16353e+06,20,ACK,14
4.16357e+06,12,CTL,20
4.16366e+06,17,RTS,20
4.16366e+06,11,RTS,20
4.16366e+06,15,RTS,20
4.16366e+06,6,RTS,20
4.16366e+06,3,RTS,20
4.16377e+06,18,RTS,20
4.16383e+06,20,CTS,14
4.16389e+06,18,QOSDATA_TID6,1066
4.16408e+06,20,ACK,14
4.16412e+06,18,CTL,20
4.16421e+06,11,RTS,20
4.16428e+06,20,CTS,14
4.16434e+06,11,QOSDATA_TID6,1066
4.16452e+06,20,ACK,14
4.16456e+06,11,QOSDATA_TID6,1066
4.16475e+06,20,ACK,14
4.16479e+06,11,CTL,20
4.16488e+06,4,RTS,20
4.16488e+06,1,RTS,20
4.16488e+06,5,RTS,20
4.16488e+06,9,RTS,20
4.16495e+06,20,CTS,14
4.16501e+06,5,QOSDATA_TID6,1066
4.16519e+06,20,ACK,14
4.16523e+06,5,CTL,20
4.16532e+06,13,RTS,20
4.16539e+06,20,CTS,14
4.16545e+06,13,QOSDATA_TID6,1066
4.16563e+06,20,ACK,14
4.16568e+06,13,CTL,20
4.16576e+06,15,RTS,20
4.16576e+06,19,RTS,20
4.16576e+06,10,RTS,20
4.16576e+06,9,RTS,20
4.16587e+06,2,RTS,20
4.16587e+06,0,RTS,20
4.166e+06,4,RTS,20
4.16607e+06,20,CTS,14
4.16613e+06,4,QOSDATA_TID6,1066
4.16632e+06,20,ACK,14
4.16636e+06,4,CTL,20
4.16644e+06,18,RTS,20
4.16651e+06,20,CTS,14
4.16657e+06,18,QOSDATA_TID6,1066
4.16676e+06,20,ACK,14
4.1668e+06,18,CTL,20
4.16689e+06,8,RTS,20
4.16689e+06,1,RTS,20
4.16689e+06,15,RTS,20
4.16698e+06,3,RTS,20
4.16705e+06,20,CTS,14
4.16711e+06,3,QOSDATA_TID6,1066
4.1673e+06,20,ACK,14
4.16734e+06,3,QOSDATA_TID6,1066
4.16752e+06,20,ACK,14
4.16757e+06,3,QOSDATA_TID6,1066
4.16775e+06,20,ACK,14
4.1678e+06,3,QOSDATA_TID6,1066
4.16798e+06,20,ACK,14
4.16802e+06,3,QOSDATA_TID6,1066
4.16821e+06,20,ACK,14
4.16825e+06,3,QOSDATA_TID6,1066
4.16844e+06,20,ACK,14
4.16848e+06,3,CTL,20
4.16857e+06,2,RTS,20
4.16864e+06,20,CTS,14
4.1687e+06,2,QOSDATA_TID6,1066
4.16888e+06,20,ACK,14
4.16892e+06,2,CTL,20
4.16901e+06,19,RTS,20
4.16901e+06,8,RTS,20
4.16901e+06,17,RTS,20
4.16901e+06,6,RTS,20
4.16911e+06,10,RTS,20
4.16911e+06,9,RTS,20
4.16921e+06,1,RTS,20
4.16927e+06,20,CTS,14
4.16933e+06,1,QOSDATA_TID6,1066
4.16952e+06,20,ACK,14
4.16956e+06,1,CTL,20
4.16965e+06,16,RTS,20
4.16965e+06,13,RTS,20
4.16965e+06,14,RTS,20
4.16976e+06,10,RTS,20
4.16982e+06,20,CTS,14
4.16988e+06,10,QOSDATA_TID6,1066
4.17007e+06,20,ACK,14
4.17011e+06,10,CTL,20
4.1702e+06,16,RTS,20
4.1702e+06,13,RTS,20
4.1703e+06,7,RTS,20
4.1703e+06,0,CTS,14
4.17043e+06,15,RTS,20
4.1705e+06,20,CTS,14
4.17056e+06,15,QOSDATA_TID6,1066
4.17074e+06,20,ACK,14
4.17078e+06,15,QOSDATA_TID6,1066
4.17097e+06,20,ACK,14
4.17101e+06,15,QOSDATA_TID6,1066
4.1712e+06,20,ACK,14
4.17124e+06,15,QOSDATA_TID6,1066
4.17142e+06,20,ACK,14
4.17147e+06,15,CTL,20
4.17156e+06,11,RTS,20
4.17162e+06,20,CTS,14
4.17168e+06,11,QOSDATA_TID6,1066
4.17187e+06,20,ACK,14
4.17191e+06,11,CTL,20
4.172e+06,13,RTS,20
4.17206e+06,20,CTS,14
4.17212e+06,13,QOSDATA_TID6,1066
4.17231e+06,20,ACK,14
4.17235e+06,13,CTL,20
4.17244e+06,12,RTS,20
4.17244e+06,1,RTS,20
4.17244e+06,3,RTS,20
4.17251e+06,20,CTS,14
4.17257e+06,12,QOSDATA_TID6,1066
4.17275e+06,20,ACK,14
4.1728e+06,12,CTL,20
4.17288e+06,14,RTS,20
4.17295e+06,20,CTS,14
4.17301e+06,14,QOSDATA_TID6,1066
4.17319e+06,20,ACK,14
4.17324e+06,14,CTL,20
4.17332e+06,15,RTS,20
4.17332e+06,5,RTS,20
4.17332e+06,2,RTS,20
4.17332e+06,1,RTS,20
4.17332e+06,9,RTS,20
4.17339e+06,20,CTS,14
4.17345e+06,5,QOSDATA_TID6,1066
4.17364e+06,20,ACK,14
4.17368e+06,5,CTL,20
4.17376e+06,6,RTS,20
4.17376e+06,10,RTS,20
4.17383e+06,20,CTS,14
4.17389e+06,6,QOSDATA_TID6,1066
4.17408e+06,20,ACK,14
4.17412e+06,6,QOSDATA_TID6,1066
4.1743e+06,20,ACK,14
4.17435e+06,6,QOSDATA_TID6,1066
4.17453e+06,20,ACK,14
4.17458e+06,6,CTL,20
4.17466e+06,18,RTS,20
4.17466e+06,10,RTS,20
4.17466e+06,1,RTS,20
4.17466e+06,19,RTS,20
4.17466e+06,4,RTS,20
4.17476e+06,8,RTS,20
4.17483e+06,20,CTS,14
4.17489e+06,8,QOSDATA_TID6,1066
4.17507e+06,20,ACK,14
4.17512e+06,8,QOSDATA_TID6,1066
4.1753e+06,20,ACK,14
4.17534e+06,8,CTL,20
4.17543e+06,17,RTS,20
4.17543e+06,2,RTS,20
4.17543e+06,4,RTS,20
4.17543e+06,3,RTS,20
4.1755e+06,20,CTS,14
4.17556e+06,17,QOSDATA_TID6,1066
4.17574e+06,20,ACK,14
4.17579e+06,17,QOSDATA_TID6,1066
4.17597e+06,20,ACK,14
4.17602e+06,17,CTL,20
4.1761e+06,7,RTS,20
4.1761e+06,15,RTS,20
4.17622e+06,2,RTS,20
4.17628e+06,20,CTS,14
4.17634e+06,2,QOSDATA_TID6,1066
4.17653e+06,20,ACK,14
4.17657e+06,2,CTL,20
4.17667e+06,10,RTS,20
4.17674e+06,20,CTS,14
4.1768e+06,10,QOSDATA_TID6,1066
4.17698e+06,20,ACK,14
4.17702e+06,10,CTL,20
4.17711e+06,9,RTS,20
4.17711e+06,0,RTS,20
4.17718e+06,20,CTS,14
4.17724e+06,0,QOSDATA_TID6,1066
4.17742e+06,20,ACK,14
4.17747e+06,0,QOSDATA_TID6,1066
4.17765e+06,20,ACK,14
4.1777e+06,0,QOSDATA_TID6,1066
4.17788e+06,20,ACK,14
4.17792e+06,0,CTL,20
4.17801e+06,16,RTS,20
4.17808e+06,20,CTS,14
4.17814e+06,16,QOSDATA_TID6,1066
4.17832e+06,20,ACK,14
4.17836e+06,16,QOSDATA_TID6,1066
4.17855e+06,20,ACK,14
4.17859e+06,16,CTL,20
4.17868e+06,4,RTS,20
4.17868e+06,1,RTS,20
4.17868e+06,13,RTS,20
4.17868e+06,3,RTS,20
4.17868e+06,15,RTS,20
4.17868e+06,14,RTS,20
4.17878e+06,11,RTS,20
4.17884e+06,20,CTS,14
4.1789e+06,11,QOSDATA_TID6,1066
4.17909e+06,20,ACK,14
4.17913e+06,11,CTL,20
4.17922e+06,7,RTS,20
4.17922e+06,18,RTS,20
4.17922e+06,6,RTS,20
4.17922e+06,14,RTS,20
4.17933e+06,19,RTS,20
4.17939e+06,20,CTS,14
4.17945e+06,19,QOSDATA_TID6,1066
4.17964e+06,20,ACK,14
4.17968e+06,19,QOSDATA_TID6,1066
4.17987e+06,20,ACK,14
4.17991e+06,19,QOSDATA_TID6,1066
4.18009e+06,20,ACK,14
4.18014e+06,19,CTL,20
4.18023e+06,12,RTS,20
4.1803e+06,20,CTS,14
4.18036e+06,12,QOSDATA_TID6,1066
4.18054e+06,20,ACK,14
4.18059e+06,12,CTL,20
4.18068e+06,7,RTS,20
4.18068e+06,13,RTS,20
4.18068e+06,3,RTS,20
4.18068e+06,10,RTS,20
4.18077e+06,17,RTS,20
4.18084e+06,20,CTS,14
4.1809e+06,17,QOSDATA_TID6,1066
4.18108e+06,20,ACK,14
4.18113e+06,17,CTL,20
4.18122e+06,5,RTS,20
4.18122e+06,10,RTS,20
4.18128e+06,20,CTS,14
4.18134e+06,5,QOSDATA_TID6,1066
4.18153e+06,20,ACK,14
4.18157e+06,5,CTL,20
4.18167e+06,7,RTS,20
4.18167e+06,9,RTS,20
4.18173e+06,20,CTS,14
4.18179e+06,7,QOSDATA_TID6,1066
4.18198e+06,20,ACK,14
4.18202e+06,7,QOSDATA_TID6,1066
4.18221e+06,20,ACK,14
4.18225e+06,7,CTL,20
4.18235e+06,1,RTS,20
4.18235e+06,4,RTS,20
4.18235e+06,2,RTS,20
4.18235e+06,6,RTS,20
4.18235e+06,14,RTS,20
4.18235e+06,10,RTS,20
4.18248e+06,18,RTS,20
4.18255e+06,20,CTS,14
4.18261e+06,18,QOSDATA_TID6,1066
4.18279e+06,20,ACK,14
4.18284e+06,18,QOSDATA_TID6,1066
4.18302e+06,20,ACK,14
4.18306e+06,18,CTL,20
4.18315e+06,8,RTS,20
4.18322e+06,20,CTS,14
4.18328e+06,8,QOSDATA_TID6,1066
4.18346e+06,20,ACK,14
4.1835e+06,8,CTL,20
4.18359e+06,13,RTS,20
4.18366e+06,20,CTS,14
4.18372e+06,13,QOSDATA_TID6,1066
4.1839e+06,20,ACK,14
4.18395e+06,13,CTL,20
4.18403e+06,4,RTS,20
4.18403e+06,9,RTS,20
4.18414e+06,14,RTS,20
4.18414e+06,15,RTS,20
4.18424e+06,1,RTS,20
4.18431e+06,20,CTS,14
4.18437e+06,1,QOSDATA_TID6,1066
4.18455e+06,20,ACK,14
4.18459e+06,1,QOSDATA_TID6,1066
4.18478e+06,20,ACK,14
4.18482e+06,1,CTL,20
4.18491e+06,6,RTS,20
4.18491e+06,10,RTS,20
4.18498e+06,20,CTS,14
4.18504e+06,6,QOSDATA_TID6,1066
4.18522e+06,20,ACK,14
4.18526e+06,6,CTL,20
4.18535e+06,10,RTS,20
4.18542e+06,20,CTS,14
4.18548e+06,10,QOSDATA_TID6,1066
4.18566e+06,20,ACK,14
4.18571e+06,10,CTL,20
4.18579e+06,2,RTS,20
4.18579e+06,9,RTS,20
4.18579e+06,15,RTS,20
4.18589e+06,16,RTS,20
4.18596e+06,20,CTS,14
4.18602e+06,16,QOSDATA_TID6,1066
4.1862e+06,20,ACK,14
4.18625e+06,16,CTL,20
4.18633e+06,0,RTS,20
4.1864e+06,20,CTS,14
4.18646e+06,0,QOSDATA_TID6,1066
4.18664e+06,20,ACK,14
4.18669e+06,0,CTL,20
4.18678e+06,2,RTS,20
4.18678e+06,12,RTS,20
4.18678e+06,11,RTS,20
4.18684e+06,20,CTS,14
4.1869e+06,12,QOSDATA_TID6,1066
4.18709e+06,20,ACK,14
4.18713e+06,12,CTL,20
4.18723e+06,7,RTS,20
4.18723e+06,1,RTS,20
4.18723e+06,13,RTS,20
4.18723e+06,3,RTS,20
4.18732e+06,6,RTS,20
4.18732e+06,11,RTS,20
4.18732e+06,4,RTS,20
4.18742e+06,3,RTS,20
4.18749e+06,20,CTS,14
4.18755e+06,3,QOSDATA_TID6,1066
4.18773e+06,20,ACK,14
4.18778e+06,3,QOSDATA_TID6,1066
4.18796e+06,20,ACK,14
4.18801e+06,3,QOSDATA_TID6,1066
4.18819e+06,20,ACK,14
4.18823e+06,3,CTL,20
4.18832e+06,5,RTS,20
4.18832e+06,11,RTS,20
4.18839e+06,20,CTS,14
4.18845e+06,5,QOSDATA_TID6,1066
4.18863e+06,20,ACK,14
4.18868e+06,5,CTL,20
4.18876e+06,1,RTS,20
4.18883e+06,20,CTS,14
4.18889e+06,1,QOSDATA_TID6,1066
4.18907e+06,20,ACK,14
4.18912e+06,1,CTL,20
4.1892e+06,17,RTS,20
4.1892e+06,6,RTS,20
4.18927e+06,20,CTS,14
4.18933e+06,17,QOSDATA_TID6,1066
4.18952e+06,20,ACK,14
4.18956e+06,17,CTL,20
4.18966e+06,19,RTS,20
4.18966e+06,2,RTS,20
4.18966e+06,13,RTS,20
4.18977e+06,4,RTS,20
4.18984e+06,20,CTS,14
4.1899e+06,4,QOSDATA_TID6,1066
4.19008e+06,20,ACK,14
4.19013e+06,4,QOSDATA_TID6,1066
4.19031e+06,20,ACK,14
4.19036e+06,4,QOSDATA_TID6,1066
4.19054e+06,20,ACK,14
4.19058e+06,4,CTL,20
4.19067e+06,8,RTS,20
4.19067e+06,2,RTS,20
4.19067e+06,14,RTS,20
4.19078e+06,13,RTS,20
4.19085e+06,20,CTS,14
4.19091e+06,13,QOSDATA_TID6,1066
4.1911e+06,20,ACK,14
4.19114e+06,13,CTL,20
4.19123e+06,8,RTS,20
4.1913e+06,20,CTS,14
4.19136e+06,8,QOSDATA_TID6,1066
4.19154e+06,20,ACK,14
4.19158e+06,8,CTL,20
4.19168e+06,7,RTS,20
4.19168e+06,9,RTS,20
4.19168e+06,10,RTS,20
4.19168e+06,14,RTS,20
4.19178e+06,2,RTS,20
4.19185e+06,20,CTS,14
4.19191e+06,2,QOSDATA_TID6,1066
4.1921e+06,20,ACK,14
4.19214e+06,2,QOSDATA_TID6,1066
4.19232e+06,20,ACK,14
4.19237e+06,2,CTL,20
4.19246e+06,6,RTS,20
4.19246e+06,16,RTS,20
4.19259e+06,9,RTS,20
4.19266e+06,20,CTS,14
4.19272e+06,9,QOSDATA_TID6,1066
4.1929e+06,20,ACK,14
4.19295e+06,9,QOSDATA_TID6,1066
4.19313e+06,20,ACK,14
4.19317e+06,9,QOSDATA_TID6,1066
4.19336e+06,20,ACK,14
4.1934e+06,9,CTL,20
4.19351e+06,18,RTS,20
4.19351e+06,0,RTS,20
4.19351e+06,6,RTS,20
4.19351e+06,15,RTS,20
4.1936e+06,19,RTS,20
4.19367e+06,20,CTS,14
4.19373e+06,19,QOSDATA_TID6,1066
4.19392e+06,20,ACK,14
4.19396e+06,19,CTL,20
4.19405e+06,0,RTS,20
4.19405e+06,13,RTS,20
4.19411e+06,20,CTS,14
4.19417e+06,0,QOSDATA_TID6,1066
4.19436e+06,20,ACK,14
4.1944e+06,0,CTL,20
4.19449e+06,12,RTS,20
4.19456e+06,20,CTS,14
4.19462e+06,12,QOSDATA_TID6,1066
4.1948e+06,20,ACK,14
4.19484e+06,12,CTL,20
4.19493e+06,13,RTS,20
4.19493e+06,6,RTS,20
4.19503e+06,15,RTS,20
4.19503e+06,19,RTS,20
4.19514e+06,7,RTS,20
4.19521e+06,20,CTS,14
4.19527e+06,7,QOSDATA_TID6,1066
4.19545e+06,20,ACK,14
4.1955e+06,7,QOSDATA_TID6,1066
4.19568e+06,20,ACK,14
4.19572e+06,7,CTL,20
4.19581e+06,1,RTS,20
4.19588e+06,20,CTS,14
4.19594e+06,1,QOSDATA_TID6,1066
4.19612e+06,20,ACK,14
4.19616e+06,1,CTL,20
4.19625e+06,11,RTS,20
4.19625e+06,9,RTS,20
4.19625e+06,13,RTS,20
4.19625e+06,6,RTS,20
4.19636e+06,18,RTS,20
4.19636e+06,10,RTS,20
4.19646e+06,5,RTS,20
4.19646e+06,19,RTS,20
4.19646e+06,13,RTS,20
4.19652e+06,20,CTS,14
4.19658e+06,5,QOSDATA_TID6,1066
4.19677e+06,20,ACK,14
4.19681e+06,5,CTL,20
4.1969e+06,17,RTS,20
4.1969e+06,19,RTS,20
4.1969e+06,4,RTS,20
4.1969e+06,10,RTS,20
4.19697e+06,20,CTS,14
4.19703e+06,17,QOSDATA_TID6,1066
4.19721e+06,20,ACK,14
4.19725e+06,17,CTL,20
4.19735e+06,16,RTS,20
4.19735e+06,3,RTS,20
4.19735e+06,15,RTS,20
4.19735e+06,6,RTS,20
4.19747e+06,19,RTS,20
4.19747e+06,10,RTS,20
4.19754e+06,20,CTS,14
4.1976e+06,19,QOSDATA_TID6,1066
4.19779e+06,20,ACK,14
4.19783e+06,19,CTL,20
4.19792e+06,15,RTS,20
4.19799e+06,20,CTS,14
4.19805e+06,15,QOSDATA_TID6,1066
4.19824e+06,20,ACK,14
4.19828e+06,15,QOSDATA_TID6,1066
4.19846e+06,20,ACK,14
4.19851e+06,15,QOSDATA_TID6,1066
4.19869e+06,20,ACK,14
4.19874e+06,15,CTL,20
4.19882e+06,14,RTS,20
4.19882e+06,8,RTS,20
4.19889e+06,20,CTS,14
4.19895e+06,8,QOSDATA_TID6,1066
4.19914e+06,20,ACK,14
4.19918e+06,8,CTL,20
4.19927e+06,2,RTS,20
4.19927e+06,3,RTS,20
4.19927e+06,6,RTS,20
4.19938e+06,10,RTS,20
4.19938e+06,16,RTS,20
4.19951e+06,16,RTS,20
4.19958e+06,20,CTS,14
4.19964e+06,16,QOSDATA_TID6,1066
4.19982e+06,20,ACK,14
4.19987e+06,16,CTL,20
4.19997e+06,4,RTS,20
4.19997e+06,13,RTS,20
4.19997e+06,18,RTS,20
4.19997e+06,6,RTS,20
4.19997e+06,14,RTS,20
4.2001e+06,4,RTS,20
4.2001e+06,13,RTS,20
4.2002e+06,3,RTS,20
4.2002e+06,9,RTS,20
4.20031e+06,14,RTS,20
4.20038e+06,20,CTS,14
4.20044e+06,14,QOSDATA_TID6,1066
4.20062e+06,20,ACK,14
4.20067e+06,14,QOSDATA_TID6,1066
4.20085e+06,20,ACK,14
4.2009e+06,14,QOSDATA_TID6,1066
4.20108e+06,20,ACK,14
4.20112e+06,14,CTL,20
4.20121e+06,2,RTS,20
4.20128e+06,20,CTS,14
4.20134e+06,2,QOSDATA_TID6,1066
4.20152e+06,20,ACK,14
4.20157e+06,2,CTL,20
4.20165e+06,10,RTS,20
4.20165e+06,0,RTS,20
4.20165e+06,6,RTS,20
4.20165e+06,11,RTS,20
4.20165e+06,16,RTS,20
4.20176e+06,7,RTS,20
4.20176e+06,4,RTS,20
4.20183e+06,20,CTS,14
4.20189e+06,7,QOSDATA_TID6,1066
4.20207e+06,20,ACK,14
4.20212e+06,7,CTL,20
4.2022e+06,4,RTS,20
4.20227e+06,20,CTS,14
4.20233e+06,4,QOSDATA_TID6,1066
4.20251e+06,20,ACK,14
4.20256e+06,4,CTL,20
4.20265e+06,12,RTS,20
4.20265e+06,13,RTS,20
4.20265e+06,3,RTS,20
4.20265e+06,18,RTS,20
4.20272e+06,20,CTS,14
4.20278e+06,12,QOSDATA_TID6,1066
4.20296e+06,20,ACK,14
4.20301e+06,12,CTL,20
4.2031e+06,18,RTS,20
4.20316e+06,20,CTS,14
4.20322e+06,18,QOSDATA_TID6,1066
4.20341e+06,20,ACK,14
4.20345e+06,18,QOSDATA_TID6,1066
4.20364e+06,20,ACK,14
4.20368e+06,18,CTL,20
4.20377e+06,9,RTS,20
4.20377e+06,13,RTS,20
4.20388e+06,17,RTS,20
4.20388e+06,1,RTS,20
4.20399e+06,0,RTS,20
4.20399e+06,6,RTS,20
4.20409e+06,19,RTS,20
4.20415e+06,20,CTS,14
4.20421e+06,19,QOSDATA_TID6,1066
4.2044e+06,20,ACK,14
4.20444e+06,19,CTL,20
4.20453e+06,1,RTS,20
4.20453e+06,11,RTS,20
4.20453e+06,13,RTS,20
4.20463e+06,2,RTS,20
4.20463e+06,3,RTS,20
4.20469e+06,20,CTS,14
4.20475e+06,2,QOSDATA_TID6,1066
4.20494e+06,20,ACK,14
4.20498e+06,2,CTL,20
4.20507e+06,3,RTS,20
4.20514e+06,20,CTS,14
4.2052e+06,3,QOSDATA_TID6,1066
4.20538e+06,20,ACK,14
4.20542e+06,3,QOSDATA_TID6,1066
4.20561e+06,20,ACK,14
4.20565e+06,3,CTL,20
4.20574e+06,10,RTS,20
4.20574e+06,17,RTS,20
4.20574e+06,6,RTS,20
4.20581e+06,20,CTS,14
4.20587e+06,17,QOSDATA_TID6,1066
4.20605e+06,20,ACK,14
4.20609e+06,17,CTL,20
4.20619e+06,1,RTS,20
4.20619e+06,5,RTS,20
4.20619e+06,16,RTS,20
4.20626e+06,20,CTS,14
4.20632e+06,5,QOSDATA_TID6,1066
4.2065e+06,20,ACK,14
4.20654e+06,5,CTL,20
4.20663e+06,9,RTS,20
4.20663e+06,6,RTS,20
4.20663e+06,15,RTS,20
4.20674e+06,1,RTS,20
4.20674e+06,10,RTS,20
4.20674e+06,4,RTS,20
4.20681e+06,20,CTS,14
4.20687e+06,1,QOSDATA_TID6,1066
4.20705e+06,20,ACK,14
4.20709e+06,1,CTL,20
4.20718e+06,4,RTS,20
4.20725e+06,20,CTS,14
4.20731e+06,4,QOSDATA_TID6,1066
4.20749e+06,20,ACK,14
4.20754e+06,4,CTL,20
4.20762e+06,9,RTS,20
4.20769e+06,20,CTS,14
4.20775e+06,9,QOSDATA_TID6,1066
4.20793e+06,20,ACK,14
4.20798e+06,9,QOSDATA_TID6,1066
4.20816e+06,20,ACK,14
4.20821e+06,9,CTL,20
4.20829e+06,18,RTS,20
4.20829e+06,8,RTS,20
4.20829e+06,0,CTS,14
4.20829e+06,11,RTS,20
4.20829e+06,16,RTS,20
4.20829e+06,14,RTS,20
4.20829e+06,15,RTS,20
4.20842e+06,0,RTS,20
4.20848e+06,20,CTS,14
4.20854e+06,0,QOSDATA_TID6,1066
4.20873e+06,20,ACK,14
4.20877e+06,0,CTL,20
4.20886e+06,15,RTS,20
4.20886e+06,8,RTS,20
4.20892e+06,20,CTS,14
4.20898e+06,8,QOSDATA_TID6,1066
4.20917e+06,20,ACK,14
4.20921e+06,8,CTL,20
4.20931e+06,15,RTS,20
4.20931e+06,10,RTS,20
4.20938e+06,20,CTS,14
4.20944e+06,15,QOSDATA_TID6,1066
4.20962e+06,20,ACK,14
4.20966e+06,15,CTL,20
4.20975e+06,0,RTS,20
4.20975e+06,7,RTS,20
4.20975e+06,10,RTS,20
4.2099e+06,10,RTS,20
4.20997e+06,20,CTS,14
4.21003e+06,10,QOSDATA_TID6,1066
4.21021e+06,20,ACK,14
4.21026e+06,10,QOSDATA_TID6,1066
4.21044e+06,20,ACK,14
4.21048e+06,10,CTL,20
4.21058e+06,9,RTS,20
4.21058e+06,6,RTS,20
4.21058e+06,7,RTS,20
4.21058e+06,16,RTS,20
4.2107e+06,18,RTS,20
4.21077e+06,20,CTS,14
4.21083e+06,18,QOSDATA_TID6,1066
4.21102e+06,20,ACK,14
4.21106e+06,18,CTL,20
4.21114e+06,19,RTS,20
4.21114e+06,16,RTS,20
4.21121e+06,20,CTS,14
4.21127e+06,19,QOSDATA_TID6,1066
4.21146e+06,20,ACK,14
4.2115e+06,19,CTL,20
4.21159e+06,1,RTS,20
4.21166e+06,20,CTS,14
4.21172e+06,1,QOSDATA_TID6,1066
4.2119e+06,20,ACK,14
4.21194e+06,1,CTL,20
4.21203e+06,17,RTS,20
4.21203e+06,16,RTS,20
4.2121e+06,20,CTS,14
4.21216e+06,17,QOSDATA_TID6,1066
4.21234e+06,20,ACK,14
4.21238e+06,17,CTL,20
4.21248e+06,13,RTS,20
4.21255e+06,20,CTS,14
4.21261e+06,13,QOSDATA_TID6,1066
4.21279e+06,20,ACK,14
4.21284e+06,13,QOSDATA_TID6,1066
4.21302e+06,20,ACK,14
4.21306e+06,13,CTL,20
4.21315e+06,12,RTS,20
4.21315e+06,14,RTS,20
4.21315e+06,0,RTS,20
4.21315e+06,3,RTS,20
4.21322e+06,20,CTS,14
4.21328e+06,12,QOSDATA_TID6,1066
4.21346e+06,20,ACK,14
4.21351e+06,12,CTL,20
4.2136e+06,5,RTS,20
4.2136e+06,11,RTS,20
4.2136e+06,4,RTS,20
4.2136e+06,6,RTS,20
4.21367e+06,20,CTS,14
4.21373e+06,5,QOSDATA_TID6,1066
4.21391e+06,20,ACK,14
4.21396e+06,5,CTL,20
4.21404e+06,9,RTS,20
4.21411e+06,20,CTS,14
4.21417e+06,9,QOSDATA_TID6,1066
4.21436e+06,20,ACK,14
4.2144e+06,9,CTL,20
4.21448e+06,20,BEACON,152
4.21474e+06,2,RTS,20
4.21474e+06,11,RTS,20
4.21484e+06,15,RTS,20
4.2149e+06,20,CTS,14
4.21496e+06,15,QOSDATA_TID6,1066
4.21515e+06,20,ACK,14
4.21519e+06,15,CTL,20
4.21528e+06,11,RTS,20
4.21535e+06,20,CTS,14
4.21541e+06,11,QOSDATA_TID6,1066
4.21559e+06,20,ACK,14
4.21563e+06,11,QOSDATA_TID6,1066
4.21582e+06,20,ACK,14
4.21586e+06,11,QOSDATA_TID6,1066
4.21605e+06,20,ACK,14
4.21609e+06,11,CTL,20
4.21618e+06,7,RTS,20
4.21624e+06,20,CTS,14
4.2163e+06,7,QOSDATA_TID6,1066
4.21649e+06,20,ACK,14
4.21653e+06,7,CTL,20
4.21662e+06,16,RTS,20
4.21662e+06,4,RTS,20
4.21662e+06,14,RTS,20
4.21662e+06,18,RTS,20
4.21662e+06,10,RTS,20
4.21672e+06,8,RTS,20
4.21678e+06,20,CTS,14
4.21684e+06,8,QOSDATA_TID6,1066
4.21703e+06,20,ACK,14
4.21707e+06,8,CTL,20
4.21716e+06,3,RTS,20
4.21723e+06,20,CTS,14
4.21729e+06,3,QOSDATA_TID6,1066
4.21747e+06,20,ACK,14
4.21752e+06,3,CTL,20
4.2176e+06,10,RTS,20
4.2176e+06,7,RTS,20
4.21767e+06,20,CTS,14
4.21773e+06,7,QOSDATA_TID6,1066
4.21791e+06,20,ACK,14
4.21796e+06,7,CTL,20
4.21805e+06,6,RTS,20
4.21812e+06,20,CTS,14
4.21818e+06,6,QOSDATA_TID6,1066
4.21836e+06,20,ACK,14
4.21841e+06,6,QOSDATA_TID6,1066
4.21859e+06,20,ACK,14
4.21864e+06,6,CTL,20
4.21872e+06,2,RTS,20
4.21872e+06,13,RTS,20
4.21882e+06,11,RTS,20
4.21889e+06,20,CTS,14
4.21895e+06,11,QOSDATA_TID6,1066
4.21913e+06,20,ACK,14
4.21918e+06,11,CTL,20
4.21926e+06,1,RTS,20
4.21926e+06,13,RTS,20
4.21926e+06,14,RTS,20
4.21939e+06,18,RTS,20
4.21939e+06,4,RTS,20
4.21946e+06,20,CTS,14
4.21952e+06,18,QOSDATA_TID6,1066
4.2197e+06,20,ACK,14
4.21974e+06,18,CTL,20
4.21983e+06,17,RTS,20
4.2199e+06,20,CTS,14
4.21996e+06,17,QOSDATA_TID6,1066
4.22014e+06,20,ACK,14
4.22018e+06,17,CTL,20
4.22027e+06,12,RTS,20
4.22027e+06,2,RTS,20
4.22027e+06,0,CTS,14
4.22027e+06,9,RTS,20
4.22027e+06,13,RTS,20
4.22036e+06,0,RTS,20
4.22042e+06,20,CTS,14
4.22048e+06,0,QOSDATA_TID6,1066
4.22067e+06,20,ACK,14
4.22071e+06,0,QOSDATA_TID6,1066
4.2209e+06,20,ACK,14
4.22094e+06,0,CTL,20
4.22103e+06,4,RTS,20
4.2211e+06,20,CTS,14
4.22116e+06,4,QOSDATA_TID6,1066
4.22134e+06,20,ACK,14
4.22138e+06,4,QOSDATA_TID6,1066
4.22157e+06,20,ACK,14
4.22161e+06,4,CTL,20
4.2217e+06,19,RTS,20
4.2217e+06,5,RTS,20
4.2217e+06,13,RTS,20
4.2217e+06,6,RTS,20
4.22176e+06,20,CTS,14
4.22182e+06,5,QOSDATA_TID6,1066
4.22201e+06,20,ACK,14
4.22205e+06,5,CTL,20
4.22214e+06,2,RTS,20
4.22214e+06,3,RTS,20
4.22214e+06,16,RTS,20
4.22214e+06,15,RTS,20
4.22224e+06,10,RTS,20
4.2223e+06,20,CTS,14
4.22236e+06,10,QOSDATA_TID6,1066
4.22255e+06,20,ACK,14
4.22259e+06,10,QOSDATA_TID6,1066
4.22278e+06,20,ACK,14
4.22282e+06,10,CTL,20
4.22291e+06,2,RTS,20
4.22291e+06,6,RTS,20
4.22291e+06,8,RTS,20
4.223e+06,18,RTS,20
4.22307e+06,20,CTS,14
4.22313e+06,18,QOSDATA_TID6,1066
4.22332e+06,20,ACK,14
4.22336e+06,18,CTL,20
4.22345e+06,2,RTS,20
4.22345e+06,8,RTS,20
4.22345e+06,13,RTS,20
4.22356e+06,6,RTS,20
4.22363e+06,20,CTS,14
4.22369e+06,6,QOSDATA_TID6,1066
4.22388e+06,20,ACK,14
4.22392e+06,6,CTL,20
4.22401e+06,14,RTS,20
4.22401e+06,13,RTS,20
4.22411e+06,2,RTS,20
4.22418e+06,20,CTS,14
4.22424e+06,2,QOSDATA_TID6,1066
4.22442e+06,20,ACK,14
4.22447e+06,2,QOSDATA_TID6,1066
4.22465e+06,20,ACK,14
4.2247e+06,2,CTL,20
4.22479e+06,16,RTS,20
4.22486e+06,20,CTS,14
4.22492e+06,16,QOSDATA_TID6,1066
4.2251e+06,20,ACK,14
4.22515e+06,16,QOSDATA_TID6,1066
4.22533e+06,20,ACK,14
4.22538e+06,16,QOSDATA_TID6,1066
4.22556e+06,20,ACK,14
4.2256e+06,16,CTL,20
4.22569e+06,12,RTS,20
4.22569e+06,13,RTS,20
4.22569e+06,3,RTS,20
4.22569e+06,9,RTS,20
4.22576e+06,20,CTS,14
4.22582e+06,12,QOSDATA_TID6,1066
4.226e+06,20,ACK,14
4.22605e+06,12,CTL,20
4.22613e+06,19,RTS,20
4.2262e+06,20,CTS,14
4.22626e+06,19,QOSDATA_TID6,1066
4.22644e+06,20,ACK,14
4.22649e+06,19,CTL,20
4.22657e+06,1,RTS,20
4.22657e+06,13,RTS,20
4.22664e+06,20,CTS,14
4.2267e+06,1,QOSDATA_TID6,1066
4.22689e+06,20,ACK,14
4.22693e+06,1,CTL,20
4.22702e+06,0,RTS,20
4.22708e+06,20,CTS,14
4.22714e+06,0,QOSDATA_TID6,1066
4.22733e+06,20,ACK,14
4.22737e+06,0,CTL,20
4.22746e+06,14,RTS,20
4.22746e+06,8,RTS,20
4.22746e+06,12,RTS,20
4.22746e+06,1,RTS,20
4.22746e+06,11,RTS,20
4.22756e+06,9,RTS,20
4.22762e+06,20,CTS,14
4.22768e+06,9,QOSDATA_TID6,1066
4.22787e+06,20,ACK,14
4.22791e+06,9,QOSDATA_TID6,1066
4.2281e+06,20,ACK,14
4.22814e+06,9,CTL,20
4.22823e+06,19,RTS,20
4.22823e+06,8,RTS,20
4.22823e+06,17,RTS,20
4.22832e+06,5,RTS,20
4.22839e+06,20,CTS,14
4.22845e+06,5,QOSDATA_TID6,1066
4.22864e+06,20,ACK,14
4.22868e+06,5,CTL,20
4.22877e+06,12,RTS,20
4.22877e+06,2,RTS,20
4.22877e+06,7,RTS,20
4.22877e+06,6,RTS,20
4.22877e+06,13,RTS,20
4.22886e+06,4,RTS,20
4.22893e+06,20,CTS,14
4.22899e+06,4,QOSDATA_TID6,1066
4.22918e+06,20,ACK,14
4.22922e+06,4,CTL,20
4.22931e+06,19,RTS,20
4.22931e+06,15,RTS,20
4.22941e+06,10,RTS,20
4.22948e+06,20,CTS,14
4.22954e+06,10,QOSDATA_TID6,1066
4.22972e+06,20,ACK,14
4.22977e+06,10,CTL,20
4.22986e+06,3,RTS,20
4.22986e+06,6,RTS,20
4.22986e+06,12,RTS,20
4.22986e+06,11,RTS,20
4.22986e+06,13,RTS,20
4.22993e+06,20,CTS,14
4.22999e+06,12,QOSDATA_TID6,1066
4.23018e+06,20,ACK,14
4.23022e+06,12,CTL,20
4.23031e+06,13,RTS,20
4.23031e+06,6,RTS,20
4.23031e+06,18,RTS,20
4.23042e+06,8,RTS,20
4.23042e+06,17,RTS,20
4.23052e+06,1,RTS,20
4.23059e+06,20,CTS,14
4.23065e+06,1,QOSDATA_TID6,1066
4.23083e+06,20,ACK,14
4.23088e+06,1,CTL,20
4.23096e+06,18,RTS,20
4.23103e+06,20,CTS,14
4.23109e+06,18,QOSDATA_TID6,1066
4.23127e+06,20,ACK,14
4.23132e+06,18,CTL,20
4.2314e+06,17,RTS,20
4.2314e+06,14,RTS,20
4.2314e+06,19,RTS,20
4.2314e+06,15,RTS,20
4.2315e+06,7,RTS,20
4.2315e+06,11,RTS,20
4.2315e+06,3,RTS,20
4.23157e+06,20,CTS,14
4.23163e+06,7,QOSDATA_TID6,1066
4.23182e+06,20,ACK,14
4.23186e+06,7,CTL,20
4.23195e+06,3,RTS,20
4.23202e+06,20,CTS,14
4.23208e+06,3,QOSDATA_TID6,1066
4.23227e+06,20,ACK,14
4.23231e+06,3,QOSDATA_TID6,1066
4.23249e+06,20,ACK,14
4.23254e+06,3,CTL,20
4.23262e+06,2,RTS,20
4.23262e+06,17,RTS,20
4.23262e+06,16,RTS,20
4.23262e+06,15,RTS,20
4.23273e+06,13,RTS,20
4.23273e+06,6,RTS,20
4.23284e+06,8,RTS,20
4.23284e+06,19,RTS,20
4.23291e+06,20,CTS,14
4.23297e+06,8,QOSDATA_TID6,1066
4.23315e+06,20,ACK,14
4.23319e+06,8,QOSDATA_TID6,1066
4.23338e+06,20,ACK,14
4.23342e+06,8,CTL,20
4.23351e+06,19,RTS,20
4.23351e+06,16,RTS,20
4.23351e+06,0,RTS,20
4.23362e+06,2,RTS,20
4.23368e+06,20,CTS,14
4.23374e+06,2,QOSDATA_TID6,1066
4.23393e+06,20,ACK,14
4.23397e+06,2,CTL,20
4.23406e+06,9,RTS,20
4.23406e+06,7,RTS,20
4.23412e+06,20,CTS,14
4.23418e+06,7,QOSDATA_TID6,1066
4.23437e+06,20,ACK,14
4.23441e+06,7,CTL,20
4.23451e+06,12,RTS,20
4.23451e+06,19,RTS,20
4.23451e+06,0,RTS,20
4.23451e+06,9,RTS,20
4.23461e+06,16,RTS,20
4.23461e+06,13,RTS,20
4.23473e+06,12,RTS,20
4.23473e+06,9,RTS,20
4.23474e+06,6,RTS,20
4.2348e+06,20,CTS,14
4.23486e+06,12,QOSDATA_TID6,1066
4.23504e+06,20,ACK,14
4.23509e+06,12,CTL,20
4.23517e+06,1,RTS,20
4.23517e+06,6,RTS,20
4.2353e+06,13,RTS,20
4.2353e+06,9,RTS,20
4.23541e+06,11,RTS,20
4.23548e+06,20,CTS,14
4.23554e+06,11,QOSDATA_TID6,1066
4.23573e+06,20,ACK,14
4.23577e+06,11,QOSDATA_TID6,1066
4.23595e+06,20,ACK,14
4.236e+06,11,CTL,20
4.23609e+06,1,RTS,20
4.23609e+06,17,RTS,20
4.23619e+06,16,RTS,20
4.23626e+06,20,CTS,14
4.23632e+06,16,QOSDATA_TID6,1066
4.2365e+06,20,ACK,14
4.23655e+06,16,CTL,20
4.23663e+06,1,RTS,20
4.23663e+06,19,RTS,20
4.23663e+06,2,RTS,20
4.23663e+06,10,RTS,20
4.23674e+06,3,RTS,20
4.23674e+06,13,RTS,20
4.23685e+06,0,CTS,14
4.23685e+06,6,RTS,20
4.23694e+06,2,RTS,20
4.23694e+06,4,RTS,20
4.23701e+06,20,CTS,14
4.23707e+06,2,QOSDATA_TID6,1066
4.23726e+06,20,ACK,14
4.2373e+06,2,CTL,20
4.2374e+06,17,RTS,20
4.2374e+06,15,RTS,20
4.23746e+06,20,CTS,14
4.23752e+06,17,QOSDATA_TID6,1066
4.23771e+06,20,ACK,14
4.23775e+06,17,QOSDATA_TID6,1066
4.23794e+06,20,ACK,14
4.23798e+06,17,CTL,20
4.23808e+06,5,RTS,20
4.23808e+06,19,RTS,20
4.23808e+06,3,RTS,20
4.23815e+06,20,CTS,14
4.23821e+06,5,QOSDATA_TID6,1066
4.2384e+06,20,ACK,14
4.23844e+06,5,CTL,20
4.23854e+06,3,RTS,20
4.23854e+06,14,RTS,20
4.23865e+06,4,RTS,20
4.23872e+06,20,CTS,14
4.23878e+06,4,QOSDATA_TID6,1066
4.23896e+06,20,ACK,14
4.23901e+06,4,CTL,20
4.23911e+06,8,RTS,20
4.23911e+06,19,RTS,20
4.23911e+06,13,RTS,20
4.23911e+06,15,RTS,20
4.23911e+06,14,RTS,20
4.23921e+06,18,RTS,20
4.23921e+06,1,RTS,20
4.23928e+06,20,CTS,14
4.23934e+06,1,QOSDATA_TID6,1066
4.23952e+06,20,ACK,14
4.23957e+06,1,CTL,20
4.23967e+06,8,RTS,20
4.23967e+06,15,RTS,20
4.23974e+06,20,CTS,14
4.2398e+06,8,QOSDATA_TID6,1066
4.23998e+06,20,ACK,14
4.24003e+06,8,CTL,20
4.24011e+06,10,RTS,20
4.24018e+06,20,CTS,14
4.24024e+06,10,QOSDATA_TID6,1066
4.24042e+06,20,ACK,14
4.24047e+06,10,CTL,20
4.24055e+06,16,RTS,20
4.24062e+06,20,CTS,14
4.24068e+06,16,QOSDATA_TID6,1066
4.24087e+06,20,ACK,14
4.24091e+06,16,CTL,20
4.241e+06,18,RTS,20
4.24106e+06,20,CTS,14
4.24112e+06,18,QOSDATA_TID6,1066
4.24131e+06,20,ACK,14
4.24135e+06,18,CTL,20
4.24144e+06,0,RTS,20
4.24144e+06,6,RTS,20
4.24144e+06,13,RTS,20
4.24154e+06,14,RTS,20
4.24154e+06,9,RTS,20
4.24166e+06,7,RTS,20
4.24172e+06,20,CTS,14
4.24178e+06,7,QOSDATA_TID6,1066
4.24197e+06,20,ACK,14
4.24201e+06,7,CTL,20
4.2421e+06,6,RTS,20
4.24217e+06,20,CTS,14
4.24223e+06,6,QOSDATA_TID6,1066
4.24241e+06,20,ACK,14
4.24245e+06,6,CTL,20
4.24254e+06,15,RTS,20
4.24254e+06,3,RTS,20
4.24265e+06,12,RTS,20
4.24272e+06,20,CTS,14
4.24278e+06,12,QOSDATA_TID6,1066
4.24296e+06,20,ACK,14
4.243e+06,12,CTL,20
4.2431e+06,11,RTS,20
4.2431e+06,13,RTS,20
4.2431e+06,6,RTS,20
4.2431e+06,9,RTS,20
4.2432e+06,19,RTS,20
4.24326e+06,20,CTS,14
4.24332e+06,19,QOSDATA_TID6,1066
4.24351e+06,20,ACK,14
4.24355e+06,19,QOSDATA_TID6,1066
4.24374e+06,20,ACK,14
4.24378e+06,19,CTL,20
4.24387e+06,11,RTS,20
4.24387e+06,15,RTS,20
4.24399e+06,9,RTS,20
4.24406e+06,20,CTS,14
4.24412e+06,9,QOSDATA_TID6,1066
4.2443e+06,20,ACK,14
4.24435e+06,9,QOSDATA_TID6,1066
4.24453e+06,20,ACK,14
4.24458e+06,9,CTL,20
4.24466e+06,2,RTS,20
4.24466e+06,10,RTS,20
4.24473e+06,20,CTS,14
4.24479e+06,2,QOSDATA_TID6,1066
4.24497e+06,20,ACK,14
4.24502e+06,2,CTL,20
4.24511e+06,6,RTS,20
4.24511e+06,11,RTS,20
4.24521e+06,3,RTS,20
4.24528e+06,20,CTS,14
4.24534e+06,3,QOSDATA_TID6,1066
4.24552e+06,20,ACK,14
4.24557e+06,3,QOSDATA_TID6,1066
4.24575e+06,20,ACK,14
4.24579e+06,3,CTL,20
4.24589e+06,5,RTS,20
4.24589e+06,13,RTS,20
4.24596e+06,20,CTS,14
4.24602e+06,5,QOSDATA_TID6,1066
4.2462e+06,20,ACK,14
4.24624e+06,5,CTL,20
4.24633e+06,4,RTS,20
4.2464e+06,20,CTS,14
4.24646e+06,4,QOSDATA_TID6,1066
4.24664e+06,20,ACK,14
4.24669e+06,4,CTL,20
4.24678e+06,11,RTS,20
4.24678e+06,1,RTS,20
4.24678e+06,17,RTS,20
4.24678e+06,13,RTS,20
4.24678e+06,6,RTS,20
4.24678e+06,18,RTS,20
4.24678e+06,10,RTS,20
4.24689e+06,15,RTS,20
4.24696e+06,20,CTS,14
4.24702e+06,15,QOSDATA_TID6,1066
4.2472e+06,20,ACK,14
4.24725e+06,15,QOSDATA_TID6,1066
4.24743e+06,20,ACK,14
4.24747e+06,15,QOSDATA_TID6,1066
4.24766e+06,20,ACK,14
4.2477e+06,15,CTL,20
4.24779e+06,14,RTS,20
4.24779e+06,17,RTS,20
4.24786e+06,20,CTS,14
4.24792e+06,17,QOSDATA_TID6,1066
4.2481e+06,20,ACK,14
4.24814e+06,17,CTL,20
4.24824e+06,8,RTS,20
4.24831e+06,20,CTS,14
4.24837e+06,8,QOSDATA_TID6,1066
4.24855e+06,20,ACK,14
4.2486e+06,8,CTL,20
4.24868e+06,16,RTS,20
4.24868e+06,0,RTS,20
4.24868e+06,18,RTS,20
4.24868e+06,13,RTS,20
4.24881e+06,14,RTS,20
4.24887e+06,20,CTS,14
4.24893e+06,14,QOSDATA_TID6,1066
4.24912e+06,20,ACK,14
4.24916e+06,14,QOSDATA_TID6,1066
4.24935e+06,20,ACK,14
4.24939e+06,14,QOSDATA_TID6,1066
4.24957e+06,20,ACK,14
4.24962e+06,14,QOSDATA_TID6,1066
4.2498e+06,20,ACK,14
4.24985e+06,14,QOSDATA_TID6,1066
4.25003e+06,20,ACK,14
4.25007e+06,14,CTL,20
4.25016e+06,0,RTS,20
4.25023e+06,20,CTS,14
4.25029e+06,0,QOSDATA_TID6,1066
4.25047e+06,20,ACK,14
4.25052e+06,0,QOSDATA_TID6,1066
4.2507e+06,20,ACK,14
4.25074e+06,0,QOSDATA_TID6,1066
4.25093e+06,20,ACK,14
4.25097e+06,0,CTL,20
4.25106e+06,18,RTS,20
4.25106e+06,10,RTS,20
4.25106e+06,7,RTS,20
4.25106e+06,9,RTS,20
4.25117e+06,1,RTS,20
4.25124e+06,20,CTS,14
4.2513e+06,1,QOSDATA_TID6,1066
4.25149e+06,20,ACK,14
4.25153e+06,1,QOSDATA_TID6,1066
4.25171e+06,20,ACK,14
4.25176e+06,1,CTL,20
4.25184e+06,17,RTS,20
4.25184e+06,19,RTS,20
4.25184e+06,18,RTS,20
4.25184e+06,6,RTS,20
4.25195e+06,7,RTS,20
4.25202e+06,20,CTS,14
4.25208e+06,7,QOSDATA_TID6,1066
4.25226e+06,20,ACK,14
4.25231e+06,7,CTL,20
4.25239e+06,13,RTS,20
4.25239e+06,11,RTS,20
4.25239e+06,3,RTS,20
4.2525e+06,5,RTS,20
4.2525e+06,12,RTS,20
4.2526e+06,6,RTS,20
4.25267e+06,20,CTS,14
4.25273e+06,6,QOSDATA_TID6,1066
4.25291e+06,20,ACK,14
4.25295e+06,6,QOSDATA_TID6,1066
4.25314e+06,20,ACK,14
4.25318e+06,6,CTL,20
4.25327e+06,15,RTS,20
4.25327e+06,17,RTS,20
4.25327e+06,3,RTS,20
4.25327e+06,16,RTS,20
4.25334e+06,20,CTS,14
4.2534e+06,17,QOSDATA_TID6,1066
4.25358e+06,20,ACK,14
4.25362e+06,17,CTL,20
4.25372e+06,4,RTS,20
4.25372e+06,9,RTS,20
4.25372e+06,18,RTS,20
4.25382e+06,12,RTS,20
4.25388e+06,20,CTS,14
4.25394e+06,12,QOSDATA_TID6,1066
4.25413e+06,20,ACK,14
4.25417e+06,12,CTL,20
4.25426e+06,2,RTS,20
4.25433e+06,20,CTS,14
4.25439e+06,2,QOSDATA_TID6,1066
4.25457e+06,20,ACK,14
4.25462e+06,2,CTL,20
4.2547e+06,18,RTS,20
4.2547e+06,5,RTS,20
4.2547e+06,13,RTS,20
4.25477e+06,20,CTS,14
4.25483e+06,5,QOSDATA_TID6,1066
4.25501e+06,20,ACK,14
4.25506e+06,5,CTL,20
4.25514e+06,3,RTS,20
4.25514e+06,13,RTS,20
4.25514e+06,14,RTS,20
4.25524e+06,8,RTS,20
4.25524e+06,18,RTS,20
4.25531e+06,20,CTS,14
4.25537e+06,8,QOSDATA_TID6,1066
4.25555e+06,20,ACK,14
4.2556e+06,8,CTL,20
4.25568e+06,18,RTS,20
4.25575e+06,20,CTS,14
4.25581e+06,18,QOSDATA_TID6,1066
4.256e+06,20,ACK,14
4.25604e+06,18,CTL,20
4.25614e+06,15,RTS,20
4.25614e+06,11,RTS,20
4.25614e+06,4,RTS,20
4.25623e+06,13,RTS,20
4.25623e+06,10,RTS,20
4.25635e+06,19,RTS,20
4.25642e+06,20,CTS,14
4.25648e+06,19,QOSDATA_TID6,1066
4.25666e+06,20,ACK,14
4.25671e+06,19,CTL,20
4.25681e+06,11,RTS,20
4.25681e+06,16,RTS,20
4.25681e+06,14,RTS,20
4.25691e+06,3,RTS,20
4.25691e+06,9,RTS,20
4.25702e+06,4,RTS,20
4.25709e+06,20,CTS,14
4.25715e+06,4,QOSDATA_TID6,1066
4.25733e+06,20,ACK,14
4.25737e+06,4,CTL,20
4.25746e+06,16,RTS,20
4.25753e+06,20,CTS,14
4.25759e+06,16,QOSDATA_TID6,1066
4.25777e+06,20,ACK,14
4.25782e+06,16,QOSDATA_TID6,1066
4.258e+06,20,ACK,14
4.25804e+06,16,CTL,20
4.25813e+06,7,RTS,20
4.25813e+06,13,RTS,20
4.25813e+06,3,RTS,20
4.2582e+06,20,CTS,14
4.25826e+06,7,QOSDATA_TID6,1066
4.25844e+06,20,ACK,14
4.25849e+06,7,CTL,20
4.25857e+06,12,RTS,20
4.25857e+06,3,RTS,20
4.25864e+06,20,CTS,14
4.2587e+06,12,QOSDATA_TID6,1066
4.25888e+06,20,ACK,14
4.25893e+06,12,CTL,20
4.25902e+06,0,RTS,20
4.25909e+06,20,CTS,14
4.25915e+06,0,QOSDATA_TID6,1066
4.25934e+06,20,ACK,14
4.25938e+06,0,CTL,20
4.25946e+06,14,RTS,20
4.25946e+06,10,RTS,20
4.25946e+06,17,RTS,20
4.25946e+06,13,RTS,20
4.25953e+06,20,CTS,14
4.25959e+06,17,QOSDATA_TID6,1066
4.25978e+06,20,ACK,14
4.25982e+06,17,CTL,20
4.25992e+06,19,RTS,20
4.25992e+06,11,RTS,20
4.25992e+06,9,RTS,20
4.26001e+06,15,RTS,20
4.26008e+06,20,CTS,14
4.26014e+06,15,QOSDATA_TID6,1066
4.26033e+06,20,ACK,14
4.26037e+06,15,CTL,20
4.26046e+06,6,RTS,20
4.26046e+06,19,RTS,20
4.26057e+06,13,RTS,20
4.26064e+06,20,CTS,14
4.2607e+06,13,QOSDATA_TID6,1066
4.26088e+06,20,ACK,14
4.26093e+06,13,QOSDATA_TID6,1066
4.26111e+06,20,ACK,14
4.26116e+06,13,QOSDATA_TID6,1066
4.26134e+06,20,ACK,14
4.26138e+06,13,CTL,20
4.26148e+06,15,RTS,20
4.26148e+06,4,RTS,20
4.26148e+06,6,RTS,20
4.2616e+06,5,RTS,20
4.2616e+06,2,RTS,20
4.26166e+06,20,CTS,14
4.26172e+06,5,QOSDATA_TID6,1066
4.26191e+06,20,ACK,14
4.26195e+06,5,CTL,20
4.26204e+06,2,RTS,20
4.26204e+06,6,RTS,20
4.26214e+06,11,RTS,20
4.26221e+06,20,CTS,14
4.26227e+06,11,QOSDATA_TID6,1066
4.26246e+06,20,ACK,14
4.2625e+06,11,QOSDATA_TID6,1066
4.26268e+06,20,ACK,14
4.26273e+06,11,CTL,20
4.26281e+06,18,RTS,20
4.26288e+06,20,CTS,14
4.26294e+06,18,QOSDATA_TID6,1066
4.26313e+06,20,ACK,14
4.26317e+06,18,CTL,20
4.26326e+06,6,RTS,20
4.26332e+06,20,CTS,14
4.26338e+06,6,QOSDATA_TID6,1066
4.26357e+06,20,ACK,14
4.26361e+06,6,CTL,20
4.2637e+06,15,RTS,20
4.26377e+06,20,CTS,14
4.26383e+06,15,QOSDATA_TID6,1066
4.26401e+06,20,ACK,14
4.26406e+06,15,CTL,20
4.26414e+06,14,RTS,20
4.26414e+06,8,RTS,20
4.26414e+06,1,RTS,20
4.26414e+06,4,RTS,20
4.26425e+06,19,RTS,20
4.26425e+06,3,RTS,20
4.26432e+06,20,CTS,14
4.26438e+06,19,QOSDATA_TID6,1066
4.26456e+06,20,ACK,14
4.2646e+06,19,CTL,20
4.26469e+06,8,RTS,20
4.26469e+06,3,RTS,20
4.26476e+06,20,CTS,14
4.26482e+06,8,QOSDATA_TID6,1066
4.265e+06,20,ACK,14
4.26505e+06,8,CTL,20
4.26513e+06,3,RTS,20
4.2652e+06,20,CTS,14
4.26526e+06,3,QOSDATA_TID6,1066
4.26544e+06,20,ACK,14
4.26549e+06,3,CTL,20
4.26557e+06,0,RTS,20
4.26557e+06,7,RTS,20
4.26567e+06,9,RTS,20
4.26574e+06,20,CTS,14
4.2658e+06,9,QOSDATA_TID6,1066
4.26598e+06,20,ACK,14
4.26603e+06,9,QOSDATA_TID6,1066
4.26621e+06,20,ACK,14
4.26626e+06,9,QOSDATA_TID6,1066
4.26644e+06,20,ACK,14
4.26648e+06,9,CTL,20
4.26657e+06,0,RTS,20
4.26657e+06,13,RTS,20
4.26664e+06,20,CTS,14
4.2667e+06,0,QOSDATA_TID6,1066
4.26688e+06,20,ACK,14
4.26693e+06,0,CTL,20
4.26701e+06,13,RTS,20
4.26708e+06,20,CTS,14
4.26714e+06,13,QOSDATA_TID6,1066
4.26732e+06,20,ACK,14
4.26737e+06,13,CTL,20
4.26745e+06,16,RTS,20
4.26745e+06,17,RTS,20
4.26745e+06,3,RTS,20
4.26752e+06,20,CTS,14
4.26758e+06,17,QOSDATA_TID6,1066
4.26777e+06,20,ACK,14
4.26781e+06,17,CTL,20
4.2679e+06,6,RTS,20
4.2679e+06,14,RTS,20
4.268e+06,12,RTS,20
4.268e+06,19,RTS,20
4.268e+06,11,RTS,20
4.268e+06,4,RTS,20
4.26807e+06,20,CTS,14
4.26813e+06,12,QOSDATA_TID6,1066
4.26832e+06,20,ACK,14
4.26836e+06,12,CTL,20
4.26844e+06,5,RTS,20
4.26851e+06,20,CTS,14
4.26857e+06,5,QOSDATA_TID6,1066
4.26876e+06,20,ACK,14
4.2688e+06,5,CTL,20
4.26889e+06,14,RTS,20
4.26896e+06,20,CTS,14
4.26902e+06,14,QOSDATA_TID6,1066
4.2692e+06,20,ACK,14
4.26924e+06,14,QOSDATA_TID6,1066
4.26943e+06,20,ACK,14
4.26947e+06,14,CTL,20
4.26956e+06,6,RTS,20
4.26956e+06,2,RTS,20
4.26956e+06,10,RTS,20
4.26956e+06,1,RTS,20
4.26956e+06,16,RTS,20
4.26966e+06,15,RTS,20
4.26973e+06,20,CTS,14
4.26979e+06,15,QOSDATA_TID6,1066
4.26998e+06,20,ACK,14
4.27002e+06,15,CTL,20
4.27012e+06,7,RTS,20
4.27012e+06,10,RTS,20
4.27012e+06,3,RTS,20
4.27018e+06,20,CTS,14
4.27024e+06,7,QOSDATA_TID6,1066
4.27043e+06,20,ACK,14
4.27047e+06,7,CTL,20
4.27057e+06,1,RTS,20
4.27063e+06,20,CTS,14
4.27069e+06,1,QOSDATA_TID6,1066
4.27088e+06,20,ACK,14
4.27092e+06,1,QOSDATA_TID6,1066
4.27111e+06,20,ACK,14
4.27115e+06,1,CTL,20
4.27124e+06,8,RTS,20
4.27124e+06,11,RTS,20
4.27124e+06,10,RTS,20
4.27124e+06,14,RTS,20
4.2713e+06,20,CTS,14
4.27136e+06,8,QOSDATA_TID6,1066
4.27155e+06,20,ACK,14
4.27159e+06,8,CTL,20
4.27169e+06,18,RTS,20
4.27169e+06,14,RTS,20
4.27179e+06,11,RTS,20
4.27185e+06,20,CTS,14
4.27191e+06,11,QOSDATA_TID6,1066
4.2721e+06,20,ACK,14
4.27214e+06,11,CTL,20
4.27224e+06,4,RTS,20
4.27224e+06,14,RTS,20
4.27235e+06,2,RTS,20
4.27235e+06,3,RTS,20
4.27242e+06,20,CTS,14
4.27248e+06,2,QOSDATA_TID6,1066
4.27266e+06,20,ACK,14
4.27271e+06,2,QOSDATA_TID6,1066
4.27289e+06,20,ACK,14
4.27294e+06,2,CTL,20
4.27304e+06,10,RTS,20
4.27304e+06,6,RTS,20
4.27304e+06,16,RTS,20
4.27318e+06,6,RTS,20
4.27325e+06,20,CTS,14
4.27331e+06,6,QOSDATA_TID6,1066
4.27349e+06,20,ACK,14
4.27354e+06,6,CTL,20
4.27362e+06,0,RTS,20
4.27362e+06,10,RTS,20
4.27362e+06,13,RTS,20
4.27374e+06,19,RTS,20
4.27381e+06,20,CTS,14
4.27387e+06,19,QOSDATA_TID6,1066
4.27405e+06,20,ACK,14
4.2741e+06,19,CTL,20
4.27418e+06,16,RTS,20
4.27425e+06,20,CTS,14
4.27431e+06,16,QOSDATA_TID6,1066
4.27449e+06,20,ACK,14
4.27454e+06,16,QOSDATA_TID6,1066
4.27472e+06,20,ACK,14
4.27476e+06,16,CTL,20
4.27485e+06,9,RTS,20
4.27485e+06,0,RTS,20
4.27492e+06,20,CTS,14
4.27498e+06,0,QOSDATA_TID6,1066
4.27516e+06,20,ACK,14
4.27521e+06,0,CTL,20
4.27529e+06,7,RTS,20
4.27536e+06,20,CTS,14
4.27542e+06,7,QOSDATA_TID6,1066
4.2756e+06,20,ACK,14
4.27565e+06,7,CTL,20
4.27574e+06,13,RTS,20
4.27574e+06,19,RTS,20
4.27583e+06,6,RTS,20
4.2759e+06,20,CTS,14
4.27596e+06,6,QOSDATA_TID6,1066
4.27614e+06,20,ACK,14
4.27619e+06,6,CTL,20
4.27628e+06,12,RTS,20
4.27628e+06,4,RTS,20
4.27634e+06,20,CTS,14
4.2764e+06,12,QOSDATA_TID6,1066
4.27659e+06,20,ACK,14
4.27663e+06,12,CTL,20
4.27673e+06,17,RTS,20
4.27673e+06,11,RTS,20
4.27673e+06,4,RTS,20
4.27673e+06,15,RTS,20
4.27679e+06,20,CTS,14
4.27685e+06,17,QOSDATA_TID6,1066
4.27704e+06,20,ACK,14
4.27708e+06,17,CTL,20
4.27718e+06,2,RTS,20
4.27718e+06,15,RTS,20
4.27731e+06,2,RTS,20
4.27731e+06,4,RTS,20
4.27738e+06,20,CTS,14
4.27744e+06,2,QOSDATA_TID6,1066
4.27762e+06,20,ACK,14
4.27766e+06,2,CTL,20
4.27777e+06,10,RTS,20
4.27777e+06,1,RTS,20
4.27784e+06,20,CTS,14
4.2779e+06,1,QOSDATA_TID6,1066
4.27808e+06,20,ACK,14
4.27812e+06,1,CTL,20
4.27822e+06,14,RTS,20
4.27829e+06,20,CTS,14
4.27835e+06,14,QOSDATA_TID6,1066
4.27853e+06,20,ACK,14
4.27858e+06,14,CTL,20
4.27866e+06,8,RTS,20
4.27873e+06,20,CTS,14
4.27879e+06,8,QOSDATA_TID6,1066
4.27897e+06,20,ACK,14
4.27902e+06,8,CTL,20
4.2791e+06,5,RTS,20
4.2791e+06,19,RTS,20
4.2791e+06,3,RTS,20
4.2791e+06,18,RTS,20
4.27917e+06,20,CTS,14
4.27923e+06,5,QOSDATA_TID6,1066
4.27942e+06,20,ACK,14
4.27946e+06,5,CTL,20
4.27954e+06,3,RTS,20
4.27954e+06,15,RTS,20
4.27964e+06,11,RTS,20
4.27971e+06,20,CTS,14
4.27977e+06,11,QOSDATA_TID6,1066
4.27996e+06,20,ACK,14
4.28e+06,11,CTL,20
4.2801e+06,13,RTS,20
4.2801e+06,9,RTS,20
4.28024e+06,13,RTS,20
4.2803e+06,20,CTS,14
4.28036e+06,13,QOSDATA_TID6,1066
4.28055e+06,20,ACK,14
4.28059e+06,13,CTL,20
4.28068e+06,9,RTS,20
4.28074e+06,20,CTS,14
4.2808e+06,9,QOSDATA_TID6,1066
4.28099e+06,20,ACK,14
4.28103e+06,9,CTL,20
4.28112e+06,0,RTS,20
4.28119e+06,20,CTS,14
4.28125e+06,0,QOSDATA_TID6,1066
4.28143e+06,20,ACK,14
4.28148e+06,0,CTL,20
4.28156e+06,14,RTS,20
4.28156e+06,10,RTS,20
4.28166e+06,16,RTS,20
4.28166e+06,4,RTS,20
4.28176e+06,9,RTS,20
4.28183e+06,20,CTS,14
4.28189e+06,9,QOSDATA_TID6,1066
4.28207e+06,20,ACK,14
4.28212e+06,9,CTL,20
4.2822e+06,16,RTS,20
4.2822e+06,13,RTS,20
4.28231e+06,7,RTS,20
4.28238e+06,20,CTS,14
4.28244e+06,7,QOSDATA_TID6,1066
4.28262e+06,20,ACK,14
4.28267e+06,7,CTL,20
4.28275e+06,18,RTS,20
4.28275e+06,10,RTS,20
4.28285e+06,12,RTS,20
4.28285e+06,14,RTS,20
4.28285e+06,13,RTS,20
4.28292e+06,20,CTS,14
4.28298e+06,12,QOSDATA_TID6,1066
4.28316e+06,20,ACK,14
4.28321e+06,12,CTL,20
4.28329e+06,1,RTS,20
4.28329e+06,4,RTS,20
4.28336e+06,20,CTS,14
4.28342e+06,1,QOSDATA_TID6,1066
4.2836e+06,20,ACK,14
4.28365e+06,1,CTL,20
4.28373e+06,15,RTS,20
4.2838e+06,20,CTS,14
4.28386e+06,15,QOSDATA_TID6,1066
4.28405e+06,20,ACK,14
4.28409e+06,15,CTL,20
4.28418e+06,6,RTS,20
4.28418e+06,19,RTS,20
4.28431e+06,13,RTS,20
4.28438e+06,20,CTS,14
4.28444e+06,13,QOSDATA_TID6,1066
4.28462e+06,20,ACK,14
4.28467e+06,13,CTL,20
4.28476e+06,11,RTS,20
4.28476e+06,17,RTS,20
4.28476e+06,2,RTS,20
4.28476e+06,3,RTS,20
4.28487e+06,10,RTS,20
4.28487e+06,15,RTS,20
4.28494e+06,20,CTS,14
4.285e+06,15,QOSDATA_TID6,1066
4.28518e+06,20,ACK,14
4.28522e+06,15,CTL,20
4.28532e+06,11,RTS,20
4.28539e+06,20,CTS,14
4.28545e+06,11,QOSDATA_TID6,1066
4.28563e+06,20,ACK,14
4.28568e+06,11,CTL,20
4.28576e+06,5,RTS,20
4.28583e+06,20,CTS,14
4.28589e+06,5,QOSDATA_TID6,1066
4.28607e+06,20,ACK,14
4.28612e+06,5,CTL,20
4.2862e+06,16,RTS,20
4.2862e+06,10,RTS,20
4.28632e+06,14,RTS,20
4.28639e+06,20,CTS,14
4.28645e+06,14,QOSDATA_TID6,1066
4.28663e+06,20,ACK,14
4.28668e+06,14,CTL,20
4.28677e+06,18,RTS,20
4.28677e+06,8,RTS,20
4.28684e+06,20,CTS,14
4.2869e+06,8,QOSDATA_TID6,1066
4.28708e+06,20,ACK,14
4.28713e+06,8,CTL,20
4.28723e+06,19,RTS,20
4.28723e+06,16,RTS,20
4.28723e+06,3,RTS,20
4.28723e+06,6,RTS,20
4.28723e+06,14,RTS,20
4.28737e+06,6,RTS,20
4.28737e+06,18,RTS,20
4.28737e+06,10,RTS,20
4.2875e+06,17,RTS,20
4.2875e+06,4,RTS,20
4.28757e+06,20,CTS,14
4.28763e+06,17,QOSDATA_TID6,1066
4.28781e+06,20,ACK,14
4.28786e+06,17,CTL,20
4.28794e+06,18,RTS,20
4.28801e+06,20,CTS,14
4.28807e+06,18,QOSDATA_TID6,1066
4.28825e+06,20,ACK,14
4.2883e+06,18,QOSDATA_TID6,1066
4.28848e+06,20,ACK,14
4.28852e+06,18,QOSDATA_TID6,1066
4.28871e+06,20,ACK,14
4.28875e+06,18,CTL,20
4.28884e+06,6,RTS,20
4.28891e+06,20,CTS,14
4.28897e+06,6,QOSDATA_TID6,1066
4.28915e+06,20,ACK,14
4.2892e+06,6,CTL,20
4.28928e+06,10,RTS,20
4.28935e+06,20,CTS,14
4.28941e+06,10,QOSDATA_TID6,1066
4.28959e+06,20,ACK,14
4.28964e+06,10,QOSDATA_TID6,1066
4.28982e+06,20,ACK,14
4.28986e+06,10,QOSDATA_TID6,1066
4.29005e+06,20,ACK,14
4.29009e+06,10,QOSDATA_TID6,1066
4.29028e+06,20,ACK,14
4.29032e+06,10,CTL,20
4.29041e+06,12,RTS,20
4.29048e+06,20,CTS,14
4.29054e+06,12,QOSDATA_TID6,1066
4.29072e+06,20,ACK,14
4.29076e+06,12,CTL,20
4.29085e+06,7,RTS,20
4.29085e+06,11,RTS,20
4.29085e+06,4,RTS,20
4.29085e+06,13,RTS,20
4.29085e+06,2,RTS,20
4.29085e+06,0,RTS,20
4.29085e+06,3,RTS,20
4.29085e+06,14,RTS,20
4.29096e+06,19,RTS,20
4.29096e+06,16,RTS,20
4.29102e+06,20,CTS,14
4.29108e+06,19,QOSDATA_TID6,1066
4.29127e+06,20,ACK,14
4.29131e+06,19,QOSDATA_TID6,1066
4.2915e+06,20,ACK,14
4.29154e+06,19,QOSDATA_TID6,1066
4.29172e+06,20,ACK,14
4.29177e+06,19,CTL,20
4.29185e+06,1,RTS,20
4.29192e+06,20,CTS,14
4.29198e+06,1,QOSDATA_TID6,1066
4.29217e+06,20,ACK,14
4.29221e+06,1,CTL,20
4.2923e+06,5,RTS,20
4.2923e+06,2,RTS,20
4.29236e+06,20,CTS,14
4.29242e+06,5,QOSDATA_TID6,1066
4.29261e+06,20,ACK,14
4.29265e+06,5,CTL,20
4.29274e+06,14,RTS,20
4.29281e+06,20,CTS,14
4.29287e+06,14,QOSDATA_TID6,1066
4.29305e+06,20,ACK,14
4.29309e+06,14,CTL,20
4.29318e+06,2,RTS,20
4.29318e+06,10,RTS,20
4.29318e+06,3,RTS,20
4.29318e+06,9,RTS,20
4.29328e+06,17,RTS,20
4.29328e+06,6,RTS,20
4.29328e+06,15,RTS,20
4.29338e+06,7,RTS,20
4.29344e+06,20,CTS,14
4.2935e+06,7,QOSDATA_TID6,1066
4.29369e+06,20,ACK,14
4.29373e+06,7,CTL,20
4.29383e+06,16,RTS,20
4.2939e+06,20,CTS,14
4.29396e+06,16,QOSDATA_TID6,1066
4.29414e+06,20,ACK,14
4.29418e+06,16,QOSDATA_TID6,1066
4.29437e+06,20,ACK,14
4.29441e+06,16,CTL,20
4.2945e+06,2,RTS,20
4.2945e+06,18,RTS,20
4.2946e+06,13,RTS,20
4.2946e+06,4,RTS,20
4.29469e+06,2,RTS,20
4.29476e+06,20,CTS,14
4.29482e+06,2,QOSDATA_TID6,1066
4.29501e+06,20,ACK,14
4.29505e+06,2,QOSDATA_TID6,1066
4.29523e+06,20,ACK,14
4.29528e+06,2,CTL,20
4.29536e+06,18,RTS,20
4.29536e+06,9,RTS,20
4.29536e+06,17,RTS,20
4.29536e+06,14,RTS,20
4.29543e+06,20,CTS,14
4.29549e+06,17,QOSDATA_TID6,1066
4.29568e+06,20,ACK,14
4.29572e+06,17,CTL,20
4.29582e+06,11,RTS,20
4.29582e+06,3,RTS,20
4.29582e+06,0,RTS,20
4.29582e+06,9,RTS,20
4.29582e+06,10,RTS,20
4.29591e+06,8,RTS,20
4.29598e+06,20,CTS,14
4.29604e+06,8,QOSDATA_TID6,1066
4.29622e+06,20,ACK,14
4.29627e+06,8,CTL,20
4.29636e+06,13,RTS,20
4.29642e+06,20,CTS,14
4.29648e+06,13,QOSDATA_TID6,1066
4.29667e+06,20,ACK,14
4.29671e+06,13,CTL,20
4.2968e+06,16,RTS,20
4.2968e+06,10,RTS,20
4.2969e+06,15,RTS,20
4.29696e+06,20,CTS,14
4.29702e+06,15,QOSDATA_TID6,1066
4.29721e+06,20,ACK,14
4.29725e+06,15,CTL,20
4.29735e+06,4,RTS,20
4.29735e+06,3,RTS,20
4.29746e+06,14,RTS,20
4.29753e+06,20,CTS,14
4.29759e+06,14,QOSDATA_TID6,1066
4.29777e+06,20,ACK,14
4.29782e+06,14,CTL,20
4.29791e+06,7,RTS,20
4.29791e+06,4,RTS,20
4.29798e+06,20,CTS,14
4.29804e+06,7,QOSDATA_TID6,1066
4.29822e+06,20,ACK,14
4.29827e+06,7,CTL,20
4.29836e+06,3,RTS,20
4.29842e+06,20,CTS,14
4.29848e+06,3,QOSDATA_TID6,1066
4.29867e+06,20,ACK,14
4.29871e+06,3,QOSDATA_TID6,1066
4.2989e+06,20,ACK,14
4.29894e+06,3,QOSDATA_TID6,1066
4.29912e+06,20,ACK,14
4.29917e+06,3,QOSDATA_TID6,1066
4.29935e+06,20,ACK,14
4.2994e+06,3,CTL,20
4.29948e+06,9,RTS,20
4.29948e+06,10,RTS,20
4.29948e+06,1,RTS,20
4.29948e+06,17,RTS,20
4.29959e+06,13,RTS,20
4.29966e+06,20,CTS,14
4.29972e+06,13,QOSDATA_TID6,1066
4.2999e+06,20,ACK,14
4.29994e+06,13,CTL,20
4.30003e+06,12,RTS,20
4.30003e+06,11,RTS,20
4.30003e+06,6,RTS,20
4.30003e+06,19,RTS,20
4.30015e+06,17,RTS,20
4.30015e+06,10,RTS,20
4.30021e+06,20,CTS,14
4.30027e+06,17,QOSDATA_TID6,1066
4.30046e+06,20,ACK,14
4.3005e+06,17,CTL,20
4.3006e+06,5,RTS,20
4.3006e+06,12,RTS,20
4.3006e+06,4,RTS,20
4.3007e+06,0,CTS,14
4.30083e+06,0,RTS,20
4.3009e+06,20,CTS,14
4.30096e+06,0,QOSDATA_TID6,1066
4.30114e+06,20,ACK,14
4.30118e+06,0,QOSDATA_TID6,1066
4.30137e+06,20,ACK,14
4.30141e+06,0,CTL,20
4.3015e+06,6,RTS,20
4.3015e+06,15,RTS,20
4.30161e+06,19,RTS,20
4.30161e+06,9,RTS,20
4.30168e+06,20,CTS,14
4.30174e+06,19,QOSDATA_TID6,1066
4.30192e+06,20,ACK,14
4.30197e+06,19,CTL,20
4.30206e+06,18,RTS,20
4.30213e+06,20,CTS,14
4.30219e+06,18,QOSDATA_TID6,1066
4.30238e+06,20,ACK,14
4.30242e+06,18,QOSDATA_TID6,1066
4.3026e+06,20,ACK,14
4.30265e+06,18,CTL,20
4.30274e+06,10,RTS,20
4.3028e+06,20,CTS,14
4.30286e+06,10,QOSDATA_TID6,1066
4.30305e+06,20,ACK,14
4.30309e+06,10,QOSDATA_TID6,1066
4.30328e+06,20,ACK,14
4.30332e+06,10,CTL,20
4.3034e+06,2,RTS,20
4.3034e+06,9,RTS,20
4.3034e+06,6,RTS,20
4.3034e+06,1,RTS,20
4.3034e+06,16,RTS,20
4.30351e+06,12,RTS,20
4.30358e+06,20,CTS,14
4.30364e+06,12,QOSDATA_TID6,1066
4.30382e+06,20,ACK,14
4.30387e+06,12,CTL,20
4.30395e+06,15,RTS,20
4.30402e+06,20,CTS,14
4.30408e+06,15,QOSDATA_TID6,1066
4.30427e+06,20,ACK,14
4.30431e+06,15,CTL,20
4.3044e+06,8,RTS,20
4.3044e+06,4,RTS,20
4.30446e+06,20,CTS,14
4.30452e+06,8,QOSDATA_TID6,1066
4.30471e+06,20,ACK,14
4.30475e+06,8,CTL,20
4.30484e+06,14,RTS,20
4.30491e+06,20,CTS,14
4.30497e+06,14,QOSDATA_TID6,1066
4.30515e+06,20,ACK,14
4.30519e+06,14,CTL,20
4.30528e+06,5,RTS,20
4.30528e+06,2,RTS,20
4.30535e+06,20,CTS,14
4.30541e+06,5,QOSDATA_TID6,1066
4.30559e+06,20,ACK,14
4.30564e+06,5,CTL,20
4.30573e+06,2,RTS,20
4.30573e+06,4,RTS,20
4.3058e+06,20,CTS,14
4.30586e+06,2,QOSDATA_TID6,1066
4.30604e+06,20,ACK,14
4.30609e+06,2,CTL,20
4.30618e+06,4,RTS,20
4.30625e+06,20,CTS,14
4.30631e+06,4,QOSDATA_TID6,1066
4.30649e+06,20,ACK,14
4.30654e+06,4,QOSDATA_TID6,1066
4.30672e+06,20,ACK,14
4.30677e+06,4,QOSDATA_TID6,1066
4.30695e+06,20,ACK,14
4.30699e+06,4,QOSDATA_TID6,1066
4.30718e+06,20,ACK,14
4.30722e+06,4,CTL,20
4.30731e+06,11,RTS,20
4.30731e+06,13,RTS,20
4.30731e+06,0,RTS,20
4.30741e+06,12,RTS,20
4.30747e+06,20,CTS,14
4.30753e+06,12,QOSDATA_TID6,1066
4.30772e+06,20,ACK,14
4.30776e+06,12,CTL,20
4.30785e+06,7,RTS,20
4.30785e+06,11,RTS,20
4.30785e+06,3,RTS,20
4.30785e+06,9,RTS,20
4.30795e+06,6,RTS,20
4.30801e+06,20,CTS,14
4.30807e+06,6,QOSDATA_TID6,1066
4.30826e+06,20,ACK,14
4.3083e+06,6,QOSDATA_TID6,1066
4.30849e+06,20,ACK,14
4.30853e+06,6,QOSDATA_TID6,1066
4.30871e+06,20,ACK,14
4.30876e+06,6,CTL,20
4.30884e+06,10,RTS,20
4.30891e+06,20,CTS,14
4.30897e+06,10,QOSDATA_TID6,1066
4.30916e+06,20,ACK,14
4.3092e+06,10,CTL,20
4.30929e+06,1,RTS,20
4.30929e+06,15,RTS,20
4.30939e+06,7,RTS,20
4.30946e+06,20,CTS,14
4.30952e+06,7,QOSDATA_TID6,1066
4.3097e+06,20,ACK,14
4.30975e+06,7,CTL,20
4.30984e+06,17,RTS,20
4.30984e+06,19,RTS,20
4.30984e+06,2,RTS,20
4.30984e+06,9,RTS,20
4.30994e+06,16,RTS,20
4.30994e+06,4,RTS,20
4.31004e+06,9,RTS,20
4.31011e+06,20,CTS,14
4.31017e+06,9,QOSDATA_TID6,1066
4.31035e+06,20,ACK,14
4.3104e+06,9,QOSDATA_TID6,1066
4.31058e+06,20,ACK,14
4.31062e+06,9,CTL,20
4.31071e+06,13,RTS,20
4.31078e+06,20,CTS,14
4.31084e+06,13,QOSDATA_TID6,1066
4.31102e+06,20,ACK,14
4.31107e+06,13,CTL,20
4.31115e+06,14,RTS,20
4.31115e+06,5,RTS,20
4.31115e+06,8,RTS,20
4.31115e+06,2,RTS,20
4.31125e+06,0,RTS,20
4.31132e+06,20,CTS,14
4.31138e+06,0,QOSDATA_TID6,1066
4.31156e+06,20,ACK,14
4.31161e+06,0,CTL,20
4.31169e+06,11,RTS,20
4.31176e+06,20,CTS,14
4.31182e+06,11,QOSDATA_TID6,1066
4.312e+06,20,ACK,14
4.31205e+06,11,QOSDATA_TID6,1066
4.31223e+06,20,ACK,14
4.31228e+06,11,QOSDATA_TID6,1066
4.31246e+06,20,ACK,14
4.3125e+06,11,CTL,20
4.31259e+06,16,RTS,20
4.31259e+06,1,RTS,20
4.31259e+06,2,RTS,20
4.31259e+06,15,RTS,20
4.31259e+06,18,RTS,20
4.31275e+06,18,RTS,20
4.31282e+06,20,CTS,14
4.31288e+06,18,QOSDATA_TID6,1066
4.31306e+06,20,ACK,14
4.3131e+06,18,CTL,20
4.31319e+06,2,RTS,20
4.31319e+06,16,RTS,20
4.3133e+06,8,RTS,20
4.3133e+06,15,RTS,20
4.31337e+06,20,CTS,14
4.31343e+06,8,QOSDATA_TID6,1066
4.31361e+06,20,ACK,14
4.31365e+06,8,CTL,20
4.31374e+06,2,RTS,20
4.31374e+06,9,RTS,20
4.31381e+06,20,CTS,14
4.31387e+06,2,QOSDATA_TID6,1066
4.31405e+06,20,ACK,14
4.3141e+06,2,CTL,20
4.31418e+06,1,RTS,20
4.31418e+06,13,RTS,20
4.31425e+06,20,CTS,14
4.31431e+06,1,QOSDATA_TID6,1066
4.31449e+06,20,ACK,14
4.31454e+06,1,QOSDATA_TID6,1066
4.31472e+06,20,ACK,14
4.31477e+06,1,CTL,20
4.31485e+06,12,RTS,20
4.31485e+06,0,RTS,20
4.31492e+06,20,CTS,14
4.31498e+06,12,QOSDATA_TID6,1066
4.31516e+06,20,ACK,14
4.31521e+06,12,CTL,20
4.3153e+06,7,RTS,20
4.3153e+06,17,RTS,20
4.3153e+06,4,RTS,20
4.3154e+06,14,RTS,20
4.31547e+06,20,CTS,14
4.31553e+06,14,QOSDATA_TID6,1066
4.31571e+06,20,ACK,14
4.31576e+06,14,CTL,20
4.31584e+06,3,RTS,20
4.31584e+06,9,RTS,20
4.31594e+06,0,RTS,20
4.31594e+06,11,RTS,20
4.31601e+06,20,CTS,14
4.31607e+06,0,QOSDATA_TID6,1066
4.31625e+06,20,ACK,14
4.3163e+06,0,CTL,20
4.31639e+06,6,RTS,20
4.31639e+06,15,RTS,20
4.31639e+06,7,RTS,20
4.31639e+06,1,RTS,20
4.31649e+06,16,RTS,20
4.31656e+06,20,CTS,14
4.31662e+06,16,QOSDATA_TID6,1066
4.3168e+06,20,ACK,14
4.31685e+06,16,QOSDATA_TID6,1066
4.31703e+06,20,ACK,14
4.31707e+06,16,QOSDATA_TID6,1066
4.31726e+06,20,ACK,14
4.3173e+06,16,CTL,20
4.31738e+06,20,BEACON,152
4.31764e+06,7,RTS,20
4.31771e+06,20,CTS,14
4.31777e+06,7,QOSDATA_TID6,1066
4.31795e+06,20,ACK,14
4.318e+06,7,CTL,20
4.31808e+06,1,RTS,20
4.31815e+06,20,CTS,14
4.31821e+06,1,QOSDATA_TID6,1066
4.3184e+06,20,ACK,14
4.31844e+06,1,CTL,20
4.31853e+06,4,RTS,20
4.31853e+06,10,RTS,20
4.31862e+06,19,RTS,20
4.31869e+06,20,CTS,14
4.31875e+06,19,QOSDATA_TID6,1066
4.31894e+06,20,ACK,14
4.31898e+06,19,QOSDATA_TID6,1066
4.31916e+06,20,ACK,14
4.31921e+06,19,CTL,20
4.31929e+06,8,RTS,20
4.31929e+06,4,RTS,20
4.31929e+06,15,RTS,20
4.31929e+06,14,RTS,20
4.31939e+06,18,RTS,20
4.31939e+06,2,RTS,20
4.3195e+06,11,RTS,20
4.31957e+06,20,CTS,14
4.31963e+06,11,QOSDATA_TID6,1066
4.31982e+06,20,ACK,14
4.31986e+06,11,CTL,20
4.31995e+06,4,RTS,20
4.31995e+06,13,RTS,20
4.31995e+06,9,RTS,20
4.31995e+06,14,RTS,20
4.32005e+06,17,RTS,20
4.32012e+06,20,CTS,14
4.32018e+06,17,QOSDATA_TID6,1066
4.32036e+06,20,ACK,14
4.32041e+06,17,QOSDATA_TID6,1066
4.32059e+06,20,ACK,14
4.32064e+06,17,CTL,20
4.32072e+06,13,RTS,20
4.32079e+06,20,CTS,14
4.32085e+06,13,QOSDATA_TID6,1066
4.32103e+06,20,ACK,14
4.32108e+06,13,CTL,20
4.32116e+06,14,RTS,20
4.32116e+06,5,RTS,20
4.32116e+06,8,RTS,20
4.32123e+06,20,CTS,14
4.32129e+06,5,QOSDATA_TID6,1066
4.32148e+06,20,ACK,14
4.32152e+06,5,QOSDATA_TID6,1066
4.3217e+06,20,ACK,14
4.32175e+06,5,CTL,20
4.32183e+06,3,RTS,20
4.32183e+06,0,RTS,20
4.3219e+06,20,CTS,14
4.32196e+06,0,QOSDATA_TID6,1066
4.32215e+06,20,ACK,14
4.32219e+06,0,CTL,20
4.32228e+06,10,RTS,20
4.32228e+06,16,RTS,20
4.32239e+06,15,RTS,20
4.32246e+06,20,CTS,14
4.32252e+06,15,QOSDATA_TID6,1066
4.3227e+06,20,ACK,14
4.32275e+06,15,QOSDATA_TID6,1066
4.32293e+06,20,ACK,14
4.32298e+06,15,CTL,20
4.32306e+06,14,RTS,20
4.32306e+06,12,RTS,20
4.32306e+06,11,RTS,20
4.32313e+06,20,CTS,14
4.32319e+06,12,QOSDATA_TID6,1066
4.32337e+06,20,ACK,14
4.32342e+06,12,CTL,20
4.32351e+06,19,RTS,20
4.32351e+06,4,RTS,20
4.32358e+06,20,CTS,14
4.32364e+06,19,QOSDATA_TID6,1066
4.32382e+06,20,ACK,14
4.32387e+06,19,CTL,20
4.32396e+06,13,RTS,20
4.32402e+06,20,CTS,14
4.32408e+06,13,QOSDATA_TID6,1066
4.32427e+06,20,ACK,14
4.32431e+06,13,CTL,20
4.3244e+06,5,RTS,20
4.32446e+06,20,CTS,14
4.32452e+06,5,QOSDATA_TID6,1066
4.32471e+06,20,ACK,14
4.32475e+06,5,CTL,20
4.32484e+06,17,RTS,20
4.32484e+06,1,RTS,20
4.32484e+06,7,RTS,20
4.32484e+06,16,RTS,20
4.32484e+06,6,RTS,20
4.32484e+06,10,RTS,20
4.32495e+06,2,RTS,20
4.32495e+06,9,RTS,20
4.32501e+06,20,CTS,14
4.32507e+06,2,QOSDATA_TID6,1066
4.32526e+06,20,ACK,14
4.3253e+06,2,QOSDATA_TID6,1066
4.32549e+06,20,ACK,14
4.32553e+06,2,CTL,20
4.32562e+06,8,RTS,20
4.32562e+06,15,RTS,20
4.32568e+06,20,CTS,14
4.32574e+06,8,QOSDATA_TID6,1066
4.32593e+06,20,ACK,14
4.32597e+06,8,CTL,20
4.32606e+06,18,RTS,20
4.32613e+06,20,CTS,14
4.32619e+06,18,QOSDATA_TID6,1066
4.32637e+06,20,ACK,14
4.32642e+06,18,QOSDATA_TID6,1066
4.3266e+06,20,ACK,14
4.32664e+06,18,CTL,20
4.32673e+06,14,RTS,20
4.32673e+06,11,RTS,20
4.32684e+06,9,RTS,20
4.32684e+06,10,RTS,20
4.32695e+06,16,RTS,20
4.32702e+06,20,CTS,14
4.32708e+06,16,QOSDATA_TID6,1066
4.32726e+06,20,ACK,14
4.32731e+06,16,CTL,20
4.32739e+06,8,RTS,20
4.32746e+06,20,CTS,14
4.32752e+06,8,QOSDATA_TID6,1066
4.32771e+06,20,ACK,14
4.32775e+06,8,CTL,20
4.32784e+06,1,RTS,20
4.32784e+06,4,RTS,20
4.32784e+06,15,RTS,20
4.32795e+06,7,RTS,20
4.32795e+06,11,RTS,20
4.32795e+06,10,RTS,20
4.32802e+06,20,CTS,14
4.32808e+06,7,QOSDATA_TID6,1066
4.32826e+06,20,ACK,14
4.32831e+06,7,CTL,20
4.3284e+06,4,RTS,20
4.3284e+06,15,RTS,20
4.32847e+06,20,CTS,14
4.32853e+06,15,QOSDATA_TID6,1066
4.32872e+06,20,ACK,14
4.32876e+06,15,CTL,20
4.32885e+06,16,RTS,20
4.32885e+06,3,RTS,20
4.32896e+06,6,RTS,20
4.32903e+06,20,CTS,14
4.32909e+06,6,QOSDATA_TID6,1066
4.32927e+06,20,ACK,14
4.32932e+06,6,QOSDATA_TID6,1066
4.3295e+06,20,ACK,14
4.32954e+06,6,CTL,20
4.32963e+06,7,RTS,20
4.32963e+06,13,RTS,20
4.3297e+06,20,CTS,14
4.32976e+06,7,QOSDATA_TID6,1066
4.32994e+06,20,ACK,14
4.32999e+06,7,CTL,20
4.33008e+06,0,RTS,20
4.33015e+06,20,CTS,14
4.33021e+06,0,QOSDATA_TID6,1066
4.33039e+06,20,ACK,14
4.33044e+06,0,CTL,20
4.33052e+06,14,RTS,20
4.33052e+06,10,RTS,20
4.33062e+06,17,RTS,20
4.33062e+06,12,RTS,20
4.33062e+06,4,RTS,20
4.33072e+06,14,RTS,20
4.33079e+06,20,CTS,14
4.33085e+06,14,QOSDATA_TID6,1066
4.33103e+06,20,ACK,14
4.33108e+06,14,QOSDATA_TID6,1066
4.33126e+06,20,ACK,14
4.3313e+06,14,CTL,20
4.33139e+06,10,RTS,20
4.33146e+06,20,CTS,14
4.33152e+06,10,QOSDATA_TID6,1066
4.3317e+06,20,ACK,14
4.33175e+06,10,QOSDATA_TID6,1066
4.33193e+06,20,ACK,14
4.33197e+06,10,CTL,20
4.33206e+06,11,RTS,20
4.33206e+06,16,RTS,20
4.33216e+06,19,RTS,20
4.33216e+06,3,RTS,20
4.33216e+06,9,RTS,20
4.33226e+06,6,RTS,20
4.33226e+06,13,RTS,20
4.33236e+06,5,RTS,20
4.33243e+06,20,CTS,14
4.33249e+06,5,QOSDATA_TID6,1066
4.33268e+06,20,ACK,14
4.33272e+06,5,CTL,20
4.33281e+06,1,RTS,20
4.33281e+06,11,RTS,20
4.33281e+06,10,RTS,20
4.33291e+06,15,RTS,20
4.33298e+06,20,CTS,14
4.33304e+06,15,QOSDATA_TID6,1066
4.33322e+06,20,ACK,14
4.33327e+06,15,CTL,20
4.33336e+06,12,RTS,20
4.33343e+06,20,CTS,14
4.33349e+06,12,QOSDATA_TID6,1066
4.33368e+06,20,ACK,14
4.33372e+06,12,CTL,20
4.33381e+06,1,RTS,20
4.33381e+06,2,RTS,20
4.33381e+06,9,RTS,20
4.3339e+06,13,RTS,20
4.33397e+06,20,CTS,14
4.33403e+06,13,QOSDATA_TID6,1066
4.33422e+06,20,ACK,14
4.33426e+06,13,CTL,20
4.33436e+06,4,RTS,20
4.33436e+06,17,RTS,20
4.33436e+06,19,RTS,20
4.33436e+06,9,RTS,20
4.33443e+06,20,CTS,14
4.33449e+06,17,QOSDATA_TID6,1066
4.33468e+06,20,ACK,14
4.33472e+06,17,QOSDATA_TID6,1066
4.3349e+06,20,ACK,14
4.33495e+06,17,CTL,20
4.33503e+06,11,RTS,20
4.33503e+06,6,RTS,20
4.33515e+06,9,RTS,20
4.33522e+06,20,CTS,14
4.33528e+06,9,QOSDATA_TID6,1066
4.33546e+06,20,ACK,14
4.33551e+06,9,QOSDATA_TID6,1066
4.33569e+06,20,ACK,14
4.33573e+06,9,CTL,20
4.33582e+06,3,RTS,20
4.33582e+06,6,RTS,20
4.33589e+06,20,CTS,14
4.33595e+06,6,QOSDATA_TID6,1066
4.33613e+06,20,ACK,14
4.33618e+06,6,CTL,20
4.33626e+06,8,RTS,20
4.33626e+06,3,RTS,20
4.33633e+06,20,CTS,14
4.33639e+06,8,QOSDATA_TID6,1066
4.33657e+06,20,ACK,14
4.33662e+06,8,CTL,20
4.33671e+06,1,RTS,20
4.33671e+06,3,RTS,20
4.33678e+06,20,CTS,14
4.33684e+06,1,QOSDATA_TID6,1066
4.33702e+06,20,ACK,14
4.33707e+06,1,QOSDATA_TID6,1066
4.33725e+06,20,ACK,14
4.3373e+06,1,CTL,20
4.33738e+06,14,RTS,20
4.33745e+06,20,CTS,14
4.33751e+06,14,QOSDATA_TID6,1066
4.3377e+06,20,ACK,14
4.33774e+06,14,CTL,20
4.33782e+06,0,RTS,20
4.33782e+06,3,RTS,20
4.33789e+06,20,CTS,14
4.33795e+06,0,QOSDATA_TID6,1066
4.33814e+06,20,ACK,14
4.33818e+06,0,CTL,20
4.33828e+06,18,RTS,20
4.33828e+06,10,RTS,20
4.33828e+06,7,RTS,20
4.33828e+06,9,RTS,20
4.33828e+06,11,RTS,20
4.33828e+06,16,RTS,20
4.33837e+06,2,RTS,20
4.33844e+06,20,CTS,14
4.3385e+06,2,QOSDATA_TID6,1066
4.33869e+06,20,ACK,14
4.33873e+06,2,CTL,20
4.33882e+06,9,RTS,20
4.33888e+06,20,CTS,14
4.33894e+06,9,QOSDATA_TID6,1066
4.33913e+06,20,ACK,14
4.33917e+06,9,CTL,20
4.33926e+06,12,RTS,20
4.33926e+06,11,RTS,20
4.33926e+06,4,RTS,20
4.33933e+06,20,CTS,14
4.33939e+06,12,QOSDATA_TID6,1066
4.33957e+06,20,ACK,14
4.33961e+06,12,CTL,20
4.3397e+06,17,RTS,20
4.3397e+06,11,RTS,20
4.3397e+06,6,RTS,20
4.33977e+06,20,CTS,14
4.33983e+06,17,QOSDATA_TID6,1066
4.34001e+06,20,ACK,14
4.34006e+06,17,CTL,20
4.34014e+06,3,RTS,20
4.34014e+06,13,RTS,20
4.34024e+06,1,RTS,20
4.34031e+06,20,CTS,14
4.34037e+06,1,QOSDATA_TID6,1066
4.34055e+06,20,ACK,14
4.3406e+06,1,CTL,20
4.34068e+06,2,RTS,20
4.34075e+06,20,CTS,14
4.34081e+06,2,QOSDATA_TID6,1066
4.34099e+06,20,ACK,14
4.34104e+06,2,CTL,20
4.34112e+06,13,RTS,20
4.34119e+06,20,CTS,14
4.34125e+06,13,QOSDATA_TID6,1066
4.34144e+06,20,ACK,14
4.34148e+06,13,CTL,20
4.34157e+06,15,RTS,20
4.34157e+06,5,RTS,20
4.34157e+06,6,RTS,20
4.34157e+06,19,RTS,20
4.34157e+06,18,RTS,20
4.34164e+06,20,CTS,14
4.3417e+06,5,QOSDATA_TID6,1066
4.34188e+06,20,ACK,14
4.34192e+06,5,CTL,20
4.34202e+06,16,RTS,20
4.34202e+06,18,RTS,20
4.34202e+06,10,RTS,20
4.34214e+06,3,RTS,20
4.34221e+06,20,CTS,14
4.34227e+06,3,QOSDATA_TID6,1066
4.34246e+06,20,ACK,14
4.3425e+06,3,QOSDATA_TID6,1066
4.34268e+06,20,ACK,14
4.34273e+06,3,QOSDATA_TID6,1066
4.34291e+06,20,ACK,14
4.34296e+06,3,QOSDATA_TID6,1066
4.34314e+06,20,ACK,14
4.34318e+06,3,CTL,20
4.34328e+06,18,RTS,20
4.34328e+06,15,RTS,20
4.34338e+06,19,RTS,20
4.34344e+06,20,CTS,14
4.3435e+06,19,QOSDATA_TID6,1066
4.34369e+06,20,ACK,14
4.34373e+06,19,QOSDATA_TID6,1066
4.34392e+06,20,ACK,14
4.34396e+06,19,CTL,20
4.34405e+06,8,RTS,20
4.34411e+06,20,CTS,14
4.34417e+06,8,QOSDATA_TID6,1066
4.34436e+06,20,ACK,14
4.3444e+06,8,CTL,20
4.3445e+06,11,RTS,20
4.3445e+06,7,RTS,20
4.3445e+06,4,RTS,20
4.3445e+06,14,RTS,20
4.3446e+06,16,RTS,20
4.34466e+06,20,CTS,14
4.34472e+06,16,QOSDATA_TID6,1066
4.34491e+06,20,ACK,14
4.34495e+06,16,QOSDATA_TID6,1066
4.34514e+06,20,ACK,14
4.34518e+06,16,QOSDATA_TID6,1066
4.34536e+06,20,ACK,14
4.34541e+06,16,CTL,20
4.3455e+06,11,RTS,20
4.3455e+06,0,RTS,20
4.34557e+06,20,CTS,14
4.34563e+06,0,QOSDATA_TID6,1066
4.34581e+06,20,ACK,14
4.34586e+06,0,CTL,20
4.34596e+06,6,RTS,20
4.34596e+06,14,RTS,20
4.34596e+06,10,RTS,20
4.34596e+06,4,RTS,20
4.34609e+06,13,RTS,20
4.34616e+06,20,CTS,14
4.34622e+06,13,QOSDATA_TID6,1066
4.3464e+06,20,ACK,14
4.34644e+06,13,CTL,20
4.34655e+06,7,RTS,20
4.34655e+06,12,RTS,20
4.34655e+06,4,RTS,20
4.34662e+06,20,CTS,14
4.34668e+06,12,QOSDATA_TID6,1066
4.34686e+06,20,ACK,14
4.3469e+06,12,CTL,20
4.34699e+06,7,RTS,20
4.34699e+06,15,RTS,20
4.3471e+06,3,RTS,20
4.3471e+06,9,RTS,20
4.3472e+06,1,RTS,20
4.3472e+06,7,RTS,20
4.34731e+06,18,RTS,20
4.34738e+06,20,CTS,14
4.34744e+06,18,QOSDATA_TID6,1066
4.34762e+06,20,ACK,14
4.34767e+06,18,QOSDATA_TID6,1066
4.34785e+06,20,ACK,14
4.34789e+06,18,CTL,20
4.34799e+06,19,RTS,20
4.34799e+06,15,RTS,20
4.3481e+06,10,RTS,20
4.34817e+06,20,CTS,14
4.34823e+06,10,QOSDATA_TID6,1066
4.34842e+06,20,ACK,14
4.34846e+06,10,QOSDATA_TID6,1066
4.34864e+06,20,ACK,14
4.34869e+06,10,QOSDATA_TID6,1066
4.34887e+06,20,ACK,14
4.34892e+06,10,CTL,20
4.349e+06,15,RTS,20
4.34907e+06,20,CTS,14
4.34913e+06,15,QOSDATA_TID6,1066
4.34932e+06,20,ACK,14
4.34936e+06,15,QOSDATA_TID6,1066
4.34954e+06,20,ACK,14
4.34959e+06,15,CTL,20
4.34967e+06,7,RTS,20
4.34974e+06,20,CTS,14
4.3498e+06,7,QOSDATA_TID6,1066
4.34999e+06,20,ACK,14
4.35003e+06,7,QOSDATA_TID6,1066
4.35021e+06,20,ACK,14
4.35026e+06,7,CTL,20
4.35034e+06,14,RTS,20
4.35041e+06,20,CTS,14
4.35047e+06,14,QOSDATA_TID6,1066
4.35066e+06,20,ACK,14
4.3507e+06,14,CTL,20
4.35079e+06,6,RTS,20
4.35079e+06,5,RTS,20
4.35079e+06,2,RTS,20
4.35079e+06,17,RTS,20
4.35079e+06,11,RTS,20
4.35089e+06,1,RTS,20
4.35089e+06,8,RTS,20
4.351e+06,17,RTS,20
4.351e+06,19,RTS,20
4.351e+06,4,RTS,20
4.351e+06,9,RTS,20
4.35107e+06,20,CTS,14
4.35113e+06,17,QOSDATA_TID6,1066
4.35131e+06,20,ACK,14
4.35136e+06,17,CTL,20
4.35144e+06,5,RTS,20
4.35151e+06,20,CTS,14
4.35157e+06,5,QOSDATA_TID6,1066
4.35175e+06,20,ACK,14
4.3518e+06,5,CTL,20
4.35188e+06,1,RTS,20
4.35188e+06,4,RTS,20
4.35188e+06,14,RTS,20
4.35195e+06,20,CTS,14
4.35201e+06,1,QOSDATA_TID6,1066
4.3522e+06,20,ACK,14
4.35224e+06,1,CTL,20
4.35234e+06,3,RTS,20
4.35234e+06,18,RTS,20
4.35243e+06,2,RTS,20
4.3525e+06,20,CTS,14
4.35256e+06,2,QOSDATA_TID6,1066
4.35274e+06,20,ACK,14
4.35279e+06,2,CTL,20
4.35288e+06,8,RTS,20
4.35288e+06,16,RTS,20
4.35288e+06,4,RTS,20
4.35294e+06,20,CTS,14
4.353e+06,8,QOSDATA_TID6,1066
4.35319e+06,20,ACK,14
4.35323e+06,8,CTL,20
4.35333e+06,9,RTS,20
4.35333e+06,6,RTS,20
4.35339e+06,20,CTS,14
4.35345e+06,6,QOSDATA_TID6,1066
4.35364e+06,20,ACK,14
4.35368e+06,6,QOSDATA_TID6,1066
4.35387e+06,20,ACK,14
4.35391e+06,6,CTL,20
4.354e+06,7,RTS,20
4.354e+06,16,RTS,20
4.35406e+06,20,CTS,14
4.35412e+06,7,QOSDATA_TID6,1066
4.35431e+06,20,ACK,14
4.35435e+06,7,CTL,20
4.35445e+06,11,RTS,20
4.35445e+06,18,RTS,20
4.3546e+06,18,RTS,20
4.35466e+06,20,CTS,14
4.35472e+06,18,QOSDATA_TID6,1066
4.35491e+06,20,ACK,14
4.35495e+06,18,CTL,20
4.35505e+06,11,RTS,20
4.35512e+06,20,CTS,14
4.35518e+06,11,QOSDATA_TID6,1066
4.35536e+06,20,ACK,14
4.3554e+06,11,QOSDATA_TID6,1066
4.35559e+06,20,ACK,14
4.35563e+06,11,QOSDATA_TID6,1066
4.35582e+06,20,ACK,14
4.35586e+06,11,QOSDATA_TID6,1066
4.35604e+06,20,ACK,14
4.35609e+06,11,CTL,20
4.35617e+06,4,RTS,20
4.35617e+06,12,RTS,20
4.35617e+06,3,RTS,20
4.35617e+06,0,RTS,20
4.35624e+06,20,CTS,14
4.3563e+06,12,QOSDATA_TID6,1066
4.35648e+06,20,ACK,14
4.35653e+06,12,CTL,20
4.35662e+06,19,RTS,20
4.35662e+06,13,RTS,20
4.35662e+06,15,RTS,20
4.35662e+06,2,RTS,20
4.35662e+06,10,RTS,20
4.35671e+06,5,RTS,20
4.35678e+06,20,CTS,14
4.35684e+06,5,QOSDATA_TID6,1066
4.35702e+06,20,ACK,14
4.35707e+06,5,CTL,20
4.35716e+06,16,RTS,20
4.35716e+06,6,RTS,20
4.35727e+06,9,RTS,20
4.35734e+06,20,CTS,14
4.3574e+06,9,QOSDATA_TID6,1066
4.35758e+06,20,ACK,14
4.35763e+06,9,QOSDATA_TID6,1066
4.35781e+06,20,ACK,14
4.35786e+06,9,CTL,20
4.35795e+06,3,RTS,20
4.35795e+06,1,RTS,20
4.35795e+06,13,RTS,20
4.35805e+06,6,RTS,20
4.35812e+06,20,CTS,14
4.35818e+06,6,QOSDATA_TID6,1066
4.35836e+06,20,ACK,14
4.3584e+06,6,CTL,20
4.35849e+06,18,RTS,20
4.35856e+06,20,CTS,14
4.35862e+06,18,QOSDATA_TID6,1066
4.3588e+06,20,ACK,14
4.35885e+06,18,CTL,20
4.35893e+06,0,RTS,20
4.35893e+06,1,RTS,20
4.35893e+06,4,RTS,20
4.35905e+06,2,RTS,20
4.35912e+06,20,CTS,14
4.35918e+06,2,QOSDATA_TID6,1066
4.35936e+06,20,ACK,14
4.3594e+06,2,CTL,20
4.35949e+06,13,RTS,20
4.35956e+06,20,CTS,14
4.35962e+06,13,QOSDATA_TID6,1066
4.3598e+06,20,ACK,14
4.35985e+06,13,CTL,20
4.35993e+06,15,RTS,20
4.35993e+06,14,RTS,20
4.35993e+06,8,RTS,20
4.36e+06,20,CTS,14
4.36006e+06,8,QOSDATA_TID6,1066
4.36024e+06,20,ACK,14
4.36029e+06,8,CTL,20
4.36038e+06,17,RTS,20
4.36045e+06,20,CTS,14
4.36051e+06,17,QOSDATA_TID6,1066
4.3607e+06,20,ACK,14
4.36074e+06,17,CTL,20
4.36083e+06,3,RTS,20
4.36083e+06,14,RTS,20
4.36092e+06,16,RTS,20
4.36099e+06,20,CTS,14
4.36105e+06,16,QOSDATA_TID6,1066
4.36124e+06,20,ACK,14
4.36128e+06,16,QOSDATA_TID6,1066
4.36146e+06,20,ACK,14
4.36151e+06,16,CTL,20
4.36159e+06,3,RTS,20
4.36166e+06,20,CTS,14
4.36172e+06,3,QOSDATA_TID6,1066
4.36191e+06,20,ACK,14
4.36195e+06,3,QOSDATA_TID6,1066
4.36213e+06,20,ACK,14
4.36218e+06,3,CTL,20
4.36226e+06,9,RTS,20
4.36226e+06,10,RTS,20
4.36226e+06,4,RTS,20
4.36236e+06,19,RTS,20
4.36243e+06,20,CTS,14
4.36249e+06,19,QOSDATA_TID6,1066
4.36267e+06,20,ACK,14
4.36272e+06,19,QOSDATA_TID6,1066
4.3629e+06,20,ACK,14
4.36295e+06,19,CTL,20
4.36303e+06,1,RTS,20
4.36303e+06,9,RTS,20
4.3631e+06,20,CTS,14
4.36316e+06,1,QOSDATA_TID6,1066
4.36334e+06,20,ACK,14
4.36339e+06,1,QOSDATA_TID6,1066
4.36357e+06,20,ACK,14
4.36362e+06,1,CTL,20
4.3637e+06,14,RTS,20
4.36377e+06,20,CTS,14
4.36383e+06,14,QOSDATA_TID6,1066
4.36401e+06,20,ACK,14
4.36406e+06,14,QOSDATA_TID6,1066
4.36424e+06,20,ACK,14
4.36429e+06,14,CTL,20
4.36437e+06,13,RTS,20
4.36437e+06,7,RTS,20
4.36437e+06,12,RTS,20
4.36437e+06,17,RTS,20
4.36437e+06,19,RTS,20
4.36437e+06,3,RTS,20
4.36447e+06,0,CTS,14
4.36447e+06,15,RTS,20
4.36458e+06,0,RTS,20
4.36465e+06,20,CTS,14
4.36471e+06,0,QOSDATA_TID6,1066
4.3649e+06,20,ACK,14
4.36494e+06,0,QOSDATA_TID6,1066
4.36512e+06,20,ACK,14
4.36517e+06,0,CTL,20
4.36525e+06,15,RTS,20
4.36525e+06,17,RTS,20
4.36532e+06,20,CTS,14
4.36538e+06,17,QOSDATA_TID6,1066
4.36557e+06,20,ACK,14
4.36561e+06,17,CTL,20
4.3657e+06,15,RTS,20
4.36576e+06,20,CTS,14
4.36582e+06,15,QOSDATA_TID6,1066
4.36601e+06,20,ACK,14
4.36605e+06,15,QOSDATA_TID6,1066
4.36624e+06,20,ACK,14
4.36628e+06,15,CTL,20
4.36637e+06,6,RTS,20
4.36637e+06,5,RTS,20
4.36637e+06,11,RTS,20
4.36643e+06,20,CTS,14
4.36649e+06,5,QOSDATA_TID6,1066
4.36668e+06,20,ACK,14
4.36672e+06,5,CTL,20
4.36681e+06,10,RTS,20
4.36688e+06,20,CTS,14
4.36694e+06,10,QOSDATA_TID6,1066
4.36712e+06,20,ACK,14
4.36716e+06,10,QOSDATA_TID6,1066
4.36735e+06,20,ACK,14
4.36739e+06,10,CTL,20
4.36748e+06,18,RTS,20
4.36748e+06,8,RTS,20
4.36748e+06,11,RTS,20
4.36755e+06,20,CTS,14
4.36761e+06,8,QOSDATA_TID6,1066
4.36779e+06,20,ACK,14
4.36783e+06,8,CTL,20
4.36792e+06,9,RTS,20
4.36799e+06,20,CTS,14
4.36805e+06,9,QOSDATA_TID6,1066
4.36823e+06,20,ACK,14
4.36828e+06,9,CTL,20
4.36836e+06,2,RTS,20
4.36836e+06,7,RTS,20
4.36836e+06,4,RTS,20
4.36836e+06,14,RTS,20
4.36846e+06,19,RTS,20
4.36853e+06,20,CTS,14
4.36859e+06,19,QOSDATA_TID6,1066
4.36877e+06,20,ACK,14
4.36882e+06,19,CTL,20
4.36891e+06,16,RTS,20
4.36891e+06,2,RTS,20
4.36891e+06,3,RTS,20
4.36891e+06,13,RTS,20
4.36902e+06,12,RTS,20
4.36909e+06,20,CTS,14
4.36915e+06,12,QOSDATA_TID6,1066
4.36933e+06,20,ACK,14
4.36937e+06,12,CTL,20
4.36946e+06,6,RTS,20
4.36953e+06,20,CTS,14
4.36959e+06,6,QOSDATA_TID6,1066
4.36977e+06,20,ACK,14
4.36982e+06,6,CTL,20
4.3699e+06,0,RTS,20
4.3699e+06,7,RTS,20
4.37e+06,3,RTS,20
4.37007e+06,20,CTS,14
4.37013e+06,3,QOSDATA_TID6,1066
4.37031e+06,20,ACK,14
4.37036e+06,3,CTL,20
4.37045e+06,9,RTS,20
4.37045e+06,18,RTS,20
4.37045e+06,11,RTS,20
4.37045e+06,14,RTS,20
4.37058e+06,13,RTS,20
4.37058e+06,0,RTS,20
4.37065e+06,20,CTS,14
4.37071e+06,0,QOSDATA_TID6,1066
4.3709e+06,20,ACK,14
4.37094e+06,0,CTL,20
4.37104e+06,12,RTS,20
4.37104e+06,19,RTS,20
4.37111e+06,20,CTS,14
4.37117e+06,12,QOSDATA_TID6,1066
4.37136e+06,20,ACK,14
4.3714e+06,12,CTL,20
4.37149e+06,11,RTS,20
4.37149e+06,16,RTS,20
4.37149e+06,4,RTS,20
4.37158e+06,1,RTS,20
4.37158e+06,14,RTS,20
4.37165e+06,20,CTS,14
4.37171e+06,1,QOSDATA_TID6,1066
4.3719e+06,20,ACK,14
4.37194e+06,1,CTL,20
4.37203e+06,4,RTS,20
4.3721e+06,20,CTS,14
4.37216e+06,4,QOSDATA_TID6,1066
4.37234e+06,20,ACK,14
4.37238e+06,4,QOSDATA_TID6,1066
4.37257e+06,20,ACK,14
4.37261e+06,4,QOSDATA_TID6,1066
4.3728e+06,20,ACK,14
4.37284e+06,4,QOSDATA_TID6,1066
4.37302e+06,20,ACK,14
4.37307e+06,4,QOSDATA_TID6,1066
4.37325e+06,20,ACK,14
4.3733e+06,4,QOSDATA_TID6,1066
4.37348e+06,20,ACK,14
4.37352e+06,4,CTL,20
4.37361e+06,16,RTS,20
4.37361e+06,14,RTS,20
4.37361e+06,10,RTS,20
4.37373e+06,5,RTS,20
4.37379e+06,20,CTS,14
4.37385e+06,5,QOSDATA_TID6,1066
4.37404e+06,20,ACK,14
4.37408e+06,5,CTL,20
4.37418e+06,17,RTS,20
4.37418e+06,2,RTS,20
4.37418e+06,3,RTS,20
4.37418e+06,9,RTS,20
4.37418e+06,6,RTS,20
4.37418e+06,15,RTS,20
4.37418e+06,13,RTS,20
4.37428e+06,18,RTS,20
4.37434e+06,20,CTS,14
4.3744e+06,18,QOSDATA_TID6,1066
4.37459e+06,20,ACK,14
4.37463e+06,18,QOSDATA_TID6,1066
4.37482e+06,20,ACK,14
4.37486e+06,18,CTL,20
4.37494e+06,9,RTS,20
4.37494e+06,16,RTS,20
4.37505e+06,6,RTS,20
4.37512e+06,20,CTS,14
4.37518e+06,6,QOSDATA_TID6,1066
4.37536e+06,20,ACK,14
4.37541e+06,6,CTL,20
4.37549e+06,14,RTS,20
4.37549e+06,9,RTS,20
4.3756e+06,17,RTS,20
4.37567e+06,20,CTS,14
4.37573e+06,17,QOSDATA_TID6,1066
4.37591e+06,20,ACK,14
4.37596e+06,17,CTL,20
4.37604e+06,7,RTS,20
4.37611e+06,20,CTS,14
4.37617e+06,7,QOSDATA_TID6,1066
4.37636e+06,20,ACK,14
4.3764e+06,7,QOSDATA_TID6,1066
4.37658e+06,20,ACK,14
4.37663e+06,7,CTL,20
4.37671e+06,13,RTS,20
4.37671e+06,19,RTS,20
4.37687e+06,19,RTS,20
4.37694e+06,20,CTS,14
4.377e+06,19,QOSDATA_TID6,1066
4.37718e+06,20,ACK,14
4.37723e+06,19,CTL,20
4.37732e+06,11,RTS,20
4.37732e+06,16,RTS,20
4.37732e+06,0,RTS,20
4.37732e+06,10,RTS,20
4.37732e+06,15,RTS,20
4.37742e+06,8,RTS,20
4.37742e+06,2,RTS,20
4.37749e+06,20,CTS,14
4.37755e+06,8,QOSDATA_TID6,1066
4.37773e+06,20,ACK,14
4.37778e+06,8,CTL,20
4.37786e+06,7,RTS,20
4.37786e+06,0,RTS,20
4.37798e+06,9,RTS,20
4.37805e+06,20,CTS,14
4.37811e+06,9,QOSDATA_TID6,1066
4.37829e+06,20,ACK,14
4.37833e+06,9,QOSDATA_TID6,1066
4.37852e+06,20,ACK,14
4.37856e+06,9,CTL,20
4.37865e+06,12,RTS,20
4.37865e+06,15,RTS,20
4.37872e+06,20,CTS,14
4.37878e+06,12,QOSDATA_TID6,1066
4.37896e+06,20,ACK,14
4.379e+06,12,CTL,20
4.37909e+06,6,RTS,20
4.37916e+06,20,CTS,14
4.37922e+06,6,QOSDATA_TID6,1066
4.3794e+06,20,ACK,14
4.37945e+06,6,CTL,20
4.37953e+06,17,RTS,20
4.37953e+06,3,RTS,20
4.37953e+06,19,RTS,20
4.3796e+06,20,CTS,14
4.37966e+06,17,QOSDATA_TID6,1066
4.37984e+06,20,ACK,14
4.37989e+06,17,CTL,20
4.37997e+06,19,RTS,20
4.37997e+06,15,RTS,20
4.38008e+06,10,RTS,20
4.38015e+06,20,CTS,14
4.38021e+06,10,QOSDATA_TID6,1066
4.38039e+06,20,ACK,14
4.38044e+06,10,CTL,20
4.38052e+06,19,RTS,20
4.38059e+06,20,CTS,14
4.38065e+06,19,QOSDATA_TID6,1066
4.38084e+06,20,ACK,14
4.38088e+06,19,CTL,20
4.38097e+06,16,RTS,20
4.38097e+06,13,RTS,20
4.38097e+06,14,RTS,20
4.38106e+06,5,RTS,20
4.38113e+06,20,CTS,14
4.38119e+06,5,QOSDATA_TID6,1066
4.38138e+06,20,ACK,14
4.38142e+06,5,CTL,20
4.38151e+06,7,RTS,20
4.38151e+06,10,RTS,20
4.38151e+06,14,RTS,20
4.38157e+06,20,CTS,14
4.38163e+06,7,QOSDATA_TID6,1066
4.38182e+06,20,ACK,14
4.38186e+06,7,CTL,20
4.38196e+06,1,RTS,20
4.38196e+06,4,RTS,20
4.38196e+06,14,RTS,20
4.38196e+06,3,RTS,20
4.38207e+06,0,CTS,14
4.38221e+06,0,RTS,20
4.38228e+06,20,CTS,14
4.38234e+06,0,QOSDATA_TID6,1066
4.38253e+06,20,ACK,14
4.38257e+06,0,CTL,20
4.38266e+06,8,RTS,20
4.38266e+06,11,RTS,20
4.38272e+06,20,CTS,14
4.38278e+06,8,QOSDATA_TID6,1066
4.38297e+06,20,ACK,14
4.38301e+06,8,CTL,20
4.3831e+06,11,RTS,20
4.38317e+06,20,CTS,14
4.38323e+06,11,QOSDATA_TID6,1066
4.38341e+06,20,ACK,14
4.38345e+06,11,QOSDATA_TID6,1066
4.38364e+06,20,ACK,14
4.38368e+06,11,QOSDATA_TID6,1066
4.38387e+06,20,ACK,14
4.38391e+06,11,CTL,20
4.384e+06,2,RTS,20
4.384e+06,15,RTS,20
4.384e+06,10,RTS,20
4.384e+06,14,RTS,20
4.3841e+06,16,RTS,20
4.38417e+06,20,CTS,14
4.38423e+06,16,QOSDATA_TID6,1066
4.38442e+06,20,ACK,14
4.38446e+06,16,QOSDATA_TID6,1066
4.38464e+06,20,ACK,14
4.38469e+06,16,QOSDATA_TID6,1066
4.38487e+06,20,ACK,14
4.38492e+06,16,CTL,20
4.38501e+06,1,RTS,20
4.38501e+06,18,RTS,20
4.38501e+06,10,RTS,20
4.38511e+06,13,RTS,20
4.38518e+06,20,CTS,14
4.38524e+06,13,QOSDATA_TID6,1066
4.38542e+06,20,ACK,14
4.38546e+06,13,QOSDATA_TID6,1066
4.38565e+06,20,ACK,14
4.38569e+06,13,QOSDATA_TID6,1066
4.38588e+06,20,ACK,14
4.38592e+06,13,QOSDATA_TID6,1066
4.3861e+06,20,ACK,14
4.38615e+06,13,CTL,20
4.38623e+06,1,RTS,20
4.3863e+06,20,CTS,14
4.38636e+06,1,QOSDATA_TID6,1066
4.38655e+06,20,ACK,14
4.38659e+06,1,CTL,20
4.38668e+06,12,RTS,20
4.38668e+06,9,RTS,20
4.38674e+06,20,CTS,14
4.3868e+06,12,QOSDATA_TID6,1066
4.38699e+06,20,ACK,14
4.38703e+06,12,CTL,20
4.38713e+06,7,RTS,20
4.38713e+06,19,RTS,20
4.38713e+06,0,RTS,20
4.38723e+06,2,RTS,20
4.3873e+06,20,CTS,14
4.38736e+06,2,QOSDATA_TID6,1066
4.38755e+06,20,ACK,14
4.38759e+06,2,QOSDATA_TID6,1066
4.38777e+06,20,ACK,14
4.38782e+06,2,QOSDATA_TID6,1066
4.388e+06,20,ACK,14
4.38805e+06,2,CTL,20
4.38813e+06,17,RTS,20
4.38813e+06,11,RTS,20
4.38813e+06,4,RTS,20
4.3882e+06,20,CTS,14
4.38826e+06,17,QOSDATA_TID6,1066
4.38844e+06,20,ACK,14
4.38849e+06,17,CTL,20
4.38858e+06,9,RTS,20
4.38858e+06,15,RTS,20
4.38865e+06,20,CTS,14
4.38871e+06,15,QOSDATA_TID6,1066
4.3889e+06,20,ACK,14
4.38894e+06,15,QOSDATA_TID6,1066
4.38912e+06,20,ACK,14
4.38917e+06,15,QOSDATA_TID6,1066
4.38935e+06,20,ACK,14
4.3894e+06,15,CTL,20
4.38948e+06,4,RTS,20
4.38955e+06,20,CTS,14
4.38961e+06,4,QOSDATA_TID6,1066
4.38979e+06,20,ACK,14
4.38984e+06,4,QOSDATA_TID6,1066
4.39002e+06,20,ACK,14
4.39007e+06,4,CTL,20
4.39015e+06,1,RTS,20
4.39015e+06,5,RTS,20
4.39015e+06,2,RTS,20
4.39022e+06,20,CTS,14
4.39028e+06,5,QOSDATA_TID6,1066
4.39046e+06,20,ACK,14
4.39051e+06,5,CTL,20
4.39059e+06,2,RTS,20
4.39066e+06,20,CTS,14
4.39072e+06,2,QOSDATA_TID6,1066
4.39091e+06,20,ACK,14
4.39095e+06,2,CTL,20
4.39104e+06,3,RTS,20
4.39104e+06,0,RTS,20
4.39104e+06,6,RTS,20
4.39104e+06,7,RTS,20
4.39114e+06,8,RTS,20
4.39114e+06,14,RTS,20
4.39114e+06,18,RTS,20
4.39121e+06,20,CTS,14
4.39127e+06,8,QOSDATA_TID6,1066
4.39146e+06,20,ACK,14
4.3915e+06,8,CTL,20
4.3916e+06,19,RTS,20
4.3916e+06,11,RTS,20
4.3916e+06,7,RTS,20
4.3916e+06,3,RTS,20
4.3916e+06,9,RTS,20
4.3916e+06,10,RTS,20
4.39171e+06,14,RTS,20
4.39178e+06,20,CTS,14
4.39184e+06,14,QOSDATA_TID6,1066
4.39202e+06,20,ACK,14
4.39207e+06,14,QOSDATA_TID6,1066
4.39225e+06,20,ACK,14
4.39229e+06,14,QOSDATA_TID6,1066
4.39248e+06,20,ACK,14
4.39252e+06,14,CTL,20
4.39261e+06,11,RTS,20
4.39268e+06,20,CTS,14
4.39274e+06,11,QOSDATA_TID6,1066
4.39292e+06,20,ACK,14
4.39296e+06,11,CTL,20
4.39305e+06,16,RTS,20
4.39312e+06,20,CTS,14
4.39318e+06,16,QOSDATA_TID6,1066
4.39336e+06,20,ACK,14
4.39341e+06,16,CTL,20
4.39349e+06,6,RTS,20
4.39349e+06,10,RTS,20
4.39356e+06,20,CTS,14
4.39362e+06,6,QOSDATA_TID6,1066
4.3938e+06,20,ACK,14
4.39385e+06,6,CTL,20
4.39393e+06,1,RTS,20
4.394e+06,20,CTS,14
4.39406e+06,1,QOSDATA_TID6,1066
4.39425e+06,20,ACK,14
4.39429e+06,1,CTL,20
4.39438e+06,3,RTS,20
4.39438e+06,0,CTS,14
4.39438e+06,18,RTS,20
4.39452e+06,0,RTS,20
4.39459e+06,20,CTS,14
4.39465e+06,0,QOSDATA_TID6,1066
4.39484e+06,20,ACK,14
4.39488e+06,0,QOSDATA_TID6,1066
4.39506e+06,20,ACK,14
4.39511e+06,0,CTL,20
4.3952e+06,12,RTS,20
4.3952e+06,1,RTS,20
4.39526e+06,20,CTS,14
4.39532e+06,12,QOSDATA_TID6,1066
4.39551e+06,20,ACK,14
4.39555e+06,12,CTL,20
4.39564e+06,6,RTS,20
4.39564e+06,3,RTS,20
4.3957e+06,20,CTS,14
4.39576e+06,6,QOSDATA_TID6,1066
4.39595e+06,20,ACK,14
4.39599e+06,6,CTL,20
4.39608e+06,11,RTS,20
4.39615e+06,20,CTS,14
4.39621e+06,11,QOSDATA_TID6,1066
4.39639e+06,20,ACK,14
4.39644e+06,11,CTL,20
4.39652e+06,7,RTS,20
4.39652e+06,5,RTS,20
4.39652e+06,13,RTS,20
4.39652e+06,3,RTS,20
4.39652e+06,18,RTS,20
4.39659e+06,20,CTS,14
4.39665e+06,5,QOSDATA_TID6,1066
4.39683e+06,20,ACK,14
4.39688e+06,5,CTL,20
4.39697e+06,17,RTS,20
4.39697e+06,1,RTS,20
4.39697e+06,19,RTS,20
4.39697e+06,2,RTS,20
4.39697e+06,3,RTS,20
4.39697e+06,9,RTS,20
4.39697e+06,4,RTS,20
4.39697e+06,13,RTS,20
4.39707e+06,18,RTS,20
4.39707e+06,10,RTS,20
4.39717e+06,2,RTS,20
4.39717e+06,4,RTS,20
4.39724e+06,20,CTS,14
4.3973e+06,2,QOSDATA_TID6,1066
4.39748e+06,20,ACK,14
4.39752e+06,2,CTL,20
4.39762e+06,10,RTS,20
4.39762e+06,15,RTS,20
4.39769e+06,20,CTS,14
4.39775e+06,15,QOSDATA_TID6,1066
4.39793e+06,20,ACK,14
4.39798e+06,15,CTL,20
4.39806e+06,19,RTS,20
4.39806e+06,10,RTS,20
4.39813e+06,20,CTS,14
4.39819e+06,19,QOSDATA_TID6,1066
4.39837e+06,20,ACK,14
4.39842e+06,19,QOSDATA_TID6,1066
4.3986e+06,20,ACK,14
4.39865e+06,19,CTL,20
4.39873e+06,8,RTS,20
4.3988e+06,20,CTS,14
4.39886e+06,8,QOSDATA_TID6,1066
4.39904e+06,20,ACK,14
4.39909e+06,8,CTL,20
4.39917e+06,14,RTS,20
4.39924e+06,20,CTS,14
4.3993e+06,14,QOSDATA_TID6,1066
4.39949e+06,20,ACK,14
4.39953e+06,14,CTL,20
4.39962e+06,10,RTS,20
4.39962e+06,1,RTS,20
4.39962e+06,4,RTS,20
4.39968e+06,20,CTS,14
4.39974e+06,1,QOSDATA_TID6,1066
4.39993e+06,20,ACK,14
4.39997e+06,1,CTL,20
4.40007e+06,17,RTS,20
4.40007e+06,3,RTS,20
4.40007e+06,10,RTS,20
4.40014e+06,20,CTS,14
4.4002e+06,17,QOSDATA_TID6,1066
4.40038e+06,20,ACK,14
4.40042e+06,17,CTL,20
4.40053e+06,16,RTS,20
4.40053e+06,10,RTS,20
4.40068e+06,10,RTS,20
4.40074e+06,20,CTS,14
4.4008e+06,10,QOSDATA_TID6,1066
4.40099e+06,20,ACK,14
4.40103e+06,10,QOSDATA_TID6,1066
4.40122e+06,20,ACK,14
4.40126e+06,10,CTL,20
4.40136e+06,0,RTS,20
4.40142e+06,20,CTS,14
4.40148e+06,0,QOSDATA_TID6,1066
4.40167e+06,20,ACK,14
4.40171e+06,0,CTL,20
4.4018e+06,16,RTS,20
4.40186e+06,20,CTS,14
4.40192e+06,16,QOSDATA_TID6,1066
4.40211e+06,20,ACK,14
4.40215e+06,16,CTL,20
4.40224e+06,7,RTS,20
4.40231e+06,20,CTS,14
4.40237e+06,7,QOSDATA_TID6,1066
4.40255e+06,20,ACK,14
4.4026e+06,7,QOSDATA_TID6,1066
4.40278e+06,20,ACK,14
4.40282e+06,7,QOSDATA_TID6,1066
4.40301e+06,20,ACK,14
4.40305e+06,7,CTL,20
4.40314e+06,13,RTS,20
4.40314e+06,4,RTS,20
4.40314e+06,6,RTS,20
4.40314e+06,9,RTS,20
4.40324e+06,18,RTS,20
4.4033e+06,20,CTS,14
4.40336e+06,18,QOSDATA_TID6,1066
4.40355e+06,20,ACK,14
4.40359e+06,18,QOSDATA_TID6,1066
4.40378e+06,20,ACK,14
4.40382e+06,18,QOSDATA_TID6,1066
4.404e+06,20,ACK,14
4.40405e+06,18,CTL,20
4.40413e+06,19,RTS,20
4.40413e+06,1,RTS,20
4.40413e+06,13,RTS,20
4.40423e+06,17,RTS,20
4.40423e+06,3,RTS,20
4.4043e+06,20,CTS,14
4.40436e+06,17,QOSDATA_TID6,1066
4.40454e+06,20,ACK,14
4.40459e+06,17,CTL,20
4.40467e+06,5,RTS,20
4.40467e+06,19,RTS,20
4.40474e+06,20,CTS,14
4.4048e+06,5,QOSDATA_TID6,1066
4.40498e+06,20,ACK,14
4.40503e+06,5,CTL,20
4.40512e+06,11,RTS,20
4.40512e+06,10,RTS,20
4.40512e+06,15,RTS,20
4.40512e+06,13,RTS,20
4.40521e+06,12,RTS,20
4.40528e+06,20,CTS,14
4.40534e+06,12,QOSDATA_TID6,1066
4.40552e+06,20,ACK,14
4.40557e+06,12,CTL,20
4.40566e+06,10,RTS,20
4.40573e+06,20,CTS,14
4.40579e+06,10,QOSDATA_TID6,1066
4.40598e+06,20,ACK,14
4.40602e+06,10,CTL,20
4.40611e+06,2,RTS,20
4.40611e+06,6,RTS,20
4.40611e+06,4,RTS,20
4.40623e+06,1,RTS,20
4.40623e+06,19,RTS,20
4.40633e+06,18,RTS,20
4.40633e+06,6,RTS,20
4.40643e+06,19,RTS,20
4.40643e+06,13,RTS,20
4.40654e+06,4,RTS,20
4.4066e+06,20,CTS,14
4.40666e+06,4,QOSDATA_TID6,1066
4.40685e+06,20,ACK,14
4.40689e+06,4,QOSDATA_TID6,1066
4.40708e+06,20,ACK,14
4.40712e+06,4,CTL,20
4.40721e+06,1,RTS,20
4.40721e+06,15,RTS,20
4.40721e+06,14,RTS,20
4.40731e+06,2,RTS,20
4.40738e+06,20,CTS,14
4.40744e+06,2,QOSDATA_TID6,1066
4.40762e+06,20,ACK,14
4.40767e+06,2,CTL,20
4.40777e+06,3,RTS,20
4.40777e+06,18,RTS,20
4.40777e+06,8,RTS,20
4.40784e+06,20,CTS,14
4.4079e+06,8,QOSDATA_TID6,1066
4.40808e+06,20,ACK,14
4.40813e+06,8,CTL,20
4.40823e+06,13,RTS,20
4.40823e+06,14,RTS,20
4.40835e+06,19,RTS,20
4.40842e+06,20,CTS,14
4.40848e+06,19,QOSDATA_TID6,1066
4.40866e+06,20,ACK,14
4.4087e+06,19,CTL,20
4.40879e+06,1,RTS,20
4.40879e+06,16,RTS,20
4.40886e+06,20,CTS,14
4.40892e+06,1,QOSDATA_TID6,1066
4.4091e+06,20,ACK,14
4.40915e+06,1,CTL,20
4.40924e+06,9,RTS,20
4.40931e+06,20,CTS,14
4.40937e+06,9,QOSDATA_TID6,1066
4.40955e+06,20,ACK,14
4.4096e+06,9,QOSDATA_TID6,1066
4.40978e+06,20,ACK,14
4.40982e+06,9,QOSDATA_TID6,1066
4.41001e+06,20,ACK,14
4.41005e+06,9,QOSDATA_TID6,1066
4.41024e+06,20,ACK,14
4.41028e+06,9,CTL,20
4.41037e+06,3,RTS,20
4.41037e+06,6,RTS,20
4.41044e+06,20,CTS,14
4.4105e+06,6,QOSDATA_TID6,1066
4.41068e+06,20,ACK,14
4.41072e+06,6,CTL,20
4.41081e+06,12,RTS,20
4.41081e+06,11,RTS,20
4.41088e+06,20,CTS,14
4.41094e+06,12,QOSDATA_TID6,1066
4.41112e+06,20,ACK,14
4.41116e+06,12,CTL,20
4.41125e+06,19,RTS,20
4.41132e+06,20,CTS,14
4.41138e+06,19,QOSDATA_TID6,1066
4.41156e+06,20,ACK,14
4.41161e+06,19,CTL,20
4.41169e+06,0,RTS,20
4.41169e+06,6,RTS,20
4.41179e+06,17,RTS,20
4.41179e+06,7,RTS,20
4.41179e+06,16,RTS,20
4.41189e+06,3,RTS,20
4.41189e+06,15,RTS,20
4.41189e+06,0,RTS,20
4.412e+06,1,RTS,20
4.41207e+06,20,CTS,14
4.41213e+06,1,QOSDATA_TID6,1066
4.41231e+06,20,ACK,14
4.41236e+06,1,CTL,20
4.41244e+06,16,RTS,20
4.41251e+06,20,CTS,14
4.41257e+06,16,QOSDATA_TID6,1066
4.41275e+06,20,ACK,14
4.4128e+06,16,CTL,20
4.41288e+06,18,RTS,20
4.41288e+06,14,RTS,20
4.41299e+06,11,RTS,20
4.41306e+06,20,CTS,14
4.41312e+06,11,QOSDATA_TID6,1066
4.4133e+06,20,ACK,14
4.41335e+06,11,QOSDATA_TID6,1066
4.41353e+06,20,ACK,14
4.41358e+06,11,CTL,20
4.41366e+06,4,RTS,20
4.41366e+06,17,RTS,20
4.41373e+06,20,CTS,14
4.41379e+06,17,QOSDATA_TID6,1066
4.41397e+06,20,ACK,14
4.41402e+06,17,CTL,20
4.4141e+06,4,RTS,20
4.41417e+06,20,CTS,14
4.41423e+06,4,QOSDATA_TID6,1066
4.41442e+06,20,ACK,14
4.41446e+06,4,CTL,20
4.41455e+06,7,RTS,20
4.41455e+06,5,RTS,20
4.41455e+06,13,RTS,20
4.41461e+06,20,CTS,14
4.41467e+06,5,QOSDATA_TID6,1066
4.41486e+06,20,ACK,14
4.4149e+06,5,CTL,20
4.41499e+06,7,RTS,20
4.41506e+06,20,CTS,14
4.41512e+06,7,QOSDATA_TID6,1066
4.4153e+06,20,ACK,14
4.41534e+06,7,CTL,20
4.41543e+06,13,RTS,20
4.41543e+06,2,RTS,20
4.41543e+06,3,RTS,20
4.41543e+06,10,RTS,20
4.41554e+06,18,RTS,20
4.41554e+06,0,CTS,14
4.41565e+06,0,RTS,20
4.41572e+06,20,CTS,14
4.41578e+06,0,QOSDATA_TID6,1066
4.41596e+06,20,ACK,14
4.41601e+06,0,CTL,20
4.41609e+06,18,RTS,20
4.41609e+06,8,RTS,20
4.41609e+06,3,RTS,20
4.41616e+06,20,CTS,14
4.41622e+06,8,QOSDATA_TID6,1066
4.4164e+06,20,ACK,14
4.41645e+06,8,CTL,20
4.41654e+06,13,RTS,20
4.41654e+06,14,RTS,20
4.41667e+06,3,RTS,20
4.41674e+06,20,CTS,14
4.4168e+06,3,QOSDATA_TID6,1066
4.41698e+06,20,ACK,14
4.41702e+06,3,QOSDATA_TID6,1066
4.41721e+06,20,ACK,14
4.41725e+06,3,QOSDATA_TID6,1066
4.41744e+06,20,ACK,14
4.41748e+06,3,QOSDATA_TID6,1066
4.41766e+06,20,ACK,14
4.41771e+06,3,CTL,20
4.41779e+06,0,RTS,20
4.41779e+06,7,RTS,20
4.4179e+06,9,RTS,20
4.41797e+06,20,CTS,14
4.41803e+06,9,QOSDATA_TID6,1066
4.41821e+06,20,ACK,14
4.41826e+06,9,CTL,20
4.41834e+06,15,RTS,20
4.41841e+06,20,CTS,14
4.41847e+06,15,QOSDATA_TID6,1066
4.41866e+06,20,ACK,14
4.4187e+06,15,QOSDATA_TID6,1066
4.41888e+06,20,ACK,14
4.41893e+06,15,CTL,20
4.419e+06,20,BEACON,152
4.41927e+06,3,RTS,20
4.41933e+06,20,CTS,14
4.41939e+06,3,QOSDATA_TID6,1066
4.41958e+06,20,ACK,14
4.41962e+06,3,CTL,20
4.41971e+06,2,RTS,20
4.41971e+06,18,RTS,20
4.41971e+06,6,RTS,20
4.41981e+06,19,RTS,20
4.41981e+06,1,RTS,20
4.41981e+06,16,RTS,20
4.4199e+06,12,RTS,20
4.41997e+06,20,CTS,14
4.42003e+06,12,QOSDATA_TID6,1066
4.42022e+06,20,ACK,14
4.42026e+06,12,CTL,20
4.42035e+06,17,RTS,20
4.42035e+06,1,RTS,20
4.42044e+06,11,RTS,20
4.42044e+06,18,RTS,20
4.42044e+06,10,RTS,20
4.42054e+06,13,RTS,20
4.42061e+06,20,CTS,14
4.42067e+06,13,QOSDATA_TID6,1066
4.42086e+06,20,ACK,14
4.4209e+06,13,QOSDATA_TID6,1066
4.42108e+06,20,ACK,14
4.42113e+06,13,QOSDATA_TID6,1066
4.42131e+06,20,ACK,14
4.42136e+06,13,CTL,20
4.42144e+06,4,RTS,20
4.42144e+06,5,RTS,20
4.42151e+06,20,CTS,14
4.42157e+06,5,QOSDATA_TID6,1066
4.42175e+06,20,ACK,14
4.4218e+06,5,CTL,20
4.42188e+06,7,RTS,20
4.42195e+06,20,CTS,14
4.42201e+06,7,QOSDATA_TID6,1066
4.4222e+06,20,ACK,14
4.42224e+06,7,CTL,20
4.42232e+06,14,RTS,20
4.42239e+06,20,CTS,14
4.42245e+06,14,QOSDATA_TID6,1066
4.42264e+06,20,ACK,14
4.42268e+06,14,QOSDATA_TID6,1066
4.42286e+06,20,ACK,14
4.42291e+06,14,CTL,20
4.423e+06,2,RTS,20
4.423e+06,19,RTS,20
4.423e+06,11,RTS,20
4.42309e+06,15,RTS,20
4.42316e+06,20,CTS,14
4.42322e+06,15,QOSDATA_TID6,1066
4.4234e+06,20,ACK,14
4.42345e+06,15,CTL,20
4.42354e+06,14,RTS,20
4.4236e+06,20,CTS,14
4.42366e+06,14,QOSDATA_TID6,1066
4.42385e+06,20,ACK,14
4.42389e+06,14,CTL,20
4.42398e+06,6,RTS,20
4.42398e+06,0,RTS,20
4.42398e+06,16,RTS,20
4.42409e+06,18,RTS,20
4.42409e+06,10,RTS,20
4.4242e+06,1,RTS,20
4.4242e+06,16,RTS,20
4.42427e+06,20,CTS,14
4.42433e+06,1,QOSDATA_TID6,1066
4.42451e+06,20,ACK,14
4.42456e+06,1,CTL,20
4.42464e+06,18,RTS,20
4.42464e+06,10,RTS,20
4.42475e+06,2,RTS,20
4.42475e+06,8,RTS,20
4.42475e+06,17,RTS,20
4.42486e+06,19,RTS,20
4.42486e+06,11,RTS,20
4.42486e+06,4,RTS,20
4.42497e+06,16,RTS,20
4.42504e+06,20,CTS,14
4.4251e+06,16,QOSDATA_TID6,1066
4.42528e+06,20,ACK,14
4.42533e+06,16,QOSDATA_TID6,1066
4.42551e+06,20,ACK,14
4.42556e+06,16,CTL,20
4.42564e+06,13,RTS,20
4.42571e+06,20,CTS,14
4.42577e+06,13,QOSDATA_TID6,1066
4.42595e+06,20,ACK,14
4.426e+06,13,CTL,20
4.42608e+06,7,RTS,20
4.42615e+06,20,CTS,14
4.42621e+06,7,QOSDATA_TID6,1066
4.4264e+06,20,ACK,14
4.42644e+06,7,CTL,20
4.42653e+06,12,RTS,20
4.42653e+06,11,RTS,20
4.42653e+06,0,CTS,14
4.42653e+06,6,RTS,20
4.42661e+06,0,RTS,20
4.42668e+06,20,CTS,14
4.42674e+06,0,QOSDATA_TID6,1066
4.42692e+06,20,ACK,14
4.42697e+06,0,QOSDATA_TID6,1066
4.42715e+06,20,ACK,14
4.4272e+06,0,CTL,20
4.42729e+06,2,RTS,20
4.42729e+06,8,RTS,20
4.42729e+06,12,RTS,20
4.42729e+06,3,RTS,20
4.42729e+06,1,RTS,20
4.42729e+06,9,RTS,20
4.42729e+06,11,RTS,20
4.42739e+06,10,RTS,20
4.42746e+06,20,CTS,14
4.42752e+06,10,QOSDATA_TID6,1066
4.4277e+06,20,ACK,14
4.42774e+06,10,QOSDATA_TID6,1066
4.42793e+06,20,ACK,14
4.42797e+06,10,CTL,20
4.42806e+06,18,RTS,20
4.42806e+06,6,RTS,20
4.42816e+06,8,RTS,20
4.42816e+06,17,RTS,20
4.42826e+06,19,RTS,20
4.42833e+06,20,CTS,14
4.42839e+06,19,QOSDATA_TID6,1066
4.42858e+06,20,ACK,14
4.42862e+06,19,QOSDATA_TID6,1066
4.4288e+06,20,ACK,14
4.42885e+06,19,CTL,20
4.42894e+06,18,RTS,20
4.42894e+06,10,RTS,20
4.42903e+06,5,RTS,20
4.42903e+06,8,RTS,20
4.42903e+06,12,RTS,20
4.42903e+06,15,RTS,20
4.42903e+06,4,RTS,20
4.42913e+06,17,RTS,20
4.42913e+06,3,RTS,20
4.4292e+06,20,CTS,14
4.42926e+06,17,QOSDATA_TID6,1066
4.42944e+06,20,ACK,14
4.42949e+06,17,QOSDATA_TID6,1066
4.42967e+06,20,ACK,14
4.42972e+06,17,CTL,20
4.42981e+06,8,RTS,20
4.42981e+06,11,RTS,20
4.42981e+06,3,RTS,20
4.42981e+06,10,RTS,20
4.42988e+06,20,CTS,14
4.42994e+06,8,QOSDATA_TID6,1066
4.43012e+06,20,ACK,14
4.43017e+06,8,CTL,20
4.43027e+06,1,RTS,20
4.43027e+06,2,RTS,20
4.43038e+06,15,RTS,20
4.43044e+06,20,CTS,14
4.4305e+06,15,QOSDATA_TID6,1066
4.43069e+06,20,ACK,14
4.43073e+06,15,CTL,20
4.43082e+06,2,RTS,20
4.43089e+06,20,CTS,14
4.43095e+06,2,QOSDATA_TID6,1066
4.43113e+06,20,ACK,14
4.43118e+06,2,QOSDATA_TID6,1066
4.43136e+06,20,ACK,14
4.4314e+06,2,QOSDATA_TID6,1066
4.43159e+06,20,ACK,14
4.43163e+06,2,CTL,20
4.43172e+06,8,RTS,20
4.43178e+06,20,CTS,14
4.43184e+06,8,QOSDATA_TID6,1066
4.43203e+06,20,ACK,14
4.43207e+06,8,CTL,20
4.43216e+06,14,RTS,20
4.43223e+06,20,CTS,14
4.43229e+06,14,QOSDATA_TID6,1066
4.43247e+06,20,ACK,14
4.43252e+06,14,CTL,20
4.4326e+06,10,RTS,20
4.4326e+06,9,RTS,20
4.43271e+06,1,RTS,20
4.43278e+06,20,CTS,14
4.43284e+06,1,QOSDATA_TID6,1066
4.43302e+06,20,ACK,14
4.43306e+06,1,CTL,20
4.43315e+06,5,RTS,20
4.43315e+06,11,RTS,20
4.43315e+06,12,RTS,20
4.43315e+06,16,RTS,20
4.43315e+06,4,RTS,20
4.43325e+06,6,RTS,20
4.43332e+06,20,CTS,14
4.43338e+06,6,QOSDATA_TID6,1066
4.43356e+06,20,ACK,14
4.4336e+06,6,QOSDATA_TID6,1066
4.43379e+06,20,ACK,14
4.43383e+06,6,QOSDATA_TID6,1066
4.43402e+06,20,ACK,14
4.43406e+06,6,CTL,20
4.43415e+06,5,RTS,20
4.43415e+06,11,RTS,20
4.43421e+06,20,CTS,14
4.43427e+06,5,QOSDATA_TID6,1066
4.43446e+06,20,ACK,14
4.4345e+06,5,CTL,20
4.43459e+06,11,RTS,20
4.43466e+06,20,CTS,14
4.43472e+06,11,QOSDATA_TID6,1066
4.4349e+06,20,ACK,14
4.43494e+06,11,QOSDATA_TID6,1066
4.43513e+06,20,ACK,14
4.43517e+06,11,CTL,20
4.43526e+06,12,RTS,20
4.43526e+06,3,RTS,20
4.43526e+06,0,RTS,20
4.43526e+06,18,RTS,20
4.43533e+06,20,CTS,14
4.43539e+06,12,QOSDATA_TID6,1066
4.43557e+06,20,ACK,14
4.43561e+06,12,QOSDATA_TID6,1066
4.4358e+06,20,ACK,14
4.43584e+06,12,CTL,20
4.43594e+06,19,RTS,20
4.43594e+06,13,RTS,20
4.43594e+06,6,RTS,20
4.43594e+06,9,RTS,20
4.43604e+06,7,RTS,20
4.4361e+06,20,CTS,14
4.43616e+06,7,QOSDATA_TID6,1066
4.43635e+06,20,ACK,14
4.43639e+06,7,CTL,20
4.43649e+06,10,RTS,20
4.43656e+06,20,CTS,14
4.43662e+06,10,QOSDATA_TID6,1066
4.4368e+06,20,ACK,14
4.43684e+06,10,QOSDATA_TID6,1066
4.43703e+06,20,ACK,14
4.43707e+06,10,CTL,20
4.43716e+06,18,RTS,20
4.43716e+06,17,RTS,20
4.43716e+06,13,RTS,20
4.43722e+06,20,CTS,14
4.43728e+06,17,QOSDATA_TID6,1066
4.43747e+06,20,ACK,14
4.43751e+06,17,CTL,20
4.4376e+06,4,RTS,20
4.43767e+06,20,CTS,14
4.43773e+06,4,QOSDATA_TID6,1066
4.43791e+06,20,ACK,14
4.43796e+06,4,QOSDATA_TID6,1066
4.43814e+06,20,ACK,14
4.43818e+06,4,QOSDATA_TID6,1066
4.43837e+06,20,ACK,14
4.43841e+06,4,CTL,20
4.4385e+06,16,RTS,20
4.4385e+06,1,RTS,20
4.4385e+06,5,RTS,20
4.4385e+06,6,RTS,20
4.43856e+06,20,CTS,14
4.43862e+06,5,QOSDATA_TID6,1066
4.43881e+06,20,ACK,14
4.43885e+06,5,CTL,20
4.43895e+06,1,RTS,20
4.43895e+06,3,RTS,20
4.43895e+06,15,RTS,20
4.43907e+06,0,RTS,20
4.43914e+06,20,CTS,14
4.4392e+06,0,QOSDATA_TID6,1066
4.43938e+06,20,ACK,14
4.43943e+06,0,CTL,20
4.43952e+06,18,RTS,20
4.43959e+06,20,CTS,14
4.43965e+06,18,QOSDATA_TID6,1066
4.43984e+06,20,ACK,14
4.43988e+06,18,QOSDATA_TID6,1066
4.44006e+06,20,ACK,14
4.44011e+06,18,QOSDATA_TID6,1066
4.44029e+06,20,ACK,14
4.44034e+06,18,QOSDATA_TID6,1066
4.44052e+06,20,ACK,14
4.44056e+06,18,CTL,20
4.44065e+06,2,RTS,20
4.44065e+06,9,RTS,20
4.44065e+06,19,RTS,20
4.44075e+06,15,RTS,20
4.44075e+06,14,RTS,20
4.44085e+06,2,RTS,20
4.44091e+06,20,CTS,14
4.44097e+06,2,QOSDATA_TID6,1066
4.44116e+06,20,ACK,14
4.4412e+06,2,CTL,20
4.44129e+06,8,RTS,20
4.44136e+06,20,CTS,14
4.44142e+06,8,QOSDATA_TID6,1066
4.4416e+06,20,ACK,14
4.44164e+06,8,CTL,20
4.44173e+06,19,RTS,20
4.44173e+06,16,RTS,20
4.44173e+06,3,RTS,20
4.44173e+06,9,RTS,20
4.44173e+06,0,RTS,20
4.44173e+06,13,RTS,20
4.44185e+06,7,RTS,20
4.44191e+06,20,CTS,14
4.44197e+06,7,QOSDATA_TID6,1066
4.44216e+06,20,ACK,14
4.4422e+06,7,CTL,20
4.44229e+06,0,RTS,20
4.44229e+06,9,RTS,20
4.44236e+06,20,CTS,14
4.44242e+06,0,QOSDATA_TID6,1066
4.4426e+06,20,ACK,14
4.44264e+06,0,CTL,20
4.44274e+06,6,RTS,20
4.44274e+06,15,RTS,20
4.44285e+06,3,RTS,20
4.44285e+06,9,RTS,20
4.44294e+06,12,RTS,20
4.44294e+06,11,RTS,20
4.44294e+06,15,RTS,20
4.44301e+06,20,CTS,14
4.44307e+06,12,QOSDATA_TID6,1066
4.44326e+06,20,ACK,14
4.4433e+06,12,CTL,20
4.44339e+06,17,RTS,20
4.44339e+06,1,RTS,20
4.44339e+06,3,RTS,20
4.44349e+06,19,RTS,20
4.44349e+06,11,RTS,20
4.44349e+06,15,RTS,20
4.44349e+06,14,RTS,20
4.44349e+06,13,RTS,20
4.4436e+06,9,RTS,20
4.44367e+06,20,CTS,14
4.44373e+06,9,QOSDATA_TID6,1066
4.44391e+06,20,ACK,14
4.44396e+06,9,QOSDATA_TID6,1066
4.44414e+06,20,ACK,14
4.44418e+06,9,CTL,20
4.44427e+06,6,RTS,20
4.44434e+06,20,CTS,14
4.4444e+06,6,QOSDATA_TID6,1066
4.44458e+06,20,ACK,14
4.44463e+06,6,QOSDATA_TID6,1066
4.44481e+06,20,ACK,14
4.44486e+06,6,CTL,20
4.44494e+06,5,RTS,20
4.44494e+06,3,RTS,20
4.44501e+06,20,CTS,14
4.44507e+06,5,QOSDATA_TID6,1066
4.44525e+06,20,ACK,14
4.4453e+06,5,CTL,20
4.44539e+06,1,RTS,20
4.44539e+06,14,RTS,20
4.44546e+06,20,CTS,14
4.44552e+06,1,QOSDATA_TID6,1066
4.4457e+06,20,ACK,14
4.44575e+06,1,QOSDATA_TID6,1066
4.44593e+06,20,ACK,14
4.44598e+06,1,CTL,20
4.44606e+06,10,RTS,20
4.44606e+06,14,RTS,20
4.44619e+06,4,RTS,20
4.44626e+06,20,CTS,14
4.44632e+06,4,QOSDATA_TID6,1066
4.4465e+06,20,ACK,14
4.44654e+06,4,CTL,20
4.44663e+06,16,RTS,20
4.44663e+06,11,RTS,20
4.44663e+06,19,RTS,20
4.44674e+06,14,RTS,20
4.44681e+06,20,CTS,14
4.44687e+06,14,QOSDATA_TID6,1066
4.44706e+06,20,ACK,14
4.4471e+06,14,CTL,20
4.44719e+06,18,RTS,20
4.44719e+06,8,RTS,20
4.44726e+06,20,CTS,14
4.44732e+06,8,QOSDATA_TID6,1066
4.4475e+06,20,ACK,14
4.44754e+06,8,CTL,20
4.44764e+06,17,RTS,20
4.44764e+06,19,RTS,20
4.44764e+06,15,RTS,20
4.44774e+06,18,RTS,20
4.44781e+06,20,CTS,14
4.44787e+06,18,QOSDATA_TID6,1066
4.44806e+06,20,ACK,14
4.4481e+06,18,CTL,20
4.44819e+06,10,RTS,20
4.44819e+06,2,RTS,20
4.44826e+06,20,CTS,14
4.44832e+06,2,QOSDATA_TID6,1066
4.4485e+06,20,ACK,14
4.44854e+06,2,CTL,20
4.44864e+06,14,RTS,20
4.44864e+06,16,RTS,20
4.44874e+06,13,RTS,20
4.4488e+06,20,CTS,14
4.44886e+06,13,QOSDATA_TID6,1066
4.44905e+06,20,ACK,14
4.44909e+06,13,QOSDATA_TID6,1066
4.44928e+06,20,ACK,14
4.44932e+06,13,CTL,20
4.44942e+06,0,RTS,20
4.44942e+06,3,RTS,20
4.44948e+06,20,CTS,14
4.44954e+06,0,QOSDATA_TID6,1066
4.44973e+06,20,ACK,14
4.44977e+06,0,CTL,20
4.44988e+06,15,RTS,20
4.44988e+06,9,RTS,20
4.44988e+06,11,RTS,20
4.45e+06,19,RTS,20
4.45e+06,7,RTS,20
4.45012e+06,11,RTS,20
4.45018e+06,20,CTS,14
4.45024e+06,11,QOSDATA_TID6,1066
4.45043e+06,20,ACK,14
4.45047e+06,11,CTL,20
4.45056e+06,16,RTS,20
4.45056e+06,19,RTS,20
4.45056e+06,15,RTS,20
4.45056e+06,10,RTS,20
4.45066e+06,12,RTS,20
4.45073e+06,20,CTS,14
4.45079e+06,12,QOSDATA_TID6,1066
4.45098e+06,20,ACK,14
4.45102e+06,12,CTL,20
4.45111e+06,19,RTS,20
4.45111e+06,15,RTS,20
4.45111e+06,6,RTS,20
4.45122e+06,7,RTS,20
4.45129e+06,20,CTS,14
4.45135e+06,7,QOSDATA_TID6,1066
4.45154e+06,20,ACK,14
4.45158e+06,7,CTL,20
4.45167e+06,1,RTS,20
4.45167e+06,19,RTS,20
4.45167e+06,3,RTS,20
4.45178e+06,11,RTS,20
4.45178e+06,15,RTS,20
4.45178e+06,13,RTS,20
4.45192e+06,10,RTS,20
4.45192e+06,9,RTS,20
4.45201e+06,1,RTS,20
4.45201e+06,15,RTS,20
4.45201e+06,13,RTS,20
4.45214e+06,10,RTS,20
4.45221e+06,20,CTS,14
4.45227e+06,10,QOSDATA_TID6,1066
4.45245e+06,20,ACK,14
4.4525e+06,10,CTL,20
4.45259e+06,5,RTS,20
4.45266e+06,20,CTS,14
4.45272e+06,5,QOSDATA_TID6,1066
4.4529e+06,20,ACK,14
4.45295e+06,5,CTL,20
4.45303e+06,2,RTS,20
4.45303e+06,11,RTS,20
4.45303e+06,16,RTS,20
4.45313e+06,1,RTS,20
4.45313e+06,13,RTS,20
4.45313e+06,14,RTS,20
4.45323e+06,4,RTS,20
4.4533e+06,20,CTS,14
4.45336e+06,4,QOSDATA_TID6,1066
4.45354e+06,20,ACK,14
4.45358e+06,4,CTL,20
4.45367e+06,16,RTS,20
4.45367e+06,2,RTS,20
4.45367e+06,10,RTS,20
4.45377e+06,19,RTS,20
4.45384e+06,20,CTS,14
4.4539e+06,19,QOSDATA_TID6,1066
4.45408e+06,20,ACK,14
4.45412e+06,19,QOSDATA_TID6,1066
4.45431e+06,20,ACK,14
4.45435e+06,19,CTL,20
4.45444e+06,14,RTS,20
4.45451e+06,20,CTS,14
4.45457e+06,14,QOSDATA_TID6,1066
4.45475e+06,20,ACK,14
4.45479e+06,14,CTL,20
4.45488e+06,15,RTS,20
4.45488e+06,13,RTS,20
4.45488e+06,18,RTS,20
4.45488e+06,2,RTS,20
4.45488e+06,17,RTS,20
4.45488e+06,16,RTS,20
4.45499e+06,6,RTS,20
4.45506e+06,20,CTS,14
4.45512e+06,6,QOSDATA_TID6,1066
4.4553e+06,20,ACK,14
4.45534e+06,6,CTL,20
4.45544e+06,14,RTS,20
4.45544e+06,8,RTS,20
4.45551e+06,20,CTS,14
4.45557e+06,8,QOSDATA_TID6,1066
4.45575e+06,20,ACK,14
4.45579e+06,8,CTL,20
4.4559e+06,9,RTS,20
4.45597e+06,20,CTS,14
4.45603e+06,9,QOSDATA_TID6,1066
4.45621e+06,20,ACK,14
4.45625e+06,9,CTL,20
4.45634e+06,2,RTS,20
4.45634e+06,17,RTS,20
4.45634e+06,16,RTS,20
4.45634e+06,15,RTS,20
4.45645e+06,13,RTS,20
4.45652e+06,20,CTS,14
4.45658e+06,13,QOSDATA_TID6,1066
4.45676e+06,20,ACK,14
4.4568e+06,13,CTL,20
4.4569e+06,3,RTS,20
4.45697e+06,20,CTS,14
4.45703e+06,3,QOSDATA_TID6,1066
4.45721e+06,20,ACK,14
4.45725e+06,3,QOSDATA_TID6,1066
4.45744e+06,20,ACK,14
4.45748e+06,3,QOSDATA_TID6,1066
4.45767e+06,20,ACK,14
4.45771e+06,3,CTL,20
4.4578e+06,9,RTS,20
4.4578e+06,10,RTS,20
4.4578e+06,1,RTS,20
4.45786e+06,20,CTS,14
4.45792e+06,1,QOSDATA_TID6,1066
4.45811e+06,20,ACK,14
4.45815e+06,1,CTL,20
4.45824e+06,10,RTS,20
4.45831e+06,20,CTS,14
4.45837e+06,10,QOSDATA_TID6,1066
4.45855e+06,20,ACK,14
4.4586e+06,10,CTL,20
4.45868e+06,2,RTS,20
4.45868e+06,0,RTS,20
4.45868e+06,11,RTS,20
4.45878e+06,18,RTS,20
4.45885e+06,20,CTS,14
4.45891e+06,18,QOSDATA_TID6,1066
4.45909e+06,20,ACK,14
4.45914e+06,18,CTL,20
4.45922e+06,0,RTS,20
4.45922e+06,6,RTS,20
4.45922e+06,17,RTS,20
4.45922e+06,19,RTS,20
4.45922e+06,13,RTS,20
4.45932e+06,14,RTS,20
4.45932e+06,16,RTS,20
4.45944e+06,3,RTS,20
4.4595e+06,20,CTS,14
4.45956e+06,3,QOSDATA_TID6,1066
4.45975e+06,20,ACK,14
4.45979e+06,3,CTL,20
4.45989e+06,1,RTS,20
4.45989e+06,12,RTS,20
4.45989e+06,7,RTS,20
4.45998e+06,16,RTS,20
4.45998e+06,2,RTS,20
4.45998e+06,9,RTS,20
4.46009e+06,6,RTS,20
4.46016e+06,20,CTS,14
4.46022e+06,6,QOSDATA_TID6,1066
4.4604e+06,20,ACK,14
4.46045e+06,6,CTL,20
4.46053e+06,15,RTS,20
4.46053e+06,12,RTS,20
4.46053e+06,17,RTS,20
4.46053e+06,9,RTS,20
4.46053e+06,13,RTS,20
4.46065e+06,0,CTS,14
4.46065e+06,11,RTS,20
4.46077e+06,0,RTS,20
4.46077e+06,5,RTS,20
4.46084e+06,20,CTS,14
4.4609e+06,5,QOSDATA_TID6,1066
4.46109e+06,20,ACK,14
4.46113e+06,5,CTL,20
4.46122e+06,0,RTS,20
4.46122e+06,13,RTS,20
4.46128e+06,20,CTS,14
4.46134e+06,0,QOSDATA_TID6,1066
4.46153e+06,20,ACK,14
4.46157e+06,0,CTL,20
4.46166e+06,11,RTS,20
4.46173e+06,20,CTS,14
4.46179e+06,11,QOSDATA_TID6,1066
4.46197e+06,20,ACK,14
4.46201e+06,11,QOSDATA_TID6,1066
4.4622e+06,20,ACK,14
4.46224e+06,11,CTL,20
4.46233e+06,2,RTS,20
4.46233e+06,14,RTS,20
4.4624e+06,20,CTS,14
4.46246e+06,2,QOSDATA_TID6,1066
4.46264e+06,20,ACK,14
4.46268e+06,2,QOSDATA_TID6,1066
4.46287e+06,20,ACK,14
4.46291e+06,2,CTL,20
4.463e+06,16,RTS,20
4.46307e+06,20,CTS,14
4.46313e+06,16,QOSDATA_TID6,1066
4.46331e+06,20,ACK,14
4.46335e+06,16,QOSDATA_TID6,1066
4.46354e+06,20,ACK,14
4.46358e+06,16,QOSDATA_TID6,1066
4.46377e+06,20,ACK,14
4.46381e+06,16,CTL,20
4.4639e+06,4,RTS,20
4.4639e+06,1,RTS,20
4.4639e+06,19,RTS,20
4.4639e+06,18,RTS,20
4.4639e+06,14,RTS,20
4.464e+06,8,RTS,20
4.464e+06,13,RTS,20
4.464e+06,9,RTS,20
4.46407e+06,20,CTS,14
4.46413e+06,8,QOSDATA_TID6,1066
4.46432e+06,20,ACK,14
4.46436e+06,8,CTL,20
4.46444e+06,4,RTS,20
4.46444e+06,14,RTS,20
4.46455e+06,9,RTS,20
4.46462e+06,20,CTS,14
4.46468e+06,9,QOSDATA_TID6,1066
4.46486e+06,20,ACK,14
4.46491e+06,9,CTL,20
4.465e+06,10,RTS,20
4.46507e+06,20,CTS,14
4.46513e+06,10,QOSDATA_TID6,1066
4.46532e+06,20,ACK,14
4.46536e+06,10,CTL,20
4.46545e+06,17,RTS,20
4.46545e+06,13,RTS,20
4.46551e+06,20,CTS,14
4.46557e+06,17,QOSDATA_TID6,1066
4.46576e+06,20,ACK,14
4.4658e+06,17,QOSDATA_TID6,1066
4.46599e+06,20,ACK,14
4.46603e+06,17,QOSDATA_TID6,1066
4.46621e+06,20,ACK,14
4.46626e+06,17,CTL,20
4.46634e+06,4,RTS,20
4.46634e+06,0,RTS,20
4.46641e+06,20,CTS,14
4.46647e+06,0,QOSDATA_TID6,1066
4.46666e+06,20,ACK,14
4.4667e+06,0,CTL,20
4.46679e+06,12,RTS,20
4.46679e+06,13,RTS,20
4.46679e+06,11,RTS,20
4.46685e+06,20,CTS,14
4.46691e+06,12,QOSDATA_TID6,1066
4.4671e+06,20,ACK,14
4.46714e+06,12,QOSDATA_TID6,1066
4.46733e+06,20,ACK,14
4.46737e+06,12,CTL,20
4.46746e+06,1,RTS,20
4.46752e+06,20,CTS,14
4.46758e+06,1,QOSDATA_TID6,1066
4.46777e+06,20,ACK,14
4.46781e+06,1,QOSDATA_TID6,1066
4.468e+06,20,ACK,14
4.46804e+06,1,CTL,20
4.46813e+06,19,RTS,20
4.46813e+06,16,RTS,20
4.46813e+06,15,RTS,20
4.46813e+06,6,RTS,20
4.46822e+06,3,RTS,20
4.46822e+06,9,RTS,20
4.46832e+06,13,RTS,20
4.46839e+06,20,CTS,14
4.46845e+06,13,QOSDATA_TID6,1066
4.46863e+06,20,ACK,14
4.46868e+06,13,QOSDATA_TID6,1066
4.46886e+06,20,ACK,14
4.46891e+06,13,CTL,20
4.46899e+06,7,RTS,20
4.46899e+06,17,RTS,20
4.46899e+06,19,RTS,20
4.46909e+06,15,RTS,20
4.46909e+06,14,RTS,20
4.46919e+06,2,RTS,20
4.46919e+06,3,RTS,20
4.46926e+06,20,CTS,14
4.46932e+06,2,QOSDATA_TID6,1066
4.4695e+06,20,ACK,14
4.46954e+06,2,CTL,20
4.46963e+06,3,RTS,20
4.46963e+06,15,RTS,20
4.46963e+06,4,RTS,20
4.46973e+06,5,RTS,20
4.46973e+06,19,RTS,20
4.4698e+06,20,CTS,14
4.46986e+06,5,QOSDATA_TID6,1066
4.47004e+06,20,ACK,14
4.47008e+06,5,CTL,20
4.47017e+06,19,RTS,20
4.47017e+06,15,RTS,20
4.47028e+06,18,RTS,20
4.47028e+06,10,RTS,20
4.47038e+06,15,RTS,20
4.47044e+06,20,CTS,14
4.4705e+06,15,QOSDATA_TID6,1066
4.47069e+06,20,ACK,14
4.47073e+06,15,QOSDATA_TID6,1066
4.47092e+06,20,ACK,14
4.47096e+06,15,QOSDATA_TID6,1066
4.47114e+06,20,ACK,14
4.47119e+06,15,CTL,20
4.47127e+06,14,RTS,20
4.47134e+06,20,CTS,14
4.4714e+06,14,QOSDATA_TID6,1066
4.47158e+06,20,ACK,14
4.47163e+06,14,QOSDATA_TID6,1066
4.47181e+06,20,ACK,14
4.47186e+06,14,QOSDATA_TID6,1066
4.47204e+06,20,ACK,14
4.47208e+06,14,CTL,20
4.47217e+06,8,RTS,20
4.47217e+06,3,RTS,20
4.47217e+06,16,RTS,20
4.47217e+06,4,RTS,20
4.47224e+06,20,CTS,14
4.4723e+06,8,QOSDATA_TID6,1066
4.47248e+06,20,ACK,14
4.47253e+06,8,CTL,20
4.47261e+06,3,RTS,20
4.47268e+06,20,CTS,14
4.47274e+06,3,QOSDATA_TID6,1066
4.47292e+06,20,ACK,14
4.47297e+06,3,CTL,20
4.47306e+06,9,RTS,20
4.47306e+06,10,RTS,20
4.47306e+06,11,RTS,20
4.47306e+06,7,RTS,20
4.47316e+06,6,RTS,20
4.47323e+06,20,CTS,14
4.47329e+06,6,QOSDATA_TID6,1066
4.47348e+06,20,ACK,14
4.47352e+06,6,CTL,20
4.4736e+06,0,RTS,20
4.4736e+06,17,RTS,20
4.4736e+06,19,RTS,20
4.47371e+06,16,RTS,20
4.47378e+06,20,CTS,14
4.47384e+06,16,QOSDATA_TID6,1066
4.47402e+06,20,ACK,14
4.47407e+06,16,QOSDATA_TID6,1066
4.47425e+06,20,ACK,14
4.4743e+06,16,CTL,20
4.47438e+06,12,RTS,20
4.47438e+06,19,RTS,20
4.47438e+06,13,RTS,20
4.47445e+06,20,CTS,14
4.47451e+06,12,QOSDATA_TID6,1066
4.47469e+06,20,ACK,14
4.47474e+06,12,CTL,20
4.47482e+06,0,RTS,20
4.47482e+06,3,RTS,20
4.47482e+06,10,RTS,20
4.47493e+06,18,RTS,20
4.475e+06,20,CTS,14
4.47506e+06,18,QOSDATA_TID6,1066
4.47524e+06,20,ACK,14
4.47529e+06,18,QOSDATA_TID6,1066
4.47547e+06,20,ACK,14
4.47552e+06,18,CTL,20
4.4756e+06,10,RTS,20
4.4756e+06,0,CTS,14
4.4756e+06,19,RTS,20
4.4756e+06,1,RTS,20
4.4756e+06,4,RTS,20
4.4757e+06,0,RTS,20
4.47577e+06,20,CTS,14
4.47583e+06,0,QOSDATA_TID6,1066
4.47602e+06,20,ACK,14
4.47606e+06,0,CTL,20
4.47615e+06,19,RTS,20
4.47622e+06,20,CTS,14
4.47628e+06,19,QOSDATA_TID6,1066
4.47646e+06,20,ACK,14
4.4765e+06,19,QOSDATA_TID6,1066
4.47669e+06,20,ACK,14
4.47673e+06,19,CTL,20
4.47682e+06,17,RTS,20
4.47682e+06,11,RTS,20
4.47682e+06,7,RTS,20
4.47682e+06,9,RTS,20
4.47682e+06,6,RTS,20
4.47682e+06,15,RTS,20
4.47692e+06,2,RTS,20
4.47699e+06,20,CTS,14
4.47705e+06,2,QOSDATA_TID6,1066
4.47724e+06,20,ACK,14
4.47728e+06,2,CTL,20
4.47737e+06,13,RTS,20
4.47743e+06,20,CTS,14
4.47749e+06,13,QOSDATA_TID6,1066
4.47768e+06,20,ACK,14
4.47772e+06,13,CTL,20
4.47781e+06,5,RTS,20
4.47788e+06,20,CTS,14
4.47794e+06,5,QOSDATA_TID6,1066
4.47812e+06,20,ACK,14
4.47816e+06,5,CTL,20
4.47825e+06,3,RTS,20
4.47825e+06,4,RTS,20
4.47825e+06,10,RTS,20
4.47835e+06,6,RTS,20
4.47842e+06,20,CTS,14
4.47848e+06,6,QOSDATA_TID6,1066
4.47866e+06,20,ACK,14
4.4787e+06,6,CTL,20
4.4788e+06,18,RTS,20
4.4788e+06,15,RTS,20
4.4788e+06,3,RTS,20
4.4788e+06,1,RTS,20
4.47893e+06,1,RTS,20
4.479e+06,20,CTS,14
4.47906e+06,1,QOSDATA_TID6,1066
4.47924e+06,20,ACK,14
4.47929e+06,1,CTL,20
4.47937e+06,7,RTS,20
4.47937e+06,18,RTS,20
4.47937e+06,14,RTS,20
4.47952e+06,18,RTS,20
4.47959e+06,20,CTS,14
4.47965e+06,18,QOSDATA_TID6,1066
4.47983e+06,20,ACK,14
4.47988e+06,18,CTL,20
4.47998e+06,9,RTS,20
4.47998e+06,7,RTS,20
4.48005e+06,20,CTS,14
4.48011e+06,7,QOSDATA_TID6,1066
4.48029e+06,20,ACK,14
4.48034e+06,7,QOSDATA_TID6,1066
4.48052e+06,20,ACK,14
4.48056e+06,7,QOSDATA_TID6,1066
4.48075e+06,20,ACK,14
4.48079e+06,7,CTL,20
4.48089e+06,9,RTS,20
4.48096e+06,20,CTS,14
4.48102e+06,9,QOSDATA_TID6,1066
4.4812e+06,20,ACK,14
4.48124e+06,9,QOSDATA_TID6,1066
4.48143e+06,20,ACK,14
4.48147e+06,9,CTL,20
4.48157e+06,8,RTS,20
4.48157e+06,17,RTS,20
4.48157e+06,16,RTS,20
4.48157e+06,14,RTS,20
4.48168e+06,10,RTS,20
4.48174e+06,20,CTS,14
4.4818e+06,10,QOSDATA_TID6,1066
4.48199e+06,20,ACK,14
4.48203e+06,10,QOSDATA_TID6,1066
4.48222e+06,20,ACK,14
4.48226e+06,10,CTL,20
4.48234e+06,3,RTS,20
4.48234e+06,0,RTS,20
4.48234e+06,17,RTS,20
4.48234e+06,7,RTS,20
4.48234e+06,16,RTS,20
4.48245e+06,15,RTS,20
4.48252e+06,20,CTS,14
4.48258e+06,15,QOSDATA_TID6,1066
4.48276e+06,20,ACK,14
4.48281e+06,15,CTL,20
4.48289e+06,0,RTS,20
4.48296e+06,20,CTS,14
4.48302e+06,0,QOSDATA_TID6,1066
4.48321e+06,20,ACK,14
4.48325e+06,0,CTL,20
4.48334e+06,6,RTS,20
4.48334e+06,12,RTS,20
4.48334e+06,9,RTS,20
4.48334e+06,13,RTS,20
4.4834e+06,20,CTS,14
4.48346e+06,12,QOSDATA_TID6,1066
4.48365e+06,20,ACK,14
4.48369e+06,12,CTL,20
4.48378e+06,6,RTS,20
4.48385e+06,20,CTS,14
4.48391e+06,6,QOSDATA_TID6,1066
4.48409e+06,20,ACK,14
4.48413e+06,6,CTL,20
4.48422e+06,17,RTS,20
4.48422e+06,1,RTS,20
4.48422e+06,9,RTS,20
4.48422e+06,19,RTS,20
4.48422e+06,4,RTS,20
4.48432e+06,5,RTS,20
4.48439e+06,20,CTS,14
4.48445e+06,5,QOSDATA_TID6,1066
4.48463e+06,20,ACK,14
4.48467e+06,5,CTL,20
4.48476e+06,2,RTS,20
4.48476e+06,11,RTS,20
4.48476e+06,14,RTS,20
4.48487e+06,8,RTS,20
4.48494e+06,20,CTS,14
4.485e+06,8,QOSDATA_TID6,1066
4.48518e+06,20,ACK,14
4.48522e+06,8,CTL,20
4.48531e+06,11,RTS,20
4.48538e+06,20,CTS,14
4.48544e+06,11,QOSDATA_TID6,1066
4.48562e+06,20,ACK,14
4.48566e+06,11,QOSDATA_TID6,1066
4.48585e+06,20,ACK,14
4.48589e+06,11,QOSDATA_TID6,1066
4.48608e+06,20,ACK,14
4.48612e+06,11,CTL,20
4.48621e+06,7,RTS,20
4.48621e+06,2,RTS,20
4.4863e+06,17,RTS,20
4.4863e+06,1,RTS,20
4.48641e+06,18,RTS,20
4.48648e+06,20,CTS,14
4.48654e+06,18,QOSDATA_TID6,1066
4.48672e+06,20,ACK,14
4.48676e+06,18,CTL,20
4.48685e+06,2,RTS,20
4.48685e+06,9,RTS,20
4.48685e+06,14,RTS,20
4.48685e+06,1,RTS,20
4.48685e+06,13,RTS,20
4.48685e+06,4,RTS,20
4.48695e+06,10,RTS,20
4.48702e+06,20,CTS,14
4.48708e+06,10,QOSDATA_TID6,1066
4.48726e+06,20,ACK,14
4.4873e+06,10,CTL,20
4.48739e+06,9,RTS,20
4.48739e+06,7,RTS,20
4.48739e+06,4,RTS,20
4.48746e+06,20,CTS,14
4.48752e+06,7,QOSDATA_TID6,1066
4.4877e+06,20,ACK,14
4.48774e+06,7,CTL,20
4.48784e+06,16,RTS,20
4.48784e+06,15,RTS,20
4.48794e+06,3,RTS,20
4.48801e+06,20,CTS,14
4.48807e+06,3,QOSDATA_TID6,1066
4.48825e+06,20,ACK,14
4.4883e+06,3,QOSDATA_TID6,1066
4.48848e+06,20,ACK,14
4.48852e+06,3,CTL,20
4.48861e+06,15,RTS,20
4.48868e+06,20,CTS,14
4.48874e+06,15,QOSDATA_TID6,1066
4.48892e+06,20,ACK,14
4.48896e+06,15,CTL,20
4.48905e+06,16,RTS,20
4.48912e+06,20,CTS,14
4.48918e+06,16,QOSDATA_TID6,1066
4.48936e+06,20,ACK,14
4.48941e+06,16,QOSDATA_TID6,1066
4.48959e+06,20,ACK,14
4.48964e+06,16,CTL,20
4.48972e+06,8,RTS,20
4.48972e+06,19,RTS,20
4.48972e+06,2,RTS,20
4.48972e+06,0,RTS,20
4.48982e+06,17,RTS,20
4.48982e+06,1,RTS,20
4.48982e+06,13,RTS,20
4.48993e+06,7,RTS,20
4.48993e+06,8,RTS,20
4.49002e+06,4,RTS,20
4.49009e+06,20,CTS,14
4.49015e+06,4,QOSDATA_TID6,1066
4.49034e+06,20,ACK,14
4.49038e+06,4,QOSDATA_TID6,1066
4.49056e+06,20,ACK,14
4.49061e+06,4,QOSDATA_TID6,1066
4.49079e+06,20,ACK,14
4.49084e+06,4,CTL,20
4.49092e+06,7,RTS,20
4.49092e+06,14,RTS,20
4.49099e+06,20,CTS,14
4.49105e+06,7,QOSDATA_TID6,1066
4.49123e+06,20,ACK,14
4.49128e+06,7,CTL,20
4.49136e+06,3,RTS,20
4.49143e+06,20,CTS,14
4.49149e+06,3,QOSDATA_TID6,1066
4.49168e+06,20,ACK,14
4.49172e+06,3,CTL,20
4.49181e+06,9,RTS,20
4.49181e+06,11,RTS,20
4.49181e+06,14,RTS,20
4.49191e+06,19,RTS,20
4.49198e+06,20,CTS,14
4.49204e+06,19,QOSDATA_TID6,1066
4.49222e+06,20,ACK,14
4.49227e+06,19,QOSDATA_TID6,1066
4.49245e+06,20,ACK,14
4.4925e+06,19,CTL,20
4.49258e+06,5,RTS,20
4.49265e+06,20,CTS,14
4.49271e+06,5,QOSDATA_TID6,1066
4.4929e+06,20,ACK,14
4.49294e+06,5,CTL,20
4.49302e+06,8,RTS,20
4.49302e+06,12,RTS,20
4.49302e+06,11,RTS,20
4.49302e+06,6,RTS,20
4.49302e+06,15,RTS,20
4.49312e+06,17,RTS,20
4.49319e+06,20,CTS,14
4.49325e+06,17,QOSDATA_TID6,1066
4.49344e+06,20,ACK,14
4.49348e+06,17,QOSDATA_TID6,1066
4.49366e+06,20,ACK,14
4.49371e+06,17,QOSDATA_TID6,1066
4.49389e+06,20,ACK,14
4.49394e+06,17,CTL,20
4.49402e+06,8,RTS,20
4.49402e+06,2,RTS,20
4.49409e+06,20,CTS,14
4.49415e+06,8,QOSDATA_TID6,1066
4.49433e+06,20,ACK,14
4.49438e+06,8,CTL,20
4.49447e+06,11,RTS,20
4.49447e+06,10,RTS,20
4.4946e+06,15,RTS,20
4.49466e+06,20,CTS,14
4.49472e+06,15,QOSDATA_TID6,1066
4.49491e+06,20,ACK,14
4.49495e+06,15,CTL,20
4.49506e+06,14,RTS,20
4.49506e+06,13,RTS,20
4.49506e+06,18,RTS,20
4.49506e+06,11,RTS,20
4.49506e+06,4,RTS,20
4.49516e+06,9,RTS,20
4.49522e+06,20,CTS,14
4.49528e+06,9,QOSDATA_TID6,1066
4.49547e+06,20,ACK,14
4.49551e+06,9,QOSDATA_TID6,1066
4.4957e+06,20,ACK,14
4.49574e+06,9,CTL,20
4.49583e+06,18,RTS,20
4.49589e+06,20,CTS,14
4.49595e+06,18,QOSDATA_TID6,1066
4.49614e+06,20,ACK,14
4.49618e+06,18,CTL,20
4.49628e+06,0,RTS,20
4.49628e+06,6,RTS,20
4.49628e+06,8,RTS,20
4.49628e+06,13,RTS,20
4.4964e+06,4,RTS,20
4.4964e+06,2,RTS,20
4.4964e+06,10,RTS,20
4.4965e+06,14,RTS,20
4.49657e+06,20,CTS,14
4.49663e+06,14,QOSDATA_TID6,1066
4.49681e+06,20,ACK,14
4.49686e+06,14,QOSDATA_TID6,1066
4.49704e+06,20,ACK,14
4.49708e+06,14,CTL,20
4.49717e+06,6,RTS,20
4.49717e+06,8,RTS,20
4.49724e+06,20,CTS,14
4.4973e+06,8,QOSDATA_TID6,1066
4.49748e+06,20,ACK,14
4.49753e+06,8,CTL,20
4.49762e+06,12,RTS,20
4.49762e+06,2,RTS,20
4.49769e+06,20,CTS,14
4.49775e+06,12,QOSDATA_TID6,1066
4.49793e+06,20,ACK,14
4.49798e+06,12,CTL,20
4.49808e+06,7,RTS,20
4.49808e+06,13,RTS,20
4.49808e+06,2,RTS,20
4.49808e+06,6,RTS,20
4.49808e+06,9,RTS,20
4.49818e+06,1,RTS,20
4.49818e+06,16,RTS,20
4.49825e+06,20,CTS,14
4.49831e+06,1,QOSDATA_TID6,1066
4.49849e+06,20,ACK,14
4.49854e+06,1,QOSDATA_TID6,1066
4.49872e+06,20,ACK,14
4.49876e+06,1,CTL,20
4.49885e+06,3,RTS,20
4.49892e+06,20,CTS,14
4.49898e+06,3,QOSDATA_TID6,1066
4.49916e+06,20,ACK,14
4.4992e+06,3,CTL,20
4.49929e+06,10,RTS,20
4.49929e+06,7,RTS,20
4.49936e+06,20,CTS,14
4.49942e+06,7,QOSDATA_TID6,1066
4.4996e+06,20,ACK,14
4.49965e+06,7,CTL,20
4.49973e+06,17,RTS,20
4.4998e+06,20,CTS,14
4.49986e+06,17,QOSDATA_TID6,1066
4.50004e+06,20,ACK,14
4.50009e+06,17,CTL,20
4.50018e+06,1,RTS,20
4.50018e+06,12,RTS,20
4.50018e+06,2,RTS,20
4.50027e+06,11,RTS,20
4.50034e+06,20,CTS,14
4.5004e+06,11,QOSDATA_TID6,1066
4.50058e+06,20,ACK,14
4.50063e+06,11,QOSDATA_TID6,1066
4.50081e+06,20,ACK,14
4.50086e+06,11,CTL,20
4.50094e+06,15,RTS,20
4.50101e+06,20,CTS,14
4.50107e+06,15,QOSDATA_TID6,1066
4.50126e+06,20,ACK,14
4.5013e+06,15,CTL,20
4.50138e+06,5,RTS,20
4.50138e+06,1,RTS,20
4.50138e+06,4,RTS,20
4.50145e+06,20,CTS,14
4.50151e+06,5,QOSDATA_TID6,1066
4.5017e+06,20,ACK,14
4.50174e+06,5,CTL,20
4.50184e+06,19,RTS,20
4.50184e+06,16,RTS,20
4.50184e+06,0,CTS,14
4.50184e+06,9,RTS,20
4.50184e+06,6,RTS,20
4.50184e+06,13,RTS,20
4.50194e+06,0,RTS,20
4.50201e+06,20,CTS,14
4.50207e+06,0,QOSDATA_TID6,1066
4.50225e+06,20,ACK,14
4.5023e+06,0,QOSDATA_TID6,1066
4.50248e+06,20,ACK,14
4.50252e+06,0,CTL,20
4.50261e+06,18,RTS,20
4.50261e+06,9,RTS,20
4.50268e+06,20,CTS,14
4.50274e+06,18,QOSDATA_TID6,1066
4.50292e+06,20,ACK,14
4.50297e+06,18,CTL,20
4.50305e+06,8,RTS,20
4.50312e+06,20,CTS,14
4.50318e+06,8,QOSDATA_TID6,1066
4.50336e+06,20,ACK,14
4.50341e+06,8,CTL,20
4.50349e+06,2,RTS,20
4.50349e+06,14,RTS,20
4.50356e+06,20,CTS,14
4.50362e+06,2,QOSDATA_TID6,1066
4.50381e+06,20,ACK,14
4.50385e+06,2,QOSDATA_TID6,1066
4.50404e+06,20,ACK,14
4.50408e+06,2,CTL,20
4.50416e+06,14,RTS,20
4.50423e+06,20,CTS,14
4.50429e+06,14,QOSDATA_TID6,1066
4.50448e+06,20,ACK,14
4.50452e+06,14,CTL,20
4.50461e+06,1,RTS,20
4.50461e+06,16,RTS,20
4.50461e+06,9,RTS,20
4.5047e+06,12,RTS,20
4.50477e+06,20,CTS,14
4.50483e+06,12,QOSDATA_TID6,1066
4.50502e+06,20,ACK,14
4.50506e+06,12,CTL,20
4.50516e+06,0,RTS,20
4.50516e+06,6,RTS,20
4.50516e+06,9,RTS,20
4.50525e+06,13,RTS,20
4.50532e+06,20,CTS,14
4.50538e+06,13,QOSDATA_TID6,1066
4.50557e+06,20,ACK,14
4.50561e+06,13,QOSDATA_TID6,1066
4.50579e+06,20,ACK,14
4.50584e+06,13,QOSDATA_TID6,1066
4.50602e+06,20,ACK,14
4.50607e+06,13,CTL,20
4.50616e+06,4,RTS,20
4.50616e+06,16,RTS,20
4.50616e+06,19,RTS,20
4.50616e+06,10,RTS,20
4.50626e+06,7,RTS,20
4.50633e+06,20,CTS,14
4.50639e+06,7,QOSDATA_TID6,1066
4.50657e+06,20,ACK,14
4.50662e+06,7,CTL,20
4.5067e+06,3,RTS,20
4.50677e+06,20,CTS,14
4.50683e+06,3,QOSDATA_TID6,1066
4.50701e+06,20,ACK,14
4.50706e+06,3,CTL,20
4.50715e+06,12,RTS,20
4.50722e+06,20,CTS,14
4.50728e+06,12,QOSDATA_TID6,1066
4.50746e+06,20,ACK,14
4.50751e+06,12,CTL,20
4.50759e+06,17,RTS,20
4.50759e+06,16,RTS,20
4.50759e+06,6,RTS,20
4.50759e+06,9,RTS,20
4.50766e+06,20,CTS,14
4.50772e+06,17,QOSDATA_TID6,1066
4.50791e+06,20,ACK,14
4.50795e+06,17,CTL,20
4.50804e+06,1,RTS,20
4.50804e+06,19,RTS,20
4.50804e+06,11,RTS,20
4.50804e+06,6,RTS,20
4.50815e+06,9,RTS,20
4.50822e+06,20,CTS,14
4.50828e+06,9,QOSDATA_TID6,1066
4.50846e+06,20,ACK,14
4.50851e+06,9,QOSDATA_TID6,1066
4.50869e+06,20,ACK,14
4.50874e+06,9,CTL,20
4.50882e+06,10,RTS,20
4.50889e+06,20,CTS,14
4.50895e+06,10,QOSDATA_TID6,1066
4.50913e+06,20,ACK,14
4.50918e+06,10,QOSDATA_TID6,1066
4.50936e+06,20,ACK,14
4.50941e+06,10,QOSDATA_TID6,1066
4.50959e+06,20,ACK,14
4.50963e+06,10,CTL,20
4.50972e+06,2,RTS,20
4.50972e+06,19,RTS,20
4.50982e+06,15,RTS,20
4.50989e+06,20,CTS,14
4.50995e+06,15,QOSDATA_TID6,1066
4.51013e+06,20,ACK,14
4.51017e+06,15,CTL,20
4.51027e+06,6,RTS,20
4.51027e+06,0,RTS,20
4.51027e+06,5,RTS,20
4.51034e+06,20,CTS,14
4.5104e+06,5,QOSDATA_TID6,1066
4.51058e+06,20,ACK,14
4.51062e+06,5,CTL,20
4.51071e+06,8,RTS,20
4.51071e+06,6,RTS,20
4.51078e+06,20,CTS,14
4.51084e+06,8,QOSDATA_TID6,1066
4.51102e+06,20,ACK,14
4.51107e+06,8,CTL,20
4.51115e+06,14,RTS,20
4.51122e+06,20,CTS,14
4.51128e+06,14,QOSDATA_TID6,1066
4.51147e+06,20,ACK,14
4.51151e+06,14,CTL,20
4.5116e+06,18,RTS,20
4.51166e+06,20,CTS,14
4.51172e+06,18,QOSDATA_TID6,1066
4.51191e+06,20,ACK,14
4.51195e+06,18,CTL,20
4.51204e+06,1,RTS,20
4.51204e+06,11,RTS,20
4.51204e+06,16,RTS,20
4.51204e+06,4,RTS,20
4.51214e+06,2,RTS,20
4.5122e+06,20,CTS,14
4.51226e+06,2,QOSDATA_TID6,1066
4.51245e+06,20,ACK,14
4.51249e+06,2,CTL,20
4.51258e+06,1,RTS,20
4.51258e+06,11,RTS,20
4.51265e+06,20,CTS,14
4.51271e+06,1,QOSDATA_TID6,1066
4.51289e+06,20,ACK,14
4.51293e+06,1,QOSDATA_TID6,1066
4.51312e+06,20,ACK,14
4.51316e+06,1,CTL,20
4.51325e+06,6,RTS,20
4.51332e+06,20,CTS,14
4.51338e+06,6,QOSDATA_TID6,1066
4.51356e+06,20,ACK,14
4.5136e+06,6,QOSDATA_TID6,1066
4.51379e+06,20,ACK,14
4.51383e+06,6,CTL,20
4.51392e+06,9,RTS,20
4.51392e+06,19,RTS,20
4.51399e+06,20,CTS,14
4.51405e+06,19,QOSDATA_TID6,1066
4.51423e+06,20,ACK,14
4.51427e+06,19,QOSDATA_TID6,1066
4.51446e+06,20,ACK,14
4.5145e+06,19,CTL,20
4.5146e+06,16,RTS,20
4.51466e+06,20,CTS,14
4.51472e+06,16,QOSDATA_TID6,1066
4.51491e+06,20,ACK,14
4.51495e+06,16,QOSDATA_TID6,1066
4.51514e+06,20,ACK,14
4.51518e+06,16,QOSDATA_TID6,1066
4.51536e+06,20,ACK,14
4.51541e+06,16,CTL,20
4.5155e+06,11,RTS,20
4.5155e+06,12,RTS,20
4.5155e+06,7,RTS,20
4.5155e+06,13,RTS,20
4.5156e+06,0,CTS,14
4.5156e+06,6,RTS,20
4.51571e+06,0,RTS,20
4.51577e+06,20,CTS,14
4.51583e+06,0,QOSDATA_TID6,1066
4.51602e+06,20,ACK,14
4.51606e+06,0,QOSDATA_TID6,1066
4.51625e+06,20,ACK,14
4.51629e+06,0,CTL,20
4.51638e+06,5,RTS,20
4.51638e+06,17,RTS,20
4.51638e+06,1,RTS,20
4.51638e+06,19,RTS,20
4.51648e+06,3,RTS,20
4.51648e+06,4,RTS,20
4.51648e+06,9,RTS,20
4.51659e+06,1,RTS,20
4.51659e+06,6,RTS,20
4.51669e+06,9,RTS,20
4.51676e+06,20,CTS,14
4.51682e+06,9,QOSDATA_TID6,1066
4.517e+06,20,ACK,14
4.51704e+06,9,CTL,20
4.51713e+06,15,RTS,20
4.5172e+06,20,CTS,14
4.51726e+06,15,QOSDATA_TID6,1066
4.51744e+06,20,ACK,14
4.51749e+06,15,CTL,20
4.51757e+06,6,RTS,20
4.51757e+06,2,RTS,20
4.51768e+06,12,RTS,20
4.51768e+06,7,RTS,20
4.51775e+06,20,CTS,14
4.51781e+06,12,QOSDATA_TID6,1066
4.51799e+06,20,ACK,14
4.51804e+06,12,CTL,20
4.51812e+06,2,RTS,20
4.51819e+06,20,CTS,14
4.51825e+06,2,QOSDATA_TID6,1066
4.51843e+06,20,ACK,14
4.51848e+06,2,CTL,20
4.51856e+06,18,RTS,20
4.51856e+06,10,RTS,20
4.51866e+06,17,RTS,20
4.51866e+06,8,RTS,20
4.51876e+06,11,RTS,20
4.51876e+06,4,RTS,20
4.51876e+06,13,RTS,20
4.51888e+06,5,RTS,20
4.51894e+06,20,CTS,14
4.519e+06,5,QOSDATA_TID6,1066
4.51919e+06,20,ACK,14
4.51923e+06,5,CTL,20
4.51932e+06,10,RTS,20
4.51932e+06,13,RTS,20
4.51942e+06,1,RTS,20
4.51948e+06,20,CTS,14
4.51954e+06,1,QOSDATA_TID6,1066
4.51973e+06,20,ACK,14
4.51977e+06,1,CTL,20
4.51986e+06,13,RTS,20
4.51986e+06,10,RTS,20
4.51996e+06,8,RTS,20
4.51996e+06,19,RTS,20
4.52002e+06,20,CTS,14
4.52008e+06,8,QOSDATA_TID6,1066
4.52027e+06,20,ACK,14
4.52031e+06,8,CTL,20
4.5204e+06,13,RTS,20
4.52047e+06,20,CTS,14
4.52053e+06,13,QOSDATA_TID6,1066
4.52071e+06,20,ACK,14
4.52075e+06,13,CTL,20
4.52084e+06,7,RTS,20
4.52084e+06,14,RTS,20
4.52084e+06,4,RTS,20
4.52084e+06,16,RTS,20
4.52084e+06,17,RTS,20
4.52084e+06,6,RTS,20
4.52084e+06,3,RTS,20
4.52095e+06,18,RTS,20
4.52095e+06,10,RTS,20
4.52104e+06,14,RTS,20
4.52111e+06,20,CTS,14
4.52117e+06,14,QOSDATA_TID6,1066
4.52136e+06,20,ACK,14
4.5214e+06,14,CTL,20
4.52148e+06,20,BEACON,152
4.52174e+06,0,RTS,20
4.52174e+06,10,RTS,20
4.52174e+06,4,RTS,20
4.52174e+06,9,RTS,20
4.52186e+06,19,RTS,20
4.52186e+06,17,RTS,20
4.52186e+06,18,RTS,20
4.52195e+06,9,RTS,20
4.52195e+06,13,RTS,20
4.52206e+06,11,RTS,20
4.52213e+06,20,CTS,14
4.52219e+06,11,QOSDATA_TID6,1066
4.52237e+06,20,ACK,14
4.52242e+06,11,QOSDATA_TID6,1066
4.5226e+06,20,ACK,14
4.52264e+06,11,CTL,20
4.52274e+06,16,RTS,20
4.52274e+06,10,RTS,20
4.52292e+06,10,RTS,20
4.52299e+06,20,CTS,14
4.52305e+06,10,QOSDATA_TID6,1066
4.52324e+06,20,ACK,14
4.52328e+06,10,CTL,20
4.52337e+06,16,RTS,20
4.52344e+06,20,CTS,14
4.5235e+06,16,QOSDATA_TID6,1066
4.52368e+06,20,ACK,14
4.52372e+06,16,CTL,20
4.52381e+06,11,RTS,20
4.52388e+06,20,CTS,14
4.52394e+06,11,QOSDATA_TID6,1066
4.52412e+06,20,ACK,14
4.52416e+06,11,CTL,20
4.52425e+06,12,RTS,20
4.52425e+06,0,RTS,20
4.52432e+06,20,CTS,14
4.52438e+06,12,QOSDATA_TID6,1066
4.52456e+06,20,ACK,14
4.52461e+06,12,CTL,20
4.5247e+06,1,RTS,20
4.5247e+06,19,RTS,20
4.5247e+06,4,RTS,20
4.5247e+06,2,RTS,20
4.5247e+06,3,RTS,20
4.52481e+06,5,RTS,20
4.52481e+06,17,RTS,20
4.52481e+06,10,RTS,20
4.52481e+06,15,RTS,20
4.52491e+06,4,RTS,20
4.52498e+06,20,CTS,14
4.52504e+06,4,QOSDATA_TID6,1066
4.52522e+06,20,ACK,14
4.52526e+06,4,QOSDATA_TID6,1066
4.52545e+06,20,ACK,14
4.52549e+06,4,QOSDATA_TID6,1066
4.52568e+06,20,ACK,14
4.52572e+06,4,QOSDATA_TID6,1066
4.5259e+06,20,ACK,14
4.52595e+06,4,CTL,20
4.52603e+06,1,RTS,20
4.52603e+06,17,RTS,20
4.52603e+06,2,RTS,20
4.52614e+06,19,RTS,20
4.52614e+06,6,RTS,20
4.52614e+06,7,RTS,20
4.52624e+06,2,RTS,20
4.52631e+06,20,CTS,14
4.52637e+06,2,QOSDATA_TID6,1066
4.52655e+06,20,ACK,14
4.5266e+06,2,CTL,20
4.52668e+06,9,RTS,20
4.52668e+06,17,RTS,20
4.52675e+06,20,CTS,14
4.52681e+06,17,QOSDATA_TID6,1066
4.52699e+06,20,ACK,14
4.52704e+06,17,QOSDATA_TID6,1066
4.52722e+06,20,ACK,14
4.52726e+06,17,CTL,20
4.52735e+06,9,RTS,20
4.52742e+06,20,CTS,14
4.52748e+06,9,QOSDATA_TID6,1066
4.52766e+06,20,ACK,14
4.52771e+06,9,CTL,20
4.52779e+06,18,RTS,20
4.52779e+06,15,RTS,20
4.5279e+06,6,RTS,20
4.5279e+06,5,RTS,20
4.5279e+06,8,RTS,20
4.52797e+06,20,CTS,14
4.52803e+06,5,QOSDATA_TID6,1066
4.52821e+06,20,ACK,14
4.52826e+06,5,CTL,20
4.52835e+06,3,RTS,20
4.52835e+06,13,RTS,20
4.52847e+06,16,RTS,20
4.52847e+06,0,CTS,14
4.52858e+06,0,RTS,20
4.52865e+06,20,CTS,14
4.52871e+06,0,QOSDATA_TID6,1066
4.52889e+06,20,ACK,14
4.52894e+06,0,CTL,20
4.52902e+06,1,RTS,20
4.52909e+06,20,CTS,14
4.52915e+06,1,QOSDATA_TID6,1066
4.52933e+06,20,ACK,14
4.52938e+06,1,CTL,20
4.52947e+06,8,RTS,20
4.52947e+06,19,RTS,20
4.52947e+06,10,RTS,20
4.52947e+06,14,RTS,20
4.52959e+06,0,RTS,20
4.52959e+06,3,RTS,20
4.52959e+06,16,RTS,20
4.5297e+06,8,RTS,20
4.52977e+06,20,CTS,14
4.52983e+06,8,QOSDATA_TID6,1066
4.53002e+06,20,ACK,14
4.53006e+06,8,CTL,20
4.53015e+06,3,RTS,20
4.53022e+06,20,CTS,14
4.53028e+06,3,QOSDATA_TID6,1066
4.53046e+06,20,ACK,14
4.5305e+06,3,QOSDATA_TID6,1066
4.53069e+06,20,ACK,14
4.53073e+06,3,QOSDATA_TID6,1066
4.53092e+06,20,ACK,14
4.53096e+06,3,CTL,20
4.53104e+06,9,RTS,20
4.53104e+06,12,RTS,20
4.53104e+06,16,RTS,20
4.53111e+06,20,CTS,14
4.53117e+06,12,QOSDATA_TID6,1066
4.53136e+06,20,ACK,14
4.5314e+06,12,CTL,20
4.53149e+06,18,RTS,20
4.53156e+06,20,CTS,14
4.53162e+06,18,QOSDATA_TID6,1066
4.5318e+06,20,ACK,14
4.53184e+06,18,QOSDATA_TID6,1066
4.53203e+06,20,ACK,14
4.53207e+06,18,CTL,20
4.53216e+06,1,RTS,20
4.53216e+06,13,RTS,20
4.53222e+06,20,CTS,14
4.53228e+06,1,QOSDATA_TID6,1066
4.53247e+06,20,ACK,14
4.53251e+06,1,CTL,20
4.5326e+06,13,RTS,20
4.5326e+06,6,RTS,20
4.53271e+06,5,RTS,20
4.53271e+06,17,RTS,20
4.53271e+06,19,RTS,20
4.53281e+06,16,RTS,20
4.53281e+06,2,RTS,20
4.53281e+06,7,RTS,20
4.53281e+06,10,RTS,20
4.53281e+06,6,RTS,20
4.53281e+06,15,RTS,20
4.53291e+06,19,RTS,20
4.53291e+06,13,RTS,20
4.53303e+06,4,RTS,20
4.5331e+06,20,CTS,14
4.53316e+06,4,QOSDATA_TID6,1066
4.53334e+06,20,ACK,14
4.53339e+06,4,CTL,20
4.53347e+06,6,RTS,20
4.53354e+06,20,CTS,14
4.5336e+06,6,QOSDATA_TID6,1066
4.53379e+06,20,ACK,14
4.53383e+06,6,QOSDATA_TID6,1066
4.53401e+06,20,ACK,14
4.53406e+06,6,CTL,20
4.53414e+06,0,RTS,20
4.53414e+06,9,RTS,20
4.53421e+06,20,CTS,14
4.53427e+06,0,QOSDATA_TID6,1066
4.53446e+06,20,ACK,14
4.5345e+06,0,CTL,20
4.53459e+06,5,RTS,20
4.53465e+06,20,CTS,14
4.53471e+06,5,QOSDATA_TID6,1066
4.5349e+06,20,ACK,14
4.53494e+06,5,CTL,20
4.53503e+06,17,RTS,20
4.53503e+06,19,RTS,20
4.53503e+06,11,RTS,20
4.5351e+06,20,CTS,14
4.53516e+06,17,QOSDATA_TID6,1066
4.53534e+06,20,ACK,14
4.53538e+06,17,CTL,20
4.53547e+06,7,RTS,20
4.53547e+06,18,RTS,20
4.53547e+06,14,RTS,20
4.5356e+06,19,RTS,20
4.53566e+06,20,CTS,14
4.53572e+06,19,QOSDATA_TID6,1066
4.53591e+06,20,ACK,14
4.53595e+06,19,QOSDATA_TID6,1066
4.53614e+06,20,ACK,14
4.53618e+06,19,CTL,20
4.53626e+06,14,RTS,20
4.53633e+06,20,CTS,14
4.53639e+06,14,QOSDATA_TID6,1066
4.53658e+06,20,ACK,14
4.53662e+06,14,QOSDATA_TID6,1066
4.5368e+06,20,ACK,14
4.53685e+06,14,CTL,20
4.53694e+06,15,RTS,20
4.53694e+06,2,RTS,20
4.53694e+06,8,RTS,20
4.53705e+06,7,RTS,20
4.53712e+06,20,CTS,14
4.53718e+06,7,QOSDATA_TID6,1066
4.53736e+06,20,ACK,14
4.53741e+06,7,QOSDATA_TID6,1066
4.53759e+06,20,ACK,14
4.53764e+06,7,QOSDATA_TID6,1066
4.53782e+06,20,ACK,14
4.53786e+06,7,QOSDATA_TID6,1066
4.53805e+06,20,ACK,14
4.53809e+06,7,CTL,20
4.53819e+06,13,RTS,20
4.53819e+06,11,RTS,20
4.53819e+06,15,RTS,20
4.53819e+06,0,RTS,20
4.53819e+06,9,RTS,20
4.53832e+06,10,RTS,20
4.53832e+06,8,RTS,20
4.53839e+06,20,CTS,14
4.53845e+06,8,QOSDATA_TID6,1066
4.53863e+06,20,ACK,14
4.53868e+06,8,CTL,20
4.53877e+06,3,RTS,20
4.53877e+06,15,RTS,20
4.53888e+06,16,RTS,20
4.53895e+06,20,CTS,14
4.53901e+06,16,QOSDATA_TID6,1066
4.53919e+06,20,ACK,14
4.53923e+06,16,QOSDATA_TID6,1066
4.53942e+06,20,ACK,14
4.53946e+06,16,CTL,20
4.53955e+06,6,RTS,20
4.53962e+06,20,CTS,14
4.53968e+06,6,QOSDATA_TID6,1066
4.53986e+06,20,ACK,14
4.5399e+06,6,CTL,20
4.53999e+06,12,RTS,20
4.53999e+06,1,RTS,20
4.54006e+06,20,CTS,14
4.54012e+06,12,QOSDATA_TID6,1066
4.5403e+06,20,ACK,14
4.54035e+06,12,CTL,20
4.54044e+06,17,RTS,20
4.54044e+06,11,RTS,20
4.54044e+06,19,RTS,20
4.54051e+06,20,CTS,14
4.54057e+06,17,QOSDATA_TID6,1066
4.54075e+06,20,ACK,14
4.5408e+06,17,CTL,20
4.54088e+06,1,RTS,20
4.54095e+06,20,CTS,14
4.54101e+06,1,QOSDATA_TID6,1066
4.5412e+06,20,ACK,14
4.54124e+06,1,CTL,20
4.54132e+06,0,RTS,20
4.54139e+06,20,CTS,14
4.54145e+06,0,QOSDATA_TID6,1066
4.54164e+06,20,ACK,14
4.54168e+06,0,CTL,20
4.54177e+06,18,RTS,20
4.54177e+06,15,RTS,20
4.54177e+06,5,RTS,20
4.54177e+06,3,RTS,20
4.54177e+06,9,RTS,20
4.54184e+06,20,CTS,14
4.5419e+06,5,QOSDATA_TID6,1066
4.54208e+06,20,ACK,14
4.54212e+06,5,CTL,20
4.54221e+06,4,RTS,20
4.54228e+06,20,CTS,14
4.54234e+06,4,QOSDATA_TID6,1066
4.54252e+06,20,ACK,14
4.54256e+06,4,CTL,20
4.54265e+06,8,RTS,20
4.54265e+06,19,RTS,20
4.54265e+06,13,RTS,20
4.54265e+06,9,RTS,20
4.54265e+06,10,RTS,20
4.54276e+06,15,RTS,20
4.54276e+06,11,RTS,20
4.54287e+06,18,RTS,20
4.54293e+06,20,CTS,14
4.54299e+06,18,QOSDATA_TID6,1066
4.54318e+06,20,ACK,14
4.54322e+06,18,QOSDATA_TID6,1066
4.54341e+06,20,ACK,14
4.54345e+06,18,CTL,20
4.54354e+06,10,RTS,20
4.54354e+06,19,RTS,20
4.5436e+06,20,CTS,14
4.54366e+06,19,QOSDATA_TID6,1066
4.54385e+06,20,ACK,14
4.54389e+06,19,CTL,20
4.54399e+06,2,RTS,20
4.54399e+06,3,RTS,20
4.54399e+06,9,RTS,20
4.54408e+06,14,RTS,20
4.54415e+06,20,CTS,14
4.54421e+06,14,QOSDATA_TID6,1066
4.5444e+06,20,ACK,14
4.54444e+06,14,CTL,20
4.54453e+06,15,RTS,20
4.5446e+06,20,CTS,14
4.54466e+06,15,QOSDATA_TID6,1066
4.54484e+06,20,ACK,14
4.54488e+06,15,QOSDATA_TID6,1066
4.54507e+06,20,ACK,14
4.54511e+06,15,CTL,20
4.5452e+06,2,RTS,20
4.5452e+06,10,RTS,20
4.5452e+06,9,RTS,20
4.5453e+06,11,RTS,20
4.5453e+06,16,RTS,20
4.5453e+06,13,RTS,20
4.5454e+06,8,RTS,20
4.5454e+06,0,RTS,20
4.54547e+06,20,CTS,14
4.54553e+06,8,QOSDATA_TID6,1066
4.54571e+06,20,ACK,14
4.54576e+06,8,CTL,20
4.54584e+06,11,RTS,20
4.54584e+06,3,RTS,20
4.54584e+06,9,RTS,20
4.54594e+06,2,RTS,20
4.54601e+06,20,CTS,14
4.54607e+06,2,QOSDATA_TID6,1066
4.54625e+06,20,ACK,14
4.5463e+06,2,QOSDATA_TID6,1066
4.54648e+06,20,ACK,14
4.54653e+06,2,CTL,20
4.54663e+06,12,RTS,20
4.54663e+06,13,RTS,20
4.5467e+06,20,CTS,14
4.54676e+06,12,QOSDATA_TID6,1066
4.54694e+06,20,ACK,14
4.54699e+06,12,CTL,20
4.54707e+06,19,RTS,20
4.54707e+06,6,RTS,20
4.54723e+06,19,RTS,20
4.54723e+06,6,RTS,20
4.54723e+06,13,RTS,20
4.54737e+06,10,RTS,20
4.54737e+06,6,RTS,20
4.54744e+06,20,CTS,14
4.5475e+06,6,QOSDATA_TID6,1066
4.54768e+06,20,ACK,14
4.54773e+06,6,CTL,20
4.54781e+06,10,RTS,20
4.54781e+06,17,RTS,20
4.54788e+06,20,CTS,14
4.54794e+06,17,QOSDATA_TID6,1066
4.54812e+06,20,ACK,14
4.54817e+06,17,CTL,20
4.54825e+06,0,RTS,20
4.54832e+06,20,CTS,14
4.54838e+06,0,QOSDATA_TID6,1066
4.54857e+06,20,ACK,14
4.54861e+06,0,CTL,20
4.5487e+06,1,RTS,20
4.5487e+06,19,RTS,20
4.54879e+06,5,RTS,20
4.54879e+06,2,RTS,20
4.54879e+06,3,RTS,20
4.54886e+06,20,CTS,14
4.54892e+06,5,QOSDATA_TID6,1066
4.54911e+06,20,ACK,14
4.54915e+06,5,CTL,20
4.54924e+06,4,RTS,20
4.5493e+06,20,CTS,14
4.54936e+06,4,QOSDATA_TID6,1066
4.54955e+06,20,ACK,14
4.54959e+06,4,CTL,20
4.54968e+06,7,RTS,20
4.54968e+06,13,RTS,20
4.54968e+06,15,RTS,20
4.54968e+06,9,RTS,20
4.54978e+06,1,RTS,20
4.54985e+06,20,CTS,14
4.54991e+06,1,QOSDATA_TID6,1066
4.5501e+06,20,ACK,14
4.55014e+06,1,CTL,20
4.55023e+06,9,RTS,20
4.5503e+06,20,CTS,14
4.55036e+06,9,QOSDATA_TID6,1066
4.55054e+06,20,ACK,14
4.55058e+06,9,QOSDATA_TID6,1066
4.55077e+06,20,ACK,14
4.55081e+06,9,CTL,20
4.5509e+06,2,RTS,20
4.5509e+06,19,RTS,20
4.5509e+06,8,RTS,20
4.551e+06,11,RTS,20
4.55107e+06,20,CTS,14
4.55113e+06,11,QOSDATA_TID6,1066
4.55132e+06,20,ACK,14
4.55136e+06,11,QOSDATA_TID6,1066
4.55154e+06,20,ACK,14
4.55159e+06,11,QOSDATA_TID6,1066
4.55177e+06,20,ACK,14
4.55182e+06,11,CTL,20
4.5519e+06,16,RTS,20
4.5519e+06,2,RTS,20
4.55201e+06,8,RTS,20
4.55208e+06,20,CTS,14
4.55214e+06,8,QOSDATA_TID6,1066
4.55232e+06,20,ACK,14
4.55237e+06,8,CTL,20
4.55245e+06,14,RTS,20
4.55252e+06,20,CTS,14
4.55258e+06,14,QOSDATA_TID6,1066
4.55276e+06,20,ACK,14
4.55281e+06,14,CTL,20
4.55289e+06,10,RTS,20
4.55289e+06,19,RTS,20
4.55296e+06,20,CTS,14
4.55302e+06,19,QOSDATA_TID6,1066
4.55321e+06,20,ACK,14
4.55325e+06,19,CTL,20
4.55334e+06,16,RTS,20
4.55334e+06,7,RTS,20
4.55334e+06,18,RTS,20
4.55334e+06,13,RTS,20
4.55334e+06,15,RTS,20
4.55345e+06,3,RTS,20
4.55352e+06,20,CTS,14
4.55358e+06,3,QOSDATA_TID6,1066
4.55376e+06,20,ACK,14
4.55381e+06,3,QOSDATA_TID6,1066
4.55399e+06,20,ACK,14
4.55404e+06,3,CTL,20
4.55413e+06,16,RTS,20
4.5542e+06,20,CTS,14
4.55426e+06,16,QOSDATA_TID6,1066
4.55444e+06,20,ACK,14
4.55449e+06,16,QOSDATA_TID6,1066
4.55467e+06,20,ACK,14
4.55472e+06,16,CTL,20
4.5548e+06,11,RTS,20
4.5548e+06,13,RTS,20
4.5548e+06,2,RTS,20
4.5548e+06,3,RTS,20
4.5548e+06,9,RTS,20
4.5548e+06,0,RTS,20
4.5548e+06,18,RTS,20
4.55491e+06,7,RTS,20
4.55498e+06,20,CTS,14
4.55504e+06,7,QOSDATA_TID6,1066
4.55522e+06,20,ACK,14
4.55526e+06,7,QOSDATA_TID6,1066
4.55545e+06,20,ACK,14
4.55549e+06,7,CTL,20
4.55558e+06,12,RTS,20
4.55558e+06,19,RTS,20
4.55558e+06,6,RTS,20
4.55565e+06,20,CTS,14
4.55571e+06,12,QOSDATA_TID6,1066
4.55589e+06,20,ACK,14
4.55593e+06,12,CTL,20
4.55603e+06,15,RTS,20
4.5561e+06,20,CTS,14
4.55616e+06,15,QOSDATA_TID6,1066
4.55634e+06,20,ACK,14
4.55638e+06,15,CTL,20
4.55647e+06,6,RTS,20
4.55647e+06,18,RTS,20
4.55647e+06,1,RTS,20
4.55647e+06,10,RTS,20
4.55658e+06,13,RTS,20
4.55665e+06,20,CTS,14
4.55671e+06,13,QOSDATA_TID6,1066
4.55689e+06,20,ACK,14
4.55693e+06,13,QOSDATA_TID6,1066
4.55712e+06,20,ACK,14
4.55716e+06,13,QOSDATA_TID6,1066
4.55735e+06,20,ACK,14
4.55739e+06,13,QOSDATA_TID6,1066
4.55757e+06,20,ACK,14
4.55762e+06,13,CTL,20
4.5577e+06,4,RTS,20
4.5577e+06,9,RTS,20
4.5578e+06,17,RTS,20
4.5578e+06,1,RTS,20
4.55791e+06,19,RTS,20
4.55791e+06,15,RTS,20
4.55791e+06,2,RTS,20
4.55802e+06,4,RTS,20
4.55809e+06,20,CTS,14
4.55815e+06,4,QOSDATA_TID6,1066
4.55833e+06,20,ACK,14
4.55838e+06,4,CTL,20
4.55846e+06,0,RTS,20
4.55853e+06,20,CTS,14
4.55859e+06,0,QOSDATA_TID6,1066
4.55878e+06,20,ACK,14
4.55882e+06,0,CTL,20
4.5589e+06,6,RTS,20
4.5589e+06,5,RTS,20
4.55897e+06,20,CTS,14
4.55903e+06,5,QOSDATA_TID6,1066
4.55922e+06,20,ACK,14
4.55926e+06,5,CTL,20
4.55935e+06,14,RTS,20
4.55942e+06,20,CTS,14
4.55948e+06,14,QOSDATA_TID6,1066
4.55966e+06,20,ACK,14
4.5597e+06,14,CTL,20
4.55979e+06,2,RTS,20
4.55979e+06,17,RTS,20
4.55979e+06,3,RTS,20
4.55979e+06,11,RTS,20
4.55989e+06,15,RTS,20
4.55996e+06,20,CTS,14
4.56002e+06,15,QOSDATA_TID6,1066
4.5602e+06,20,ACK,14
4.56024e+06,15,CTL,20
4.56034e+06,6,RTS,20
4.56034e+06,8,RTS,20
4.56034e+06,18,RTS,20
4.56034e+06,10,RTS,20
4.56046e+06,9,RTS,20
4.56046e+06,3,RTS,20
4.56056e+06,16,RTS,20
4.56063e+06,20,CTS,14
4.56069e+06,16,QOSDATA_TID6,1066
4.56087e+06,20,ACK,14
4.56092e+06,16,CTL,20
4.56101e+06,17,RTS,20
4.56101e+06,6,RTS,20
4.56108e+06,20,CTS,14
4.56114e+06,17,QOSDATA_TID6,1066
4.56132e+06,20,ACK,14
4.56137e+06,17,CTL,20
4.56146e+06,7,RTS,20
4.56153e+06,20,CTS,14
4.56159e+06,7,QOSDATA_TID6,1066
4.56178e+06,20,ACK,14
4.56182e+06,7,CTL,20
4.5619e+06,19,RTS,20
4.5619e+06,2,RTS,20
4.5619e+06,18,RTS,20
4.562e+06,13,RTS,20
4.56207e+06,20,CTS,14
4.56213e+06,13,QOSDATA_TID6,1066
4.56232e+06,20,ACK,14
4.56236e+06,13,CTL,20
4.56245e+06,0,RTS,20
4.56252e+06,20,CTS,14
4.56258e+06,0,QOSDATA_TID6,1066
4.56277e+06,20,ACK,14
4.56281e+06,0,CTL,20
4.5629e+06,18,RTS,20
4.5629e+06,8,RTS,20
4.5629e+06,12,RTS,20
4.5629e+06,1,RTS,20
4.5629e+06,9,RTS,20
4.563e+06,2,RTS,20
4.563e+06,6,RTS,20
4.5631e+06,11,RTS,20
4.56317e+06,20,CTS,14
4.56323e+06,11,QOSDATA_TID6,1066
4.56341e+06,20,ACK,14
4.56346e+06,11,QOSDATA_TID6,1066
4.56364e+06,20,ACK,14
4.56368e+06,11,CTL,20
4.56377e+06,6,RTS,20
4.56384e+06,20,CTS,14
4.5639e+06,6,QOSDATA_TID6,1066
4.56408e+06,20,ACK,14
4.56413e+06,6,QOSDATA_TID6,1066
4.56431e+06,20,ACK,14
4.56436e+06,6,CTL,20
4.56444e+06,2,RTS,20
4.56444e+06,10,RTS,20
4.56444e+06,17,RTS,20
4.56451e+06,20,CTS,14
4.56457e+06,17,QOSDATA_TID6,1066
4.56475e+06,20,ACK,14
4.5648e+06,17,CTL,20
4.56489e+06,5,RTS,20
4.56496e+06,20,CTS,14
4.56502e+06,5,QOSDATA_TID6,1066
4.5652e+06,20,ACK,14
4.56525e+06,5,CTL,20
4.56533e+06,1,RTS,20
4.56533e+06,12,RTS,20
4.56533e+06,3,RTS,20
4.56533e+06,10,RTS,20
4.56533e+06,15,RTS,20
4.56544e+06,2,RTS,20
4.56544e+06,4,RTS,20
4.56551e+06,20,CTS,14
4.56557e+06,2,QOSDATA_TID6,1066
4.56575e+06,20,ACK,14
4.5658e+06,2,QOSDATA_TID6,1066
4.56598e+06,20,ACK,14
4.56603e+06,2,CTL,20
4.56611e+06,3,RTS,20
4.56618e+06,20,CTS,14
4.56624e+06,3,QOSDATA_TID6,1066
4.56642e+06,20,ACK,14
4.56647e+06,3,QOSDATA_TID6,1066
4.56665e+06,20,ACK,14
4.5667e+06,3,CTL,20
4.56678e+06,19,RTS,20
4.56678e+06,1,RTS,20
4.56688e+06,9,RTS,20
4.56688e+06,18,RTS,20
4.56695e+06,20,CTS,14
4.56701e+06,18,QOSDATA_TID6,1066
4.56719e+06,20,ACK,14
4.56724e+06,18,QOSDATA_TID6,1066
4.56742e+06,20,ACK,14
4.56746e+06,18,QOSDATA_TID6,1066
4.56765e+06,20,ACK,14
4.56769e+06,18,CTL,20
4.56778e+06,1,RTS,20
4.56778e+06,4,RTS,20
4.56785e+06,20,CTS,14
4.56791e+06,1,QOSDATA_TID6,1066
4.56809e+06,20,ACK,14
4.56813e+06,1,QOSDATA_TID6,1066
4.56832e+06,20,ACK,14
4.56836e+06,1,CTL,20
4.56845e+06,14,RTS,20
4.56852e+06,20,CTS,14
4.56858e+06,14,QOSDATA_TID6,1066
4.56876e+06,20,ACK,14
4.5688e+06,14,CTL,20
4.56889e+06,16,RTS,20
4.56896e+06,20,CTS,14
4.56902e+06,16,QOSDATA_TID6,1066
4.5692e+06,20,ACK,14
4.56925e+06,16,CTL,20
4.56933e+06,8,RTS,20
4.56933e+06,12,RTS,20
4.56933e+06,15,RTS,20
4.56944e+06,10,RTS,20
4.56951e+06,20,CTS,14
4.56957e+06,10,QOSDATA_TID6,1066
4.56975e+06,20,ACK,14
4.5698e+06,10,QOSDATA_TID6,1066
4.56998e+06,20,ACK,14
4.57002e+06,10,QOSDATA_TID6,1066
4.57021e+06,20,ACK,14
4.57025e+06,10,QOSDATA_TID6,1066
4.57044e+06,20,ACK,14
4.57048e+06,10,CTL,20
4.57056e+06,9,RTS,20
4.57056e+06,15,RTS,20
4.57056e+06,7,RTS,20
4.57067e+06,0,RTS,20
4.57074e+06,20,CTS,14
4.5708e+06,0,QOSDATA_TID6,1066
4.57098e+06,20,ACK,14
4.57103e+06,0,CTL,20
4.57111e+06,3,RTS,20
4.57118e+06,20,CTS,14
4.57124e+06,3,QOSDATA_TID6,1066
4.57143e+06,20,ACK,14
4.57147e+06,3,CTL,20
4.57156e+06,7,RTS,20
4.57156e+06,13,RTS,20
4.57162e+06,20,CTS,14
4.57168e+06,7,QOSDATA_TID6,1066
4.57187e+06,20,ACK,14
4.57191e+06,7,CTL,20
4.572e+06,13,RTS,20
4.572e+06,6,RTS,20
4.5721e+06,19,RTS,20
4.57217e+06,20,CTS,14
4.57223e+06,19,QOSDATA_TID6,1066
4.57242e+06,20,ACK,14
4.57246e+06,19,QOSDATA_TID6,1066
4.57265e+06,20,ACK,14
4.57269e+06,19,QOSDATA_TID6,1066
4.57287e+06,20,ACK,14
4.57292e+06,19,CTL,20
4.573e+06,1,RTS,20
4.573e+06,17,RTS,20
4.573e+06,13,RTS,20
4.5731e+06,4,RTS,20
4.57317e+06,20,CTS,14
4.57323e+06,4,QOSDATA_TID6,1066
4.57341e+06,20,ACK,14
4.57346e+06,4,QOSDATA_TID6,1066
4.57364e+06,20,ACK,14
4.57369e+06,4,CTL,20
4.57377e+06,11,RTS,20
4.57377e+06,13,RTS,20
4.57377e+06,2,RTS,20
4.57377e+06,10,RTS,20
4.57387e+06,8,RTS,20
4.57394e+06,20,CTS,14
4.574e+06,8,QOSDATA_TID6,1066
4.57418e+06,20,ACK,14
4.57423e+06,8,QOSDATA_TID6,1066
4.57441e+06,20,ACK,14
4.57445e+06,8,CTL,20
4.57454e+06,12,RTS,20
4.57454e+06,18,RTS,20
4.57461e+06,20,CTS,14
4.57467e+06,12,QOSDATA_TID6,1066
4.57485e+06,20,ACK,14
4.5749e+06,12,QOSDATA_TID6,1066
4.57508e+06,20,ACK,14
4.57512e+06,12,CTL,20
4.57522e+06,1,RTS,20
4.57522e+06,5,RTS,20
4.57522e+06,11,RTS,20
4.57522e+06,6,RTS,20
4.57522e+06,14,RTS,20
4.57522e+06,9,RTS,20
4.57529e+06,20,CTS,14
4.57535e+06,5,QOSDATA_TID6,1066
4.57553e+06,20,ACK,14
4.57558e+06,5,CTL,20
4.57566e+06,8,RTS,20
4.57573e+06,20,CTS,14
4.57579e+06,8,QOSDATA_TID6,1066
4.57597e+06,20,ACK,14
4.57602e+06,8,CTL,20
4.5761e+06,11,RTS,20
4.57617e+06,20,CTS,14
4.57623e+06,11,QOSDATA_TID6,1066
4.57642e+06,20,ACK,14
4.57646e+06,11,CTL,20
4.57654e+06,16,RTS,20
4.57654e+06,1,RTS,20
4.57654e+06,15,RTS,20
4.57654e+06,10,RTS,20
4.57666e+06,6,RTS,20
4.57666e+06,13,RTS,20
4.57677e+06,17,RTS,20
4.57684e+06,20,CTS,14
4.5769e+06,17,QOSDATA_TID6,1066
4.57708e+06,20,ACK,14
4.57712e+06,17,CTL,20
4.57721e+06,10,RTS,20
4.57728e+06,20,CTS,14
4.57734e+06,10,QOSDATA_TID6,1066
4.57752e+06,20,ACK,14
4.57757e+06,10,CTL,20
4.57765e+06,18,RTS,20
4.57765e+06,1,RTS,20
4.57772e+06,20,CTS,14
4.57778e+06,1,QOSDATA_TID6,1066
4.57796e+06,20,ACK,14
4.57801e+06,1,CTL,20
4.5781e+06,0,RTS,20
4.5781e+06,6,RTS,20
4.5781e+06,14,RTS,20
4.5782e+06,18,RTS,20
4.57827e+06,20,CTS,14
4.57833e+06,18,QOSDATA_TID6,1066
4.57851e+06,20,ACK,14
4.57856e+06,18,CTL,20
4.57864e+06,0,RTS,20
4.57864e+06,6,RTS,20
4.57864e+06,9,RTS,20
4.57864e+06,3,RTS,20
4.57864e+06,7,RTS,20
4.57864e+06,16,RTS,20
4.57874e+06,2,RTS,20
4.57881e+06,20,CTS,14
4.57887e+06,2,QOSDATA_TID6,1066
4.57905e+06,20,ACK,14
4.5791e+06,2,CTL,20
4.57918e+06,1,RTS,20
4.57925e+06,20,CTS,14
4.57931e+06,1,QOSDATA_TID6,1066
4.5795e+06,20,ACK,14
4.57954e+06,1,CTL,20
4.57962e+06,11,RTS,20
4.57962e+06,12,RTS,20
4.57962e+06,15,RTS,20
4.57962e+06,14,RTS,20
4.57969e+06,20,CTS,14
4.57975e+06,12,QOSDATA_TID6,1066
4.57994e+06,20,ACK,14
4.57998e+06,12,CTL,20
4.58007e+06,19,RTS,20
4.58014e+06,20,CTS,14
4.5802e+06,19,QOSDATA_TID6,1066
4.58038e+06,20,ACK,14
4.58042e+06,19,CTL,20
4.58051e+06,5,RTS,20
4.58051e+06,11,RTS,20
4.58051e+06,7,RTS,20
4.58051e+06,9,RTS,20
4.58051e+06,13,RTS,20
4.58058e+06,20,CTS,14
4.58064e+06,5,QOSDATA_TID6,1066
4.58082e+06,20,ACK,14
4.58086e+06,5,CTL,20
4.58095e+06,9,RTS,20
4.58102e+06,20,CTS,14
4.58108e+06,9,QOSDATA_TID6,1066
4.58126e+06,20,ACK,14
4.58131e+06,9,QOSDATA_TID6,1066
4.58149e+06,20,ACK,14
4.58154e+06,9,QOSDATA_TID6,1066
4.58172e+06,20,ACK,14
4.58176e+06,9,CTL,20
4.58185e+06,2,RTS,20
4.58192e+06,20,CTS,14
4.58198e+06,2,QOSDATA_TID6,1066
4.58216e+06,20,ACK,14
4.58221e+06,2,CTL,20
4.58229e+06,18,RTS,20
4.58229e+06,0,CTS,14
4.58229e+06,17,RTS,20
4.58229e+06,14,RTS,20
4.58229e+06,4,RTS,20
4.58238e+06,0,RTS,20
4.58245e+06,20,CTS,14
4.58251e+06,0,QOSDATA_TID6,1066
4.58269e+06,20,ACK,14
4.58273e+06,0,CTL,20
4.58282e+06,18,RTS,20
4.58282e+06,14,RTS,20
4.58282e+06,10,RTS,20
4.58282e+06,3,RTS,20
4.58293e+06,8,RTS,20
4.58293e+06,4,RTS,20
4.583e+06,20,CTS,14
4.58306e+06,8,QOSDATA_TID6,1066
4.58324e+06,20,ACK,14
4.58328e+06,8,CTL,20
4.58337e+06,7,RTS,20
4.58337e+06,10,RTS,20
4.58344e+06,20,CTS,14
4.5835e+06,7,QOSDATA_TID6,1066
4.58368e+06,20,ACK,14
4.58372e+06,7,CTL,20
4.58381e+06,14,RTS,20
4.58381e+06,10,RTS,20
4.58393e+06,11,RTS,20
4.58393e+06,16,RTS,20
4.58403e+06,18,RTS,20
4.58403e+06,10,RTS,20
4.58413e+06,15,RTS,20
4.5842e+06,20,CTS,14
4.58426e+06,15,QOSDATA_TID6,1066
4.58444e+06,20,ACK,14
4.58449e+06,15,QOSDATA_TID6,1066
4.58467e+06,20,ACK,14
4.58472e+06,15,QOSDATA_TID6,1066
4.5849e+06,20,ACK,14
4.58494e+06,15,CTL,20
4.58503e+06,17,RTS,20
4.5851e+06,20,CTS,14
4.58516e+06,17,QOSDATA_TID6,1066
4.58534e+06,20,ACK,14
4.58539e+06,17,CTL,20
4.58547e+06,11,RTS,20
4.58547e+06,7,RTS,20
4.58547e+06,13,RTS,20
4.58557e+06,6,RTS,20
4.58564e+06,20,CTS,14
4.5857e+06,6,QOSDATA_TID6,1066
4.58588e+06,20,ACK,14
4.58593e+06,6,QOSDATA_TID6,1066
4.58611e+06,20,ACK,14
4.58615e+06,6,CTL,20
4.58624e+06,0,RTS,20
4.58631e+06,20,CTS,14
4.58637e+06,0,QOSDATA_TID6,1066
4.58655e+06,20,ACK,14
4.5866e+06,0,CTL,20
4.58668e+06,10,RTS,20
4.58668e+06,3,RTS,20
4.58668e+06,13,RTS,20
4.58668e+06,11,RTS,20
4.58679e+06,14,RTS,20
4.58686e+06,20,CTS,14
4.58692e+06,14,QOSDATA_TID6,1066
4.5871e+06,20,ACK,14
4.58714e+06,14,QOSDATA_TID6,1066
4.58733e+06,20,ACK,14
4.58737e+06,14,CTL,20
4.58746e+06,12,RTS,20
4.58746e+06,19,RTS,20
4.58753e+06,20,CTS,14
4.58759e+06,12,QOSDATA_TID6,1066
4.58777e+06,20,ACK,14
4.58782e+06,12,CTL,20
4.5879e+06,11,RTS,20
4.5879e+06,4,RTS,20
4.588e+06,16,RTS,20
4.588e+06,9,RTS,20
4.588e+06,18,RTS,20
4.5881e+06,13,RTS,20
4.58816e+06,20,CTS,14
4.58822e+06,13,QOSDATA_TID6,1066
4.58841e+06,20,ACK,14
4.58845e+06,13,QOSDATA_TID6,1066
4.58864e+06,20,ACK,14
4.58868e+06,13,CTL,20
4.58877e+06,11,RTS,20
4.58877e+06,9,RTS,20
4.58887e+06,15,RTS,20
4.58893e+06,20,CTS,14
4.58899e+06,15,QOSDATA_TID6,1066
4.58918e+06,20,ACK,14
4.58922e+06,15,CTL,20
4.58931e+06,6,RTS,20
4.58938e+06,20,CTS,14
4.58944e+06,6,QOSDATA_TID6,1066
4.58962e+06,20,ACK,14
4.58966e+06,6,CTL,20
4.58975e+06,2,RTS,20
4.58975e+06,10,RTS,20
4.58975e+06,5,RTS,20
4.58982e+06,20,CTS,14
4.58988e+06,5,QOSDATA_TID6,1066
4.59006e+06,20,ACK,14
4.59011e+06,5,CTL,20
4.5902e+06,1,RTS,20
4.5902e+06,7,RTS,20
4.5902e+06,11,RTS,20
4.59031e+06,18,RTS,20
4.59038e+06,20,CTS,14
4.59044e+06,18,QOSDATA_TID6,1066
4.59062e+06,20,ACK,14
4.59066e+06,18,QOSDATA_TID6,1066
4.59085e+06,20,ACK,14
4.59089e+06,18,CTL,20
4.59098e+06,2,RTS,20
4.59098e+06,9,RTS,20
4.59098e+06,11,RTS,20
4.59108e+06,10,RTS,20
4.59115e+06,20,CTS,14
4.59121e+06,10,QOSDATA_TID6,1066
4.5914e+06,20,ACK,14
4.59144e+06,10,QOSDATA_TID6,1066
4.59162e+06,20,ACK,14
4.59167e+06,10,CTL,20
4.59176e+06,17,RTS,20
4.59182e+06,20,CTS,14
4.59188e+06,17,QOSDATA_TID6,1066
4.59207e+06,20,ACK,14
4.59211e+06,17,CTL,20
4.5922e+06,8,RTS,20
4.5922e+06,2,RTS,20
4.5922e+06,3,RTS,20
4.5922e+06,14,RTS,20
4.59233e+06,3,RTS,20
4.5924e+06,20,CTS,14
4.59246e+06,3,QOSDATA_TID6,1066
4.59264e+06,20,ACK,14
4.59268e+06,3,QOSDATA_TID6,1066
4.59287e+06,20,ACK,14
4.59291e+06,3,CTL,20
4.59301e+06,2,RTS,20
4.59301e+06,16,RTS,20
4.59301e+06,4,RTS,20
4.59312e+06,19,RTS,20
4.59319e+06,20,CTS,14
4.59325e+06,19,QOSDATA_TID6,1066
4.59344e+06,20,ACK,14
4.59348e+06,19,CTL,20
4.59356e+06,14,RTS,20
4.59363e+06,20,CTS,14
4.59369e+06,14,QOSDATA_TID6,1066
4.59388e+06,20,ACK,14
4.59392e+06,14,CTL,20
4.59401e+06,0,RTS,20
4.59408e+06,20,CTS,14
4.59414e+06,0,QOSDATA_TID6,1066
4.59432e+06,20,ACK,14
4.59436e+06,0,CTL,20
4.59445e+06,8,RTS,20
4.59445e+06,1,RTS,20
4.59445e+06,13,RTS,20
4.59445e+06,16,RTS,20
4.59455e+06,12,RTS,20
4.59455e+06,9,RTS,20
4.59462e+06,20,CTS,14
4.59468e+06,12,QOSDATA_TID6,1066
4.59486e+06,20,ACK,14
4.5949e+06,12,CTL,20
4.59499e+06,3,RTS,20
4.59499e+06,9,RTS,20
4.59509e+06,19,RTS,20
4.59509e+06,6,RTS,20
4.59509e+06,7,RTS,20
4.59519e+06,2,RTS,20
4.59526e+06,20,CTS,14
4.59532e+06,2,QOSDATA_TID6,1066
4.59551e+06,20,ACK,14
4.59555e+06,2,CTL,20
4.59564e+06,7,RTS,20
4.59564e+06,11,RTS,20
4.5957e+06,20,CTS,14
4.59576e+06,7,QOSDATA_TID6,1066
4.59595e+06,20,ACK,14
4.59599e+06,7,QOSDATA_TID6,1066
4.59618e+06,20,ACK,14
4.59622e+06,7,CTL,20
4.59631e+06,5,RTS,20
4.59638e+06,20,CTS,14
4.59644e+06,5,QOSDATA_TID6,1066
4.59662e+06,20,ACK,14
4.59666e+06,5,CTL,20
4.59675e+06,19,RTS,20
4.59682e+06,20,CTS,14
4.59688e+06,19,QOSDATA_TID6,1066
4.59706e+06,20,ACK,14
4.5971e+06,19,CTL,20
4.59719e+06,1,RTS,20
4.59719e+06,17,RTS,20
4.59719e+06,16,RTS,20
4.59719e+06,2,RTS,20
4.59719e+06,4,RTS,20
4.59719e+06,10,RTS,20
4.59719e+06,15,RTS,20
4.5973e+06,3,RTS,20
4.5973e+06,9,RTS,20
4.5974e+06,2,RTS,20
4.5974e+06,8,RTS,20
4.5974e+06,6,RTS,20
4.5974e+06,11,RTS,20
4.5975e+06,13,RTS,20
4.59757e+06,20,CTS,14
4.59763e+06,13,QOSDATA_TID6,1066
4.59782e+06,20,ACK,14
4.59786e+06,13,CTL,20
4.59795e+06,11,RTS,20
4.59802e+06,20,CTS,14
4.59808e+06,11,QOSDATA_TID6,1066
4.59827e+06,20,ACK,14
4.59831e+06,11,QOSDATA_TID6,1066
4.59849e+06,20,ACK,14
4.59854e+06,11,CTL,20
4.59862e+06,9,RTS,20
4.59862e+06,18,RTS,20
4.59869e+06,20,CTS,14
4.59875e+06,18,QOSDATA_TID6,1066
4.59894e+06,20,ACK,14
4.59898e+06,18,CTL,20
4.59908e+06,3,RTS,20
4.59908e+06,15,RTS,20
4.59917e+06,16,RTS,20
4.59924e+06,20,CTS,14
4.5993e+06,16,QOSDATA_TID6,1066
4.59948e+06,20,ACK,14
4.59953e+06,16,QOSDATA_TID6,1066
4.59971e+06,20,ACK,14
4.59976e+06,16,CTL,20
4.59984e+06,14,RTS,20
4.59991e+06,20,CTS,14
4.59997e+06,14,QOSDATA_TID6,1066
4.60016e+06,20,ACK,14
4.6002e+06,14,CTL,20
4.60028e+06,8,RTS,20
4.60028e+06,17,RTS,20
4.60039e+06,1,RTS,20
4.60039e+06,3,RTS,20
4.60039e+06,6,RTS,20
4.60039e+06,10,RTS,20
4.60051e+06,2,RTS,20
4.60058e+06,20,CTS,14
4.60064e+06,2,QOSDATA_TID6,1066
4.60082e+06,20,ACK,14
4.60086e+06,2,CTL,20
4.60095e+06,8,RTS,20
4.60095e+06,6,RTS,20
4.60102e+06,20,CTS,14
4.60108e+06,8,QOSDATA_TID6,1066
4.60126e+06,20,ACK,14
4.60131e+06,8,QOSDATA_TID6,1066
4.60149e+06,20,ACK,14
4.60153e+06,8,CTL,20
4.60162e+06,13,RTS,20
4.60169e+06,20,CTS,14
4.60175e+06,13,QOSDATA_TID6,1066
4.60193e+06,20,ACK,14
4.60198e+06,13,CTL,20
4.60206e+06,3,RTS,20
4.60206e+06,9,RTS,20
4.60216e+06,0,RTS,20
4.60216e+06,6,RTS,20
4.60216e+06,16,RTS,20
4.60216e+06,15,RTS,20
4.60216e+06,4,RTS,20
4.60226e+06,7,RTS,20
4.60226e+06,10,RTS,20
4.60233e+06,20,CTS,14
4.60239e+06,7,QOSDATA_TID6,1066
4.60257e+06,20,ACK,14
4.60261e+06,7,CTL,20
4.60271e+06,4,RTS,20
4.60271e+06,10,RTS,20
4.60282e+06,15,RTS,20
4.60289e+06,20,CTS,14
4.60295e+06,15,QOSDATA_TID6,1066
4.60314e+06,20,ACK,14
4.60318e+06,15,CTL,20
4.60327e+06,19,RTS,20
4.60327e+06,4,RTS,20
4.60334e+06,20,CTS,14
4.6034e+06,19,QOSDATA_TID6,1066
4.60358e+06,20,ACK,14
4.60362e+06,19,CTL,20
4.60372e+06,11,RTS,20
4.60372e+06,4,RTS,20
4.60382e+06,9,RTS,20
4.60382e+06,0,RTS,20
4.60388e+06,20,CTS,14
4.60394e+06,0,QOSDATA_TID6,1066
4.60413e+06,20,ACK,14
4.60417e+06,0,CTL,20
4.60426e+06,16,RTS,20
4.60433e+06,20,CTS,14
4.60439e+06,16,QOSDATA_TID6,1066
4.60457e+06,20,ACK,14
4.60462e+06,16,CTL,20
4.6047e+06,11,RTS,20
4.6047e+06,3,RTS,20
4.6047e+06,10,RTS,20
4.6048e+06,5,RTS,20
4.60487e+06,20,CTS,14
4.60493e+06,5,QOSDATA_TID6,1066
4.60511e+06,20,ACK,14
4.60516e+06,5,CTL,20
4.60524e+06,10,RTS,20
4.60524e+06,15,RTS,20
4.60531e+06,20,CTS,14
4.60537e+06,15,QOSDATA_TID6,1066
4.60555e+06,20,ACK,14
4.6056e+06,15,CTL,20
4.60568e+06,17,RTS,20
4.60568e+06,10,RTS,20
4.60575e+06,20,CTS,14
4.60581e+06,17,QOSDATA_TID6,1066
4.606e+06,20,ACK,14
4.60604e+06,17,QOSDATA_TID6,1066
4.60622e+06,20,ACK,14
4.60627e+06,17,CTL,20
4.60635e+06,10,RTS,20
4.60642e+06,20,CTS,14
4.60648e+06,10,QOSDATA_TID6,1066
4.60666e+06,20,ACK,14
4.60671e+06,10,CTL,20
4.6068e+06,8,RTS,20
4.6068e+06,12,RTS,20
4.6068e+06,4,RTS,20
4.60689e+06,2,RTS,20
4.60696e+06,20,CTS,14
4.60702e+06,2,QOSDATA_TID6,1066
4.6072e+06,20,ACK,14
4.60725e+06,2,CTL,20
4.60734e+06,18,RTS,20
4.60734e+06,6,RTS,20
4.60734e+06,11,RTS,20
4.60745e+06,3,RTS,20
4.60752e+06,20,CTS,14
4.60758e+06,3,QOSDATA_TID6,1066
4.60776e+06,20,ACK,14
4.60781e+06,3,QOSDATA_TID6,1066
4.60799e+06,20,ACK,14
4.60804e+06,3,CTL,20
4.60813e+06,8,RTS,20
4.6082e+06,20,CTS,14
4.60826e+06,8,QOSDATA_TID6,1066
4.60844e+06,20,ACK,14
4.60849e+06,8,CTL,20
4.60857e+06,1,RTS,20
4.60857e+06,16,RTS,20
4.60857e+06,14,RTS,20
4.60867e+06,9,RTS,20
4.60874e+06,20,CTS,14
4.6088e+06,9,QOSDATA_TID6,1066
4.60898e+06,20,ACK,14
4.60903e+06,9,QOSDATA_TID6,1066
4.60921e+06,20,ACK,14
4.60925e+06,9,CTL,20
4.60934e+06,12,RTS,20
4.60941e+06,20,CTS,14
4.60947e+06,12,QOSDATA_TID6,1066
4.60965e+06,20,ACK,14
4.6097e+06,12,CTL,20
4.60978e+06,18,RTS,20
4.60985e+06,20,CTS,14
4.60991e+06,18,QOSDATA_TID6,1066
4.61009e+06,20,ACK,14
4.61014e+06,18,CTL,20
4.61022e+06,16,RTS,20
4.61022e+06,13,RTS,20
4.61032e+06,0,RTS,20
4.61032e+06,9,RTS,20
4.61039e+06,20,CTS,14
4.61045e+06,0,QOSDATA_TID6,1066
4.61064e+06,20,ACK,14
4.61068e+06,0,CTL,20
4.61076e+06,12,RTS,20
4.61076e+06,7,RTS,20
4.61076e+06,16,RTS,20
4.61086e+06,9,RTS,20
4.61093e+06,20,CTS,14
4.61099e+06,9,QOSDATA_TID6,1066
4.61118e+06,20,ACK,14
4.61122e+06,9,CTL,20
4.6113e+06,6,RTS,20
4.6113e+06,14,RTS,20
4.6114e+06,11,RTS,20
4.61147e+06,20,CTS,14
4.61153e+06,11,QOSDATA_TID6,1066
4.61172e+06,20,ACK,14
4.61176e+06,11,QOSDATA_TID6,1066
4.61194e+06,20,ACK,14
4.61199e+06,11,CTL,20
4.61207e+06,4,RTS,20
4.61207e+06,12,RTS,20
4.61207e+06,6,RTS,20
4.61214e+06,20,CTS,14
4.6122e+06,12,QOSDATA_TID6,1066
4.61238e+06,20,ACK,14
4.61243e+06,12,CTL,20
4.61252e+06,5,RTS,20
4.61252e+06,3,RTS,20
4.61258e+06,20,CTS,14
4.61264e+06,5,QOSDATA_TID6,1066
4.61283e+06,20,ACK,14
4.61287e+06,5,CTL,20
4.61296e+06,3,RTS,20
4.61302e+06,20,CTS,14
4.61308e+06,3,QOSDATA_TID6,1066
4.61327e+06,20,ACK,14
4.61331e+06,3,CTL,20
4.6134e+06,19,RTS,20
4.6134e+06,1,RTS,20
4.6134e+06,6,RTS,20
4.6134e+06,16,RTS,20
4.6134e+06,13,RTS,20
4.61351e+06,17,RTS,20
4.61351e+06,2,RTS,20
4.61357e+06,20,CTS,14
4.61363e+06,17,QOSDATA_TID6,1066
4.61382e+06,20,ACK,14
4.61386e+06,17,CTL,20
4.61395e+06,16,RTS,20
4.61395e+06,15,RTS,20
4.61406e+06,10,RTS,20
4.61413e+06,20,CTS,14
4.61419e+06,10,QOSDATA_TID6,1066
4.61438e+06,20,ACK,14
4.61442e+06,10,CTL,20
4.61451e+06,7,RTS,20
4.61451e+06,16,RTS,20
4.61457e+06,20,CTS,14
4.61463e+06,7,QOSDATA_TID6,1066
4.61482e+06,20,ACK,14
4.61486e+06,7,CTL,20
4.61496e+06,19,RTS,20
4.61496e+06,2,RTS,20
4.61496e+06,18,RTS,20
4.61506e+06,13,RTS,20
4.61513e+06,20,CTS,14
4.61519e+06,13,QOSDATA_TID6,1066
4.61538e+06,20,ACK,14
4.61542e+06,13,CTL,20
4.61551e+06,18,RTS,20
4.61557e+06,20,CTS,14
4.61563e+06,18,QOSDATA_TID6,1066
4.61582e+06,20,ACK,14
4.61586e+06,18,CTL,20
4.61596e+06,8,RTS,20
4.61596e+06,1,RTS,20
4.61596e+06,16,RTS,20
4.61606e+06,2,RTS,20
4.61606e+06,6,RTS,20
4.61606e+06,14,RTS,20
4.61618e+06,4,RTS,20
4.61624e+06,20,CTS,14
4.6163e+06,4,QOSDATA_TID6,1066
4.61649e+06,20,ACK,14
4.61653e+06,4,QOSDATA_TID6,1066
4.61672e+06,20,ACK,14
4.61676e+06,4,QOSDATA_TID6,1066
4.61694e+06,20,ACK,14
4.61699e+06,4,QOSDATA_TID6,1066
4.61717e+06,20,ACK,14
4.61722e+06,4,CTL,20
4.6173e+06,1,RTS,20
4.6173e+06,8,RTS,20
4.61741e+06,16,RTS,20
4.61741e+06,2,RTS,20
4.61741e+06,15,RTS,20
4.61751e+06,7,RTS,20
4.61751e+06,0,RTS,20
4.61751e+06,8,RTS,20
4.61762e+06,15,RTS,20
4.61769e+06,20,CTS,14
4.61775e+06,15,QOSDATA_TID6,1066
4.61794e+06,20,ACK,14
4.61798e+06,15,CTL,20
4.61806e+06,16,RTS,20
4.61813e+06,20,CTS,14
4.61819e+06,16,QOSDATA_TID6,1066
4.61838e+06,20,ACK,14
4.61842e+06,16,CTL,20
4.61851e+06,19,RTS,20
4.61858e+06,20,CTS,14
4.61864e+06,19,QOSDATA_TID6,1066
4.61882e+06,20,ACK,14
4.61886e+06,19,CTL,20
4.61895e+06,11,RTS,20
4.61895e+06,13,RTS,20
4.61906e+06,7,RTS,20
4.61906e+06,2,RTS,20
4.61916e+06,1,RTS,20
4.61923e+06,20,CTS,14
4.61929e+06,1,QOSDATA_TID6,1066
4.61948e+06,20,ACK,14
4.61952e+06,1,QOSDATA_TID6,1066
4.6197e+06,20,ACK,14
4.61975e+06,1,QOSDATA_TID6,1066
4.61993e+06,20,ACK,14
4.61998e+06,1,QOSDATA_TID6,1066
4.62016e+06,20,ACK,14
4.6202e+06,1,CTL,20
4.62029e+06,8,RTS,20
4.62029e+06,17,RTS,20
4.62029e+06,19,RTS,20
4.62029e+06,5,RTS,20
4.62029e+06,13,RTS,20
4.62039e+06,3,RTS,20
4.62039e+06,9,RTS,20
4.62048e+06,2,RTS,20
4.62048e+06,19,RTS,20
4.62058e+06,14,RTS,20
4.62065e+06,20,CTS,14
4.62071e+06,14,QOSDATA_TID6,1066
4.6209e+06,20,ACK,14
4.62094e+06,14,QOSDATA_TID6,1066
4.62112e+06,20,ACK,14
4.62117e+06,14,CTL,20
4.62125e+06,10,RTS,20
4.62125e+06,19,RTS,20
4.62132e+06,20,CTS,14
4.62138e+06,19,QOSDATA_TID6,1066
4.62156e+06,20,ACK,14
4.62161e+06,19,CTL,20
4.6217e+06,12,RTS,20
4.6217e+06,13,RTS,20
4.62177e+06,20,CTS,14
4.62183e+06,12,QOSDATA_TID6,1066
4.62202e+06,20,ACK,14
4.62206e+06,12,CTL,20
4.62215e+06,6,RTS,20
4.62221e+06,20,CTS,14
4.62227e+06,6,QOSDATA_TID6,1066
4.62246e+06,20,ACK,14
4.6225e+06,6,QOSDATA_TID6,1066
4.62269e+06,20,ACK,14
4.62273e+06,6,QOSDATA_TID6,1066
4.62291e+06,20,ACK,14
4.62296e+06,6,CTL,20
4.62304e+06,0,RTS,20
4.62311e+06,20,CTS,14
4.62317e+06,0,QOSDATA_TID6,1066
4.62336e+06,20,ACK,14
4.6234e+06,0,CTL,20
4.62349e+06,15,RTS,20
4.62349e+06,17,RTS,20
4.62349e+06,9,RTS,20
4.62355e+06,20,CTS,14
4.62361e+06,17,QOSDATA_TID6,1066
4.6238e+06,20,ACK,14
4.62384e+06,17,CTL,20
4.62392e+06,20,BEACON,152
4.62418e+06,15,RTS,20
4.62425e+06,20,CTS,14
4.62431e+06,15,QOSDATA_TID6,1066
4.62449e+06,20,ACK,14
4.62454e+06,15,CTL,20
4.62462e+06,8,RTS,20
4.62462e+06,18,RTS,20
4.62462e+06,4,RTS,20
4.62462e+06,9,RTS,20
4.62469e+06,20,CTS,14
4.62475e+06,8,QOSDATA_TID6,1066
4.62494e+06,20,ACK,14
4.62498e+06,8,QOSDATA_TID6,1066
4.62516e+06,20,ACK,14
4.62521e+06,8,CTL,20
4.62529e+06,2,RTS,20
4.62536e+06,20,CTS,14
4.62542e+06,2,QOSDATA_TID6,1066
4.6256e+06,20,ACK,14
4.62565e+06,2,QOSDATA_TID6,1066
4.62583e+06,20,ACK,14
4.62588e+06,2,CTL,20
4.62596e+06,3,RTS,20
4.62596e+06,18,RTS,20
4.62596e+06,14,RTS,20
4.62596e+06,13,RTS,20
4.62606e+06,5,RTS,20
4.62606e+06,0,RTS,20
4.62613e+06,20,CTS,14
4.62619e+06,5,QOSDATA_TID6,1066
4.62637e+06,20,ACK,14
4.62642e+06,5,CTL,20
4.6265e+06,3,RTS,20
4.62657e+06,20,CTS,14
4.62663e+06,3,QOSDATA_TID6,1066
4.62682e+06,20,ACK,14
4.62686e+06,3,QOSDATA_TID6,1066
4.62704e+06,20,ACK,14
4.62709e+06,3,CTL,20
4.62717e+06,1,RTS,20
4.62717e+06,12,RTS,20
4.62717e+06,7,RTS,20
4.62717e+06,13,RTS,20
4.62727e+06,11,RTS,20
4.62727e+06,16,RTS,20
4.62737e+06,1,RTS,20
4.62737e+06,17,RTS,20
4.62737e+06,18,RTS,20
4.62737e+06,10,RTS,20
4.62747e+06,16,RTS,20
4.62747e+06,4,RTS,20
4.62757e+06,14,RTS,20
4.62763e+06,20,CTS,14
4.62769e+06,14,QOSDATA_TID6,1066
4.62788e+06,20,ACK,14
4.62792e+06,14,CTL,20
4.62801e+06,6,RTS,20
4.62801e+06,17,RTS,20
4.62801e+06,10,RTS,20
4.62808e+06,20,CTS,14
4.62814e+06,17,QOSDATA_TID6,1066
4.62832e+06,20,ACK,14
4.62836e+06,17,CTL,20
4.62846e+06,1,RTS,20
4.62846e+06,19,RTS,20
4.62846e+06,9,RTS,20
4.62856e+06,6,RTS,20
4.62862e+06,20,CTS,14
4.62868e+06,6,QOSDATA_TID6,1066
4.62887e+06,20,ACK,14
4.62891e+06,6,CTL,20
4.629e+06,15,RTS,20
4.629e+06,5,RTS,20
4.629e+06,4,RTS,20
4.62907e+06,20,CTS,14
4.62913e+06,5,QOSDATA_TID6,1066
4.62931e+06,20,ACK,14
4.62936e+06,5,CTL,20
4.62946e+06,7,RTS,20
4.62946e+06,0,RTS,20
4.62946e+06,9,RTS,20
4.62946e+06,13,RTS,20
4.62956e+06,4,RTS,20
4.62956e+06,10,RTS,20
4.62968e+06,19,RTS,20
4.62975e+06,20,CTS,14
4.62981e+06,19,QOSDATA_TID6,1066
4.62999e+06,20,ACK,14
4.63004e+06,19,CTL,20
4.63013e+06,9,RTS,20
4.6302e+06,20,CTS,14
4.63026e+06,9,QOSDATA_TID6,1066
4.63044e+06,20,ACK,14
4.63049e+06,9,QOSDATA_TID6,1066
4.63067e+06,20,ACK,14
4.63072e+06,9,CTL,20
4.6308e+06,8,RTS,20
4.63087e+06,20,CTS,14
4.63093e+06,8,QOSDATA_TID6,1066
4.63112e+06,20,ACK,14
4.63116e+06,8,CTL,20
4.63124e+06,1,RTS,20
4.63124e+06,16,RTS,20
4.63124e+06,2,RTS,20
4.63124e+06,15,RTS,20
4.63124e+06,14,RTS,20
4.63134e+06,12,RTS,20
4.63134e+06,7,RTS,20
4.63141e+06,20,CTS,14
4.63147e+06,12,QOSDATA_TID6,1066
4.63166e+06,20,ACK,14
4.6317e+06,12,CTL,20
4.63178e+06,7,RTS,20
4.63185e+06,20,CTS,14
4.63191e+06,7,QOSDATA_TID6,1066
4.6321e+06,20,ACK,14
4.63214e+06,7,QOSDATA_TID6,1066
4.63232e+06,20,ACK,14
4.63237e+06,7,CTL,20
4.63246e+06,11,RTS,20
4.63246e+06,15,RTS,20
4.63246e+06,0,CTS,14
4.63246e+06,18,RTS,20
4.63246e+06,10,RTS,20
4.63259e+06,10,RTS,20
4.63265e+06,20,CTS,14
4.63271e+06,10,QOSDATA_TID6,1066
4.6329e+06,20,ACK,14
4.63294e+06,10,QOSDATA_TID6,1066
4.63313e+06,20,ACK,14
4.63317e+06,10,CTL,20
4.63326e+06,11,RTS,20
4.63332e+06,20,CTS,14
4.63338e+06,11,QOSDATA_TID6,1066
4.63357e+06,20,ACK,14
4.63361e+06,11,QOSDATA_TID6,1066
4.6338e+06,20,ACK,14
4.63384e+06,11,CTL,20
4.63393e+06,4,RTS,20
4.63393e+06,1,RTS,20
4.63393e+06,2,RTS,20
4.63393e+06,9,RTS,20
4.63393e+06,15,RTS,20
4.63403e+06,7,RTS,20
4.63403e+06,13,RTS,20
4.6341e+06,20,CTS,14
4.63416e+06,7,QOSDATA_TID6,1066
4.63435e+06,20,ACK,14
4.63439e+06,7,CTL,20
4.63448e+06,1,RTS,20
4.63454e+06,20,CTS,14
4.6346e+06,1,QOSDATA_TID6,1066
4.63479e+06,20,ACK,14
4.63483e+06,1,CTL,20
4.63492e+06,11,RTS,20
4.63492e+06,18,RTS,20
4.63504e+06,15,RTS,20
4.63511e+06,20,CTS,14
4.63517e+06,15,QOSDATA_TID6,1066
4.63536e+06,20,ACK,14
4.6354e+06,15,CTL,20
4.6355e+06,14,RTS,20
4.6355e+06,6,RTS,20
4.6355e+06,12,RTS,20
4.6355e+06,17,RTS,20
4.6355e+06,18,RTS,20
4.6355e+06,19,RTS,20
4.6355e+06,11,RTS,20
4.6355e+06,16,RTS,20
4.6355e+06,3,RTS,20
4.6356e+06,1,RTS,20
4.63567e+06,20,CTS,14
4.63573e+06,1,QOSDATA_TID6,1066
4.63591e+06,20,ACK,14
4.63596e+06,1,CTL,20
4.63604e+06,17,RTS,20
4.63604e+06,6,RTS,20
4.63611e+06,20,CTS,14
4.63617e+06,17,QOSDATA_TID6,1066
4.63636e+06,20,ACK,14
4.6364e+06,17,CTL,20
4.63649e+06,16,RTS,20
4.63656e+06,20,CTS,14
4.63662e+06,16,QOSDATA_TID6,1066
4.63681e+06,20,ACK,14
4.63685e+06,16,QOSDATA_TID6,1066
4.63703e+06,20,ACK,14
4.63708e+06,16,CTL,20
4.63716e+06,5,RTS,20
4.63716e+06,3,RTS,20
4.63716e+06,9,RTS,20
4.63723e+06,20,CTS,14
4.63729e+06,5,QOSDATA_TID6,1066
4.63748e+06,20,ACK,14
4.63752e+06,5,CTL,20
4.63761e+06,4,RTS,20
4.63767e+06,20,CTS,14
4.63773e+06,4,QOSDATA_TID6,1066
4.63792e+06,20,ACK,14
4.63796e+06,4,QOSDATA_TID6,1066
4.63815e+06,20,ACK,14
4.63819e+06,4,QOSDATA_TID6,1066
4.63837e+06,20,ACK,14
4.63842e+06,4,CTL,20
4.6385e+06,12,RTS,20
4.6385e+06,19,RTS,20
4.6385e+06,13,RTS,20
4.6385e+06,6,RTS,20
4.6385e+06,14,RTS,20
4.6385e+06,10,RTS,20
4.63861e+06,2,RTS,20
4.63861e+06,15,RTS,20
4.63871e+06,12,RTS,20
4.63878e+06,20,CTS,14
4.63884e+06,12,QOSDATA_TID6,1066
4.63902e+06,20,ACK,14
4.63906e+06,12,CTL,20
4.63915e+06,8,RTS,20
4.63915e+06,11,RTS,20
4.63915e+06,13,RTS,20
4.63915e+06,14,RTS,20
4.63925e+06,2,RTS,20
4.63925e+06,10,RTS,20
4.63932e+06,20,CTS,14
4.63938e+06,2,QOSDATA_TID6,1066
4.63956e+06,20,ACK,14
4.6396e+06,2,QOSDATA_TID6,1066
4.63979e+06,20,ACK,14
4.63983e+06,2,CTL,20
4.63992e+06,10,RTS,20
4.63999e+06,20,CTS,14
4.64005e+06,10,QOSDATA_TID6,1066
4.64023e+06,20,ACK,14
4.64028e+06,10,CTL,20
4.64036e+06,9,RTS,20
4.64043e+06,20,CTS,14
4.64049e+06,9,QOSDATA_TID6,1066
4.64067e+06,20,ACK,14
4.64072e+06,9,CTL,20
4.6408e+06,18,RTS,20
4.6408e+06,11,RTS,20
4.6408e+06,14,RTS,20
4.6408e+06,15,RTS,20
4.64093e+06,6,RTS,20
4.641e+06,20,CTS,14
4.64106e+06,6,QOSDATA_TID6,1066
4.64124e+06,20,ACK,14
4.64128e+06,6,CTL,20
4.64137e+06,0,RTS,20
4.64144e+06,20,CTS,14
4.6415e+06,0,QOSDATA_TID6,1066
4.64168e+06,20,ACK,14
4.64173e+06,0,QOSDATA_TID6,1066
4.64191e+06,20,ACK,14
4.64196e+06,0,QOSDATA_TID6,1066
4.64214e+06,20,ACK,14
4.64218e+06,0,CTL,20
4.64227e+06,15,RTS,20
4.64227e+06,13,RTS,20
4.64227e+06,11,RTS,20
4.64237e+06,18,RTS,20
4.64244e+06,20,CTS,14
4.6425e+06,18,QOSDATA_TID6,1066
4.64268e+06,20,ACK,14
4.64272e+06,18,QOSDATA_TID6,1066
4.64291e+06,20,ACK,14
4.64295e+06,18,CTL,20
4.64304e+06,3,RTS,20
4.64304e+06,7,RTS,20
4.64304e+06,13,RTS,20
4.6431e+06,20,CTS,14
4.64316e+06,7,QOSDATA_TID6,1066
4.64335e+06,20,ACK,14
4.64339e+06,7,CTL,20
4.64349e+06,12,RTS,20
4.64349e+06,1,RTS,20
4.64349e+06,11,RTS,20
4.64349e+06,6,RTS,20
4.64349e+06,9,RTS,20
4.6436e+06,13,RTS,20
4.64366e+06,20,CTS,14
4.64372e+06,13,QOSDATA_TID6,1066
4.64391e+06,20,ACK,14
4.64395e+06,13,QOSDATA_TID6,1066
4.64414e+06,20,ACK,14
4.64418e+06,13,QOSDATA_TID6,1066
4.64436e+06,20,ACK,14
4.64441e+06,13,CTL,20
4.64449e+06,5,RTS,20
4.64449e+06,17,RTS,20
4.64456e+06,20,CTS,14
4.64462e+06,5,QOSDATA_TID6,1066
4.6448e+06,20,ACK,14
4.64485e+06,5,CTL,20
4.64494e+06,2,RTS,20
4.64494e+06,10,RTS,20
4.64494e+06,15,RTS,20
4.64504e+06,11,RTS,20
4.64504e+06,16,RTS,20
4.64514e+06,12,RTS,20
4.64521e+06,20,CTS,14
4.64527e+06,12,QOSDATA_TID6,1066
4.64545e+06,20,ACK,14
4.6455e+06,12,CTL,20
4.64558e+06,8,RTS,20
4.64558e+06,17,RTS,20
4.64558e+06,19,RTS,20
4.64558e+06,6,RTS,20
4.64558e+06,14,RTS,20
4.64569e+06,1,RTS,20
4.64569e+06,9,RTS,20
4.64576e+06,20,CTS,14
4.64582e+06,1,QOSDATA_TID6,1066
4.646e+06,20,ACK,14
4.64604e+06,1,CTL,20
4.64613e+06,6,RTS,20
4.6462e+06,20,CTS,14
4.64626e+06,6,QOSDATA_TID6,1066
4.64644e+06,20,ACK,14
4.64649e+06,6,CTL,20
4.64657e+06,15,RTS,20
4.64664e+06,20,CTS,14
4.6467e+06,15,QOSDATA_TID6,1066
4.64688e+06,20,ACK,14
4.64693e+06,15,QOSDATA_TID6,1066
4.64711e+06,20,ACK,14
4.64716e+06,15,CTL,20
4.64724e+06,17,RTS,20
4.64724e+06,8,RTS,20
4.64724e+06,19,RTS,20
4.64724e+06,4,RTS,20
4.64724e+06,9,RTS,20
4.64735e+06,2,RTS,20
4.64735e+06,18,RTS,20
4.64735e+06,10,RTS,20
4.64745e+06,11,RTS,20
4.64752e+06,20,CTS,14
4.64758e+06,11,QOSDATA_TID6,1066
4.64776e+06,20,ACK,14
4.6478e+06,11,CTL,20
4.64789e+06,16,RTS,20
4.64789e+06,4,RTS,20
4.64799e+06,3,RTS,20
4.64799e+06,14,RTS,20
4.64809e+06,16,RTS,20
4.64809e+06,4,RTS,20
4.6482e+06,9,RTS,20
4.64826e+06,20,CTS,14
4.64832e+06,9,QOSDATA_TID6,1066
4.64851e+06,20,ACK,14
4.64855e+06,9,CTL,20
4.64865e+06,3,RTS,20
4.64865e+06,16,RTS,20
4.64876e+06,14,RTS,20
4.64883e+06,20,CTS,14
4.64889e+06,14,QOSDATA_TID6,1066
4.64908e+06,20,ACK,14
4.64912e+06,14,QOSDATA_TID6,1066
4.6493e+06,20,ACK,14
4.64935e+06,14,CTL,20
4.64944e+06,19,RTS,20
4.6495e+06,20,CTS,14
4.64956e+06,19,QOSDATA_TID6,1066
4.64975e+06,20,ACK,14
4.64979e+06,19,QOSDATA_TID6,1066
4.64998e+06,20,ACK,14
4.65002e+06,19,CTL,20
4.6501e+06,0,RTS,20
4.65017e+06,20,CTS,14
4.65023e+06,0,QOSDATA_TID6,1066
4.65042e+06,20,ACK,14
4.65046e+06,0,CTL,20
4.65055e+06,8,RTS,20
4.65055e+06,16,RTS,20
4.65062e+06,20,CTS,14
4.65068e+06,8,QOSDATA_TID6,1066
4.65086e+06,20,ACK,14
4.6509e+06,8,QOSDATA_TID6,1066
4.65109e+06,20,ACK,14
4.65113e+06,8,CTL,20
4.65122e+06,1,RTS,20
4.65122e+06,11,RTS,20
4.65122e+06,7,RTS,20
4.65132e+06,2,RTS,20
4.65132e+06,9,RTS,20
4.65138e+06,20,CTS,14
4.65144e+06,2,QOSDATA_TID6,1066
4.65163e+06,20,ACK,14
4.65167e+06,2,CTL,20
4.65176e+06,10,RTS,20
4.65182e+06,20,CTS,14
4.65188e+06,10,QOSDATA_TID6,1066
4.65207e+06,20,ACK,14
4.65211e+06,10,CTL,20
4.6522e+06,18,RTS,20
4.6522e+06,6,RTS,20
4.6523e+06,5,RTS,20
4.6523e+06,19,RTS,20
4.65236e+06,20,CTS,14
4.65242e+06,5,QOSDATA_TID6,1066
4.65261e+06,20,ACK,14
4.65265e+06,5,CTL,20
4.65274e+06,17,RTS,20
4.65274e+06,6,RTS,20
4.65274e+06,13,RTS,20
4.65281e+06,20,CTS,14
4.65287e+06,17,QOSDATA_TID6,1066
4.65305e+06,20,ACK,14
4.6531e+06,17,QOSDATA_TID6,1066
4.65328e+06,20,ACK,14
4.65332e+06,17,CTL,20
4.65341e+06,2,RTS,20
4.65341e+06,4,RTS,20
4.65348e+06,20,CTS,14
4.65354e+06,2,QOSDATA_TID6,1066
4.65372e+06,20,ACK,14
4.65376e+06,2,CTL,20
4.65385e+06,15,RTS,20
4.65392e+06,20,CTS,14
4.65398e+06,15,QOSDATA_TID6,1066
4.65416e+06,20,ACK,14
4.65421e+06,15,CTL,20
4.65429e+06,13,RTS,20
4.65429e+06,7,RTS,20
4.65429e+06,12,RTS,20
4.65429e+06,1,RTS,20
4.65429e+06,19,RTS,20
4.65429e+06,11,RTS,20
4.6544e+06,3,RTS,20
4.6544e+06,9,RTS,20
4.6544e+06,18,RTS,20
4.6545e+06,19,RTS,20
4.65457e+06,20,CTS,14
4.65463e+06,19,QOSDATA_TID6,1066
4.65481e+06,20,ACK,14
4.65485e+06,19,CTL,20
4.65494e+06,3,RTS,20
4.65501e+06,20,CTS,14
4.65507e+06,3,QOSDATA_TID6,1066
4.65525e+06,20,ACK,14
4.6553e+06,3,QOSDATA_TID6,1066
4.65548e+06,20,ACK,14
4.65552e+06,3,QOSDATA_TID6,1066
4.65571e+06,20,ACK,14
4.65575e+06,3,CTL,20
4.65584e+06,1,RTS,20
4.65591e+06,20,CTS,14
4.65597e+06,1,QOSDATA_TID6,1066
4.65615e+06,20,ACK,14
4.65619e+06,1,CTL,20
4.65628e+06,8,RTS,20
4.65628e+06,12,RTS,20
4.65628e+06,4,RTS,20
4.65628e+06,10,RTS,20
4.65638e+06,13,RTS,20
4.65645e+06,20,CTS,14
4.65651e+06,13,QOSDATA_TID6,1066
4.65669e+06,20,ACK,14
4.65674e+06,13,CTL,20
4.65683e+06,14,RTS,20
4.65683e+06,4,RTS,20
4.65683e+06,11,RTS,20
4.65683e+06,16,RTS,20
4.65683e+06,6,RTS,20
4.65695e+06,7,RTS,20
4.65701e+06,20,CTS,14
4.65707e+06,7,QOSDATA_TID6,1066
4.65726e+06,20,ACK,14
4.6573e+06,7,CTL,20
4.65739e+06,11,RTS,20
4.65739e+06,9,RTS,20
4.65739e+06,10,RTS,20
4.6575e+06,14,RTS,20
4.65756e+06,20,CTS,14
4.65762e+06,14,QOSDATA_TID6,1066
4.65781e+06,20,ACK,14
4.65785e+06,14,CTL,20
4.65794e+06,6,RTS,20
4.65794e+06,0,RTS,20
4.65804e+06,12,RTS,20
4.65804e+06,8,RTS,20
4.65804e+06,7,RTS,20
4.65815e+06,13,RTS,20
4.65815e+06,0,RTS,20
4.65815e+06,6,RTS,20
4.65815e+06,18,RTS,20
4.65825e+06,8,RTS,20
4.65832e+06,20,CTS,14
4.65838e+06,8,QOSDATA_TID6,1066
4.65856e+06,20,ACK,14
4.6586e+06,8,CTL,20
4.6587e+06,4,RTS,20
4.6587e+06,3,RTS,20
4.6587e+06,18,RTS,20
4.6587e+06,6,RTS,20
4.6588e+06,12,RTS,20
4.6588e+06,13,RTS,20
4.65887e+06,20,CTS,14
4.65893e+06,12,QOSDATA_TID6,1066
4.65911e+06,20,ACK,14
4.65915e+06,12,QOSDATA_TID6,1066
4.65934e+06,20,ACK,14
4.65938e+06,12,CTL,20
4.65947e+06,17,RTS,20
4.65947e+06,13,RTS,20
4.65954e+06,20,CTS,14
4.6596e+06,17,QOSDATA_TID6,1066
4.65978e+06,20,ACK,14
4.65982e+06,17,CTL,20
4.65993e+06,19,RTS,20
4.65993e+06,11,RTS,20
4.65993e+06,3,RTS,20
4.65993e+06,9,RTS,20
4.65993e+06,10,RTS,20
4.66005e+06,7,RTS,20
4.66012e+06,20,CTS,14
4.66018e+06,7,QOSDATA_TID6,1066
4.66036e+06,20,ACK,14
4.66041e+06,7,CTL,20
4.6605e+06,13,RTS,20
4.6605e+06,5,RTS,20
4.6605e+06,6,RTS,20
4.66056e+06,20,CTS,14
4.66062e+06,5,QOSDATA_TID6,1066
4.66081e+06,20,ACK,14
4.66085e+06,5,CTL,20
4.66094e+06,2,RTS,20
4.661e+06,20,CTS,14
4.66106e+06,2,QOSDATA_TID6,1066
4.66125e+06,20,ACK,14
4.66129e+06,2,CTL,20
4.66138e+06,15,RTS,20
4.66145e+06,20,CTS,14
4.66151e+06,15,QOSDATA_TID6,1066
4.66169e+06,20,ACK,14
4.66174e+06,15,CTL,20
4.66182e+06,13,RTS,20
4.66182e+06,0,CTS,14
4.66182e+06,11,RTS,20
4.66182e+06,10,RTS,20
4.66182e+06,9,RTS,20
4.66195e+06,0,RTS,20
4.66202e+06,20,CTS,14
4.66208e+06,0,QOSDATA_TID6,1066
4.66226e+06,20,ACK,14
4.66231e+06,0,CTL,20
4.6624e+06,1,RTS,20
4.6624e+06,16,RTS,20
4.6624e+06,4,RTS,20
4.66247e+06,20,CTS,14
4.66253e+06,1,QOSDATA_TID6,1066
4.66272e+06,20,ACK,14
4.66276e+06,1,CTL,20
4.66284e+06,18,RTS,20
4.66284e+06,10,RTS,20
4.66294e+06,4,RTS,20
4.66301e+06,20,CTS,14
4.66307e+06,4,QOSDATA_TID6,1066
4.66326e+06,20,ACK,14
4.6633e+06,4,QOSDATA_TID6,1066
4.66348e+06,20,ACK,14
4.66353e+06,4,CTL,20
4.66361e+06,8,RTS,20
4.66361e+06,19,RTS,20
4.66361e+06,3,RTS,20
4.66361e+06,9,RTS,20
4.66372e+06,6,RTS,20
4.66372e+06,16,RTS,20
4.66382e+06,13,RTS,20
4.66382e+06,9,RTS,20
4.66392e+06,6,RTS,20
4.66392e+06,16,RTS,20
4.66393e+06,8,RTS,20
4.664e+06,20,CTS,14
4.66406e+06,8,QOSDATA_TID6,1066
4.66424e+06,20,ACK,14
4.66428e+06,8,CTL,20
4.66438e+06,6,RTS,20
4.66445e+06,20,CTS,14
4.66451e+06,6,QOSDATA_TID6,1066
4.66469e+06,20,ACK,14
4.66474e+06,6,CTL,20
4.66482e+06,14,RTS,20
4.66482e+06,10,RTS,20
4.66482e+06,11,RTS,20
4.66493e+06,13,RTS,20
4.665e+06,20,CTS,14
4.66506e+06,13,QOSDATA_TID6,1066
4.66524e+06,20,ACK,14
4.66529e+06,13,CTL,20
4.66537e+06,0,RTS,20
4.66544e+06,20,CTS,14
4.6655e+06,0,QOSDATA_TID6,1066
4.66568e+06,20,ACK,14
4.66573e+06,0,CTL,20
4.66581e+06,14,RTS,20
4.66581e+06,16,RTS,20
4.66591e+06,13,RTS,20
4.66598e+06,20,CTS,14
4.66604e+06,13,QOSDATA_TID6,1066
4.66622e+06,20,ACK,14
4.66627e+06,13,CTL,20
4.66635e+06,9,RTS,20
4.66642e+06,20,CTS,14
4.66648e+06,9,QOSDATA_TID6,1066
4.66667e+06,20,ACK,14
4.66671e+06,9,QOSDATA_TID6,1066
4.66689e+06,20,ACK,14
4.66694e+06,9,CTL,20
4.66702e+06,7,RTS,20
4.66709e+06,20,CTS,14
4.66715e+06,7,QOSDATA_TID6,1066
4.66734e+06,20,ACK,14
4.66738e+06,7,CTL,20
4.66747e+06,11,RTS,20
4.66747e+06,18,RTS,20
4.66747e+06,3,RTS,20
4.66747e+06,10,RTS,20
4.66757e+06,19,RTS,20
4.66764e+06,20,CTS,14
4.6677e+06,19,QOSDATA_TID6,1066
4.66788e+06,20,ACK,14
4.66793e+06,19,QOSDATA_TID6,1066
4.66811e+06,20,ACK,14
4.66816e+06,19,CTL,20
4.66825e+06,1,RTS,20
4.66825e+06,12,RTS,20
4.66825e+06,3,RTS,20
4.66832e+06,20,CTS,14
4.66838e+06,12,QOSDATA_TID6,1066
4.66856e+06,20,ACK,14
4.66861e+06,12,CTL,20
4.66869e+06,17,RTS,20
4.66869e+06,1,RTS,20
4.66869e+06,11,RTS,20
4.66869e+06,15,RTS,20
4.66879e+06,2,RTS,20
4.66879e+06,3,RTS,20
4.66886e+06,20,CTS,14
4.66892e+06,2,QOSDATA_TID6,1066
4.6691e+06,20,ACK,14
4.66915e+06,2,CTL,20
4.66923e+06,4,RTS,20
4.6693e+06,20,CTS,14
4.66936e+06,4,QOSDATA_TID6,1066
4.66955e+06,20,ACK,14
4.66959e+06,4,CTL,20
4.66968e+06,16,RTS,20
4.66968e+06,5,RTS,20
4.66968e+06,18,RTS,20
4.66974e+06,20,CTS,14
4.6698e+06,5,QOSDATA_TID6,1066
4.66999e+06,20,ACK,14
4.67003e+06,5,CTL,20
4.67013e+06,17,RTS,20
4.67013e+06,11,RTS,20
4.67013e+06,16,RTS,20
4.67013e+06,18,RTS,20
4.6702e+06,20,CTS,14
4.67026e+06,17,QOSDATA_TID6,1066
4.67044e+06,20,ACK,14
4.67048e+06,17,CTL,20
4.67059e+06,11,RTS,20
4.67059e+06,6,RTS,20
4.67059e+06,10,RTS,20
4.67059e+06,14,RTS,20
4.67073e+06,11,RTS,20
4.6708e+06,20,CTS,14
4.67086e+06,11,QOSDATA_TID6,1066
4.67104e+06,20,ACK,14
4.67108e+06,11,QOSDATA_TID6,1066
4.67127e+06,20,ACK,14
4.67131e+06,11,CTL,20
4.6714e+06,14,RTS,20
4.67146e+06,20,CTS,14
4.67152e+06,14,QOSDATA_TID6,1066
4.67171e+06,20,ACK,14
4.67175e+06,14,QOSDATA_TID6,1066
4.67194e+06,20,ACK,14
4.67198e+06,14,CTL,20
4.67207e+06,8,RTS,20
4.67207e+06,10,RTS,20
4.67214e+06,20,CTS,14
4.6722e+06,8,QOSDATA_TID6,1066
4.67238e+06,20,ACK,14
4.67242e+06,8,CTL,20
4.67253e+06,16,RTS,20
4.67253e+06,15,RTS,20
4.67253e+06,10,RTS,20
4.67263e+06,6,RTS,20
4.67269e+06,20,CTS,14
4.67275e+06,6,QOSDATA_TID6,1066
4.67294e+06,20,ACK,14
4.67298e+06,6,CTL,20
4.67309e+06,0,RTS,20
4.67315e+06,20,CTS,14
4.67321e+06,0,QOSDATA_TID6,1066
4.6734e+06,20,ACK,14
4.67344e+06,0,CTL,20
4.67353e+06,3,RTS,20
4.67353e+06,7,RTS,20
4.67353e+06,1,RTS,20
4.67364e+06,18,RTS,20
4.67371e+06,20,CTS,14
4.67377e+06,18,QOSDATA_TID6,1066
4.67396e+06,20,ACK,14
4.674e+06,18,QOSDATA_TID6,1066
4.67418e+06,20,ACK,14
4.67423e+06,18,QOSDATA_TID6,1066
4.67441e+06,20,ACK,14
4.67446e+06,18,CTL,20
4.67454e+06,12,RTS,20
4.67454e+06,16,RTS,20
4.67454e+06,13,RTS,20
4.67461e+06,20,CTS,14
4.67467e+06,12,QOSDATA_TID6,1066
4.67485e+06,20,ACK,14
4.6749e+06,12,CTL,20
4.67498e+06,19,RTS,20
4.67505e+06,20,CTS,14
4.67511e+06,19,QOSDATA_TID6,1066
4.6753e+06,20,ACK,14
4.67534e+06,19,CTL,20
4.67543e+06,1,RTS,20
4.67543e+06,10,RTS,20
4.67549e+06,20,CTS,14
4.67555e+06,1,QOSDATA_TID6,1066
4.67574e+06,20,ACK,14
4.67578e+06,1,QOSDATA_TID6,1066
4.67597e+06,20,ACK,14
4.67601e+06,1,CTL,20
4.6761e+06,11,RTS,20
4.6761e+06,3,RTS,20
4.6761e+06,9,RTS,20
4.6761e+06,13,RTS,20
4.6761e+06,15,RTS,20
4.6762e+06,17,RTS,20
4.67627e+06,20,CTS,14
4.67633e+06,17,QOSDATA_TID6,1066
4.67652e+06,20,ACK,14
4.67656e+06,17,CTL,20
4.67664e+06,15,RTS,20
4.67664e+06,6,RTS,20
4.67674e+06,3,RTS,20
4.67681e+06,20,CTS,14
4.67687e+06,3,QOSDATA_TID6,1066
4.67706e+06,20,ACK,14
4.6771e+06,3,QOSDATA_TID6,1066
4.67728e+06,20,ACK,14
4.67733e+06,3,CTL,20
4.67741e+06,6,RTS,20
4.67748e+06,20,CTS,14
4.67754e+06,6,QOSDATA_TID6,1066
4.67772e+06,20,ACK,14
4.67777e+06,6,CTL,20
4.67786e+06,2,RTS,20
4.67786e+06,16,RTS,20
4.67786e+06,4,RTS,20
4.67795e+06,5,RTS,20
4.67802e+06,20,CTS,14
4.67808e+06,5,QOSDATA_TID6,1066
4.67826e+06,20,ACK,14
4.67831e+06,5,CTL,20
4.6784e+06,2,RTS,20
4.6784e+06,16,RTS,20
4.6784e+06,18,RTS,20
4.6785e+06,13,RTS,20
4.67857e+06,20,CTS,14
4.67863e+06,13,QOSDATA_TID6,1066
4.67881e+06,20,ACK,14
4.67886e+06,13,CTL,20
4.67894e+06,18,RTS,20
4.67901e+06,20,CTS,14
4.67907e+06,18,QOSDATA_TID6,1066
4.67926e+06,20,ACK,14
4.6793e+06,18,CTL,20
4.67939e+06,16,RTS,20
4.67945e+06,20,CTS,14
4.67951e+06,16,QOSDATA_TID6,1066
4.6797e+06,20,ACK,14
4.67974e+06,16,QOSDATA_TID6,1066
4.67993e+06,20,ACK,14
4.67997e+06,16,QOSDATA_TID6,1066
4.68015e+06,20,ACK,14
4.6802e+06,16,CTL,20
4.68028e+06,11,RTS,20
4.68028e+06,8,RTS,20
4.68028e+06,15,RTS,20
4.68035e+06,20,CTS,14
4.68041e+06,8,QOSDATA_TID6,1066
4.6806e+06,20,ACK,14
4.68064e+06,8,CTL,20
4.68073e+06,11,RTS,20
4.6808e+06,20,CTS,14
4.68086e+06,11,QOSDATA_TID6,1066
4.68104e+06,20,ACK,14
4.68108e+06,11,CTL,20
4.68117e+06,7,RTS,20
4.68117e+06,15,RTS,20
4.68117e+06,10,RTS,20
4.68117e+06,14,RTS,20
4.68128e+06,0,RTS,20
4.68134e+06,20,CTS,14
4.6814e+06,0,QOSDATA_TID6,1066
4.68159e+06,20,ACK,14
4.68163e+06,0,CTL,20
4.68173e+06,9,RTS,20
4.68173e+06,16,RTS,20
4.68173e+06,4,RTS,20
4.68184e+06,13,RTS,20
4.68184e+06,14,RTS,20
4.68196e+06,2,RTS,20
4.68203e+06,20,CTS,14
4.68209e+06,2,QOSDATA_TID6,1066
4.68227e+06,20,ACK,14
4.68232e+06,2,CTL,20
4.6824e+06,12,RTS,20
4.68247e+06,20,CTS,14
4.68253e+06,12,QOSDATA_TID6,1066
4.68271e+06,20,ACK,14
4.68276e+06,12,CTL,20
4.68285e+06,11,RTS,20
4.68285e+06,16,RTS,20
4.68295e+06,7,RTS,20
4.68295e+06,3,RTS,20
4.68295e+06,15,RTS,20
4.68295e+06,9,RTS,20
4.68295e+06,14,RTS,20
4.68305e+06,19,RTS,20
4.68312e+06,20,CTS,14
4.68318e+06,19,QOSDATA_TID6,1066
4.68336e+06,20,ACK,14
4.6834e+06,19,CTL,20
4.68349e+06,6,RTS,20
4.68349e+06,15,RTS,20
4.68359e+06,11,RTS,20
4.68359e+06,16,RTS,20
4.68369e+06,15,RTS,20
4.68375e+06,20,CTS,14
4.68381e+06,15,QOSDATA_TID6,1066
4.684e+06,20,ACK,14
4.68404e+06,15,CTL,20
4.68413e+06,14,RTS,20
4.68413e+06,13,RTS,20
4.68413e+06,7,RTS,20
4.68413e+06,17,RTS,20
4.68423e+06,4,RTS,20
4.68429e+06,20,CTS,14
4.68435e+06,4,QOSDATA_TID6,1066
4.68454e+06,20,ACK,14
4.68458e+06,4,CTL,20
4.68468e+06,1,RTS,20
4.68468e+06,15,RTS,20
4.68468e+06,3,RTS,20
4.68468e+06,10,RTS,20
4.68478e+06,7,RTS,20
4.68484e+06,20,CTS,14
4.6849e+06,7,QOSDATA_TID6,1066
4.68509e+06,20,ACK,14
4.68513e+06,7,QOSDATA_TID6,1066
4.68532e+06,20,ACK,14
4.68536e+06,7,CTL,20
4.68544e+06,4,RTS,20
4.68551e+06,20,CTS,14
4.68557e+06,4,QOSDATA_TID6,1066
4.68576e+06,20,ACK,14
4.6858e+06,4,CTL,20
4.68589e+06,2,RTS,20
4.68589e+06,10,RTS,20
4.68596e+06,20,CTS,14
4.68602e+06,2,QOSDATA_TID6,1066
4.6862e+06,20,ACK,14
4.68624e+06,2,CTL,20
4.68633e+06,13,RTS,20
4.6864e+06,20,CTS,14
4.68646e+06,13,QOSDATA_TID6,1066
4.68664e+06,20,ACK,14
4.68668e+06,13,CTL,20
4.68678e+06,5,RTS,20
4.68678e+06,17,RTS,20
4.68678e+06,1,RTS,20
4.68678e+06,6,RTS,20
4.68678e+06,18,RTS,20
4.68678e+06,10,RTS,20
4.68678e+06,9,RTS,20
4.68688e+06,11,RTS,20
4.68688e+06,14,RTS,20
4.687e+06,3,RTS,20
4.68707e+06,20,CTS,14
4.68713e+06,3,QOSDATA_TID6,1066
4.68731e+06,20,ACK,14
4.68736e+06,3,CTL,20
4.68744e+06,11,RTS,20
4.68751e+06,20,CTS,14
4.68757e+06,11,QOSDATA_TID6,1066
4.68775e+06,20,ACK,14
4.6878e+06,11,CTL,20
4.68788e+06,17,RTS,20
4.68788e+06,15,RTS,20
4.68788e+06,6,RTS,20
4.688e+06,9,RTS,20
4.68807e+06,20,CTS,14
4.68813e+06,9,QOSDATA_TID6,1066
4.68831e+06,20,ACK,14
4.68836e+06,9,QOSDATA_TID6,1066
4.68854e+06,20,ACK,14
4.68858e+06,9,CTL,20
4.68867e+06,10,RTS,20
4.68874e+06,20,CTS,14
4.6888e+06,10,QOSDATA_TID6,1066
4.68898e+06,20,ACK,14
4.68902e+06,10,QOSDATA_TID6,1066
4.68921e+06,20,ACK,14
4.68925e+06,10,QOSDATA_TID6,1066
4.68944e+06,20,ACK,14
4.68948e+06,10,CTL,20
4.68957e+06,18,RTS,20
4.68957e+06,5,RTS,20
4.68964e+06,20,CTS,14
4.6897e+06,5,QOSDATA_TID6,1066
4.68988e+06,20,ACK,14
4.68992e+06,5,CTL,20
4.69001e+06,14,RTS,20
4.69008e+06,20,CTS,14
4.69014e+06,14,QOSDATA_TID6,1066
4.69032e+06,20,ACK,14
4.69036e+06,14,QOSDATA_TID6,1066
4.69055e+06,20,ACK,14
4.69059e+06,14,CTL,20
4.69068e+06,6,RTS,20
4.69068e+06,12,RTS,20
4.69068e+06,8,RTS,20
4.69068e+06,16,RTS,20
4.69068e+06,9,RTS,20
4.6908e+06,18,RTS,20
4.6908e+06,13,RTS,20
4.69089e+06,17,RTS,20
4.69096e+06,20,CTS,14
4.69102e+06,17,QOSDATA_TID6,1066
4.6912e+06,20,ACK,14
4.69125e+06,17,CTL,20
4.69134e+06,11,RTS,20
4.69134e+06,13,RTS,20
4.69144e+06,7,RTS,20
4.69151e+06,20,CTS,14
4.69157e+06,7,QOSDATA_TID6,1066
4.69175e+06,20,ACK,14
4.6918e+06,7,CTL,20
4.69188e+06,0,RTS,20
4.69188e+06,6,RTS,20
4.69198e+06,18,RTS,20
4.69198e+06,19,RTS,20
4.6921e+06,3,RTS,20
4.6921e+06,9,RTS,20
4.6921e+06,13,RTS,20
4.6921e+06,15,RTS,20
4.6922e+06,12,RTS,20
4.6922e+06,1,RTS,20
4.69227e+06,20,CTS,14
4.69233e+06,12,QOSDATA_TID6,1066
4.69252e+06,20,ACK,14
4.69256e+06,12,CTL,20
4.69265e+06,1,RTS,20
4.69265e+06,13,RTS,20
4.69265e+06,9,RTS,20
4.69275e+06,6,RTS,20
4.69282e+06,20,CTS,14
4.69288e+06,6,QOSDATA_TID6,1066
4.69307e+06,20,ACK,14
4.69311e+06,6,QOSDATA_TID6,1066
4.69329e+06,20,ACK,14
4.69334e+06,6,CTL,20
4.69342e+06,9,RTS,20
4.69342e+06,13,RTS,20
4.69353e+06,5,RTS,20
4.69353e+06,17,RTS,20
4.69353e+06,0,RTS,20
4.69364e+06,4,RTS,20
4.69371e+06,20,CTS,14
4.69377e+06,4,QOSDATA_TID6,1066
4.69395e+06,20,ACK,14
4.69399e+06,4,CTL,20
4.69408e+06,16,RTS,20
4.69408e+06,11,RTS,20
4.69419e+06,8,RTS,20
4.69419e+06,19,RTS,20
4.69419e+06,2,RTS,20
4.69419e+06,9,RTS,20
4.69419e+06,10,RTS,20
4.69429e+06,11,RTS,20
4.69435e+06,20,CTS,14
4.69441e+06,11,QOSDATA_TID6,1066
4.6946e+06,20,ACK,14
4.69464e+06,11,CTL,20
4.69473e+06,13,RTS,20
4.69473e+06,9,RTS,20
4.69484e+06,8,RTS,20
4.6949e+06,20,CTS,14
4.69496e+06,8,QOSDATA_TID6,1066
4.69515e+06,20,ACK,14
4.69519e+06,8,QOSDATA_TID6,1066
4.69538e+06,20,ACK,14
4.69542e+06,8,CTL,20
4.6955e+06,14,RTS,20
4.69557e+06,20,CTS,14
4.69563e+06,14,QOSDATA_TID6,1066
4.69582e+06,20,ACK,14
4.69586e+06,14,CTL,20
4.69595e+06,15,RTS,20
4.69595e+06,18,RTS,20
4.69595e+06,1,RTS,20
4.69606e+06,9,RTS,20
4.69613e+06,20,CTS,14
4.69619e+06,9,QOSDATA_TID6,1066
4.69638e+06,20,ACK,14
4.69642e+06,9,CTL,20
4.6965e+06,3,RTS,20
4.6965e+06,1,RTS,20
4.69657e+06,20,CTS,14
4.69663e+06,1,QOSDATA_TID6,1066
4.69682e+06,20,ACK,14
4.69686e+06,1,QOSDATA_TID6,1066
4.69704e+06,20,ACK,14
4.69709e+06,1,CTL,20
4.69718e+06,0,CTS,14
4.69731e+06,0,RTS,20
4.69738e+06,20,CTS,14
4.69744e+06,0,QOSDATA_TID6,1066
4.69762e+06,20,ACK,14
4.69766e+06,0,QOSDATA_TID6,1066
4.69785e+06,20,ACK,14
4.69789e+06,0,CTL,20
4.69798e+06,5,RTS,20
4.69798e+06,17,RTS,20
4.69798e+06,7,RTS,20
4.69798e+06,16,RTS,20
4.69808e+06,10,RTS,20
4.69814e+06,20,CTS,14
4.6982e+06,10,QOSDATA_TID6,1066
4.69839e+06,20,ACK,14
4.69843e+06,10,CTL,20
4.69852e+06,7,RTS,20
4.69858e+06,20,CTS,14
4.69864e+06,7,QOSDATA_TID6,1066
4.69883e+06,20,ACK,14
4.69887e+06,7,CTL,20
4.69896e+06,19,RTS,20
4.69896e+06,3,RTS,20
4.69896e+06,9,RTS,20
4.69906e+06,13,RTS,20
4.69912e+06,20,CTS,14
4.69918e+06,13,QOSDATA_TID6,1066
4.69937e+06,20,ACK,14
4.69941e+06,13,QOSDATA_TID6,1066
4.6996e+06,20,ACK,14
4.69964e+06,13,CTL,20
4.69973e+06,15,RTS,20
4.69973e+06,1,RTS,20
4.69973e+06,2,RTS,20
4.69973e+06,18,RTS,20
4.69985e+06,6,RTS,20
4.69992e+06,20,CTS,14
4.69998e+06,6,QOSDATA_TID6,1066
4.70016e+06,20,ACK,14
4.70021e+06,6,CTL,20
4.70029e+06,1,RTS,20
4.70036e+06,20,CTS,14
4.70042e+06,1,QOSDATA_TID6,1066
4.70061e+06,20,ACK,14
4.70065e+06,1,CTL,20
4.70074e+06,11,RTS,20
4.70074e+06,3,RTS,20
4.70083e+06,5,RTS,20
4.7009e+06,20,CTS,14
4.70096e+06,5,QOSDATA_TID6,1066
4.70115e+06,20,ACK,14
4.70119e+06,5,QOSDATA_TID6,1066
4.70137e+06,20,ACK,14
4.70142e+06,5,CTL,20
4.7015e+06,15,RTS,20
4.70157e+06,20,CTS,14
4.70163e+06,15,QOSDATA_TID6,1066
4.70182e+06,20,ACK,14
4.70186e+06,15,QOSDATA_TID6,1066
4.70204e+06,20,ACK,14
4.70209e+06,15,QOSDATA_TID6,1066
4.70227e+06,20,ACK,14
4.70232e+06,15,CTL,20
4.7024e+06,12,RTS,20
4.7024e+06,18,RTS,20
4.70247e+06,20,CTS,14
4.70253e+06,12,QOSDATA_TID6,1066
4.70272e+06,20,ACK,14
4.70276e+06,12,CTL,20
4.70285e+06,19,RTS,20
4.70285e+06,2,RTS,20
4.703e+06,19,RTS,20
4.70307e+06,20,CTS,14
4.70313e+06,19,QOSDATA_TID6,1066
4.70332e+06,20,ACK,14
4.70336e+06,19,QOSDATA_TID6,1066
4.70354e+06,20,ACK,14
4.70359e+06,19,CTL,20
4.70367e+06,14,RTS,20
4.70374e+06,20,CTS,14
4.7038e+06,14,QOSDATA_TID6,1066
4.70398e+06,20,ACK,14
4.70403e+06,14,CTL,20
4.70412e+06,8,RTS,20
4.70412e+06,10,RTS,20
4.70412e+06,9,RTS,20
4.70412e+06,4,RTS,20
4.70419e+06,20,CTS,14
4.70425e+06,8,QOSDATA_TID6,1066
4.70444e+06,20,ACK,14
4.70448e+06,8,CTL,20
4.70457e+06,9,RTS,20
4.70463e+06,20,CTS,14
4.70469e+06,9,QOSDATA_TID6,1066
4.70488e+06,20,ACK,14
4.70492e+06,9,CTL,20
4.70502e+06,17,RTS,20
4.70502e+06,16,RTS,20
4.70508e+06,20,CTS,14
4.70514e+06,17,QOSDATA_TID6,1066
4.70533e+06,20,ACK,14
4.70537e+06,17,QOSDATA_TID6,1066
4.70556e+06,20,ACK,14
4.7056e+06,17,CTL,20
4.7057e+06,7,RTS,20
4.7057e+06,11,RTS,20
4.7057e+06,2,RTS,20
4.7057e+06,0,RTS,20
4.70581e+06,18,RTS,20
4.70588e+06,20,CTS,14
4.70594e+06,18,QOSDATA_TID6,1066
4.70612e+06,20,ACK,14
4.70617e+06,18,QOSDATA_TID6,1066
4.70635e+06,20,ACK,14
4.7064e+06,18,CTL,20
4.70648e+06,11,RTS,20
4.70655e+06,20,CTS,14
4.70661e+06,11,QOSDATA_TID6,1066
4.70679e+06,20,ACK,14
4.70684e+06,11,QOSDATA_TID6,1066
4.70702e+06,20,ACK,14
4.70707e+06,11,CTL,20
4.70715e+06,12,RTS,20
4.70715e+06,19,RTS,20
4.70715e+06,9,RTS,20
4.70715e+06,6,RTS,20
4.70722e+06,20,CTS,14
4.70728e+06,12,QOSDATA_TID6,1066
4.70746e+06,20,ACK,14
4.70751e+06,12,CTL,20
4.7076e+06,7,RTS,20
4.7076e+06,1,RTS,20
4.7076e+06,13,RTS,20
4.7076e+06,2,RTS,20
4.7077e+06,4,RTS,20
4.70777e+06,20,CTS,14
4.70783e+06,4,QOSDATA_TID6,1066
4.70801e+06,20,ACK,14
4.70806e+06,4,CTL,20
4.70815e+06,7,RTS,20
4.70822e+06,20,CTS,14
4.70828e+06,7,QOSDATA_TID6,1066
4.70846e+06,20,ACK,14
4.70851e+06,7,CTL,20
4.70859e+06,13,RTS,20
4.70859e+06,5,RTS,20
4.70866e+06,20,CTS,14
4.70872e+06,5,QOSDATA_TID6,1066
4.70891e+06,20,ACK,14
4.70895e+06,5,CTL,20
4.70904e+06,17,RTS,20
4.70904e+06,3,RTS,20
4.70904e+06,6,RTS,20
4.70904e+06,10,RTS,20
4.70911e+06,20,CTS,14
4.70917e+06,17,QOSDATA_TID6,1066
4.70936e+06,20,ACK,14
4.7094e+06,17,CTL,20
4.7095e+06,19,RTS,20
4.7095e+06,16,RTS,20
4.7095e+06,2,RTS,20
4.7095e+06,4,RTS,20
4.7095e+06,3,RTS,20
4.7095e+06,15,RTS,20
4.70962e+06,10,RTS,20
4.70969e+06,20,CTS,14
4.70975e+06,10,QOSDATA_TID6,1066
4.70993e+06,20,ACK,14
4.70998e+06,10,QOSDATA_TID6,1066
4.71016e+06,20,ACK,14
4.71021e+06,10,CTL,20
4.71029e+06,18,RTS,20
4.71029e+06,3,RTS,20
4.71029e+06,0,RTS,20
4.71029e+06,6,RTS,20
4.71029e+06,13,RTS,20
4.7104e+06,15,RTS,20
4.7104e+06,19,RTS,20
4.71052e+06,18,RTS,20
4.71059e+06,20,CTS,14
4.71065e+06,18,QOSDATA_TID6,1066
4.71084e+06,20,ACK,14
4.71088e+06,18,CTL,20
4.71097e+06,0,CTS,14
4.71097e+06,3,RTS,20
4.71106e+06,0,RTS,20
4.71113e+06,20,CTS,14
4.71119e+06,0,QOSDATA_TID6,1066
4.71137e+06,20,ACK,14
4.71142e+06,0,CTL,20
4.7115e+06,8,RTS,20
4.71157e+06,20,CTS,14
4.71163e+06,8,QOSDATA_TID6,1066
4.71182e+06,20,ACK,14
4.71186e+06,8,CTL,20
4.71194e+06,19,RTS,20
4.71194e+06,14,RTS,20
4.71201e+06,20,CTS,14
4.71207e+06,19,QOSDATA_TID6,1066
4.71226e+06,20,ACK,14
4.7123e+06,19,CTL,20
4.7124e+06,1,RTS,20
4.7124e+06,16,RTS,20
4.7124e+06,2,RTS,20
4.7124e+06,13,RTS,20
4.71251e+06,14,RTS,20
4.71258e+06,20,CTS,14
4.71264e+06,14,QOSDATA_TID6,1066
4.71282e+06,20,ACK,14
4.71287e+06,14,CTL,20
4.71295e+06,6,RTS,20
4.71295e+06,1,RTS,20
4.71307e+06,9,RTS,20
4.71314e+06,20,CTS,14
4.7132e+06,9,QOSDATA_TID6,1066
4.71338e+06,20,ACK,14
4.71343e+06,9,CTL,20
4.71351e+06,0,RTS,20
4.71358e+06,20,CTS,14
4.71364e+06,0,QOSDATA_TID6,1066
4.71382e+06,20,ACK,14
4.71387e+06,0,CTL,20
4.71395e+06,9,RTS,20
4.71395e+06,16,RTS,20
4.71409e+06,15,RTS,20
4.71416e+06,20,CTS,14
4.71422e+06,15,QOSDATA_TID6,1066
4.7144e+06,20,ACK,14
4.71444e+06,15,CTL,20
4.71453e+06,6,RTS,20
4.71453e+06,12,RTS,20
4.71453e+06,9,RTS,20
4.7146e+06,20,CTS,14
4.71466e+06,12,QOSDATA_TID6,1066
4.71484e+06,20,ACK,14
4.71489e+06,12,CTL,20
4.71497e+06,11,RTS,20
4.71497e+06,19,RTS,20
4.71507e+06,7,RTS,20
4.71514e+06,20,CTS,14
4.7152e+06,7,QOSDATA_TID6,1066
4.71538e+06,20,ACK,14
4.71543e+06,7,CTL,20
4.71551e+06,13,RTS,20
4.71551e+06,17,RTS,20
4.71558e+06,20,CTS,14
4.71564e+06,17,QOSDATA_TID6,1066
4.71582e+06,20,ACK,14
4.71587e+06,17,CTL,20
4.71595e+06,4,RTS,20
4.71595e+06,13,RTS,20
4.71605e+06,3,RTS,20
4.71605e+06,9,RTS,20
4.71615e+06,13,RTS,20
4.71622e+06,20,CTS,14
4.71628e+06,13,QOSDATA_TID6,1066
4.71646e+06,20,ACK,14
4.71651e+06,13,QOSDATA_TID6,1066
4.71669e+06,20,ACK,14
4.71673e+06,13,CTL,20
4.71682e+06,15,RTS,20
4.71682e+06,2,RTS,20
4.71682e+06,9,RTS,20
4.71692e+06,10,RTS,20
4.71692e+06,6,RTS,20
4.71699e+06,20,CTS,14
4.71705e+06,6,QOSDATA_TID6,1066
4.71723e+06,20,ACK,14
4.71727e+06,6,QOSDATA_TID6,1066
4.71746e+06,20,ACK,14
4.7175e+06,6,CTL,20
4.71759e+06,2,RTS,20
4.71766e+06,20,CTS,14
4.71772e+06,2,QOSDATA_TID6,1066
4.7179e+06,20,ACK,14
4.71794e+06,2,QOSDATA_TID6,1066
4.71813e+06,20,ACK,14
4.71817e+06,2,QOSDATA_TID6,1066
4.71836e+06,20,ACK,14
4.7184e+06,2,CTL,20
4.71849e+06,15,RTS,20
4.71849e+06,4,RTS,20
4.71856e+06,20,CTS,14
4.71862e+06,15,QOSDATA_TID6,1066
4.7188e+06,20,ACK,14
4.71884e+06,15,CTL,20
4.71894e+06,8,RTS,20
4.71894e+06,19,RTS,20
4.71894e+06,11,RTS,20
4.71894e+06,9,RTS,20
4.71904e+06,1,RTS,20
4.7191e+06,20,CTS,14
4.71916e+06,1,QOSDATA_TID6,1066
4.71935e+06,20,ACK,14
4.71939e+06,1,QOSDATA_TID6,1066
4.71958e+06,20,ACK,14
4.71962e+06,1,CTL,20
4.71972e+06,18,RTS,20
4.71972e+06,14,RTS,20
4.71982e+06,16,RTS,20
4.71989e+06,20,CTS,14
4.71995e+06,16,QOSDATA_TID6,1066
4.72013e+06,20,ACK,14
4.72018e+06,16,QOSDATA_TID6,1066
4.72036e+06,20,ACK,14
4.72041e+06,16,QOSDATA_TID6,1066
4.72059e+06,20,ACK,14
4.72063e+06,16,QOSDATA_TID6,1066
4.72082e+06,20,ACK,14
4.72086e+06,16,QOSDATA_TID6,1066
4.72105e+06,20,ACK,14
4.72109e+06,16,CTL,20
4.72118e+06,0,RTS,20
4.72124e+06,20,CTS,14
4.7213e+06,0,QOSDATA_TID6,1066
4.72149e+06,20,ACK,14
4.72153e+06,0,CTL,20
4.72162e+06,18,RTS,20
4.72162e+06,8,RTS,20
4.72169e+06,20,CTS,14
4.72175e+06,8,QOSDATA_TID6,1066
4.72193e+06,20,ACK,14
4.72197e+06,8,CTL,20
4.72206e+06,3,RTS,20
4.72206e+06,9,RTS,20
4.72206e+06,13,RTS,20
4.72216e+06,5,RTS,20
4.72216e+06,4,RTS,20
4.72223e+06,20,CTS,14
4.72229e+06,5,QOSDATA_TID6,1066
4.72247e+06,20,ACK,14
4.72251e+06,5,CTL,20
4.72261e+06,11,RTS,20
4.72261e+06,14,RTS,20
4.72272e+06,13,RTS,20
4.72272e+06,10,RTS,20
4.72285e+06,19,RTS,20
4.72292e+06,20,CTS,14
4.72298e+06,19,QOSDATA_TID6,1066
4.72316e+06,20,ACK,14
4.72321e+06,19,QOSDATA_TID6,1066
4.72339e+06,20,ACK,14
4.72343e+06,19,CTL,20
4.72353e+06,10,RTS,20
4.7236e+06,20,CTS,14
4.72366e+06,10,QOSDATA_TID6,1066
4.72384e+06,20,ACK,14
4.72388e+06,10,CTL,20
4.72397e+06,1,RTS,20
4.72397e+06,7,RTS,20
4.72397e+06,4,RTS,20
4.72407e+06,14,RTS,20
4.72414e+06,20,CTS,14
4.7242e+06,14,QOSDATA_TID6,1066
4.72438e+06,20,ACK,14
4.72442e+06,14,CTL,20
4.72451e+06,6,RTS,20
4.72451e+06,5,RTS,20
4.72451e+06,9,RTS,20
4.72451e+06,4,RTS,20
4.72458e+06,20,CTS,14
4.72464e+06,5,QOSDATA_TID6,1066
4.72482e+06,20,ACK,14
4.72487e+06,5,CTL,20
4.72495e+06,18,RTS,20
4.72502e+06,20,CTS,14
4.72508e+06,18,QOSDATA_TID6,1066
4.72526e+06,20,ACK,14
4.72531e+06,18,CTL,20
4.7254e+06,2,RTS,20
4.7254e+06,3,RTS,20
4.7254e+06,17,RTS,20
4.7254e+06,12,RTS,20
4.7254e+06,11,RTS,20
4.72549e+06,10,RTS,20
4.72556e+06,20,CTS,14
4.72562e+06,10,QOSDATA_TID6,1066
4.72581e+06,20,ACK,14
4.72585e+06,10,CTL,20
4.72594e+06,3,RTS,20
4.72594e+06,6,RTS,20
4.72594e+06,12,RTS,20
4.72594e+06,15,RTS,20
4.72594e+06,13,RTS,20
4.72606e+06,4,RTS,20
4.72613e+06,20,CTS,14
4.72619e+06,4,QOSDATA_TID6,1066
4.72637e+06,20,ACK,14
4.72642e+06,4,QOSDATA_TID6,1066
4.7266e+06,20,ACK,14
4.72664e+06,4,QOSDATA_TID6,1066
4.72683e+06,20,ACK,14
4.72687e+06,4,CTL,20
4.72695e+06,20,BEACON,152
4.72721e+06,6,RTS,20
4.72721e+06,18,RTS,20
4.72731e+06,8,RTS,20
4.72731e+06,12,RTS,20
4.72731e+06,1,RTS,20
4.72741e+06,18,RTS,20
4.72748e+06,20,CTS,14
4.72754e+06,18,QOSDATA_TID6,1066
4.72772e+06,20,ACK,14
4.72776e+06,18,CTL,20
4.72785e+06,14,RTS,20
4.72792e+06,20,CTS,14
4.72798e+06,14,QOSDATA_TID6,1066
4.72816e+06,20,ACK,14
4.72821e+06,14,CTL,20
4.72829e+06,1,RTS,20
4.72836e+06,20,CTS,14
4.72842e+06,1,QOSDATA_TID6,1066
4.7286e+06,20,ACK,14
4.72865e+06,1,CTL,20
4.72873e+06,17,RTS,20
4.72873e+06,16,RTS,20
4.72873e+06,6,RTS,20
4.7288e+06,20,CTS,14
4.72886e+06,17,QOSDATA_TID6,1066
4.72905e+06,20,ACK,14
4.72909e+06,17,CTL,20
4.72918e+06,0,RTS,20
4.72918e+06,9,RTS,20
4.72924e+06,20,CTS,14
4.7293e+06,0,QOSDATA_TID6,1066
4.72949e+06,20,ACK,14
4.72953e+06,0,CTL,20
4.72963e+06,7,RTS,20
4.72963e+06,9,RTS,20
4.72963e+06,13,RTS,20
4.72963e+06,11,RTS,20
4.72963e+06,16,RTS,20
4.72975e+06,8,RTS,20
4.72975e+06,6,RTS,20
4.72982e+06,20,CTS,14
4.72988e+06,8,QOSDATA_TID6,1066
4.73006e+06,20,ACK,14
4.73011e+06,8,CTL,20
4.7302e+06,11,RTS,20
4.73027e+06,20,CTS,14
4.73033e+06,11,QOSDATA_TID6,1066
4.73052e+06,20,ACK,14
4.73056e+06,11,QOSDATA_TID6,1066
4.73074e+06,20,ACK,14
4.73079e+06,11,QOSDATA_TID6,1066
4.73097e+06,20,ACK,14
4.73102e+06,11,CTL,20
4.7311e+06,12,RTS,20
4.7311e+06,3,RTS,20
4.73117e+06,20,CTS,14
4.73123e+06,12,QOSDATA_TID6,1066
4.73141e+06,20,ACK,14
4.73146e+06,12,QOSDATA_TID6,1066
4.73164e+06,20,ACK,14
4.73168e+06,12,CTL,20
4.73178e+06,2,RTS,20
4.73178e+06,9,RTS,20
4.73185e+06,20,CTS,14
4.73191e+06,2,QOSDATA_TID6,1066
4.73209e+06,20,ACK,14
4.73214e+06,2,CTL,20
4.73222e+06,19,RTS,20
4.73222e+06,15,RTS,20
4.73222e+06,16,RTS,20
4.73234e+06,7,RTS,20
4.73241e+06,20,CTS,14
4.73247e+06,7,QOSDATA_TID6,1066
4.73265e+06,20,ACK,14
4.73269e+06,7,QOSDATA_TID6,1066
4.73288e+06,20,ACK,14
4.73292e+06,7,CTL,20
4.73302e+06,13,RTS,20
4.73302e+06,17,RTS,20
4.73302e+06,1,RTS,20
4.73302e+06,4,RTS,20
4.73302e+06,2,RTS,20
4.73302e+06,10,RTS,20
4.73312e+06,5,RTS,20
4.73318e+06,20,CTS,14
4.73324e+06,5,QOSDATA_TID6,1066
4.73343e+06,20,ACK,14
4.73347e+06,5,CTL,20
4.73357e+06,1,RTS,20
4.73357e+06,2,RTS,20
4.73368e+06,15,RTS,20
4.73368e+06,13,RTS,20
4.73378e+06,2,RTS,20
4.73385e+06,20,CTS,14
4.73391e+06,2,QOSDATA_TID6,1066
4.73409e+06,20,ACK,14
4.73414e+06,2,CTL,20
4.73423e+06,3,RTS,20
4.73423e+06,9,RTS,20
4.73433e+06,18,RTS,20
4.73433e+06,1,RTS,20
4.73433e+06,13,RTS,20
4.73445e+06,4,RTS,20
4.73451e+06,20,CTS,14
4.73457e+06,4,QOSDATA_TID6,1066
4.73476e+06,20,ACK,14
4.7348e+06,4,CTL,20
4.7349e+06,16,RTS,20
4.7349e+06,8,RTS,20
4.7349e+06,6,RTS,20
4.73496e+06,20,CTS,14
4.73502e+06,8,QOSDATA_TID6,1066
4.73521e+06,20,ACK,14
4.73525e+06,8,CTL,20
4.73534e+06,16,RTS,20
4.73541e+06,20,CTS,14
4.73547e+06,16,QOSDATA_TID6,1066
4.73565e+06,20,ACK,14
4.7357e+06,16,CTL,20
4.73578e+06,6,RTS,20
4.73585e+06,20,CTS,14
4.73591e+06,6,QOSDATA_TID6,1066
4.73609e+06,20,ACK,14
4.73614e+06,6,QOSDATA_TID6,1066
4.73632e+06,20,ACK,14
4.73636e+06,6,CTL,20
4.73645e+06,15,RTS,20
4.73652e+06,20,CTS,14
4.73658e+06,15,QOSDATA_TID6,1066
4.73676e+06,20,ACK,14
4.73681e+06,15,QOSDATA_TID6,1066
4.73699e+06,20,ACK,14
4.73704e+06,15,CTL,20
4.73712e+06,14,RTS,20
4.73712e+06,13,RTS,20
4.73712e+06,17,RTS,20
4.73712e+06,1,RTS,20
4.73712e+06,19,RTS,20
4.73723e+06,3,RTS,20
4.73723e+06,9,RTS,20
4.73733e+06,19,RTS,20
4.73733e+06,0,RTS,20
4.73745e+06,13,RTS,20
4.73752e+06,20,CTS,14
4.73758e+06,13,QOSDATA_TID6,1066
4.73776e+06,20,ACK,14
4.73781e+06,13,QOSDATA_TID6,1066
4.73799e+06,20,ACK,14
4.73804e+06,13,CTL,20
4.73812e+06,7,RTS,20
4.73819e+06,20,CTS,14
4.73825e+06,7,QOSDATA_TID6,1066
4.73843e+06,20,ACK,14
4.73848e+06,7,CTL,20
4.73856e+06,1,RTS,20
4.73856e+06,16,RTS,20
4.73856e+06,18,RTS,20
4.73867e+06,12,RTS,20
4.73874e+06,20,CTS,14
4.7388e+06,12,QOSDATA_TID6,1066
4.73898e+06,20,ACK,14
4.73903e+06,12,CTL,20
4.73911e+06,14,RTS,20
4.73918e+06,20,CTS,14
4.73924e+06,14,QOSDATA_TID6,1066
4.73942e+06,20,ACK,14
4.73947e+06,14,CTL,20
4.73955e+06,1,RTS,20
4.73955e+06,11,RTS,20
4.73955e+06,9,RTS,20
4.73966e+06,0,RTS,20
4.73966e+06,6,RTS,20
4.73976e+06,18,RTS,20
4.73983e+06,20,CTS,14
4.73989e+06,18,QOSDATA_TID6,1066
4.74007e+06,20,ACK,14
4.74012e+06,18,CTL,20
4.7402e+06,10,RTS,20
4.74027e+06,20,CTS,14
4.74033e+06,10,QOSDATA_TID6,1066
4.74051e+06,20,ACK,14
4.74056e+06,10,CTL,20
4.74064e+06,2,RTS,20
4.74064e+06,1,RTS,20
4.74064e+06,15,RTS,20
4.74079e+06,0,CTS,14
4.74089e+06,0,RTS,20
4.74096e+06,20,CTS,14
4.74102e+06,0,QOSDATA_TID6,1066
4.7412e+06,20,ACK,14
4.74125e+06,0,CTL,20
4.74133e+06,6,RTS,20
4.74133e+06,1,RTS,20
4.74133e+06,4,RTS,20
4.74144e+06,3,RTS,20
4.74151e+06,20,CTS,14
4.74157e+06,3,QOSDATA_TID6,1066
4.74175e+06,20,ACK,14
4.7418e+06,3,QOSDATA_TID6,1066
4.74198e+06,20,ACK,14
4.74202e+06,3,QOSDATA_TID6,1066
4.74221e+06,20,ACK,14
4.74225e+06,3,QOSDATA_TID6,1066
4.74244e+06,20,ACK,14
4.74248e+06,3,QOSDATA_TID6,1066
4.74266e+06,20,ACK,14
4.74271e+06,3,CTL,20
4.7428e+06,2,RTS,20
4.7428e+06,8,RTS,20
4.7428e+06,17,RTS,20
4.7428e+06,11,RTS,20
4.7428e+06,16,RTS,20
4.7428e+06,15,RTS,20
4.7429e+06,1,RTS,20
4.74297e+06,20,CTS,14
4.74303e+06,1,QOSDATA_TID6,1066
4.74321e+06,20,ACK,14
4.74326e+06,1,CTL,20
4.74334e+06,2,RTS,20
4.74334e+06,15,RTS,20
4.74334e+06,14,RTS,20
4.74346e+06,11,RTS,20
4.74353e+06,20,CTS,14
4.74359e+06,11,QOSDATA_TID6,1066
4.74377e+06,20,ACK,14
4.74382e+06,11,CTL,20
4.7439e+06,14,RTS,20
4.74397e+06,20,CTS,14
4.74403e+06,14,QOSDATA_TID6,1066
4.74421e+06,20,ACK,14
4.74426e+06,14,CTL,20
4.74434e+06,5,RTS,20
4.74434e+06,2,RTS,20
4.74434e+06,19,RTS,20
4.74434e+06,16,RTS,20
4.74434e+06,4,RTS,20
4.74441e+06,20,CTS,14
4.74447e+06,5,QOSDATA_TID6,1066
4.74466e+06,20,ACK,14
4.7447e+06,5,CTL,20
4.74479e+06,2,RTS,20
4.74485e+06,20,CTS,14
4.74491e+06,2,QOSDATA_TID6,1066
4.7451e+06,20,ACK,14
4.74514e+06,2,CTL,20
4.74523e+06,9,RTS,20
4.74523e+06,0,RTS,20
4.74523e+06,17,RTS,20
4.74523e+06,6,RTS,20
4.74533e+06,10,RTS,20
4.74539e+06,20,CTS,14
4.74545e+06,10,QOSDATA_TID6,1066
4.74564e+06,20,ACK,14
4.74568e+06,10,CTL,20
4.74577e+06,18,RTS,20
4.74577e+06,13,RTS,20
4.74588e+06,8,RTS,20
4.74588e+06,19,RTS,20
4.74594e+06,20,CTS,14
4.746e+06,8,QOSDATA_TID6,1066
4.74619e+06,20,ACK,14
4.74623e+06,8,CTL,20
4.74632e+06,19,RTS,20
4.74638e+06,20,CTS,14
4.74644e+06,19,QOSDATA_TID6,1066
4.74663e+06,20,ACK,14
4.74667e+06,19,QOSDATA_TID6,1066
4.74686e+06,20,ACK,14
4.7469e+06,19,CTL,20
4.74699e+06,17,RTS,20
4.74699e+06,11,RTS,20
4.74699e+06,6,RTS,20
4.74699e+06,15,RTS,20
4.74708e+06,7,RTS,20
4.74708e+06,9,RTS,20
4.74715e+06,20,CTS,14
4.74721e+06,7,QOSDATA_TID6,1066
4.7474e+06,20,ACK,14
4.74744e+06,7,CTL,20
4.74753e+06,1,RTS,20
4.74753e+06,6,RTS,20
4.74753e+06,9,RTS,20
4.74764e+06,18,RTS,20
4.74764e+06,13,RTS,20
4.74775e+06,19,RTS,20
4.74782e+06,20,CTS,14
4.74788e+06,19,QOSDATA_TID6,1066
4.74806e+06,20,ACK,14
4.74811e+06,19,CTL,20
4.74819e+06,1,RTS,20
4.74819e+06,9,RTS,20
4.74819e+06,13,RTS,20
4.74829e+06,4,RTS,20
4.74836e+06,20,CTS,14
4.74842e+06,4,QOSDATA_TID6,1066
4.7486e+06,20,ACK,14
4.74865e+06,4,CTL,20
4.74873e+06,9,RTS,20
4.7488e+06,20,CTS,14
4.74886e+06,9,QOSDATA_TID6,1066
4.74904e+06,20,ACK,14
4.74909e+06,9,QOSDATA_TID6,1066
4.74927e+06,20,ACK,14
4.74932e+06,9,QOSDATA_TID6,1066
4.7495e+06,20,ACK,14
4.74954e+06,9,CTL,20
4.74963e+06,2,RTS,20
4.74963e+06,18,RTS,20
4.74963e+06,12,RTS,20
4.74963e+06,4,RTS,20
4.7497e+06,20,CTS,14
4.74976e+06,12,QOSDATA_TID6,1066
4.74994e+06,20,ACK,14
4.74999e+06,12,CTL,20
4.75008e+06,5,RTS,20
4.75008e+06,15,RTS,20
4.75008e+06,0,RTS,20
4.75008e+06,6,RTS,20
4.75008e+06,3,RTS,20
4.75008e+06,10,RTS,20
4.75015e+06,20,CTS,14
4.75021e+06,5,QOSDATA_TID6,1066
4.75039e+06,20,ACK,14
4.75044e+06,5,CTL,20
4.75052e+06,16,RTS,20
4.75059e+06,20,CTS,14
4.75065e+06,16,QOSDATA_TID6,1066
4.75084e+06,20,ACK,14
4.75088e+06,16,QOSDATA_TID6,1066
4.75106e+06,20,ACK,14
4.75111e+06,16,CTL,20
4.75119e+06,3,RTS,20
4.75126e+06,20,CTS,14
4.75132e+06,3,QOSDATA_TID6,1066
4.75151e+06,20,ACK,14
4.75155e+06,3,CTL,20
4.75164e+06,14,RTS,20
4.75164e+06,13,RTS,20
4.75173e+06,8,RTS,20
4.75173e+06,17,RTS,20
4.75183e+06,1,RTS,20
4.7519e+06,20,CTS,14
4.75196e+06,1,QOSDATA_TID6,1066
4.75214e+06,20,ACK,14
4.75219e+06,1,CTL,20
4.75227e+06,2,RTS,20
4.75227e+06,0,CTS,14
4.75227e+06,18,RTS,20
4.75227e+06,15,RTS,20
4.75241e+06,0,RTS,20
4.75248e+06,20,CTS,14
4.75254e+06,0,QOSDATA_TID6,1066
4.75273e+06,20,ACK,14
4.75277e+06,0,CTL,20
4.75286e+06,18,RTS,20
4.75286e+06,11,RTS,20
4.75286e+06,16,RTS,20
4.75296e+06,8,RTS,20
4.75296e+06,4,RTS,20
4.75303e+06,20,CTS,14
4.75309e+06,8,QOSDATA_TID6,1066
4.75328e+06,20,ACK,14
4.75332e+06,8,CTL,20
4.7534e+06,0,RTS,20
4.75347e+06,20,CTS,14
4.75353e+06,0,QOSDATA_TID6,1066
4.75372e+06,20,ACK,14
4.75376e+06,0,CTL,20
4.75385e+06,2,RTS,20
4.75385e+06,10,RTS,20
4.75392e+06,20,CTS,14
4.75398e+06,2,QOSDATA_TID6,1066
4.75416e+06,20,ACK,14
4.7542e+06,2,CTL,20
4.75429e+06,18,RTS,20
4.75429e+06,14,RTS,20
4.75429e+06,15,RTS,20
4.75429e+06,4,RTS,20
4.75429e+06,13,RTS,20
4.75439e+06,12,RTS,20
4.75446e+06,20,CTS,14
4.75452e+06,12,QOSDATA_TID6,1066
4.7547e+06,20,ACK,14
4.75474e+06,12,CTL,20
4.75483e+06,17,RTS,20
4.7549e+06,20,CTS,14
4.75496e+06,17,QOSDATA_TID6,1066
4.75514e+06,20,ACK,14
4.75518e+06,17,QOSDATA_TID6,1066
4.75537e+06,20,ACK,14
4.75541e+06,17,QOSDATA_TID6,1066
4.7556e+06,20,ACK,14
4.75564e+06,17,QOSDATA_TID6,1066
4.75582e+06,20,ACK,14
4.75587e+06,17,CTL,20
4.75596e+06,19,RTS,20
4.75596e+06,7,RTS,20
4.75596e+06,18,RTS,20
4.75596e+06,15,RTS,20
4.75596e+06,6,RTS,20
4.75606e+06,13,RTS,20
4.75606e+06,3,RTS,20
4.75606e+06,4,RTS,20
4.75617e+06,1,RTS,20
4.75624e+06,20,CTS,14
4.7563e+06,1,QOSDATA_TID6,1066
4.75648e+06,20,ACK,14
4.75653e+06,1,CTL,20
4.75661e+06,7,RTS,20
4.75661e+06,2,RTS,20
4.75672e+06,5,RTS,20
4.75672e+06,14,RTS,20
4.75679e+06,20,CTS,14
4.75685e+06,5,QOSDATA_TID6,1066
4.75703e+06,20,ACK,14
4.75708e+06,5,CTL,20
4.75718e+06,19,RTS,20
4.75718e+06,2,RTS,20
4.75718e+06,3,RTS,20
4.75718e+06,11,RTS,20
4.75718e+06,9,RTS,20
4.75718e+06,6,RTS,20
4.75718e+06,4,RTS,20
4.75728e+06,15,RTS,20
4.75734e+06,20,CTS,14
4.7574e+06,15,QOSDATA_TID6,1066
4.75759e+06,20,ACK,14
4.75763e+06,15,QOSDATA_TID6,1066
4.75782e+06,20,ACK,14
4.75786e+06,15,CTL,20
4.75795e+06,19,RTS,20
4.75795e+06,16,RTS,20
4.75802e+06,20,CTS,14
4.75808e+06,19,QOSDATA_TID6,1066
4.75826e+06,20,ACK,14
4.7583e+06,19,CTL,20
4.7584e+06,18,RTS,20
4.7584e+06,10,RTS,20
4.7585e+06,9,RTS,20
4.7585e+06,7,RTS,20
4.7585e+06,13,RTS,20
4.75856e+06,20,CTS,14
4.75862e+06,7,QOSDATA_TID6,1066
4.75881e+06,20,ACK,14
4.75885e+06,7,CTL,20
4.75894e+06,10,RTS,20
4.75901e+06,20,CTS,14
4.75907e+06,10,QOSDATA_TID6,1066
4.75925e+06,20,ACK,14
4.75929e+06,10,QOSDATA_TID6,1066
4.75948e+06,20,ACK,14
4.75952e+06,10,CTL,20
4.75961e+06,9,RTS,20
4.75961e+06,11,RTS,20
4.75961e+06,4,RTS,20
4.75971e+06,6,RTS,20
4.75977e+06,20,CTS,14
4.75983e+06,6,QOSDATA_TID6,1066
4.76002e+06,20,ACK,14
4.76006e+06,6,QOSDATA_TID6,1066
4.76025e+06,20,ACK,14
4.76029e+06,6,CTL,20
4.76038e+06,14,RTS,20
4.76038e+06,8,RTS,20
4.76038e+06,11,RTS,20
4.76044e+06,20,CTS,14
4.7605e+06,8,QOSDATA_TID6,1066
4.76069e+06,20,ACK,14
4.76073e+06,8,CTL,20
4.76083e+06,2,RTS,20
4.76083e+06,18,RTS,20
4.76083e+06,14,RTS,20
4.76092e+06,16,RTS,20
4.76092e+06,4,RTS,20
4.76103e+06,2,RTS,20
4.7611e+06,20,CTS,14
4.76116e+06,2,QOSDATA_TID6,1066
4.76134e+06,20,ACK,14
4.76139e+06,2,CTL,20
4.76147e+06,7,RTS,20
4.76147e+06,13,RTS,20
4.76154e+06,20,CTS,14
4.7616e+06,7,QOSDATA_TID6,1066
4.76179e+06,20,ACK,14
4.76183e+06,7,CTL,20
4.76192e+06,13,RTS,20
4.76192e+06,3,RTS,20
4.76192e+06,9,RTS,20
4.76201e+06,16,RTS,20
4.76208e+06,20,CTS,14
4.76214e+06,16,QOSDATA_TID6,1066
4.76233e+06,20,ACK,14
4.76237e+06,16,QOSDATA_TID6,1066
4.76255e+06,20,ACK,14
4.7626e+06,16,CTL,20
4.76269e+06,11,RTS,20
4.76269e+06,12,RTS,20
4.76269e+06,0,RTS,20
4.76269e+06,18,RTS,20
4.76281e+06,14,RTS,20
4.76281e+06,13,RTS,20
4.76292e+06,3,RTS,20
4.76292e+06,9,RTS,20
4.76302e+06,0,RTS,20
4.76309e+06,20,CTS,14
4.76315e+06,0,QOSDATA_TID6,1066
4.76334e+06,20,ACK,14
4.76338e+06,0,CTL,20
4.76347e+06,14,RTS,20
4.76347e+06,17,RTS,20
4.76347e+06,9,RTS,20
4.76347e+06,19,RTS,20
4.76356e+06,11,RTS,20
4.76363e+06,20,CTS,14
4.76369e+06,11,QOSDATA_TID6,1066
4.76388e+06,20,ACK,14
4.76392e+06,11,QOSDATA_TID6,1066
4.7641e+06,20,ACK,14
4.76415e+06,11,QOSDATA_TID6,1066
4.76433e+06,20,ACK,14
4.76438e+06,11,CTL,20
4.76446e+06,1,RTS,20
4.76446e+06,19,RTS,20
4.76446e+06,5,RTS,20
4.76453e+06,20,CTS,14
4.76459e+06,5,QOSDATA_TID6,1066
4.76477e+06,20,ACK,14
4.76482e+06,5,CTL,20
4.7649e+06,17,RTS,20
4.7649e+06,1,RTS,20
4.7649e+06,15,RTS,20
4.765e+06,2,RTS,20
4.765e+06,3,RTS,20
4.76507e+06,20,CTS,14
4.76513e+06,2,QOSDATA_TID6,1066
4.76531e+06,20,ACK,14
4.76536e+06,2,CTL,20
4.76544e+06,4,RTS,20
4.76551e+06,20,CTS,14
4.76557e+06,4,QOSDATA_TID6,1066
4.76576e+06,20,ACK,14
4.7658e+06,4,QOSDATA_TID6,1066
4.76598e+06,20,ACK,14
4.76603e+06,4,CTL,20
4.76611e+06,6,RTS,20
4.76611e+06,18,RTS,20
4.76621e+06,13,RTS,20
4.76628e+06,20,CTS,14
4.76634e+06,13,QOSDATA_TID6,1066
4.76652e+06,20,ACK,14
4.76657e+06,13,QOSDATA_TID6,1066
4.76675e+06,20,ACK,14
4.7668e+06,13,CTL,20
4.76688e+06,12,RTS,20
4.76688e+06,6,RTS,20
4.76688e+06,19,RTS,20
4.76695e+06,20,CTS,14
4.76701e+06,12,QOSDATA_TID6,1066
4.76719e+06,20,ACK,14
4.76724e+06,12,CTL,20
4.76732e+06,19,RTS,20
4.76739e+06,20,CTS,14
4.76745e+06,19,QOSDATA_TID6,1066
4.76764e+06,20,ACK,14
4.76768e+06,19,CTL,20
4.76777e+06,18,RTS,20
4.76777e+06,10,RTS,20
4.76786e+06,14,RTS,20
4.76793e+06,20,CTS,14
4.76799e+06,14,QOSDATA_TID6,1066
4.76818e+06,20,ACK,14
4.76822e+06,14,QOSDATA_TID6,1066
4.7684e+06,20,ACK,14
4.76845e+06,14,CTL,20
4.76853e+06,15,RTS,20
4.76853e+06,8,RTS,20
4.7686e+06,20,CTS,14
4.76866e+06,8,QOSDATA_TID6,1066
4.76885e+06,20,ACK,14
4.76889e+06,8,CTL,20
4.76898e+06,15,RTS,20
4.76904e+06,20,CTS,14
4.7691e+06,15,QOSDATA_TID6,1066
4.76929e+06,20,ACK,14
4.76933e+06,15,CTL,20
4.76942e+06,6,RTS,20
4.76942e+06,17,RTS,20
4.76942e+06,1,RTS,20
4.76942e+06,10,RTS,20
4.76942e+06,3,RTS,20
4.76953e+06,16,RTS,20
4.7696e+06,20,CTS,14
4.76966e+06,16,QOSDATA_TID6,1066
4.76985e+06,20,ACK,14
4.76989e+06,16,CTL,20
4.76998e+06,7,RTS,20
4.77004e+06,20,CTS,14
4.7701e+06,7,QOSDATA_TID6,1066
4.77029e+06,20,ACK,14
4.77033e+06,7,CTL,20
4.77042e+06,9,RTS,20
4.77049e+06,20,CTS,14
4.77055e+06,9,QOSDATA_TID6,1066
4.77073e+06,20,ACK,14
4.77078e+06,9,QOSDATA_TID6,1066
4.77096e+06,20,ACK,14
4.771e+06,9,QOSDATA_TID6,1066
4.77119e+06,20,ACK,14
4.77123e+06,9,CTL,20
4.77132e+06,0,RTS,20
4.77138e+06,20,CTS,14
4.77144e+06,0,QOSDATA_TID6,1066
4.77163e+06,20,ACK,14
4.77167e+06,0,CTL,20
4.77176e+06,12,RTS,20
4.77176e+06,13,RTS,20
4.77183e+06,20,CTS,14
4.77189e+06,12,QOSDATA_TID6,1066
4.77207e+06,20,ACK,14
4.77212e+06,12,CTL,20
4.77221e+06,19,RTS,20
4.77221e+06,6,RTS,20
4.77236e+06,19,RTS,20
4.77236e+06,13,RTS,20
4.77249e+06,13,RTS,20
4.77256e+06,20,CTS,14
4.77262e+06,13,QOSDATA_TID6,1066
4.7728e+06,20,ACK,14
4.77285e+06,13,CTL,20
4.77294e+06,4,RTS,20
4.77294e+06,5,RTS,20
4.77294e+06,19,RTS,20
4.773e+06,20,CTS,14
4.77306e+06,5,QOSDATA_TID6,1066
4.77325e+06,20,ACK,14
4.77329e+06,5,CTL,20
4.77339e+06,17,RTS,20
4.77339e+06,6,RTS,20
4.77345e+06,20,CTS,14
4.77351e+06,17,QOSDATA_TID6,1066
4.7737e+06,20,ACK,14
4.77374e+06,17,QOSDATA_TID6,1066
4.77393e+06,20,ACK,14
4.77397e+06,17,CTL,20
4.77406e+06,2,RTS,20
4.77406e+06,6,RTS,20
4.77416e+06,18,RTS,20
4.77416e+06,11,RTS,20
4.77428e+06,15,RTS,20
4.77435e+06,20,CTS,14
4.77441e+06,15,QOSDATA_TID6,1066
4.77459e+06,20,ACK,14
4.77464e+06,15,CTL,20
4.77472e+06,2,RTS,20
4.77479e+06,20,CTS,14
4.77485e+06,2,QOSDATA_TID6,1066
4.77503e+06,20,ACK,14
4.77508e+06,2,CTL,20
4.77516e+06,8,RTS,20
4.77523e+06,20,CTS,14
4.77529e+06,8,QOSDATA_TID6,1066
4.77548e+06,20,ACK,14
4.77552e+06,8,CTL,20
4.7756e+06,1,RTS,20
4.7756e+06,4,RTS,20
4.7756e+06,10,RTS,20
4.77567e+06,20,CTS,14
4.77573e+06,1,QOSDATA_TID6,1066
4.77592e+06,20,ACK,14
4.77596e+06,1,QOSDATA_TID6,1066
4.77614e+06,20,ACK,14
4.77619e+06,1,CTL,20
4.77628e+06,19,RTS,20
4.77628e+06,4,RTS,20
4.77628e+06,3,RTS,20
4.77628e+06,6,RTS,20
4.77628e+06,14,RTS,20
4.77642e+06,14,RTS,20
4.77642e+06,18,RTS,20
4.77642e+06,10,RTS,20
4.77653e+06,11,RTS,20
4.77653e+06,16,RTS,20
4.77663e+06,14,RTS,20
4.7767e+06,20,CTS,14
4.77676e+06,14,QOSDATA_TID6,1066
4.77694e+06,20,ACK,14
4.77699e+06,14,CTL,20
4.77707e+06,3,RTS,20
4.77707e+06,11,RTS,20
4.77707e+06,16,RTS,20
4.77718e+06,0,RTS,20
4.77718e+06,6,RTS,20
4.77728e+06,19,RTS,20
4.77728e+06,11,RTS,20
4.77728e+06,4,RTS,20
4.77738e+06,6,RTS,20
4.77744e+06,20,CTS,14
4.7775e+06,6,QOSDATA_TID6,1066
4.77769e+06,20,ACK,14
4.77773e+06,6,CTL,20
4.77782e+06,16,RTS,20
4.77782e+06,4,RTS,20
4.77792e+06,3,RTS,20
4.77792e+06,9,RTS,20
4.77802e+06,7,RTS,20
4.77808e+06,20,CTS,14
4.77814e+06,7,QOSDATA_TID6,1066
4.77833e+06,20,ACK,14
4.77837e+06,7,CTL,20
4.77846e+06,13,RTS,20
4.77846e+06,18,RTS,20
4.77846e+06,3,RTS,20
4.77857e+06,12,RTS,20
4.77864e+06,20,CTS,14
4.7787e+06,12,QOSDATA_TID6,1066
4.77889e+06,20,ACK,14
4.77893e+06,12,CTL,20
4.77902e+06,11,RTS,20
4.77902e+06,3,RTS,20
4.77911e+06,19,RTS,20
4.77918e+06,20,CTS,14
4.77924e+06,19,QOSDATA_TID6,1066
4.77943e+06,20,ACK,14
4.77947e+06,19,QOSDATA_TID6,1066
4.77965e+06,20,ACK,14
4.7797e+06,19,CTL,20
4.77978e+06,1,RTS,20
4.77978e+06,17,RTS,20
4.77978e+06,0,RTS,20
4.77978e+06,6,RTS,20
4.77989e+06,16,RTS,20
4.77989e+06,4,RTS,20
4.77999e+06,10,RTS,20
4.78006e+06,20,CTS,14
4.78012e+06,10,QOSDATA_TID6,1066
4.7803e+06,20,ACK,14
4.78034e+06,10,QOSDATA_TID6,1066
4.78053e+06,20,ACK,14
4.78057e+06,10,CTL,20
4.78066e+06,10,RTS,20
4.78066e+06,6,RTS,20
4.78073e+06,20,CTS,14
4.78079e+06,6,QOSDATA_TID6,1066
4.78097e+06,20,ACK,14
4.78102e+06,6,CTL,20
4.78111e+06,2,RTS,20
4.78111e+06,5,RTS,20
4.78111e+06,17,RTS,20
4.78122e+06,15,RTS,20
4.78128e+06,20,CTS,14
4.78134e+06,15,QOSDATA_TID6,1066
4.78153e+06,20,ACK,14
4.78157e+06,15,CTL,20
4.78166e+06,5,RTS,20
4.78166e+06,2,RTS,20
4.78166e+06,16,RTS,20
4.78173e+06,20,CTS,14
4.78179e+06,5,QOSDATA_TID6,1066
4.78197e+06,20,ACK,14
4.78202e+06,5,CTL,20
4.78211e+06,4,RTS,20
4.78218e+06,20,CTS,14
4.78224e+06,4,QOSDATA_TID6,1066
4.78242e+06,20,ACK,14
4.78247e+06,4,QOSDATA_TID6,1066
4.78265e+06,20,ACK,14
4.78269e+06,4,CTL,20
4.78278e+06,1,RTS,20
4.78278e+06,0,CTS,14
4.7829e+06,0,RTS,20
4.78297e+06,20,CTS,14
4.78303e+06,0,QOSDATA_TID6,1066
4.78321e+06,20,ACK,14
4.78326e+06,0,CTL,20
4.78334e+06,8,RTS,20
4.78334e+06,17,RTS,20
4.78334e+06,3,RTS,20
4.78334e+06,11,RTS,20
4.78344e+06,18,RTS,20
4.78351e+06,20,CTS,14
4.78357e+06,18,QOSDATA_TID6,1066
4.78375e+06,20,ACK,14
4.7838e+06,18,QOSDATA_TID6,1066
4.78398e+06,20,ACK,14
4.78403e+06,18,QOSDATA_TID6,1066
4.78421e+06,20,ACK,14
4.78425e+06,18,QOSDATA_TID6,1066
4.78444e+06,20,ACK,14
4.78448e+06,18,CTL,20
4.78457e+06,14,RTS,20
4.78457e+06,13,RTS,20
4.78467e+06,9,RTS,20
4.78473e+06,20,CTS,14
4.78479e+06,9,QOSDATA_TID6,1066
4.78498e+06,20,ACK,14
4.78502e+06,9,CTL,20
4.78511e+06,2,RTS,20
4.78518e+06,20,CTS,14
4.78524e+06,2,QOSDATA_TID6,1066
4.78542e+06,20,ACK,14
4.78546e+06,2,CTL,20
4.78555e+06,8,RTS,20
4.78555e+06,1,RTS,20
4.78565e+06,3,RTS,20
4.78565e+06,0,RTS,20
4.78565e+06,10,RTS,20
4.78575e+06,8,RTS,20
4.78575e+06,7,RTS,20
4.78575e+06,11,RTS,20
4.78584e+06,3,RTS,20
4.78584e+06,0,RTS,20
4.78591e+06,20,CTS,14
4.78597e+06,0,QOSDATA_TID6,1066
4.78616e+06,20,ACK,14
4.7862e+06,0,CTL,20
4.78629e+06,11,RTS,20
4.78636e+06,20,CTS,14
4.78642e+06,11,QOSDATA_TID6,1066
4.7866e+06,20,ACK,14
4.78664e+06,11,CTL,20
4.78673e+06,1,RTS,20
4.78673e+06,13,RTS,20
4.78673e+06,10,RTS,20
4.78685e+06,14,RTS,20
4.78692e+06,20,CTS,14
4.78698e+06,14,QOSDATA_TID6,1066
4.78717e+06,20,ACK,14
4.78721e+06,14,CTL,20
4.7873e+06,3,RTS,20
4.78736e+06,20,CTS,14
4.78742e+06,3,QOSDATA_TID6,1066
4.78761e+06,20,ACK,14
4.78765e+06,3,QOSDATA_TID6,1066
4.78784e+06,20,ACK,14
4.78788e+06,3,QOSDATA_TID6,1066
4.78806e+06,20,ACK,14
4.78811e+06,3,CTL,20
4.78819e+06,9,RTS,20
4.78819e+06,19,RTS,20
4.78819e+06,12,RTS,20
4.78819e+06,11,RTS,20
4.78819e+06,16,RTS,20
4.78819e+06,7,RTS,20
4.78829e+06,17,RTS,20
4.78829e+06,5,RTS,20
4.78836e+06,20,CTS,14
4.78842e+06,5,QOSDATA_TID6,1066
4.7886e+06,20,ACK,14
4.78865e+06,5,CTL,20
4.78873e+06,17,RTS,20
4.78873e+06,11,RTS,20
4.78873e+06,16,RTS,20
4.78873e+06,6,RTS,20
4.78873e+06,15,RTS,20
4.78883e+06,2,RTS,20
4.7889e+06,20,CTS,14
4.78896e+06,2,QOSDATA_TID6,1066
4.78914e+06,20,ACK,14
4.78919e+06,2,CTL,20
4.78927e+06,6,RTS,20
4.78934e+06,20,CTS,14
4.7894e+06,6,QOSDATA_TID6,1066
4.78959e+06,20,ACK,14
4.78963e+06,6,CTL,20
4.78972e+06,10,RTS,20
4.78972e+06,8,RTS,20
4.78972e+06,1,RTS,20
4.78982e+06,7,RTS,20
4.78982e+06,16,RTS,20
4.78982e+06,13,RTS,20
4.78992e+06,17,RTS,20
4.78999e+06,20,CTS,14
4.79005e+06,17,QOSDATA_TID6,1066
4.79023e+06,20,ACK,14
4.79028e+06,17,QOSDATA_TID6,1066
4.79046e+06,20,ACK,14
4.7905e+06,17,CTL,20
4.7906e+06,19,RTS,20
4.7906e+06,7,RTS,20
4.7906e+06,16,RTS,20
4.7906e+06,10,RTS,20
4.79072e+06,9,RTS,20
4.79072e+06,15,RTS,20
4.79078e+06,20,CTS,14
4.79084e+06,15,QOSDATA_TID6,1066
4.79103e+06,20,ACK,14
4.79107e+06,15,CTL,20
4.79118e+06,12,RTS,20
4.79118e+06,4,RTS,20
4.79124e+06,20,CTS,14
4.7913e+06,12,QOSDATA_TID6,1066
4.79149e+06,20,ACK,14
4.79153e+06,12,CTL,20
4.79164e+06,7,RTS,20
4.79164e+06,14,RTS,20
4.79164e+06,18,RTS,20
4.79174e+06,19,RTS,20
4.79181e+06,20,CTS,14
4.79187e+06,19,QOSDATA_TID6,1066
4.79206e+06,20,ACK,14
4.7921e+06,19,CTL,20
4.79218e+06,14,RTS,20
4.79225e+06,20,CTS,14
4.79231e+06,14,QOSDATA_TID6,1066
4.7925e+06,20,ACK,14
4.79254e+06,14,CTL,20
4.79265e+06,18,RTS,20
4.79265e+06,7,RTS,20
4.79271e+06,20,CTS,14
4.79277e+06,7,QOSDATA_TID6,1066
4.79296e+06,20,ACK,14
4.793e+06,7,CTL,20
4.79309e+06,0,RTS,20
4.79316e+06,20,CTS,14
4.79322e+06,0,QOSDATA_TID6,1066
4.7934e+06,20,ACK,14
4.79344e+06,0,CTL,20
4.79355e+06,10,RTS,20
4.79355e+06,8,RTS,20
4.79355e+06,7,RTS,20
4.79355e+06,1,RTS,20
4.79355e+06,13,RTS,20
4.79355e+06,16,RTS,20
4.79365e+06,9,RTS,20
4.79371e+06,20,CTS,14
4.79377e+06,9,QOSDATA_TID6,1066
4.79396e+06,20,ACK,14
4.794e+06,9,QOSDATA_TID6,1066
4.79419e+06,20,ACK,14
4.79423e+06,9,CTL,20
4.79432e+06,13,RTS,20
4.79438e+06,20,CTS,14
4.79444e+06,13,QOSDATA_TID6,1066
4.79463e+06,20,ACK,14
4.79467e+06,13,QOSDATA_TID6,1066
4.79486e+06,20,ACK,14
4.7949e+06,13,QOSDATA_TID6,1066
4.79508e+06,20,ACK,14
4.79513e+06,13,CTL,20
4.79522e+06,16,RTS,20
4.79529e+06,20,CTS,14
4.79535e+06,16,QOSDATA_TID6,1066
4.79554e+06,20,ACK,14
4.79558e+06,16,QOSDATA_TID6,1066
4.79576e+06,20,ACK,14
4.79581e+06,16,CTL,20
4.79589e+06,11,RTS,20
4.79589e+06,12,RTS,20
4.79589e+06,3,RTS,20
4.79596e+06,20,CTS,14
4.79602e+06,12,QOSDATA_TID6,1066
4.7962e+06,20,ACK,14
4.79625e+06,12,CTL,20
4.79634e+06,5,RTS,20
4.79634e+06,19,RTS,20
4.79634e+06,6,RTS,20
4.7964e+06,20,CTS,14
4.79646e+06,5,QOSDATA_TID6,1066
4.79665e+06,20,ACK,14
4.79669e+06,5,CTL,20
4.79678e+06,17,RTS,20
4.79678e+06,19,RTS,20
4.79678e+06,7,RTS,20
4.79688e+06,18,RTS,20
4.79694e+06,20,CTS,14
4.797e+06,18,QOSDATA_TID6,1066
4.79719e+06,20,ACK,14
4.79723e+06,18,CTL,20
4.79732e+06,1,RTS,20
4.79732e+06,15,RTS,20
4.79732e+06,4,RTS,20
4.79742e+06,7,RTS,20
4.79749e+06,20,CTS,14
4.79755e+06,7,QOSDATA_TID6,1066
4.79774e+06,20,ACK,14
4.79778e+06,7,CTL,20
4.79787e+06,15,RTS,20
4.79787e+06,10,RTS,20
4.79793e+06,20,CTS,14
4.79799e+06,15,QOSDATA_TID6,1066
4.79818e+06,20,ACK,14
4.79822e+06,15,CTL,20
4.79831e+06,8,RTS,20
4.79831e+06,18,RTS,20
4.79831e+06,11,RTS,20
4.79831e+06,10,RTS,20
4.79842e+06,2,RTS,20
4.79842e+06,6,RTS,20
4.79852e+06,11,RTS,20
4.79859e+06,20,CTS,14
4.79865e+06,11,QOSDATA_TID6,1066
4.79883e+06,20,ACK,14
4.79888e+06,11,QOSDATA_TID6,1066
4.79906e+06,20,ACK,14
4.79911e+06,11,CTL,20
4.79919e+06,18,RTS,20
4.79919e+06,6,RTS,20
4.79919e+06,10,RTS,20
4.7993e+06,8,RTS,20
4.7993e+06,4,RTS,20
4.79937e+06,20,CTS,14
4.79943e+06,8,QOSDATA_TID6,1066
4.79961e+06,20,ACK,14
4.79966e+06,8,QOSDATA_TID6,1066
4.79984e+06,20,ACK,14
4.79988e+06,8,QOSDATA_TID6,1066
4.80007e+06,20,ACK,14
4.80011e+06,8,CTL,20
4.80021e+06,4,RTS,20
4.80028e+06,20,CTS,14
4.80034e+06,4,QOSDATA_TID6,1066
4.80052e+06,20,ACK,14
4.80056e+06,4,QOSDATA_TID6,1066
4.80075e+06,20,ACK,14
4.80079e+06,4,CTL,20
4.80088e+06,16,RTS,20
4.80088e+06,17,RTS,20
4.80094e+06,20,CTS,14
4.801e+06,17,QOSDATA_TID6,1066
4.80119e+06,20,ACK,14
4.80123e+06,17,CTL,20
4.80133e+06,1,RTS,20
4.80133e+06,0,RTS,20
4.80133e+06,14,RTS,20
4.80143e+06,3,RTS,20
4.80149e+06,20,CTS,14
4.80155e+06,3,QOSDATA_TID6,1066
4.80174e+06,20,ACK,14
4.80178e+06,3,CTL,20
4.80188e+06,9,RTS,20
4.80188e+06,1,RTS,20
4.80188e+06,0,RTS,20
4.80198e+06,2,RTS,20
4.80198e+06,10,RTS,20
4.80198e+06,13,RTS,20
4.8021e+06,1,RTS,20
4.8021e+06,18,RTS,20
4.8021e+06,14,RTS,20
4.80221e+06,9,RTS,20
4.80228e+06,20,CTS,14
4.80234e+06,9,QOSDATA_TID6,1066
4.80252e+06,20,ACK,14
4.80257e+06,9,CTL,20
4.80265e+06,3,RTS,20
4.80265e+06,14,RTS,20
4.80276e+06,12,RTS,20
4.80283e+06,20,CTS,14
4.80289e+06,12,QOSDATA_TID6,1066
4.80307e+06,20,ACK,14
4.80312e+06,12,CTL,20
4.8032e+06,7,RTS,20
4.80327e+06,20,CTS,14
4.80333e+06,7,QOSDATA_TID6,1066
4.80351e+06,20,ACK,14
4.80356e+06,7,CTL,20
4.80364e+06,1,RTS,20
4.80364e+06,11,RTS,20
4.80364e+06,16,RTS,20
4.80374e+06,13,RTS,20
4.80381e+06,20,CTS,14
4.80387e+06,13,QOSDATA_TID6,1066
4.80405e+06,20,ACK,14
4.8041e+06,13,CTL,20
4.80418e+06,6,RTS,20
4.80425e+06,20,CTS,14
4.80431e+06,6,QOSDATA_TID6,1066
4.8045e+06,20,ACK,14
4.80454e+06,6,QOSDATA_TID6,1066
4.80472e+06,20,ACK,14
4.80477e+06,6,CTL,20
4.80485e+06,2,RTS,20
4.80485e+06,17,RTS,20
4.80485e+06,11,RTS,20
4.80485e+06,4,RTS,20
4.80495e+06,14,RTS,20
4.80502e+06,20,CTS,14
4.80508e+06,14,QOSDATA_TID6,1066
4.80526e+06,20,ACK,14
4.80531e+06,14,CTL,20
4.80539e+06,15,RTS,20
4.80539e+06,0,CTS,14
4.80549e+06,0,RTS,20
4.80556e+06,20,CTS,14
4.80562e+06,0,QOSDATA_TID6,1066
4.8058e+06,20,ACK,14
4.80584e+06,0,CTL,20
4.80594e+06,18,RTS,20
4.80594e+06,5,RTS,20
4.80594e+06,17,RTS,20
4.80594e+06,19,RTS,20
4.80606e+06,1,RTS,20
4.80606e+06,3,RTS,20
4.80606e+06,11,RTS,20
4.80619e+06,1,RTS,20
4.80619e+06,15,RTS,20
4.80619e+06,18,RTS,20
4.8063e+06,3,RTS,20
4.80636e+06,20,CTS,14
4.80642e+06,3,QOSDATA_TID6,1066
4.80661e+06,20,ACK,14
4.80665e+06,3,CTL,20
4.80676e+06,10,RTS,20
4.80676e+06,8,RTS,20
4.80682e+06,20,CTS,14
4.80688e+06,8,QOSDATA_TID6,1066
4.80707e+06,20,ACK,14
4.80711e+06,8,CTL,20
4.8072e+06,14,RTS,20
4.80727e+06,20,CTS,14
4.80733e+06,14,QOSDATA_TID6,1066
4.80751e+06,20,ACK,14
4.80756e+06,14,CTL,20
4.80765e+06,10,RTS,20
4.80772e+06,20,CTS,14
4.80778e+06,10,QOSDATA_TID6,1066
4.80796e+06,20,ACK,14
4.80801e+06,10,QOSDATA_TID6,1066
4.80819e+06,20,ACK,14
4.80824e+06,10,QOSDATA_TID6,1066
4.80842e+06,20,ACK,14
4.80846e+06,10,CTL,20
4.80855e+06,2,RTS,20
4.80855e+06,5,RTS,20
4.80855e+06,1,RTS,20
4.80855e+06,4,RTS,20
4.80862e+06,20,CTS,14
4.80868e+06,5,QOSDATA_TID6,1066
4.80886e+06,20,ACK,14
4.8089e+06,5,CTL,20
4.80899e+06,4,RTS,20
4.80906e+06,20,CTS,14
4.80912e+06,4,QOSDATA_TID6,1066
4.8093e+06,20,ACK,14
4.80935e+06,4,CTL,20
4.80943e+06,16,RTS,20
4.80943e+06,17,RTS,20
4.80943e+06,15,RTS,20
4.8095e+06,20,CTS,14
4.80956e+06,17,QOSDATA_TID6,1066
4.80974e+06,20,ACK,14
4.80979e+06,17,CTL,20
4.80988e+06,9,RTS,20
4.80988e+06,18,RTS,20
4.80995e+06,20,CTS,14
4.81001e+06,18,QOSDATA_TID6,1066
4.8102e+06,20,ACK,14
4.81024e+06,18,QOSDATA_TID6,1066
4.81042e+06,20,ACK,14
4.81047e+06,18,CTL,20
4.81055e+06,2,RTS,20
4.81055e+06,9,RTS,20
4.81055e+06,7,RTS,20
4.81065e+06,19,RTS,20
4.81072e+06,20,CTS,14
4.81078e+06,19,QOSDATA_TID6,1066
4.81096e+06,20,ACK,14
4.81101e+06,19,QOSDATA_TID6,1066
4.81119e+06,20,ACK,14
4.81124e+06,19,QOSDATA_TID6,1066
4.81142e+06,20,ACK,14
4.81146e+06,19,CTL,20
4.81155e+06,1,RTS,20
4.81155e+06,0,RTS,20
4.81155e+06,6,RTS,20
4.81165e+06,3,RTS,20
4.81165e+06,9,RTS,20
4.81165e+06,13,RTS,20
4.81175e+06,6,RTS,20
4.81175e+06,2,RTS,20
4.81184e+06,11,RTS,20
4.81191e+06,20,CTS,14
4.81197e+06,11,QOSDATA_TID6,1066
4.81216e+06,20,ACK,14
4.8122e+06,11,QOSDATA_TID6,1066
4.81238e+06,20,ACK,14
4.81243e+06,11,CTL,20
4.81251e+06,12,RTS,20
4.81251e+06,6,RTS,20
4.81258e+06,20,CTS,14
4.81264e+06,12,QOSDATA_TID6,1066
4.81283e+06,20,ACK,14
4.81287e+06,12,CTL,20
4.81296e+06,16,RTS,20
4.81296e+06,2,RTS,20
4.81296e+06,6,RTS,20
4.81306e+06,17,RTS,20
4.81313e+06,20,CTS,14
4.81319e+06,17,QOSDATA_TID6,1066
4.81338e+06,20,ACK,14
4.81342e+06,17,CTL,20
4.81352e+06,5,RTS,20
4.81352e+06,7,RTS,20
4.81352e+06,4,RTS,20
4.81352e+06,0,RTS,20
4.81352e+06,10,RTS,20
4.81359e+06,20,CTS,14
4.81365e+06,5,QOSDATA_TID6,1066
4.81384e+06,20,ACK,14
4.81388e+06,5,CTL,20
4.81397e+06,7,RTS,20
4.81404e+06,20,CTS,14
4.8141e+06,7,QOSDATA_TID6,1066
4.81429e+06,20,ACK,14
4.81433e+06,7,CTL,20
4.81442e+06,4,RTS,20
4.81448e+06,20,CTS,14
4.81454e+06,4,QOSDATA_TID6,1066
4.81473e+06,20,ACK,14
4.81477e+06,4,CTL,20
4.81486e+06,8,RTS,20
4.81486e+06,13,RTS,20
4.81493e+06,20,CTS,14
4.81499e+06,8,QOSDATA_TID6,1066
4.81517e+06,20,ACK,14
4.81521e+06,8,CTL,20
4.81531e+06,18,RTS,20
4.81538e+06,20,CTS,14
4.81544e+06,18,QOSDATA_TID6,1066
4.81562e+06,20,ACK,14
4.81567e+06,18,CTL,20
4.81575e+06,6,RTS,20
4.81575e+06,3,RTS,20
4.81575e+06,15,RTS,20
4.81575e+06,16,RTS,20
4.81586e+06,10,RTS,20
4.81593e+06,20,CTS,14
4.81599e+06,10,QOSDATA_TID6,1066
4.81617e+06,20,ACK,14
4.81622e+06,10,CTL,20
4.8163e+06,16,RTS,20
4.81637e+06,20,CTS,14
4.81643e+06,16,QOSDATA_TID6,1066
4.81661e+06,20,ACK,14
4.81666e+06,16,QOSDATA_TID6,1066
4.81684e+06,20,ACK,14
4.81688e+06,16,QOSDATA_TID6,1066
4.81707e+06,20,ACK,14
4.81711e+06,16,CTL,20
4.8172e+06,1,RTS,20
4.8172e+06,2,RTS,20
4.8172e+06,9,RTS,20
4.8172e+06,0,CTS,14
4.8172e+06,14,RTS,20
4.81733e+06,0,RTS,20
4.8174e+06,20,CTS,14
4.81746e+06,0,QOSDATA_TID6,1066
4.81764e+06,20,ACK,14
4.81769e+06,0,QOSDATA_TID6,1066
4.81787e+06,20,ACK,14
4.81791e+06,0,CTL,20
4.818e+06,2,RTS,20
4.81807e+06,20,CTS,14
4.81813e+06,2,QOSDATA_TID6,1066
4.81831e+06,20,ACK,14
4.81836e+06,2,QOSDATA_TID6,1066
4.81854e+06,20,ACK,14
4.81858e+06,2,CTL,20
4.81867e+06,1,RTS,20
4.81867e+06,15,RTS,20
4.81867e+06,13,RTS,20
4.81878e+06,7,RTS,20
4.81884e+06,20,CTS,14
4.8189e+06,7,QOSDATA_TID6,1066
4.81909e+06,20,ACK,14
4.81913e+06,7,CTL,20
4.81922e+06,1,RTS,20
4.81922e+06,11,RTS,20
4.81929e+06,20,CTS,14
4.81935e+06,1,QOSDATA_TID6,1066
4.81953e+06,20,ACK,14
4.81958e+06,1,QOSDATA_TID6,1066
4.81976e+06,20,ACK,14
4.8198e+06,1,QOSDATA_TID6,1066
4.81999e+06,20,ACK,14
4.82003e+06,1,QOSDATA_TID6,1066
4.82022e+06,20,ACK,14
4.82026e+06,1,CTL,20
4.82034e+06,12,RTS,20
4.82034e+06,14,RTS,20
4.82041e+06,20,CTS,14
4.82047e+06,12,QOSDATA_TID6,1066
4.82066e+06,20,ACK,14
4.8207e+06,12,CTL,20
4.82079e+06,13,RTS,20
4.82079e+06,2,RTS,20
4.82088e+06,14,RTS,20
4.82095e+06,20,CTS,14
4.82101e+06,14,QOSDATA_TID6,1066
4.8212e+06,20,ACK,14
4.82124e+06,14,CTL,20
4.82134e+06,6,RTS,20
4.82134e+06,17,RTS,20
4.82134e+06,19,RTS,20
4.82143e+06,4,RTS,20
4.82143e+06,10,RTS,20
4.82156e+06,5,RTS,20
4.82163e+06,20,CTS,14
4.82169e+06,5,QOSDATA_TID6,1066
4.82188e+06,20,ACK,14
4.82192e+06,5,CTL,20
4.822e+06,19,RTS,20
4.822e+06,4,RTS,20
4.82207e+06,20,CTS,14
4.82213e+06,19,QOSDATA_TID6,1066
4.82232e+06,20,ACK,14
4.82236e+06,19,CTL,20
4.82245e+06,4,RTS,20
4.82245e+06,15,RTS,20
4.82252e+06,20,CTS,14
4.82258e+06,15,QOSDATA_TID6,1066
4.82276e+06,20,ACK,14
4.8228e+06,15,QOSDATA_TID6,1066
4.82299e+06,20,ACK,14
4.82303e+06,15,QOSDATA_TID6,1066
4.82322e+06,20,ACK,14
4.82326e+06,15,CTL,20
4.82334e+06,4,RTS,20
4.82341e+06,20,CTS,14
4.82347e+06,4,QOSDATA_TID6,1066
4.82366e+06,20,ACK,14
4.8237e+06,4,CTL,20
4.82379e+06,8,RTS,20
4.82379e+06,6,RTS,20
4.82379e+06,14,RTS,20
4.82386e+06,20,CTS,14
4.82392e+06,8,QOSDATA_TID6,1066
4.8241e+06,20,ACK,14
4.82414e+06,8,CTL,20
4.82423e+06,6,RTS,20
4.8243e+06,20,CTS,14
4.82436e+06,6,QOSDATA_TID6,1066
4.82454e+06,20,ACK,14
4.82459e+06,6,CTL,20
4.82467e+06,18,RTS,20
4.82467e+06,17,RTS,20
4.82474e+06,20,CTS,14
4.8248e+06,17,QOSDATA_TID6,1066
4.82498e+06,20,ACK,14
4.82503e+06,17,CTL,20
4.82511e+06,3,RTS,20
4.82511e+06,9,RTS,20
4.82511e+06,0,RTS,20
4.82521e+06,11,RTS,20
4.82521e+06,13,RTS,20
4.82531e+06,2,RTS,20
4.82538e+06,20,CTS,14
4.82544e+06,2,QOSDATA_TID6,1066
4.82562e+06,20,ACK,14
4.82567e+06,2,CTL,20
4.82575e+06,18,RTS,20
4.82582e+06,20,CTS,14
4.82588e+06,18,QOSDATA_TID6,1066
4.82606e+06,20,ACK,14
4.82611e+06,18,CTL,20
4.82619e+06,10,RTS,20
4.82619e+06,7,RTS,20
4.82626e+06,20,CTS,14
4.82632e+06,7,QOSDATA_TID6,1066
4.82651e+06,20,ACK,14
4.82655e+06,7,CTL,20
4.82664e+06,16,RTS,20
4.82664e+06,9,RTS,20
4.82676e+06,14,RTS,20
4.82683e+06,20,CTS,14
4.82689e+06,14,QOSDATA_TID6,1066
4.82707e+06,20,ACK,14
4.82712e+06,14,CTL,20
4.8272e+06,1,RTS,20
4.8272e+06,9,RTS,20
4.82727e+06,20,CTS,14
4.82733e+06,1,QOSDATA_TID6,1066
4.82752e+06,20,ACK,14
4.82756e+06,1,CTL,20
4.82765e+06,6,RTS,20
4.82772e+06,20,CTS,14
4.82778e+06,6,QOSDATA_TID6,1066
4.82797e+06,20,ACK,14
4.82801e+06,6,CTL,20
4.8281e+06,0,RTS,20
4.8281e+06,17,RTS,20
4.8281e+06,19,RTS,20
4.8281e+06,16,RTS,20
4.8282e+06,10,RTS,20
4.82827e+06,20,CTS,14
4.82833e+06,10,QOSDATA_TID6,1066
4.82852e+06,20,ACK,14
4.82856e+06,10,CTL,20
4.82864e+06,20,BEACON,152
4.8289e+06,0,CTS,14
4.8289e+06,2,RTS,20
4.8289e+06,19,RTS,20
4.8289e+06,15,RTS,20
4.8289e+06,10,RTS,20
4.8289e+06,3,RTS,20
4.82899e+06,0,RTS,20
4.82906e+06,20,CTS,14
4.82912e+06,0,QOSDATA_TID6,1066
4.8293e+06,20,ACK,14
4.82935e+06,0,CTL,20
4.82944e+06,12,RTS,20
4.82944e+06,13,RTS,20
4.82944e+06,4,RTS,20
4.8295e+06,20,CTS,14
4.82956e+06,12,QOSDATA_TID6,1066
4.82975e+06,20,ACK,14
4.82979e+06,12,CTL,20
4.82988e+06,2,RTS,20
4.82988e+06,9,RTS,20
4.82994e+06,20,CTS,14
4.83e+06,2,QOSDATA_TID6,1066
4.83019e+06,20,ACK,14
4.83023e+06,2,CTL,20
4.83032e+06,18,RTS,20
4.83032e+06,9,RTS,20
4.83032e+06,16,RTS,20
4.83043e+06,19,RTS,20
4.83049e+06,20,CTS,14
4.83055e+06,19,QOSDATA_TID6,1066
4.83074e+06,20,ACK,14
4.83078e+06,19,CTL,20
4.83087e+06,5,RTS,20
4.83087e+06,9,RTS,20
4.83087e+06,18,RTS,20
4.83094e+06,20,CTS,14
4.831e+06,5,QOSDATA_TID6,1066
4.83118e+06,20,ACK,14
4.83122e+06,5,CTL,20
4.83132e+06,9,RTS,20
4.83132e+06,15,RTS,20
4.83139e+06,20,CTS,14
4.83145e+06,15,QOSDATA_TID6,1066
4.83163e+06,20,ACK,14
4.83168e+06,15,CTL,20
4.83176e+06,17,RTS,20
4.83176e+06,8,RTS,20
4.83176e+06,11,RTS,20
4.83187e+06,13,RTS,20
4.83187e+06,14,RTS,20
4.83197e+06,8,RTS,20
4.83204e+06,20,CTS,14
4.8321e+06,8,QOSDATA_TID6,1066
4.83228e+06,20,ACK,14
4.83232e+06,8,CTL,20
4.83243e+06,11,RTS,20
4.83243e+06,16,RTS,20
4.83243e+06,9,RTS,20
4.83243e+06,18,RTS,20
4.83252e+06,14,RTS,20
4.83259e+06,20,CTS,14
4.83265e+06,14,QOSDATA_TID6,1066
4.83284e+06,20,ACK,14
4.83288e+06,14,CTL,20
4.83297e+06,9,RTS,20
4.83297e+06,4,RTS,20
4.83307e+06,17,RTS,20
4.83314e+06,20,CTS,14
4.8332e+06,17,QOSDATA_TID6,1066
4.83339e+06,20,ACK,14
4.83343e+06,17,CTL,20
4.83352e+06,7,RTS,20
4.83359e+06,20,CTS,14
4.83365e+06,7,QOSDATA_TID6,1066
4.83384e+06,20,ACK,14
4.83388e+06,7,CTL,20
4.83398e+06,13,RTS,20
4.83398e+06,0,RTS,20
4.83398e+06,9,RTS,20
4.83409e+06,11,RTS,20
4.83409e+06,16,RTS,20
4.83419e+06,4,RTS,20
4.83419e+06,9,RTS,20
4.83419e+06,0,RTS,20
4.83419e+06,10,RTS,20
4.83429e+06,13,RTS,20
4.83436e+06,20,CTS,14
4.83442e+06,13,QOSDATA_TID6,1066
4.8346e+06,20,ACK,14
4.83464e+06,13,QOSDATA_TID6,1066
4.83483e+06,20,ACK,14
4.83487e+06,13,QOSDATA_TID6,1066
4.83506e+06,20,ACK,14
4.8351e+06,13,CTL,20
4.83519e+06,1,RTS,20
4.83519e+06,6,RTS,20
4.83519e+06,9,RTS,20
4.83529e+06,18,RTS,20
4.83536e+06,20,CTS,14
4.83542e+06,18,QOSDATA_TID6,1066
4.8356e+06,20,ACK,14
4.83565e+06,18,CTL,20
4.83574e+06,1,RTS,20
4.8358e+06,20,CTS,14
4.83586e+06,1,QOSDATA_TID6,1066
4.83605e+06,20,ACK,14
4.83609e+06,1,CTL,20
4.83618e+06,17,RTS,20
4.83618e+06,10,RTS,20
4.83624e+06,20,CTS,14
4.8363e+06,17,QOSDATA_TID6,1066
4.83649e+06,20,ACK,14
4.83653e+06,17,CTL,20
4.83662e+06,2,RTS,20
4.83662e+06,15,RTS,20
4.83672e+06,11,RTS,20
4.83678e+06,20,CTS,14
4.83684e+06,11,QOSDATA_TID6,1066
4.83703e+06,20,ACK,14
4.83707e+06,11,QOSDATA_TID6,1066
4.83726e+06,20,ACK,14
4.8373e+06,11,QOSDATA_TID6,1066
4.83748e+06,20,ACK,14
4.83753e+06,11,CTL,20
4.83762e+06,12,RTS,20
4.83768e+06,20,CTS,14
4.83774e+06,12,QOSDATA_TID6,1066
4.83793e+06,20,ACK,14
4.83797e+06,12,CTL,20
4.83806e+06,5,RTS,20
4.83806e+06,19,RTS,20
4.83806e+06,0,CTS,14
4.83806e+06,6,RTS,20
4.83816e+06,0,RTS,20
4.83823e+06,20,CTS,14
4.83829e+06,0,QOSDATA_TID6,1066
4.83847e+06,20,ACK,14
4.83852e+06,0,CTL,20
4.83861e+06,18,RTS,20
4.83861e+06,5,RTS,20
4.83861e+06,3,RTS,20
4.83861e+06,9,RTS,20
4.83868e+06,20,CTS,14
4.83874e+06,5,QOSDATA_TID6,1066
4.83892e+06,20,ACK,14
4.83897e+06,5,CTL,20
4.83905e+06,16,RTS,20
4.83905e+06,4,RTS,20
4.83915e+06,3,RTS,20
4.83915e+06,14,RTS,20
4.83931e+06,16,RTS,20
4.83931e+06,4,RTS,20
4.83941e+06,14,RTS,20
4.83948e+06,20,CTS,14
4.83954e+06,14,QOSDATA_TID6,1066
4.83972e+06,20,ACK,14
4.83977e+06,14,CTL,20
4.83985e+06,4,RTS,20
4.83992e+06,20,CTS,14
4.83998e+06,4,QOSDATA_TID6,1066
4.84017e+06,20,ACK,14
4.84021e+06,4,QOSDATA_TID6,1066
4.84039e+06,20,ACK,14
4.84044e+06,4,CTL,20
4.84052e+06,8,RTS,20
4.84059e+06,20,CTS,14
4.84065e+06,8,QOSDATA_TID6,1066
4.84084e+06,20,ACK,14
4.84088e+06,8,CTL,20
4.84097e+06,3,RTS,20
4.84097e+06,6,RTS,20
4.84103e+06,20,CTS,14
4.84109e+06,6,QOSDATA_TID6,1066
4.84128e+06,20,ACK,14
4.84132e+06,6,CTL,20
4.84141e+06,10,RTS,20
4.84141e+06,16,RTS,20
4.84152e+06,15,RTS,20
4.84158e+06,20,CTS,14
4.84164e+06,15,QOSDATA_TID6,1066
4.84183e+06,20,ACK,14
4.84187e+06,15,CTL,20
4.84196e+06,16,RTS,20
4.84202e+06,20,CTS,14
4.84208e+06,16,QOSDATA_TID6,1066
4.84227e+06,20,ACK,14
4.84231e+06,16,QOSDATA_TID6,1066
4.8425e+06,20,ACK,14
4.84254e+06,16,CTL,20
4.84263e+06,12,RTS,20
4.84263e+06,7,RTS,20
4.84263e+06,2,RTS,20
4.84263e+06,18,RTS,20
4.84272e+06,13,RTS,20
4.84279e+06,20,CTS,14
4.84285e+06,13,QOSDATA_TID6,1066
4.84304e+06,20,ACK,14
4.84308e+06,13,CTL,20
4.84318e+06,11,RTS,20
4.84318e+06,1,RTS,20
4.84318e+06,6,RTS,20
4.84318e+06,19,RTS,20
4.84328e+06,10,RTS,20
4.84335e+06,20,CTS,14
4.84341e+06,10,QOSDATA_TID6,1066
4.8436e+06,20,ACK,14
4.84364e+06,10,QOSDATA_TID6,1066
4.84382e+06,20,ACK,14
4.84387e+06,10,CTL,20
4.84395e+06,9,RTS,20
4.84402e+06,20,CTS,14
4.84408e+06,9,QOSDATA_TID6,1066
4.84426e+06,20,ACK,14
4.84431e+06,9,QOSDATA_TID6,1066
4.84449e+06,20,ACK,14
4.84454e+06,9,QOSDATA_TID6,1066
4.84472e+06,20,ACK,14
4.84476e+06,9,CTL,20
4.84485e+06,2,RTS,20
4.84485e+06,4,RTS,20
4.84492e+06,20,CTS,14
4.84498e+06,2,QOSDATA_TID6,1066
4.84516e+06,20,ACK,14
4.84521e+06,2,QOSDATA_TID6,1066
4.84539e+06,20,ACK,14
4.84544e+06,2,CTL,20
4.84553e+06,0,RTS,20
4.84553e+06,17,RTS,20
4.84553e+06,15,RTS,20
4.84563e+06,7,RTS,20
4.8457e+06,20,CTS,14
4.84576e+06,7,QOSDATA_TID6,1066
4.84594e+06,20,ACK,14
4.84598e+06,7,CTL,20
4.84607e+06,15,RTS,20
4.84607e+06,3,RTS,20
4.84618e+06,17,RTS,20
4.84618e+06,12,RTS,20
4.84629e+06,3,RTS,20
4.84636e+06,20,CTS,14
4.84642e+06,3,QOSDATA_TID6,1066
4.84661e+06,20,ACK,14
4.84665e+06,3,QOSDATA_TID6,1066
4.84683e+06,20,ACK,14
4.84688e+06,3,QOSDATA_TID6,1066
4.84706e+06,20,ACK,14
4.84711e+06,3,QOSDATA_TID6,1066
4.84729e+06,20,ACK,14
4.84733e+06,3,CTL,20
4.84742e+06,10,RTS,20
4.84742e+06,17,RTS,20
4.84742e+06,11,RTS,20
4.84749e+06,20,CTS,14
4.84755e+06,17,QOSDATA_TID6,1066
4.84773e+06,20,ACK,14
4.84778e+06,17,CTL,20
4.84786e+06,0,RTS,20
4.84786e+06,6,RTS,20
4.84796e+06,18,RTS,20
4.84796e+06,10,RTS,20
4.84806e+06,19,RTS,20
4.84806e+06,8,RTS,20
4.84806e+06,14,RTS,20
4.84806e+06,15,RTS,20
4.84816e+06,4,RTS,20
4.84822e+06,20,CTS,14
4.84828e+06,4,QOSDATA_TID6,1066
4.84847e+06,20,ACK,14
4.84851e+06,4,CTL,20
4.8486e+06,16,RTS,20
4.8486e+06,11,RTS,20
4.8486e+06,1,RTS,20
4.8487e+06,12,RTS,20
4.8487e+06,18,RTS,20
4.84877e+06,20,CTS,14
4.84883e+06,12,QOSDATA_TID6,1066
4.84902e+06,20,ACK,14
4.84906e+06,12,CTL,20
4.84916e+06,5,RTS,20
4.84916e+06,11,RTS,20
4.84916e+06,18,RTS,20
4.84922e+06,20,CTS,14
4.84928e+06,5,QOSDATA_TID6,1066
4.84947e+06,20,ACK,14
4.84951e+06,5,CTL,20
4.8496e+06,7,RTS,20
4.84967e+06,20,CTS,14
4.84973e+06,7,QOSDATA_TID6,1066
4.84991e+06,20,ACK,14
4.84995e+06,7,CTL,20
4.85004e+06,15,RTS,20
4.85011e+06,20,CTS,14
4.85017e+06,15,QOSDATA_TID6,1066
4.85035e+06,20,ACK,14
4.8504e+06,15,CTL,20
4.85048e+06,12,RTS,20
4.85048e+06,1,RTS,20
4.85055e+06,20,CTS,14
4.85061e+06,12,QOSDATA_TID6,1066
4.85079e+06,20,ACK,14
4.85084e+06,12,CTL,20
4.85093e+06,13,RTS,20
4.85093e+06,14,RTS,20
4.85103e+06,1,RTS,20
4.8511e+06,20,CTS,14
4.85116e+06,1,QOSDATA_TID6,1066
4.85134e+06,20,ACK,14
4.85139e+06,1,QOSDATA_TID6,1066
4.85157e+06,20,ACK,14
4.85162e+06,1,CTL,20
4.85171e+06,17,RTS,20
4.85171e+06,19,RTS,20
4.85171e+06,3,RTS,20
4.85171e+06,9,RTS,20
4.85181e+06,8,RTS,20
4.85181e+06,0,CTS,14
4.85181e+06,6,RTS,20
4.85196e+06,0,RTS,20
4.85202e+06,20,CTS,14
4.85208e+06,0,QOSDATA_TID6,1066
4.85227e+06,20,ACK,14
4.85231e+06,0,QOSDATA_TID6,1066
4.8525e+06,20,ACK,14
4.85254e+06,0,CTL,20
4.85263e+06,2,RTS,20
4.85263e+06,15,RTS,20
4.85263e+06,8,RTS,20
4.85263e+06,19,RTS,20
4.85263e+06,16,RTS,20
4.85275e+06,13,RTS,20
4.85275e+06,6,RTS,20
4.85285e+06,17,RTS,20
4.85285e+06,19,RTS,20
4.85292e+06,20,CTS,14
4.85298e+06,17,QOSDATA_TID6,1066
4.85316e+06,20,ACK,14
4.85321e+06,17,CTL,20
4.85329e+06,15,RTS,20
4.85336e+06,20,CTS,14
4.85342e+06,15,QOSDATA_TID6,1066
4.8536e+06,20,ACK,14
4.85365e+06,15,CTL,20
4.85373e+06,13,RTS,20
4.85373e+06,3,RTS,20
4.85383e+06,11,RTS,20
4.8539e+06,20,CTS,14
4.85396e+06,11,QOSDATA_TID6,1066
4.85414e+06,20,ACK,14
4.85419e+06,11,QOSDATA_TID6,1066
4.85437e+06,20,ACK,14
4.85442e+06,11,CTL,20
4.8545e+06,8,RTS,20
4.85457e+06,20,CTS,14
4.85463e+06,8,QOSDATA_TID6,1066
4.85482e+06,20,ACK,14
4.85486e+06,8,QOSDATA_TID6,1066
4.85504e+06,20,ACK,14
4.85509e+06,8,CTL,20
4.85517e+06,5,RTS,20
4.85517e+06,16,RTS,20
4.85517e+06,3,RTS,20
4.85517e+06,10,RTS,20
4.85524e+06,20,CTS,14
4.8553e+06,5,QOSDATA_TID6,1066
4.85548e+06,20,ACK,14
4.85553e+06,5,CTL,20
4.85562e+06,14,RTS,20
4.85568e+06,20,CTS,14
4.85574e+06,14,QOSDATA_TID6,1066
4.85593e+06,20,ACK,14
4.85597e+06,14,QOSDATA_TID6,1066
4.85616e+06,20,ACK,14
4.8562e+06,14,CTL,20
4.85628e+06,6,RTS,20
4.85628e+06,18,RTS,20
4.85628e+06,4,RTS,20
4.85642e+06,19,RTS,20
4.85649e+06,20,CTS,14
4.85655e+06,19,QOSDATA_TID6,1066
4.85673e+06,20,ACK,14
4.85678e+06,19,QOSDATA_TID6,1066
4.85696e+06,20,ACK,14
4.857e+06,19,QOSDATA_TID6,1066
4.85719e+06,20,ACK,14
4.85723e+06,19,CTL,20
4.85732e+06,0,RTS,20
4.85732e+06,13,RTS,20
4.85738e+06,20,CTS,14
4.85744e+06,0,QOSDATA_TID6,1066
4.85763e+06,20,ACK,14
4.85767e+06,0,CTL,20
4.85776e+06,7,RTS,20
4.85783e+06,20,CTS,14
4.85789e+06,7,QOSDATA_TID6,1066
4.85807e+06,20,ACK,14
4.85812e+06,7,CTL,20
4.8582e+06,9,RTS,20
4.85827e+06,20,CTS,14
4.85833e+06,9,QOSDATA_TID6,1066
4.85851e+06,20,ACK,14
4.85856e+06,9,QOSDATA_TID6,1066
4.85874e+06,20,ACK,14
4.85878e+06,9,CTL,20
4.85887e+06,11,RTS,20
4.85894e+06,20,CTS,14
4.859e+06,11,QOSDATA_TID6,1066
4.85918e+06,20,ACK,14
4.85923e+06,11,CTL,20
4.85931e+06,13,RTS,20
4.85931e+06,18,RTS,20
4.85942e+06,17,RTS,20
4.85949e+06,20,CTS,14
4.85955e+06,17,QOSDATA_TID6,1066
4.85973e+06,20,ACK,14
4.85978e+06,17,CTL,20
4.85986e+06,1,RTS,20
4.85986e+06,18,RTS,20
4.85993e+06,20,CTS,14
4.85999e+06,1,QOSDATA_TID6,1066
4.86017e+06,20,ACK,14
4.86022e+06,1,CTL,20
4.8603e+06,5,RTS,20
4.86037e+06,20,CTS,14
4.86043e+06,5,QOSDATA_TID6,1066
4.86062e+06,20,ACK,14
4.86066e+06,5,CTL,20
4.86075e+06,19,RTS,20
4.86075e+06,12,RTS,20
4.86075e+06,2,RTS,20
4.86075e+06,10,RTS,20
4.86084e+06,15,RTS,20
4.86091e+06,20,CTS,14
4.86097e+06,15,QOSDATA_TID6,1066
4.86116e+06,20,ACK,14
4.8612e+06,15,CTL,20
4.86129e+06,6,RTS,20
4.86129e+06,18,RTS,20
4.86129e+06,4,RTS,20
4.86129e+06,3,RTS,20
4.86139e+06,13,RTS,20
4.86146e+06,20,CTS,14
4.86152e+06,13,QOSDATA_TID6,1066
4.8617e+06,20,ACK,14
4.86175e+06,13,QOSDATA_TID6,1066
4.86193e+06,20,ACK,14
4.86198e+06,13,CTL,20
4.86206e+06,4,RTS,20
4.86213e+06,20,CTS,14
4.86219e+06,4,QOSDATA_TID6,1066
4.86238e+06,20,ACK,14
4.86242e+06,4,QOSDATA_TID6,1066
4.8626e+06,20,ACK,14
4.86265e+06,4,CTL,20
4.86273e+06,16,RTS,20
4.86273e+06,12,RTS,20
4.86273e+06,2,RTS,20
4.8628e+06,20,CTS,14
4.86286e+06,12,QOSDATA_TID6,1066
4.86305e+06,20,ACK,14
4.86309e+06,12,CTL,20
4.86318e+06,2,RTS,20
4.86318e+06,14,RTS,20
4.86324e+06,20,CTS,14
4.8633e+06,2,QOSDATA_TID6,1066
4.86349e+06,20,ACK,14
4.86353e+06,2,QOSDATA_TID6,1066
4.86372e+06,20,ACK,14
4.86376e+06,2,CTL,20
4.86386e+06,3,RTS,20
4.86392e+06,20,CTS,14
4.86398e+06,3,QOSDATA_TID6,1066
4.86417e+06,20,ACK,14
4.86421e+06,3,QOSDATA_TID6,1066
4.8644e+06,20,ACK,14
4.86444e+06,3,CTL,20
4.86452e+06,6,RTS,20
4.86459e+06,20,CTS,14
4.86465e+06,6,QOSDATA_TID6,1066
4.86484e+06,20,ACK,14
4.86488e+06,6,QOSDATA_TID6,1066
4.86506e+06,20,ACK,14
4.86511e+06,6,QOSDATA_TID6,1066
4.86529e+06,20,ACK,14
4.86534e+06,6,CTL,20
4.86542e+06,0,RTS,20
4.86542e+06,18,RTS,20
4.86542e+06,8,RTS,20
4.86542e+06,19,RTS,20
4.86553e+06,7,RTS,20
4.8656e+06,20,CTS,14
4.86566e+06,7,QOSDATA_TID6,1066
4.86584e+06,20,ACK,14
4.86589e+06,7,CTL,20
4.86597e+06,16,RTS,20
4.86604e+06,20,CTS,14
4.8661e+06,16,QOSDATA_TID6,1066
4.86628e+06,20,ACK,14
4.86633e+06,16,QOSDATA_TID6,1066
4.86651e+06,20,ACK,14
4.86656e+06,16,QOSDATA_TID6,1066
4.86674e+06,20,ACK,14
4.86678e+06,16,CTL,20
4.86687e+06,11,RTS,20
4.86687e+06,3,RTS,20
4.86687e+06,9,RTS,20
4.86687e+06,14,RTS,20
4.86687e+06,10,RTS,20
4.86698e+06,13,RTS,20
4.86704e+06,20,CTS,14
4.8671e+06,13,QOSDATA_TID6,1066
4.86729e+06,20,ACK,14
4.86733e+06,13,CTL,20
4.86742e+06,1,RTS,20
4.86749e+06,20,CTS,14
4.86755e+06,1,QOSDATA_TID6,1066
4.86773e+06,20,ACK,14
4.86778e+06,1,CTL,20
4.86786e+06,8,RTS,20
4.86786e+06,17,RTS,20
4.86786e+06,9,RTS,20
4.86786e+06,0,RTS,20
4.86786e+06,6,RTS,20
4.86796e+06,19,RTS,20
4.86803e+06,20,CTS,14
4.86809e+06,19,QOSDATA_TID6,1066
4.86827e+06,20,ACK,14
4.86832e+06,19,QOSDATA_TID6,1066
4.8685e+06,20,ACK,14
4.86854e+06,19,CTL,20
4.86863e+06,2,RTS,20
4.86863e+06,0,CTS,14
4.86863e+06,15,RTS,20
4.86875e+06,0,RTS,20
4.86882e+06,20,CTS,14
4.86888e+06,0,QOSDATA_TID6,1066
4.86906e+06,20,ACK,14
4.86911e+06,0,CTL,20
4.86919e+06,5,RTS,20
4.86919e+06,17,RTS,20
4.86919e+06,3,RTS,20
4.86919e+06,11,RTS,20
4.8693e+06,8,RTS,20
4.8693e+06,12,RTS,20
4.8693e+06,14,RTS,20
4.8693e+06,10,RTS,20
4.86941e+06,4,RTS,20
4.86948e+06,20,CTS,14
4.86954e+06,4,QOSDATA_TID6,1066
4.86972e+06,20,ACK,14
4.86976e+06,4,CTL,20
4.86986e+06,11,RTS,20
4.86986e+06,12,RTS,20
4.86986e+06,2,RTS,20
4.86986e+06,9,RTS,20
4.86993e+06,20,CTS,14
4.86999e+06,12,QOSDATA_TID6,1066
4.87017e+06,20,ACK,14
4.87022e+06,12,CTL,20
4.8703e+06,9,RTS,20
4.87037e+06,20,CTS,14
4.87043e+06,9,QOSDATA_TID6,1066
4.87061e+06,20,ACK,14
4.87066e+06,9,CTL,20
4.87074e+06,15,RTS,20
4.87081e+06,20,CTS,14
4.87087e+06,15,QOSDATA_TID6,1066
4.87106e+06,20,ACK,14
4.8711e+06,15,CTL,20
4.87118e+06,17,RTS,20
4.87118e+06,18,RTS,20
4.87118e+06,11,RTS,20
4.87125e+06,20,CTS,14
4.87131e+06,17,QOSDATA_TID6,1066
4.8715e+06,20,ACK,14
4.87154e+06,17,CTL,20
4.87164e+06,8,RTS,20
4.87164e+06,2,RTS,20
4.87164e+06,3,RTS,20
4.87164e+06,18,RTS,20
4.87164e+06,6,RTS,20
4.87164e+06,14,RTS,20
4.87176e+06,10,RTS,20
4.87183e+06,20,CTS,14
4.87189e+06,10,QOSDATA_TID6,1066
4.87207e+06,20,ACK,14
4.87212e+06,10,QOSDATA_TID6,1066
4.8723e+06,20,ACK,14
4.87234e+06,10,QOSDATA_TID6,1066
4.87253e+06,20,ACK,14
4.87257e+06,10,QOSDATA_TID6,1066
4.87276e+06,20,ACK,14
4.8728e+06,10,CTL,20
4.87289e+06,16,RTS,20
4.87296e+06,20,CTS,14
4.87302e+06,16,QOSDATA_TID6,1066
4.8732e+06,20,ACK,14
4.87324e+06,16,CTL,20
4.87333e+06,0,RTS,20
4.8734e+06,20,CTS,14
4.87346e+06,0,QOSDATA_TID6,1066
4.87364e+06,20,ACK,14
4.87368e+06,0,CTL,20
4.87377e+06,9,RTS,20
4.87384e+06,20,CTS,14
4.8739e+06,9,QOSDATA_TID6,1066
4.87408e+06,20,ACK,14
4.87413e+06,9,CTL,20
4.87421e+06,18,RTS,20
4.87421e+06,5,RTS,20
4.87421e+06,8,RTS,20
4.87428e+06,20,CTS,14
4.87434e+06,5,QOSDATA_TID6,1066
4.87452e+06,20,ACK,14
4.87457e+06,5,CTL,20
4.87466e+06,2,RTS,20
4.87466e+06,13,RTS,20
4.87476e+06,12,RTS,20
4.87483e+06,20,CTS,14
4.87489e+06,12,QOSDATA_TID6,1066
4.87507e+06,20,ACK,14
4.87512e+06,12,CTL,20
4.8752e+06,1,RTS,20
4.8752e+06,14,RTS,20
4.87527e+06,20,CTS,14
4.87533e+06,1,QOSDATA_TID6,1066
4.87552e+06,20,ACK,14
4.87556e+06,1,CTL,20
4.87565e+06,17,RTS,20
4.87571e+06,20,CTS,14
4.87577e+06,17,QOSDATA_TID6,1066
4.87596e+06,20,ACK,14
4.876e+06,17,CTL,20
4.87609e+06,11,RTS,20
4.87609e+06,2,RTS,20
4.87609e+06,3,RTS,20
4.87609e+06,18,RTS,20
4.8762e+06,19,RTS,20
4.8762e+06,13,RTS,20
4.8763e+06,6,RTS,20
4.87637e+06,20,CTS,14
4.87643e+06,6,QOSDATA_TID6,1066
4.87661e+06,20,ACK,14
4.87666e+06,6,QOSDATA_TID6,1066
4.87684e+06,20,ACK,14
4.87689e+06,6,CTL,20
4.87697e+06,18,RTS,20
4.87704e+06,20,CTS,14
4.8771e+06,18,QOSDATA_TID6,1066
4.87728e+06,20,ACK,14
4.87733e+06,18,QOSDATA_TID6,1066
4.87751e+06,20,ACK,14
4.87756e+06,18,QOSDATA_TID6,1066
4.87774e+06,20,ACK,14
4.87778e+06,18,CTL,20
4.87787e+06,2,RTS,20
4.87787e+06,19,RTS,20
4.87787e+06,7,RTS,20
4.87787e+06,4,RTS,20
4.87798e+06,5,RTS,20
4.87798e+06,15,RTS,20
4.87805e+06,20,CTS,14
4.87811e+06,5,QOSDATA_TID6,1066
4.87829e+06,20,ACK,14
4.87833e+06,5,CTL,20
4.87843e+06,11,RTS,20
4.87843e+06,4,RTS,20
4.87853e+06,18,RTS,20
4.87853e+06,10,RTS,20
4.87863e+06,3,RTS,20
4.8787e+06,20,CTS,14
4.87876e+06,3,QOSDATA_TID6,1066
4.87895e+06,20,ACK,14
4.87899e+06,3,QOSDATA_TID6,1066
4.87917e+06,20,ACK,14
4.87922e+06,3,CTL,20
4.8793e+06,2,RTS,20
4.8793e+06,14,RTS,20
4.8793e+06,15,RTS,20
4.8793e+06,13,RTS,20
4.8794e+06,8,RTS,20
4.87947e+06,20,CTS,14
4.87953e+06,8,QOSDATA_TID6,1066
4.87971e+06,20,ACK,14
4.87976e+06,8,QOSDATA_TID6,1066
4.87994e+06,20,ACK,14
4.87999e+06,8,QOSDATA_TID6,1066
4.88017e+06,20,ACK,14
4.88021e+06,8,CTL,20
4.88031e+06,19,RTS,20
4.88031e+06,7,RTS,20
4.88031e+06,4,RTS,20
4.88042e+06,18,RTS,20
4.88048e+06,20,CTS,14
4.88054e+06,18,QOSDATA_TID6,1066
4.88073e+06,20,ACK,14
4.88077e+06,18,CTL,20
4.88087e+06,10,RTS,20
4.88094e+06,20,CTS,14
4.881e+06,10,QOSDATA_TID6,1066
4.88118e+06,20,ACK,14
4.88122e+06,10,CTL,20
4.88131e+06,15,RTS,20
4.88131e+06,11,RTS,20
4.88142e+06,2,RTS,20
4.88149e+06,20,CTS,14
4.88155e+06,2,QOSDATA_TID6,1066
4.88174e+06,20,ACK,14
4.88178e+06,2,CTL,20
4.88188e+06,9,RTS,20
4.88188e+06,0,RTS,20
4.88188e+06,7,RTS,20
4.88188e+06,11,RTS,20
4.88188e+06,14,RTS,20
4.88188e+06,16,RTS,20
4.88198e+06,13,RTS,20
4.88205e+06,20,CTS,14
4.88211e+06,13,QOSDATA_TID6,1066
4.8823e+06,20,ACK,14
4.88234e+06,13,QOSDATA_TID6,1066
4.88252e+06,20,ACK,14
4.88257e+06,13,CTL,20
4.88265e+06,4,RTS,20
4.88265e+06,3,RTS,20
4.88276e+06,19,RTS,20
4.88276e+06,14,RTS,20
4.88283e+06,20,CTS,14
4.88289e+06,19,QOSDATA_TID6,1066
4.88307e+06,20,ACK,14
4.88312e+06,19,QOSDATA_TID6,1066
4.8833e+06,20,ACK,14
4.88334e+06,19,CTL,20
4.88343e+06,17,RTS,20
4.8835e+06,20,CTS,14
4.88356e+06,17,QOSDATA_TID6,1066
4.88374e+06,20,ACK,14
4.88379e+06,17,CTL,20
4.88387e+06,16,RTS,20
4.88387e+06,4,RTS,20
4.88387e+06,0,RTS,20
4.88387e+06,6,RTS,20
4.88398e+06,12,RTS,20
4.88398e+06,14,RTS,20
4.88405e+06,20,CTS,14
4.88411e+06,12,QOSDATA_TID6,1066
4.88429e+06,20,ACK,14
4.88434e+06,12,CTL,20
4.88443e+06,1,RTS,20
4.88443e+06,11,RTS,20
4.88443e+06,14,RTS,20
4.88453e+06,3,RTS,20
4.8846e+06,20,CTS,14
4.88466e+06,3,QOSDATA_TID6,1066
4.88484e+06,20,ACK,14
4.88488e+06,3,CTL,20
4.88498e+06,2,RTS,20
4.88505e+06,20,CTS,14
4.88511e+06,2,QOSDATA_TID6,1066
4.88529e+06,20,ACK,14
4.88534e+06,2,CTL,20
4.88542e+06,10,RTS,20
4.88542e+06,15,RTS,20
4.88542e+06,4,RTS,20
4.88552e+06,5,RTS,20
4.88559e+06,20,CTS,14
4.88565e+06,5,QOSDATA_TID6,1066
4.88583e+06,20,ACK,14
4.88588e+06,5,CTL,20
4.88596e+06,7,RTS,20
4.88596e+06,15,RTS,20
4.88606e+06,9,RTS,20
4.88613e+06,20,CTS,14
4.88619e+06,9,QOSDATA_TID6,1066
4.88637e+06,20,ACK,14
4.88642e+06,9,CTL,20
4.88651e+06,10,RTS,20
4.88651e+06,18,RTS,20
4.88651e+06,1,RTS,20
4.88651e+06,0,CTS,14
4.88662e+06,0,RTS,20
4.88669e+06,20,CTS,14
4.88675e+06,0,QOSDATA_TID6,1066
4.88694e+06,20,ACK,14
4.88698e+06,0,CTL,20
4.88708e+06,6,RTS,20
4.88708e+06,10,RTS,20
4.88708e+06,15,RTS,20
4.88708e+06,8,RTS,20
4.88723e+06,7,RTS,20
4.8873e+06,20,CTS,14
4.88736e+06,7,QOSDATA_TID6,1066
4.88754e+06,20,ACK,14
4.88758e+06,7,QOSDATA_TID6,1066
4.88777e+06,20,ACK,14
4.88781e+06,7,CTL,20
4.8879e+06,15,RTS,20
4.88796e+06,20,CTS,14
4.88802e+06,15,QOSDATA_TID6,1066
4.88821e+06,20,ACK,14
4.88825e+06,15,QOSDATA_TID6,1066
4.88844e+06,20,ACK,14
4.88848e+06,15,CTL,20
4.88857e+06,10,RTS,20
4.88864e+06,20,CTS,14
4.8887e+06,10,QOSDATA_TID6,1066
4.88888e+06,20,ACK,14
4.88892e+06,10,CTL,20
4.88901e+06,8,RTS,20
4.88908e+06,20,CTS,14
4.88914e+06,8,QOSDATA_TID6,1066
4.88932e+06,20,ACK,14
4.88936e+06,8,CTL,20
4.88945e+06,1,RTS,20
4.88945e+06,16,RTS,20
4.88945e+06,6,RTS,20
4.88957e+06,7,RTS,20
4.88964e+06,20,CTS,14
4.8897e+06,7,QOSDATA_TID6,1066
4.88988e+06,20,ACK,14
4.88992e+06,7,CTL,20
4.89001e+06,9,RTS,20
4.89008e+06,20,CTS,14
4.89014e+06,9,QOSDATA_TID6,1066
4.89032e+06,20,ACK,14
4.89036e+06,9,CTL,20
4.89045e+06,4,RTS,20
4.89052e+06,20,CTS,14
4.89058e+06,4,QOSDATA_TID6,1066
4.89076e+06,20,ACK,14
4.89081e+06,4,QOSDATA_TID6,1066
4.89099e+06,20,ACK,14
4.89104e+06,4,CTL,20
4.89112e+06,11,RTS,20
4.89112e+06,12,RTS,20
4.89112e+06,14,RTS,20
4.89119e+06,20,CTS,14
4.89125e+06,12,QOSDATA_TID6,1066
4.89143e+06,20,ACK,14
4.89148e+06,12,CTL,20
4.89156e+06,19,RTS,20
4.89163e+06,20,CTS,14
4.89169e+06,19,QOSDATA_TID6,1066
4.89188e+06,20,ACK,14
4.89192e+06,19,CTL,20
4.892e+06,3,RTS,20
4.892e+06,18,RTS,20
4.892e+06,0,RTS,20
4.892e+06,13,RTS,20
4.892e+06,14,RTS,20
4.8921e+06,1,RTS,20
4.89217e+06,20,CTS,14
4.89223e+06,1,QOSDATA_TID6,1066
4.89242e+06,20,ACK,14
4.89246e+06,1,QOSDATA_TID6,1066
4.89264e+06,20,ACK,14
4.89269e+06,1,CTL,20
4.89277e+06,17,RTS,20
4.89277e+06,5,RTS,20
4.89277e+06,14,RTS,20
4.89287e+06,4,RTS,20
4.89294e+06,20,CTS,14
4.893e+06,4,QOSDATA_TID6,1066
4.89318e+06,20,ACK,14
4.89323e+06,4,CTL,20
4.89331e+06,16,RTS,20
4.89331e+06,10,RTS,20
4.89341e+06,15,RTS,20
4.89348e+06,20,CTS,14
4.89354e+06,15,QOSDATA_TID6,1066
4.89372e+06,20,ACK,14
4.89377e+06,15,CTL,20
4.89386e+06,5,RTS,20
4.89386e+06,2,RTS,20
4.89393e+06,20,CTS,14
4.89399e+06,5,QOSDATA_TID6,1066
4.89418e+06,20,ACK,14
4.89422e+06,5,CTL,20
4.89432e+06,2,RTS,20
4.89432e+06,3,RTS,20
4.89432e+06,6,RTS,20
4.89442e+06,11,RTS,20
4.89449e+06,20,CTS,14
4.89455e+06,11,QOSDATA_TID6,1066
4.89473e+06,20,ACK,14
4.89478e+06,11,QOSDATA_TID6,1066
4.89496e+06,20,ACK,14
4.895e+06,11,QOSDATA_TID6,1066
4.89519e+06,20,ACK,14
4.89523e+06,11,CTL,20
4.89532e+06,2,RTS,20
4.89532e+06,3,RTS,20
4.89539e+06,20,CTS,14
4.89545e+06,2,QOSDATA_TID6,1066
4.89563e+06,20,ACK,14
4.89568e+06,2,CTL,20
4.89577e+06,3,RTS,20
4.89577e+06,17,RTS,20
4.89577e+06,16,RTS,20
4.89584e+06,20,CTS,14
4.8959e+06,17,QOSDATA_TID6,1066
4.89608e+06,20,ACK,14
4.89613e+06,17,CTL,20
4.89621e+06,18,RTS,20
4.89628e+06,20,CTS,14
4.89634e+06,18,QOSDATA_TID6,1066
4.89652e+06,20,ACK,14
4.89657e+06,18,QOSDATA_TID6,1066
4.89675e+06,20,ACK,14
4.8968e+06,18,CTL,20
4.89689e+06,10,RTS,20
4.89689e+06,8,RTS,20
4.89689e+06,13,RTS,20
4.89696e+06,20,CTS,14
4.89702e+06,8,QOSDATA_TID6,1066
4.8972e+06,20,ACK,14
4.89725e+06,8,CTL,20
4.89733e+06,13,RTS,20
4.8974e+06,20,CTS,14
4.89746e+06,13,QOSDATA_TID6,1066
4.89764e+06,20,ACK,14
4.89769e+06,13,QOSDATA_TID6,1066
4.89787e+06,20,ACK,14
4.89792e+06,13,CTL,20
4.898e+06,9,RTS,20
4.89807e+06,20,CTS,14
4.89813e+06,9,QOSDATA_TID6,1066
4.89832e+06,20,ACK,14
4.89836e+06,9,CTL,20
4.89844e+06,0,RTS,20
4.89844e+06,7,RTS,20
4.89844e+06,14,RTS,20
4.89855e+06,3,RTS,20
4.89862e+06,20,CTS,14
4.89868e+06,3,QOSDATA_TID6,1066
4.89886e+06,20,ACK,14
4.89891e+06,3,QOSDATA_TID6,1066
4.89909e+06,20,ACK,14
4.89914e+06,3,CTL,20
4.89922e+06,19,RTS,20
4.89929e+06,20,CTS,14
4.89935e+06,19,QOSDATA_TID6,1066
4.89953e+06,20,ACK,14
4.89958e+06,19,CTL,20
4.89966e+06,11,RTS,20
4.89973e+06,20,CTS,14
4.89979e+06,11,QOSDATA_TID6,1066
4.89998e+06,20,ACK,14
4.90002e+06,11,CTL,20
4.90011e+06,1,RTS,20
4.90011e+06,6,RTS,20
4.90011e+06,14,RTS,20
4.90023e+06,10,RTS,20
4.9003e+06,20,CTS,14
4.90036e+06,10,QOSDATA_TID6,1066
4.90054e+06,20,ACK,14
4.90059e+06,10,CTL,20
4.90067e+06,5,RTS,20
4.90067e+06,15,RTS,20
4.90074e+06,20,CTS,14
4.9008e+06,5,QOSDATA_TID6,1066
4.90099e+06,20,ACK,14
4.90103e+06,5,CTL,20
4.90112e+06,1,RTS,20
4.90112e+06,12,RTS,20
4.90112e+06,2,RTS,20
4.90112e+06,16,RTS,20
4.90112e+06,0,CTS,14
4.90112e+06,4,RTS,20
4.90112e+06,14,RTS,20
4.90122e+06,0,RTS,20
4.90129e+06,20,CTS,14
4.90135e+06,0,QOSDATA_TID6,1066
4.90153e+06,20,ACK,14
4.90158e+06,0,QOSDATA_TID6,1066
4.90176e+06,20,ACK,14
4.9018e+06,0,CTL,20
4.90189e+06,10,RTS,20
4.90189e+06,17,RTS,20
4.90189e+06,4,RTS,20
4.90196e+06,20,CTS,14
4.90202e+06,17,QOSDATA_TID6,1066
4.9022e+06,20,ACK,14
4.90225e+06,17,CTL,20
4.90233e+06,10,RTS,20
4.9024e+06,20,CTS,14
4.90246e+06,10,QOSDATA_TID6,1066
4.90264e+06,20,ACK,14
4.90269e+06,10,CTL,20
4.90277e+06,18,RTS,20
4.90284e+06,20,CTS,14
4.9029e+06,18,QOSDATA_TID6,1066
4.90309e+06,20,ACK,14
4.90313e+06,18,CTL,20
4.90322e+06,8,RTS,20
4.90322e+06,14,RTS,20
4.90322e+06,7,RTS,20
4.90334e+06,16,RTS,20
4.90341e+06,20,CTS,14
4.90347e+06,16,QOSDATA_TID6,1066
4.90365e+06,20,ACK,14
4.9037e+06,16,QOSDATA_TID6,1066
4.90388e+06,20,ACK,14
4.90392e+06,16,QOSDATA_TID6,1066
4.90411e+06,20,ACK,14
4.90415e+06,16,CTL,20
4.90425e+06,4,RTS,20
4.90425e+06,12,RTS,20
4.90432e+06,20,CTS,14
4.90438e+06,12,QOSDATA_TID6,1066
4.90456e+06,20,ACK,14
4.9046e+06,12,CTL,20
4.90469e+06,4,RTS,20
4.90476e+06,20,CTS,14
4.90482e+06,4,QOSDATA_TID6,1066
4.905e+06,20,ACK,14
4.90505e+06,4,CTL,20
4.90514e+06,16,RTS,20
4.90514e+06,15,RTS,20
4.90514e+06,2,RTS,20
4.90514e+06,0,RTS,20
4.90514e+06,6,RTS,20
4.90524e+06,14,RTS,20
4.90531e+06,20,CTS,14
4.90537e+06,14,QOSDATA_TID6,1066
4.90555e+06,20,ACK,14
4.9056e+06,14,QOSDATA_TID6,1066
4.90578e+06,20,ACK,14
4.90582e+06,14,QOSDATA_TID6,1066
4.90601e+06,20,ACK,14
4.90605e+06,14,QOSDATA_TID6,1066
4.90624e+06,20,ACK,14
4.90628e+06,14,CTL,20
4.90636e+06,2,RTS,20
4.90636e+06,8,RTS,20
4.90636e+06,9,RTS,20
4.90643e+06,20,CTS,14
4.90649e+06,8,QOSDATA_TID6,1066
4.90668e+06,20,ACK,14
4.90672e+06,8,CTL,20
4.90681e+06,12,RTS,20
4.90681e+06,11,RTS,20
4.90681e+06,0,RTS,20
4.90681e+06,15,RTS,20
4.90691e+06,2,RTS,20
4.90698e+06,20,CTS,14
4.90704e+06,2,QOSDATA_TID6,1066
4.90723e+06,20,ACK,14
4.90727e+06,2,CTL,20
4.90736e+06,3,RTS,20
4.90736e+06,17,RTS,20
4.90736e+06,15,RTS,20
4.90736e+06,13,RTS,20
4.90742e+06,20,CTS,14
4.90748e+06,17,QOSDATA_TID6,1066
4.90767e+06,20,ACK,14
4.90771e+06,17,CTL,20
4.9078e+06,15,RTS,20
4.90787e+06,20,CTS,14
4.90793e+06,15,QOSDATA_TID6,1066
4.90811e+06,20,ACK,14
4.90816e+06,15,CTL,20
4.90824e+06,0,CTS,14
4.90824e+06,1,RTS,20
4.90824e+06,16,RTS,20
4.90824e+06,9,RTS,20
4.90836e+06,0,RTS,20
4.90843e+06,20,CTS,14
4.90849e+06,0,QOSDATA_TID6,1066
4.90868e+06,20,ACK,14
4.90872e+06,0,CTL,20
4.9088e+06,2,RTS,20
4.9088e+06,10,RTS,20
4.9088e+06,12,RTS,20
4.9088e+06,19,RTS,20
4.9088e+06,13,RTS,20
4.90891e+06,15,RTS,20
4.90891e+06,4,RTS,20
4.90898e+06,20,CTS,14
4.90904e+06,15,QOSDATA_TID6,1066
4.90922e+06,20,ACK,14
4.90927e+06,15,CTL,20
4.90935e+06,2,RTS,20
4.90935e+06,19,RTS,20
4.90945e+06,13,RTS,20
4.90952e+06,20,CTS,14
4.90958e+06,13,QOSDATA_TID6,1066
4.90976e+06,20,ACK,14
4.90981e+06,13,CTL,20
4.9099e+06,7,RTS,20
4.9099e+06,19,RTS,20
4.91001e+06,6,RTS,20
4.91008e+06,20,CTS,14
4.91014e+06,6,QOSDATA_TID6,1066
4.91032e+06,20,ACK,14
4.91037e+06,6,QOSDATA_TID6,1066
4.91055e+06,20,ACK,14
4.91059e+06,6,QOSDATA_TID6,1066
4.91078e+06,20,ACK,14
4.91082e+06,6,QOSDATA_TID6,1066
4.91101e+06,20,ACK,14
4.91105e+06,6,CTL,20
4.91114e+06,14,RTS,20
4.91114e+06,11,RTS,20
4.91114e+06,4,RTS,20
4.91123e+06,18,RTS,20
4.91123e+06,10,RTS,20
4.91133e+06,7,RTS,20
4.9114e+06,20,CTS,14
4.91146e+06,7,QOSDATA_TID6,1066
4.91164e+06,20,ACK,14
4.91169e+06,7,QOSDATA_TID6,1066
4.91187e+06,20,ACK,14
4.91192e+06,7,CTL,20
4.912e+06,4,RTS,20
4.912e+06,2,RTS,20
4.912e+06,14,RTS,20
4.91211e+06,8,RTS,20
4.91218e+06,20,CTS,14
4.91224e+06,8,QOSDATA_TID6,1066
4.91242e+06,20,ACK,14
4.91246e+06,8,CTL,20
4.91256e+06,5,RTS,20
4.91256e+06,16,RTS,20
4.91256e+06,9,RTS,20
4.91256e+06,10,RTS,20
4.91263e+06,20,CTS,14
4.91269e+06,5,QOSDATA_TID6,1066
4.91287e+06,20,ACK,14
4.91292e+06,5,CTL,20
4.913e+06,1,RTS,20
4.913e+06,12,RTS,20
4.91307e+06,20,CTS,14
4.91313e+06,12,QOSDATA_TID6,1066
4.91331e+06,20,ACK,14
4.91336e+06,12,CTL,20
4.91344e+06,10,RTS,20
4.91351e+06,20,CTS,14
4.91357e+06,10,QOSDATA_TID6,1066
4.91376e+06,20,ACK,14
4.9138e+06,10,CTL,20
4.91389e+06,2,RTS,20
4.91389e+06,11,RTS,20
4.91389e+06,16,RTS,20
4.91398e+06,14,RTS,20
4.91405e+06,20,CTS,14
4.91411e+06,14,QOSDATA_TID6,1066
4.9143e+06,20,ACK,14
4.91434e+06,14,CTL,20
4.91443e+06,13,RTS,20
4.91443e+06,7,RTS,20
4.91443e+06,19,RTS,20
4.91452e+06,0,RTS,20
4.91459e+06,20,CTS,14
4.91465e+06,0,QOSDATA_TID6,1066
4.91484e+06,20,ACK,14
4.91488e+06,0,CTL,20
4.91498e+06,12,RTS,20
4.91498e+06,3,RTS,20
4.91498e+06,4,RTS,20
4.91504e+06,20,CTS,14
4.9151e+06,12,QOSDATA_TID6,1066
4.91529e+06,20,ACK,14
4.91533e+06,12,CTL,20
4.91542e+06,19,RTS,20
4.91542e+06,13,RTS,20
4.91552e+06,6,RTS,20
4.91559e+06,20,CTS,14
4.91565e+06,6,QOSDATA_TID6,1066
4.91584e+06,20,ACK,14
4.91588e+06,6,CTL,20
4.91598e+06,17,RTS,20
4.91598e+06,1,RTS,20
4.91598e+06,16,RTS,20
4.91608e+06,3,RTS,20
4.91615e+06,20,CTS,14
4.91621e+06,3,QOSDATA_TID6,1066
4.9164e+06,20,ACK,14
4.91644e+06,3,QOSDATA_TID6,1066
4.91662e+06,20,ACK,14
4.91667e+06,3,CTL,20
4.91675e+06,9,RTS,20
4.91675e+06,2,RTS,20
4.91675e+06,18,RTS,20
4.91685e+06,13,RTS,20
4.91692e+06,20,CTS,14
4.91698e+06,13,QOSDATA_TID6,1066
4.91716e+06,20,ACK,14
4.91721e+06,13,CTL,20
4.91729e+06,7,RTS,20
4.91729e+06,15,RTS,20
4.91729e+06,17,RTS,20
4.91729e+06,9,RTS,20
4.9174e+06,16,RTS,20
4.91747e+06,20,CTS,14
4.91753e+06,16,QOSDATA_TID6,1066
4.91771e+06,20,ACK,14
4.91776e+06,16,QOSDATA_TID6,1066
4.91794e+06,20,ACK,14
4.91798e+06,16,CTL,20
4.91807e+06,4,RTS,20
4.91814e+06,20,CTS,14
4.9182e+06,4,QOSDATA_TID6,1066
4.91838e+06,20,ACK,14
4.91843e+06,4,QOSDATA_TID6,1066
4.91861e+06,20,ACK,14
4.91865e+06,4,CTL,20
4.91874e+06,5,RTS,20
4.91874e+06,9,RTS,20
4.91881e+06,20,CTS,14
4.91887e+06,5,QOSDATA_TID6,1066
4.91905e+06,20,ACK,14
4.9191e+06,5,CTL,20
4.91918e+06,14,RTS,20
4.91925e+06,20,CTS,14
4.91931e+06,14,QOSDATA_TID6,1066
4.91949e+06,20,ACK,14
4.91954e+06,14,CTL,20
4.91962e+06,18,RTS,20
4.91962e+06,8,RTS,20
4.91962e+06,17,RTS,20
4.91962e+06,10,RTS,20
4.91962e+06,19,RTS,20
4.91973e+06,1,RTS,20
4.91973e+06,11,RTS,20
4.9198e+06,20,CTS,14
4.91986e+06,1,QOSDATA_TID6,1066
4.92004e+06,20,ACK,14
4.92009e+06,1,QOSDATA_TID6,1066
4.92027e+06,20,ACK,14
4.92032e+06,1,QOSDATA_TID6,1066
4.9205e+06,20,ACK,14
4.92054e+06,1,CTL,20
4.92063e+06,15,RTS,20
4.9207e+06,20,CTS,14
4.92076e+06,15,QOSDATA_TID6,1066
4.92094e+06,20,ACK,14
4.92098e+06,15,CTL,20
4.92107e+06,17,RTS,20
4.92107e+06,18,RTS,20
4.92114e+06,20,CTS,14
4.9212e+06,17,QOSDATA_TID6,1066
4.92138e+06,20,ACK,14
4.92143e+06,17,CTL,20
4.92151e+06,9,RTS,20
4.92158e+06,20,CTS,14
4.92164e+06,9,QOSDATA_TID6,1066
4.92182e+06,20,ACK,14
4.92187e+06,9,QOSDATA_TID6,1066
4.92205e+06,20,ACK,14
4.9221e+06,9,QOSDATA_TID6,1066
4.92228e+06,20,ACK,14
4.92233e+06,9,CTL,20
4.92241e+06,2,RTS,20
4.92241e+06,12,RTS,20
4.92241e+06,7,RTS,20
4.92251e+06,0,RTS,20
4.92258e+06,20,CTS,14
4.92264e+06,0,QOSDATA_TID6,1066
4.92282e+06,20,ACK,14
4.92287e+06,0,CTL,20
4.92295e+06,16,RTS,20
4.92302e+06,20,CTS,14
4.92308e+06,16,QOSDATA_TID6,1066
4.92326e+06,20,ACK,14
4.92331e+06,16,CTL,20
4.92339e+06,1,RTS,20
4.92339e+06,8,RTS,20
4.92339e+06,12,RTS,20
4.92339e+06,3,RTS,20
4.92349e+06,13,RTS,20
4.92356e+06,20,CTS,14
4.92362e+06,13,QOSDATA_TID6,1066
4.9238e+06,20,ACK,14
4.92385e+06,13,CTL,20
4.92393e+06,11,RTS,20
4.92393e+06,17,RTS,20
4.92393e+06,10,RTS,20
4.924e+06,20,CTS,14
4.92406e+06,17,QOSDATA_TID6,1066
4.92425e+06,20,ACK,14
4.92429e+06,17,CTL,20
4.92438e+06,8,RTS,20
4.92438e+06,5,RTS,20
4.92438e+06,19,RTS,20
4.92438e+06,11,RTS,20
4.92438e+06,6,RTS,20
4.92449e+06,12,RTS,20
4.92449e+06,7,RTS,20
4.92456e+06,20,CTS,14
4.92462e+06,12,QOSDATA_TID6,1066
4.9248e+06,20,ACK,14
4.92485e+06,12,CTL,20
4.92493e+06,2,RTS,20
4.92493e+06,3,RTS,20
4.92493e+06,10,RTS,20
4.92504e+06,6,RTS,20
4.92504e+06,15,RTS,20
4.92514e+06,8,RTS,20
4.92521e+06,20,CTS,14
4.92527e+06,8,QOSDATA_TID6,1066
4.92545e+06,20,ACK,14
4.9255e+06,8,CTL,20
4.92558e+06,3,RTS,20
4.92565e+06,20,CTS,14
4.92571e+06,3,QOSDATA_TID6,1066
4.92589e+06,20,ACK,14
4.92594e+06,3,CTL,20
4.92602e+06,5,RTS,20
4.92602e+06,1,RTS,20
4.92602e+06,11,RTS,20
4.92602e+06,4,RTS,20
4.92609e+06,20,CTS,14
4.92615e+06,5,QOSDATA_TID6,1066
4.92634e+06,20,ACK,14
4.92638e+06,5,CTL,20
4.92646e+06,18,RTS,20
4.92653e+06,20,CTS,14
4.92659e+06,18,QOSDATA_TID6,1066
4.92678e+06,20,ACK,14
4.92682e+06,18,QOSDATA_TID6,1066
4.927e+06,20,ACK,14
4.92705e+06,18,QOSDATA_TID6,1066
4.92723e+06,20,ACK,14
4.92728e+06,18,CTL,20
4.92736e+06,6,RTS,20
4.92736e+06,8,RTS,20
4.92743e+06,20,CTS,14
4.92749e+06,8,QOSDATA_TID6,1066
4.92768e+06,20,ACK,14
4.92772e+06,8,CTL,20
4.92781e+06,1,RTS,20
4.92781e+06,19,RTS,20
4.92781e+06,14,RTS,20
4.92792e+06,4,RTS,20
4.92799e+06,20,CTS,14
4.92805e+06,4,QOSDATA_TID6,1066
4.92823e+06,20,ACK,14
4.92828e+06,4,CTL,20
4.92836e+06,7,RTS,20
4.92843e+06,20,CTS,14
4.92849e+06,7,QOSDATA_TID6,1066
4.92868e+06,20,ACK,14
4.92872e+06,7,QOSDATA_TID6,1066
4.9289e+06,20,ACK,14
4.92895e+06,7,CTL,20
4.92903e+06,16,RTS,20
4.92903e+06,19,RTS,20
4.9291e+06,20,CTS,14
4.92916e+06,19,QOSDATA_TID6,1066
4.92934e+06,20,ACK,14
4.92939e+06,19,QOSDATA_TID6,1066
4.92957e+06,20,ACK,14
4.92962e+06,19,CTL,20
4.92971e+06,16,RTS,20
4.92971e+06,2,RTS,20
4.92971e+06,9,RTS,20
4.92971e+06,0,RTS,20
4.92971e+06,10,RTS,20
4.92971e+06,13,RTS,20
4.92971e+06,14,RTS,20
4.92983e+06,7,RTS,20
4.9299e+06,20,CTS,14
4.92996e+06,7,QOSDATA_TID6,1066
4.93014e+06,20,ACK,14
4.93018e+06,7,CTL,20
4.93028e+06,1,RTS,20
4.93028e+06,0,RTS,20
4.93038e+06,13,RTS,20
4.93045e+06,20,CTS,14
4.93051e+06,13,QOSDATA_TID6,1066
4.93069e+06,20,ACK,14
4.93073e+06,13,CTL,20
4.93082e+06,12,RTS,20
4.93082e+06,0,CTS,14
4.93091e+06,0,RTS,20
4.93097e+06,20,CTS,14
4.93103e+06,0,QOSDATA_TID6,1066
4.93122e+06,20,ACK,14
4.93126e+06,0,CTL,20
4.93134e+06,20,BEACON,152
4.9316e+06,12,RTS,20
4.9316e+06,17,RTS,20
4.9317e+06,3,RTS,20
4.93177e+06,20,CTS,14
4.93183e+06,3,QOSDATA_TID6,1066
4.93201e+06,20,ACK,14
4.93206e+06,3,CTL,20
4.93214e+06,2,RTS,20
4.93214e+06,6,RTS,20
4.93225e+06,12,RTS,20
4.93225e+06,16,RTS,20
4.93232e+06,20,CTS,14
4.93238e+06,12,QOSDATA_TID6,1066
4.93256e+06,20,ACK,14
4.9326e+06,12,CTL,20
4.93269e+06,5,RTS,20
4.93276e+06,20,CTS,14
4.93282e+06,5,QOSDATA_TID6,1066
4.933e+06,20,ACK,14
4.93305e+06,5,CTL,20
4.93313e+06,1,RTS,20
4.93313e+06,9,RTS,20
4.93313e+06,10,RTS,20
4.93313e+06,15,RTS,20
4.93324e+06,2,RTS,20
4.93331e+06,20,CTS,14
4.93337e+06,2,QOSDATA_TID6,1066
4.93355e+06,20,ACK,14
4.9336e+06,2,QOSDATA_TID6,1066
4.93378e+06,20,ACK,14
4.93382e+06,2,QOSDATA_TID6,1066
4.93401e+06,20,ACK,14
4.93405e+06,2,CTL,20
4.93414e+06,10,RTS,20
4.9342e+06,20,CTS,14
4.93426e+06,10,QOSDATA_TID6,1066
4.93445e+06,20,ACK,14
4.93449e+06,10,QOSDATA_TID6,1066
4.93468e+06,20,ACK,14
4.93472e+06,10,QOSDATA_TID6,1066
4.9349e+06,20,ACK,14
4.93495e+06,10,CTL,20
4.93504e+06,19,RTS,20
4.93504e+06,11,RTS,20
4.93504e+06,16,RTS,20
4.93504e+06,4,RTS,20
4.93513e+06,14,RTS,20
4.9352e+06,20,CTS,14
4.93526e+06,14,QOSDATA_TID6,1066
4.93544e+06,20,ACK,14
4.93549e+06,14,QOSDATA_TID6,1066
4.93567e+06,20,ACK,14
4.93572e+06,14,CTL,20
4.9358e+06,19,RTS,20
4.9358e+06,11,RTS,20
4.9359e+06,6,RTS,20
4.93597e+06,20,CTS,14
4.93603e+06,6,QOSDATA_TID6,1066
4.93621e+06,20,ACK,14
4.93626e+06,6,QOSDATA_TID6,1066
4.93644e+06,20,ACK,14
4.93648e+06,6,CTL,20
4.93657e+06,19,RTS,20
4.93664e+06,20,CTS,14
4.9367e+06,19,QOSDATA_TID6,1066
4.93688e+06,20,ACK,14
4.93693e+06,19,CTL,20
4.93701e+06,18,RTS,20
4.93708e+06,20,CTS,14
4.93714e+06,18,QOSDATA_TID6,1066
4.93732e+06,20,ACK,14
4.93737e+06,18,CTL,20
4.93746e+06,0,RTS,20
4.93746e+06,15,RTS,20
4.93755e+06,17,RTS,20
4.93755e+06,8,RTS,20
4.93766e+06,7,RTS,20
4.93772e+06,20,CTS,14
4.93778e+06,7,QOSDATA_TID6,1066
4.93797e+06,20,ACK,14
4.93801e+06,7,CTL,20
4.9381e+06,13,RTS,20
4.93817e+06,20,CTS,14
4.93823e+06,13,QOSDATA_TID6,1066
4.93841e+06,20,ACK,14
4.93845e+06,13,CTL,20
4.93854e+06,17,RTS,20
4.93854e+06,1,RTS,20
4.93854e+06,9,RTS,20
4.93865e+06,8,RTS,20
4.93865e+06,0,RTS,20
4.93865e+06,11,RTS,20
4.93865e+06,4,RTS,20
4.93874e+06,12,RTS,20
4.93881e+06,20,CTS,14
4.93887e+06,12,QOSDATA_TID6,1066
4.93906e+06,20,ACK,14
4.9391e+06,12,CTL,20
4.93919e+06,3,RTS,20
4.93926e+06,20,CTS,14
4.93932e+06,3,QOSDATA_TID6,1066
4.9395e+06,20,ACK,14
4.93954e+06,3,CTL,20
4.93963e+06,0,CTS,14
4.93963e+06,16,RTS,20
4.93963e+06,15,RTS,20
4.93972e+06,0,RTS,20
4.93979e+06,20,CTS,14
4.93985e+06,0,QOSDATA_TID6,1066
4.94004e+06,20,ACK,14
4.94008e+06,0,CTL,20
4.94017e+06,8,RTS,20
4.94017e+06,19,RTS,20
4.94023e+06,20,CTS,14
4.94029e+06,8,QOSDATA_TID6,1066
4.94048e+06,20,ACK,14
4.94052e+06,8,CTL,20
4.94061e+06,16,RTS,20
4.94061e+06,4,RTS,20
4.94061e+06,6,RTS,20
4.94071e+06,2,RTS,20
4.94077e+06,20,CTS,14
4.94083e+06,2,QOSDATA_TID6,1066
4.94102e+06,20,ACK,14
4.94106e+06,2,CTL,20
4.94115e+06,10,RTS,20
4.94115e+06,5,RTS,20
4.94115e+06,17,RTS,20
4.94115e+06,16,RTS,20
4.94125e+06,15,RTS,20
4.94131e+06,20,CTS,14
4.94137e+06,15,QOSDATA_TID6,1066
4.94156e+06,20,ACK,14
4.9416e+06,15,QOSDATA_TID6,1066
4.94179e+06,20,ACK,14
4.94183e+06,15,QOSDATA_TID6,1066
4.94201e+06,20,ACK,14
4.94206e+06,15,CTL,20
4.94214e+06,1,RTS,20
4.94214e+06,9,RTS,20
4.94221e+06,20,CTS,14
4.94227e+06,1,QOSDATA_TID6,1066
4.94246e+06,20,ACK,14
4.9425e+06,1,QOSDATA_TID6,1066
4.94268e+06,20,ACK,14
4.94273e+06,1,QOSDATA_TID6,1066
4.94291e+06,20,ACK,14
4.94296e+06,1,CTL,20
4.94304e+06,18,RTS,20
4.94311e+06,20,CTS,14
4.94317e+06,18,QOSDATA_TID6,1066
4.94335e+06,20,ACK,14
4.9434e+06,18,CTL,20
4.94348e+06,9,RTS,20
4.94348e+06,14,RTS,20
4.94348e+06,4,RTS,20
4.94359e+06,8,RTS,20
4.94359e+06,17,RTS,20
4.94369e+06,19,RTS,20
4.94376e+06,20,CTS,14
4.94382e+06,19,QOSDATA_TID6,1066
4.944e+06,20,ACK,14
4.94404e+06,19,CTL,20
4.94413e+06,11,RTS,20
4.94413e+06,10,RTS,20
4.94413e+06,6,RTS,20
4.94423e+06,5,RTS,20
4.9443e+06,20,CTS,14
4.94436e+06,5,QOSDATA_TID6,1066
4.94454e+06,20,ACK,14
4.94458e+06,5,CTL,20
4.94467e+06,6,RTS,20
4.94474e+06,20,CTS,14
4.9448e+06,6,QOSDATA_TID6,1066
4.94498e+06,20,ACK,14
4.94503e+06,6,CTL,20
4.94511e+06,0,RTS,20
4.94511e+06,14,RTS,20
4.94511e+06,4,RTS,20
4.94523e+06,17,RTS,20
4.9453e+06,20,CTS,14
4.94536e+06,17,QOSDATA_TID6,1066
4.94554e+06,20,ACK,14
4.94559e+06,17,QOSDATA_TID6,1066
4.94577e+06,20,ACK,14
4.94581e+06,17,CTL,20
4.9459e+06,0,RTS,20
4.9459e+06,13,RTS,20
4.94597e+06,20,CTS,14
4.94603e+06,0,QOSDATA_TID6,1066
4.94621e+06,20,ACK,14
4.94626e+06,0,CTL,20
4.94635e+06,7,RTS,20
4.94635e+06,9,RTS,20
4.94642e+06,20,CTS,14
4.94648e+06,7,QOSDATA_TID6,1066
4.94666e+06,20,ACK,14
4.94671e+06,7,CTL,20
4.94679e+06,3,RTS,20
4.94686e+06,20,CTS,14
4.94692e+06,3,QOSDATA_TID6,1066
4.9471e+06,20,ACK,14
4.94715e+06,3,CTL,20
4.94724e+06,1,RTS,20
4.94724e+06,6,RTS,20
4.94734e+06,13,RTS,20
4.94741e+06,20,CTS,14
4.94747e+06,13,QOSDATA_TID6,1066
4.94765e+06,20,ACK,14
4.9477e+06,13,CTL,20
4.94779e+06,8,RTS,20
4.94779e+06,11,RTS,20
4.94779e+06,1,RTS,20
4.94779e+06,10,RTS,20
4.94789e+06,17,RTS,20
4.94789e+06,12,RTS,20
4.948e+06,9,RTS,20
4.94807e+06,20,CTS,14
4.94813e+06,9,QOSDATA_TID6,1066
4.94831e+06,20,ACK,14
4.94835e+06,9,QOSDATA_TID6,1066
4.94854e+06,20,ACK,14
4.94858e+06,9,QOSDATA_TID6,1066
4.94877e+06,20,ACK,14
4.94881e+06,9,CTL,20
4.9489e+06,2,RTS,20
4.9489e+06,14,RTS,20
4.94896e+06,20,CTS,14
4.94902e+06,2,QOSDATA_TID6,1066
4.94921e+06,20,ACK,14
4.94925e+06,2,CTL,20
4.94934e+06,16,RTS,20
4.94941e+06,20,CTS,14
4.94947e+06,16,QOSDATA_TID6,1066
4.94965e+06,20,ACK,14
4.94969e+06,16,QOSDATA_TID6,1066
4.94988e+06,20,ACK,14
4.94992e+06,16,CTL,20
4.95001e+06,4,RTS,20
4.95001e+06,8,RTS,20
4.95008e+06,20,CTS,14
4.95014e+06,8,QOSDATA_TID6,1066
4.95032e+06,20,ACK,14
4.95036e+06,8,CTL,20
4.95045e+06,15,RTS,20
4.95052e+06,20,CTS,14
4.95058e+06,15,QOSDATA_TID6,1066
4.95076e+06,20,ACK,14
4.95081e+06,15,CTL,20
4.95089e+06,5,RTS,20
4.95089e+06,17,RTS,20
4.95089e+06,8,RTS,20
4.95099e+06,11,RTS,20
4.95099e+06,4,RTS,20
4.95099e+06,18,RTS,20
4.95099e+06,14,RTS,20
4.95109e+06,5,RTS,20
4.95109e+06,19,RTS,20
4.95116e+06,20,CTS,14
4.95122e+06,5,QOSDATA_TID6,1066
4.9514e+06,20,ACK,14
4.95144e+06,5,CTL,20
4.95154e+06,14,RTS,20
4.95161e+06,20,CTS,14
4.95167e+06,14,QOSDATA_TID6,1066
4.95185e+06,20,ACK,14
4.9519e+06,14,QOSDATA_TID6,1066
4.95208e+06,20,ACK,14
4.95212e+06,14,CTL,20
4.95221e+06,6,RTS,20
4.95221e+06,17,RTS,20
4.95221e+06,10,RTS,20
4.95228e+06,20,CTS,14
4.95234e+06,17,QOSDATA_TID6,1066
4.95252e+06,20,ACK,14
4.95256e+06,17,CTL,20
4.95266e+06,19,RTS,20
4.95266e+06,12,RTS,20
4.95266e+06,18,RTS,20
4.95273e+06,20,CTS,14
4.95279e+06,12,QOSDATA_TID6,1066
4.95297e+06,20,ACK,14
4.95302e+06,12,CTL,20
4.9531e+06,4,RTS,20
4.9531e+06,0,RTS,20
4.95317e+06,20,CTS,14
4.95323e+06,0,QOSDATA_TID6,1066
4.95342e+06,20,ACK,14
4.95346e+06,0,CTL,20
4.95355e+06,8,RTS,20
4.95362e+06,20,CTS,14
4.95368e+06,8,QOSDATA_TID6,1066
4.95387e+06,20,ACK,14
4.95391e+06,8,CTL,20
4.954e+06,1,RTS,20
4.954e+06,4,RTS,20
4.954e+06,9,RTS,20
4.95406e+06,20,CTS,14
4.95412e+06,1,QOSDATA_TID6,1066
4.95431e+06,20,ACK,14
4.95435e+06,1,CTL,20
4.95444e+06,7,RTS,20
4.95444e+06,9,RTS,20
4.95444e+06,6,RTS,20
4.95455e+06,10,RTS,20
4.95462e+06,20,CTS,14
4.95468e+06,10,QOSDATA_TID6,1066
4.95487e+06,20,ACK,14
4.95491e+06,10,QOSDATA_TID6,1066
4.95509e+06,20,ACK,14
4.95514e+06,10,CTL,20
4.95522e+06,18,RTS,20
4.95522e+06,7,RTS,20
4.95529e+06,20,CTS,14
4.95535e+06,7,QOSDATA_TID6,1066
4.95554e+06,20,ACK,14
4.95558e+06,7,CTL,20
4.95568e+06,1,RTS,20
4.95568e+06,16,RTS,20
4.95568e+06,19,RTS,20
4.95568e+06,6,RTS,20
4.95577e+06,12,RTS,20
4.95584e+06,20,CTS,14
4.9559e+06,12,QOSDATA_TID6,1066
4.95608e+06,20,ACK,14
4.95613e+06,12,CTL,20
4.95622e+06,17,RTS,20
4.95622e+06,13,RTS,20
4.95628e+06,20,CTS,14
4.95634e+06,17,QOSDATA_TID6,1066
4.95653e+06,20,ACK,14
4.95657e+06,17,CTL,20
4.95667e+06,10,RTS,20
4.95673e+06,20,CTS,14
4.95679e+06,10,QOSDATA_TID6,1066
4.95698e+06,20,ACK,14
4.95702e+06,10,CTL,20
4.95711e+06,3,RTS,20
4.95711e+06,5,RTS,20
4.95711e+06,15,RTS,20
4.95711e+06,13,RTS,20
4.95718e+06,20,CTS,14
4.95724e+06,5,QOSDATA_TID6,1066
4.95742e+06,20,ACK,14
4.95746e+06,5,CTL,20
4.95755e+06,2,RTS,20
4.95755e+06,11,RTS,20
4.95769e+06,11,RTS,20
4.95769e+06,19,RTS,20
4.95769e+06,15,RTS,20
4.9578e+06,18,RTS,20
4.95787e+06,20,CTS,14
4.95793e+06,18,QOSDATA_TID6,1066
4.95811e+06,20,ACK,14
4.95816e+06,18,CTL,20
4.95824e+06,15,RTS,20
4.95831e+06,20,CTS,14
4.95837e+06,15,QOSDATA_TID6,1066
4.95855e+06,20,ACK,14
4.9586e+06,15,CTL,20
4.95868e+06,6,RTS,20
4.95868e+06,8,RTS,20
4.95868e+06,1,RTS,20
4.95868e+06,19,RTS,20
4.95868e+06,11,RTS,20
4.95878e+06,18,RTS,20
4.95885e+06,20,CTS,14
4.95891e+06,18,QOSDATA_TID6,1066
4.95909e+06,20,ACK,14
4.95914e+06,18,CTL,20
4.95922e+06,2,RTS,20
4.95922e+06,3,RTS,20
4.95922e+06,19,RTS,20
4.95922e+06,1,RTS,20
4.95932e+06,16,RTS,20
4.95932e+06,4,RTS,20
4.95932e+06,14,RTS,20
4.95942e+06,2,RTS,20
4.95942e+06,3,RTS,20
4.95949e+06,20,CTS,14
4.95955e+06,2,QOSDATA_TID6,1066
4.95973e+06,20,ACK,14
4.95978e+06,2,CTL,20
4.95986e+06,13,RTS,20
4.95993e+06,20,CTS,14
4.95999e+06,13,QOSDATA_TID6,1066
4.96017e+06,20,ACK,14
4.96022e+06,13,CTL,20
4.9603e+06,11,RTS,20
4.9603e+06,6,RTS,20
4.9603e+06,9,RTS,20
4.9604e+06,19,RTS,20
4.96047e+06,20,CTS,14
4.96053e+06,19,QOSDATA_TID6,1066
4.96072e+06,20,ACK,14
4.96076e+06,19,QOSDATA_TID6,1066
4.96094e+06,20,ACK,14
4.96099e+06,19,CTL,20
4.96108e+06,11,RTS,20
4.96108e+06,0,RTS,20
4.96115e+06,20,CTS,14
4.96121e+06,0,QOSDATA_TID6,1066
4.96139e+06,20,ACK,14
4.96144e+06,0,CTL,20
4.96152e+06,11,RTS,20
4.96159e+06,20,CTS,14
4.96165e+06,11,QOSDATA_TID6,1066
4.96184e+06,20,ACK,14
4.96188e+06,11,QOSDATA_TID6,1066
4.96206e+06,20,ACK,14
4.96211e+06,11,QOSDATA_TID6,1066
4.96229e+06,20,ACK,14
4.96234e+06,11,QOSDATA_TID6,1066
4.96252e+06,20,ACK,14
4.96256e+06,11,QOSDATA_TID6,1066
4.96275e+06,20,ACK,14
4.96279e+06,11,QOSDATA_TID6,1066
4.96298e+06,20,ACK,14
4.96302e+06,11,CTL,20
4.96311e+06,7,RTS,20
4.96317e+06,20,CTS,14
4.96323e+06,7,QOSDATA_TID6,1066
4.96342e+06,20,ACK,14
4.96346e+06,7,CTL,20
4.96355e+06,1,RTS,20
4.96355e+06,19,RTS,20
4.96355e+06,9,RTS,20
4.96365e+06,17,RTS,20
4.96365e+06,4,RTS,20
4.96371e+06,20,CTS,14
4.96377e+06,17,QOSDATA_TID6,1066
4.96396e+06,20,ACK,14
4.964e+06,17,CTL,20
4.96409e+06,13,RTS,20
4.96416e+06,20,CTS,14
4.96422e+06,13,QOSDATA_TID6,1066
4.9644e+06,20,ACK,14
4.96444e+06,13,CTL,20
4.96453e+06,12,RTS,20
4.96453e+06,8,RTS,20
4.96453e+06,16,RTS,20
4.96453e+06,1,RTS,20
4.96463e+06,2,RTS,20
4.96463e+06,15,RTS,20
4.96463e+06,6,RTS,20
4.96463e+06,10,RTS,20
4.96473e+06,5,RTS,20
4.96473e+06,16,RTS,20
4.96479e+06,20,CTS,14
4.96485e+06,5,QOSDATA_TID6,1066
4.96504e+06,20,ACK,14
4.96508e+06,5,CTL,20
4.96517e+06,15,RTS,20
4.96524e+06,20,CTS,14
4.9653e+06,15,QOSDATA_TID6,1066
4.96548e+06,20,ACK,14
4.96552e+06,15,CTL,20
4.96561e+06,14,RTS,20
4.96561e+06,4,RTS,20
4.96572e+06,3,RTS,20
4.96578e+06,20,CTS,14
4.96584e+06,3,QOSDATA_TID6,1066
4.96603e+06,20,ACK,14
4.96607e+06,3,QOSDATA_TID6,1066
4.96626e+06,20,ACK,14
4.9663e+06,3,CTL,20
4.96639e+06,9,RTS,20
4.96639e+06,18,RTS,20
4.96639e+06,4,RTS,20
4.96639e+06,14,RTS,20
4.96649e+06,2,RTS,20
4.96649e+06,19,RTS,20
4.9666e+06,14,RTS,20
4.96667e+06,20,CTS,14
4.96673e+06,14,QOSDATA_TID6,1066
4.96691e+06,20,ACK,14
4.96696e+06,14,CTL,20
4.96704e+06,19,RTS,20
4.96711e+06,20,CTS,14
4.96717e+06,19,QOSDATA_TID6,1066
4.96736e+06,20,ACK,14
4.9674e+06,19,CTL,20
4.96749e+06,8,RTS,20
4.96749e+06,2,RTS,20
4.96749e+06,18,RTS,20
4.96749e+06,10,RTS,20
4.96762e+06,9,RTS,20
4.96762e+06,14,RTS,20
4.96774e+06,12,RTS,20
4.96774e+06,16,RTS,20
4.96774e+06,4,RTS,20
4.9678e+06,20,CTS,14
4.96786e+06,12,QOSDATA_TID6,1066
4.96805e+06,20,ACK,14
4.96809e+06,12,CTL,20
4.96818e+06,8,RTS,20
4.96818e+06,2,RTS,20
4.96818e+06,9,RTS,20
4.96825e+06,20,CTS,14
4.96831e+06,8,QOSDATA_TID6,1066
4.96849e+06,20,ACK,14
4.96853e+06,8,QOSDATA_TID6,1066
4.96872e+06,20,ACK,14
4.96876e+06,8,CTL,20
4.96886e+06,14,RTS,20
4.96892e+06,20,CTS,14
4.96898e+06,14,QOSDATA_TID6,1066
4.96917e+06,20,ACK,14
4.96921e+06,14,CTL,20
4.96931e+06,2,RTS,20
4.96931e+06,16,RTS,20
4.96944e+06,16,RTS,20
4.96951e+06,20,CTS,14
4.96957e+06,16,QOSDATA_TID6,1066
4.96975e+06,20,ACK,14
4.9698e+06,16,QOSDATA_TID6,1066
4.96998e+06,20,ACK,14
4.97002e+06,16,QOSDATA_TID6,1066
4.97021e+06,20,ACK,14
4.97025e+06,16,CTL,20
4.97035e+06,13,RTS,20
4.97035e+06,2,RTS,20
4.97047e+06,12,RTS,20
4.97054e+06,20,CTS,14
4.9706e+06,12,QOSDATA_TID6,1066
4.97078e+06,20,ACK,14
4.97083e+06,12,CTL,20
4.97091e+06,11,RTS,20
4.97098e+06,20,CTS,14
4.97104e+06,11,QOSDATA_TID6,1066
4.97122e+06,20,ACK,14
4.97127e+06,11,CTL,20
4.97136e+06,17,RTS,20
4.97136e+06,19,RTS,20
4.97142e+06,20,CTS,14
4.97148e+06,17,QOSDATA_TID6,1066
4.97167e+06,20,ACK,14
4.97171e+06,17,CTL,20
4.9718e+06,18,RTS,20
4.97186e+06,20,CTS,14
4.97192e+06,18,QOSDATA_TID6,1066
4.97211e+06,20,ACK,14
4.97215e+06,18,CTL,20
4.97224e+06,10,RTS,20
4.97224e+06,0,RTS,20
4.97224e+06,6,RTS,20
4.97224e+06,3,RTS,20
4.97224e+06,1,RTS,20
4.97224e+06,7,RTS,20
4.97235e+06,2,RTS,20
4.97241e+06,20,CTS,14
4.97247e+06,2,QOSDATA_TID6,1066
4.97266e+06,20,ACK,14
4.9727e+06,2,QOSDATA_TID6,1066
4.97289e+06,20,ACK,14
4.97293e+06,2,CTL,20
4.97302e+06,4,RTS,20
4.97308e+06,20,CTS,14
4.97314e+06,4,QOSDATA_TID6,1066
4.97333e+06,20,ACK,14
4.97337e+06,4,QOSDATA_TID6,1066
4.97356e+06,20,ACK,14
4.9736e+06,4,QOSDATA_TID6,1066
4.97378e+06,20,ACK,14
4.97383e+06,4,QOSDATA_TID6,1066
4.97401e+06,20,ACK,14
4.97406e+06,4,CTL,20
4.97414e+06,5,RTS,20
4.97414e+06,9,RTS,20
4.97421e+06,20,CTS,14
4.97427e+06,5,QOSDATA_TID6,1066
4.97445e+06,20,ACK,14
4.9745e+06,5,CTL,20
4.97458e+06,9,RTS,20
4.97458e+06,6,RTS,20
4.97465e+06,20,CTS,14
4.97471e+06,6,QOSDATA_TID6,1066
4.9749e+06,20,ACK,14
4.97494e+06,6,QOSDATA_TID6,1066
4.97512e+06,20,ACK,14
4.97517e+06,6,QOSDATA_TID6,1066
4.97535e+06,20,ACK,14
4.9754e+06,6,CTL,20
4.97548e+06,14,RTS,20
4.97548e+06,8,RTS,20
4.97555e+06,20,CTS,14
4.97561e+06,8,QOSDATA_TID6,1066
4.97579e+06,20,ACK,14
4.97584e+06,8,CTL,20
4.97593e+06,18,RTS,20
4.97593e+06,13,RTS,20
4.97593e+06,10,RTS,20
4.97604e+06,19,RTS,20
4.97611e+06,20,CTS,14
4.97617e+06,19,QOSDATA_TID6,1066
4.97635e+06,20,ACK,14
4.9764e+06,19,CTL,20
4.97648e+06,16,RTS,20
4.97655e+06,20,CTS,14
4.97661e+06,16,QOSDATA_TID6,1066
4.9768e+06,20,ACK,14
4.97684e+06,16,CTL,20
4.97692e+06,1,RTS,20
4.97692e+06,13,RTS,20
4.97692e+06,14,RTS,20
4.97692e+06,10,RTS,20
4.97703e+06,7,RTS,20
4.9771e+06,20,CTS,14
4.97716e+06,7,QOSDATA_TID6,1066
4.97734e+06,20,ACK,14
4.97739e+06,7,CTL,20
4.97747e+06,1,RTS,20
4.97747e+06,14,RTS,20
4.97754e+06,20,CTS,14
4.9776e+06,1,QOSDATA_TID6,1066
4.97779e+06,20,ACK,14
4.97783e+06,1,QOSDATA_TID6,1066
4.97801e+06,20,ACK,14
4.97806e+06,1,CTL,20
4.97815e+06,7,RTS,20
4.97815e+06,3,RTS,20
4.97815e+06,0,RTS,20
4.97815e+06,15,RTS,20
4.97826e+06,10,RTS,20
4.97833e+06,20,CTS,14
4.97839e+06,10,QOSDATA_TID6,1066
4.97857e+06,20,ACK,14
4.97862e+06,10,QOSDATA_TID6,1066
4.9788e+06,20,ACK,14
4.97884e+06,10,CTL,20
4.97893e+06,0,CTS,14
4.97893e+06,7,RTS,20
4.97893e+06,13,RTS,20
4.97906e+06,0,RTS,20
4.97913e+06,20,CTS,14
4.97919e+06,0,QOSDATA_TID6,1066
4.97937e+06,20,ACK,14
4.97942e+06,0,QOSDATA_TID6,1066
4.9796e+06,20,ACK,14
4.97964e+06,0,CTL,20
4.97973e+06,6,RTS,20
4.97973e+06,3,RTS,20
4.97973e+06,7,RTS,20
4.97973e+06,13,RTS,20
4.97984e+06,17,RTS,20
4.97984e+06,19,RTS,20
4.97984e+06,15,RTS,20
4.97994e+06,1,RTS,20
4.98e+06,20,CTS,14
4.98006e+06,1,QOSDATA_TID6,1066
4.98025e+06,20,ACK,14
4.98029e+06,1,CTL,20
4.98038e+06,11,RTS,20
4.98038e+06,7,RTS,20
4.98038e+06,9,RTS,20
4.98038e+06,13,RTS,20
4.98038e+06,18,RTS,20
4.98048e+06,14,RTS,20
4.98055e+06,20,CTS,14
4.98061e+06,14,QOSDATA_TID6,1066
4.9808e+06,20,ACK,14
4.98084e+06,14,CTL,20
4.98093e+06,19,RTS,20
4.981e+06,20,CTS,14
4.98106e+06,19,QOSDATA_TID6,1066
4.98124e+06,20,ACK,14
4.98128e+06,19,CTL,20
4.98137e+06,5,RTS,20
4.98137e+06,12,RTS,20
4.98137e+06,3,RTS,20
4.98137e+06,4,RTS,20
4.98137e+06,15,RTS,20
4.98148e+06,17,RTS,20
4.98148e+06,2,RTS,20
4.98148e+06,13,RTS,20
4.98148e+06,18,RTS,20
4.98159e+06,15,RTS,20
4.98166e+06,20,CTS,14
4.98172e+06,15,QOSDATA_TID6,1066
4.9819e+06,20,ACK,14
4.98195e+06,15,QOSDATA_TID6,1066
4.98213e+06,20,ACK,14
4.98218e+06,15,CTL,20
4.98226e+06,6,RTS,20
4.98226e+06,4,RTS,20
4.98233e+06,20,CTS,14
4.98239e+06,6,QOSDATA_TID6,1066
4.98257e+06,20,ACK,14
4.98262e+06,6,CTL,20
4.98271e+06,7,RTS,20
4.98271e+06,11,RTS,20
4.98278e+06,20,CTS,14
4.98284e+06,7,QOSDATA_TID6,1066
4.98302e+06,20,ACK,14
4.98307e+06,7,CTL,20
4.98316e+06,10,RTS,20
4.98322e+06,20,CTS,14
4.98328e+06,10,QOSDATA_TID6,1066
4.98347e+06,20,ACK,14
4.98351e+06,10,CTL,20
4.9836e+06,2,RTS,20
4.98367e+06,20,CTS,14
4.98373e+06,2,QOSDATA_TID6,1066
4.98391e+06,20,ACK,14
4.98395e+06,2,CTL,20
4.98404e+06,8,RTS,20
4.98404e+06,4,RTS,20
4.98411e+06,20,CTS,14
4.98417e+06,8,QOSDATA_TID6,1066
4.98435e+06,20,ACK,14
4.9844e+06,8,CTL,20
4.98448e+06,16,RTS,20
4.98448e+06,14,RTS,20
4.98459e+06,3,RTS,20
4.98466e+06,20,CTS,14
4.98472e+06,3,QOSDATA_TID6,1066
4.9849e+06,20,ACK,14
4.98494e+06,3,QOSDATA_TID6,1066
4.98513e+06,20,ACK,14
4.98517e+06,3,CTL,20
4.98526e+06,0,RTS,20
4.98533e+06,20,CTS,14
4.98539e+06,0,QOSDATA_TID6,1066
4.98557e+06,20,ACK,14
4.98562e+06,0,CTL,20
4.9857e+06,5,RTS,20
4.9857e+06,7,RTS,20
4.9857e+06,9,RTS,20
4.9857e+06,4,RTS,20
4.98577e+06,20,CTS,14
4.98583e+06,5,QOSDATA_TID6,1066
4.98601e+06,20,ACK,14
4.98606e+06,5,CTL,20
4.98615e+06,18,RTS,20
4.98615e+06,4,RTS,20
4.98622e+06,20,CTS,14
4.98628e+06,18,QOSDATA_TID6,1066
4.98646e+06,20,ACK,14
4.98651e+06,18,QOSDATA_TID6,1066
4.98669e+06,20,ACK,14
4.98674e+06,18,CTL,20
4.98682e+06,4,RTS,20
4.98689e+06,20,CTS,14
4.98695e+06,4,QOSDATA_TID6,1066
4.98713e+06,20,ACK,14
4.98718e+06,4,CTL,20
4.98726e+06,19,RTS,20
4.98733e+06,20,CTS,14
4.98739e+06,19,QOSDATA_TID6,1066
4.98758e+06,20,ACK,14
4.98762e+06,19,CTL,20
4.98771e+06,11,RTS,20
4.98771e+06,3,RTS,20
4.98771e+06,13,RTS,20
4.9878e+06,12,RTS,20
4.98787e+06,20,CTS,14
4.98793e+06,12,QOSDATA_TID6,1066
4.98812e+06,20,ACK,14
4.98816e+06,12,QOSDATA_TID6,1066
4.98834e+06,20,ACK,14
4.98839e+06,12,CTL,20
4.98847e+06,6,RTS,20
4.98854e+06,20,CTS,14
4.9886e+06,6,QOSDATA_TID6,1066
4.98879e+06,20,ACK,14
4.98883e+06,6,CTL,20
4.98892e+06,14,RTS,20
4.98892e+06,10,RTS,20
4.98892e+06,5,RTS,20
4.98892e+06,7,RTS,20
4.98892e+06,17,RTS,20
4.98892e+06,1,RTS,20
4.98892e+06,9,RTS,20
4.98892e+06,16,RTS,20
4.98903e+06,2,RTS,20
4.98903e+06,13,RTS,20
4.98914e+06,11,RTS,20
4.98921e+06,20,CTS,14
4.98927e+06,11,QOSDATA_TID6,1066
4.98945e+06,20,ACK,14
4.9895e+06,11,QOSDATA_TID6,1066
4.98968e+06,20,ACK,14
4.98972e+06,11,CTL,20
4.98981e+06,13,RTS,20
4.98981e+06,2,RTS,20
4.98981e+06,9,RTS,20
4.98992e+06,17,RTS,20
4.98998e+06,20,CTS,14
4.99004e+06,17,QOSDATA_TID6,1066
4.99023e+06,20,ACK,14
4.99027e+06,17,QOSDATA_TID6,1066
4.99046e+06,20,ACK,14
4.9905e+06,17,CTL,20
4.99059e+06,16,RTS,20
4.99059e+06,4,RTS,20
4.99059e+06,14,RTS,20
4.99069e+06,18,RTS,20
4.99076e+06,20,CTS,14
4.99082e+06,18,QOSDATA_TID6,1066
4.991e+06,20,ACK,14
4.99105e+06,18,CTL,20
4.99114e+06,9,RTS,20
4.9912e+06,20,CTS,14
4.99126e+06,9,QOSDATA_TID6,1066
4.99145e+06,20,ACK,14
4.99149e+06,9,QOSDATA_TID6,1066
4.99168e+06,20,ACK,14
4.99172e+06,9,QOSDATA_TID6,1066
4.9919e+06,20,ACK,14
4.99195e+06,9,QOSDATA_TID6,1066
4.99213e+06,20,ACK,14
4.99218e+06,9,CTL,20
4.99226e+06,7,RTS,20
4.99226e+06,15,RTS,20
4.99226e+06,13,RTS,20
4.99236e+06,5,RTS,20
4.99236e+06,3,RTS,20
4.99243e+06,20,CTS,14
4.99249e+06,5,QOSDATA_TID6,1066
4.99267e+06,20,ACK,14
4.99272e+06,5,CTL,20
4.9928e+06,7,RTS,20
4.99287e+06,20,CTS,14
4.99293e+06,7,QOSDATA_TID6,1066
4.99311e+06,20,ACK,14
4.99316e+06,7,CTL,20
4.99324e+06,13,RTS,20
4.99324e+06,0,RTS,20
4.99324e+06,10,RTS,20
4.99334e+06,1,RTS,20
4.99341e+06,20,CTS,14
4.99347e+06,1,QOSDATA_TID6,1066
4.99365e+06,20,ACK,14
4.9937e+06,1,CTL,20
4.99378e+06,8,RTS,20
4.99378e+06,16,RTS,20
4.99378e+06,7,RTS,20
4.99378e+06,0,RTS,20
4.99378e+06,13,RTS,20
4.99388e+06,2,RTS,20
4.99388e+06,9,RTS,20
4.99395e+06,20,CTS,14
4.99401e+06,2,QOSDATA_TID6,1066
4.99419e+06,20,ACK,14
4.99424e+06,2,CTL,20
4.99432e+06,15,RTS,20
4.99439e+06,20,CTS,14
4.99445e+06,15,QOSDATA_TID6,1066
4.99464e+06,20,ACK,14
4.99468e+06,15,CTL,20
4.99478e+06,8,RTS,20
4.99478e+06,11,RTS,20
4.99484e+06,20,CTS,14
4.9949e+06,8,QOSDATA_TID6,1066
4.99509e+06,20,ACK,14
4.99513e+06,8,CTL,20
4.99522e+06,14,RTS,20
4.99528e+06,20,CTS,14
4.99534e+06,14,QOSDATA_TID6,1066
4.99553e+06,20,ACK,14
4.99557e+06,14,QOSDATA_TID6,1066
4.99576e+06,20,ACK,14
4.9958e+06,14,CTL,20
4.99589e+06,6,RTS,20
4.99589e+06,7,RTS,20
4.99598e+06,3,RTS,20
4.99605e+06,20,CTS,14
4.99611e+06,3,QOSDATA_TID6,1066
4.9963e+06,20,ACK,14
4.99634e+06,3,QOSDATA_TID6,1066
4.99652e+06,20,ACK,14
4.99657e+06,3,CTL,20
4.99666e+06,9,RTS,20
4.99666e+06,2,RTS,20
4.99666e+06,1,RTS,20
4.99666e+06,11,RTS,20
4.99676e+06,12,RTS,20
4.99683e+06,20,CTS,14
4.99689e+06,12,QOSDATA_TID6,1066
4.99707e+06,20,ACK,14
4.99712e+06,12,CTL,20
4.9972e+06,0,CTS,14
4.99733e+06,0,RTS,20
4.9974e+06,20,CTS,14
4.99746e+06,0,QOSDATA_TID6,1066
4.99764e+06,20,ACK,14
4.99768e+06,0,CTL,20
4.99777e+06,6,RTS,20
4.99777e+06,10,RTS,20
4.99777e+06,15,RTS,20
4.99777e+06,9,RTS,20
4.99788e+06,19,RTS,20
4.99788e+06,17,RTS,20
4.99788e+06,1,RTS,20
4.99797e+06,5,RTS,20
4.99797e+06,16,RTS,20
4.99797e+06,4,RTS,20
4.99797e+06,10,RTS,20
4.99804e+06,20,CTS,14
4.9981e+06,5,QOSDATA_TID6,1066
4.99829e+06,20,ACK,14
4.99833e+06,5,CTL,20
4.99842e+06,6,RTS,20
4.99842e+06,15,RTS,20
4.99842e+06,13,RTS,20
4.99852e+06,11,RTS,20
4.99852e+06,16,RTS,20
4.99852e+06,2,RTS,20
4.99864e+06,8,RTS,20
4.99871e+06,20,CTS,14
4.99877e+06,8,QOSDATA_TID6,1066
4.99895e+06,20,ACK,14
4.999e+06,8,CTL,20
4.99908e+06,1,RTS,20
4.99908e+06,7,RTS,20
4.99908e+06,13,RTS,20
4.99918e+06,14,RTS,20
4.99925e+06,20,CTS,14
4.99931e+06,14,QOSDATA_TID6,1066
4.99949e+06,20,ACK,14
4.99954e+06,14,CTL,20
4.99962e+06,4,RTS,20
4.99969e+06,20,CTS,14
4.99975e+06,4,QOSDATA_TID6,1066
4.99993e+06,20,ACK,14
4.99998e+06,4,QOSDATA_TID6,1066
5.00016e+06,20,ACK,14
5.00021e+06,4,CTL,20
5.00029e+06,17,RTS,20
5.00029e+06,19,RTS,20
5.00029e+06,15,RTS,20
5.00029e+06,9,RTS,20
5.00029e+06,18,RTS,20
5.00039e+06,7,RTS,20
5.00039e+06,16,RTS,20
5.00046e+06,20,CTS,14
5.00052e+06,7,QOSDATA_TID6,1066
5.0007e+06,20,ACK,14
5.00075e+06,7,CTL,20
5.00083e+06,19,RTS,20
5.0009e+06,20,CTS,14
5.00096e+06,19,QOSDATA_TID6,1066
5.00114e+06,20,ACK,14
5.00119e+06,19,CTL,20
5.00127e+06,10,RTS,20
5.00127e+06,6,RTS,20
5.00134e+06,20,CTS,14
5.0014e+06,6,QOSDATA_TID6,1066
5.00159e+06,20,ACK,14
5.00163e+06,6,CTL,20
5.00172e+06,0,RTS,20
5.00172e+06,2,RTS,20
5.00172e+06,1,RTS,20
5.00182e+06,15,RTS,20
5.00189e+06,20,CTS,14
5.00195e+06,15,QOSDATA_TID6,1066
5.00214e+06,20,ACK,14
5.00218e+06,15,CTL,20
5.00229e+06,7,RTS,20
5.00229e+06,11,RTS,20
5.00229e+06,9,RTS,20
5.00236e+06,20,CTS,14
5.00242e+06,7,QOSDATA_TID6,1066
5.0026e+06,20,ACK,14
5.00265e+06,7,CTL,20
5.00273e+06,12,RTS,20
5.00273e+06,0,RTS,20
5.00273e+06,3,RTS,20
5.0028e+06,20,CTS,14
5.00286e+06,12,QOSDATA_TID6,1066
5.00305e+06,20,ACK,14
5.00309e+06,12,CTL,20
5.00318e+06,6,RTS,20
5.00324e+06,20,CTS,14
5.0033e+06,6,QOSDATA_TID6,1066
5.00349e+06,20,ACK,14
5.00353e+06,6,CTL,20
5.00362e+06,11,RTS,20
5.00369e+06,20,CTS,14
5.00375e+06,11,QOSDATA_TID6,1066
5.00393e+06,20,ACK,14
5.00397e+06,11,QOSDATA_TID6,1066
5.00416e+06,20,ACK,14
5.0042e+06,11,CTL,20
5.00429e+06,19,RTS,20
5.00436e+06,20,CTS,14
5.00442e+06,19,QOSDATA_TID6,1066
5.0046e+06,20,ACK,14
5.00464e+06,19,CTL,20
5.00473e+06,5,RTS,20
5.00473e+06,3,RTS,20
5.00473e+06,9,RTS,20
5.0048e+06,20,CTS,14
5.00486e+06,5,QOSDATA_TID6,1066
5.00504e+06,20,ACK,14
5.00509e+06,5,CTL,20
5.00518e+06,2,RTS,20
5.00518e+06,4,RTS,20
5.00518e+06,10,RTS,20
5.00518e+06,13,RTS,20
5.00529e+06,17,RTS,20
5.00529e+06,0,CTS,14
5.00537e+06,0,RTS,20
5.00544e+06,20,CTS,14
5.0055e+06,0,QOSDATA_TID6,1066
5.00569e+06,20,ACK,14
5.00573e+06,0,CTL,20
5.00582e+06,13,RTS,20
5.00588e+06,20,CTS,14
5.00594e+06,13,QOSDATA_TID6,1066
5.00613e+06,20,ACK,14
5.00617e+06,13,QOSDATA_TID6,1066
5.00636e+06,20,ACK,14
5.0064e+06,13,QOSDATA_TID6,1066
5.00658e+06,20,ACK,14
5.00663e+06,13,CTL,20
5.00671e+06,8,RTS,20
5.00678e+06,20,CTS,14
5.00684e+06,8,QOSDATA_TID6,1066
5.00703e+06,20,ACK,14
5.00707e+06,8,CTL,20
5.00716e+06,1,RTS,20
5.00716e+06,2,RTS,20
5.00716e+06,9,RTS,20
5.00716e+06,18,RTS,20
5.00716e+06,15,RTS,20
5.00716e+06,14,RTS,20
5.00726e+06,4,RTS,20
5.00733e+06,20,CTS,14
5.00739e+06,4,QOSDATA_TID6,1066
5.00758e+06,20,ACK,14
5.00762e+06,4,CTL,20
5.00771e+06,10,RTS,20
5.00777e+06,20,CTS,14
5.00783e+06,10,QOSDATA_TID6,1066
5.00802e+06,20,ACK,14
5.00806e+06,10,QOSDATA_TID6,1066
5.00825e+06,20,ACK,14
5.00829e+06,10,QOSDATA_TID6,1066
5.00847e+06,20,ACK,14
5.00852e+06,10,CTL,20
5.0086e+06,17,RTS,20
5.0086e+06,16,RTS,20
5.00867e+06,20,CTS,14
5.00873e+06,17,QOSDATA_TID6,1066
5.00892e+06,20,ACK,14
5.00896e+06,17,QOSDATA_TID6,1066
5.00914e+06,20,ACK,14
5.00919e+06,17,CTL,20
5.00927e+06,16,RTS,20
5.00934e+06,20,CTS,14
5.0094e+06,16,QOSDATA_TID6,1066
5.00959e+06,20,ACK,14
5.00963e+06,16,QOSDATA_TID6,1066
5.00981e+06,20,ACK,14
5.00986e+06,16,QOSDATA_TID6,1066
5.01004e+06,20,ACK,14
5.01009e+06,16,CTL,20
5.01018e+06,15,RTS,20
5.01018e+06,14,RTS,20
5.01028e+06,9,RTS,20
5.01035e+06,20,CTS,14
5.01041e+06,9,QOSDATA_TID6,1066
5.01059e+06,20,ACK,14
5.01064e+06,9,QOSDATA_TID6,1066
5.01082e+06,20,ACK,14
5.01086e+06,9,CTL,20
5.01095e+06,3,RTS,20
5.01102e+06,20,CTS,14
5.01108e+06,3,QOSDATA_TID6,1066
5.01126e+06,20,ACK,14
5.0113e+06,3,QOSDATA_TID6,1066
5.01149e+06,20,ACK,14
5.01153e+06,3,CTL,20
5.01162e+06,19,RTS,20
5.01162e+06,1,RTS,20
5.01162e+06,0,RTS,20
5.01162e+06,12,RTS,20
5.01172e+06,2,RTS,20
5.01172e+06,13,RTS,20
5.01182e+06,12,RTS,20
5.01188e+06,20,CTS,14
5.01194e+06,12,QOSDATA_TID6,1066
5.01213e+06,20,ACK,14
5.01217e+06,12,CTL,20
5.01226e+06,11,RTS,20
5.01226e+06,13,RTS,20
5.01226e+06,0,RTS,20
5.01236e+06,7,RTS,20
5.01243e+06,20,CTS,14
5.01249e+06,7,QOSDATA_TID6,1066
5.01268e+06,20,ACK,14
5.01272e+06,7,CTL,20
5.01282e+06,5,RTS,20
5.01282e+06,15,RTS,20
5.01282e+06,6,RTS,20
5.01282e+06,18,RTS,20
5.01288e+06,20,CTS,14
5.01294e+06,5,QOSDATA_TID6,1066
5.01313e+06,20,ACK,14
5.01317e+06,5,CTL,20
5.01328e+06,17,RTS,20
5.01328e+06,1,RTS,20
5.01328e+06,18,RTS,20
5.01328e+06,4,RTS,20
5.01328e+06,10,RTS,20
5.0134e+06,19,RTS,20
5.0134e+06,15,RTS,20
5.0134e+06,11,RTS,20
5.0134e+06,13,RTS,20
5.0135e+06,10,RTS,20
5.01357e+06,20,CTS,14
5.01363e+06,10,QOSDATA_TID6,1066
5.01381e+06,20,ACK,14
5.01385e+06,10,CTL,20
5.01394e+06,19,RTS,20
5.01394e+06,1,RTS,20
5.01404e+06,2,RTS,20
5.01411e+06,20,CTS,14
5.01417e+06,2,QOSDATA_TID6,1066
5.01435e+06,20,ACK,14
5.0144e+06,2,QOSDATA_TID6,1066
5.01458e+06,20,ACK,14
5.01462e+06,2,QOSDATA_TID6,1066
5.01481e+06,20,ACK,14
5.01485e+06,2,CTL,20
5.01494e+06,19,RTS,20
5.01494e+06,6,RTS,20
5.01494e+06,15,RTS,20
5.01507e+06,6,RTS,20
5.01514e+06,20,CTS,14
5.0152e+06,6,QOSDATA_TID6,1066
5.01538e+06,20,ACK,14
5.01542e+06,6,CTL,20
5.01552e+06,8,RTS,20
5.01552e+06,1,RTS,20
5.01562e+06,17,RTS,20
5.01562e+06,18,RTS,20
5.01568e+06,20,CTS,14
5.01574e+06,17,QOSDATA_TID6,1066
5.01593e+06,20,ACK,14
5.01597e+06,17,CTL,20
5.01606e+06,15,RTS,20
5.01613e+06,20,CTS,14
5.01619e+06,15,QOSDATA_TID6,1066
5.01637e+06,20,ACK,14
5.01642e+06,15,QOSDATA_TID6,1066
5.0166e+06,20,ACK,14
5.01664e+06,15,CTL,20
5.01673e+06,18,RTS,20
5.0168e+06,20,CTS,14
5.01686e+06,18,QOSDATA_TID6,1066
5.01704e+06,20,ACK,14
5.01708e+06,18,QOSDATA_TID6,1066
5.01727e+06,20,ACK,14
5.01731e+06,18,QOSDATA_TID6,1066
5.0175e+06,20,ACK,14
5.01754e+06,18,CTL,20
5.01763e+06,0,CTS,14
5.01763e+06,14,RTS,20
5.01763e+06,19,RTS,20
5.01773e+06,0,RTS,20
5.0178e+06,20,CTS,14
5.01786e+06,0,QOSDATA_TID6,1066
5.01804e+06,20,ACK,14
5.01809e+06,0,QOSDATA_TID6,1066
5.01827e+06,20,ACK,14
5.01832e+06,0,CTL,20
5.0184e+06,12,RTS,20
5.0184e+06,9,RTS,20
5.0184e+06,13,RTS,20
5.0184e+06,16,RTS,20
5.0184e+06,4,RTS,20
5.01847e+06,20,CTS,14
5.01853e+06,12,QOSDATA_TID6,1066
5.01871e+06,20,ACK,14
5.01876e+06,12,CTL,20
5.01884e+06,4,RTS,20
5.01891e+06,20,CTS,14
5.01897e+06,4,QOSDATA_TID6,1066
5.01916e+06,20,ACK,14
5.0192e+06,4,CTL,20
5.01928e+06,11,RTS,20
5.01928e+06,7,RTS,20
5.01928e+06,1,RTS,20
5.01928e+06,19,RTS,20
5.01928e+06,13,RTS,20
5.01928e+06,3,RTS,20
5.01939e+06,8,RTS,20
5.01939e+06,17,RTS,20
5.01939e+06,14,RTS,20
5.01949e+06,11,RTS,20
5.01956e+06,20,CTS,14
5.01962e+06,11,QOSDATA_TID6,1066
5.0198e+06,20,ACK,14
5.01985e+06,11,QOSDATA_TID6,1066
5.02003e+06,20,ACK,14
5.02007e+06,11,CTL,20
5.02017e+06,16,RTS,20
5.02024e+06,20,CTS,14
5.0203e+06,16,QOSDATA_TID6,1066
5.02048e+06,20,ACK,14
5.02052e+06,16,CTL,20
5.02061e+06,2,RTS,20
5.02061e+06,9,RTS,20
5.02061e+06,6,RTS,20
5.02061e+06,10,RTS,20
5.02072e+06,19,RTS,20
5.02072e+06,8,RTS,20
5.02072e+06,1,RTS,20
5.02082e+06,17,RTS,20
5.02082e+06,5,RTS,20
5.02082e+06,15,RTS,20
5.02091e+06,7,RTS,20
5.02091e+06,4,RTS,20
5.02098e+06,20,CTS,14
5.02104e+06,7,QOSDATA_TID6,1066
5.02123e+06,20,ACK,14
5.02127e+06,7,CTL,20
5.02136e+06,4,RTS,20
5.02136e+06,19,RTS,20
5.02136e+06,2,RTS,20
5.02136e+06,10,RTS,20
5.02145e+06,13,RTS,20
5.02152e+06,20,CTS,14
5.02158e+06,13,QOSDATA_TID6,1066
5.02177e+06,20,ACK,14
5.02181e+06,13,QOSDATA_TID6,1066
5.022e+06,20,ACK,14
5.02204e+06,13,CTL,20
5.02212e+06,2,RTS,20
5.02212e+06,3,RTS,20
5.02219e+06,20,CTS,14
5.02225e+06,2,QOSDATA_TID6,1066
5.02244e+06,20,ACK,14
5.02248e+06,2,CTL,20
5.02257e+06,19,RTS,20
5.02264e+06,20,CTS,14
5.0227e+06,19,QOSDATA_TID6,1066
5.02288e+06,20,ACK,14
5.02292e+06,19,CTL,20
5.02301e+06,18,RTS,20
5.02308e+06,20,CTS,14
5.02314e+06,18,QOSDATA_TID6,1066
5.02332e+06,20,ACK,14
5.02336e+06,18,CTL,20
5.02345e+06,3,RTS,20
5.02352e+06,20,CTS,14
5.02358e+06,3,QOSDATA_TID6,1066
5.02376e+06,20,ACK,14
5.02381e+06,3,CTL,20
5.02389e+06,9,RTS,20
5.02389e+06,10,RTS,20
5.02389e+06,1,RTS,20
5.02389e+06,6,RTS,20
5.02389e+06,14,RTS,20
5.02402e+06,9,RTS,20
5.02409e+06,20,CTS,14
5.02415e+06,9,QOSDATA_TID6,1066
5.02434e+06,20,ACK,14
5.02438e+06,9,CTL,20
5.02447e+06,10,RTS,20
5.02447e+06,16,RTS,20
5.02447e+06,14,RTS,20
5.0246e+06,5,RTS,20
5.02467e+06,20,CTS,14
5.02473e+06,5,QOSDATA_TID6,1066
5.02491e+06,20,ACK,14
5.02496e+06,5,CTL,20
5.02504e+06,14,RTS,20
5.02511e+06,20,CTS,14
5.02517e+06,14,QOSDATA_TID6,1066
5.02535e+06,20,ACK,14
5.0254e+06,14,QOSDATA_TID6,1066
5.02558e+06,20,ACK,14
5.02563e+06,14,QOSDATA_TID6,1066
5.02581e+06,20,ACK,14
5.02585e+06,14,CTL,20
5.02594e+06,15,RTS,20
5.02594e+06,0,RTS,20
5.02594e+06,7,RTS,20
5.02594e+06,4,RTS,20
5.02604e+06,9,RTS,20
5.02611e+06,20,CTS,14
5.02617e+06,9,QOSDATA_TID6,1066
5.02635e+06,20,ACK,14
5.02639e+06,9,CTL,20
5.02649e+06,8,RTS,20
5.02649e+06,17,RTS,20
5.02649e+06,0,RTS,20
5.02649e+06,16,RTS,20
5.02659e+06,1,RTS,20
5.02666e+06,20,CTS,14
5.02672e+06,1,QOSDATA_TID6,1066
5.0269e+06,20,ACK,14
5.02694e+06,1,QOSDATA_TID6,1066
5.02713e+06,20,ACK,14
5.02717e+06,1,QOSDATA_TID6,1066
5.02736e+06,20,ACK,14
5.0274e+06,1,QOSDATA_TID6,1066
5.02758e+06,20,ACK,14
5.02763e+06,1,CTL,20
5.02771e+06,3,RTS,20
5.02771e+06,0,CTS,14
5.02782e+06,0,RTS,20
5.02788e+06,20,CTS,14
5.02794e+06,0,QOSDATA_TID6,1066
5.02813e+06,20,ACK,14
5.02817e+06,0,CTL,20
5.02826e+06,11,RTS,20
5.02833e+06,20,CTS,14
5.02839e+06,11,QOSDATA_TID6,1066
5.02857e+06,20,ACK,14
5.02862e+06,11,CTL,20
5.0287e+06,16,RTS,20
5.0287e+06,12,RTS,20
5.0287e+06,5,RTS,20
5.0287e+06,13,RTS,20
5.0287e+06,10,RTS,20
5.02881e+06,19,RTS,20
5.02888e+06,20,CTS,14
5.02894e+06,19,QOSDATA_TID6,1066
5.02912e+06,20,ACK,14
5.02916e+06,19,CTL,20
5.02925e+06,17,RTS,20
5.02925e+06,10,RTS,20
5.02925e+06,6,RTS,20
5.02932e+06,20,CTS,14
5.02938e+06,17,QOSDATA_TID6,1066
5.02956e+06,20,ACK,14
5.02961e+06,17,QOSDATA_TID6,1066
5.02979e+06,20,ACK,14
5.02984e+06,17,CTL,20
5.02993e+06,16,RTS,20
5.02993e+06,2,RTS,20
5.02993e+06,15,RTS,20
5.02993e+06,10,RTS,20
5.03003e+06,7,RTS,20
5.0301e+06,20,CTS,14
5.03016e+06,7,QOSDATA_TID6,1066
5.03034e+06,20,ACK,14
5.03038e+06,7,CTL,20
5.03047e+06,8,RTS,20
5.03047e+06,16,RTS,20
5.03047e+06,2,RTS,20
5.03047e+06,18,RTS,20
5.03059e+06,6,RTS,20
5.03059e+06,15,RTS,20
5.03068e+06,8,RTS,20
5.03068e+06,16,RTS,20
5.03075e+06,20,CTS,14
5.03081e+06,8,QOSDATA_TID6,1066
5.031e+06,20,ACK,14
5.03104e+06,8,QOSDATA_TID6,1066
5.03122e+06,20,ACK,14
5.03127e+06,8,QOSDATA_TID6,1066
5.03145e+06,20,ACK,14
5.0315e+06,8,CTL,20
5.03159e+06,5,RTS,20
5.03159e+06,6,RTS,20
5.03166e+06,20,CTS,14
5.03172e+06,5,QOSDATA_TID6,1066
5.0319e+06,20,ACK,14
5.03195e+06,5,CTL,20
5.03205e+06,2,RTS,20
5.03205e+06,18,RTS,20
5.03205e+06,4,RTS,20
5.03205e+06,14,RTS,20
5.03218e+06,13,RTS,20
5.03224e+06,20,CTS,14
5.0323e+06,13,QOSDATA_TID6,1066
5.03249e+06,20,ACK,14
5.03253e+06,13,CTL,20
5.03262e+06,12,RTS,20
5.03262e+06,6,RTS,20
5.03269e+06,20,CTS,14
5.03275e+06,12,QOSDATA_TID6,1066
5.03293e+06,20,ACK,14
5.03297e+06,12,CTL,20
5.03309e+06,0,RTS,20
5.03309e+06,3,RTS,20
5.03309e+06,14,RTS,20
5.03309e+06,10,RTS,20
5.03318e+06,2,RTS,20
5.03318e+06,16,RTS,20
5.03334e+06,14,RTS,20
5.0334e+06,20,CTS,14
5.03346e+06,14,QOSDATA_TID6,1066
5.03365e+06,20,ACK,14
5.03369e+06,14,CTL,20
5.03377e+06,20,BEACON,152
5.03403e+06,7,RTS,20
5.03403e+06,2,RTS,20
5.03403e+06,15,RTS,20
5.03403e+06,13,RTS,20
5.03403e+06,16,RTS,20
5.03403e+06,9,RTS,20
5.03415e+06,10,RTS,20
5.03422e+06,20,CTS,14
5.03428e+06,10,QOSDATA_TID6,1066
5.03446e+06,20,ACK,14
5.0345e+06,10,CTL,20
5.03459e+06,16,RTS,20
5.03459e+06,13,RTS,20
5.0347e+06,12,RTS,20
5.0347e+06,0,RTS,20
5.03476e+06,20,CTS,14
5.03482e+06,12,QOSDATA_TID6,1066
5.03501e+06,20,ACK,14
5.03505e+06,12,CTL,20
5.03516e+06,11,RTS,20
5.03516e+06,19,RTS,20
5.03516e+06,15,RTS,20
5.03516e+06,6,RTS,20
5.03526e+06,9,RTS,20
5.03533e+06,20,CTS,14
5.03539e+06,9,QOSDATA_TID6,1066
5.03558e+06,20,ACK,14
5.03562e+06,9,CTL,20
5.03571e+06,19,RTS,20
5.03571e+06,1,RTS,20
5.03571e+06,6,RTS,20
5.03571e+06,7,RTS,20
5.0358e+06,2,RTS,20
5.03587e+06,20,CTS,14
5.03593e+06,2,QOSDATA_TID6,1066
5.03612e+06,20,ACK,14
5.03616e+06,2,CTL,20
5.03625e+06,3,RTS,20
5.03625e+06,19,RTS,20
5.03631e+06,20,CTS,14
5.03637e+06,19,QOSDATA_TID6,1066
5.03656e+06,20,ACK,14
5.0366e+06,19,CTL,20
5.03669e+06,10,RTS,20
5.03669e+06,6,RTS,20
5.03669e+06,15,RTS,20
5.0368e+06,11,RTS,20
5.03686e+06,20,CTS,14
5.03692e+06,11,QOSDATA_TID6,1066
5.03711e+06,20,ACK,14
5.03715e+06,11,CTL,20
5.03724e+06,16,RTS,20
5.03724e+06,1,RTS,20
5.03724e+06,17,RTS,20
5.03734e+06,15,RTS,20
5.03741e+06,20,CTS,14
5.03747e+06,15,QOSDATA_TID6,1066
5.03766e+06,20,ACK,14
5.0377e+06,15,QOSDATA_TID6,1066
5.03788e+06,20,ACK,14
5.03793e+06,15,CTL,20
5.03802e+06,13,RTS,20
5.03802e+06,7,RTS,20
5.03808e+06,20,CTS,14
5.03814e+06,7,QOSDATA_TID6,1066
5.03833e+06,20,ACK,14
5.03837e+06,7,CTL,20
5.03846e+06,2,RTS,20
5.03846e+06,10,RTS,20
5.03852e+06,20,CTS,14
5.03858e+06,2,QOSDATA_TID6,1066
5.03877e+06,20,ACK,14
5.03881e+06,2,CTL,20
5.03891e+06,5,RTS,20
5.03891e+06,8,RTS,20
5.03898e+06,20,CTS,14
5.03904e+06,5,QOSDATA_TID6,1066
5.03922e+06,20,ACK,14
5.03926e+06,5,CTL,20
5.03935e+06,18,RTS,20
5.03935e+06,14,RTS,20
5.03946e+06,1,RTS,20
5.03952e+06,20,CTS,14
5.03958e+06,1,QOSDATA_TID6,1066
5.03977e+06,20,ACK,14
5.03981e+06,1,CTL,20
5.0399e+06,4,RTS,20
5.0399e+06,6,RTS,20
5.0399e+06,14,RTS,20
5.04e+06,8,RTS,20
5.04e+06,17,RTS,20
5.0401e+06,4,RTS,20
5.0401e+06,6,RTS,20
5.04016e+06,20,CTS,14
5.04022e+06,6,QOSDATA_TID6,1066
5.04041e+06,20,ACK,14
5.04045e+06,6,QOSDATA_TID6,1066
5.04064e+06,20,ACK,14
5.04068e+06,6,CTL,20
5.04076e+06,3,RTS,20
5.04083e+06,20,CTS,14
5.04089e+06,3,QOSDATA_TID6,1066
5.04108e+06,20,ACK,14
5.04112e+06,3,QOSDATA_TID6,1066
5.0413e+06,20,ACK,14
5.04135e+06,3,CTL,20
5.04144e+06,10,RTS,20
5.0415e+06,20,CTS,14
5.04156e+06,10,QOSDATA_TID6,1066
5.04175e+06,20,ACK,14
5.04179e+06,10,CTL,20
5.04188e+06,18,RTS,20
5.04188e+06,0,CTS,14
5.04188e+06,8,RTS,20
5.04188e+06,17,RTS,20
5.04188e+06,13,RTS,20
5.04199e+06,0,RTS,20
5.04206e+06,20,CTS,14
5.04212e+06,0,QOSDATA_TID6,1066
5.0423e+06,20,ACK,14
5.04235e+06,0,QOSDATA_TID6,1066
5.04253e+06,20,ACK,14
5.04257e+06,0,CTL,20
5.04266e+06,3,RTS,20
5.04266e+06,9,RTS,20
5.04276e+06,16,RTS,20
5.04276e+06,7,RTS,20
5.04283e+06,20,CTS,14
5.04289e+06,7,QOSDATA_TID6,1066
5.04307e+06,20,ACK,14
5.04311e+06,7,CTL,20
5.0432e+06,8,RTS,20
5.0432e+06,1,RTS,20
5.0433e+06,17,RTS,20
5.0433e+06,12,RTS,20
5.0433e+06,4,RTS,20
5.0433e+06,14,RTS,20
5.0434e+06,18,RTS,20
5.0434e+06,9,RTS,20
5.04346e+06,20,CTS,14
5.04352e+06,18,QOSDATA_TID6,1066
5.04371e+06,20,ACK,14
5.04375e+06,18,QOSDATA_TID6,1066
5.04394e+06,20,ACK,14
5.04398e+06,18,CTL,20
5.04407e+06,9,RTS,20
5.04407e+06,8,RTS,20
5.04413e+06,20,CTS,14
5.04419e+06,8,QOSDATA_TID6,1066
5.04438e+06,20,ACK,14
5.04442e+06,8,CTL,20
5.04451e+06,5,RTS,20
5.04458e+06,20,CTS,14
5.04464e+06,5,QOSDATA_TID6,1066
5.04482e+06,20,ACK,14
5.04486e+06,5,CTL,20
5.04495e+06,2,RTS,20
5.04495e+06,6,RTS,20
5.04495e+06,10,RTS,20
5.04505e+06,11,RTS,20
5.04512e+06,20,CTS,14
5.04518e+06,11,QOSDATA_TID6,1066
5.04536e+06,20,ACK,14
5.0454e+06,11,CTL,20
5.04549e+06,4,RTS,20
5.04549e+06,13,RTS,20
5.0456e+06,10,RTS,20
5.0456e+06,3,RTS,20
5.0456e+06,9,RTS,20
5.0457e+06,2,RTS,20
5.0457e+06,17,RTS,20
5.0457e+06,4,RTS,20
5.04576e+06,20,CTS,14
5.04582e+06,17,QOSDATA_TID6,1066
5.04601e+06,20,ACK,14
5.04605e+06,17,QOSDATA_TID6,1066
5.04624e+06,20,ACK,14
5.04628e+06,17,CTL,20
5.04637e+06,2,RTS,20
5.04637e+06,14,RTS,20
5.04643e+06,20,CTS,14
5.04649e+06,2,QOSDATA_TID6,1066
5.04668e+06,20,ACK,14
5.04672e+06,2,CTL,20
5.04681e+06,12,RTS,20
5.04688e+06,20,CTS,14
5.04694e+06,12,QOSDATA_TID6,1066
5.04712e+06,20,ACK,14
5.04716e+06,12,CTL,20
5.04725e+06,8,RTS,20
5.04725e+06,19,RTS,20
5.04732e+06,20,CTS,14
5.04738e+06,8,QOSDATA_TID6,1066
5.04756e+06,20,ACK,14
5.04761e+06,8,CTL,20
5.04769e+06,1,RTS,20
5.04769e+06,19,RTS,20
5.04769e+06,16,RTS,20
5.04769e+06,4,RTS,20
5.04769e+06,18,RTS,20
5.04769e+06,13,RTS,20
5.0478e+06,15,RTS,20
5.04787e+06,20,CTS,14
5.04793e+06,15,QOSDATA_TID6,1066
5.04811e+06,20,ACK,14
5.04816e+06,15,CTL,20
5.04824e+06,18,RTS,20
5.04824e+06,9,RTS,20
5.04831e+06,20,CTS,14
5.04837e+06,18,QOSDATA_TID6,1066
5.04855e+06,20,ACK,14
5.0486e+06,18,CTL,20
5.04869e+06,19,RTS,20
5.04869e+06,13,RTS,20
5.04869e+06,4,RTS,20
5.04881e+06,10,RTS,20
5.04888e+06,20,CTS,14
5.04894e+06,10,QOSDATA_TID6,1066
5.04912e+06,20,ACK,14
5.04916e+06,10,CTL,20
5.04925e+06,0,RTS,20
5.04925e+06,6,RTS,20
5.04925e+06,14,RTS,20
5.04936e+06,13,RTS,20
5.04936e+06,19,RTS,20
5.04936e+06,16,RTS,20
5.04946e+06,7,RTS,20
5.04946e+06,0,RTS,20
5.04959e+06,3,RTS,20
5.04959e+06,9,RTS,20
5.0497e+06,0,CTS,14
5.04977e+06,0,RTS,20
5.04984e+06,20,CTS,14
5.0499e+06,0,QOSDATA_TID6,1066
5.05009e+06,20,ACK,14
5.05013e+06,0,CTL,20
5.05022e+06,6,RTS,20
5.05022e+06,14,RTS,20
5.05022e+06,7,RTS,20
5.05022e+06,1,RTS,20
5.05022e+06,16,RTS,20
5.05032e+06,13,RTS,20
5.05032e+06,9,RTS,20
5.05042e+06,1,RTS,20
5.05049e+06,20,CTS,14
5.05055e+06,1,QOSDATA_TID6,1066
5.05073e+06,20,ACK,14
5.05078e+06,1,CTL,20
5.05086e+06,16,RTS,20
5.05093e+06,20,CTS,14
5.05099e+06,16,QOSDATA_TID6,1066
5.05118e+06,20,ACK,14
5.05122e+06,16,QOSDATA_TID6,1066
5.0514e+06,20,ACK,14
5.05145e+06,16,CTL,20
5.05154e+06,17,RTS,20
5.05154e+06,6,RTS,20
5.05161e+06,20,CTS,14
5.05167e+06,17,QOSDATA_TID6,1066
5.05185e+06,20,ACK,14
5.0519e+06,17,CTL,20
5.05199e+06,13,RTS,20
5.05206e+06,20,CTS,14
5.05212e+06,13,QOSDATA_TID6,1066
5.0523e+06,20,ACK,14
5.05235e+06,13,QOSDATA_TID6,1066
5.05253e+06,20,ACK,14
5.05258e+06,13,CTL,20
5.05266e+06,7,RTS,20
5.05266e+06,12,RTS,20
5.05266e+06,14,RTS,20
5.05266e+06,5,RTS,20
5.05266e+06,11,RTS,20
5.05266e+06,19,RTS,20
5.05266e+06,10,RTS,20
5.05277e+06,9,RTS,20
5.05277e+06,6,RTS,20
5.05277e+06,1,RTS,20
5.0529e+06,10,RTS,20
5.05296e+06,20,CTS,14
5.05302e+06,10,QOSDATA_TID6,1066
5.05321e+06,20,ACK,14
5.05325e+06,10,CTL,20
5.05335e+06,4,RTS,20
5.05342e+06,20,CTS,14
5.05348e+06,4,QOSDATA_TID6,1066
5.05366e+06,20,ACK,14
5.0537e+06,4,QOSDATA_TID6,1066
5.05389e+06,20,ACK,14
5.05393e+06,4,QOSDATA_TID6,1066
5.05412e+06,20,ACK,14
5.05416e+06,4,QOSDATA_TID6,1066
5.05434e+06,20,ACK,14
5.05439e+06,4,CTL,20
5.05447e+06,7,RTS,20
5.05447e+06,3,RTS,20
5.05447e+06,9,RTS,20
5.05447e+06,14,RTS,20
5.05458e+06,2,RTS,20
5.05458e+06,1,RTS,20
5.05469e+06,15,RTS,20
5.05469e+06,14,RTS,20
5.05478e+06,8,RTS,20
5.05478e+06,1,RTS,20
5.05488e+06,2,RTS,20
5.05488e+06,14,RTS,20
5.05495e+06,20,CTS,14
5.05501e+06,2,QOSDATA_TID6,1066
5.0552e+06,20,ACK,14
5.05524e+06,2,CTL,20
5.05532e+06,12,RTS,20
5.05539e+06,20,CTS,14
5.05545e+06,12,QOSDATA_TID6,1066
5.05564e+06,20,ACK,14
5.05568e+06,12,CTL,20
5.05577e+06,6,RTS,20
5.05577e+06,3,RTS,20
5.05577e+06,18,RTS,20
5.05586e+06,5,RTS,20
5.05593e+06,20,CTS,14
5.05599e+06,5,QOSDATA_TID6,1066
5.05618e+06,20,ACK,14
5.05622e+06,5,CTL,20
5.05631e+06,11,RTS,20
5.05638e+06,20,CTS,14
5.05644e+06,11,QOSDATA_TID6,1066
5.05662e+06,20,ACK,14
5.05666e+06,11,CTL,20
5.05675e+06,16,RTS,20
5.05675e+06,8,RTS,20
5.05675e+06,7,RTS,20
5.05675e+06,19,RTS,20
5.05675e+06,18,RTS,20
5.05675e+06,14,RTS,20
5.05686e+06,1,RTS,20
5.05692e+06,20,CTS,14
5.05698e+06,1,QOSDATA_TID6,1066
5.05717e+06,20,ACK,14
5.05721e+06,1,CTL,20
5.0573e+06,0,RTS,20
5.05737e+06,20,CTS,14
5.05743e+06,0,QOSDATA_TID6,1066
5.05761e+06,20,ACK,14
5.05765e+06,0,CTL,20
5.05774e+06,18,RTS,20
5.05774e+06,15,RTS,20
5.05774e+06,7,RTS,20
5.05774e+06,9,RTS,20
5.05785e+06,19,RTS,20
5.05785e+06,6,RTS,20
5.05785e+06,13,RTS,20
5.05799e+06,15,RTS,20
5.05806e+06,20,CTS,14
5.05812e+06,15,QOSDATA_TID6,1066
5.0583e+06,20,ACK,14
5.05835e+06,15,CTL,20
5.05843e+06,19,RTS,20
5.05843e+06,9,RTS,20
5.0585e+06,20,CTS,14
5.05856e+06,19,QOSDATA_TID6,1066
5.05874e+06,20,ACK,14
5.05879e+06,19,CTL,20
5.05888e+06,3,RTS,20
5.05895e+06,20,CTS,14
5.05901e+06,3,QOSDATA_TID6,1066
5.0592e+06,20,ACK,14
5.05924e+06,3,QOSDATA_TID6,1066
5.05942e+06,20,ACK,14
5.05947e+06,3,QOSDATA_TID6,1066
5.05965e+06,20,ACK,14
5.0597e+06,3,CTL,20
5.05978e+06,1,RTS,20
5.05978e+06,12,RTS,20
5.05985e+06,20,CTS,14
5.05991e+06,12,QOSDATA_TID6,1066
5.06009e+06,20,ACK,14
5.06014e+06,12,CTL,20
5.06022e+06,1,RTS,20
5.06022e+06,11,RTS,20
5.06022e+06,16,RTS,20
5.06022e+06,14,RTS,20
5.06022e+06,18,RTS,20
5.06022e+06,9,RTS,20
5.06035e+06,6,RTS,20
5.06035e+06,13,RTS,20
5.06046e+06,17,RTS,20
5.06046e+06,19,RTS,20
5.06052e+06,20,CTS,14
5.06058e+06,17,QOSDATA_TID6,1066
5.06077e+06,20,ACK,14
5.06081e+06,17,CTL,20
5.0609e+06,16,RTS,20
5.0609e+06,4,RTS,20
5.061e+06,15,RTS,20
5.061e+06,2,RTS,20
5.06109e+06,4,RTS,20
5.06116e+06,20,CTS,14
5.06122e+06,4,QOSDATA_TID6,1066
5.06141e+06,20,ACK,14
5.06145e+06,4,CTL,20
5.06154e+06,6,RTS,20
5.0616e+06,20,CTS,14
5.06166e+06,6,QOSDATA_TID6,1066
5.06185e+06,20,ACK,14
5.06189e+06,6,QOSDATA_TID6,1066
5.06208e+06,20,ACK,14
5.06212e+06,6,CTL,20
5.06221e+06,5,RTS,20
5.06221e+06,19,RTS,20
5.06221e+06,16,RTS,20
5.06227e+06,20,CTS,14
5.06233e+06,5,QOSDATA_TID6,1066
5.06252e+06,20,ACK,14
5.06256e+06,5,CTL,20
5.06265e+06,8,RTS,20
5.06265e+06,10,RTS,20
5.06272e+06,20,CTS,14
5.06278e+06,8,QOSDATA_TID6,1066
5.06296e+06,20,ACK,14
5.063e+06,8,QOSDATA_TID6,1066
5.06319e+06,20,ACK,14
5.06323e+06,8,CTL,20
5.06333e+06,11,RTS,20
5.06333e+06,18,RTS,20
5.06345e+06,15,RTS,20
5.06352e+06,20,CTS,14
5.06358e+06,15,QOSDATA_TID6,1066
5.06376e+06,20,ACK,14
5.06381e+06,15,CTL,20
5.06389e+06,18,RTS,20
5.06396e+06,20,CTS,14
5.06402e+06,18,QOSDATA_TID6,1066
5.06421e+06,20,ACK,14
5.06425e+06,18,QOSDATA_TID6,1066
5.06443e+06,20,ACK,14
5.06448e+06,18,CTL,20
5.06457e+06,19,RTS,20
5.06457e+06,1,RTS,20
5.06467e+06,7,RTS,20
5.06474e+06,20,CTS,14
5.0648e+06,7,QOSDATA_TID6,1066
5.06498e+06,20,ACK,14
5.06503e+06,7,QOSDATA_TID6,1066
5.06521e+06,20,ACK,14
5.06526e+06,7,CTL,20
5.06534e+06,13,RTS,20
5.06534e+06,16,RTS,20
5.06534e+06,2,RTS,20
5.06544e+06,14,RTS,20
5.06551e+06,20,CTS,14
5.06557e+06,14,QOSDATA_TID6,1066
5.06575e+06,20,ACK,14
5.0658e+06,14,QOSDATA_TID6,1066
5.06598e+06,20,ACK,14
5.06602e+06,14,QOSDATA_TID6,1066
5.06621e+06,20,ACK,14
5.06625e+06,14,CTL,20
5.06635e+06,2,RTS,20
5.06635e+06,10,RTS,20
5.06635e+06,9,RTS,20
5.06644e+06,0,RTS,20
5.06651e+06,20,CTS,14
5.06657e+06,0,QOSDATA_TID6,1066
5.06676e+06,20,ACK,14
5.0668e+06,0,CTL,20
5.06689e+06,7,RTS,20
5.06689e+06,19,RTS,20
5.067e+06,10,RTS,20
5.06707e+06,20,CTS,14
5.06713e+06,10,QOSDATA_TID6,1066
5.06731e+06,20,ACK,14
5.06736e+06,10,CTL,20
5.06744e+06,7,RTS,20
5.06744e+06,11,RTS,20
5.06744e+06,16,RTS,20
5.06754e+06,1,RTS,20
5.06754e+06,6,RTS,20
5.06767e+06,13,RTS,20
5.06767e+06,6,RTS,20
5.06779e+06,17,RTS,20
5.06779e+06,19,RTS,20
5.06786e+06,20,CTS,14
5.06792e+06,17,QOSDATA_TID6,1066
5.0681e+06,20,ACK,14
5.06815e+06,17,CTL,20
5.06824e+06,12,RTS,20
5.06831e+06,20,CTS,14
5.06837e+06,12,QOSDATA_TID6,1066
5.06855e+06,20,ACK,14
5.0686e+06,12,CTL,20
5.06868e+06,1,RTS,20
5.06868e+06,15,RTS,20
5.06868e+06,3,RTS,20
5.06881e+06,7,RTS,20
5.06888e+06,20,CTS,14
5.06894e+06,7,QOSDATA_TID6,1066
5.06912e+06,20,ACK,14
5.06916e+06,7,CTL,20
5.06926e+06,13,RTS,20
5.06933e+06,20,CTS,14
5.06939e+06,13,QOSDATA_TID6,1066
5.06957e+06,20,ACK,14
5.06962e+06,13,QOSDATA_TID6,1066
5.0698e+06,20,ACK,14
5.06984e+06,13,CTL,20
5.06993e+06,4,RTS,20
5.06993e+06,5,RTS,20
5.06993e+06,11,RTS,20
5.06993e+06,16,RTS,20
5.06993e+06,1,RTS,20
5.06993e+06,3,RTS,20
5.06993e+06,9,RTS,20
5.07e+06,20,CTS,14
5.07006e+06,5,QOSDATA_TID6,1066
5.07024e+06,20,ACK,14
5.07028e+06,5,CTL,20
5.07037e+06,16,RTS,20
5.07044e+06,20,CTS,14
5.0705e+06,16,QOSDATA_TID6,1066
5.07068e+06,20,ACK,14
5.07073e+06,16,CTL,20
5.07081e+06,11,RTS,20
5.07081e+06,2,RTS,20
5.07081e+06,18,RTS,20
5.07081e+06,6,RTS,20
5.07081e+06,10,RTS,20
5.07091e+06,19,RTS,20
5.07091e+06,8,RTS,20
5.07098e+06,20,CTS,14
5.07104e+06,8,QOSDATA_TID6,1066
5.07122e+06,20,ACK,14
5.07127e+06,8,CTL,20
5.07135e+06,3,RTS,20
5.07142e+06,20,CTS,14
5.07148e+06,3,QOSDATA_TID6,1066
5.07166e+06,20,ACK,14
5.07171e+06,3,CTL,20
5.0718e+06,14,RTS,20
5.0718e+06,15,RTS,20
5.07189e+06,10,RTS,20
5.07196e+06,20,CTS,14
5.07202e+06,10,QOSDATA_TID6,1066
5.0722e+06,20,ACK,14
5.07225e+06,10,CTL,20
5.07234e+06,2,RTS,20
5.07234e+06,11,RTS,20
5.07248e+06,19,RTS,20
5.07248e+06,14,RTS,20
5.07255e+06,20,CTS,14
5.07261e+06,19,QOSDATA_TID6,1066
5.07279e+06,20,ACK,14
5.07283e+06,19,QOSDATA_TID6,1066
5.07302e+06,20,ACK,14
5.07306e+06,19,CTL,20
5.07315e+06,14,RTS,20
5.07322e+06,20,CTS,14
5.07328e+06,14,QOSDATA_TID6,1066
5.07346e+06,20,ACK,14
5.0735e+06,14,CTL,20
5.0736e+06,0,RTS,20
5.0736e+06,18,RTS,20
5.0736e+06,1,RTS,20
5.0736e+06,4,RTS,20
5.07371e+06,13,RTS,20
5.07377e+06,20,CTS,14
5.07383e+06,13,QOSDATA_TID6,1066
5.07402e+06,20,ACK,14
5.07406e+06,13,CTL,20
5.07415e+06,15,RTS,20
5.07415e+06,1,RTS,20
5.07415e+06,9,RTS,20
5.07426e+06,7,RTS,20
5.07432e+06,20,CTS,14
5.07438e+06,7,QOSDATA_TID6,1066
5.07457e+06,20,ACK,14
5.07461e+06,7,CTL,20
5.0747e+06,1,RTS,20
5.0747e+06,18,RTS,20
5.0747e+06,3,RTS,20
5.07482e+06,15,RTS,20
5.07489e+06,20,CTS,14
5.07495e+06,15,QOSDATA_TID6,1066
5.07514e+06,20,ACK,14
5.07518e+06,15,CTL,20
5.07527e+06,9,RTS,20
5.07534e+06,20,CTS,14
5.0754e+06,9,QOSDATA_TID6,1066
5.07559e+06,20,ACK,14
5.07563e+06,9,QOSDATA_TID6,1066
5.07581e+06,20,ACK,14
5.07586e+06,9,QOSDATA_TID6,1066
5.07604e+06,20,ACK,14
5.07609e+06,9,CTL,20
5.07617e+06,2,RTS,20
5.07617e+06,19,RTS,20
5.07617e+06,0,RTS,20
5.07617e+06,12,RTS,20
5.07617e+06,16,RTS,20
5.07617e+06,4,RTS,20
5.07627e+06,17,RTS,20
5.07634e+06,20,CTS,14
5.0764e+06,17,QOSDATA_TID6,1066
5.07658e+06,20,ACK,14
5.07663e+06,17,CTL,20
5.07671e+06,11,RTS,20
5.07671e+06,18,RTS,20
5.07671e+06,10,RTS,20
5.07683e+06,2,RTS,20
5.07683e+06,5,RTS,20
5.0769e+06,20,CTS,14
5.07696e+06,5,QOSDATA_TID6,1066
5.07714e+06,20,ACK,14
5.07718e+06,5,CTL,20
5.07728e+06,6,RTS,20
5.07728e+06,10,RTS,20
5.07735e+06,20,CTS,14
5.07741e+06,6,QOSDATA_TID6,1066
5.07759e+06,20,ACK,14
5.07764e+06,6,QOSDATA_TID6,1066
5.07782e+06,20,ACK,14
5.07786e+06,6,CTL,20
5.07795e+06,1,RTS,20
5.07795e+06,19,RTS,20
5.07805e+06,4,RTS,20
5.07812e+06,20,CTS,14
5.07818e+06,4,QOSDATA_TID6,1066
5.07836e+06,20,ACK,14
5.0784e+06,4,QOSDATA_TID6,1066
5.07859e+06,20,ACK,14
5.07863e+06,4,CTL,20
5.07872e+06,2,RTS,20
5.07878e+06,20,CTS,14
5.07884e+06,2,QOSDATA_TID6,1066
5.07903e+06,20,ACK,14
5.07907e+06,2,QOSDATA_TID6,1066
5.07926e+06,20,ACK,14
5.0793e+06,2,CTL,20
5.07939e+06,18,RTS,20
5.07939e+06,15,RTS,20
5.07949e+06,8,RTS,20
5.07956e+06,20,CTS,14
5.07962e+06,8,QOSDATA_TID6,1066
5.07981e+06,20,ACK,14
5.07985e+06,8,CTL,20
5.07994e+06,16,RTS,20
5.07994e+06,18,RTS,20
5.08004e+06,15,RTS,20
5.08011e+06,20,CTS,14
5.08017e+06,15,QOSDATA_TID6,1066
5.08036e+06,20,ACK,14
5.0804e+06,15,CTL,20
5.08049e+06,3,RTS,20
5.08056e+06,20,CTS,14
5.08062e+06,3,QOSDATA_TID6,1066
5.08081e+06,20,ACK,14
5.08085e+06,3,CTL,20
5.08094e+06,18,RTS,20
5.08094e+06,1,RTS,20
5.08094e+06,0,CTS,14
5.08094e+06,12,RTS,20
5.08094e+06,11,RTS,20
5.08107e+06,12,RTS,20
5.08107e+06,11,RTS,20
5.08107e+06,0,RTS,20
5.08114e+06,20,CTS,14
5.0812e+06,12,QOSDATA_TID6,1066
5.08138e+06,20,ACK,14
5.08142e+06,12,CTL,20
5.08151e+06,14,RTS,20
5.08158e+06,20,CTS,14
5.08164e+06,14,QOSDATA_TID6,1066
5.08182e+06,20,ACK,14
5.08186e+06,14,CTL,20
5.08195e+06,18,RTS,20
5.08195e+06,19,RTS,20
5.08205e+06,9,RTS,20
5.08212e+06,20,CTS,14
5.08218e+06,9,QOSDATA_TID6,1066
5.08236e+06,20,ACK,14
5.08241e+06,9,CTL,20
5.08249e+06,18,RTS,20
5.08249e+06,19,RTS,20
5.08249e+06,13,RTS,20
5.08261e+06,12,RTS,20
5.08268e+06,20,CTS,14
5.08274e+06,12,QOSDATA_TID6,1066
5.08292e+06,20,ACK,14
5.08296e+06,12,CTL,20
5.08305e+06,13,RTS,20
5.08312e+06,20,CTS,14
5.08318e+06,13,QOSDATA_TID6,1066
5.08336e+06,20,ACK,14
5.08341e+06,13,CTL,20
5.08349e+06,7,RTS,20
5.08349e+06,3,RTS,20
5.08349e+06,10,RTS,20
5.08356e+06,20,CTS,14
5.08362e+06,7,QOSDATA_TID6,1066
5.0838e+06,20,ACK,14
5.08385e+06,7,CTL,20
5.08394e+06,17,RTS,20
5.08394e+06,16,RTS,20
5.08394e+06,0,RTS,20
5.08394e+06,18,RTS,20
5.08394e+06,3,RTS,20
5.08409e+06,16,RTS,20
5.08416e+06,20,CTS,14
5.08422e+06,16,QOSDATA_TID6,1066
5.0844e+06,20,ACK,14
5.08445e+06,16,QOSDATA_TID6,1066
5.08463e+06,20,ACK,14
5.08468e+06,16,CTL,20
5.08476e+06,5,RTS,20
5.08476e+06,0,RTS,20
5.08483e+06,20,CTS,14
5.08489e+06,5,QOSDATA_TID6,1066
5.08507e+06,20,ACK,14
5.08512e+06,5,CTL,20
5.0852e+06,2,RTS,20
5.08527e+06,20,CTS,14
5.08533e+06,2,QOSDATA_TID6,1066
5.08552e+06,20,ACK,14
5.08556e+06,2,CTL,20
5.08565e+06,15,RTS,20
5.08565e+06,4,RTS,20
5.08571e+06,20,CTS,14
5.08577e+06,15,QOSDATA_TID6,1066
5.08596e+06,20,ACK,14
5.086e+06,15,CTL,20
5.0861e+06,17,RTS,20
5.0861e+06,18,RTS,20
5.0861e+06,3,RTS,20
5.08616e+06,20,CTS,14
5.08622e+06,17,QOSDATA_TID6,1066
5.08641e+06,20,ACK,14
5.08645e+06,17,CTL,20
5.08656e+06,1,RTS,20
5.08656e+06,6,RTS,20
5.08656e+06,10,RTS,20
5.08672e+06,3,RTS,20
5.08679e+06,20,CTS,14
5.08685e+06,3,QOSDATA_TID6,1066
5.08703e+06,20,ACK,14
5.08707e+06,3,CTL,20
5.08716e+06,8,RTS,20
5.08723e+06,20,CTS,14
5.08729e+06,8,QOSDATA_TID6,1066
5.08747e+06,20,ACK,14
5.08752e+06,8,CTL,20
5.0876e+06,1,RTS,20
5.08767e+06,20,CTS,14
5.08773e+06,1,QOSDATA_TID6,1066
5.08791e+06,20,ACK,14
5.08796e+06,1,QOSDATA_TID6,1066
5.08814e+06,20,ACK,14
5.08819e+06,1,QOSDATA_TID6,1066
5.08837e+06,20,ACK,14
5.08841e+06,1,CTL,20
5.0885e+06,6,RTS,20
5.08857e+06,20,CTS,14
5.08863e+06,6,QOSDATA_TID6,1066
5.08881e+06,20,ACK,14
5.08886e+06,6,CTL,20
5.08894e+06,14,RTS,20
5.08894e+06,10,RTS,20
5.08894e+06,11,RTS,20
5.08904e+06,0,RTS,20
5.08911e+06,20,CTS,14
5.08917e+06,0,QOSDATA_TID6,1066
5.08935e+06,20,ACK,14
5.0894e+06,0,QOSDATA_TID6,1066
5.08958e+06,20,ACK,14
5.08962e+06,0,QOSDATA_TID6,1066
5.08981e+06,20,ACK,14
5.08985e+06,0,CTL,20
5.08994e+06,10,RTS,20
5.08994e+06,9,RTS,20
5.09004e+06,16,RTS,20
5.09004e+06,14,RTS,20
5.09016e+06,13,RTS,20
5.09016e+06,10,RTS,20
5.09027e+06,19,RTS,20
5.09034e+06,20,CTS,14
5.0904e+06,19,QOSDATA_TID6,1066
5.09058e+06,20,ACK,14
5.09062e+06,19,QOSDATA_TID6,1066
5.09081e+06,20,ACK,14
5.09085e+06,19,CTL,20
5.09094e+06,16,RTS,20
5.09101e+06,20,CTS,14
5.09107e+06,16,QOSDATA_TID6,1066
5.09125e+06,20,ACK,14
5.0913e+06,16,CTL,20
5.09138e+06,12,RTS,20
5.09138e+06,19,RTS,20
5.09145e+06,20,CTS,14
5.09151e+06,12,QOSDATA_TID6,1066
5.09169e+06,20,ACK,14
5.09174e+06,12,CTL,20
5.09182e+06,11,RTS,20
5.09182e+06,19,RTS,20
5.09182e+06,4,RTS,20
5.09182e+06,14,RTS,20
5.09193e+06,7,RTS,20
5.09193e+06,18,RTS,20
5.09193e+06,9,RTS,20
5.09203e+06,14,RTS,20
5.0921e+06,20,CTS,14
5.09216e+06,14,QOSDATA_TID6,1066
5.09234e+06,20,ACK,14
5.09238e+06,14,CTL,20
5.09248e+06,6,RTS,20
5.09248e+06,1,RTS,20
5.09248e+06,3,RTS,20
5.09248e+06,4,RTS,20
5.0926e+06,7,RTS,20
5.0926e+06,13,RTS,20
5.0926e+06,18,RTS,20
5.09272e+06,5,RTS,20
5.09272e+06,15,RTS,20
5.09279e+06,20,CTS,14
5.09285e+06,5,QOSDATA_TID6,1066
5.09303e+06,20,ACK,14
5.09308e+06,5,CTL,20
5.09316e+06,15,RTS,20
5.09323e+06,20,CTS,14
5.09329e+06,15,QOSDATA_TID6,1066
5.09347e+06,20,ACK,14
5.09352e+06,15,CTL,20
5.0936e+06,2,RTS,20
5.09367e+06,20,CTS,14
5.09373e+06,2,QOSDATA_TID6,1066
5.09392e+06,20,ACK,14
5.09396e+06,2,CTL,20
5.09405e+06,17,RTS,20
5.09405e+06,7,RTS,20
5.09414e+06,6,RTS,20
5.09414e+06,10,RTS,20
5.09421e+06,20,CTS,14
5.09427e+06,6,QOSDATA_TID6,1066
5.09446e+06,20,ACK,14
5.0945e+06,6,CTL,20
5.09459e+06,10,RTS,20
5.09465e+06,20,CTS,14
5.09471e+06,10,QOSDATA_TID6,1066
5.0949e+06,20,ACK,14
5.09494e+06,10,QOSDATA_TID6,1066
5.09513e+06,20,ACK,14
5.09517e+06,10,CTL,20
5.09526e+06,18,RTS,20
5.09526e+06,9,RTS,20
5.09526e+06,14,RTS,20
5.09536e+06,11,RTS,20
5.09543e+06,20,CTS,14
5.09549e+06,11,QOSDATA_TID6,1066
5.09568e+06,20,ACK,14
5.09572e+06,11,QOSDATA_TID6,1066
5.0959e+06,20,ACK,14
5.09595e+06,11,QOSDATA_TID6,1066
5.09613e+06,20,ACK,14
5.09618e+06,11,QOSDATA_TID6,1066
5.09636e+06,20,ACK,14
5.0964e+06,11,CTL,20
5.09649e+06,16,RTS,20
5.09649e+06,8,RTS,20
5.09656e+06,20,CTS,14
5.09662e+06,8,QOSDATA_TID6,1066
5.0968e+06,20,ACK,14
5.09684e+06,8,CTL,20
5.09694e+06,19,RTS,20
5.09694e+06,7,RTS,20
5.09694e+06,4,RTS,20
5.09694e+06,18,RTS,20
5.09694e+06,13,RTS,20
5.09694e+06,14,RTS,20
5.09705e+06,3,RTS,20
5.09712e+06,20,CTS,14
5.09718e+06,3,QOSDATA_TID6,1066
5.09736e+06,20,ACK,14
5.0974e+06,3,CTL,20
5.09749e+06,0,RTS,20
5.09756e+06,20,CTS,14
5.09762e+06,0,QOSDATA_TID6,1066
5.0978e+06,20,ACK,14
5.09785e+06,0,CTL,20
5.09793e+06,9,RTS,20
5.098e+06,20,CTS,14
5.09806e+06,9,QOSDATA_TID6,1066
5.09824e+06,20,ACK,14
5.09829e+06,9,QOSDATA_TID6,1066
5.09847e+06,20,ACK,14
5.09852e+06,9,CTL,20
5.0986e+06,1,RTS,20
5.0986e+06,16,RTS,20
5.0986e+06,13,RTS,20
5.09872e+06,12,RTS,20
5.09872e+06,3,RTS,20
5.09879e+06,20,CTS,14
5.09885e+06,12,QOSDATA_TID6,1066
5.09903e+06,20,ACK,14
5.09907e+06,12,CTL,20
5.09916e+06,11,RTS,20
5.09916e+06,16,RTS,20
5.09926e+06,4,RTS,20
5.09926e+06,17,RTS,20
5.09933e+06,20,CTS,14
5.09939e+06,17,QOSDATA_TID6,1066
5.09957e+06,20,ACK,14
5.09961e+06,17,QOSDATA_TID6,1066
5.0998e+06,20,ACK,14
5.09984e+06,17,CTL,20
5.09993e+06,4,RTS,20
5.1e+06,20,CTS,14
5.10006e+06,4,QOSDATA_TID6,1066
5.10024e+06,20,ACK,14
5.10028e+06,4,QOSDATA_TID6,1066
5.10047e+06,20,ACK,14
5.10051e+06,4,CTL,20
5.1006e+06,11,RTS,20
5.1006e+06,6,RTS,20
5.1007e+06,13,RTS,20
5.10076e+06,20,CTS,14
5.10082e+06,13,QOSDATA_TID6,1066
5.10101e+06,20,ACK,14
5.10105e+06,13,QOSDATA_TID6,1066
5.10124e+06,20,ACK,14
5.10128e+06,13,CTL,20
5.10137e+06,15,RTS,20
5.10137e+06,5,RTS,20
5.10137e+06,11,RTS,20
5.10137e+06,3,RTS,20
5.10143e+06,20,CTS,14
5.10149e+06,5,QOSDATA_TID6,1066
5.10168e+06,20,ACK,14
5.10172e+06,5,CTL,20
5.10181e+06,11,RTS,20
5.10188e+06,20,CTS,14
5.10194e+06,11,QOSDATA_TID6,1066
5.10212e+06,20,ACK,14
5.10216e+06,11,CTL,20
5.10225e+06,16,RTS,20
5.10225e+06,4,RTS,20
5.10225e+06,2,RTS,20
5.10225e+06,18,RTS,20
5.10235e+06,19,RTS,20
5.10235e+06,1,RTS,20
5.10235e+06,7,RTS,20
5.10245e+06,14,RTS,20
5.10251e+06,20,CTS,14
5.10257e+06,14,QOSDATA_TID6,1066
5.10276e+06,20,ACK,14
5.1028e+06,14,CTL,20
5.10289e+06,18,RTS,20
5.10289e+06,7,RTS,20
5.10289e+06,10,RTS,20
5.10289e+06,3,RTS,20
5.103e+06,8,RTS,20
5.103e+06,1,RTS,20
5.103e+06,6,RTS,20
5.10309e+06,15,RTS,20
5.10309e+06,7,RTS,20
5.10309e+06,3,RTS,20
5.10319e+06,6,RTS,20
5.10326e+06,20,CTS,14
5.10332e+06,6,QOSDATA_TID6,1066
5.1035e+06,20,ACK,14
5.10355e+06,6,CTL,20
5.10363e+06,8,RTS,20
5.1037e+06,20,CTS,14
5.10376e+06,8,QOSDATA_TID6,1066
5.10394e+06,20,ACK,14
5.10399e+06,8,CTL,20
5.10408e+06,2,RTS,20
5.10414e+06,20,CTS,14
5.1042e+06,2,QOSDATA_TID6,1066
5.10439e+06,20,ACK,14
5.10443e+06,2,CTL,20
5.10452e+06,18,RTS,20
5.10452e+06,1,RTS,20
5.10452e+06,14,RTS,20
5.10463e+06,3,RTS,20
5.1047e+06,20,CTS,14
5.10476e+06,3,QOSDATA_TID6,1066
5.10494e+06,20,ACK,14
5.10499e+06,3,CTL,20
5.10508e+06,0,RTS,20
5.10508e+06,4,RTS,20
5.10515e+06,20,CTS,14
5.10521e+06,0,QOSDATA_TID6,1066
5.1054e+06,20,ACK,14
5.10544e+06,0,CTL,20
5.10554e+06,15,RTS,20
5.10554e+06,19,RTS,20
5.10564e+06,7,RTS,20
5.10571e+06,20,CTS,14
5.10577e+06,7,QOSDATA_TID6,1066
5.10596e+06,20,ACK,14
5.106e+06,7,QOSDATA_TID6,1066
5.10618e+06,20,ACK,14
5.10623e+06,7,CTL,20
5.10634e+06,13,RTS,20
5.10634e+06,16,RTS,20
5.10634e+06,15,RTS,20
5.10634e+06,14,RTS,20
5.10634e+06,18,RTS,20
5.10634e+06,9,RTS,20
5.10634e+06,10,RTS,20
5.10644e+06,19,RTS,20
5.10651e+06,20,CTS,14
5.10657e+06,19,QOSDATA_TID6,1066
5.10675e+06,20,ACK,14
5.10679e+06,19,QOSDATA_TID6,1066
5.10698e+06,20,ACK,14
5.10702e+06,19,QOSDATA_TID6,1066
5.10721e+06,20,ACK,14
5.10725e+06,19,CTL,20
5.10734e+06,17,RTS,20
5.10734e+06,16,RTS,20
5.10734e+06,3,RTS,20
5.10734e+06,18,RTS,20
5.1074e+06,20,CTS,14
5.10746e+06,17,QOSDATA_TID6,1066
5.10765e+06,20,ACK,14
5.10769e+06,17,CTL,20
5.10778e+06,15,RTS,20
5.10785e+06,20,CTS,14
5.10791e+06,15,QOSDATA_TID6,1066
5.10809e+06,20,ACK,14
5.10813e+06,15,CTL,20
5.10822e+06,12,RTS,20
5.10822e+06,18,RTS,20
5.10822e+06,16,RTS,20
5.10822e+06,3,RTS,20
5.10829e+06,20,CTS,14
5.10835e+06,12,QOSDATA_TID6,1066
5.10853e+06,20,ACK,14
5.10858e+06,12,CTL,20
5.10866e+06,5,RTS,20
5.10873e+06,20,CTS,14
5.10879e+06,5,QOSDATA_TID6,1066
5.10897e+06,20,ACK,14
5.10902e+06,5,CTL,20
5.1091e+06,18,RTS,20
5.10917e+06,20,CTS,14
5.10923e+06,18,QOSDATA_TID6,1066
5.10942e+06,20,ACK,14
5.10946e+06,18,QOSDATA_TID6,1066
5.10964e+06,20,ACK,14
5.10969e+06,18,CTL,20
5.10977e+06,2,RTS,20
5.10977e+06,6,RTS,20
5.10977e+06,9,RTS,20
5.10977e+06,15,RTS,20
5.10977e+06,11,RTS,20
5.10987e+06,13,RTS,20
5.10994e+06,20,CTS,14
5.11e+06,13,QOSDATA_TID6,1066
5.11018e+06,20,ACK,14
5.11023e+06,13,CTL,20
5.11031e+06,6,RTS,20
5.11031e+06,18,RTS,20
5.11042e+06,1,RTS,20
5.11049e+06,20,CTS,14
5.11055e+06,1,QOSDATA_TID6,1066
5.11073e+06,20,ACK,14
5.11078e+06,1,QOSDATA_TID6,1066
5.11096e+06,20,ACK,14
5.111e+06,1,QOSDATA_TID6,1066
5.11119e+06,20,ACK,14
5.11123e+06,1,CTL,20
5.11132e+06,8,RTS,20
5.11132e+06,4,RTS,20
5.11139e+06,20,CTS,14
5.11145e+06,8,QOSDATA_TID6,1066
5.11163e+06,20,ACK,14
5.11168e+06,8,CTL,20
5.11177e+06,16,RTS,20
5.11177e+06,3,RTS,20
5.11177e+06,15,RTS,20
5.1119e+06,3,RTS,20
5.11197e+06,20,CTS,14
5.11203e+06,3,QOSDATA_TID6,1066
5.11221e+06,20,ACK,14
5.11226e+06,3,CTL,20
5.11236e+06,10,RTS,20
5.11236e+06,18,RTS,20
5.11236e+06,16,RTS,20
5.11236e+06,14,RTS,20
5.11249e+06,9,RTS,20
5.11255e+06,20,CTS,14
5.11261e+06,9,QOSDATA_TID6,1066
5.1128e+06,20,ACK,14
5.11284e+06,9,CTL,20
5.11295e+06,6,RTS,20
5.11295e+06,16,RTS,20
5.11312e+06,6,RTS,20
5.11319e+06,20,CTS,14
5.11325e+06,6,QOSDATA_TID6,1066
5.11343e+06,20,ACK,14
5.11348e+06,6,CTL,20
5.11356e+06,7,RTS,20
5.11363e+06,20,CTS,14
5.11369e+06,7,QOSDATA_TID6,1066
5.11388e+06,20,ACK,14
5.11392e+06,7,CTL,20
5.11401e+06,16,RTS,20
5.11401e+06,9,RTS,20
5.11411e+06,0,RTS,20
5.11418e+06,20,CTS,14
5.11424e+06,0,QOSDATA_TID6,1066
5.11443e+06,20,ACK,14
5.11447e+06,0,CTL,20
5.11456e+06,15,RTS,20
5.11462e+06,20,CTS,14
5.11468e+06,15,QOSDATA_TID6,1066
5.11487e+06,20,ACK,14
5.11491e+06,15,CTL,20
5.115e+06,12,RTS,20
5.11507e+06,20,CTS,14
5.11513e+06,12,QOSDATA_TID6,1066
5.11531e+06,20,ACK,14
5.11535e+06,12,CTL,20
5.11544e+06,2,RTS,20
5.11544e+06,3,RTS,20
5.11551e+06,20,CTS,14
5.11557e+06,2,QOSDATA_TID6,1066
5.11575e+06,20,ACK,14
5.1158e+06,2,CTL,20
5.11588e+06,19,RTS,20
5.11588e+06,17,RTS,20
5.11588e+06,11,RTS,20
5.11588e+06,14,RTS,20
5.11588e+06,13,RTS,20
5.11598e+06,1,RTS,20
5.11605e+06,20,CTS,14
5.11611e+06,1,QOSDATA_TID6,1066
5.11629e+06,20,ACK,14
5.11634e+06,1,CTL,20
5.11642e+06,5,RTS,20
5.11642e+06,11,RTS,20
5.11642e+06,10,RTS,20
5.11649e+06,20,CTS,14
5.11655e+06,5,QOSDATA_TID6,1066
5.11673e+06,20,ACK,14
5.11678e+06,5,CTL,20
5.11687e+06,17,RTS,20
5.11687e+06,3,RTS,20
5.11687e+06,16,RTS,20
5.11687e+06,6,RTS,20
5.11694e+06,20,CTS,14
5.117e+06,17,QOSDATA_TID6,1066
5.11718e+06,20,ACK,14
5.11723e+06,17,CTL,20
5.11732e+06,13,RTS,20
5.11738e+06,20,CTS,14
5.11744e+06,13,QOSDATA_TID6,1066
5.11763e+06,20,ACK,14
5.11767e+06,13,CTL,20
5.11776e+06,6,RTS,20
5.11782e+06,20,CTS,14
5.11788e+06,6,QOSDATA_TID6,1066
5.11807e+06,20,ACK,14
5.11811e+06,6,CTL,20
5.1182e+06,14,RTS,20
5.1182e+06,18,RTS,20
5.1182e+06,19,RTS,20
5.1183e+06,9,RTS,20
5.11836e+06,20,CTS,14
5.11842e+06,9,QOSDATA_TID6,1066
5.11861e+06,20,ACK,14
5.11865e+06,9,CTL,20
5.11875e+06,2,RTS,20
5.11875e+06,11,RTS,20
5.11875e+06,4,RTS,20
5.11875e+06,15,RTS,20
5.11885e+06,16,RTS,20
5.11891e+06,20,CTS,14
5.11897e+06,16,QOSDATA_TID6,1066
5.11916e+06,20,ACK,14
5.1192e+06,16,QOSDATA_TID6,1066
5.11939e+06,20,ACK,14
5.11943e+06,16,CTL,20
5.11953e+06,8,RTS,20
5.11953e+06,14,RTS,20
5.1196e+06,20,CTS,14
5.11966e+06,8,QOSDATA_TID6,1066
5.11985e+06,20,ACK,14
5.11989e+06,8,CTL,20
5.11998e+06,18,RTS,20
5.11998e+06,10,RTS,20
5.1201e+06,3,RTS,20
5.12017e+06,20,CTS,14
5.12023e+06,3,QOSDATA_TID6,1066
5.12041e+06,20,ACK,14
5.12046e+06,3,CTL,20
5.12054e+06,18,RTS,20
5.12054e+06,11,RTS,20
5.12054e+06,14,RTS,20
5.12054e+06,15,RTS,20
5.12069e+06,15,RTS,20
5.12076e+06,20,CTS,14
5.12082e+06,15,QOSDATA_TID6,1066
5.121e+06,20,ACK,14
5.12105e+06,15,CTL,20
5.12113e+06,14,RTS,20
5.12113e+06,0,RTS,20
5.12113e+06,18,RTS,20
5.12124e+06,19,RTS,20
5.12124e+06,11,RTS,20
5.12136e+06,14,RTS,20
5.12143e+06,20,CTS,14
5.12149e+06,14,QOSDATA_TID6,1066
5.12167e+06,20,ACK,14
5.12171e+06,14,QOSDATA_TID6,1066
5.1219e+06,20,ACK,14
5.12194e+06,14,CTL,20
5.12203e+06,11,RTS,20
5.1221e+06,20,CTS,14
5.12216e+06,11,QOSDATA_TID6,1066
5.12234e+06,20,ACK,14
5.12238e+06,11,QOSDATA_TID6,1066
5.12257e+06,20,ACK,14
5.12261e+06,11,CTL,20
5.1227e+06,12,RTS,20
5.1227e+06,7,RTS,20
5.1227e+06,13,RTS,20
5.1227e+06,2,RTS,20
5.1228e+06,19,RTS,20
5.1228e+06,16,RTS,20
5.12286e+06,20,CTS,14
5.12292e+06,19,QOSDATA_TID6,1066
5.12311e+06,20,ACK,14
5.12315e+06,19,QOSDATA_TID6,1066
5.12334e+06,20,ACK,14
5.12338e+06,19,CTL,20
5.12348e+06,4,RTS,20
5.12348e+06,0,RTS,20
5.12354e+06,20,CTS,14
5.1236e+06,0,QOSDATA_TID6,1066
5.12379e+06,20,ACK,14
5.12383e+06,0,CTL,20
5.12392e+06,12,RTS,20
5.12392e+06,17,RTS,20
5.12402e+06,4,RTS,20
5.12408e+06,20,CTS,14
5.12414e+06,4,QOSDATA_TID6,1066
5.12433e+06,20,ACK,14
5.12437e+06,4,QOSDATA_TID6,1066
5.12456e+06,20,ACK,14
5.1246e+06,4,QOSDATA_TID6,1066
5.12478e+06,20,ACK,14
5.12483e+06,4,CTL,20
5.12491e+06,12,RTS,20
5.12491e+06,15,RTS,20
5.12491e+06,2,RTS,20
5.12491e+06,9,RTS,20
5.12498e+06,20,CTS,14
5.12504e+06,12,QOSDATA_TID6,1066
5.12522e+06,20,ACK,14
5.12527e+06,12,CTL,20
5.12536e+06,9,RTS,20
5.12536e+06,10,RTS,20
5.12545e+06,5,RTS,20
5.12545e+06,11,RTS,20
5.12545e+06,16,RTS,20
5.12552e+06,20,CTS,14
5.12558e+06,5,QOSDATA_TID6,1066
5.12576e+06,20,ACK,14
5.12581e+06,5,CTL,20
5.1259e+06,1,RTS,20
5.1259e+06,9,RTS,20
5.12596e+06,20,CTS,14
5.12602e+06,1,QOSDATA_TID6,1066
5.12621e+06,20,ACK,14
5.12625e+06,1,CTL,20
5.12634e+06,6,RTS,20
5.1264e+06,20,CTS,14
5.12646e+06,6,QOSDATA_TID6,1066
5.12665e+06,20,ACK,14
5.12669e+06,6,CTL,20
5.12678e+06,18,RTS,20
5.12678e+06,2,RTS,20
5.12678e+06,17,RTS,20
5.12678e+06,3,RTS,20
5.12678e+06,13,RTS,20
5.12688e+06,4,RTS,20
5.12688e+06,10,RTS,20
5.127e+06,15,RTS,20
5.12707e+06,20,CTS,14
5.12713e+06,15,QOSDATA_TID6,1066
5.12731e+06,20,ACK,14
5.12736e+06,15,CTL,20
5.12744e+06,17,RTS,20
5.12744e+06,10,RTS,20
5.12744e+06,3,RTS,20
5.12751e+06,20,CTS,14
5.12757e+06,17,QOSDATA_TID6,1066
5.12776e+06,20,ACK,14
5.1278e+06,17,CTL,20
5.1279e+06,8,RTS,20
5.1279e+06,10,RTS,20
5.12796e+06,20,CTS,14
5.12802e+06,8,QOSDATA_TID6,1066
5.12821e+06,20,ACK,14
5.12825e+06,8,CTL,20
5.12834e+06,14,RTS,20
5.1284e+06,20,CTS,14
5.12846e+06,14,QOSDATA_TID6,1066
5.12865e+06,20,ACK,14
5.12869e+06,14,CTL,20
5.12879e+06,18,RTS,20
5.12879e+06,7,RTS,20
5.12886e+06,20,CTS,14
5.12892e+06,7,QOSDATA_TID6,1066
5.1291e+06,20,ACK,14
5.12914e+06,7,CTL,20
5.12924e+06,0,RTS,20
5.12924e+06,18,RTS,20
5.12934e+06,16,RTS,20
5.12941e+06,20,CTS,14
5.12947e+06,16,QOSDATA_TID6,1066
5.12965e+06,20,ACK,14
5.12969e+06,16,QOSDATA_TID6,1066
5.12988e+06,20,ACK,14
5.12992e+06,16,CTL,20
5.13001e+06,4,RTS,20
5.13001e+06,7,RTS,20
5.13008e+06,20,CTS,14
5.13014e+06,7,QOSDATA_TID6,1066
5.13032e+06,20,ACK,14
5.13036e+06,7,CTL,20
5.13045e+06,12,RTS,20
5.13045e+06,4,RTS,20
5.13052e+06,20,CTS,14
5.13058e+06,12,QOSDATA_TID6,1066
5.13076e+06,20,ACK,14
5.13081e+06,12,CTL,20
5.1309e+06,11,RTS,20
5.1309e+06,2,RTS,20
5.13103e+06,19,RTS,20
5.13109e+06,20,CTS,14
5.13115e+06,19,QOSDATA_TID6,1066
5.13134e+06,20,ACK,14
5.13138e+06,19,CTL,20
5.13147e+06,1,RTS,20
5.13154e+06,20,CTS,14
5.1316e+06,1,QOSDATA_TID6,1066
5.13178e+06,20,ACK,14
5.13182e+06,1,CTL,20
5.13191e+06,17,RTS,20
5.13198e+06,20,CTS,14
5.13204e+06,17,QOSDATA_TID6,1066
5.13222e+06,20,ACK,14
5.13227e+06,17,CTL,20
5.13235e+06,11,RTS,20
5.13235e+06,9,RTS,20
5.13235e+06,18,RTS,20
5.13235e+06,13,RTS,20
5.13235e+06,6,RTS,20
5.13245e+06,5,RTS,20
5.13252e+06,20,CTS,14
5.13258e+06,5,QOSDATA_TID6,1066
5.13276e+06,20,ACK,14
5.13281e+06,5,CTL,20
5.13289e+06,9,RTS,20
5.13296e+06,20,CTS,14
5.13302e+06,9,QOSDATA_TID6,1066
5.1332e+06,20,ACK,14
5.13325e+06,9,QOSDATA_TID6,1066
5.13343e+06,20,ACK,14
5.13348e+06,9,CTL,20
5.13356e+06,2,RTS,20
5.13356e+06,10,RTS,20
5.13356e+06,15,RTS,20
5.13356e+06,13,RTS,20
5.13367e+06,11,RTS,20
5.13374e+06,20,CTS,14
5.1338e+06,11,QOSDATA_TID6,1066
5.13398e+06,20,ACK,14
5.13402e+06,11,QOSDATA_TID6,1066
5.13421e+06,20,ACK,14
5.13425e+06,11,CTL,20
5.13434e+06,18,RTS,20
5.13434e+06,6,RTS,20
5.13446e+06,4,RTS,20
5.13452e+06,20,CTS,14
5.13458e+06,4,QOSDATA_TID6,1066
5.13477e+06,20,ACK,14
5.13481e+06,4,QOSDATA_TID6,1066
5.135e+06,20,ACK,14
5.13504e+06,4,CTL,20
5.13512e+06,14,RTS,20
5.13519e+06,20,CTS,14
5.13525e+06,14,QOSDATA_TID6,1066
5.13544e+06,20,ACK,14
5.13548e+06,14,CTL,20
5.13557e+06,0,RTS,20
5.13557e+06,13,RTS,20
5.13557e+06,18,RTS,20
5.13557e+06,10,RTS,20
5.13557e+06,3,RTS,20
5.13567e+06,15,RTS,20
5.13574e+06,20,CTS,14
5.1358e+06,15,QOSDATA_TID6,1066
5.13599e+06,20,ACK,14
5.13603e+06,15,CTL,20
5.13611e+06,20,BEACON,152
5.13637e+06,8,RTS,20
5.13644e+06,20,CTS,14
5.1365e+06,8,QOSDATA_TID6,1066
5.13668e+06,20,ACK,14
5.13672e+06,8,CTL,20
5.13682e+06,18,RTS,20
5.13682e+06,13,RTS,20
5.13697e+06,13,RTS,20
5.13704e+06,20,CTS,14
5.1371e+06,13,QOSDATA_TID6,1066
5.13728e+06,20,ACK,14
5.13733e+06,13,QOSDATA_TID6,1066
5.13751e+06,20,ACK,14
5.13755e+06,13,CTL,20
5.13764e+06,18,RTS,20
5.13771e+06,20,CTS,14
5.13777e+06,18,QOSDATA_TID6,1066
5.13795e+06,20,ACK,14
5.138e+06,18,QOSDATA_TID6,1066
5.13818e+06,20,ACK,14
5.13822e+06,18,QOSDATA_TID6,1066
5.13841e+06,20,ACK,14
5.13845e+06,18,CTL,20
5.13854e+06,9,RTS,20
5.13861e+06,20,CTS,14
5.13867e+06,9,QOSDATA_TID6,1066
5.13885e+06,20,ACK,14
5.13889e+06,9,CTL,20
5.13898e+06,3,RTS,20
5.13898e+06,19,RTS,20
5.13898e+06,6,RTS,20
5.13898e+06,7,RTS,20
5.13908e+06,16,RTS,20
5.13908e+06,10,RTS,20
5.13922e+06,10,RTS,20
5.13929e+06,20,CTS,14
5.13935e+06,10,QOSDATA_TID6,1066
5.13953e+06,20,ACK,14
5.13957e+06,10,QOSDATA_TID6,1066
5.13976e+06,20,ACK,14
5.1398e+06,10,QOSDATA_TID6,1066
5.13999e+06,20,ACK,14
5.14003e+06,10,QOSDATA_TID6,1066
5.14021e+06,20,ACK,14
5.14026e+06,10,CTL,20
5.14034e+06,6,RTS,20
5.14041e+06,20,CTS,14
5.14047e+06,6,QOSDATA_TID6,1066
5.14066e+06,20,ACK,14
5.1407e+06,6,QOSDATA_TID6,1066
5.14088e+06,20,ACK,14
5.14093e+06,6,CTL,20
5.14101e+06,2,RTS,20
5.14101e+06,1,RTS,20
5.14101e+06,13,RTS,20
5.14101e+06,11,RTS,20
5.14101e+06,4,RTS,20
5.14111e+06,12,RTS,20
5.14118e+06,20,CTS,14
5.14124e+06,12,QOSDATA_TID6,1066
5.14142e+06,20,ACK,14
5.14147e+06,12,CTL,20
5.14155e+06,7,RTS,20
5.14155e+06,16,RTS,20
5.14155e+06,2,RTS,20
5.14165e+06,15,RTS,20
5.14172e+06,20,CTS,14
5.14178e+06,15,QOSDATA_TID6,1066
5.14196e+06,20,ACK,14
5.14201e+06,15,CTL,20
5.14209e+06,5,RTS,20
5.14209e+06,17,RTS,20
5.14209e+06,1,RTS,20
5.14219e+06,0,CTS,14
5.14219e+06,10,RTS,20
5.14231e+06,0,RTS,20
5.14238e+06,20,CTS,14
5.14244e+06,0,QOSDATA_TID6,1066
5.14263e+06,20,ACK,14
5.14267e+06,0,QOSDATA_TID6,1066
5.14285e+06,20,ACK,14
5.1429e+06,0,CTL,20
5.14298e+06,2,RTS,20
5.14305e+06,20,CTS,14
5.14311e+06,2,QOSDATA_TID6,1066
5.1433e+06,20,ACK,14
5.14334e+06,2,QOSDATA_TID6,1066
5.14352e+06,20,ACK,14
5.14357e+06,2,QOSDATA_TID6,1066
5.14375e+06,20,ACK,14
5.1438e+06,2,CTL,20
5.14388e+06,4,RTS,20
5.14388e+06,13,RTS,20
5.14398e+06,8,RTS,20
5.14398e+06,17,RTS,20
5.14408e+06,3,RTS,20
5.14408e+06,18,RTS,20
5.14418e+06,5,RTS,20
5.14418e+06,17,RTS,20
5.14418e+06,16,RTS,20
5.14418e+06,11,RTS,20
5.14428e+06,4,RTS,20
5.14428e+06,1,RTS,20
5.14429e+06,10,RTS,20
5.14429e+06,14,RTS,20
5.1444e+06,7,RTS,20
5.1444e+06,11,RTS,20
5.14447e+06,20,CTS,14
5.14453e+06,7,QOSDATA_TID6,1066
5.14472e+06,20,ACK,14
5.14476e+06,7,CTL,20
5.14485e+06,17,RTS,20
5.14485e+06,1,RTS,20
5.14485e+06,5,RTS,20
5.14485e+06,14,RTS,20
5.14495e+06,8,RTS,20
5.14502e+06,20,CTS,14
5.14508e+06,8,QOSDATA_TID6,1066
5.14526e+06,20,ACK,14
5.14531e+06,8,CTL,20
5.1454e+06,14,RTS,20
5.14546e+06,20,CTS,14
5.14552e+06,14,QOSDATA_TID6,1066
5.14571e+06,20,ACK,14
5.14575e+06,14,CTL,20
5.14584e+06,7,RTS,20
5.14584e+06,5,RTS,20
5.14584e+06,11,RTS,20
5.14584e+06,16,RTS,20
5.14584e+06,4,RTS,20
5.1459e+06,20,CTS,14
5.14596e+06,5,QOSDATA_TID6,1066
5.14615e+06,20,ACK,14
5.14619e+06,5,CTL,20
5.14628e+06,19,RTS,20
5.14628e+06,0,RTS,20
5.14628e+06,18,RTS,20
5.14628e+06,10,RTS,20
5.14639e+06,3,RTS,20
5.14639e+06,9,RTS,20
5.14639e+06,12,RTS,20
5.14645e+06,20,CTS,14
5.14651e+06,12,QOSDATA_TID6,1066
5.1467e+06,20,ACK,14
5.14674e+06,12,CTL,20
5.14685e+06,3,RTS,20
5.14691e+06,20,CTS,14
5.14697e+06,3,QOSDATA_TID6,1066
5.14716e+06,20,ACK,14
5.1472e+06,3,QOSDATA_TID6,1066
5.14739e+06,20,ACK,14
5.14743e+06,3,QOSDATA_TID6,1066
5.14761e+06,20,ACK,14
5.14766e+06,3,QOSDATA_TID6,1066
5.14784e+06,20,ACK,14
5.14789e+06,3,CTL,20
5.14797e+06,1,RTS,20
5.14797e+06,0,RTS,20
5.14797e+06,13,RTS,20
5.14807e+06,4,RTS,20
5.14814e+06,20,CTS,14
5.1482e+06,4,QOSDATA_TID6,1066
5.14838e+06,20,ACK,14
5.14843e+06,4,CTL,20
5.14851e+06,7,RTS,20
5.14851e+06,1,RTS,20
5.14851e+06,9,RTS,20
5.14861e+06,6,RTS,20
5.14868e+06,20,CTS,14
5.14874e+06,6,QOSDATA_TID6,1066
5.14892e+06,20,ACK,14
5.14897e+06,6,CTL,20
5.14905e+06,2,RTS,20
5.14905e+06,16,RTS,20
5.14916e+06,15,RTS,20
5.14923e+06,20,CTS,14
5.14929e+06,15,QOSDATA_TID6,1066
5.14947e+06,20,ACK,14
5.14952e+06,15,CTL,20
5.14961e+06,5,RTS,20
5.14961e+06,17,RTS,20
5.14961e+06,4,RTS,20
5.14971e+06,18,RTS,20
5.14978e+06,20,CTS,14
5.14984e+06,18,QOSDATA_TID6,1066
5.15002e+06,20,ACK,14
5.15006e+06,18,CTL,20
5.15015e+06,0,CTS,14
5.15023e+06,0,RTS,20
5.1503e+06,20,CTS,14
5.15036e+06,0,QOSDATA_TID6,1066
5.15054e+06,20,ACK,14
5.15058e+06,0,CTL,20
5.15067e+06,2,RTS,20
5.15067e+06,10,RTS,20
5.15067e+06,19,RTS,20
5.15078e+06,7,RTS,20
5.15078e+06,13,RTS,20
5.15084e+06,20,CTS,14
5.1509e+06,7,QOSDATA_TID6,1066
5.15109e+06,20,ACK,14
5.15113e+06,7,CTL,20
5.15122e+06,19,RTS,20
5.15122e+06,14,RTS,20
5.15122e+06,18,RTS,20
5.15122e+06,9,RTS,20
5.15134e+06,13,RTS,20
5.1514e+06,20,CTS,14
5.15146e+06,13,QOSDATA_TID6,1066
5.15165e+06,20,ACK,14
5.15169e+06,13,QOSDATA_TID6,1066
5.15188e+06,20,ACK,14
5.15192e+06,13,CTL,20
5.15202e+06,11,RTS,20
5.15202e+06,1,RTS,20
5.15208e+06,20,CTS,14
5.15214e+06,1,QOSDATA_TID6,1066
5.15233e+06,20,ACK,14
5.15237e+06,1,QOSDATA_TID6,1066
5.15256e+06,20,ACK,14
5.1526e+06,1,CTL,20
5.15268e+06,14,RTS,20
5.15275e+06,20,CTS,14
5.15281e+06,14,QOSDATA_TID6,1066
5.153e+06,20,ACK,14
5.15304e+06,14,CTL,20
5.15314e+06,0,RTS,20
5.15314e+06,2,RTS,20
5.15314e+06,8,RTS,20
5.15314e+06,17,RTS,20
5.15314e+06,16,RTS,20
5.15314e+06,4,RTS,20
5.15324e+06,19,RTS,20
5.15331e+06,20,CTS,14
5.15337e+06,19,QOSDATA_TID6,1066
5.15356e+06,20,ACK,14
5.1536e+06,19,QOSDATA_TID6,1066
5.15378e+06,20,ACK,14
5.15383e+06,19,CTL,20
5.15391e+06,18,RTS,20
5.15391e+06,0,RTS,20
5.15401e+06,7,RTS,20
5.15408e+06,20,CTS,14
5.15414e+06,7,QOSDATA_TID6,1066
5.15432e+06,20,ACK,14
5.15437e+06,7,CTL,20
5.15445e+06,12,RTS,20
5.15445e+06,16,RTS,20
5.15452e+06,20,CTS,14
5.15458e+06,12,QOSDATA_TID6,1066
5.15476e+06,20,ACK,14
5.15481e+06,12,CTL,20
5.1549e+06,2,RTS,20
5.15496e+06,20,CTS,14
5.15502e+06,2,QOSDATA_TID6,1066
5.15521e+06,20,ACK,14
5.15525e+06,2,CTL,20
5.15534e+06,3,RTS,20
5.15534e+06,10,RTS,20
5.15534e+06,5,RTS,20
5.15534e+06,1,RTS,20
5.15534e+06,11,RTS,20
5.15534e+06,13,RTS,20
5.1554e+06,20,CTS,14
5.15546e+06,5,QOSDATA_TID6,1066
5.15565e+06,20,ACK,14
5.15569e+06,5,CTL,20
5.15578e+06,8,RTS,20
5.15585e+06,20,CTS,14
5.15591e+06,8,QOSDATA_TID6,1066
5.15609e+06,20,ACK,14
5.15614e+06,8,CTL,20
5.15622e+06,11,RTS,20
5.15622e+06,3,RTS,20
5.15622e+06,18,RTS,20
5.15622e+06,13,RTS,20
5.15632e+06,17,RTS,20
5.15632e+06,5,RTS,20
5.15639e+06,20,CTS,14
5.15645e+06,5,QOSDATA_TID6,1066
5.15663e+06,20,ACK,14
5.15668e+06,5,CTL,20
5.15676e+06,19,RTS,20
5.15676e+06,15,RTS,20
5.15689e+06,10,RTS,20
5.15695e+06,20,CTS,14
5.15701e+06,10,QOSDATA_TID6,1066
5.1572e+06,20,ACK,14
5.15724e+06,10,QOSDATA_TID6,1066
5.15743e+06,20,ACK,14
5.15747e+06,10,QOSDATA_TID6,1066
5.15765e+06,20,ACK,14
5.1577e+06,10,CTL,20
5.15779e+06,18,RTS,20
5.15779e+06,9,RTS,20
5.15779e+06,6,RTS,20
5.15789e+06,2,RTS,20
5.15796e+06,20,CTS,14
5.15802e+06,2,QOSDATA_TID6,1066
5.1582e+06,20,ACK,14
5.15825e+06,2,CTL,20
5.15833e+06,9,RTS,20
5.1584e+06,20,CTS,14
5.15846e+06,9,QOSDATA_TID6,1066
5.15864e+06,20,ACK,14
5.15869e+06,9,QOSDATA_TID6,1066
5.15887e+06,20,ACK,14
5.15892e+06,9,CTL,20
5.159e+06,11,RTS,20
5.159e+06,4,RTS,20
5.1591e+06,15,RTS,20
5.1591e+06,0,CTS,14
5.15921e+06,19,RTS,20
5.15928e+06,20,CTS,14
5.15934e+06,19,QOSDATA_TID6,1066
5.15952e+06,20,ACK,14
5.15957e+06,19,CTL,20
5.15965e+06,11,RTS,20
5.15965e+06,16,RTS,20
5.15975e+06,1,RTS,20
5.15975e+06,8,RTS,20
5.15975e+06,14,RTS,20
5.15985e+06,17,RTS,20
5.15992e+06,20,CTS,14
5.15998e+06,17,QOSDATA_TID6,1066
5.16016e+06,20,ACK,14
5.16021e+06,17,QOSDATA_TID6,1066
5.16039e+06,20,ACK,14
5.16043e+06,17,CTL,20
5.16052e+06,8,RTS,20
5.16052e+06,16,RTS,20
5.16059e+06,20,CTS,14
5.16065e+06,8,QOSDATA_TID6,1066
5.16083e+06,20,ACK,14
5.16088e+06,8,CTL,20
5.16097e+06,1,RTS,20
5.16097e+06,18,RTS,20
5.16104e+06,20,CTS,14
5.1611e+06,1,QOSDATA_TID6,1066
5.16128e+06,20,ACK,14
5.16133e+06,1,CTL,20
5.16141e+06,0,RTS,20
5.16148e+06,20,CTS,14
5.16154e+06,0,QOSDATA_TID6,1066
5.16173e+06,20,ACK,14
5.16177e+06,0,QOSDATA_TID6,1066
5.16195e+06,20,ACK,14
5.162e+06,0,CTL,20
5.16209e+06,6,RTS,20
5.16209e+06,9,RTS,20
5.16209e+06,13,RTS,20
5.16209e+06,4,RTS,20
5.16221e+06,18,RTS,20
5.16228e+06,20,CTS,14
5.16234e+06,18,QOSDATA_TID6,1066
5.16252e+06,20,ACK,14
5.16256e+06,18,QOSDATA_TID6,1066
5.16275e+06,20,ACK,14
5.16279e+06,18,CTL,20
5.16288e+06,7,RTS,20
5.16295e+06,20,CTS,14
5.16301e+06,7,QOSDATA_TID6,1066
5.16319e+06,20,ACK,14
5.16324e+06,7,CTL,20
5.16332e+06,15,RTS,20
5.16339e+06,20,CTS,14
5.16345e+06,15,QOSDATA_TID6,1066
5.16363e+06,20,ACK,14
5.16368e+06,15,CTL,20
5.16376e+06,17,RTS,20
5.16376e+06,3,RTS,20
5.16383e+06,20,CTS,14
5.16389e+06,17,QOSDATA_TID6,1066
5.16408e+06,20,ACK,14
5.16412e+06,17,CTL,20
5.1642e+06,6,RTS,20
5.16427e+06,20,CTS,14
5.16433e+06,6,QOSDATA_TID6,1066
5.16452e+06,20,ACK,14
5.16456e+06,6,QOSDATA_TID6,1066
5.16474e+06,20,ACK,14
5.16479e+06,6,CTL,20
5.16488e+06,14,RTS,20
5.16488e+06,2,RTS,20
5.16488e+06,12,RTS,20
5.16494e+06,20,CTS,14
5.165e+06,12,QOSDATA_TID6,1066
5.16519e+06,20,ACK,14
5.16523e+06,12,CTL,20
5.16533e+06,1,RTS,20
5.16533e+06,19,RTS,20
5.16533e+06,15,RTS,20
5.16533e+06,10,RTS,20
5.16542e+06,5,RTS,20
5.16542e+06,11,RTS,20
5.16549e+06,20,CTS,14
5.16555e+06,5,QOSDATA_TID6,1066
5.16574e+06,20,ACK,14
5.16578e+06,5,CTL,20
5.16587e+06,10,RTS,20
5.16587e+06,15,RTS,20
5.16593e+06,20,CTS,14
5.16599e+06,15,QOSDATA_TID6,1066
5.16618e+06,20,ACK,14
5.16622e+06,15,CTL,20
5.16631e+06,18,RTS,20
5.16631e+06,11,RTS,20
5.16631e+06,16,RTS,20
5.16641e+06,1,RTS,20
5.16641e+06,4,RTS,20
5.16647e+06,20,CTS,14
5.16653e+06,1,QOSDATA_TID6,1066
5.16672e+06,20,ACK,14
5.16676e+06,1,CTL,20
5.16686e+06,13,RTS,20
5.16692e+06,20,CTS,14
5.16698e+06,13,QOSDATA_TID6,1066
5.16717e+06,20,ACK,14
5.16721e+06,13,QOSDATA_TID6,1066
5.1674e+06,20,ACK,14
5.16744e+06,13,CTL,20
5.16753e+06,19,RTS,20
5.16753e+06,2,RTS,20
5.16762e+06,14,RTS,20
5.16769e+06,20,CTS,14
5.16775e+06,14,QOSDATA_TID6,1066
5.16794e+06,20,ACK,14
5.16798e+06,14,QOSDATA_TID6,1066
5.16816e+06,20,ACK,14
5.16821e+06,14,CTL,20
5.1683e+06,8,RTS,20
5.1683e+06,3,RTS,20
5.16837e+06,20,CTS,14
5.16843e+06,8,QOSDATA_TID6,1066
5.16862e+06,20,ACK,14
5.16866e+06,8,CTL,20
5.16876e+06,16,RTS,20
5.16876e+06,9,RTS,20
5.16886e+06,19,RTS,20
5.16893e+06,20,CTS,14
5.16899e+06,19,QOSDATA_TID6,1066
5.16918e+06,20,ACK,14
5.16922e+06,19,CTL,20
5.1693e+06,16,RTS,20
5.1693e+06,0,RTS,20
5.16937e+06,20,CTS,14
5.16943e+06,0,QOSDATA_TID6,1066
5.16962e+06,20,ACK,14
5.16966e+06,0,CTL,20
5.16976e+06,13,RTS,20
5.16982e+06,20,CTS,14
5.16988e+06,13,QOSDATA_TID6,1066
5.17007e+06,20,ACK,14
5.17011e+06,13,CTL,20
5.1702e+06,7,RTS,20
5.17027e+06,20,CTS,14
5.17033e+06,7,QOSDATA_TID6,1066
5.17051e+06,20,ACK,14
5.17055e+06,7,CTL,20
5.17064e+06,12,RTS,20
5.17064e+06,16,RTS,20
5.17071e+06,20,CTS,14
5.17077e+06,12,QOSDATA_TID6,1066
5.17095e+06,20,ACK,14
5.171e+06,12,CTL,20
5.17108e+06,6,RTS,20
5.17108e+06,10,RTS,20
5.17115e+06,20,CTS,14
5.17121e+06,6,QOSDATA_TID6,1066
5.17139e+06,20,ACK,14
5.17144e+06,6,CTL,20
5.17152e+06,4,RTS,20
5.17159e+06,20,CTS,14
5.17165e+06,4,QOSDATA_TID6,1066
5.17184e+06,20,ACK,14
5.17188e+06,4,QOSDATA_TID6,1066
5.17206e+06,20,ACK,14
5.17211e+06,4,QOSDATA_TID6,1066
5.17229e+06,20,ACK,14
5.17234e+06,4,CTL,20
5.17242e+06,16,RTS,20
5.17242e+06,11,RTS,20
5.17242e+06,5,RTS,20
5.17242e+06,18,RTS,20
5.17249e+06,20,CTS,14
5.17255e+06,5,QOSDATA_TID6,1066
5.17273e+06,20,ACK,14
5.17278e+06,5,CTL,20
5.17286e+06,4,RTS,20
5.17293e+06,20,CTS,14
5.17299e+06,4,QOSDATA_TID6,1066
5.17318e+06,20,ACK,14
5.17322e+06,4,CTL,20
5.17331e+06,1,RTS,20
5.17331e+06,17,RTS,20
5.17331e+06,19,RTS,20
5.17331e+06,2,RTS,20
5.17331e+06,9,RTS,20
5.1734e+06,16,RTS,20
5.1734e+06,15,RTS,20
5.17352e+06,3,RTS,20
5.17358e+06,20,CTS,14
5.17364e+06,3,QOSDATA_TID6,1066
5.17383e+06,20,ACK,14
5.17387e+06,3,QOSDATA_TID6,1066
5.17406e+06,20,ACK,14
5.1741e+06,3,QOSDATA_TID6,1066
5.17428e+06,20,ACK,14
5.17433e+06,3,CTL,20
5.17442e+06,19,RTS,20
5.17442e+06,11,RTS,20
5.17442e+06,15,RTS,20
5.17453e+06,10,RTS,20
5.1746e+06,20,CTS,14
5.17466e+06,10,QOSDATA_TID6,1066
5.17484e+06,20,ACK,14
5.17488e+06,10,QOSDATA_TID6,1066
5.17507e+06,20,ACK,14
5.17511e+06,10,CTL,20
5.1752e+06,18,RTS,20
5.1752e+06,8,RTS,20
5.17527e+06,20,CTS,14
5.17533e+06,8,QOSDATA_TID6,1066
5.17551e+06,20,ACK,14
5.17556e+06,8,CTL,20
5.17566e+06,16,RTS,20
5.17566e+06,2,RTS,20
5.17566e+06,14,RTS,20
5.17577e+06,19,RTS,20
5.17583e+06,20,CTS,14
5.17589e+06,19,QOSDATA_TID6,1066
5.17608e+06,20,ACK,14
5.17612e+06,19,CTL,20
5.17622e+06,14,RTS,20
5.17629e+06,20,CTS,14
5.17635e+06,14,QOSDATA_TID6,1066
5.17653e+06,20,ACK,14
5.17657e+06,14,CTL,20
5.17666e+06,17,RTS,20
5.17673e+06,20,CTS,14
5.17679e+06,17,QOSDATA_TID6,1066
5.17697e+06,20,ACK,14
5.17702e+06,17,CTL,20
5.1771e+06,16,RTS,20
5.1771e+06,9,RTS,20
5.1771e+06,0,RTS,20
5.17727e+06,16,RTS,20
5.17727e+06,0,RTS,20
5.17734e+06,20,CTS,14
5.1774e+06,0,QOSDATA_TID6,1066
5.17758e+06,20,ACK,14
5.17762e+06,0,CTL,20
5.17771e+06,13,RTS,20
5.17778e+06,20,CTS,14
5.17784e+06,13,QOSDATA_TID6,1066
5.17802e+06,20,ACK,14
5.17807e+06,13,CTL,20
5.17816e+06,15,RTS,20
5.17823e+06,20,CTS,14
5.17829e+06,15,QOSDATA_TID6,1066
5.17847e+06,20,ACK,14
5.17852e+06,15,CTL,20
5.1786e+06,7,RTS,20
5.1786e+06,2,RTS,20
5.1786e+06,11,RTS,20
5.17871e+06,1,RTS,20
5.17878e+06,20,CTS,14
5.17884e+06,1,QOSDATA_TID6,1066
5.17902e+06,20,ACK,14
5.17907e+06,1,CTL,20
5.17915e+06,19,RTS,20
5.17915e+06,6,RTS,20
5.17928e+06,19,RTS,20
5.17929e+06,2,RTS,20
5.17944e+06,2,RTS,20
5.17951e+06,20,CTS,14
5.17957e+06,2,QOSDATA_TID6,1066
5.17976e+06,20,ACK,14
5.1798e+06,2,QOSDATA_TID6,1066
5.17998e+06,20,ACK,14
5.18003e+06,2,CTL,20
5.18012e+06,1,RTS,20
5.18018e+06,20,CTS,14
5.18024e+06,1,QOSDATA_TID6,1066
5.18043e+06,20,ACK,14
5.18047e+06,1,CTL,20
5.18056e+06,19,RTS,20
5.18056e+06,12,RTS,20
5.18056e+06,18,RTS,20
5.18062e+06,20,CTS,14
5.18068e+06,12,QOSDATA_TID6,1066
5.18087e+06,20,ACK,14
5.18091e+06,12,CTL,20
5.181e+06,17,RTS,20
5.181e+06,19,RTS,20
5.181e+06,15,RTS,20
5.18111e+06,6,RTS,20
5.18111e+06,10,RTS,20
5.18111e+06,4,RTS,20
5.18111e+06,3,RTS,20
5.1812e+06,17,RTS,20
5.18127e+06,20,CTS,14
5.18133e+06,17,QOSDATA_TID6,1066
5.18152e+06,20,ACK,14
5.18156e+06,17,CTL,20
5.18165e+06,5,RTS,20
5.18165e+06,3,RTS,20
5.18165e+06,6,RTS,20
5.18171e+06,20,CTS,14
5.18177e+06,5,QOSDATA_TID6,1066
5.18196e+06,20,ACK,14
5.182e+06,5,CTL,20
5.18209e+06,3,RTS,20
5.18216e+06,20,CTS,14
5.18222e+06,3,QOSDATA_TID6,1066
5.1824e+06,20,ACK,14
5.18244e+06,3,CTL,20
5.18253e+06,10,RTS,20
5.18253e+06,7,RTS,20
5.1826e+06,20,CTS,14
5.18266e+06,7,QOSDATA_TID6,1066
5.18284e+06,20,ACK,14
5.18289e+06,7,CTL,20
5.18298e+06,16,RTS,20
5.18298e+06,2,RTS,20
5.18298e+06,9,RTS,20
5.18308e+06,19,RTS,20
5.18308e+06,6,RTS,20
5.18323e+06,19,RTS,20
5.18323e+06,2,RTS,20
5.18333e+06,14,RTS,20
5.1834e+06,20,CTS,14
5.18346e+06,14,QOSDATA_TID6,1066
5.18364e+06,20,ACK,14
5.18368e+06,14,CTL,20
5.18378e+06,2,RTS,20
5.18378e+06,8,RTS,20
5.18378e+06,19,RTS,20
5.18378e+06,16,RTS,20
5.1839e+06,15,RTS,20
5.1839e+06,6,RTS,20
5.18401e+06,8,RTS,20
5.18408e+06,20,CTS,14
5.18414e+06,8,QOSDATA_TID6,1066
5.18432e+06,20,ACK,14
5.18437e+06,8,CTL,20
5.18445e+06,9,RTS,20
5.18452e+06,20,CTS,14
5.18458e+06,9,QOSDATA_TID6,1066
5.18477e+06,20,ACK,14
5.18481e+06,9,QOSDATA_TID6,1066
5.185e+06,20,ACK,14
5.18504e+06,9,QOSDATA_TID6,1066
5.18522e+06,20,ACK,14
5.18527e+06,9,CTL,20
5.18536e+06,6,RTS,20
5.18536e+06,11,RTS,20
5.18555e+06,6,RTS,20
5.18562e+06,20,CTS,14
5.18568e+06,6,QOSDATA_TID6,1066
5.18586e+06,20,ACK,14
5.1859e+06,6,CTL,20
5.18599e+06,7,RTS,20
5.18599e+06,11,RTS,20
5.18606e+06,20,CTS,14
5.18612e+06,7,QOSDATA_TID6,1066
5.1863e+06,20,ACK,14
5.18634e+06,7,CTL,20
5.18644e+06,0,RTS,20
5.18644e+06,9,RTS,20
5.18651e+06,20,CTS,14
5.18657e+06,0,QOSDATA_TID6,1066
5.18675e+06,20,ACK,14
5.1868e+06,0,CTL,20
5.18688e+06,12,RTS,20
5.18695e+06,20,CTS,14
5.18701e+06,12,QOSDATA_TID6,1066
5.18719e+06,20,ACK,14
5.18724e+06,12,CTL,20
5.18732e+06,19,RTS,20
5.18732e+06,3,RTS,20
5.18739e+06,20,CTS,14
5.18745e+06,19,QOSDATA_TID6,1066
5.18764e+06,20,ACK,14
5.18768e+06,19,CTL,20
5.18778e+06,1,RTS,20
5.18778e+06,11,RTS,20
5.18778e+06,9,RTS,20
5.18778e+06,4,RTS,20
5.18778e+06,10,RTS,20
5.18778e+06,6,RTS,20
5.18778e+06,13,RTS,20
5.18789e+06,16,RTS,20
5.18796e+06,20,CTS,14
5.18802e+06,16,QOSDATA_TID6,1066
5.1882e+06,20,ACK,14
5.18825e+06,16,QOSDATA_TID6,1066
5.18843e+06,20,ACK,14
5.18848e+06,16,QOSDATA_TID6,1066
5.18866e+06,20,ACK,14
5.1887e+06,16,QOSDATA_TID6,1066
5.18889e+06,20,ACK,14
5.18893e+06,16,QOSDATA_TID6,1066
5.18912e+06,20,ACK,14
5.18916e+06,16,CTL,20
5.18924e+06,2,RTS,20
5.18931e+06,20,CTS,14
5.18937e+06,2,QOSDATA_TID6,1066
5.18956e+06,20,ACK,14
5.1896e+06,2,QOSDATA_TID6,1066
5.18978e+06,20,ACK,14
5.18983e+06,2,CTL,20
5.18992e+06,9,RTS,20
5.18992e+06,5,RTS,20
5.18992e+06,1,RTS,20
5.18992e+06,15,RTS,20
5.18992e+06,4,RTS,20
5.18998e+06,20,CTS,14
5.19004e+06,5,QOSDATA_TID6,1066
5.19023e+06,20,ACK,14
5.19027e+06,5,CTL,20
5.19036e+06,18,RTS,20
5.19036e+06,10,RTS,20
5.19046e+06,17,RTS,20
5.19052e+06,20,CTS,14
5.19058e+06,17,QOSDATA_TID6,1066
5.19077e+06,20,ACK,14
5.19081e+06,17,CTL,20
5.1909e+06,8,RTS,20
5.1909e+06,1,RTS,20
5.191e+06,9,RTS,20
5.19106e+06,20,CTS,14
5.19112e+06,9,QOSDATA_TID6,1066
5.19131e+06,20,ACK,14
5.19135e+06,9,CTL,20
5.19144e+06,10,RTS,20
5.19144e+06,15,RTS,20
5.1915e+06,20,CTS,14
5.19156e+06,15,QOSDATA_TID6,1066
5.19175e+06,20,ACK,14
5.19179e+06,15,QOSDATA_TID6,1066
5.19198e+06,20,ACK,14
5.19202e+06,15,CTL,20
5.19211e+06,10,RTS,20
5.19218e+06,20,CTS,14
5.19224e+06,10,QOSDATA_TID6,1066
5.19242e+06,20,ACK,14
5.19246e+06,10,QOSDATA_TID6,1066
5.19265e+06,20,ACK,14
5.19269e+06,10,CTL,20
5.19278e+06,3,RTS,20
5.19278e+06,11,RTS,20
5.19278e+06,4,RTS,20
5.19288e+06,6,RTS,20
5.19294e+06,20,CTS,14
5.193e+06,6,QOSDATA_TID6,1066
5.19319e+06,20,ACK,14
5.19323e+06,6,CTL,20
5.19332e+06,14,RTS,20
5.19332e+06,13,RTS,20
5.19332e+06,16,RTS,20
5.19342e+06,18,RTS,20
5.19348e+06,20,CTS,14
5.19354e+06,18,QOSDATA_TID6,1066
5.19373e+06,20,ACK,14
5.19377e+06,18,QOSDATA_TID6,1066
5.19396e+06,20,ACK,14
5.194e+06,18,QOSDATA_TID6,1066
5.19418e+06,20,ACK,14
5.19423e+06,18,QOSDATA_TID6,1066
5.19441e+06,20,ACK,14
5.19446e+06,18,CTL,20
5.19454e+06,7,RTS,20
5.19461e+06,20,CTS,14
5.19467e+06,7,QOSDATA_TID6,1066
5.19485e+06,20,ACK,14
5.1949e+06,7,CTL,20
5.19498e+06,1,RTS,20
5.19498e+06,8,RTS,20
5.19498e+06,19,RTS,20
5.19508e+06,4,RTS,20
5.19508e+06,6,RTS,20
5.19515e+06,20,CTS,14
5.19521e+06,6,QOSDATA_TID6,1066
5.19539e+06,20,ACK,14
5.19544e+06,6,CTL,20
5.19553e+06,0,RTS,20
5.19553e+06,14,RTS,20
5.19553e+06,12,RTS,20
5.19553e+06,1,RTS,20
5.19553e+06,13,RTS,20
5.19565e+06,17,RTS,20
5.19565e+06,3,RTS,20
5.19565e+06,9,RTS,20
5.19572e+06,20,CTS,14
5.19578e+06,17,QOSDATA_TID6,1066
5.19596e+06,20,ACK,14
5.196e+06,17,CTL,20
5.19609e+06,12,RTS,20
5.19609e+06,3,RTS,20
5.19616e+06,20,CTS,14
5.19622e+06,12,QOSDATA_TID6,1066
5.1964e+06,20,ACK,14
5.19645e+06,12,CTL,20
5.19654e+06,3,RTS,20
5.19654e+06,9,RTS,20
5.19664e+06,2,RTS,20
5.19664e+06,10,RTS,20
5.19664e+06,0,RTS,20
5.19664e+06,15,RTS,20
5.19674e+06,5,RTS,20
5.19674e+06,11,RTS,20
5.19681e+06,20,CTS,14
5.19687e+06,5,QOSDATA_TID6,1066
5.19705e+06,20,ACK,14
5.19709e+06,5,CTL,20
5.19718e+06,0,CTS,14
5.19727e+06,0,RTS,20
5.19734e+06,20,CTS,14
5.1974e+06,0,QOSDATA_TID6,1066
5.19758e+06,20,ACK,14
5.19762e+06,0,CTL,20
5.19771e+06,14,RTS,20
5.19771e+06,8,RTS,20
5.19771e+06,1,RTS,20
5.19771e+06,9,RTS,20
5.19771e+06,19,RTS,20
5.19771e+06,16,RTS,20
5.19781e+06,13,RTS,20
5.19788e+06,20,CTS,14
5.19794e+06,13,QOSDATA_TID6,1066
5.19812e+06,20,ACK,14
5.19816e+06,13,QOSDATA_TID6,1066
5.19835e+06,20,ACK,14
5.19839e+06,13,CTL,20
5.19848e+06,16,RTS,20
5.19848e+06,19,RTS,20
5.19848e+06,10,RTS,20
5.19848e+06,9,RTS,20
5.19859e+06,2,RTS,20
5.19866e+06,20,CTS,14
5.19872e+06,2,QOSDATA_TID6,1066
5.1989e+06,20,ACK,14
5.19895e+06,2,CTL,20
5.19904e+06,16,RTS,20
5.1991e+06,20,CTS,14
5.19916e+06,16,QOSDATA_TID6,1066
5.19935e+06,20,ACK,14
5.19939e+06,16,CTL,20
5.19948e+06,15,RTS,20
5.19948e+06,14,RTS,20
5.19958e+06,1,RTS,20
5.19958e+06,11,RTS,20
5.19958e+06,4,RTS,20
5.19967e+06,18,RTS,20
5.19967e+06,10,RTS,20
5.19977e+06,14,RTS,20
5.19984e+06,20,CTS,14
5.1999e+06,14,QOSDATA_TID6,1066
5.20008e+06,20,ACK,14
5.20013e+06,14,QOSDATA_TID6,1066
5.20031e+06,20,ACK,14
5.20036e+06,14,CTL,20
5.20044e+06,1,RTS,20
5.20051e+06,20,CTS,14
5.20057e+06,1,QOSDATA_TID6,1066
5.20075e+06,20,ACK,14
5.2008e+06,1,CTL,20
5.20088e+06,3,RTS,20
5.20088e+06,9,RTS,20
5.20088e+06,18,RTS,20
5.20088e+06,10,RTS,20
5.20098e+06,8,RTS,20
5.20098e+06,11,RTS,20
5.20105e+06,20,CTS,14
5.20111e+06,8,QOSDATA_TID6,1066
5.20129e+06,20,ACK,14
5.20134e+06,8,QOSDATA_TID6,1066
5.20152e+06,20,ACK,14
5.20157e+06,8,CTL,20
5.20165e+06,3,RTS,20
5.20165e+06,0,RTS,20
5.20165e+06,13,RTS,20
5.20175e+06,15,RTS,20
5.20175e+06,4,RTS,20
5.20175e+06,10,RTS,20
5.20187e+06,0,RTS,20
5.20187e+06,19,RTS,20
5.20199e+06,13,RTS,20
5.20205e+06,20,CTS,14
5.20211e+06,13,QOSDATA_TID6,1066
5.2023e+06,20,ACK,14
5.20234e+06,13,CTL,20
5.20243e+06,7,RTS,20
5.20243e+06,4,RTS,20
5.2025e+06,20,CTS,14
5.20256e+06,7,QOSDATA_TID6,1066
5.20274e+06,20,ACK,14
5.20278e+06,7,CTL,20
5.20288e+06,12,RTS,20
5.20288e+06,16,RTS,20
5.20288e+06,15,RTS,20
5.20295e+06,20,CTS,14
5.20301e+06,12,QOSDATA_TID6,1066
5.20319e+06,20,ACK,14
5.20324e+06,12,CTL,20
5.20332e+06,1,RTS,20
5.20339e+06,20,CTS,14
5.20345e+06,1,QOSDATA_TID6,1066
5.20363e+06,20,ACK,14
5.20368e+06,1,CTL,20
5.20376e+06,3,RTS,20
5.20376e+06,9,RTS,20
5.20376e+06,18,RTS,20
5.20387e+06,19,RTS,20
5.20387e+06,4,RTS,20
5.20394e+06,20,CTS,14
5.204e+06,19,QOSDATA_TID6,1066
5.20418e+06,20,ACK,14
5.20423e+06,19,QOSDATA_TID6,1066
5.20441e+06,20,ACK,14
5.20445e+06,19,CTL,20
5.20455e+06,4,RTS,20
5.20455e+06,0,CTS,14
5.20467e+06,0,RTS,20
5.20474e+06,20,CTS,14
5.2048e+06,0,QOSDATA_TID6,1066
5.20498e+06,20,ACK,14
5.20503e+06,0,CTL,20
5.20511e+06,17,RTS,20
5.20518e+06,20,CTS,14
5.20524e+06,17,QOSDATA_TID6,1066
5.20542e+06,20,ACK,14
5.20547e+06,17,CTL,20
5.20556e+06,11,RTS,20
5.20556e+06,16,RTS,20
5.20565e+06,5,RTS,20
5.20565e+06,2,RTS,20
5.20565e+06,3,RTS,20
5.20565e+06,6,RTS,20
5.20565e+06,10,RTS,20
5.20572e+06,20,CTS,14
5.20578e+06,5,QOSDATA_TID6,1066
5.20596e+06,20,ACK,14
5.20601e+06,5,CTL,20
5.2061e+06,15,RTS,20
5.20617e+06,20,CTS,14
5.20623e+06,15,QOSDATA_TID6,1066
5.20642e+06,20,ACK,14
5.20646e+06,15,QOSDATA_TID6,1066
5.20664e+06,20,ACK,14
5.20669e+06,15,CTL,20
5.20677e+06,11,RTS,20
5.20677e+06,4,RTS,20
5.20677e+06,9,RTS,20
5.20688e+06,8,RTS,20
5.20695e+06,20,CTS,14
5.20701e+06,8,QOSDATA_TID6,1066
5.20719e+06,20,ACK,14
5.20724e+06,8,CTL,20
5.20733e+06,11,RTS,20
5.20733e+06,3,RTS,20
5.20733e+06,9,RTS,20
5.20733e+06,6,RTS,20
5.20733e+06,14,RTS,20
5.20745e+06,18,RTS,20
5.20752e+06,20,CTS,14
5.20758e+06,18,QOSDATA_TID6,1066
5.20776e+06,20,ACK,14
5.2078e+06,18,QOSDATA_TID6,1066
5.20799e+06,20,ACK,14
5.20803e+06,18,CTL,20
5.20812e+06,10,RTS,20
5.20812e+06,2,RTS,20
5.20819e+06,20,CTS,14
5.20825e+06,2,QOSDATA_TID6,1066
5.20843e+06,20,ACK,14
5.20847e+06,2,CTL,20
5.20857e+06,9,RTS,20
5.20857e+06,10,RTS,20
5.20857e+06,14,RTS,20
5.20867e+06,11,RTS,20
5.20867e+06,16,RTS,20
5.20878e+06,10,RTS,20
5.20884e+06,20,CTS,14
5.2089e+06,10,QOSDATA_TID6,1066
5.20909e+06,20,ACK,14
5.20913e+06,10,CTL,20
5.20922e+06,0,RTS,20
5.20928e+06,20,CTS,14
5.20934e+06,0,QOSDATA_TID6,1066
5.20953e+06,20,ACK,14
5.20957e+06,0,CTL,20
5.20966e+06,3,RTS,20
5.20966e+06,9,RTS,20
5.20966e+06,4,RTS,20
5.20978e+06,6,RTS,20
5.20978e+06,14,RTS,20
5.20989e+06,13,RTS,20
5.20996e+06,20,CTS,14
5.21002e+06,13,QOSDATA_TID6,1066
5.2102e+06,20,ACK,14
5.21025e+06,13,CTL,20
5.21033e+06,11,RTS,20
5.21033e+06,6,RTS,20
5.21045e+06,3,RTS,20
5.21052e+06,20,CTS,14
5.21058e+06,3,QOSDATA_TID6,1066
5.21076e+06,20,ACK,14
5.2108e+06,3,QOSDATA_TID6,1066
5.21099e+06,20,ACK,14
5.21103e+06,3,QOSDATA_TID6,1066
5.21122e+06,20,ACK,14
5.21126e+06,3,CTL,20
5.21135e+06,17,RTS,20
5.21142e+06,20,CTS,14
5.21148e+06,17,QOSDATA_TID6,1066
5.21166e+06,20,ACK,14
5.2117e+06,17,CTL,20
5.21179e+06,1,RTS,20
5.21179e+06,7,RTS,20
5.21179e+06,16,RTS,20
5.2119e+06,6,RTS,20
5.21196e+06,20,CTS,14
5.21202e+06,6,QOSDATA_TID6,1066
5.21221e+06,20,ACK,14
5.21225e+06,6,QOSDATA_TID6,1066
5.21244e+06,20,ACK,14
5.21248e+06,6,CTL,20
5.21257e+06,5,RTS,20
5.21257e+06,1,RTS,20
5.21257e+06,9,RTS,20
5.21263e+06,20,CTS,14
5.21269e+06,5,QOSDATA_TID6,1066
5.21288e+06,20,ACK,14
5.21292e+06,5,CTL,20
5.21301e+06,12,RTS,20
5.21301e+06,9,RTS,20
5.21308e+06,20,CTS,14
5.21314e+06,12,QOSDATA_TID6,1066
5.21332e+06,20,ACK,14
5.21336e+06,12,CTL,20
5.21346e+06,1,RTS,20
5.21346e+06,19,RTS,20
5.21346e+06,9,RTS,20
5.21356e+06,11,RTS,20
5.21356e+06,14,RTS,20
5.21367e+06,2,RTS,20
5.21368e+06,10,RTS,20
5.21374e+06,20,CTS,14
5.2138e+06,2,QOSDATA_TID6,1066
5.21398e+06,20,ACK,14
5.21403e+06,2,CTL,20
5.21412e+06,14,RTS,20
5.21412e+06,15,RTS,20
5.21422e+06,16,RTS,20
5.21422e+06,4,RTS,20
5.21432e+06,18,RTS,20
5.21432e+06,10,RTS,20
5.21443e+06,7,RTS,20
5.2145e+06,20,CTS,14
5.21456e+06,7,QOSDATA_TID6,1066
5.21474e+06,20,ACK,14
5.21478e+06,7,CTL,20
5.21487e+06,8,RTS,20
5.21487e+06,9,RTS,20
5.21494e+06,20,CTS,14
5.215e+06,8,QOSDATA_TID6,1066
5.21518e+06,20,ACK,14
5.21522e+06,8,CTL,20
5.21531e+06,9,RTS,20
5.21538e+06,20,CTS,14
5.21544e+06,9,QOSDATA_TID6,1066
5.21562e+06,20,ACK,14
5.21567e+06,9,CTL,20
5.21575e+06,19,RTS,20
5.21575e+06,14,RTS,20
5.21575e+06,15,RTS,20
5.21586e+06,18,RTS,20
5.21593e+06,20,CTS,14
5.21599e+06,18,QOSDATA_TID6,1066
5.21617e+06,20,ACK,14
5.21622e+06,18,CTL,20
5.2163e+06,10,RTS,20
5.2163e+06,19,RTS,20
5.2163e+06,15,RTS,20
5.21645e+06,19,RTS,20
5.21652e+06,20,CTS,14
5.21658e+06,19,QOSDATA_TID6,1066
5.21676e+06,20,ACK,14
5.21681e+06,19,CTL,20
5.2169e+06,16,RTS,20
5.2169e+06,15,RTS,20
5.21702e+06,10,RTS,20
5.21709e+06,20,CTS,14
5.21715e+06,10,QOSDATA_TID6,1066
5.21733e+06,20,ACK,14
5.21738e+06,10,CTL,20
5.21746e+06,7,RTS,20
5.21753e+06,20,CTS,14
5.21759e+06,7,QOSDATA_TID6,1066
5.21777e+06,20,ACK,14
5.21782e+06,7,CTL,20
5.2179e+06,9,RTS,20
5.21797e+06,20,CTS,14
5.21803e+06,9,QOSDATA_TID6,1066
5.21822e+06,20,ACK,14
5.21826e+06,9,CTL,20
5.21834e+06,1,RTS,20
5.21834e+06,11,RTS,20
5.21834e+06,16,RTS,20
5.21834e+06,4,RTS,20
5.21844e+06,12,RTS,20
5.21844e+06,15,RTS,20
5.21844e+06,0,RTS,20
5.21851e+06,20,CTS,14
5.21857e+06,12,QOSDATA_TID6,1066
5.21876e+06,20,ACK,14
5.2188e+06,12,CTL,20
5.21888e+06,15,RTS,20
5.21895e+06,20,CTS,14
5.21901e+06,15,QOSDATA_TID6,1066
5.2192e+06,20,ACK,14
5.21924e+06,15,CTL,20
5.21933e+06,4,RTS,20
5.21933e+06,3,RTS,20
5.21942e+06,17,RTS,20
5.21949e+06,20,CTS,14
5.21955e+06,17,QOSDATA_TID6,1066
5.21974e+06,20,ACK,14
5.21978e+06,17,CTL,20
5.21987e+06,19,RTS,20
5.21994e+06,20,CTS,14
5.22e+06,19,QOSDATA_TID6,1066
5.22018e+06,20,ACK,14
5.22022e+06,19,CTL,20
5.22031e+06,5,RTS,20
5.22031e+06,16,RTS,20
5.22031e+06,4,RTS,20
5.22031e+06,13,RTS,20
5.22038e+06,20,CTS,14
5.22044e+06,5,QOSDATA_TID6,1066
5.22062e+06,20,ACK,14
5.22066e+06,5,CTL,20
5.22075e+06,2,RTS,20
5.22075e+06,0,RTS,20
5.22075e+06,6,RTS,20
5.22075e+06,10,RTS,20
5.22085e+06,4,RTS,20
5.22092e+06,20,CTS,14
5.22098e+06,4,QOSDATA_TID6,1066
5.22116e+06,20,ACK,14
5.2212e+06,4,QOSDATA_TID6,1066
5.22139e+06,20,ACK,14
5.22143e+06,4,QOSDATA_TID6,1066
5.22162e+06,20,ACK,14
5.22166e+06,4,QOSDATA_TID6,1066
5.22184e+06,20,ACK,14
5.22189e+06,4,CTL,20
5.22198e+06,1,RTS,20
5.22198e+06,13,RTS,20
5.22198e+06,14,RTS,20
5.22211e+06,14,RTS,20
5.22217e+06,20,CTS,14
5.22223e+06,14,QOSDATA_TID6,1066
5.22242e+06,20,ACK,14
5.22246e+06,14,CTL,20
5.22255e+06,13,RTS,20
5.22255e+06,10,RTS,20
5.22265e+06,8,RTS,20
5.22271e+06,20,CTS,14
5.22277e+06,8,QOSDATA_TID6,1066
5.22296e+06,20,ACK,14
5.223e+06,8,CTL,20
5.2231e+06,16,RTS,20
5.2231e+06,18,RTS,20
5.22321e+06,15,RTS,20
5.22328e+06,20,CTS,14
5.22334e+06,15,QOSDATA_TID6,1066
5.22353e+06,20,ACK,14
5.22357e+06,15,CTL,20
5.22366e+06,18,RTS,20
5.22373e+06,20,CTS,14
5.22379e+06,18,QOSDATA_TID6,1066
5.22398e+06,20,ACK,14
5.22402e+06,18,CTL,20
5.22411e+06,14,RTS,20
5.22418e+06,20,CTS,14
5.22424e+06,14,QOSDATA_TID6,1066
5.22442e+06,20,ACK,14
5.22446e+06,14,CTL,20
5.22455e+06,0,CTS,14
5.22455e+06,13,RTS,20
5.22455e+06,1,RTS,20
5.22455e+06,11,RTS,20
5.22468e+06,1,RTS,20
5.22475e+06,20,CTS,14
5.22481e+06,1,QOSDATA_TID6,1066
5.22499e+06,20,ACK,14
5.22504e+06,1,QOSDATA_TID6,1066
5.22522e+06,20,ACK,14
5.22526e+06,1,CTL,20
5.22535e+06,13,RTS,20
5.22542e+06,20,CTS,14
5.22548e+06,13,QOSDATA_TID6,1066
5.22566e+06,20,ACK,14
5.22571e+06,13,QOSDATA_TID6,1066
5.22589e+06,20,ACK,14
5.22593e+06,13,CTL,20
5.22603e+06,3,RTS,20
5.22603e+06,9,RTS,20
5.22613e+06,2,RTS,20
5.22613e+06,16,RTS,20
5.22613e+06,7,RTS,20
5.22622e+06,6,RTS,20
5.22629e+06,20,CTS,14
5.22635e+06,6,QOSDATA_TID6,1066
5.22654e+06,20,ACK,14
5.22658e+06,6,CTL,20
5.22667e+06,2,RTS,20
5.22674e+06,20,CTS,14
5.2268e+06,2,QOSDATA_TID6,1066
5.22698e+06,20,ACK,14
5.22702e+06,2,CTL,20
5.22711e+06,12,RTS,20
5.22711e+06,11,RTS,20
5.22718e+06,20,CTS,14
5.22724e+06,12,QOSDATA_TID6,1066
5.22742e+06,20,ACK,14
5.22746e+06,12,CTL,20
5.22755e+06,1,RTS,20
5.22762e+06,20,CTS,14
5.22768e+06,1,QOSDATA_TID6,1066
5.22786e+06,20,ACK,14
5.22791e+06,1,CTL,20
5.22799e+06,11,RTS,20
5.22799e+06,7,RTS,20
5.22799e+06,6,RTS,20
5.22799e+06,10,RTS,20
5.22809e+06,17,RTS,20
5.22809e+06,19,RTS,20
5.22816e+06,20,CTS,14
5.22822e+06,17,QOSDATA_TID6,1066
5.2284e+06,20,ACK,14
5.22845e+06,17,CTL,20
5.22853e+06,11,RTS,20
5.2286e+06,20,CTS,14
5.22866e+06,11,QOSDATA_TID6,1066
5.22884e+06,20,ACK,14
5.22889e+06,11,QOSDATA_TID6,1066
5.22907e+06,20,ACK,14
5.22912e+06,11,QOSDATA_TID6,1066
5.2293e+06,20,ACK,14
5.22934e+06,11,QOSDATA_TID6,1066
5.22953e+06,20,ACK,14
5.22957e+06,11,QOSDATA_TID6,1066
5.22976e+06,20,ACK,14
5.2298e+06,11,QOSDATA_TID6,1066
5.22998e+06,20,ACK,14
5.23003e+06,11,QOSDATA_TID6,1066
5.23021e+06,20,ACK,14
5.23026e+06,11,QOSDATA_TID6,1066
5.23044e+06,20,ACK,14
5.23048e+06,11,CTL,20
5.23057e+06,4,RTS,20
5.23064e+06,20,CTS,14
5.2307e+06,4,QOSDATA_TID6,1066
5.23088e+06,20,ACK,14
5.23093e+06,4,CTL,20
5.23101e+06,15,RTS,20
5.23101e+06,2,RTS,20
5.23101e+06,9,RTS,20
5.23101e+06,18,RTS,20
5.23101e+06,10,RTS,20
5.23111e+06,5,RTS,20
5.23111e+06,19,RTS,20
5.23111e+06,8,RTS,20
5.23121e+06,9,RTS,20
5.23121e+06,6,RTS,20
5.23121e+06,14,RTS,20
5.23131e+06,16,RTS,20
5.23138e+06,20,CTS,14
5.23144e+06,16,QOSDATA_TID6,1066
5.23162e+06,20,ACK,14
5.23167e+06,16,QOSDATA_TID6,1066
5.23185e+06,20,ACK,14
5.2319e+06,16,QOSDATA_TID6,1066
5.23208e+06,20,ACK,14
5.23212e+06,16,CTL,20
5.23221e+06,7,RTS,20
5.23221e+06,9,RTS,20
5.23228e+06,20,CTS,14
5.23234e+06,7,QOSDATA_TID6,1066
5.23252e+06,20,ACK,14
5.23257e+06,7,CTL,20
5.23266e+06,8,RTS,20
5.23266e+06,16,RTS,20
5.23266e+06,14,RTS,20
5.23266e+06,10,RTS,20
5.23273e+06,20,CTS,14
5.23279e+06,8,QOSDATA_TID6,1066
5.23297e+06,20,ACK,14
5.23302e+06,8,CTL,20
5.2331e+06,0,RTS,20
5.2331e+06,14,RTS,20
5.23317e+06,20,CTS,14
5.23323e+06,0,QOSDATA_TID6,1066
5.23342e+06,20,ACK,14
5.23346e+06,0,QOSDATA_TID6,1066
5.23364e+06,20,ACK,14
5.23369e+06,0,QOSDATA_TID6,1066
5.23387e+06,20,ACK,14
5.23392e+06,0,CTL,20
5.23401e+06,6,RTS,20
5.23408e+06,20,CTS,14
5.23414e+06,6,QOSDATA_TID6,1066
5.23432e+06,20,ACK,14
5.23437e+06,6,CTL,20
5.23445e+06,12,RTS,20
5.23445e+06,3,RTS,20
5.23445e+06,13,RTS,20
5.23445e+06,19,RTS,20
5.23452e+06,20,CTS,14
5.23458e+06,12,QOSDATA_TID6,1066
5.23476e+06,20,ACK,14
5.23481e+06,12,CTL,20
5.23489e+06,16,RTS,20
5.23496e+06,20,CTS,14
5.23502e+06,16,QOSDATA_TID6,1066
5.23521e+06,20,ACK,14
5.23525e+06,16,CTL,20
5.23534e+06,11,RTS,20
5.23534e+06,17,RTS,20
5.23534e+06,7,RTS,20
5.23534e+06,2,RTS,20
5.23534e+06,6,RTS,20
5.23534e+06,14,RTS,20
5.23534e+06,10,RTS,20
5.23544e+06,3,RTS,20
5.23551e+06,20,CTS,14
5.23557e+06,3,QOSDATA_TID6,1066
5.23576e+06,20,ACK,14
5.2358e+06,3,QOSDATA_TID6,1066
5.23598e+06,20,ACK,14
5.23603e+06,3,QOSDATA_TID6,1066
5.23621e+06,20,ACK,14
5.23626e+06,3,CTL,20
5.23634e+06,2,RTS,20
5.23634e+06,18,RTS,20
5.23634e+06,17,RTS,20
5.23634e+06,6,RTS,20
5.23645e+06,15,RTS,20
5.23652e+06,20,CTS,14
5.23658e+06,15,QOSDATA_TID6,1066
5.23676e+06,20,ACK,14
5.2368e+06,15,QOSDATA_TID6,1066
5.23699e+06,20,ACK,14
5.23703e+06,15,CTL,20
5.23712e+06,6,RTS,20
5.23719e+06,20,CTS,14
5.23725e+06,6,QOSDATA_TID6,1066
5.23743e+06,20,ACK,14
5.23747e+06,6,CTL,20
5.23756e+06,5,RTS,20
5.23756e+06,17,RTS,20
5.23756e+06,9,RTS,20
5.23766e+06,14,RTS,20
5.23773e+06,20,CTS,14
5.23779e+06,14,QOSDATA_TID6,1066
5.23797e+06,20,ACK,14
5.23801e+06,14,CTL,20
5.2381e+06,13,RTS,20
5.2381e+06,18,RTS,20
5.2381e+06,19,RTS,20
5.2381e+06,4,RTS,20
5.23819e+06,20,BEACON,152
5.23845e+06,7,RTS,20
5.23845e+06,18,RTS,20
5.23852e+06,20,CTS,14
5.23858e+06,7,QOSDATA_TID6,1066
5.23876e+06,20,ACK,14
5.23881e+06,7,CTL,20
5.23889e+06,19,RTS,20
5.23896e+06,20,CTS,14
5.23902e+06,19,QOSDATA_TID6,1066
5.2392e+06,20,ACK,14
5.23925e+06,19,QOSDATA_TID6,1066
5.23943e+06,20,ACK,14
5.23948e+06,19,CTL,20
5.23956e+06,2,RTS,20
5.23963e+06,20,CTS,14
5.23969e+06,2,QOSDATA_TID6,1066
5.23988e+06,20,ACK,14
5.23992e+06,2,QOSDATA_TID6,1066
5.2401e+06,20,ACK,14
5.24015e+06,2,CTL,20
5.24023e+06,18,RTS,20
5.24023e+06,1,RTS,20
5.24023e+06,14,RTS,20
5.24034e+06,9,RTS,20
5.24041e+06,20,CTS,14
5.24047e+06,9,QOSDATA_TID6,1066
5.24065e+06,20,ACK,14
5.2407e+06,9,QOSDATA_TID6,1066
5.24088e+06,20,ACK,14
5.24092e+06,9,CTL,20
5.24101e+06,16,RTS,20
5.24101e+06,13,RTS,20
5.24111e+06,0,RTS,20
5.24118e+06,20,CTS,14
5.24124e+06,0,QOSDATA_TID6,1066
5.24142e+06,20,ACK,14
5.24146e+06,0,CTL,20
5.24155e+06,7,RTS,20
5.24162e+06,20,CTS,14
5.24168e+06,7,QOSDATA_TID6,1066
5.24186e+06,20,ACK,14
5.24191e+06,7,CTL,20
5.24199e+06,8,RTS,20
5.24199e+06,9,RTS,20
5.24206e+06,20,CTS,14
5.24212e+06,8,QOSDATA_TID6,1066
5.2423e+06,20,ACK,14
5.24235e+06,8,CTL,20
5.24244e+06,12,RTS,20
5.2425e+06,20,CTS,14
5.24256e+06,12,QOSDATA_TID6,1066
5.24275e+06,20,ACK,14
5.24279e+06,12,CTL,20
5.24288e+06,4,RTS,20
5.24288e+06,10,RTS,20
5.24298e+06,19,RTS,20
5.24304e+06,20,CTS,14
5.2431e+06,19,QOSDATA_TID6,1066
5.24329e+06,20,ACK,14
5.24333e+06,19,CTL,20
5.24342e+06,5,RTS,20
5.24342e+06,6,RTS,20
5.24348e+06,20,CTS,14
5.24354e+06,5,QOSDATA_TID6,1066
5.24373e+06,20,ACK,14
5.24377e+06,5,QOSDATA_TID6,1066
5.24396e+06,20,ACK,14
5.244e+06,5,CTL,20
5.2441e+06,17,RTS,20
5.2441e+06,11,RTS,20
5.2441e+06,18,RTS,20
5.2441e+06,13,RTS,20
5.2441e+06,14,RTS,20
5.24422e+06,3,RTS,20
5.24429e+06,20,CTS,14
5.24435e+06,3,QOSDATA_TID6,1066
5.24453e+06,20,ACK,14
5.24458e+06,3,CTL,20
5.24466e+06,6,RTS,20
5.24473e+06,20,CTS,14
5.24479e+06,6,QOSDATA_TID6,1066
5.24498e+06,20,ACK,14
5.24502e+06,6,CTL,20
5.2451e+06,5,RTS,20
5.2451e+06,9,RTS,20
5.2451e+06,13,RTS,20
5.24517e+06,20,CTS,14
5.24523e+06,5,QOSDATA_TID6,1066
5.24542e+06,20,ACK,14
5.24546e+06,5,CTL,20
5.24555e+06,11,RTS,20
5.24555e+06,16,RTS,20
5.24555e+06,4,RTS,20
5.24564e+06,15,RTS,20
5.24564e+06,18,RTS,20
5.24564e+06,14,RTS,20
5.24575e+06,11,RTS,20
5.24582e+06,20,CTS,14
5.24588e+06,11,QOSDATA_TID6,1066
5.24606e+06,20,ACK,14
5.24611e+06,11,QOSDATA_TID6,1066
5.24629e+06,20,ACK,14
5.24634e+06,11,CTL,20
5.24642e+06,1,RTS,20
5.24642e+06,17,RTS,20
5.24642e+06,18,RTS,20
5.24653e+06,16,RTS,20
5.24653e+06,13,RTS,20
5.24663e+06,18,RTS,20
5.2467e+06,20,CTS,14
5.24676e+06,18,QOSDATA_TID6,1066
5.24694e+06,20,ACK,14
5.24698e+06,18,QOSDATA_TID6,1066
5.24717e+06,20,ACK,14
5.24721e+06,18,CTL,20
5.2473e+06,2,RTS,20
5.24737e+06,20,CTS,14
5.24743e+06,2,QOSDATA_TID6,1066
5.24761e+06,20,ACK,14
5.24765e+06,2,CTL,20
5.24775e+06,9,RTS,20
5.24775e+06,4,RTS,20
5.24786e+06,8,RTS,20
5.24786e+06,14,RTS,20
5.24793e+06,20,CTS,14
5.24799e+06,8,QOSDATA_TID6,1066
5.24818e+06,20,ACK,14
5.24822e+06,8,CTL,20
5.24832e+06,4,RTS,20
5.24832e+06,14,RTS,20
5.24842e+06,9,RTS,20
5.24849e+06,20,CTS,14
5.24855e+06,9,QOSDATA_TID6,1066
5.24874e+06,20,ACK,14
5.24878e+06,9,CTL,20
5.24888e+06,10,RTS,20
5.24888e+06,14,RTS,20
5.24898e+06,17,RTS,20
5.24905e+06,20,CTS,14
5.24911e+06,17,QOSDATA_TID6,1066
5.24929e+06,20,ACK,14
5.24934e+06,17,QOSDATA_TID6,1066
5.24952e+06,20,ACK,14
5.24956e+06,17,CTL,20
5.24965e+06,1,RTS,20
5.24965e+06,0,RTS,20
5.24977e+06,9,RTS,20
5.24977e+06,13,RTS,20
5.24989e+06,0,RTS,20
5.24989e+06,16,RTS,20
5.24996e+06,20,CTS,14
5.25002e+06,0,QOSDATA_TID6,1066
5.2502e+06,20,ACK,14
5.25025e+06,0,CTL,20
5.25034e+06,7,RTS,20
5.25041e+06,20,CTS,14
5.25047e+06,7,QOSDATA_TID6,1066
5.25066e+06,20,ACK,14
5.2507e+06,7,CTL,20
5.25078e+06,11,RTS,20
5.25078e+06,10,RTS,20
5.25088e+06,15,RTS,20
5.25095e+06,20,CTS,14
5.25101e+06,15,QOSDATA_TID6,1066
5.2512e+06,20,ACK,14
5.25124e+06,15,CTL,20
5.25132e+06,14,RTS,20
5.25139e+06,20,CTS,14
5.25145e+06,14,QOSDATA_TID6,1066
5.25164e+06,20,ACK,14
5.25168e+06,14,QOSDATA_TID6,1066
5.25186e+06,20,ACK,14
5.25191e+06,14,CTL,20
5.252e+06,6,RTS,20
5.252e+06,13,RTS,20
5.252e+06,17,RTS,20
5.25206e+06,20,CTS,14
5.25212e+06,17,QOSDATA_TID6,1066
5.25231e+06,20,ACK,14
5.25235e+06,17,CTL,20
5.25245e+06,5,RTS,20
5.25245e+06,12,RTS,20
5.25245e+06,4,RTS,20
5.25254e+06,1,RTS,20
5.25261e+06,20,CTS,14
5.25267e+06,1,QOSDATA_TID6,1066
5.25286e+06,20,ACK,14
5.2529e+06,1,QOSDATA_TID6,1066
5.25308e+06,20,ACK,14
5.25313e+06,1,QOSDATA_TID6,1066
5.25331e+06,20,ACK,14
5.25336e+06,1,CTL,20
5.25344e+06,12,RTS,20
5.25344e+06,9,RTS,20
5.25344e+06,13,RTS,20
5.25344e+06,10,RTS,20
5.25351e+06,20,CTS,14
5.25357e+06,12,QOSDATA_TID6,1066
5.25375e+06,20,ACK,14
5.2538e+06,12,CTL,20
5.25389e+06,5,RTS,20
5.25389e+06,19,RTS,20
5.25389e+06,15,RTS,20
5.25389e+06,9,RTS,20
5.25396e+06,20,CTS,14
5.25402e+06,5,QOSDATA_TID6,1066
5.2542e+06,20,ACK,14
5.25425e+06,5,CTL,20
5.25434e+06,18,RTS,20
5.25434e+06,15,RTS,20
5.25443e+06,19,RTS,20
5.2545e+06,20,CTS,14
5.25456e+06,19,QOSDATA_TID6,1066
5.25474e+06,20,ACK,14
5.25479e+06,19,CTL,20
5.25488e+06,6,RTS,20
5.25494e+06,20,CTS,14
5.255e+06,6,QOSDATA_TID6,1066
5.25519e+06,20,ACK,14
5.25523e+06,6,CTL,20
5.25532e+06,8,RTS,20
5.25532e+06,11,RTS,20
5.25532e+06,4,RTS,20
5.25539e+06,20,CTS,14
5.25545e+06,8,QOSDATA_TID6,1066
5.25563e+06,20,ACK,14
5.25567e+06,8,CTL,20
5.25576e+06,3,RTS,20
5.25576e+06,15,RTS,20
5.25587e+06,11,RTS,20
5.25587e+06,16,RTS,20
5.25597e+06,13,RTS,20
5.25597e+06,3,RTS,20
5.25597e+06,14,RTS,20
5.25608e+06,4,RTS,20
5.25615e+06,20,CTS,14
5.25621e+06,4,QOSDATA_TID6,1066
5.25639e+06,20,ACK,14
5.25644e+06,4,QOSDATA_TID6,1066
5.25662e+06,20,ACK,14
5.25666e+06,4,CTL,20
5.25675e+06,16,RTS,20
5.25675e+06,18,RTS,20
5.25691e+06,15,RTS,20
5.25698e+06,20,CTS,14
5.25704e+06,15,QOSDATA_TID6,1066
5.25722e+06,20,ACK,14
5.25727e+06,15,CTL,20
5.25735e+06,0,RTS,20
5.25735e+06,16,RTS,20
5.25742e+06,20,CTS,14
5.25748e+06,0,QOSDATA_TID6,1066
5.25767e+06,20,ACK,14
5.25771e+06,0,CTL,20
5.2578e+06,3,RTS,20
5.25787e+06,20,CTS,14
5.25793e+06,3,QOSDATA_TID6,1066
5.25812e+06,20,ACK,14
5.25816e+06,3,CTL,20
5.25825e+06,2,RTS,20
5.25832e+06,20,CTS,14
5.25838e+06,2,QOSDATA_TID6,1066
5.25856e+06,20,ACK,14
5.2586e+06,2,CTL,20
5.25869e+06,18,RTS,20
5.25869e+06,9,RTS,20
5.25869e+06,7,RTS,20
5.25869e+06,16,RTS,20
5.25869e+06,13,RTS,20
5.2588e+06,14,RTS,20
5.25886e+06,20,CTS,14
5.25892e+06,14,QOSDATA_TID6,1066
5.25911e+06,20,ACK,14
5.25915e+06,14,CTL,20
5.25924e+06,13,RTS,20
5.25924e+06,18,RTS,20
5.25934e+06,17,RTS,20
5.2594e+06,20,CTS,14
5.25946e+06,17,QOSDATA_TID6,1066
5.25965e+06,20,ACK,14
5.25969e+06,17,CTL,20
5.25978e+06,19,RTS,20
5.25985e+06,20,CTS,14
5.25991e+06,19,QOSDATA_TID6,1066
5.26009e+06,20,ACK,14
5.26013e+06,19,CTL,20
5.26022e+06,11,RTS,20
5.26022e+06,16,RTS,20
5.26022e+06,3,RTS,20
5.26022e+06,18,RTS,20
5.26022e+06,13,RTS,20
5.26032e+06,5,RTS,20
5.26032e+06,1,RTS,20
5.26039e+06,20,CTS,14
5.26045e+06,5,QOSDATA_TID6,1066
5.26063e+06,20,ACK,14
5.26067e+06,5,CTL,20
5.26076e+06,12,RTS,20
5.26076e+06,3,RTS,20
5.26076e+06,11,RTS,20
5.26076e+06,18,RTS,20
5.26076e+06,15,RTS,20
5.26083e+06,20,CTS,14
5.26089e+06,12,QOSDATA_TID6,1066
5.26107e+06,20,ACK,14
5.26112e+06,12,CTL,20
5.26121e+06,2,RTS,20
5.26121e+06,6,RTS,20
5.26121e+06,10,RTS,20
5.26131e+06,11,RTS,20
5.26138e+06,20,CTS,14
5.26144e+06,11,QOSDATA_TID6,1066
5.26162e+06,20,ACK,14
5.26166e+06,11,QOSDATA_TID6,1066
5.26185e+06,20,ACK,14
5.26189e+06,11,CTL,20
5.26198e+06,4,RTS,20
5.26198e+06,10,RTS,20
5.26214e+06,15,RTS,20
5.26221e+06,20,CTS,14
5.26227e+06,15,QOSDATA_TID6,1066
5.26245e+06,20,ACK,14
5.2625e+06,15,CTL,20
5.26258e+06,4,RTS,20
5.26258e+06,10,RTS,20
5.26271e+06,10,RTS,20
5.26278e+06,20,CTS,14
5.26284e+06,10,QOSDATA_TID6,1066
5.26303e+06,20,ACK,14
5.26307e+06,10,QOSDATA_TID6,1066
5.26325e+06,20,ACK,14
5.2633e+06,10,QOSDATA_TID6,1066
5.26348e+06,20,ACK,14
5.26353e+06,10,QOSDATA_TID6,1066
5.26371e+06,20,ACK,14
5.26375e+06,10,QOSDATA_TID6,1066
5.26394e+06,20,ACK,14
5.26398e+06,10,CTL,20
5.26408e+06,8,RTS,20
5.26408e+06,1,RTS,20
5.26418e+06,9,RTS,20
5.26418e+06,13,RTS,20
5.26428e+06,6,RTS,20
5.26435e+06,20,CTS,14
5.26441e+06,6,QOSDATA_TID6,1066
5.26459e+06,20,ACK,14
5.26464e+06,6,CTL,20
5.26472e+06,9,RTS,20
5.26472e+06,16,RTS,20
5.26483e+06,14,RTS,20
5.2649e+06,20,CTS,14
5.26496e+06,14,QOSDATA_TID6,1066
5.26514e+06,20,ACK,14
5.26519e+06,14,CTL,20
5.26528e+06,0,RTS,20
5.26528e+06,7,RTS,20
5.2654e+06,3,RTS,20
5.2654e+06,9,RTS,20
5.26551e+06,2,RTS,20
5.26551e+06,18,RTS,20
5.26551e+06,7,RTS,20
5.26564e+06,18,RTS,20
5.26565e+06,8,RTS,20
5.26565e+06,1,RTS,20
5.26576e+06,9,RTS,20
5.26583e+06,20,CTS,14
5.26589e+06,9,QOSDATA_TID6,1066
5.26608e+06,20,ACK,14
5.26612e+06,9,QOSDATA_TID6,1066
5.2663e+06,20,ACK,14
5.26635e+06,9,CTL,20
5.26643e+06,3,RTS,20
5.2665e+06,20,CTS,14
5.26656e+06,3,QOSDATA_TID6,1066
5.26675e+06,20,ACK,14
5.26679e+06,3,QOSDATA_TID6,1066
5.26697e+06,20,ACK,14
5.26702e+06,3,CTL,20
5.2671e+06,6,RTS,20
5.2671e+06,16,RTS,20
5.2671e+06,7,RTS,20
5.2671e+06,13,RTS,20
5.2672e+06,2,RTS,20
5.26727e+06,20,CTS,14
5.26733e+06,2,QOSDATA_TID6,1066
5.26751e+06,20,ACK,14
5.26756e+06,2,CTL,20
5.26765e+06,19,RTS,20
5.26765e+06,7,RTS,20
5.26765e+06,11,RTS,20
5.26775e+06,18,RTS,20
5.26782e+06,20,CTS,14
5.26788e+06,18,QOSDATA_TID6,1066
5.26806e+06,20,ACK,14
5.26811e+06,18,CTL,20
5.26819e+06,7,RTS,20
5.26826e+06,20,CTS,14
5.26832e+06,7,QOSDATA_TID6,1066
5.2685e+06,20,ACK,14
5.26855e+06,7,QOSDATA_TID6,1066
5.26873e+06,20,ACK,14
5.26878e+06,7,CTL,20
5.26886e+06,15,RTS,20
5.26886e+06,10,RTS,20
5.26893e+06,20,CTS,14
5.26899e+06,15,QOSDATA_TID6,1066
5.26918e+06,20,ACK,14
5.26922e+06,15,CTL,20
5.2693e+06,0,RTS,20
5.2693e+06,17,RTS,20
5.2693e+06,8,RTS,20
5.2693e+06,1,RTS,20
5.2693e+06,4,RTS,20
5.2694e+06,12,RTS,20
5.26947e+06,20,CTS,14
5.26953e+06,12,QOSDATA_TID6,1066
5.26972e+06,20,ACK,14
5.26976e+06,12,CTL,20
5.26985e+06,2,RTS,20
5.26991e+06,20,CTS,14
5.26997e+06,2,QOSDATA_TID6,1066
5.27016e+06,20,ACK,14
5.2702e+06,2,CTL,20
5.27029e+06,18,RTS,20
5.27029e+06,5,RTS,20
5.27029e+06,8,RTS,20
5.27029e+06,6,RTS,20
5.27029e+06,16,RTS,20
5.2704e+06,13,RTS,20
5.27047e+06,20,CTS,14
5.27053e+06,13,QOSDATA_TID6,1066
5.27072e+06,20,ACK,14
5.27076e+06,13,QOSDATA_TID6,1066
5.27094e+06,20,ACK,14
5.27099e+06,13,QOSDATA_TID6,1066
5.27117e+06,20,ACK,14
5.27122e+06,13,CTL,20
5.2713e+06,5,RTS,20
5.2713e+06,1,RTS,20
5.27137e+06,20,CTS,14
5.27143e+06,5,QOSDATA_TID6,1066
5.27161e+06,20,ACK,14
5.27166e+06,5,CTL,20
5.27174e+06,17,RTS,20
5.27174e+06,6,RTS,20
5.27181e+06,20,CTS,14
5.27187e+06,17,QOSDATA_TID6,1066
5.27206e+06,20,ACK,14
5.2721e+06,17,CTL,20
5.2722e+06,19,RTS,20
5.2722e+06,18,RTS,20
5.2722e+06,14,RTS,20
5.27232e+06,6,RTS,20
5.27239e+06,20,CTS,14
5.27245e+06,6,QOSDATA_TID6,1066
5.27263e+06,20,ACK,14
5.27268e+06,6,CTL,20
5.27276e+06,18,RTS,20
5.27283e+06,20,CTS,14
5.27289e+06,18,QOSDATA_TID6,1066
5.27307e+06,20,ACK,14
5.27312e+06,18,CTL,20
5.27321e+06,10,RTS,20
5.27321e+06,11,RTS,20
5.27331e+06,14,RTS,20
5.27338e+06,20,CTS,14
5.27344e+06,14,QOSDATA_TID6,1066
5.27362e+06,20,ACK,14
5.27367e+06,14,CTL,20
5.27376e+06,9,RTS,20
5.27383e+06,20,CTS,14
5.27389e+06,9,QOSDATA_TID6,1066
5.27407e+06,20,ACK,14
5.27412e+06,9,CTL,20
5.2742e+06,13,RTS,20
5.27427e+06,20,CTS,14
5.27433e+06,13,QOSDATA_TID6,1066
5.27452e+06,20,ACK,14
5.27456e+06,13,CTL,20
5.27465e+06,7,RTS,20
5.27465e+06,11,RTS,20
5.27465e+06,0,CTS,14
5.27465e+06,10,RTS,20
5.27465e+06,3,RTS,20
5.27476e+06,0,RTS,20
5.27483e+06,20,CTS,14
5.27489e+06,0,QOSDATA_TID6,1066
5.27507e+06,20,ACK,14
5.27512e+06,0,QOSDATA_TID6,1066
5.2753e+06,20,ACK,14
5.27534e+06,0,CTL,20
5.27543e+06,11,RTS,20
5.2755e+06,20,CTS,14
5.27556e+06,11,QOSDATA_TID6,1066
5.27574e+06,20,ACK,14
5.27578e+06,11,QOSDATA_TID6,1066
5.27597e+06,20,ACK,14
5.27601e+06,11,CTL,20
5.2761e+06,4,RTS,20
5.2761e+06,12,RTS,20
5.2761e+06,6,RTS,20
5.27617e+06,20,CTS,14
5.27623e+06,12,QOSDATA_TID6,1066
5.27641e+06,20,ACK,14
5.27646e+06,12,CTL,20
5.27655e+06,8,RTS,20
5.27655e+06,16,RTS,20
5.27655e+06,3,RTS,20
5.27662e+06,20,CTS,14
5.27668e+06,8,QOSDATA_TID6,1066
5.27686e+06,20,ACK,14
5.27691e+06,8,QOSDATA_TID6,1066
5.27709e+06,20,ACK,14
5.27713e+06,8,CTL,20
5.27722e+06,15,RTS,20
5.27729e+06,20,CTS,14
5.27735e+06,15,QOSDATA_TID6,1066
5.27753e+06,20,ACK,14
5.27758e+06,15,CTL,20
5.27767e+06,17,RTS,20
5.27767e+06,1,RTS,20
5.27767e+06,19,RTS,20
5.27777e+06,5,RTS,20
5.27777e+06,7,RTS,20
5.27777e+06,6,RTS,20
5.27784e+06,20,CTS,14
5.2779e+06,5,QOSDATA_TID6,1066
5.27808e+06,20,ACK,14
5.27813e+06,5,CTL,20
5.27822e+06,1,RTS,20
5.27822e+06,7,RTS,20
5.27822e+06,3,RTS,20
5.27832e+06,18,RTS,20
5.27839e+06,20,CTS,14
5.27845e+06,18,QOSDATA_TID6,1066
5.27863e+06,20,ACK,14
5.27868e+06,18,CTL,20
5.27878e+06,2,RTS,20
5.27878e+06,8,RTS,20
5.27878e+06,16,RTS,20
5.2789e+06,7,RTS,20
5.2789e+06,6,RTS,20
5.27905e+06,3,RTS,20
5.27912e+06,20,CTS,14
5.27918e+06,3,QOSDATA_TID6,1066
5.27936e+06,20,ACK,14
5.2794e+06,3,CTL,20
5.27949e+06,14,RTS,20
5.27956e+06,20,CTS,14
5.27962e+06,14,QOSDATA_TID6,1066
5.2798e+06,20,ACK,14
5.27984e+06,14,CTL,20
5.27993e+06,7,RTS,20
5.28e+06,20,CTS,14
5.28006e+06,7,QOSDATA_TID6,1066
5.28024e+06,20,ACK,14
5.28029e+06,7,CTL,20
5.28038e+06,1,RTS,20
5.28038e+06,16,RTS,20
5.28038e+06,6,RTS,20
5.28038e+06,10,RTS,20
5.2805e+06,2,RTS,20
5.28057e+06,20,CTS,14
5.28063e+06,2,QOSDATA_TID6,1066
5.28081e+06,20,ACK,14
5.28085e+06,2,CTL,20
5.28095e+06,16,RTS,20
5.28102e+06,20,CTS,14
5.28108e+06,16,QOSDATA_TID6,1066
5.28126e+06,20,ACK,14
5.2813e+06,16,QOSDATA_TID6,1066
5.28149e+06,20,ACK,14
5.28153e+06,16,QOSDATA_TID6,1066
5.28172e+06,20,ACK,14
5.28176e+06,16,QOSDATA_TID6,1066
5.28194e+06,20,ACK,14
5.28199e+06,16,CTL,20
5.28208e+06,1,RTS,20
5.28208e+06,7,RTS,20
5.28208e+06,6,RTS,20
5.28218e+06,4,RTS,20
5.28225e+06,20,CTS,14
5.28231e+06,4,QOSDATA_TID6,1066
5.28249e+06,20,ACK,14
5.28254e+06,4,QOSDATA_TID6,1066
5.28272e+06,20,ACK,14
5.28277e+06,4,QOSDATA_TID6,1066
5.28295e+06,20,ACK,14
5.28299e+06,4,CTL,20
5.28308e+06,1,RTS,20
5.28308e+06,12,RTS,20
5.28308e+06,9,RTS,20
5.28308e+06,10,RTS,20
5.28315e+06,20,CTS,14
5.28321e+06,12,QOSDATA_TID6,1066
5.28339e+06,20,ACK,14
5.28344e+06,12,CTL,20
5.28352e+06,11,RTS,20
5.28352e+06,9,RTS,20
5.28363e+06,0,RTS,20
5.2837e+06,20,CTS,14
5.28376e+06,0,QOSDATA_TID6,1066
5.28394e+06,20,ACK,14
5.28398e+06,0,CTL,20
5.28408e+06,10,RTS,20
5.28408e+06,8,RTS,20
5.28408e+06,3,RTS,20
5.28408e+06,19,RTS,20
5.28418e+06,17,RTS,20
5.28418e+06,1,RTS,20
5.28418e+06,7,RTS,20
5.28428e+06,19,RTS,20
5.28435e+06,20,CTS,14
5.28441e+06,19,QOSDATA_TID6,1066
5.2846e+06,20,ACK,14
5.28464e+06,19,QOSDATA_TID6,1066
5.28482e+06,20,ACK,14
5.28487e+06,19,QOSDATA_TID6,1066
5.28505e+06,20,ACK,14
5.2851e+06,19,CTL,20
5.28518e+06,2,RTS,20
5.28518e+06,9,RTS,20
5.28518e+06,10,RTS,20
5.28518e+06,6,RTS,20
5.28528e+06,8,RTS,20
5.28535e+06,20,CTS,14
5.28541e+06,8,QOSDATA_TID6,1066
5.28559e+06,20,ACK,14
5.28564e+06,8,CTL,20
5.28572e+06,11,RTS,20
5.28572e+06,4,RTS,20
5.28572e+06,13,RTS,20
5.28582e+06,5,RTS,20
5.28589e+06,20,CTS,14
5.28595e+06,5,QOSDATA_TID6,1066
5.28613e+06,20,ACK,14
5.28618e+06,5,CTL,20
5.28626e+06,2,RTS,20
5.28626e+06,9,RTS,20
5.28626e+06,6,RTS,20
5.28636e+06,18,RTS,20
5.28643e+06,20,CTS,14
5.28649e+06,18,QOSDATA_TID6,1066
5.28667e+06,20,ACK,14
5.28672e+06,18,CTL,20
5.2868e+06,7,RTS,20
5.2868e+06,11,RTS,20
5.28687e+06,20,CTS,14
5.28693e+06,7,QOSDATA_TID6,1066
5.28712e+06,20,ACK,14
5.28716e+06,7,CTL,20
5.28725e+06,14,RTS,20
5.28725e+06,10,RTS,20
5.28734e+06,4,RTS,20
5.28741e+06,20,CTS,14
5.28747e+06,4,QOSDATA_TID6,1066
5.28766e+06,20,ACK,14
5.2877e+06,4,CTL,20
5.2878e+06,8,RTS,20
5.2878e+06,17,RTS,20
5.2878e+06,13,RTS,20
5.2878e+06,9,RTS,20
5.28789e+06,1,RTS,20
5.28789e+06,15,RTS,20
5.28801e+06,10,RTS,20
5.28808e+06,20,CTS,14
5.28814e+06,10,QOSDATA_TID6,1066
5.28832e+06,20,ACK,14
5.28837e+06,10,QOSDATA_TID6,1066
5.28855e+06,20,ACK,14
5.2886e+06,10,CTL,20
5.28869e+06,8,RTS,20
5.28869e+06,1,RTS,20
5.28869e+06,15,RTS,20
5.28879e+06,3,RTS,20
5.28879e+06,9,RTS,20
5.28889e+06,17,RTS,20
5.28889e+06,1,RTS,20
5.28899e+06,16,RTS,20
5.28899e+06,11,RTS,20
5.28899e+06,15,RTS,20
5.28908e+06,1,RTS,20
5.28915e+06,20,CTS,14
5.28921e+06,1,QOSDATA_TID6,1066
5.2894e+06,20,ACK,14
5.28944e+06,1,QOSDATA_TID6,1066
5.28962e+06,20,ACK,14
5.28967e+06,1,CTL,20
5.28975e+06,2,RTS,20
5.28982e+06,20,CTS,14
5.28988e+06,2,QOSDATA_TID6,1066
5.29007e+06,20,ACK,14
5.29011e+06,2,CTL,20
5.2902e+06,3,RTS,20
5.2902e+06,0,RTS,20
5.2902e+06,8,RTS,20
5.2902e+06,6,RTS,20
5.2902e+06,7,RTS,20
5.29029e+06,11,RTS,20
5.29036e+06,20,CTS,14
5.29042e+06,11,QOSDATA_TID6,1066
5.29061e+06,20,ACK,14
5.29065e+06,11,CTL,20
5.29074e+06,3,RTS,20
5.2908e+06,20,CTS,14
5.29086e+06,3,QOSDATA_TID6,1066
5.29105e+06,20,ACK,14
5.29109e+06,3,QOSDATA_TID6,1066
5.29128e+06,20,ACK,14
5.29132e+06,3,CTL,20
5.29141e+06,19,RTS,20
5.29141e+06,8,RTS,20
5.29141e+06,14,RTS,20
5.29141e+06,15,RTS,20
5.29141e+06,13,RTS,20
5.2915e+06,1,RTS,20
5.29157e+06,20,CTS,14
5.29163e+06,1,QOSDATA_TID6,1066
5.29182e+06,20,ACK,14
5.29186e+06,1,CTL,20
5.29195e+06,17,RTS,20
5.29195e+06,12,RTS,20
5.29195e+06,16,RTS,20
5.29195e+06,7,RTS,20
5.29195e+06,6,RTS,20
5.29195e+06,14,RTS,20
5.29204e+06,9,RTS,20
5.29211e+06,20,CTS,14
5.29217e+06,9,QOSDATA_TID6,1066
5.29236e+06,20,ACK,14
5.2924e+06,9,QOSDATA_TID6,1066
5.29258e+06,20,ACK,14
5.29263e+06,9,CTL,20
5.29272e+06,10,RTS,20
5.29272e+06,17,RTS,20
5.29278e+06,20,CTS,14
5.29284e+06,17,QOSDATA_TID6,1066
5.29303e+06,20,ACK,14
5.29307e+06,17,QOSDATA_TID6,1066
5.29326e+06,20,ACK,14
5.2933e+06,17,QOSDATA_TID6,1066
5.29348e+06,20,ACK,14
5.29353e+06,17,CTL,20
5.29362e+06,12,RTS,20
5.29362e+06,11,RTS,20
5.29362e+06,0,RTS,20
5.29362e+06,13,RTS,20
5.29362e+06,10,RTS,20
5.29362e+06,14,RTS,20
5.29372e+06,5,RTS,20
5.29379e+06,20,CTS,14
5.29385e+06,5,QOSDATA_TID6,1066
5.29403e+06,20,ACK,14
5.29408e+06,5,CTL,20
5.29416e+06,12,RTS,20
5.29416e+06,11,RTS,20
5.29416e+06,10,RTS,20
5.29416e+06,14,RTS,20
5.29423e+06,20,CTS,14
5.29429e+06,12,QOSDATA_TID6,1066
5.29447e+06,20,ACK,14
5.29452e+06,12,CTL,20
5.2946e+06,18,RTS,20
5.29467e+06,20,CTS,14
5.29473e+06,18,QOSDATA_TID6,1066
5.29492e+06,20,ACK,14
5.29496e+06,18,CTL,20
5.29505e+06,8,RTS,20
5.29511e+06,20,CTS,14
5.29517e+06,8,QOSDATA_TID6,1066
5.29536e+06,20,ACK,14
5.2954e+06,8,QOSDATA_TID6,1066
5.29559e+06,20,ACK,14
5.29563e+06,8,CTL,20
5.29572e+06,2,RTS,20
5.29572e+06,15,RTS,20
5.29582e+06,4,RTS,20
5.29589e+06,20,CTS,14
5.29595e+06,4,QOSDATA_TID6,1066
5.29614e+06,20,ACK,14
5.29618e+06,4,CTL,20
5.29626e+06,0,CTS,14
5.29626e+06,6,RTS,20
5.2964e+06,6,RTS,20
5.2964e+06,0,RTS,20
5.2965e+06,13,RTS,20
5.2965e+06,11,RTS,20
5.2965e+06,16,RTS,20
5.29661e+06,7,RTS,20
5.29661e+06,19,RTS,20
5.29661e+06,0,RTS,20
5.29673e+06,15,RTS,20
5.29679e+06,20,CTS,14
5.29685e+06,15,QOSDATA_TID6,1066
5.29704e+06,20,ACK,14
5.29708e+06,15,QOSDATA_TID6,1066
5.29727e+06,20,ACK,14
5.29731e+06,15,CTL,20
5.2974e+06,13,RTS,20
5.29746e+06,20,CTS,14
5.29752e+06,13,QOSDATA_TID6,1066
5.29771e+06,20,ACK,14
5.29775e+06,13,QOSDATA_TID6,1066
5.29794e+06,20,ACK,14
5.29798e+06,13,QOSDATA_TID6,1066
5.29816e+06,20,ACK,14
5.29821e+06,13,CTL,20
5.29829e+06,2,RTS,20
5.29836e+06,20,CTS,14
5.29842e+06,2,QOSDATA_TID6,1066
5.29861e+06,20,ACK,14
5.29865e+06,2,CTL,20
5.29874e+06,14,RTS,20
5.2988e+06,20,CTS,14
5.29886e+06,14,QOSDATA_TID6,1066
5.29905e+06,20,ACK,14
5.29909e+06,14,QOSDATA_TID6,1066
5.29928e+06,20,ACK,14
5.29932e+06,14,CTL,20
5.29941e+06,1,RTS,20
5.29941e+06,11,RTS,20
5.29941e+06,9,RTS,20
5.2995e+06,12,RTS,20
5.29957e+06,20,CTS,14
5.29963e+06,12,QOSDATA_TID6,1066
5.29982e+06,20,ACK,14
5.29986e+06,12,CTL,20
5.29995e+06,0,RTS,20
5.30002e+06,20,CTS,14
5.30008e+06,0,QOSDATA_TID6,1066
5.30026e+06,20,ACK,14
5.3003e+06,0,QOSDATA_TID6,1066
5.30049e+06,20,ACK,14
5.30053e+06,0,CTL,20
5.30062e+06,10,RTS,20
5.30062e+06,2,RTS,20
5.30062e+06,15,RTS,20
5.30062e+06,3,RTS,20
5.30062e+06,11,RTS,20
5.30062e+06,16,RTS,20
5.30072e+06,6,RTS,20
5.30078e+06,20,CTS,14
5.30084e+06,6,QOSDATA_TID6,1066
5.30103e+06,20,ACK,14
5.30107e+06,6,QOSDATA_TID6,1066
5.30126e+06,20,ACK,14
5.3013e+06,6,QOSDATA_TID6,1066
5.30148e+06,20,ACK,14
5.30153e+06,6,CTL,20
5.30161e+06,2,RTS,20
5.30161e+06,5,RTS,20
5.30161e+06,17,RTS,20
5.30161e+06,16,RTS,20
5.30172e+06,7,RTS,20
5.30172e+06,19,RTS,20
5.30172e+06,15,RTS,20
5.30183e+06,10,RTS,20
5.3019e+06,20,CTS,14
5.30196e+06,10,QOSDATA_TID6,1066
5.30214e+06,20,ACK,14
5.30218e+06,10,QOSDATA_TID6,1066
5.30237e+06,20,ACK,14
5.30241e+06,10,CTL,20
5.3025e+06,11,RTS,20
5.3025e+06,4,RTS,20
5.3026e+06,3,RTS,20
5.30266e+06,20,CTS,14
5.30272e+06,3,QOSDATA_TID6,1066
5.30291e+06,20,ACK,14
5.30295e+06,3,CTL,20
5.30304e+06,7,RTS,20
5.30304e+06,15,RTS,20
5.30314e+06,9,RTS,20
5.3032e+06,20,CTS,14
5.30326e+06,9,QOSDATA_TID6,1066
5.30345e+06,20,ACK,14
5.30349e+06,9,CTL,20
5.30358e+06,2,RTS,20
5.30358e+06,18,RTS,20
5.30358e+06,15,RTS,20
5.30368e+06,8,RTS,20
5.30368e+06,16,RTS,20
5.30374e+06,20,CTS,14
5.3038e+06,8,QOSDATA_TID6,1066
5.30399e+06,20,ACK,14
5.30403e+06,8,CTL,20
5.30413e+06,5,RTS,20
5.30413e+06,14,RTS,20
5.30419e+06,20,CTS,14
5.30425e+06,5,QOSDATA_TID6,1066
5.30444e+06,20,ACK,14
5.30448e+06,5,CTL,20
5.30457e+06,14,RTS,20
5.30464e+06,20,CTS,14
5.3047e+06,14,QOSDATA_TID6,1066
5.30488e+06,20,ACK,14
5.30492e+06,14,CTL,20
5.30502e+06,11,RTS,20
5.30509e+06,20,CTS,14
5.30515e+06,11,QOSDATA_TID6,1066
5.30533e+06,20,ACK,14
5.30538e+06,11,QOSDATA_TID6,1066
5.30556e+06,20,ACK,14
5.3056e+06,11,CTL,20
5.30569e+06,16,RTS,20
5.30569e+06,13,RTS,20
5.3058e+06,18,RTS,20
5.30586e+06,20,CTS,14
5.30592e+06,18,QOSDATA_TID6,1066
5.30611e+06,20,ACK,14
5.30615e+06,18,CTL,20
5.30624e+06,2,RTS,20
5.30624e+06,7,RTS,20
5.30624e+06,16,RTS,20
5.30634e+06,1,RTS,20
5.30634e+06,15,RTS,20
5.30648e+06,7,RTS,20
5.30655e+06,20,CTS,14
5.30661e+06,7,QOSDATA_TID6,1066
5.30679e+06,20,ACK,14
5.30684e+06,7,QOSDATA_TID6,1066
5.30702e+06,20,ACK,14
5.30706e+06,7,QOSDATA_TID6,1066
5.30725e+06,20,ACK,14
5.30729e+06,7,CTL,20
5.30738e+06,12,RTS,20
5.30738e+06,16,RTS,20
5.30738e+06,3,RTS,20
5.30745e+06,20,CTS,14
5.30751e+06,12,QOSDATA_TID6,1066
5.30769e+06,20,ACK,14
5.30773e+06,12,CTL,20
5.30782e+06,0,RTS,20
5.30789e+06,20,CTS,14
5.30795e+06,0,QOSDATA_TID6,1066
5.30813e+06,20,ACK,14
5.30818e+06,0,CTL,20
5.30826e+06,9,RTS,20
5.30826e+06,11,RTS,20
5.30826e+06,4,RTS,20
5.30836e+06,6,RTS,20
5.30843e+06,20,CTS,14
5.30849e+06,6,QOSDATA_TID6,1066
5.30867e+06,20,ACK,14
5.30872e+06,6,CTL,20
5.3088e+06,13,RTS,20
5.3088e+06,16,RTS,20
5.30893e+06,10,RTS,20
5.309e+06,20,CTS,14
5.30906e+06,10,QOSDATA_TID6,1066
5.30924e+06,20,ACK,14
5.30928e+06,10,CTL,20
5.30938e+06,2,RTS,20
5.30938e+06,3,RTS,20
5.30938e+06,5,RTS,20
5.30938e+06,19,RTS,20
5.30938e+06,17,RTS,20
5.30938e+06,4,RTS,20
5.30949e+06,11,RTS,20
5.30949e+06,15,RTS,20
5.30961e+06,3,RTS,20
5.30961e+06,9,RTS,20
5.30972e+06,15,RTS,20
5.30978e+06,20,CTS,14
5.30984e+06,15,QOSDATA_TID6,1066
5.31003e+06,20,ACK,14
5.31007e+06,15,QOSDATA_TID6,1066
5.31026e+06,20,ACK,14
5.3103e+06,15,CTL,20
5.31039e+06,5,RTS,20
5.31039e+06,17,RTS,20
5.31039e+06,19,RTS,20
5.31048e+06,1,RTS,20
5.31055e+06,20,CTS,14
5.31061e+06,1,QOSDATA_TID6,1066
5.3108e+06,20,ACK,14
5.31084e+06,1,QOSDATA_TID6,1066
5.31102e+06,20,ACK,14
5.31107e+06,1,CTL,20
5.31116e+06,8,RTS,20
5.31116e+06,19,RTS,20
5.31116e+06,2,RTS,20
5.31116e+06,9,RTS,20
5.31116e+06,18,RTS,20
5.31116e+06,14,RTS,20
5.31125e+06,11,RTS,20
5.31125e+06,16,RTS,20
5.31135e+06,4,RTS,20
5.31135e+06,13,RTS,20
5.31146e+06,17,RTS,20
5.31146e+06,8,RTS,20
5.31146e+06,2,RTS,20
5.31156e+06,5,RTS,20
5.31163e+06,20,CTS,14
5.31169e+06,5,QOSDATA_TID6,1066
5.31188e+06,20,ACK,14
5.31192e+06,5,CTL,20
5.31201e+06,17,RTS,20
5.31201e+06,14,RTS,20
5.31208e+06,20,CTS,14
5.31214e+06,17,QOSDATA_TID6,1066
5.31232e+06,20,ACK,14
5.31236e+06,17,QOSDATA_TID6,1066
5.31255e+06,20,ACK,14
5.31259e+06,17,CTL,20
5.31268e+06,14,RTS,20
5.31274e+06,20,CTS,14
5.3128e+06,14,QOSDATA_TID6,1066
5.31299e+06,20,ACK,14
5.31303e+06,14,CTL,20
5.31312e+06,2,RTS,20
5.31312e+06,11,RTS,20
5.31323e+06,19,RTS,20
5.31329e+06,20,CTS,14
5.31335e+06,19,QOSDATA_TID6,1066
5.31354e+06,20,ACK,14
5.31358e+06,19,QOSDATA_TID6,1066
5.31377e+06,20,ACK,14
5.31381e+06,19,QOSDATA_TID6,1066
5.31399e+06,20,ACK,14
5.31404e+06,19,CTL,20
5.31413e+06,16,RTS,20
5.31413e+06,2,RTS,20
5.31413e+06,3,RTS,20
5.31423e+06,13,RTS,20
5.3143e+06,20,CTS,14
5.31436e+06,13,QOSDATA_TID6,1066
5.31454e+06,20,ACK,14
5.31459e+06,13,QOSDATA_TID6,1066
5.31477e+06,20,ACK,14
5.31482e+06,13,CTL,20
5.31491e+06,12,RTS,20
5.31498e+06,20,CTS,14
5.31504e+06,12,QOSDATA_TID6,1066
5.31522e+06,20,ACK,14
5.31527e+06,12,CTL,20
5.31535e+06,7,RTS,20
5.31535e+06,8,RTS,20
5.31535e+06,17,RTS,20
5.31535e+06,1,RTS,20
5.31535e+06,19,RTS,20
5.31546e+06,11,RTS,20
5.31546e+06,4,RTS,20
5.31546e+06,18,RTS,20
5.31546e+06,0,RTS,20
5.31546e+06,9,RTS,20
5.31546e+06,6,RTS,20
5.31557e+06,16,RTS,20
5.31564e+06,20,CTS,14
5.3157e+06,16,QOSDATA_TID6,1066
5.31588e+06,20,ACK,14
5.31592e+06,16,QOSDATA_TID6,1066
5.31611e+06,20,ACK,14
5.31615e+06,16,QOSDATA_TID6,1066
5.31634e+06,20,ACK,14
5.31638e+06,16,CTL,20
5.31646e+06,7,RTS,20
5.31646e+06,2,RTS,20
5.31657e+06,1,RTS,20
5.31664e+06,20,CTS,14
5.3167e+06,1,QOSDATA_TID6,1066
5.31688e+06,20,ACK,14
5.31693e+06,1,CTL,20
5.31701e+06,17,RTS,20
5.31701e+06,19,RTS,20
5.31701e+06,10,RTS,20
5.31708e+06,20,CTS,14
5.31714e+06,17,QOSDATA_TID6,1066
5.31733e+06,20,ACK,14
5.31737e+06,17,CTL,20
5.31746e+06,4,RTS,20
5.31752e+06,20,CTS,14
5.31758e+06,4,QOSDATA_TID6,1066
5.31777e+06,20,ACK,14
5.31781e+06,4,QOSDATA_TID6,1066
5.318e+06,20,ACK,14
5.31804e+06,4,QOSDATA_TID6,1066
5.31822e+06,20,ACK,14
5.31827e+06,4,CTL,20
5.31835e+06,8,RTS,20
5.31835e+06,5,RTS,20
5.31835e+06,15,RTS,20
5.31835e+06,9,RTS,20
5.31835e+06,6,RTS,20
5.31845e+06,7,RTS,20
5.31852e+06,20,CTS,14
5.31858e+06,7,QOSDATA_TID6,1066
5.31876e+06,20,ACK,14
5.31881e+06,7,CTL,20
5.31889e+06,11,RTS,20
5.31889e+06,10,RTS,20
5.31901e+06,15,RTS,20
5.31908e+06,20,CTS,14
5.31914e+06,15,QOSDATA_TID6,1066
5.31932e+06,20,ACK,14
5.31937e+06,15,CTL,20
5.31946e+06,11,RTS,20
5.31953e+06,20,CTS,14
5.31959e+06,11,QOSDATA_TID6,1066
5.31977e+06,20,ACK,14
5.31982e+06,11,QOSDATA_TID6,1066
5.32e+06,20,ACK,14
5.32004e+06,11,CTL,20
5.32013e+06,18,RTS,20
5.3202e+06,20,CTS,14
5.32026e+06,18,QOSDATA_TID6,1066
5.32044e+06,20,ACK,14
5.32049e+06,18,QOSDATA_TID6,1066
5.32067e+06,20,ACK,14
5.32072e+06,18,CTL,20
5.3208e+06,14,RTS,20
5.32087e+06,20,CTS,14
5.32093e+06,14,QOSDATA_TID6,1066
5.32111e+06,20,ACK,14
5.32116e+06,14,CTL,20
5.32124e+06,2,RTS,20
5.32124e+06,3,RTS,20
5.32131e+06,20,CTS,14
5.32137e+06,2,QOSDATA_TID6,1066
5.32156e+06,20,ACK,14
5.3216e+06,2,QOSDATA_TID6,1066
5.32178e+06,20,ACK,14
5.32183e+06,2,CTL,20
5.32191e+06,16,RTS,20
5.32198e+06,20,CTS,14
5.32204e+06,16,QOSDATA_TID6,1066
5.32223e+06,20,ACK,14
5.32227e+06,16,CTL,20
5.32236e+06,7,RTS,20
5.32236e+06,19,RTS,20
5.32236e+06,6,RTS,20
5.32246e+06,10,RTS,20
5.32246e+06,9,RTS,20
5.32257e+06,8,RTS,20
5.32257e+06,12,RTS,20
5.32257e+06,13,RTS,20
5.32268e+06,0,RTS,20
5.32268e+06,3,RTS,20
5.32274e+06,20,CTS,14
5.3228e+06,0,QOSDATA_TID6,1066
5.32299e+06,20,ACK,14
5.32303e+06,0,QOSDATA_TID6,1066
5.32322e+06,20,ACK,14
5.32326e+06,0,CTL,20
5.32335e+06,17,RTS,20
5.32335e+06,11,RTS,20
5.32342e+06,20,CTS,14
5.32348e+06,17,QOSDATA_TID6,1066
5.32366e+06,20,ACK,14
5.3237e+06,17,CTL,20
5.3238e+06,1,RTS,20
5.3238e+06,7,RTS,20
5.3238e+06,13,RTS,20
5.32391e+06,10,RTS,20
5.32398e+06,20,CTS,14
5.32404e+06,10,QOSDATA_TID6,1066
5.32423e+06,20,ACK,14
5.32427e+06,10,CTL,20
5.32436e+06,6,RTS,20
5.32442e+06,20,CTS,14
5.32448e+06,6,QOSDATA_TID6,1066
5.32467e+06,20,ACK,14
5.32471e+06,6,QOSDATA_TID6,1066
5.3249e+06,20,ACK,14
5.32494e+06,6,CTL,20
5.32503e+06,15,RTS,20
5.32503e+06,10,RTS,20
5.32509e+06,20,CTS,14
5.32515e+06,15,QOSDATA_TID6,1066
5.32534e+06,20,ACK,14
5.32538e+06,15,CTL,20
5.32548e+06,5,RTS,20
5.32548e+06,8,RTS,20
5.32548e+06,9,RTS,20
5.32554e+06,20,CTS,14
5.3256e+06,5,QOSDATA_TID6,1066
5.32579e+06,20,ACK,14
5.32583e+06,5,QOSDATA_TID6,1066
5.32602e+06,20,ACK,14
5.32606e+06,5,CTL,20
5.32615e+06,4,RTS,20
5.32615e+06,13,RTS,20
5.32625e+06,8,RTS,20
5.32625e+06,2,RTS,20
5.32625e+06,9,RTS,20
5.32632e+06,20,CTS,14
5.32638e+06,8,QOSDATA_TID6,1066
5.32657e+06,20,ACK,14
5.32661e+06,8,QOSDATA_TID6,1066
5.32679e+06,20,ACK,14
5.32684e+06,8,QOSDATA_TID6,1066
5.32702e+06,20,ACK,14
5.32707e+06,8,CTL,20
5.32715e+06,14,RTS,20
5.32722e+06,20,CTS,14
5.32728e+06,14,QOSDATA_TID6,1066
5.32746e+06,20,ACK,14
5.32751e+06,14,CTL,20
5.32759e+06,9,RTS,20
5.32766e+06,20,CTS,14
5.32772e+06,9,QOSDATA_TID6,1066
5.32791e+06,20,ACK,14
5.32795e+06,9,QOSDATA_TID6,1066
5.32813e+06,20,ACK,14
5.32818e+06,9,CTL,20
5.32826e+06,11,RTS,20
5.32826e+06,7,RTS,20
5.32833e+06,20,CTS,14
5.32839e+06,7,QOSDATA_TID6,1066
5.32858e+06,20,ACK,14
5.32862e+06,7,CTL,20
5.32871e+06,18,RTS,20
5.32877e+06,20,CTS,14
5.32883e+06,18,QOSDATA_TID6,1066
5.32902e+06,20,ACK,14
5.32906e+06,18,CTL,20
5.32915e+06,10,RTS,20
5.32915e+06,3,RTS,20
5.32915e+06,1,RTS,20
5.32915e+06,16,RTS,20
5.32925e+06,12,RTS,20
5.32931e+06,20,CTS,14
5.32937e+06,12,QOSDATA_TID6,1066
5.32956e+06,20,ACK,14
5.3296e+06,12,CTL,20
5.32969e+06,0,RTS,20
5.32976e+06,20,CTS,14
5.32982e+06,0,QOSDATA_TID6,1066
5.33e+06,20,ACK,14
5.33004e+06,0,CTL,20
5.33013e+06,10,RTS,20
5.33013e+06,9,RTS,20
5.33013e+06,4,RTS,20
5.33024e+06,19,RTS,20
5.33031e+06,20,CTS,14
5.33037e+06,19,QOSDATA_TID6,1066
5.33055e+06,20,ACK,14
5.33059e+06,19,QOSDATA_TID6,1066
5.33078e+06,20,ACK,14
5.33082e+06,19,CTL,20
5.33091e+06,1,RTS,20
5.33091e+06,2,RTS,20
5.33091e+06,4,RTS,20
5.33091e+06,10,RTS,20
5.33101e+06,9,RTS,20
5.33107e+06,20,CTS,14
5.33113e+06,9,QOSDATA_TID6,1066
5.33132e+06,20,ACK,14
5.33136e+06,9,CTL,20
5.33145e+06,6,RTS,20
5.33145e+06,7,RTS,20
5.33145e+06,4,RTS,20
5.33145e+06,13,RTS,20
5.33156e+06,17,RTS,20
5.33156e+06,2,RTS,20
5.33162e+06,20,CTS,14
5.33168e+06,17,QOSDATA_TID6,1066
5.33187e+06,20,ACK,14
5.33191e+06,17,CTL,20
5.33201e+06,11,RTS,20
5.33207e+06,20,CTS,14
5.33213e+06,11,QOSDATA_TID6,1066
5.33232e+06,20,ACK,14
5.33236e+06,11,QOSDATA_TID6,1066
5.33255e+06,20,ACK,14
5.33259e+06,11,CTL,20
5.33268e+06,12,RTS,20
5.33268e+06,19,RTS,20
5.33268e+06,5,RTS,20
5.33268e+06,2,RTS,20
5.33277e+06,15,RTS,20
5.33277e+06,13,RTS,20
5.33287e+06,19,RTS,20
5.33294e+06,20,CTS,14
5.333e+06,19,QOSDATA_TID6,1066
5.33318e+06,20,ACK,14
5.33323e+06,19,CTL,20
5.33331e+06,1,RTS,20
5.33331e+06,12,RTS,20
5.33331e+06,16,RTS,20
5.33338e+06,20,CTS,14
5.33344e+06,12,QOSDATA_TID6,1066
5.33363e+06,20,ACK,14
5.33367e+06,12,CTL,20
5.33376e+06,2,RTS,20
5.33376e+06,3,RTS,20
5.33382e+06,20,CTS,14
5.33388e+06,2,QOSDATA_TID6,1066
5.33407e+06,20,ACK,14
5.33411e+06,2,QOSDATA_TID6,1066
5.3343e+06,20,ACK,14
5.33434e+06,2,CTL,20
5.33443e+06,3,RTS,20
5.33443e+06,15,RTS,20
5.33443e+06,16,RTS,20
5.33443e+06,4,RTS,20
5.33452e+06,13,RTS,20
5.33459e+06,20,CTS,14
5.33465e+06,13,QOSDATA_TID6,1066
5.33484e+06,20,ACK,14
5.33488e+06,13,QOSDATA_TID6,1066
5.33506e+06,20,ACK,14
5.33511e+06,13,CTL,20
5.33519e+06,1,RTS,20
5.33519e+06,18,RTS,20
5.33526e+06,20,CTS,14
5.33532e+06,1,QOSDATA_TID6,1066
5.33551e+06,20,ACK,14
5.33555e+06,1,QOSDATA_TID6,1066
5.33573e+06,20,ACK,14
5.33578e+06,1,CTL,20
5.33587e+06,18,RTS,20
5.33587e+06,6,RTS,20
5.33597e+06,5,RTS,20
5.33597e+06,8,RTS,20
5.33597e+06,7,RTS,20
5.33609e+06,14,RTS,20
5.33609e+06,15,RTS,20
5.33619e+06,8,RTS,20
5.33619e+06,10,RTS,20
5.33619e+06,16,RTS,20
5.33626e+06,20,CTS,14
5.33632e+06,8,QOSDATA_TID6,1066
5.3365e+06,20,ACK,14
5.33654e+06,8,CTL,20
5.33663e+06,14,RTS,20
5.3367e+06,20,CTS,14
5.33676e+06,14,QOSDATA_TID6,1066
5.33694e+06,20,ACK,14
5.33699e+06,14,CTL,20
5.33707e+06,6,RTS,20
5.33707e+06,5,RTS,20
5.33714e+06,20,CTS,14
5.3372e+06,5,QOSDATA_TID6,1066
5.33738e+06,20,ACK,14
5.33743e+06,5,CTL,20
5.33752e+06,0,RTS,20
5.33759e+06,20,CTS,14
5.33765e+06,0,QOSDATA_TID6,1066
5.33784e+06,20,ACK,14
5.33788e+06,0,CTL,20
5.33797e+06,13,RTS,20
5.33797e+06,4,RTS,20
5.33806e+06,18,RTS,20
5.33813e+06,20,CTS,14
5.33819e+06,18,QOSDATA_TID6,1066
5.33838e+06,20,ACK,14
5.33842e+06,18,CTL,20
5.33851e+06,7,RTS,20
5.33858e+06,20,CTS,14
5.33864e+06,7,QOSDATA_TID6,1066
5.33882e+06,20,ACK,14
5.33886e+06,7,QOSDATA_TID6,1066
5.33905e+06,20,ACK,14
5.33909e+06,7,CTL,20
5.33918e+06,11,RTS,20
5.33918e+06,1,RTS,20
5.33918e+06,15,RTS,20
5.33918e+06,19,RTS,20
5.33918e+06,3,RTS,20
5.33918e+06,10,RTS,20
5.33928e+06,12,RTS,20
5.33928e+06,13,RTS,20
5.33935e+06,20,CTS,14
5.33941e+06,12,QOSDATA_TID6,1066
5.3396e+06,20,ACK,14
5.33964e+06,12,CTL,20
5.33973e+06,19,RTS,20
5.33973e+06,15,RTS,20
5.33973e+06,6,RTS,20
5.33973e+06,10,RTS,20
5.33983e+06,9,RTS,20
5.3399e+06,20,CTS,14
5.33996e+06,9,QOSDATA_TID6,1066
5.34014e+06,20,ACK,14
5.34019e+06,9,CTL,20
5.34028e+06,6,RTS,20
5.34034e+06,20,CTS,14
5.3404e+06,6,QOSDATA_TID6,1066
5.34059e+06,20,ACK,14
5.34063e+06,6,QOSDATA_TID6,1066
5.34082e+06,20,ACK,14
5.34086e+06,6,CTL,20
5.34094e+06,20,BEACON,152
5.3412e+06,17,RTS,20
5.3412e+06,1,RTS,20
5.3412e+06,15,RTS,20
5.3412e+06,13,RTS,20
5.3413e+06,2,RTS,20
5.3413e+06,3,RTS,20
5.34136e+06,20,CTS,14
5.34142e+06,2,QOSDATA_TID6,1066
5.34161e+06,20,ACK,14
5.34165e+06,2,CTL,20
5.34174e+06,19,RTS,20
5.34174e+06,1,RTS,20
5.34184e+06,4,RTS,20
5.34184e+06,10,RTS,20
5.34194e+06,19,RTS,20
5.34201e+06,20,CTS,14
5.34207e+06,19,QOSDATA_TID6,1066
5.34226e+06,20,ACK,14
5.3423e+06,19,CTL,20
5.34239e+06,17,RTS,20
5.34239e+06,5,RTS,20
5.34239e+06,16,RTS,20
5.34239e+06,4,RTS,20
5.34239e+06,10,RTS,20
5.34239e+06,15,RTS,20
5.34249e+06,11,RTS,20
5.34256e+06,20,CTS,14
5.34262e+06,11,QOSDATA_TID6,1066
5.3428e+06,20,ACK,14
5.34285e+06,11,CTL,20
5.34293e+06,4,RTS,20
5.34293e+06,1,RTS,20
5.343e+06,20,CTS,14
5.34306e+06,1,QOSDATA_TID6,1066
5.34325e+06,20,ACK,14
5.34329e+06,1,CTL,20
5.34338e+06,15,RTS,20
5.34344e+06,20,CTS,14
5.3435e+06,15,QOSDATA_TID6,1066
5.34369e+06,20,ACK,14
5.34373e+06,15,CTL,20
5.34382e+06,13,RTS,20
5.34382e+06,10,RTS,20
5.34392e+06,8,RTS,20
5.34398e+06,20,CTS,14
5.34404e+06,8,QOSDATA_TID6,1066
5.34423e+06,20,ACK,14
5.34427e+06,8,CTL,20
5.34437e+06,18,RTS,20
5.34444e+06,20,CTS,14
5.3445e+06,18,QOSDATA_TID6,1066
5.34468e+06,20,ACK,14
5.34472e+06,18,CTL,20
5.34481e+06,5,RTS,20
5.34481e+06,14,RTS,20
5.34481e+06,16,RTS,20
5.34488e+06,20,CTS,14
5.34494e+06,5,QOSDATA_TID6,1066
5.34512e+06,20,ACK,14
5.34517e+06,5,CTL,20
5.34525e+06,16,RTS,20
5.34532e+06,20,CTS,14
5.34538e+06,16,QOSDATA_TID6,1066
5.34556e+06,20,ACK,14
5.34561e+06,16,QOSDATA_TID6,1066
5.34579e+06,20,ACK,14
5.34584e+06,16,QOSDATA_TID6,1066
5.34602e+06,20,ACK,14
5.34606e+06,16,CTL,20
5.34615e+06,17,RTS,20
5.34615e+06,3,RTS,20
5.34622e+06,20,CTS,14
5.34628e+06,17,QOSDATA_TID6,1066
5.34646e+06,20,ACK,14
5.34651e+06,17,CTL,20
5.34659e+06,0,RTS,20
5.34659e+06,14,RTS,20
5.34666e+06,20,CTS,14
5.34672e+06,0,QOSDATA_TID6,1066
5.3469e+06,20,ACK,14
5.34695e+06,0,CTL,20
5.34703e+06,12,RTS,20
5.34703e+06,7,RTS,20
5.3471e+06,20,CTS,14
5.34716e+06,12,QOSDATA_TID6,1066
5.34735e+06,20,ACK,14
5.34739e+06,12,CTL,20
5.34748e+06,9,RTS,20
5.34754e+06,20,CTS,14
5.3476e+06,9,QOSDATA_TID6,1066
5.34779e+06,20,ACK,14
5.34783e+06,9,CTL,20
5.34792e+06,19,RTS,20
5.34792e+06,6,RTS,20
5.34802e+06,13,RTS,20
5.34809e+06,20,CTS,14
5.34815e+06,13,QOSDATA_TID6,1066
5.34834e+06,20,ACK,14
5.34838e+06,13,QOSDATA_TID6,1066
5.34856e+06,20,ACK,14
5.34861e+06,13,CTL,20
5.3487e+06,2,RTS,20
5.34876e+06,20,CTS,14
5.34882e+06,2,QOSDATA_TID6,1066
5.34901e+06,20,ACK,14
5.34905e+06,2,CTL,20
5.34914e+06,10,RTS,20
5.34914e+06,5,RTS,20
5.34914e+06,19,RTS,20
5.34914e+06,1,RTS,20
5.34914e+06,6,RTS,20
5.34914e+06,11,RTS,20
5.34914e+06,15,RTS,20
5.34914e+06,4,RTS,20
5.34924e+06,17,RTS,20
5.34924e+06,3,RTS,20
5.3493e+06,20,CTS,14
5.34936e+06,17,QOSDATA_TID6,1066
5.34955e+06,20,ACK,14
5.34959e+06,17,CTL,20
5.34968e+06,1,RTS,20
5.34968e+06,11,RTS,20
5.34974e+06,20,CTS,14
5.3498e+06,1,QOSDATA_TID6,1066
5.34999e+06,20,ACK,14
5.35003e+06,1,CTL,20
5.35012e+06,14,RTS,20
5.35019e+06,20,CTS,14
5.35025e+06,14,QOSDATA_TID6,1066
5.35043e+06,20,ACK,14
5.35048e+06,14,CTL,20
5.35056e+06,6,RTS,20
5.35056e+06,10,RTS,20
5.35056e+06,19,RTS,20
5.35068e+06,7,RTS,20
5.35074e+06,20,CTS,14
5.3508e+06,7,QOSDATA_TID6,1066
5.35099e+06,20,ACK,14
5.35103e+06,7,CTL,20
5.35112e+06,8,RTS,20
5.35119e+06,20,CTS,14
5.35125e+06,8,QOSDATA_TID6,1066
5.35143e+06,20,ACK,14
5.35148e+06,8,CTL,20
5.35156e+06,3,RTS,20
5.35156e+06,18,RTS,20
5.35156e+06,14,RTS,20
5.35166e+06,4,RTS,20
5.35173e+06,20,CTS,14
5.35179e+06,4,QOSDATA_TID6,1066
5.35197e+06,20,ACK,14
5.35202e+06,4,QOSDATA_TID6,1066
5.3522e+06,20,ACK,14
5.35224e+06,4,QOSDATA_TID6,1066
5.35243e+06,20,ACK,14
5.35247e+06,4,CTL,20
5.35256e+06,16,RTS,20
5.35262e+06,20,CTS,14
5.35269e+06,16,QOSDATA_TID6,1066
5.35287e+06,20,ACK,14
5.35291e+06,16,CTL,20
5.353e+06,5,RTS,20
5.35307e+06,20,CTS,14
5.35313e+06,5,QOSDATA_TID6,1066
5.35331e+06,20,ACK,14
5.35336e+06,5,CTL,20
5.35344e+06,11,RTS,20
5.35344e+06,0,RTS,20
5.35344e+06,18,RTS,20
5.35344e+06,14,RTS,20
5.35355e+06,7,RTS,20
5.35355e+06,3,RTS,20
5.35362e+06,20,CTS,14
5.35368e+06,7,QOSDATA_TID6,1066
5.35386e+06,20,ACK,14
5.3539e+06,7,CTL,20
5.35399e+06,18,RTS,20
5.35399e+06,3,RTS,20
5.35409e+06,11,RTS,20
5.35416e+06,20,CTS,14
5.35422e+06,11,QOSDATA_TID6,1066
5.3544e+06,20,ACK,14
5.35444e+06,11,CTL,20
5.35453e+06,12,RTS,20
5.3546e+06,20,CTS,14
5.35466e+06,12,QOSDATA_TID6,1066
5.35484e+06,20,ACK,14
5.35489e+06,12,CTL,20
5.35497e+06,13,RTS,20
5.35497e+06,15,RTS,20
5.35497e+06,0,RTS,20
5.35497e+06,6,RTS,20
5.35497e+06,3,RTS,20
5.35508e+06,19,RTS,20
5.35508e+06,11,RTS,20
5.35519e+06,13,RTS,20
5.35519e+06,0,CTS,14
5.3553e+06,1,RTS,20
5.35537e+06,20,CTS,14
5.35543e+06,1,QOSDATA_TID6,1066
5.35562e+06,20,ACK,14
5.35566e+06,1,CTL,20
5.35575e+06,17,RTS,20
5.35575e+06,9,RTS,20
5.35582e+06,20,CTS,14
5.35588e+06,17,QOSDATA_TID6,1066
5.35607e+06,20,ACK,14
5.35611e+06,17,CTL,20
5.3562e+06,14,RTS,20
5.35627e+06,20,CTS,14
5.35633e+06,14,QOSDATA_TID6,1066
5.35652e+06,20,ACK,14
5.35656e+06,14,CTL,20
5.35665e+06,13,RTS,20
5.35665e+06,5,RTS,20
5.35672e+06,20,CTS,14
5.35678e+06,5,QOSDATA_TID6,1066
5.35696e+06,20,ACK,14
5.357e+06,5,CTL,20
5.3571e+06,2,RTS,20
5.3571e+06,10,RTS,20
5.3571e+06,15,RTS,20
5.3571e+06,13,RTS,20
5.35721e+06,6,RTS,20
5.35721e+06,18,RTS,20
5.35721e+06,4,RTS,20
5.35731e+06,13,RTS,20
5.35738e+06,20,CTS,14
5.35744e+06,13,QOSDATA_TID6,1066
5.35762e+06,20,ACK,14
5.35767e+06,13,CTL,20
5.35775e+06,15,RTS,20
5.35775e+06,18,RTS,20
5.35775e+06,10,RTS,20
5.35787e+06,2,RTS,20
5.35787e+06,3,RTS,20
5.35787e+06,19,RTS,20
5.35799e+06,6,RTS,20
5.35805e+06,20,CTS,14
5.35811e+06,6,QOSDATA_TID6,1066
5.3583e+06,20,ACK,14
5.35834e+06,6,QOSDATA_TID6,1066
5.35853e+06,20,ACK,14
5.35857e+06,6,CTL,20
5.35866e+06,8,RTS,20
5.35872e+06,20,CTS,14
5.35878e+06,8,QOSDATA_TID6,1066
5.35897e+06,20,ACK,14
5.35901e+06,8,CTL,20
5.3591e+06,19,RTS,20
5.3591e+06,3,RTS,20
5.3591e+06,15,RTS,20
5.3592e+06,4,RTS,20
5.35927e+06,20,CTS,14
5.35933e+06,4,QOSDATA_TID6,1066
5.35952e+06,20,ACK,14
5.35956e+06,4,CTL,20
5.35965e+06,18,RTS,20
5.35972e+06,20,CTS,14
5.35978e+06,18,QOSDATA_TID6,1066
5.35996e+06,20,ACK,14
5.36e+06,18,QOSDATA_TID6,1066
5.36019e+06,20,ACK,14
5.36023e+06,18,CTL,20
5.36032e+06,14,RTS,20
5.36039e+06,20,CTS,14
5.36045e+06,14,QOSDATA_TID6,1066
5.36063e+06,20,ACK,14
5.36067e+06,14,CTL,20
5.36076e+06,2,RTS,20
5.36076e+06,3,RTS,20
5.36083e+06,20,CTS,14
5.36089e+06,2,QOSDATA_TID6,1066
5.36107e+06,20,ACK,14
5.36112e+06,2,CTL,20
5.3612e+06,19,RTS,20
5.3612e+06,0,RTS,20
5.3612e+06,11,RTS,20
5.3613e+06,9,RTS,20
5.36137e+06,20,CTS,14
5.36143e+06,9,QOSDATA_TID6,1066
5.36161e+06,20,ACK,14
5.36166e+06,9,CTL,20
5.36174e+06,7,RTS,20
5.36181e+06,20,CTS,14
5.36187e+06,7,QOSDATA_TID6,1066
5.36205e+06,20,ACK,14
5.3621e+06,7,CTL,20
5.36218e+06,13,RTS,20
5.36218e+06,16,RTS,20
5.36218e+06,10,RTS,20
5.36232e+06,10,RTS,20
5.36238e+06,20,CTS,14
5.36244e+06,10,QOSDATA_TID6,1066
5.36263e+06,20,ACK,14
5.36267e+06,10,QOSDATA_TID6,1066
5.36286e+06,20,ACK,14
5.3629e+06,10,QOSDATA_TID6,1066
5.36308e+06,20,ACK,14
5.36313e+06,10,CTL,20
5.36321e+06,16,RTS,20
5.36328e+06,20,CTS,14
5.36334e+06,16,QOSDATA_TID6,1066
5.36352e+06,20,ACK,14
5.36357e+06,16,CTL,20
5.36366e+06,6,RTS,20
5.36372e+06,20,CTS,14
5.36378e+06,6,QOSDATA_TID6,1066
5.36397e+06,20,ACK,14
5.36401e+06,6,CTL,20
5.3641e+06,15,RTS,20
5.3641e+06,9,RTS,20
5.3641e+06,13,RTS,20
5.3642e+06,1,RTS,20
5.3642e+06,12,RTS,20
5.36427e+06,20,CTS,14
5.36433e+06,12,QOSDATA_TID6,1066
5.36452e+06,20,ACK,14
5.36456e+06,12,CTL,20
5.36465e+06,17,RTS,20
5.36465e+06,9,RTS,20
5.36471e+06,20,CTS,14
5.36477e+06,17,QOSDATA_TID6,1066
5.36496e+06,20,ACK,14
5.365e+06,17,CTL,20
5.36509e+06,4,RTS,20
5.36516e+06,20,CTS,14
5.36522e+06,4,QOSDATA_TID6,1066
5.3654e+06,20,ACK,14
5.36544e+06,4,CTL,20
5.36553e+06,11,RTS,20
5.36553e+06,1,RTS,20
5.36553e+06,5,RTS,20
5.36553e+06,2,RTS,20
5.3656e+06,20,CTS,14
5.36566e+06,5,QOSDATA_TID6,1066
5.36584e+06,20,ACK,14
5.36589e+06,5,CTL,20
5.36597e+06,11,RTS,20
5.36604e+06,20,CTS,14
5.3661e+06,11,QOSDATA_TID6,1066
5.36628e+06,20,ACK,14
5.36633e+06,11,QOSDATA_TID6,1066
5.36651e+06,20,ACK,14
5.36656e+06,11,CTL,20
5.36664e+06,8,RTS,20
5.36664e+06,13,RTS,20
5.36664e+06,3,RTS,20
5.36664e+06,9,RTS,20
5.36664e+06,0,RTS,20
5.36664e+06,10,RTS,20
5.36675e+06,2,RTS,20
5.36682e+06,20,CTS,14
5.36688e+06,2,QOSDATA_TID6,1066
5.36706e+06,20,ACK,14
5.3671e+06,2,CTL,20
5.36719e+06,9,RTS,20
5.36719e+06,14,RTS,20
5.36733e+06,9,RTS,20
5.3674e+06,20,CTS,14
5.36746e+06,9,QOSDATA_TID6,1066
5.36764e+06,20,ACK,14
5.36769e+06,9,CTL,20
5.36778e+06,3,RTS,20
5.36778e+06,18,RTS,20
5.3679e+06,1,RTS,20
5.3679e+06,13,RTS,20
5.36797e+06,20,CTS,14
5.36803e+06,1,QOSDATA_TID6,1066
5.36821e+06,20,ACK,14
5.36826e+06,1,CTL,20
5.36835e+06,3,RTS,20
5.36842e+06,20,CTS,14
5.36848e+06,3,QOSDATA_TID6,1066
5.36866e+06,20,ACK,14
5.36871e+06,3,QOSDATA_TID6,1066
5.36889e+06,20,ACK,14
5.36893e+06,3,QOSDATA_TID6,1066
5.36912e+06,20,ACK,14
5.36916e+06,3,QOSDATA_TID6,1066
5.36935e+06,20,ACK,14
5.36939e+06,3,QOSDATA_TID6,1066
5.36957e+06,20,ACK,14
5.36962e+06,3,CTL,20
5.3697e+06,19,RTS,20
5.3697e+06,7,RTS,20
5.3697e+06,14,RTS,20
5.3698e+06,18,RTS,20
5.36987e+06,20,CTS,14
5.36993e+06,18,QOSDATA_TID6,1066
5.37011e+06,20,ACK,14
5.37016e+06,18,CTL,20
5.37025e+06,10,RTS,20
5.37025e+06,9,RTS,20
5.37025e+06,8,RTS,20
5.37025e+06,19,RTS,20
5.37025e+06,15,RTS,20
5.37025e+06,16,RTS,20
5.37038e+06,12,RTS,20
5.37038e+06,13,RTS,20
5.37045e+06,20,CTS,14
5.37051e+06,12,QOSDATA_TID6,1066
5.37069e+06,20,ACK,14
5.37073e+06,12,CTL,20
5.37082e+06,13,RTS,20
5.37082e+06,0,RTS,20
5.37089e+06,20,CTS,14
5.37095e+06,0,QOSDATA_TID6,1066
5.37113e+06,20,ACK,14
5.37118e+06,0,QOSDATA_TID6,1066
5.37136e+06,20,ACK,14
5.3714e+06,0,QOSDATA_TID6,1066
5.37159e+06,20,ACK,14
5.37163e+06,0,CTL,20
5.37172e+06,17,RTS,20
5.37172e+06,1,RTS,20
5.37172e+06,11,RTS,20
5.37182e+06,3,RTS,20
5.37188e+06,20,CTS,14
5.37194e+06,3,QOSDATA_TID6,1066
5.37213e+06,20,ACK,14
5.37217e+06,3,CTL,20
5.37226e+06,8,RTS,20
5.37226e+06,6,RTS,20
5.37226e+06,15,RTS,20
5.37236e+06,7,RTS,20
5.37236e+06,9,RTS,20
5.37243e+06,20,CTS,14
5.37249e+06,7,QOSDATA_TID6,1066
5.37268e+06,20,ACK,14
5.37272e+06,7,CTL,20
5.37281e+06,15,RTS,20
5.37281e+06,2,RTS,20
5.37292e+06,4,RTS,20
5.37299e+06,20,CTS,14
5.37305e+06,4,QOSDATA_TID6,1066
5.37324e+06,20,ACK,14
5.37328e+06,4,CTL,20
5.37336e+06,11,RTS,20
5.37343e+06,20,CTS,14
5.37349e+06,11,QOSDATA_TID6,1066
5.37368e+06,20,ACK,14
5.37372e+06,11,CTL,20
5.37381e+06,19,RTS,20
5.37381e+06,15,RTS,20
5.37381e+06,6,RTS,20
5.37391e+06,10,RTS,20
5.37398e+06,20,CTS,14
5.37404e+06,10,QOSDATA_TID6,1066
5.37423e+06,20,ACK,14
5.37427e+06,10,QOSDATA_TID6,1066
5.37445e+06,20,ACK,14
5.3745e+06,10,CTL,20
5.37458e+06,15,RTS,20
5.37465e+06,20,CTS,14
5.37471e+06,15,QOSDATA_TID6,1066
5.3749e+06,20,ACK,14
5.37494e+06,15,QOSDATA_TID6,1066
5.37512e+06,20,ACK,14
5.37517e+06,15,QOSDATA_TID6,1066
5.37535e+06,20,ACK,14
5.3754e+06,15,CTL,20
5.37548e+06,16,RTS,20
5.37555e+06,20,CTS,14
5.37561e+06,16,QOSDATA_TID6,1066
5.3758e+06,20,ACK,14
5.37584e+06,16,CTL,20
5.37592e+06,5,RTS,20
5.37592e+06,13,RTS,20
5.37592e+06,2,RTS,20
5.37592e+06,14,RTS,20
5.37599e+06,20,CTS,14
5.37605e+06,5,QOSDATA_TID6,1066
5.37624e+06,20,ACK,14
5.37628e+06,5,CTL,20
5.37637e+06,13,RTS,20
5.37644e+06,20,CTS,14
5.3765e+06,13,QOSDATA_TID6,1066
5.37668e+06,20,ACK,14
5.37672e+06,13,CTL,20
5.37681e+06,8,RTS,20
5.37681e+06,16,RTS,20
5.37681e+06,18,RTS,20
5.37688e+06,20,CTS,14
5.37694e+06,8,QOSDATA_TID6,1066
5.37712e+06,20,ACK,14
5.37716e+06,8,QOSDATA_TID6,1066
5.37735e+06,20,ACK,14
5.37739e+06,8,CTL,20
5.37748e+06,7,RTS,20
5.37755e+06,20,CTS,14
5.37761e+06,7,QOSDATA_TID6,1066
5.37779e+06,20,ACK,14
5.37784e+06,7,CTL,20
5.37792e+06,1,RTS,20
5.37792e+06,0,RTS,20
5.37792e+06,14,RTS,20
5.37803e+06,9,RTS,20
5.3781e+06,20,CTS,14
5.37816e+06,9,QOSDATA_TID6,1066
5.37834e+06,20,ACK,14
5.37838e+06,9,QOSDATA_TID6,1066
5.37857e+06,20,ACK,14
5.37861e+06,9,CTL,20
5.3787e+06,12,RTS,20
5.3787e+06,13,RTS,20
5.37877e+06,20,CTS,14
5.37883e+06,12,QOSDATA_TID6,1066
5.37901e+06,20,ACK,14
5.37905e+06,12,CTL,20
5.37914e+06,6,RTS,20
5.37921e+06,20,CTS,14
5.37927e+06,6,QOSDATA_TID6,1066
5.37945e+06,20,ACK,14
5.3795e+06,6,QOSDATA_TID6,1066
5.37968e+06,20,ACK,14
5.37972e+06,6,CTL,20
5.37981e+06,11,RTS,20
5.37988e+06,20,CTS,14
5.37994e+06,11,QOSDATA_TID6,1066
5.38012e+06,20,ACK,14
5.38017e+06,11,CTL,20
5.38025e+06,16,RTS,20
5.38025e+06,17,RTS,20
5.38025e+06,2,RTS,20
5.38032e+06,20,CTS,14
5.38038e+06,17,QOSDATA_TID6,1066
5.38056e+06,20,ACK,14
5.38061e+06,17,QOSDATA_TID6,1066
5.38079e+06,20,ACK,14
5.38084e+06,17,CTL,20
5.38093e+06,5,RTS,20
5.38093e+06,19,RTS,20
5.38093e+06,3,RTS,20
5.38093e+06,13,RTS,20
5.381e+06,20,CTS,14
5.38106e+06,5,QOSDATA_TID6,1066
5.38124e+06,20,ACK,14
5.38129e+06,5,CTL,20
5.38138e+06,16,RTS,20
5.38138e+06,0,RTS,20
5.38138e+06,13,RTS,20
5.3815e+06,15,RTS,20
5.38157e+06,20,CTS,14
5.38163e+06,15,QOSDATA_TID6,1066
5.38181e+06,20,ACK,14
5.38185e+06,15,CTL,20
5.38194e+06,0,CTS,14
5.38194e+06,16,RTS,20
5.38194e+06,3,RTS,20
5.38208e+06,0,RTS,20
5.38215e+06,20,CTS,14
5.38221e+06,0,QOSDATA_TID6,1066
5.38239e+06,20,ACK,14
5.38244e+06,0,CTL,20
5.38253e+06,2,RTS,20
5.38253e+06,10,RTS,20
5.38253e+06,4,RTS,20
5.38263e+06,19,RTS,20
5.38263e+06,18,RTS,20
5.38275e+06,3,RTS,20
5.38282e+06,20,CTS,14
5.38288e+06,3,QOSDATA_TID6,1066
5.38306e+06,20,ACK,14
5.3831e+06,3,CTL,20
5.38319e+06,4,RTS,20
5.38326e+06,20,CTS,14
5.38332e+06,4,QOSDATA_TID6,1066
5.3835e+06,20,ACK,14
5.38355e+06,4,CTL,20
5.38363e+06,8,RTS,20
5.38363e+06,10,RTS,20
5.3837e+06,20,CTS,14
5.38376e+06,8,QOSDATA_TID6,1066
5.38395e+06,20,ACK,14
5.38399e+06,8,CTL,20
5.38408e+06,14,RTS,20
5.38414e+06,20,CTS,14
5.3842e+06,14,QOSDATA_TID6,1066
5.38439e+06,20,ACK,14
5.38443e+06,14,QOSDATA_TID6,1066
5.38462e+06,20,ACK,14
5.38466e+06,14,QOSDATA_TID6,1066
5.38484e+06,20,ACK,14
5.38489e+06,14,CTL,20
5.38497e+06,13,RTS,20
5.38497e+06,1,RTS,20
5.38504e+06,20,CTS,14
5.3851e+06,1,QOSDATA_TID6,1066
5.38529e+06,20,ACK,14
5.38533e+06,1,QOSDATA_TID6,1066
5.38551e+06,20,ACK,14
5.38556e+06,1,CTL,20
5.38564e+06,7,RTS,20
5.38564e+06,0,RTS,20
5.38574e+06,9,RTS,20
5.38581e+06,20,CTS,14
5.38587e+06,9,QOSDATA_TID6,1066
5.38605e+06,20,ACK,14
5.3861e+06,9,CTL,20
5.38619e+06,7,RTS,20
5.38626e+06,20,CTS,14
5.38632e+06,7,QOSDATA_TID6,1066
5.3865e+06,20,ACK,14
5.38655e+06,7,CTL,20
5.38664e+06,12,RTS,20
5.38664e+06,2,RTS,20
5.38664e+06,3,RTS,20
5.3867e+06,20,CTS,14
5.38676e+06,12,QOSDATA_TID6,1066
5.38695e+06,20,ACK,14
5.38699e+06,12,CTL,20
5.38708e+06,2,RTS,20
5.38708e+06,6,RTS,20
5.38718e+06,11,RTS,20
5.38718e+06,16,RTS,20
5.38727e+06,18,RTS,20
5.38734e+06,20,CTS,14
5.3874e+06,18,QOSDATA_TID6,1066
5.38758e+06,20,ACK,14
5.38763e+06,18,QOSDATA_TID6,1066
5.38781e+06,20,ACK,14
5.38786e+06,18,CTL,20
5.38794e+06,19,RTS,20
5.38794e+06,1,RTS,20
5.38804e+06,17,RTS,20
5.38804e+06,13,RTS,20
5.38811e+06,20,CTS,14
5.38817e+06,17,QOSDATA_TID6,1066
5.38835e+06,20,ACK,14
5.3884e+06,17,CTL,20
5.38849e+06,11,RTS,20
5.38849e+06,2,RTS,20
5.38861e+06,5,RTS,20
5.38868e+06,20,CTS,14
5.38874e+06,5,QOSDATA_TID6,1066
5.38892e+06,20,ACK,14
5.38896e+06,5,CTL,20
5.38906e+06,15,RTS,20
5.38913e+06,20,CTS,14
5.38919e+06,15,QOSDATA_TID6,1066
5.38937e+06,20,ACK,14
5.38942e+06,15,CTL,20
5.3895e+06,6,RTS,20
5.3895e+06,0,RTS,20
5.3895e+06,19,RTS,20
5.3895e+06,10,RTS,20
5.38962e+06,2,RTS,20
5.38968e+06,20,CTS,14
5.38974e+06,2,QOSDATA_TID6,1066
5.38993e+06,20,ACK,14
5.38997e+06,2,QOSDATA_TID6,1066
5.39016e+06,20,ACK,14
5.3902e+06,2,CTL,20
5.39029e+06,3,RTS,20
5.39029e+06,18,RTS,20
5.39029e+06,13,RTS,20
5.39038e+06,19,RTS,20
5.39045e+06,20,CTS,14
5.39051e+06,19,QOSDATA_TID6,1066
5.3907e+06,20,ACK,14
5.39074e+06,19,QOSDATA_TID6,1066
5.39092e+06,20,ACK,14
5.39097e+06,19,QOSDATA_TID6,1066
5.39115e+06,20,ACK,14
5.3912e+06,19,QOSDATA_TID6,1066
5.39138e+06,20,ACK,14
5.39143e+06,19,CTL,20
5.39151e+06,4,RTS,20
5.39158e+06,20,CTS,14
5.39164e+06,4,QOSDATA_TID6,1066
5.39182e+06,20,ACK,14
5.39187e+06,4,CTL,20
5.39195e+06,11,RTS,20
5.39195e+06,1,RTS,20
5.39195e+06,8,RTS,20
5.39195e+06,14,RTS,20
5.39195e+06,18,RTS,20
5.39208e+06,13,RTS,20
5.39215e+06,20,CTS,14
5.39221e+06,13,QOSDATA_TID6,1066
5.39239e+06,20,ACK,14
5.39244e+06,13,QOSDATA_TID6,1066
5.39262e+06,20,ACK,14
5.39266e+06,13,CTL,20
5.39276e+06,0,CTS,14
5.39276e+06,3,RTS,20
5.39284e+06,0,RTS,20
5.39291e+06,20,CTS,14
5.39297e+06,0,QOSDATA_TID6,1066
5.39316e+06,20,ACK,14
5.3932e+06,0,QOSDATA_TID6,1066
5.39338e+06,20,ACK,14
5.39343e+06,0,CTL,20
5.39351e+06,8,RTS,20
5.39351e+06,7,RTS,20
5.39351e+06,11,RTS,20
5.39351e+06,16,RTS,20
5.39362e+06,3,RTS,20
5.39362e+06,6,RTS,20
5.39362e+06,14,RTS,20
5.39362e+06,10,RTS,20
5.39373e+06,16,RTS,20
5.3938e+06,20,CTS,14
5.39386e+06,16,QOSDATA_TID6,1066
5.39404e+06,20,ACK,14
5.39408e+06,16,QOSDATA_TID6,1066
5.39427e+06,20,ACK,14
5.39431e+06,16,QOSDATA_TID6,1066
5.3945e+06,20,ACK,14
5.39454e+06,16,CTL,20
5.39463e+06,11,RTS,20
5.39463e+06,8,RTS,20
5.39463e+06,3,RTS,20
5.39469e+06,20,CTS,14
5.39475e+06,8,QOSDATA_TID6,1066
5.39494e+06,20,ACK,14
5.39498e+06,8,CTL,20
5.39507e+06,13,RTS,20
5.39514e+06,20,CTS,14
5.3952e+06,13,QOSDATA_TID6,1066
5.39538e+06,20,ACK,14
5.39542e+06,13,CTL,20
5.39551e+06,19,RTS,20
5.39551e+06,3,RTS,20
5.39558e+06,20,CTS,14
5.39564e+06,19,QOSDATA_TID6,1066
5.39582e+06,20,ACK,14
5.39587e+06,19,CTL,20
5.39597e+06,1,RTS,20
5.39597e+06,17,RTS,20
5.39597e+06,11,RTS,20
5.39597e+06,12,RTS,20
5.39597e+06,7,RTS,20
5.39597e+06,9,RTS,20
5.39608e+06,10,RTS,20
5.39614e+06,20,CTS,14
5.3962e+06,10,QOSDATA_TID6,1066
5.39639e+06,20,ACK,14
5.39643e+06,10,QOSDATA_TID6,1066
5.39662e+06,20,ACK,14
5.39666e+06,10,QOSDATA_TID6,1066
5.39684e+06,20,ACK,14
5.39689e+06,10,CTL,20
5.39698e+06,5,RTS,20
5.39698e+06,15,RTS,20
5.39704e+06,20,CTS,14
5.3971e+06,5,QOSDATA_TID6,1066
5.39729e+06,20,ACK,14
5.39733e+06,5,CTL,20
5.39743e+06,12,RTS,20
5.39743e+06,2,RTS,20
5.39743e+06,18,RTS,20
5.39743e+06,4,RTS,20
5.39749e+06,20,CTS,14
5.39755e+06,12,QOSDATA_TID6,1066
5.39774e+06,20,ACK,14
5.39778e+06,12,CTL,20
5.39788e+06,4,RTS,20
5.39788e+06,6,RTS,20
5.39794e+06,20,CTS,14
5.398e+06,6,QOSDATA_TID6,1066
5.39819e+06,20,ACK,14
5.39823e+06,6,QOSDATA_TID6,1066
5.39842e+06,20,ACK,14
5.39846e+06,6,CTL,20
5.39856e+06,4,RTS,20
5.39862e+06,20,CTS,14
5.39868e+06,4,QOSDATA_TID6,1066
5.39887e+06,20,ACK,14
5.39891e+06,4,CTL,20
5.399e+06,7,RTS,20
5.399e+06,8,RTS,20
5.399e+06,3,RTS,20
5.399e+06,14,RTS,20
5.39911e+06,18,RTS,20
5.39911e+06,11,RTS,20
5.39922e+06,15,RTS,20
5.39929e+06,20,CTS,14
5.39935e+06,15,QOSDATA_TID6,1066
5.39953e+06,20,ACK,14
5.39958e+06,15,CTL,20
5.39966e+06,7,RTS,20
5.39966e+06,8,RTS,20
5.39976e+06,14,RTS,20
5.39983e+06,20,CTS,14
5.39989e+06,14,QOSDATA_TID6,1066
5.40007e+06,20,ACK,14
5.40012e+06,14,QOSDATA_TID6,1066
5.4003e+06,20,ACK,14
5.40035e+06,14,CTL,20
5.40043e+06,18,RTS,20
5.4005e+06,20,CTS,14
5.40056e+06,18,QOSDATA_TID6,1066
5.40074e+06,20,ACK,14
5.40079e+06,18,QOSDATA_TID6,1066
5.40097e+06,20,ACK,14
5.40102e+06,18,CTL,20
5.4011e+06,0,RTS,20
5.4011e+06,8,RTS,20
5.40117e+06,20,CTS,14
5.40123e+06,8,QOSDATA_TID6,1066
5.40141e+06,20,ACK,14
5.40146e+06,8,CTL,20
5.40154e+06,0,RTS,20
5.40161e+06,20,CTS,14
5.40167e+06,0,QOSDATA_TID6,1066
5.40186e+06,20,ACK,14
5.4019e+06,0,CTL,20
5.40199e+06,7,RTS,20
5.40205e+06,20,CTS,14
5.40211e+06,7,QOSDATA_TID6,1066
5.4023e+06,20,ACK,14
5.40234e+06,7,QOSDATA_TID6,1066
5.40253e+06,20,ACK,14
5.40257e+06,7,CTL,20
5.40266e+06,13,RTS,20
5.40266e+06,1,RTS,20
5.40266e+06,3,RTS,20
5.40281e+06,13,RTS,20
5.40281e+06,3,RTS,20
5.40292e+06,16,RTS,20
5.40299e+06,20,CTS,14
5.40305e+06,16,QOSDATA_TID6,1066
5.40323e+06,20,ACK,14
5.40328e+06,16,CTL,20
5.40336e+06,17,RTS,20
5.40343e+06,20,CTS,14
5.40349e+06,17,QOSDATA_TID6,1066
5.40368e+06,20,ACK,14
5.40372e+06,17,QOSDATA_TID6,1066
5.4039e+06,20,ACK,14
5.40395e+06,17,CTL,20
5.40403e+06,12,RTS,20
5.40403e+06,11,RTS,20
5.40403e+06,9,RTS,20
5.40403e+06,6,RTS,20
5.4041e+06,20,CTS,14
5.40416e+06,12,QOSDATA_TID6,1066
5.40434e+06,20,ACK,14
5.40439e+06,12,CTL,20
5.40448e+06,1,RTS,20
5.40454e+06,20,CTS,14
5.4046e+06,1,QOSDATA_TID6,1066
5.40479e+06,20,ACK,14
5.40483e+06,1,QOSDATA_TID6,1066
5.40502e+06,20,ACK,14
5.40506e+06,1,QOSDATA_TID6,1066
5.40524e+06,20,ACK,14
5.40529e+06,1,CTL,20
5.40537e+06,19,RTS,20
5.40537e+06,2,RTS,20
5.4055e+06,15,RTS,20
5.4055e+06,13,RTS,20
5.4056e+06,2,RTS,20
5.40566e+06,20,CTS,14
5.40572e+06,2,QOSDATA_TID6,1066
5.40591e+06,20,ACK,14
5.40595e+06,2,QOSDATA_TID6,1066
5.40614e+06,20,ACK,14
5.40618e+06,2,CTL,20
5.40627e+06,10,RTS,20
5.40627e+06,11,RTS,20
5.40627e+06,15,RTS,20
5.40637e+06,5,RTS,20
5.40644e+06,20,CTS,14
5.4065e+06,5,QOSDATA_TID6,1066
5.40668e+06,20,ACK,14
5.40673e+06,5,CTL,20
5.40682e+06,8,RTS,20
5.40688e+06,20,CTS,14
5.40694e+06,8,QOSDATA_TID6,1066
5.40713e+06,20,ACK,14
5.40717e+06,8,CTL,20
5.40726e+06,4,RTS,20
5.40726e+06,3,RTS,20
5.40736e+06,15,RTS,20
5.40736e+06,14,RTS,20
5.40747e+06,18,RTS,20
5.40747e+06,19,RTS,20
5.40747e+06,3,RTS,20
5.40747e+06,11,RTS,20
5.40747e+06,4,RTS,20
5.40758e+06,15,RTS,20
5.40765e+06,20,CTS,14
5.40771e+06,15,QOSDATA_TID6,1066
5.40789e+06,20,ACK,14
5.40794e+06,15,CTL,20
5.40803e+06,13,RTS,20
5.4081e+06,20,CTS,14
5.40816e+06,13,QOSDATA_TID6,1066
5.40834e+06,20,ACK,14
5.40839e+06,13,CTL,20
5.40847e+06,16,RTS,20
5.40847e+06,6,RTS,20
5.40847e+06,3,RTS,20
5.40857e+06,18,RTS,20
5.40864e+06,20,CTS,14
5.4087e+06,18,QOSDATA_TID6,1066
5.40888e+06,20,ACK,14
5.40893e+06,18,CTL,20
5.40901e+06,19,RTS,20
5.40908e+06,20,CTS,14
5.40914e+06,19,QOSDATA_TID6,1066
5.40932e+06,20,ACK,14
5.40937e+06,19,CTL,20
5.40945e+06,16,RTS,20
5.40945e+06,10,RTS,20
5.40945e+06,14,RTS,20
5.40958e+06,0,RTS,20
5.40965e+06,20,CTS,14
5.40971e+06,0,QOSDATA_TID6,1066
5.40989e+06,20,ACK,14
5.40994e+06,0,CTL,20
5.41003e+06,7,RTS,20
5.41003e+06,9,RTS,20
5.41003e+06,4,RTS,20
5.4101e+06,20,CTS,14
5.41016e+06,7,QOSDATA_TID6,1066
5.41034e+06,20,ACK,14
5.41039e+06,7,CTL,20
5.41047e+06,4,RTS,20
5.41047e+06,9,RTS,20
5.4106e+06,14,RTS,20
5.41066e+06,20,CTS,14
5.41072e+06,14,QOSDATA_TID6,1066
5.41091e+06,20,ACK,14
5.41095e+06,14,CTL,20
5.41105e+06,12,RTS,20
5.41112e+06,20,CTS,14
5.41118e+06,12,QOSDATA_TID6,1066
5.41136e+06,20,ACK,14
5.4114e+06,12,CTL,20
5.41149e+06,17,RTS,20
5.41149e+06,1,RTS,20
5.41149e+06,13,RTS,20
5.41149e+06,6,RTS,20
5.41149e+06,3,RTS,20
5.41149e+06,9,RTS,20
5.41149e+06,10,RTS,20
5.4116e+06,19,RTS,20
5.4116e+06,11,RTS,20
5.4116e+06,16,RTS,20
5.41172e+06,10,RTS,20
5.41179e+06,20,CTS,14
5.41185e+06,10,QOSDATA_TID6,1066
5.41203e+06,20,ACK,14
5.41208e+06,10,CTL,20
5.41216e+06,3,RTS,20
5.41216e+06,6,RTS,20
5.41216e+06,1,RTS,20
5.41228e+06,13,RTS,20
5.41235e+06,20,CTS,14
5.41241e+06,13,QOSDATA_TID6,1066
5.41259e+06,20,ACK,14
5.41264e+06,13,CTL,20
5.41272e+06,15,RTS,20
5.41279e+06,20,CTS,14
5.41285e+06,15,QOSDATA_TID6,1066
5.41303e+06,20,ACK,14
5.41308e+06,15,CTL,20
5.41316e+06,5,RTS,20
5.41316e+06,4,RTS,20
5.41323e+06,20,CTS,14
5.41329e+06,5,QOSDATA_TID6,1066
5.41348e+06,20,ACK,14
5.41352e+06,5,CTL,20
5.41362e+06,2,RTS,20
5.41362e+06,11,RTS,20
5.41362e+06,6,RTS,20
5.41374e+06,19,RTS,20
5.41381e+06,20,CTS,14
5.41387e+06,19,QOSDATA_TID6,1066
5.41405e+06,20,ACK,14
5.4141e+06,19,CTL,20
5.4142e+06,17,RTS,20
5.4142e+06,10,RTS,20
5.41427e+06,20,CTS,14
5.41433e+06,17,QOSDATA_TID6,1066
5.41451e+06,20,ACK,14
5.41456e+06,17,CTL,20
5.41464e+06,8,RTS,20
5.41471e+06,20,CTS,14
5.41477e+06,8,QOSDATA_TID6,1066
5.41496e+06,20,ACK,14
5.415e+06,8,CTL,20
5.41508e+06,18,RTS,20
5.41515e+06,20,CTS,14
5.41521e+06,18,QOSDATA_TID6,1066
5.4154e+06,20,ACK,14
5.41544e+06,18,CTL,20
5.41553e+06,14,RTS,20
5.4156e+06,20,CTS,14
5.41566e+06,14,QOSDATA_TID6,1066
5.41584e+06,20,ACK,14
5.41588e+06,14,CTL,20
5.41598e+06,1,RTS,20
5.41598e+06,11,RTS,20
5.41598e+06,9,RTS,20
5.41608e+06,6,RTS,20
5.41615e+06,20,CTS,14
5.41621e+06,6,QOSDATA_TID6,1066
5.4164e+06,20,ACK,14
5.41644e+06,6,QOSDATA_TID6,1066
5.41662e+06,20,ACK,14
5.41667e+06,6,CTL,20
5.41676e+06,9,RTS,20
5.41682e+06,20,CTS,14
5.41688e+06,9,QOSDATA_TID6,1066
5.41707e+06,20,ACK,14
5.41711e+06,9,QOSDATA_TID6,1066
5.4173e+06,20,ACK,14
5.41734e+06,9,QOSDATA_TID6,1066
5.41752e+06,20,ACK,14
5.41757e+06,9,CTL,20
5.41765e+06,7,RTS,20
5.41765e+06,13,RTS,20
5.41772e+06,20,CTS,14
5.41778e+06,7,QOSDATA_TID6,1066
5.41796e+06,20,ACK,14
5.41801e+06,7,CTL,20
5.4181e+06,0,RTS,20
5.4181e+06,9,RTS,20
5.4181e+06,10,RTS,20
5.4182e+06,2,RTS,20
5.4182e+06,16,RTS,20
5.4182e+06,4,RTS,20
5.41832e+06,1,RTS,20
5.41839e+06,20,CTS,14
5.41845e+06,1,QOSDATA_TID6,1066
5.41863e+06,20,ACK,14
5.41867e+06,1,CTL,20
5.41877e+06,3,RTS,20
5.41884e+06,20,CTS,14
5.4189e+06,3,QOSDATA_TID6,1066
5.41908e+06,20,ACK,14
5.41912e+06,3,QOSDATA_TID6,1066
5.41931e+06,20,ACK,14
5.41935e+06,3,QOSDATA_TID6,1066
5.41954e+06,20,ACK,14
5.41958e+06,3,CTL,20
5.41967e+06,1,RTS,20
5.41967e+06,12,RTS,20
5.41967e+06,4,RTS,20
5.41967e+06,13,RTS,20
5.41974e+06,20,CTS,14
5.4198e+06,12,QOSDATA_TID6,1066
5.41998e+06,20,ACK,14
5.42002e+06,12,CTL,20
5.42012e+06,1,RTS,20
5.42012e+06,11,RTS,20
5.42012e+06,16,RTS,20
5.42012e+06,19,RTS,20
5.42022e+06,17,RTS,20
5.42022e+06,6,RTS,20
5.42028e+06,20,CTS,14
5.42034e+06,17,QOSDATA_TID6,1066
5.42053e+06,20,ACK,14
5.42057e+06,17,CTL,20
5.42066e+06,6,RTS,20
5.42073e+06,20,CTS,14
5.42079e+06,6,QOSDATA_TID6,1066
5.42097e+06,20,ACK,14
5.42101e+06,6,CTL,20
5.4211e+06,5,RTS,20
5.4211e+06,9,RTS,20
5.42117e+06,20,CTS,14
5.42123e+06,5,QOSDATA_TID6,1066
5.42141e+06,20,ACK,14
5.42146e+06,5,CTL,20
5.42155e+06,4,RTS,20
5.42155e+06,10,RTS,20
5.42167e+06,15,RTS,20
5.42174e+06,20,CTS,14
5.4218e+06,15,QOSDATA_TID6,1066
5.42198e+06,20,ACK,14
5.42202e+06,15,CTL,20
5.42211e+06,19,RTS,20
5.42218e+06,20,CTS,14
5.42224e+06,19,QOSDATA_TID6,1066
5.42242e+06,20,ACK,14
5.42247e+06,19,CTL,20
5.42255e+06,10,RTS,20
5.42262e+06,20,CTS,14
5.42268e+06,10,QOSDATA_TID6,1066
5.42286e+06,20,ACK,14
5.42291e+06,10,QOSDATA_TID6,1066
5.42309e+06,20,ACK,14
5.42314e+06,10,CTL,20
5.42322e+06,2,RTS,20
5.42322e+06,0,RTS,20
5.42322e+06,4,RTS,20
5.42333e+06,8,RTS,20
5.42333e+06,18,RTS,20
5.4234e+06,20,CTS,14
5.42346e+06,8,QOSDATA_TID6,1066
5.42364e+06,20,ACK,14
5.42368e+06,8,CTL,20
5.42377e+06,2,RTS,20
5.42384e+06,20,CTS,14
5.4239e+06,2,QOSDATA_TID6,1066
5.42408e+06,20,ACK,14
5.42413e+06,2,QOSDATA_TID6,1066
5.42431e+06,20,ACK,14
5.42436e+06,2,CTL,20
5.42444e+06,9,RTS,20
5.42451e+06,20,CTS,14
5.42457e+06,9,QOSDATA_TID6,1066
5.42475e+06,20,ACK,14
5.4248e+06,9,CTL,20
5.42488e+06,1,RTS,20
5.42488e+06,11,RTS,20
5.42488e+06,14,RTS,20
5.42499e+06,13,RTS,20
5.42506e+06,20,CTS,14
5.42512e+06,13,QOSDATA_TID6,1066
5.4253e+06,20,ACK,14
5.42535e+06,13,CTL,20
5.42544e+06,11,RTS,20
5.42544e+06,16,RTS,20
5.42555e+06,4,RTS,20
5.42555e+06,7,RTS,20
5.42555e+06,18,RTS,20
5.42566e+06,14,RTS,20
5.42573e+06,20,CTS,14
5.42579e+06,14,QOSDATA_TID6,1066
5.42598e+06,20,ACK,14
5.42602e+06,14,CTL,20
5.42612e+06,13,RTS,20
5.42612e+06,11,RTS,20
5.42621e+06,0,CTS,14
5.42635e+06,0,RTS,20
5.42642e+06,20,CTS,14
5.42648e+06,0,QOSDATA_TID6,1066
5.42667e+06,20,ACK,14
5.42671e+06,0,QOSDATA_TID6,1066
5.42689e+06,20,ACK,14
5.42694e+06,0,CTL,20
5.42703e+06,12,RTS,20
5.42703e+06,3,RTS,20
5.4271e+06,20,CTS,14
5.42716e+06,12,QOSDATA_TID6,1066
5.42734e+06,20,ACK,14
5.42739e+06,12,CTL,20
5.42748e+06,17,RTS,20
5.42754e+06,20,CTS,14
5.4276e+06,17,QOSDATA_TID6,1066
5.42779e+06,20,ACK,14
5.42783e+06,17,CTL,20
5.42792e+06,19,RTS,20
5.42798e+06,20,CTS,14
5.42804e+06,19,QOSDATA_TID6,1066
5.42823e+06,20,ACK,14
5.42827e+06,19,CTL,20
5.42836e+06,1,RTS,20
5.42836e+06,7,RTS,20
5.42836e+06,9,RTS,20
5.42836e+06,6,RTS,20
5.42836e+06,13,RTS,20
5.42846e+06,11,RTS,20
5.42846e+06,16,RTS,20
5.42856e+06,7,RTS,20
5.42856e+06,18,RTS,20
5.42863e+06,20,CTS,14
5.42869e+06,7,QOSDATA_TID6,1066
5.42888e+06,20,ACK,14
5.42892e+06,7,CTL,20
5.42901e+06,15,RTS,20
5.42901e+06,10,RTS,20
5.42907e+06,20,CTS,14
5.42913e+06,15,QOSDATA_TID6,1066
5.42932e+06,20,ACK,14
5.42936e+06,15,CTL,20
5.42945e+06,10,RTS,20
5.42952e+06,20,CTS,14
5.42958e+06,10,QOSDATA_TID6,1066
5.42976e+06,20,ACK,14
5.4298e+06,10,CTL,20
5.42989e+06,5,RTS,20
5.42989e+06,11,RTS,20
5.42989e+06,4,RTS,20
5.42996e+06,20,CTS,14
5.43002e+06,5,QOSDATA_TID6,1066
5.4302e+06,20,ACK,14
5.43025e+06,5,CTL,20
5.43033e+06,1,RTS,20
5.4304e+06,20,CTS,14
5.43046e+06,1,QOSDATA_TID6,1066
5.43064e+06,20,ACK,14
5.43069e+06,1,QOSDATA_TID6,1066
5.43087e+06,20,ACK,14
5.43092e+06,1,CTL,20
5.431e+06,11,RTS,20
5.43107e+06,20,CTS,14
5.43113e+06,11,QOSDATA_TID6,1066
5.43132e+06,20,ACK,14
5.43136e+06,11,QOSDATA_TID6,1066
5.43154e+06,20,ACK,14
5.43159e+06,11,QOSDATA_TID6,1066
5.43177e+06,20,ACK,14
5.43182e+06,11,QOSDATA_TID6,1066
5.432e+06,20,ACK,14
5.43204e+06,11,CTL,20
5.43213e+06,2,RTS,20
5.43213e+06,18,RTS,20
5.43213e+06,14,RTS,20
5.43223e+06,16,RTS,20
5.4323e+06,20,CTS,14
5.43236e+06,16,QOSDATA_TID6,1066
5.43254e+06,20,ACK,14
5.43258e+06,16,QOSDATA_TID6,1066
5.43277e+06,20,ACK,14
5.43281e+06,16,QOSDATA_TID6,1066
5.433e+06,20,ACK,14
5.43304e+06,16,CTL,20
5.43312e+06,8,RTS,20
5.43312e+06,13,RTS,20
5.43319e+06,20,CTS,14
5.43325e+06,8,QOSDATA_TID6,1066
5.43344e+06,20,ACK,14
5.43348e+06,8,CTL,20
5.43357e+06,7,RTS,20
5.43357e+06,4,RTS,20
5.43357e+06,0,RTS,20
5.43367e+06,9,RTS,20
5.43374e+06,20,CTS,14
5.4338e+06,9,QOSDATA_TID6,1066
5.43399e+06,20,ACK,14
5.43403e+06,9,QOSDATA_TID6,1066
5.43421e+06,20,ACK,14
5.43426e+06,9,CTL,20
5.43434e+06,3,RTS,20
5.43434e+06,7,RTS,20
5.43441e+06,20,CTS,14
5.43447e+06,7,QOSDATA_TID6,1066
5.43466e+06,20,ACK,14
5.4347e+06,7,CTL,20
5.4348e+06,11,RTS,20
5.4348e+06,6,RTS,20
5.43492e+06,13,RTS,20
5.43499e+06,20,CTS,14
5.43505e+06,13,QOSDATA_TID6,1066
5.43523e+06,20,ACK,14
5.43528e+06,13,QOSDATA_TID6,1066
5.43546e+06,20,ACK,14
5.4355e+06,13,CTL,20
5.4356e+06,17,RTS,20
5.4356e+06,1,RTS,20
5.4357e+06,3,RTS,20
5.4357e+06,0,RTS,20
5.43576e+06,20,CTS,14
5.43582e+06,0,QOSDATA_TID6,1066
5.43601e+06,20,ACK,14
5.43605e+06,0,CTL,20
5.43614e+06,1,RTS,20
5.43614e+06,11,RTS,20
5.43621e+06,20,CTS,14
5.43627e+06,1,QOSDATA_TID6,1066
5.43645e+06,20,ACK,14
5.4365e+06,1,CTL,20
5.43658e+06,12,RTS,20
5.43665e+06,20,CTS,14
5.43671e+06,12,QOSDATA_TID6,1066
5.43689e+06,20,ACK,14
5.43694e+06,12,CTL,20
5.43702e+06,5,RTS,20
5.43702e+06,6,RTS,20
5.43709e+06,20,CTS,14
5.43715e+06,5,QOSDATA_TID6,1066
5.43734e+06,20,ACK,14
5.43738e+06,5,CTL,20
5.43747e+06,19,RTS,20
5.43747e+06,3,RTS,20
5.43747e+06,18,RTS,20
5.43747e+06,10,RTS,20
5.43747e+06,15,RTS,20
5.43757e+06,4,RTS,20
5.43764e+06,20,CTS,14
5.4377e+06,4,QOSDATA_TID6,1066
5.43788e+06,20,ACK,14
5.43793e+06,4,QOSDATA_TID6,1066
5.43811e+06,20,ACK,14
5.43816e+06,4,QOSDATA_TID6,1066
5.43834e+06,20,ACK,14
5.43838e+06,4,QOSDATA_TID6,1066
5.43857e+06,20,ACK,14
5.43861e+06,4,CTL,20
5.43872e+06,2,RTS,20
5.43878e+06,20,CTS,14
5.43884e+06,2,QOSDATA_TID6,1066
5.43903e+06,20,ACK,14
5.43907e+06,2,QOSDATA_TID6,1066
5.43926e+06,20,ACK,14
5.4393e+06,2,CTL,20
5.43939e+06,8,RTS,20
5.43939e+06,17,RTS,20
5.43939e+06,6,RTS,20
5.43939e+06,14,RTS,20
5.43948e+06,18,RTS,20
5.43948e+06,10,RTS,20
5.43948e+06,19,RTS,20
5.43948e+06,3,RTS,20
5.43958e+06,14,RTS,20
5.43965e+06,20,CTS,14
5.43971e+06,14,QOSDATA_TID6,1066
5.4399e+06,20,ACK,14
5.43994e+06,14,QOSDATA_TID6,1066
5.44012e+06,20,ACK,14
5.44017e+06,14,CTL,20
5.44025e+06,15,RTS,20
5.44025e+06,17,RTS,20
5.44032e+06,20,CTS,14
5.44038e+06,17,QOSDATA_TID6,1066
5.44056e+06,20,ACK,14
5.44061e+06,17,CTL,20
5.4407e+06,15,RTS,20
5.44077e+06,20,CTS,14
5.44083e+06,15,QOSDATA_TID6,1066
5.44102e+06,20,ACK,14
5.44106e+06,15,CTL,20
5.44115e+06,0,RTS,20
5.44115e+06,11,RTS,20
5.44115e+06,16,RTS,20
5.44125e+06,19,RTS,20
5.44132e+06,20,CTS,14
5.44138e+06,19,QOSDATA_TID6,1066
5.44156e+06,20,ACK,14
5.44161e+06,19,CTL,20
5.4417e+06,13,RTS,20
5.44176e+06,20,CTS,14
5.44182e+06,13,QOSDATA_TID6,1066
5.44201e+06,20,ACK,14
5.44205e+06,13,CTL,20
5.44214e+06,18,RTS,20
5.4422e+06,20,CTS,14
5.44226e+06,18,QOSDATA_TID6,1066
5.44245e+06,20,ACK,14
5.44249e+06,18,QOSDATA_TID6,1066
5.44268e+06,20,ACK,14
5.44272e+06,18,QOSDATA_TID6,1066
5.4429e+06,20,ACK,14
5.44295e+06,18,CTL,20
5.44303e+06,20,BEACON,152
5.44329e+06,8,RTS,20
5.44329e+06,7,RTS,20
5.44329e+06,0,RTS,20
5.44329e+06,3,RTS,20
5.44329e+06,9,RTS,20
5.4434e+06,16,RTS,20
5.44346e+06,20,CTS,14
5.44352e+06,16,QOSDATA_TID6,1066
5.44371e+06,20,ACK,14
5.44375e+06,16,CTL,20
5.44384e+06,10,RTS,20
5.4439e+06,20,CTS,14
5.44396e+06,10,QOSDATA_TID6,1066
5.44415e+06,20,ACK,14
5.44419e+06,10,CTL,20
5.44428e+06,6,RTS,20
5.44428e+06,17,RTS,20
5.44428e+06,1,RTS,20
5.44428e+06,12,RTS,20
5.44428e+06,7,RTS,20
5.44428e+06,11,RTS,20
5.44439e+06,19,RTS,20
5.44439e+06,5,RTS,20
5.44445e+06,20,CTS,14
5.44451e+06,5,QOSDATA_TID6,1066
5.4447e+06,20,ACK,14
5.44474e+06,5,CTL,20
5.44483e+06,1,RTS,20
5.4449e+06,20,CTS,14
5.44496e+06,1,QOSDATA_TID6,1066
5.44514e+06,20,ACK,14
5.44518e+06,1,CTL,20
5.44527e+06,4,RTS,20
5.44527e+06,0,CTS,14
5.44527e+06,10,RTS,20
5.4454e+06,4,RTS,20
5.4454e+06,10,RTS,20
5.44551e+06,15,RTS,20
5.44558e+06,20,CTS,14
5.44564e+06,15,QOSDATA_TID6,1066
5.44582e+06,20,ACK,14
5.44586e+06,15,CTL,20
5.44595e+06,7,RTS,20
5.44595e+06,8,RTS,20
5.44608e+06,11,RTS,20
5.44614e+06,20,CTS,14
5.4462e+06,11,QOSDATA_TID6,1066
5.44639e+06,20,ACK,14
5.44643e+06,11,QOSDATA_TID6,1066
5.44662e+06,20,ACK,14
5.44666e+06,11,CTL,20
5.44675e+06,4,RTS,20
5.44675e+06,10,RTS,20
5.44684e+06,19,RTS,20
5.44691e+06,20,CTS,14
5.44697e+06,19,QOSDATA_TID6,1066
5.44716e+06,20,ACK,14
5.4472e+06,19,CTL,20
5.4473e+06,8,RTS,20
5.4473e+06,2,RTS,20
5.4473e+06,18,RTS,20
5.44742e+06,14,RTS,20
5.44749e+06,20,CTS,14
5.44755e+06,14,QOSDATA_TID6,1066
5.44773e+06,20,ACK,14
5.44778e+06,14,CTL,20
5.44787e+06,8,RTS,20
5.44794e+06,20,CTS,14
5.448e+06,8,QOSDATA_TID6,1066
5.44818e+06,20,ACK,14
5.44823e+06,8,QOSDATA_TID6,1066
5.44841e+06,20,ACK,14
5.44846e+06,8,CTL,20
5.44854e+06,17,RTS,20
5.44854e+06,6,RTS,20
5.44861e+06,20,CTS,14
5.44867e+06,17,QOSDATA_TID6,1066
5.44885e+06,20,ACK,14
5.4489e+06,17,CTL,20
5.44898e+06,9,RTS,20
5.44905e+06,20,CTS,14
5.44911e+06,9,QOSDATA_TID6,1066
5.4493e+06,20,ACK,14
5.44934e+06,9,CTL,20
5.44942e+06,3,RTS,20
5.44942e+06,2,RTS,20
5.44942e+06,18,RTS,20
5.44953e+06,16,RTS,20
5.4496e+06,20,CTS,14
5.44966e+06,16,QOSDATA_TID6,1066
5.44984e+06,20,ACK,14
5.44989e+06,16,CTL,20
5.44997e+06,12,RTS,20
5.44997e+06,2,RTS,20
5.45004e+06,20,CTS,14
5.4501e+06,12,QOSDATA_TID6,1066
5.45029e+06,20,ACK,14
5.45033e+06,12,CTL,20
5.45042e+06,2,RTS,20
5.45048e+06,20,CTS,14
5.45054e+06,2,QOSDATA_TID6,1066
5.45073e+06,20,ACK,14
5.45077e+06,2,CTL,20
5.45086e+06,3,RTS,20
5.45086e+06,12,RTS,20
5.45086e+06,11,RTS,20
5.45093e+06,20,CTS,14
5.45099e+06,12,QOSDATA_TID6,1066
5.45117e+06,20,ACK,14
5.45121e+06,12,CTL,20
5.4513e+06,1,RTS,20
5.45137e+06,20,CTS,14
5.45143e+06,1,QOSDATA_TID6,1066
5.45161e+06,20,ACK,14
5.45166e+06,1,CTL,20
5.45174e+06,19,RTS,20
5.45174e+06,11,RTS,20
5.45174e+06,7,RTS,20
5.45174e+06,4,RTS,20
5.45174e+06,3,RTS,20
5.45174e+06,6,RTS,20
5.45174e+06,10,RTS,20
5.45184e+06,13,RTS,20
5.45191e+06,20,CTS,14
5.45197e+06,13,QOSDATA_TID6,1066
5.45215e+06,20,ACK,14
5.4522e+06,13,CTL,20
5.45228e+06,11,RTS,20
5.45228e+06,19,RTS,20
5.45242e+06,7,RTS,20
5.45248e+06,20,CTS,14
5.45254e+06,7,QOSDATA_TID6,1066
5.45273e+06,20,ACK,14
5.45277e+06,7,QOSDATA_TID6,1066
5.45296e+06,20,ACK,14
5.453e+06,7,CTL,20
5.45309e+06,5,RTS,20
5.45309e+06,2,RTS,20
5.45309e+06,6,RTS,20
5.45315e+06,20,CTS,14
5.45321e+06,5,QOSDATA_TID6,1066
5.4534e+06,20,ACK,14
5.45344e+06,5,CTL,20
5.45353e+06,2,RTS,20
5.45353e+06,4,RTS,20
5.4536e+06,20,CTS,14
5.45366e+06,2,QOSDATA_TID6,1066
5.45384e+06,20,ACK,14
5.45388e+06,2,CTL,20
5.45397e+06,17,RTS,20
5.45404e+06,20,CTS,14
5.4541e+06,17,QOSDATA_TID6,1066
5.45428e+06,20,ACK,14
5.45433e+06,17,CTL,20
5.45441e+06,4,RTS,20
5.45441e+06,9,RTS,20
5.45441e+06,15,RTS,20
5.45441e+06,6,RTS,20
5.45451e+06,10,RTS,20
5.45458e+06,20,CTS,14
5.45464e+06,10,QOSDATA_TID6,1066
5.45482e+06,20,ACK,14
5.45487e+06,10,QOSDATA_TID6,1066
5.45505e+06,20,ACK,14
5.4551e+06,10,CTL,20
5.45518e+06,6,RTS,20
5.45518e+06,19,RTS,20
5.45518e+06,8,RTS,20
5.45528e+06,9,RTS,20
5.45535e+06,20,CTS,14
5.45541e+06,9,QOSDATA_TID6,1066
5.45559e+06,20,ACK,14
5.45564e+06,9,CTL,20
5.45573e+06,18,RTS,20
5.45573e+06,11,RTS,20
5.45585e+06,15,RTS,20
5.45591e+06,20,CTS,14
5.45597e+06,15,QOSDATA_TID6,1066
5.45616e+06,20,ACK,14
5.4562e+06,15,CTL,20
5.45631e+06,14,RTS,20
5.45631e+06,8,RTS,20
5.45631e+06,11,RTS,20
5.45637e+06,20,CTS,14
5.45643e+06,8,QOSDATA_TID6,1066
5.45662e+06,20,ACK,14
5.45666e+06,8,CTL,20
5.45675e+06,11,RTS,20
5.45682e+06,20,CTS,14
5.45688e+06,11,QOSDATA_TID6,1066
5.45706e+06,20,ACK,14
5.4571e+06,11,CTL,20
5.45719e+06,0,RTS,20
5.45719e+06,14,RTS,20
5.45726e+06,20,CTS,14
5.45732e+06,0,QOSDATA_TID6,1066
5.4575e+06,20,ACK,14
5.45755e+06,0,QOSDATA_TID6,1066
5.45773e+06,20,ACK,14
5.45777e+06,0,QOSDATA_TID6,1066
5.45796e+06,20,ACK,14
5.458e+06,0,CTL,20
5.45809e+06,14,RTS,20
5.45809e+06,7,RTS,20
5.45816e+06,20,CTS,14
5.45822e+06,7,QOSDATA_TID6,1066
5.4584e+06,20,ACK,14
5.45844e+06,7,CTL,20
5.45853e+06,14,RTS,20
5.4586e+06,20,CTS,14
5.45866e+06,14,QOSDATA_TID6,1066
5.45884e+06,20,ACK,14
5.45889e+06,14,CTL,20
5.45897e+06,11,RTS,20
5.45897e+06,16,RTS,20
5.45897e+06,9,RTS,20
5.45907e+06,12,RTS,20
5.45907e+06,4,RTS,20
5.45914e+06,20,CTS,14
5.4592e+06,12,QOSDATA_TID6,1066
5.45938e+06,20,ACK,14
5.45943e+06,12,CTL,20
5.45951e+06,17,RTS,20
5.45958e+06,20,CTS,14
5.45964e+06,17,QOSDATA_TID6,1066
5.45982e+06,20,ACK,14
5.45987e+06,17,CTL,20
5.45995e+06,1,RTS,20
5.45995e+06,4,RTS,20
5.45995e+06,3,RTS,20
5.45995e+06,13,RTS,20
5.46006e+06,6,RTS,20
5.46013e+06,20,CTS,14
5.46019e+06,6,QOSDATA_TID6,1066
5.46037e+06,20,ACK,14
5.46042e+06,6,QOSDATA_TID6,1066
5.4606e+06,20,ACK,14
5.46064e+06,6,QOSDATA_TID6,1066
5.46083e+06,20,ACK,14
5.46087e+06,6,QOSDATA_TID6,1066
5.46106e+06,20,ACK,14
5.4611e+06,6,CTL,20
5.46119e+06,18,RTS,20
5.46119e+06,2,RTS,20
5.46119e+06,10,RTS,20
5.46128e+06,19,RTS,20
5.46135e+06,20,CTS,14
5.46141e+06,19,QOSDATA_TID6,1066
5.4616e+06,20,ACK,14
5.46164e+06,19,QOSDATA_TID6,1066
5.46183e+06,20,ACK,14
5.46187e+06,19,CTL,20
5.46196e+06,11,RTS,20
5.46196e+06,9,RTS,20
5.46196e+06,10,RTS,20
5.46196e+06,15,RTS,20
5.46205e+06,5,RTS,20
5.46212e+06,20,CTS,14
5.46218e+06,5,QOSDATA_TID6,1066
5.46237e+06,20,ACK,14
5.46241e+06,5,CTL,20
5.4625e+06,2,RTS,20
5.46256e+06,20,CTS,14
5.46262e+06,2,QOSDATA_TID6,1066
5.46281e+06,20,ACK,14
5.46285e+06,2,CTL,20
5.46295e+06,8,RTS,20
5.46295e+06,11,RTS,20
5.46295e+06,4,RTS,20
5.46302e+06,20,CTS,14
5.46308e+06,8,QOSDATA_TID6,1066
5.46326e+06,20,ACK,14
5.4633e+06,8,CTL,20
5.46339e+06,3,RTS,20
5.46339e+06,15,RTS,20
5.4635e+06,16,RTS,20
5.46357e+06,20,CTS,14
5.46363e+06,16,QOSDATA_TID6,1066
5.46382e+06,20,ACK,14
5.46386e+06,16,CTL,20
5.46395e+06,11,RTS,20
5.46395e+06,4,RTS,20
5.46404e+06,3,RTS,20
5.46404e+06,9,RTS,20
5.46404e+06,10,RTS,20
5.46415e+06,15,RTS,20
5.46415e+06,14,RTS,20
5.46415e+06,13,RTS,20
5.46426e+06,18,RTS,20
5.46433e+06,20,CTS,14
5.46439e+06,18,QOSDATA_TID6,1066
5.46457e+06,20,ACK,14
5.46462e+06,18,QOSDATA_TID6,1066
5.4648e+06,20,ACK,14
5.46484e+06,18,QOSDATA_TID6,1066
5.46503e+06,20,ACK,14
5.46507e+06,18,CTL,20
5.46516e+06,10,RTS,20
5.46516e+06,0,RTS,20
5.46516e+06,15,RTS,20
5.46516e+06,16,RTS,20
5.46532e+06,0,RTS,20
5.46532e+06,15,RTS,20
5.46532e+06,16,RTS,20
5.46543e+06,9,RTS,20
5.4655e+06,20,CTS,14
5.46556e+06,9,QOSDATA_TID6,1066
5.46574e+06,20,ACK,14
5.46579e+06,9,QOSDATA_TID6,1066
5.46597e+06,20,ACK,14
5.46602e+06,9,CTL,20
5.4661e+06,3,RTS,20
5.46617e+06,20,CTS,14
5.46623e+06,3,QOSDATA_TID6,1066
5.46641e+06,20,ACK,14
5.46646e+06,3,QOSDATA_TID6,1066
5.46664e+06,20,ACK,14
5.46668e+06,3,QOSDATA_TID6,1066
5.46687e+06,20,ACK,14
5.46691e+06,3,QOSDATA_TID6,1066
5.4671e+06,20,ACK,14
5.46714e+06,3,QOSDATA_TID6,1066
5.46732e+06,20,ACK,14
5.46737e+06,3,CTL,20
5.46746e+06,19,RTS,20
5.46746e+06,17,RTS,20
5.46746e+06,14,RTS,20
5.46752e+06,20,CTS,14
5.46758e+06,17,QOSDATA_TID6,1066
5.46777e+06,20,ACK,14
5.46781e+06,17,CTL,20
5.46791e+06,1,RTS,20
5.46791e+06,7,RTS,20
5.46791e+06,4,RTS,20
5.46801e+06,10,RTS,20
5.46808e+06,20,CTS,14
5.46814e+06,10,QOSDATA_TID6,1066
5.46832e+06,20,ACK,14
5.46837e+06,10,CTL,20
5.46846e+06,6,RTS,20
5.46846e+06,1,RTS,20
5.46846e+06,15,RTS,20
5.46858e+06,7,RTS,20
5.46865e+06,20,CTS,14
5.46871e+06,7,QOSDATA_TID6,1066
5.46889e+06,20,ACK,14
5.46894e+06,7,CTL,20
5.46902e+06,2,RTS,20
5.46902e+06,10,RTS,20
5.46909e+06,20,CTS,14
5.46915e+06,2,QOSDATA_TID6,1066
5.46934e+06,20,ACK,14
5.46938e+06,2,CTL,20
5.46947e+06,0,CTS,14
5.46947e+06,14,RTS,20
5.46947e+06,13,RTS,20
5.46957e+06,0,RTS,20
5.46964e+06,20,CTS,14
5.4697e+06,0,QOSDATA_TID6,1066
5.46988e+06,20,ACK,14
5.46992e+06,0,CTL,20
5.47001e+06,1,RTS,20
5.47001e+06,11,RTS,20
5.47008e+06,20,CTS,14
5.47014e+06,1,QOSDATA_TID6,1066
5.47032e+06,20,ACK,14
5.47037e+06,1,QOSDATA_TID6,1066
5.47055e+06,20,ACK,14
5.4706e+06,1,CTL,20
5.47068e+06,8,RTS,20
5.47068e+06,12,RTS,20
5.47078e+06,18,RTS,20
5.47078e+06,10,RTS,20
5.47088e+06,15,RTS,20
5.47094e+06,20,CTS,14
5.471e+06,15,QOSDATA_TID6,1066
5.47119e+06,20,ACK,14
5.47123e+06,15,QOSDATA_TID6,1066
5.47142e+06,20,ACK,14
5.47146e+06,15,CTL,20
5.47155e+06,5,RTS,20
5.47155e+06,8,RTS,20
5.47155e+06,19,RTS,20
5.47155e+06,11,RTS,20
5.47155e+06,16,RTS,20
5.47164e+06,4,RTS,20
5.47171e+06,20,CTS,14
5.47177e+06,4,QOSDATA_TID6,1066
5.47196e+06,20,ACK,14
5.472e+06,4,QOSDATA_TID6,1066
5.47218e+06,20,ACK,14
5.47223e+06,4,QOSDATA_TID6,1066
5.47241e+06,20,ACK,14
5.47246e+06,4,CTL,20
5.47254e+06,6,RTS,20
5.47261e+06,20,CTS,14
5.47267e+06,6,QOSDATA_TID6,1066
5.47286e+06,20,ACK,14
5.4729e+06,6,CTL,20
5.47298e+06,14,RTS,20
5.47298e+06,18,RTS,20
5.47298e+06,10,RTS,20
5.47298e+06,12,RTS,20
5.47298e+06,16,RTS,20
5.47305e+06,20,CTS,14
5.47311e+06,12,QOSDATA_TID6,1066
5.4733e+06,20,ACK,14
5.47334e+06,12,CTL,20
5.47344e+06,19,RTS,20
5.47344e+06,0,RTS,20
5.47356e+06,7,RTS,20
5.47363e+06,20,CTS,14
5.47369e+06,7,QOSDATA_TID6,1066
5.47387e+06,20,ACK,14
5.47392e+06,7,CTL,20
5.474e+06,13,RTS,20
5.47407e+06,20,CTS,14
5.47413e+06,13,QOSDATA_TID6,1066
5.47432e+06,20,ACK,14
5.47436e+06,13,QOSDATA_TID6,1066
5.47454e+06,20,ACK,14
5.47459e+06,13,QOSDATA_TID6,1066
5.47477e+06,20,ACK,14
5.47482e+06,13,CTL,20
5.4749e+06,0,RTS,20
5.4749e+06,9,RTS,20
5.47497e+06,20,CTS,14
5.47503e+06,0,QOSDATA_TID6,1066
5.47521e+06,20,ACK,14
5.47526e+06,0,CTL,20
5.47534e+06,12,RTS,20
5.47534e+06,17,RTS,20
5.47545e+06,16,RTS,20
5.47545e+06,6,RTS,20
5.47545e+06,3,RTS,20
5.47557e+06,10,RTS,20
5.47557e+06,19,RTS,20
5.47563e+06,20,CTS,14
5.47569e+06,19,QOSDATA_TID6,1066
5.47588e+06,20,ACK,14
5.47592e+06,19,QOSDATA_TID6,1066
5.47611e+06,20,ACK,14
5.47615e+06,19,CTL,20
5.47624e+06,16,RTS,20
5.47624e+06,3,RTS,20
5.47633e+06,6,RTS,20
5.4764e+06,20,CTS,14
5.47646e+06,6,QOSDATA_TID6,1066
5.47665e+06,20,ACK,14
5.47669e+06,6,CTL,20
5.47678e+06,5,RTS,20
5.47678e+06,3,RTS,20
5.47685e+06,20,CTS,14
5.47691e+06,5,QOSDATA_TID6,1066
5.4771e+06,20,ACK,14
5.47714e+06,5,QOSDATA_TID6,1066
5.47733e+06,20,ACK,14
5.47737e+06,5,CTL,20
5.47746e+06,4,RTS,20
5.47752e+06,20,CTS,14
5.47758e+06,4,QOSDATA_TID6,1066
5.47777e+06,20,ACK,14
5.47781e+06,4,CTL,20
5.47791e+06,17,RTS,20
5.47791e+06,3,RTS,20
5.47791e+06,9,RTS,20
5.47791e+06,14,RTS,20
5.47798e+06,20,CTS,14
5.47804e+06,17,QOSDATA_TID6,1066
5.47822e+06,20,ACK,14
5.47826e+06,17,CTL,20
5.47835e+06,3,RTS,20
5.47842e+06,20,CTS,14
5.47848e+06,3,QOSDATA_TID6,1066
5.47866e+06,20,ACK,14
5.4787e+06,3,CTL,20
5.4788e+06,9,RTS,20
5.4788e+06,2,RTS,20
5.4788e+06,18,RTS,20
5.4788e+06,1,RTS,20
5.4788e+06,8,RTS,20
5.4788e+06,15,RTS,20
5.4789e+06,11,RTS,20
5.47897e+06,20,CTS,14
5.47903e+06,11,QOSDATA_TID6,1066
5.47921e+06,20,ACK,14
5.47925e+06,11,QOSDATA_TID6,1066
5.47944e+06,20,ACK,14
5.47948e+06,11,QOSDATA_TID6,1066
5.47967e+06,20,ACK,14
5.47971e+06,11,CTL,20
5.4798e+06,12,RTS,20
5.47986e+06,20,CTS,14
5.47992e+06,12,QOSDATA_TID6,1066
5.48011e+06,20,ACK,14
5.48015e+06,12,CTL,20
5.48025e+06,16,RTS,20
5.48032e+06,20,CTS,14
5.48038e+06,16,QOSDATA_TID6,1066
5.48056e+06,20,ACK,14
5.4806e+06,16,QOSDATA_TID6,1066
5.48079e+06,20,ACK,14
5.48083e+06,16,QOSDATA_TID6,1066
5.48102e+06,20,ACK,14
5.48106e+06,16,CTL,20
5.48114e+06,1,RTS,20
5.48114e+06,15,RTS,20
5.48114e+06,10,RTS,20
5.48126e+06,0,RTS,20
5.48133e+06,20,CTS,14
5.48139e+06,0,QOSDATA_TID6,1066
5.48157e+06,20,ACK,14
5.48162e+06,0,CTL,20
5.4817e+06,15,RTS,20
5.4817e+06,7,RTS,20
5.4818e+06,18,RTS,20
5.48187e+06,20,CTS,14
5.48193e+06,18,QOSDATA_TID6,1066
5.48211e+06,20,ACK,14
5.48216e+06,18,QOSDATA_TID6,1066
5.48234e+06,20,ACK,14
5.48238e+06,18,CTL,20
5.48248e+06,9,RTS,20
5.48248e+06,12,RTS,20
5.48248e+06,13,RTS,20
5.48255e+06,20,CTS,14
5.48261e+06,12,QOSDATA_TID6,1066
5.48279e+06,20,ACK,14
5.48284e+06,12,CTL,20
5.48293e+06,3,RTS,20
5.48293e+06,9,RTS,20
5.48303e+06,19,RTS,20
5.48303e+06,7,RTS,20
5.48303e+06,15,RTS,20
5.48313e+06,11,RTS,20
5.4832e+06,20,CTS,14
5.48326e+06,11,QOSDATA_TID6,1066
5.48344e+06,20,ACK,14
5.48348e+06,11,CTL,20
5.48357e+06,15,RTS,20
5.48364e+06,20,CTS,14
5.4837e+06,15,QOSDATA_TID6,1066
5.48388e+06,20,ACK,14
5.48392e+06,15,CTL,20
5.48401e+06,14,RTS,20
5.48401e+06,7,RTS,20
5.48401e+06,2,RTS,20
5.48401e+06,10,RTS,20
5.48411e+06,6,RTS,20
5.48411e+06,17,RTS,20
5.48411e+06,8,RTS,20
5.48422e+06,13,RTS,20
5.48429e+06,20,CTS,14
5.48435e+06,13,QOSDATA_TID6,1066
5.48453e+06,20,ACK,14
5.48458e+06,13,CTL,20
5.48466e+06,5,RTS,20
5.48466e+06,1,RTS,20
5.48466e+06,19,RTS,20
5.48473e+06,20,CTS,14
5.48479e+06,5,QOSDATA_TID6,1066
5.48498e+06,20,ACK,14
5.48502e+06,5,CTL,20
5.4851e+06,2,RTS,20
5.4851e+06,6,RTS,20
5.4851e+06,15,RTS,20
5.4852e+06,17,RTS,20
5.48527e+06,20,CTS,14
5.48533e+06,17,QOSDATA_TID6,1066
5.48552e+06,20,ACK,14
5.48556e+06,17,CTL,20
5.48564e+06,4,RTS,20
5.48571e+06,20,CTS,14
5.48577e+06,4,QOSDATA_TID6,1066
5.48596e+06,20,ACK,14
5.486e+06,4,CTL,20
5.48609e+06,7,RTS,20
5.48609e+06,1,RTS,20
5.48609e+06,3,RTS,20
5.48609e+06,9,RTS,20
5.48619e+06,15,RTS,20
5.48626e+06,20,CTS,14
5.48632e+06,15,QOSDATA_TID6,1066
5.48651e+06,20,ACK,14
5.48655e+06,15,CTL,20
5.48664e+06,18,RTS,20
5.48664e+06,3,RTS,20
5.48674e+06,2,RTS,20
5.48681e+06,20,CTS,14
5.48687e+06,2,QOSDATA_TID6,1066
5.48706e+06,20,ACK,14
5.4871e+06,2,QOSDATA_TID6,1066
5.48728e+06,20,ACK,14
5.48733e+06,2,CTL,20
5.48742e+06,3,RTS,20
5.48742e+06,9,RTS,20
5.48742e+06,10,RTS,20
5.48742e+06,8,RTS,20
5.48742e+06,14,RTS,20
5.48749e+06,20,CTS,14
5.48755e+06,8,QOSDATA_TID6,1066
5.48773e+06,20,ACK,14
5.48778e+06,8,QOSDATA_TID6,1066
5.48796e+06,20,ACK,14
5.48801e+06,8,QOSDATA_TID6,1066
5.48819e+06,20,ACK,14
5.48823e+06,8,CTL,20
5.48832e+06,14,RTS,20
5.48839e+06,20,CTS,14
5.48845e+06,14,QOSDATA_TID6,1066
5.48863e+06,20,ACK,14
5.48868e+06,14,QOSDATA_TID6,1066
5.48886e+06,20,ACK,14
5.4889e+06,14,QOSDATA_TID6,1066
5.48909e+06,20,ACK,14
5.48913e+06,14,CTL,20
5.48922e+06,10,RTS,20
5.48929e+06,20,CTS,14
5.48935e+06,10,QOSDATA_TID6,1066
5.48953e+06,20,ACK,14
5.48957e+06,10,QOSDATA_TID6,1066
5.48976e+06,20,ACK,14
5.4898e+06,10,CTL,20
5.48989e+06,19,RTS,20
5.48996e+06,20,CTS,14
5.49002e+06,19,QOSDATA_TID6,1066
5.4902e+06,20,ACK,14
5.49024e+06,19,CTL,20
5.49033e+06,1,RTS,20
5.49033e+06,3,RTS,20
5.49033e+06,6,RTS,20
5.49043e+06,13,RTS,20
5.4905e+06,20,CTS,14
5.49056e+06,13,QOSDATA_TID6,1066
5.49074e+06,20,ACK,14
5.49078e+06,13,CTL,20
5.49088e+06,7,RTS,20
5.49088e+06,12,RTS,20
5.49088e+06,16,RTS,20
5.49088e+06,0,RTS,20
5.49088e+06,9,RTS,20
5.49099e+06,19,RTS,20
5.49105e+06,20,CTS,14
5.49111e+06,19,QOSDATA_TID6,1066
5.4913e+06,20,ACK,14
5.49134e+06,19,CTL,20
5.49143e+06,9,RTS,20
5.4915e+06,20,CTS,14
5.49156e+06,9,QOSDATA_TID6,1066
5.49174e+06,20,ACK,14
5.49178e+06,9,QOSDATA_TID6,1066
5.49197e+06,20,ACK,14
5.49201e+06,9,CTL,20
5.4921e+06,1,RTS,20
5.4921e+06,17,RTS,20
5.4922e+06,11,RTS,20
5.4922e+06,16,RTS,20
5.4922e+06,18,RTS,20
5.4922e+06,0,RTS,20
5.4923e+06,5,RTS,20
5.49237e+06,20,CTS,14
5.49243e+06,5,QOSDATA_TID6,1066
5.49261e+06,20,ACK,14
5.49266e+06,5,CTL,20
5.49274e+06,7,RTS,20
5.49281e+06,20,CTS,14
5.49287e+06,7,QOSDATA_TID6,1066
5.49305e+06,20,ACK,14
5.4931e+06,7,QOSDATA_TID6,1066
5.49328e+06,20,ACK,14
5.49332e+06,7,CTL,20
5.49341e+06,16,RTS,20
5.49341e+06,4,RTS,20
5.49341e+06,10,RTS,20
5.49351e+06,15,RTS,20
5.49358e+06,20,CTS,14
5.49364e+06,15,QOSDATA_TID6,1066
5.49382e+06,20,ACK,14
5.49386e+06,15,CTL,20
5.49395e+06,12,RTS,20
5.49402e+06,20,CTS,14
5.49408e+06,12,QOSDATA_TID6,1066
5.49426e+06,20,ACK,14
5.49431e+06,12,CTL,20
5.49439e+06,17,RTS,20
5.49439e+06,6,RTS,20
5.49446e+06,20,CTS,14
5.49452e+06,17,QOSDATA_TID6,1066
5.4947e+06,20,ACK,14
5.49475e+06,17,CTL,20
5.49484e+06,2,RTS,20
5.49484e+06,6,RTS,20
5.49494e+06,18,RTS,20
5.49501e+06,20,CTS,14
5.49507e+06,18,QOSDATA_TID6,1066
5.49525e+06,20,ACK,14
5.4953e+06,18,QOSDATA_TID6,1066
5.49548e+06,20,ACK,14
5.49553e+06,18,CTL,20
5.49561e+06,11,RTS,20
5.49568e+06,20,CTS,14
5.49574e+06,11,QOSDATA_TID6,1066
5.49592e+06,20,ACK,14
5.49597e+06,11,CTL,20
5.49605e+06,16,RTS,20
5.49605e+06,4,RTS,20
5.49605e+06,8,RTS,20
5.49605e+06,3,RTS,20
5.49605e+06,10,RTS,20
5.49605e+06,14,RTS,20
5.49616e+06,6,RTS,20
5.49616e+06,2,RTS,20
5.49627e+06,16,RTS,20
5.49634e+06,20,CTS,14
5.4964e+06,16,QOSDATA_TID6,1066
5.49658e+06,20,ACK,14
5.49662e+06,16,QOSDATA_TID6,1066
5.49681e+06,20,ACK,14
5.49685e+06,16,CTL,20
5.49694e+06,2,RTS,20
5.49701e+06,20,CTS,14
5.49707e+06,2,QOSDATA_TID6,1066
5.49725e+06,20,ACK,14
5.49729e+06,2,CTL,20
5.49738e+06,6,RTS,20
5.49745e+06,20,CTS,14
5.49751e+06,6,QOSDATA_TID6,1066
5.49769e+06,20,ACK,14
5.49774e+06,6,QOSDATA_TID6,1066
5.49792e+06,20,ACK,14
5.49796e+06,6,CTL,20
5.49805e+06,1,RTS,20
5.49805e+06,13,RTS,20
5.49812e+06,20,CTS,14
5.49818e+06,1,QOSDATA_TID6,1066
5.49836e+06,20,ACK,14
5.49841e+06,1,QOSDATA_TID6,1066
5.49859e+06,20,ACK,14
5.49863e+06,1,QOSDATA_TID6,1066
5.49882e+06,20,ACK,14
5.49886e+06,1,CTL,20
5.49895e+06,11,RTS,20
5.49895e+06,12,RTS,20
5.49895e+06,0,CTS,14
5.49906e+06,0,RTS,20
5.49913e+06,20,CTS,14
5.49919e+06,0,QOSDATA_TID6,1066
5.49937e+06,20,ACK,14
5.49942e+06,0,QOSDATA_TID6,1066
5.4996e+06,20,ACK,14
5.49964e+06,0,CTL,20
5.49973e+06,19,RTS,20
5.4998e+06,20,CTS,14
5.49986e+06,19,QOSDATA_TID6,1066
5.50004e+06,20,ACK,14
5.50009e+06,19,CTL,20
5.50017e+06,9,RTS,20
5.50017e+06,6,RTS,20
5.50017e+06,13,RTS,20
5.50027e+06,17,RTS,20
5.50034e+06,20,CTS,14
5.5004e+06,17,QOSDATA_TID6,1066
5.50058e+06,20,ACK,14
5.50063e+06,17,CTL,20
5.50071e+06,8,RTS,20
5.50071e+06,1,RTS,20
5.50071e+06,5,RTS,20
5.50071e+06,2,RTS,20
5.50071e+06,4,RTS,20
5.50071e+06,15,RTS,20
5.50071e+06,10,RTS,20
5.50081e+06,7,RTS,20
5.50088e+06,20,CTS,14
5.50094e+06,7,QOSDATA_TID6,1066
5.50112e+06,20,ACK,14
5.50117e+06,7,CTL,20
5.50126e+06,12,RTS,20
5.50126e+06,13,RTS,20
5.50126e+06,4,RTS,20
5.50126e+06,3,RTS,20
5.50133e+06,20,CTS,14
5.50139e+06,12,QOSDATA_TID6,1066
5.50158e+06,20,ACK,14
5.50162e+06,12,CTL,20
5.5017e+06,3,RTS,20
5.50177e+06,20,CTS,14
5.50183e+06,3,QOSDATA_TID6,1066
5.50202e+06,20,ACK,14
5.50206e+06,3,QOSDATA_TID6,1066
5.50224e+06,20,ACK,14
5.50229e+06,3,CTL,20
5.50238e+06,2,RTS,20
5.50238e+06,14,RTS,20
5.50238e+06,15,RTS,20
5.50249e+06,1,RTS,20
5.50249e+06,11,RTS,20
5.50256e+06,20,CTS,14
5.50262e+06,1,QOSDATA_TID6,1066
5.5028e+06,20,ACK,14
5.50285e+06,1,CTL,20
5.50293e+06,2,RTS,20
5.50293e+06,6,RTS,20
5.50304e+06,4,RTS,20
5.50311e+06,20,CTS,14
5.50317e+06,4,QOSDATA_TID6,1066
5.50335e+06,20,ACK,14
5.5034e+06,4,QOSDATA_TID6,1066
5.50358e+06,20,ACK,14
5.50362e+06,4,CTL,20
5.50371e+06,18,RTS,20
5.50378e+06,20,CTS,14
5.50384e+06,18,QOSDATA_TID6,1066
5.50402e+06,20,ACK,14
5.50407e+06,18,CTL,20
5.50415e+06,15,RTS,20
5.50422e+06,20,CTS,14
5.50428e+06,15,QOSDATA_TID6,1066
5.50446e+06,20,ACK,14
5.50451e+06,15,CTL,20
5.50459e+06,13,RTS,20
5.50459e+06,5,RTS,20
5.50459e+06,16,RTS,20
5.50466e+06,20,CTS,14
5.50472e+06,5,QOSDATA_TID6,1066
5.50491e+06,20,ACK,14
5.50495e+06,5,CTL,20
5.50504e+06,11,RTS,20
5.50504e+06,9,RTS,20
5.50504e+06,13,RTS,20
5.50504e+06,14,RTS,20
5.50519e+06,14,RTS,20
5.50526e+06,20,CTS,14
5.50532e+06,14,QOSDATA_TID6,1066
5.50551e+06,20,ACK,14
5.50555e+06,14,QOSDATA_TID6,1066
5.50573e+06,20,ACK,14
5.50578e+06,14,CTL,20
5.50587e+06,7,RTS,20
5.50587e+06,9,RTS,20
5.50594e+06,20,CTS,14
5.506e+06,7,QOSDATA_TID6,1066
5.50618e+06,20,ACK,14
5.50623e+06,7,CTL,20
5.50632e+06,0,RTS,20
5.50638e+06,20,CTS,14
5.50644e+06,0,QOSDATA_TID6,1066
5.50663e+06,20,ACK,14
5.50667e+06,0,CTL,20
5.50677e+06,6,RTS,20
5.50677e+06,9,RTS,20
5.50677e+06,13,RTS,20
5.50688e+06,12,RTS,20
5.50688e+06,11,RTS,20
5.50688e+06,16,RTS,20
5.50688e+06,10,RTS,20
5.50695e+06,20,CTS,14
5.50701e+06,12,QOSDATA_TID6,1066
5.50719e+06,20,ACK,14
5.50724e+06,12,CTL,20
5.50732e+06,8,RTS,20
5.50732e+06,11,RTS,20
5.50732e+06,19,RTS,20
5.50742e+06,6,RTS,20
5.50749e+06,20,CTS,14
5.50755e+06,6,QOSDATA_TID6,1066
5.50773e+06,20,ACK,14
5.50778e+06,6,QOSDATA_TID6,1066
5.50796e+06,20,ACK,14
5.50801e+06,6,CTL,20
5.50809e+06,13,RTS,20
5.50816e+06,20,CTS,14
5.50822e+06,13,QOSDATA_TID6,1066
5.5084e+06,20,ACK,14
5.50845e+06,13,QOSDATA_TID6,1066
5.50863e+06,20,ACK,14
5.50868e+06,13,CTL,20
5.50876e+06,15,RTS,20
5.50876e+06,1,RTS,20
5.50887e+06,10,RTS,20
5.50894e+06,20,CTS,14
5.509e+06,10,QOSDATA_TID6,1066
5.50918e+06,20,ACK,14
5.50923e+06,10,QOSDATA_TID6,1066
5.50941e+06,20,ACK,14
5.50945e+06,10,QOSDATA_TID6,1066
5.50964e+06,20,ACK,14
5.50968e+06,10,CTL,20
5.50978e+06,3,RTS,20
5.50978e+06,5,RTS,20
5.50978e+06,17,RTS,20
5.50988e+06,2,RTS,20
5.50994e+06,20,CTS,14
5.51e+06,2,QOSDATA_TID6,1066
5.51019e+06,20,ACK,14
5.51023e+06,2,QOSDATA_TID6,1066
5.51042e+06,20,ACK,14
5.51046e+06,2,CTL,20
5.51054e+06,15,RTS,20
5.51061e+06,20,CTS,14
5.51067e+06,15,QOSDATA_TID6,1066
5.51086e+06,20,ACK,14
5.5109e+06,15,CTL,20
5.51099e+06,4,RTS,20
5.51106e+06,20,CTS,14
5.51112e+06,4,QOSDATA_TID6,1066
5.5113e+06,20,ACK,14
5.51134e+06,4,CTL,20
5.51143e+06,1,RTS,20
5.51143e+06,8,RTS,20
5.51143e+06,18,RTS,20
5.51154e+06,14,RTS,20
5.51154e+06,19,RTS,20
5.51154e+06,16,RTS,20
5.51163e+06,18,RTS,20
5.5117e+06,20,CTS,14
5.51176e+06,18,QOSDATA_TID6,1066
5.51195e+06,20,ACK,14
5.51199e+06,18,CTL,20
5.51208e+06,1,RTS,20
5.51214e+06,20,CTS,14
5.5122e+06,1,QOSDATA_TID6,1066
5.51239e+06,20,ACK,14
5.51243e+06,1,CTL,20
5.51252e+06,5,RTS,20
5.51259e+06,20,CTS,14
5.51265e+06,5,QOSDATA_TID6,1066
5.51283e+06,20,ACK,14
5.51287e+06,5,CTL,20
5.51296e+06,17,RTS,20
5.51296e+06,11,RTS,20
5.51303e+06,20,CTS,14
5.51309e+06,17,QOSDATA_TID6,1066
5.51327e+06,20,ACK,14
5.51332e+06,17,CTL,20
5.5134e+06,0,RTS,20
5.51347e+06,20,CTS,14
5.51353e+06,0,QOSDATA_TID6,1066
5.51371e+06,20,ACK,14
5.51376e+06,0,CTL,20
5.51384e+06,8,RTS,20
5.51384e+06,9,RTS,20
5.51391e+06,20,CTS,14
5.51397e+06,8,QOSDATA_TID6,1066
5.51416e+06,20,ACK,14
5.5142e+06,8,QOSDATA_TID6,1066
5.51438e+06,20,ACK,14
5.51443e+06,8,QOSDATA_TID6,1066
5.51461e+06,20,ACK,14
5.51466e+06,8,CTL,20
5.51474e+06,9,RTS,20
5.51474e+06,14,RTS,20
5.51484e+06,16,RTS,20
5.51491e+06,20,CTS,14
5.51497e+06,16,QOSDATA_TID6,1066
5.51515e+06,20,ACK,14
5.5152e+06,16,QOSDATA_TID6,1066
5.51538e+06,20,ACK,14
5.51542e+06,16,CTL,20
5.51551e+06,1,RTS,20
5.51551e+06,7,RTS,20
5.51562e+06,6,RTS,20
5.51568e+06,20,CTS,14
5.51574e+06,6,QOSDATA_TID6,1066
5.51593e+06,20,ACK,14
5.51597e+06,6,CTL,20
5.51607e+06,14,RTS,20
5.51607e+06,3,RTS,20
5.51617e+06,12,RTS,20
5.51624e+06,20,CTS,14
5.5163e+06,12,QOSDATA_TID6,1066
5.51648e+06,20,ACK,14
5.51652e+06,12,CTL,20
5.51662e+06,15,RTS,20
5.51662e+06,2,RTS,20
5.51662e+06,10,RTS,20
5.51672e+06,17,RTS,20
5.51678e+06,20,CTS,14
5.51684e+06,17,QOSDATA_TID6,1066
5.51703e+06,20,ACK,14
5.51707e+06,17,CTL,20
5.51716e+06,7,RTS,20
5.51716e+06,11,RTS,20
5.51723e+06,20,CTS,14
5.51729e+06,7,QOSDATA_TID6,1066
5.51747e+06,20,ACK,14
5.51751e+06,7,CTL,20
5.51761e+06,5,RTS,20
5.51761e+06,3,RTS,20
5.51761e+06,9,RTS,20
5.51768e+06,20,CTS,14
5.51774e+06,5,QOSDATA_TID6,1066
5.51792e+06,20,ACK,14
5.51796e+06,5,CTL,20
5.51805e+06,9,RTS,20
5.51805e+06,4,RTS,20
5.51817e+06,15,RTS,20
5.51824e+06,20,CTS,14
5.5183e+06,15,QOSDATA_TID6,1066
5.51848e+06,20,ACK,14
5.51852e+06,15,CTL,20
5.51861e+06,14,RTS,20
5.51861e+06,18,RTS,20
5.51861e+06,1,RTS,20
5.51861e+06,19,RTS,20
5.51872e+06,2,RTS,20
5.51872e+06,9,RTS,20
5.51872e+06,13,RTS,20
5.51882e+06,8,RTS,20
5.51882e+06,19,RTS,20
5.51889e+06,20,CTS,14
5.51895e+06,8,QOSDATA_TID6,1066
5.51914e+06,20,ACK,14
5.51918e+06,8,CTL,20
5.51926e+06,1,RTS,20
5.51926e+06,2,RTS,20
5.51926e+06,9,RTS,20
5.51938e+06,14,RTS,20
5.51938e+06,13,RTS,20
5.5195e+06,3,RTS,20
5.5195e+06,9,RTS,20
5.5196e+06,19,RTS,20
5.5196e+06,1,RTS,20
5.5196e+06,13,RTS,20
5.51971e+06,4,RTS,20
5.51971e+06,2,RTS,20
5.51978e+06,20,CTS,14
5.51984e+06,2,QOSDATA_TID6,1066
5.52002e+06,20,ACK,14
5.52007e+06,2,CTL,20
5.52015e+06,1,RTS,20
5.52022e+06,20,CTS,14
5.52028e+06,1,QOSDATA_TID6,1066
5.52046e+06,20,ACK,14
5.52051e+06,1,CTL,20
5.5206e+06,19,RTS,20
5.5206e+06,13,RTS,20
5.52074e+06,4,RTS,20
5.52081e+06,20,CTS,14
5.52087e+06,4,QOSDATA_TID6,1066
5.52105e+06,20,ACK,14
5.52109e+06,4,CTL,20
5.52119e+06,0,RTS,20
5.52126e+06,20,CTS,14
5.52132e+06,0,QOSDATA_TID6,1066
5.5215e+06,20,ACK,14
5.52154e+06,0,CTL,20
5.52163e+06,9,RTS,20
5.52163e+06,16,RTS,20
5.52174e+06,19,RTS,20
5.52181e+06,20,CTS,14
5.52187e+06,19,QOSDATA_TID6,1066
5.52205e+06,20,ACK,14
5.52209e+06,19,QOSDATA_TID6,1066
5.52228e+06,20,ACK,14
5.52232e+06,19,CTL,20
5.52241e+06,12,RTS,20
5.52248e+06,20,CTS,14
5.52254e+06,12,QOSDATA_TID6,1066
5.52272e+06,20,ACK,14
5.52276e+06,12,CTL,20
5.52285e+06,7,RTS,20
5.52285e+06,11,RTS,20
5.52285e+06,14,RTS,20
5.52285e+06,10,RTS,20
5.52296e+06,19,RTS,20
5.52302e+06,20,CTS,14
5.52308e+06,19,QOSDATA_TID6,1066
5.52327e+06,20,ACK,14
5.52331e+06,19,CTL,20
5.5234e+06,14,RTS,20
5.52347e+06,20,CTS,14
5.52353e+06,14,QOSDATA_TID6,1066
5.52371e+06,20,ACK,14
5.52376e+06,14,QOSDATA_TID6,1066
5.52394e+06,20,ACK,14
5.52398e+06,14,CTL,20
5.52407e+06,6,RTS,20
5.52407e+06,17,RTS,20
5.52407e+06,1,RTS,20
5.52417e+06,10,RTS,20
5.52424e+06,20,CTS,14
5.5243e+06,10,QOSDATA_TID6,1066
5.52448e+06,20,ACK,14
5.52452e+06,10,CTL,20
5.52461e+06,11,RTS,20
5.52461e+06,16,RTS,20
5.52461e+06,13,RTS,20
5.52471e+06,2,RTS,20
5.52471e+06,18,RTS,20
5.52471e+06,3,RTS,20
5.52471e+06,9,RTS,20
5.52481e+06,10,RTS,20
5.52481e+06,17,RTS,20
5.52481e+06,6,RTS,20
5.52481e+06,7,RTS,20
5.52481e+06,15,RTS,20
5.52491e+06,3,RTS,20
5.52498e+06,20,CTS,14
5.52504e+06,3,QOSDATA_TID6,1066
5.52522e+06,20,ACK,14
5.52526e+06,3,QOSDATA_TID6,1066
5.52545e+06,20,ACK,14
5.52549e+06,3,QOSDATA_TID6,1066
5.52568e+06,20,ACK,14
5.52572e+06,3,CTL,20
5.52581e+06,17,RTS,20
5.52587e+06,20,CTS,14
5.52593e+06,17,QOSDATA_TID6,1066
5.52612e+06,20,ACK,14
5.52616e+06,17,CTL,20
5.52625e+06,5,RTS,20
5.52625e+06,4,RTS,20
5.52632e+06,20,CTS,14
5.52638e+06,5,QOSDATA_TID6,1066
5.52656e+06,20,ACK,14
5.5266e+06,5,CTL,20
5.5267e+06,8,RTS,20
5.5267e+06,7,RTS,20
5.5267e+06,6,RTS,20
5.5268e+06,2,RTS,20
5.5268e+06,9,RTS,20
5.52686e+06,20,CTS,14
5.52692e+06,2,QOSDATA_TID6,1066
5.52711e+06,20,ACK,14
5.52715e+06,2,CTL,20
5.52724e+06,16,RTS,20
5.52731e+06,20,CTS,14
5.52737e+06,16,QOSDATA_TID6,1066
5.52755e+06,20,ACK,14
5.5276e+06,16,CTL,20
5.52768e+06,11,RTS,20
5.52768e+06,10,RTS,20
5.52779e+06,14,RTS,20
5.52786e+06,20,CTS,14
5.52792e+06,14,QOSDATA_TID6,1066
5.5281e+06,20,ACK,14
5.52814e+06,14,CTL,20
5.52823e+06,15,RTS,20
5.5283e+06,20,CTS,14
5.52836e+06,15,QOSDATA_TID6,1066
5.52854e+06,20,ACK,14
5.52859e+06,15,CTL,20
5.52867e+06,8,RTS,20
5.52867e+06,18,RTS,20
5.52874e+06,20,CTS,14
5.5288e+06,8,QOSDATA_TID6,1066
5.52898e+06,20,ACK,14
5.52903e+06,8,CTL,20
5.52911e+06,9,RTS,20
5.52911e+06,0,RTS,20
5.52918e+06,20,CTS,14
5.52924e+06,0,QOSDATA_TID6,1066
5.52943e+06,20,ACK,14
5.52947e+06,0,CTL,20
5.52956e+06,7,RTS,20
5.52956e+06,16,RTS,20
5.52962e+06,20,CTS,14
5.52968e+06,7,QOSDATA_TID6,1066
5.52987e+06,20,ACK,14
5.52991e+06,7,QOSDATA_TID6,1066
5.5301e+06,20,ACK,14
5.53014e+06,7,CTL,20
5.53023e+06,18,RTS,20
5.53029e+06,20,CTS,14
5.53035e+06,18,QOSDATA_TID6,1066
5.53054e+06,20,ACK,14
5.53058e+06,18,QOSDATA_TID6,1066
5.53077e+06,20,ACK,14
5.53081e+06,18,CTL,20
5.5309e+06,6,RTS,20
5.5309e+06,1,RTS,20
5.531e+06,13,RTS,20
5.53107e+06,20,CTS,14
5.53113e+06,13,QOSDATA_TID6,1066
5.53132e+06,20,ACK,14
5.53136e+06,13,QOSDATA_TID6,1066
5.53154e+06,20,ACK,14
5.53159e+06,13,QOSDATA_TID6,1066
5.53177e+06,20,ACK,14
5.53182e+06,13,CTL,20
5.5319e+06,17,RTS,20
5.53197e+06,20,CTS,14
5.53203e+06,17,QOSDATA_TID6,1066
5.53221e+06,20,ACK,14
5.53226e+06,17,CTL,20
5.53234e+06,1,RTS,20
5.53234e+06,12,RTS,20
5.53234e+06,4,RTS,20
5.53234e+06,3,RTS,20
5.53234e+06,10,RTS,20
5.53245e+06,6,RTS,20
5.53245e+06,11,RTS,20
5.53257e+06,5,RTS,20
5.53257e+06,9,RTS,20
5.53264e+06,20,CTS,14
5.5327e+06,5,QOSDATA_TID6,1066
5.53288e+06,20,ACK,14
5.53292e+06,5,CTL,20
5.53301e+06,11,RTS,20
5.53308e+06,20,CTS,14
5.53314e+06,11,QOSDATA_TID6,1066
5.53332e+06,20,ACK,14
5.53336e+06,11,QOSDATA_TID6,1066
5.53355e+06,20,ACK,14
5.53359e+06,11,QOSDATA_TID6,1066
5.53378e+06,20,ACK,14
5.53382e+06,11,QOSDATA_TID6,1066
5.534e+06,20,ACK,14
5.53405e+06,11,CTL,20
5.53414e+06,4,RTS,20
5.53414e+06,1,RTS,20
5.53414e+06,19,RTS,20
5.53414e+06,2,RTS,20
5.53423e+06,15,RTS,20
5.5343e+06,20,CTS,14
5.53436e+06,15,QOSDATA_TID6,1066
5.53454e+06,20,ACK,14
5.53459e+06,15,CTL,20
5.53468e+06,6,RTS,20
5.53468e+06,12,RTS,20
5.53474e+06,20,CTS,14
5.5348e+06,12,QOSDATA_TID6,1066
5.53499e+06,20,ACK,14
5.53503e+06,12,CTL,20
5.53513e+06,8,RTS,20
5.53513e+06,16,RTS,20
5.53513e+06,18,RTS,20
5.53513e+06,14,RTS,20
5.53524e+06,9,RTS,20
5.53531e+06,20,CTS,14
5.53537e+06,9,QOSDATA_TID6,1066
5.53555e+06,20,ACK,14
5.5356e+06,9,QOSDATA_TID6,1066
5.53578e+06,20,ACK,14
5.53583e+06,9,QOSDATA_TID6,1066
5.53601e+06,20,ACK,14
5.53605e+06,9,CTL,20
5.53616e+06,3,RTS,20
5.53616e+06,2,RTS,20
5.53623e+06,20,CTS,14
5.53629e+06,2,QOSDATA_TID6,1066
5.53647e+06,20,ACK,14
5.53651e+06,2,CTL,20
5.53661e+06,14,RTS,20
5.53668e+06,20,CTS,14
5.53674e+06,14,QOSDATA_TID6,1066
5.53692e+06,20,ACK,14
5.53696e+06,14,CTL,20
5.53706e+06,1,RTS,20
5.53713e+06,20,CTS,14
5.53719e+06,1,QOSDATA_TID6,1066
5.53737e+06,20,ACK,14
5.53742e+06,1,QOSDATA_TID6,1066
5.5376e+06,20,ACK,14
5.53764e+06,1,CTL,20
5.53773e+06,9,RTS,20
5.53773e+06,6,RTS,20
5.5378e+06,20,CTS,14
5.53786e+06,6,QOSDATA_TID6,1066
5.53804e+06,20,ACK,14
5.53809e+06,6,QOSDATA_TID6,1066
5.53827e+06,20,ACK,14
5.53831e+06,6,CTL,20
5.5384e+06,12,RTS,20
5.5384e+06,8,RTS,20
5.5384e+06,9,RTS,20
5.5384e+06,16,RTS,20
5.5384e+06,4,RTS,20
5.5385e+06,0,RTS,20
5.53857e+06,20,CTS,14
5.53863e+06,0,QOSDATA_TID6,1066
5.53881e+06,20,ACK,14
5.53885e+06,0,CTL,20
5.53894e+06,12,RTS,20
5.53901e+06,20,CTS,14
5.53907e+06,12,QOSDATA_TID6,1066
5.53925e+06,20,ACK,14
5.5393e+06,12,CTL,20
5.53938e+06,7,RTS,20
5.53938e+06,1,RTS,20
5.53938e+06,13,RTS,20
5.53938e+06,18,RTS,20
5.53938e+06,9,RTS,20
5.53948e+06,11,RTS,20
5.53955e+06,20,CTS,14
5.53961e+06,11,QOSDATA_TID6,1066
5.53979e+06,20,ACK,14
5.53984e+06,11,CTL,20
5.53992e+06,7,RTS,20
5.53999e+06,20,CTS,14
5.54005e+06,7,QOSDATA_TID6,1066
5.54024e+06,20,ACK,14
5.54028e+06,7,CTL,20
5.54036e+06,13,RTS,20
5.54036e+06,10,RTS,20
5.54046e+06,17,RTS,20
5.54053e+06,20,CTS,14
5.54059e+06,17,QOSDATA_TID6,1066
5.54078e+06,20,ACK,14
5.54082e+06,17,CTL,20
5.5409e+06,8,RTS,20
5.5409e+06,19,RTS,20
5.5409e+06,2,RTS,20
5.541e+06,13,RTS,20
5.54107e+06,20,CTS,14
5.54113e+06,13,QOSDATA_TID6,1066
5.54132e+06,20,ACK,14
5.54136e+06,13,CTL,20
5.54144e+06,15,RTS,20
5.54144e+06,2,RTS,20
5.54154e+06,6,RTS,20
5.54154e+06,4,RTS,20
5.54161e+06,20,CTS,14
5.54167e+06,6,QOSDATA_TID6,1066
5.54186e+06,20,ACK,14
5.5419e+06,6,CTL,20
5.54198e+06,4,RTS,20
5.54205e+06,20,CTS,14
5.54211e+06,4,QOSDATA_TID6,1066
5.5423e+06,20,ACK,14
5.54234e+06,4,QOSDATA_TID6,1066
5.54252e+06,20,ACK,14
5.54257e+06,4,QOSDATA_TID6,1066
5.54275e+06,20,ACK,14
5.5428e+06,4,CTL,20
5.54288e+06,3,RTS,20
5.54288e+06,9,RTS,20
5.54298e+06,2,RTS,20
5.54298e+06,5,RTS,20
5.54298e+06,1,RTS,20
5.54298e+06,16,RTS,20
5.54305e+06,20,CTS,14
5.54311e+06,5,QOSDATA_TID6,1066
5.54329e+06,20,ACK,14
5.54334e+06,5,CTL,20
5.54343e+06,8,RTS,20
5.54343e+06,19,RTS,20
5.54343e+06,18,RTS,20
5.54356e+06,9,RTS,20
5.54356e+06,14,RTS,20
5.54356e+06,15,RTS,20
5.54356e+06,16,RTS,20
5.54369e+06,18,RTS,20
5.54376e+06,20,CTS,14
5.54382e+06,18,QOSDATA_TID6,1066
5.544e+06,20,ACK,14
5.54405e+06,18,QOSDATA_TID6,1066
5.54423e+06,20,ACK,14
5.54428e+06,18,CTL,20
5.54437e+06,19,RTS,20
5.54444e+06,20,CTS,14
5.5445e+06,19,QOSDATA_TID6,1066
5.54468e+06,20,ACK,14
5.54473e+06,19,QOSDATA_TID6,1066
5.54491e+06,20,ACK,14
5.54495e+06,19,CTL,20
5.54504e+06,8,RTS,20
5.54504e+06,16,RTS,20
5.54511e+06,20,CTS,14
5.54517e+06,8,QOSDATA_TID6,1066
5.54535e+06,20,ACK,14
5.5454e+06,8,QOSDATA_TID6,1066
5.54558e+06,20,ACK,14
5.54562e+06,8,CTL,20
5.5457e+06,20,BEACON,152
5.54597e+06,16,RTS,20
5.54597e+06,13,RTS,20
5.54597e+06,14,RTS,20
5.54607e+06,7,RTS,20
5.54614e+06,20,CTS,14
5.5462e+06,7,QOSDATA_TID6,1066
5.54638e+06,20,ACK,14
5.54643e+06,7,CTL,20
5.54651e+06,2,RTS,20
5.54651e+06,10,RTS,20
5.54658e+06,20,CTS,14
5.54664e+06,2,QOSDATA_TID6,1066
5.54682e+06,20,ACK,14
5.54687e+06,2,CTL,20
5.54695e+06,14,RTS,20
5.54702e+06,20,CTS,14
5.54708e+06,14,QOSDATA_TID6,1066
5.54727e+06,20,ACK,14
5.54731e+06,14,CTL,20
5.5474e+06,12,RTS,20
5.5474e+06,17,RTS,20
5.5474e+06,19,RTS,20
5.5474e+06,11,RTS,20
5.5474e+06,9,RTS,20
5.5475e+06,0,RTS,20
5.5475e+06,15,RTS,20
5.5475e+06,13,RTS,20
5.54759e+06,19,RTS,20
5.54766e+06,20,CTS,14
5.54772e+06,19,QOSDATA_TID6,1066
5.5479e+06,20,ACK,14
5.54795e+06,19,CTL,20
5.54804e+06,1,RTS,20
5.54804e+06,3,RTS,20
5.5481e+06,20,CTS,14
5.54816e+06,1,QOSDATA_TID6,1066
5.54835e+06,20,ACK,14
5.54839e+06,1,QOSDATA_TID6,1066
5.54858e+06,20,ACK,14
5.54862e+06,1,CTL,20
5.5487e+06,5,RTS,20
5.54877e+06,20,CTS,14
5.54883e+06,5,QOSDATA_TID6,1066
5.54902e+06,20,ACK,14
5.54906e+06,5,CTL,20
5.54915e+06,11,RTS,20
5.54922e+06,20,CTS,14
5.54928e+06,11,QOSDATA_TID6,1066
5.54946e+06,20,ACK,14
5.5495e+06,11,CTL,20
5.54959e+06,16,RTS,20
5.54959e+06,2,RTS,20
5.54959e+06,6,RTS,20
5.54969e+06,17,RTS,20
5.54976e+06,20,CTS,14
5.54982e+06,17,QOSDATA_TID6,1066
5.55e+06,20,ACK,14
5.55004e+06,17,CTL,20
5.55013e+06,16,RTS,20
5.55013e+06,6,RTS,20
5.55024e+06,3,RTS,20
5.55024e+06,13,RTS,20
5.55035e+06,16,RTS,20
5.55035e+06,0,RTS,20
5.55042e+06,20,CTS,14
5.55048e+06,0,QOSDATA_TID6,1066
5.55066e+06,20,ACK,14
5.55071e+06,0,CTL,20
5.5508e+06,18,RTS,20
5.5508e+06,10,RTS,20
5.5508e+06,8,RTS,20
5.55087e+06,20,CTS,14
5.55093e+06,8,QOSDATA_TID6,1066
5.55112e+06,20,ACK,14
5.55116e+06,8,CTL,20
5.55124e+06,2,RTS,20
5.55131e+06,20,CTS,14
5.55137e+06,2,QOSDATA_TID6,1066
5.55156e+06,20,ACK,14
5.5516e+06,2,CTL,20
5.5517e+06,4,RTS,20
5.5517e+06,13,RTS,20
5.55179e+06,12,RTS,20
5.55179e+06,9,RTS,20
5.55179e+06,10,RTS,20
5.55186e+06,20,CTS,14
5.55192e+06,12,QOSDATA_TID6,1066
5.55211e+06,20,ACK,14
5.55215e+06,12,CTL,20
5.55224e+06,10,RTS,20
5.5523e+06,20,CTS,14
5.55236e+06,10,QOSDATA_TID6,1066
5.55255e+06,20,ACK,14
5.55259e+06,10,QOSDATA_TID6,1066
5.55278e+06,20,ACK,14
5.55282e+06,10,QOSDATA_TID6,1066
5.553e+06,20,ACK,14
5.55305e+06,10,CTL,20
5.55313e+06,0,RTS,20
5.5532e+06,20,CTS,14
5.55326e+06,0,QOSDATA_TID6,1066
5.55345e+06,20,ACK,14
5.55349e+06,0,CTL,20
5.55358e+06,18,RTS,20
5.55358e+06,14,RTS,20
5.55358e+06,15,RTS,20
5.55358e+06,3,RTS,20
5.55368e+06,6,RTS,20
5.55368e+06,7,RTS,20
5.55378e+06,15,RTS,20
5.55385e+06,20,CTS,14
5.55391e+06,15,QOSDATA_TID6,1066
5.55409e+06,20,ACK,14
5.55414e+06,15,QOSDATA_TID6,1066
5.55432e+06,20,ACK,14
5.55436e+06,15,CTL,20
5.55445e+06,12,RTS,20
5.55445e+06,18,RTS,20
5.55452e+06,20,CTS,14
5.55458e+06,12,QOSDATA_TID6,1066
5.55476e+06,20,ACK,14
5.55481e+06,12,CTL,20
5.5549e+06,13,RTS,20
5.5549e+06,14,RTS,20
5.55503e+06,19,RTS,20
5.5551e+06,20,CTS,14
5.55516e+06,19,QOSDATA_TID6,1066
5.55534e+06,20,ACK,14
5.55538e+06,19,CTL,20
5.55547e+06,9,RTS,20
5.55554e+06,20,CTS,14
5.5556e+06,9,QOSDATA_TID6,1066
5.55578e+06,20,ACK,14
5.55583e+06,9,QOSDATA_TID6,1066
5.55601e+06,20,ACK,14
5.55605e+06,9,CTL,20
5.55614e+06,3,RTS,20
5.55614e+06,17,RTS,20
5.55621e+06,20,CTS,14
5.55627e+06,17,QOSDATA_TID6,1066
5.55645e+06,20,ACK,14
5.5565e+06,17,CTL,20
5.55659e+06,5,RTS,20
5.55659e+06,4,RTS,20
5.55659e+06,18,RTS,20
5.55666e+06,20,CTS,14
5.55672e+06,5,QOSDATA_TID6,1066
5.5569e+06,20,ACK,14
5.55695e+06,5,CTL,20
5.55704e+06,7,RTS,20
5.55704e+06,4,RTS,20
5.55711e+06,20,CTS,14
5.55717e+06,7,QOSDATA_TID6,1066
5.55735e+06,20,ACK,14
5.5574e+06,7,CTL,20
5.55748e+06,1,RTS,20
5.55755e+06,20,CTS,14
5.55761e+06,1,QOSDATA_TID6,1066
5.5578e+06,20,ACK,14
5.55784e+06,1,CTL,20
5.55793e+06,2,RTS,20
5.55793e+06,3,RTS,20
5.55793e+06,10,RTS,20
5.55802e+06,15,RTS,20
5.55802e+06,11,RTS,20
5.55802e+06,16,RTS,20
5.55802e+06,4,RTS,20
5.55814e+06,13,RTS,20
5.55814e+06,2,RTS,20
5.55814e+06,3,RTS,20
5.55814e+06,18,RTS,20
5.55824e+06,11,RTS,20
5.55824e+06,16,RTS,20
5.55834e+06,13,RTS,20
5.55841e+06,20,CTS,14
5.55847e+06,13,QOSDATA_TID6,1066
5.55866e+06,20,ACK,14
5.5587e+06,13,QOSDATA_TID6,1066
5.55888e+06,20,ACK,14
5.55893e+06,13,CTL,20
5.55902e+06,15,RTS,20
5.55902e+06,4,RTS,20
5.55908e+06,20,CTS,14
5.55914e+06,15,QOSDATA_TID6,1066
5.55933e+06,20,ACK,14
5.55937e+06,15,CTL,20
5.55947e+06,14,RTS,20
5.55947e+06,6,RTS,20
5.55958e+06,8,RTS,20
5.55958e+06,4,RTS,20
5.55965e+06,20,CTS,14
5.55971e+06,8,QOSDATA_TID6,1066
5.55989e+06,20,ACK,14
5.55994e+06,8,CTL,20
5.56003e+06,4,RTS,20
5.5601e+06,20,CTS,14
5.56016e+06,4,QOSDATA_TID6,1066
5.56034e+06,20,ACK,14
5.56039e+06,4,QOSDATA_TID6,1066
5.56057e+06,20,ACK,14
5.56062e+06,4,CTL,20
5.5607e+06,3,RTS,20
5.5607e+06,18,RTS,20
5.56081e+06,2,RTS,20
5.56088e+06,20,CTS,14
5.56094e+06,2,QOSDATA_TID6,1066
5.56112e+06,20,ACK,14
5.56117e+06,2,CTL,20
5.56126e+06,10,RTS,20
5.56133e+06,20,CTS,14
5.56139e+06,10,QOSDATA_TID6,1066
5.56157e+06,20,ACK,14
5.56162e+06,10,CTL,20
5.5617e+06,18,RTS,20
5.5617e+06,11,RTS,20
5.5617e+06,16,RTS,20
5.5618e+06,14,RTS,20
5.56187e+06,20,CTS,14
5.56193e+06,14,QOSDATA_TID6,1066
5.56211e+06,20,ACK,14
5.56216e+06,14,QOSDATA_TID6,1066
5.56234e+06,20,ACK,14
5.56238e+06,14,CTL,20
5.56247e+06,7,RTS,20
5.56247e+06,9,RTS,20
5.56254e+06,20,CTS,14
5.5626e+06,7,QOSDATA_TID6,1066
5.56278e+06,20,ACK,14
5.56283e+06,7,CTL,20
5.56291e+06,0,RTS,20
5.56291e+06,6,RTS,20
5.56301e+06,12,RTS,20
5.56301e+06,19,RTS,20
5.56301e+06,11,RTS,20
5.56308e+06,20,CTS,14
5.56314e+06,12,QOSDATA_TID6,1066
5.56332e+06,20,ACK,14
5.56337e+06,12,CTL,20
5.56345e+06,1,RTS,20
5.56345e+06,13,RTS,20
5.56352e+06,20,CTS,14
5.56358e+06,1,QOSDATA_TID6,1066
5.56377e+06,20,ACK,14
5.56381e+06,1,CTL,20
5.5639e+06,17,RTS,20
5.5639e+06,13,RTS,20
5.56397e+06,20,CTS,14
5.56403e+06,17,QOSDATA_TID6,1066
5.56422e+06,20,ACK,14
5.56426e+06,17,CTL,20
5.56435e+06,0,RTS,20
5.56435e+06,6,RTS,20
5.56444e+06,13,RTS,20
5.56451e+06,20,CTS,14
5.56457e+06,13,QOSDATA_TID6,1066
5.56476e+06,20,ACK,14
5.5648e+06,13,CTL,20
5.56489e+06,15,RTS,20
5.56489e+06,4,RTS,20
5.56489e+06,11,RTS,20
5.56489e+06,16,RTS,20
5.56489e+06,18,RTS,20
5.56489e+06,10,RTS,20
5.56499e+06,2,RTS,20
5.56499e+06,3,RTS,20
5.56499e+06,9,RTS,20
5.56499e+06,5,RTS,20
5.56506e+06,20,CTS,14
5.56512e+06,5,QOSDATA_TID6,1066
5.56531e+06,20,ACK,14
5.56535e+06,5,CTL,20
5.56544e+06,3,RTS,20
5.5655e+06,20,CTS,14
5.56556e+06,3,QOSDATA_TID6,1066
5.56575e+06,20,ACK,14
5.56579e+06,3,QOSDATA_TID6,1066
5.56598e+06,20,ACK,14
5.56602e+06,3,QOSDATA_TID6,1066
5.5662e+06,20,ACK,14
5.56625e+06,3,QOSDATA_TID6,1066
5.56643e+06,20,ACK,14
5.56648e+06,3,CTL,20
5.56656e+06,11,RTS,20
5.56656e+06,15,RTS,20
5.56667e+06,18,RTS,20
5.56674e+06,20,CTS,14
5.5668e+06,18,QOSDATA_TID6,1066
5.56698e+06,20,ACK,14
5.56702e+06,18,QOSDATA_TID6,1066
5.56721e+06,20,ACK,14
5.56725e+06,18,CTL,20
5.56734e+06,10,RTS,20
5.56734e+06,2,RTS,20
5.56734e+06,9,RTS,20
5.56734e+06,8,RTS,20
5.56744e+06,14,RTS,20
5.5675e+06,20,CTS,14
5.56756e+06,14,QOSDATA_TID6,1066
5.56775e+06,20,ACK,14
5.56779e+06,14,CTL,20
5.56788e+06,2,RTS,20
5.56795e+06,20,CTS,14
5.56801e+06,2,QOSDATA_TID6,1066
5.56819e+06,20,ACK,14
5.56824e+06,2,CTL,20
5.56832e+06,19,RTS,20
5.56839e+06,20,CTS,14
5.56845e+06,19,QOSDATA_TID6,1066
5.56863e+06,20,ACK,14
5.56868e+06,19,CTL,20
5.56876e+06,6,RTS,20
5.56883e+06,20,CTS,14
5.56889e+06,6,QOSDATA_TID6,1066
5.56908e+06,20,ACK,14
5.56912e+06,6,QOSDATA_TID6,1066
5.5693e+06,20,ACK,14
5.56935e+06,6,QOSDATA_TID6,1066
5.56953e+06,20,ACK,14
5.56958e+06,6,CTL,20
5.56966e+06,0,CTS,14
5.56966e+06,10,RTS,20
5.56978e+06,0,RTS,20
5.56985e+06,20,CTS,14
5.56991e+06,0,QOSDATA_TID6,1066
5.5701e+06,20,ACK,14
5.57014e+06,0,QOSDATA_TID6,1066
5.57032e+06,20,ACK,14
5.57037e+06,0,CTL,20
5.57045e+06,12,RTS,20
5.57045e+06,16,RTS,20
5.57052e+06,20,CTS,14
5.57058e+06,12,QOSDATA_TID6,1066
5.57076e+06,20,ACK,14
5.57081e+06,12,CTL,20
5.5709e+06,9,RTS,20
5.57096e+06,20,CTS,14
5.57102e+06,9,QOSDATA_TID6,1066
5.57121e+06,20,ACK,14
5.57125e+06,9,QOSDATA_TID6,1066
5.57144e+06,20,ACK,14
5.57148e+06,9,CTL,20
5.57157e+06,11,RTS,20
5.57157e+06,16,RTS,20
5.57157e+06,7,RTS,20
5.57166e+06,8,RTS,20
5.57166e+06,4,RTS,20
5.57166e+06,6,RTS,20
5.57173e+06,20,CTS,14
5.57179e+06,8,QOSDATA_TID6,1066
5.57198e+06,20,ACK,14
5.57202e+06,8,CTL,20
5.57211e+06,3,RTS,20
5.57217e+06,20,CTS,14
5.57223e+06,3,QOSDATA_TID6,1066
5.57242e+06,20,ACK,14
5.57246e+06,3,CTL,20
5.57255e+06,19,RTS,20
5.57255e+06,16,RTS,20
5.57255e+06,13,RTS,20
5.57266e+06,7,RTS,20
5.57272e+06,20,CTS,14
5.57278e+06,7,QOSDATA_TID6,1066
5.57297e+06,20,ACK,14
5.57301e+06,7,CTL,20
5.5731e+06,10,RTS,20
5.57316e+06,20,CTS,14
5.57322e+06,10,QOSDATA_TID6,1066
5.57341e+06,20,ACK,14
5.57345e+06,10,QOSDATA_TID6,1066
5.57364e+06,20,ACK,14
5.57368e+06,10,CTL,20
5.57377e+06,5,RTS,20
5.57377e+06,19,RTS,20
5.57377e+06,17,RTS,20
5.57377e+06,1,RTS,20
5.57377e+06,15,RTS,20
5.57377e+06,11,RTS,20
5.57387e+06,13,RTS,20
5.57387e+06,2,RTS,20
5.574e+06,11,RTS,20
5.57407e+06,20,CTS,14
5.57413e+06,11,QOSDATA_TID6,1066
5.57431e+06,20,ACK,14
5.57436e+06,11,QOSDATA_TID6,1066
5.57454e+06,20,ACK,14
5.57458e+06,11,CTL,20
5.57467e+06,8,RTS,20
5.57474e+06,20,CTS,14
5.5748e+06,8,QOSDATA_TID6,1066
5.57498e+06,20,ACK,14
5.57502e+06,8,CTL,20
5.57511e+06,2,RTS,20
5.57511e+06,18,RTS,20
5.57521e+06,14,RTS,20
5.57521e+06,16,RTS,20
5.57532e+06,13,RTS,20
5.57539e+06,20,CTS,14
5.57545e+06,13,QOSDATA_TID6,1066
5.57564e+06,20,ACK,14
5.57568e+06,13,CTL,20
5.57578e+06,1,RTS,20
5.57578e+06,6,RTS,20
5.57578e+06,19,RTS,20
5.57588e+06,5,RTS,20
5.57588e+06,4,RTS,20
5.57595e+06,20,CTS,14
5.57601e+06,5,QOSDATA_TID6,1066
5.5762e+06,20,ACK,14
5.57624e+06,5,CTL,20
5.57633e+06,6,RTS,20
5.5764e+06,20,CTS,14
5.57646e+06,6,QOSDATA_TID6,1066
5.57665e+06,20,ACK,14
5.57669e+06,6,CTL,20
5.57678e+06,16,RTS,20
5.57684e+06,20,CTS,14
5.5769e+06,16,QOSDATA_TID6,1066
5.57709e+06,20,ACK,14
5.57713e+06,16,QOSDATA_TID6,1066
5.57732e+06,20,ACK,14
5.57736e+06,16,QOSDATA_TID6,1066
5.57754e+06,20,ACK,14
5.57759e+06,16,QOSDATA_TID6,1066
5.57777e+06,20,ACK,14
5.57782e+06,16,QOSDATA_TID6,1066
5.578e+06,20,ACK,14
5.57804e+06,16,CTL,20
5.57813e+06,2,RTS,20
5.57813e+06,0,RTS,20
5.57825e+06,18,RTS,20
5.57825e+06,7,RTS,20
5.57825e+06,4,RTS,20
5.57835e+06,1,RTS,20
5.57835e+06,17,RTS,20
5.57835e+06,15,RTS,20
5.57845e+06,12,RTS,20
5.57845e+06,19,RTS,20
5.57852e+06,20,CTS,14
5.57858e+06,12,QOSDATA_TID6,1066
5.57876e+06,20,ACK,14
5.57881e+06,12,CTL,20
5.57889e+06,17,RTS,20
5.57889e+06,1,RTS,20
5.57899e+06,7,RTS,20
5.57906e+06,20,CTS,14
5.57912e+06,7,QOSDATA_TID6,1066
5.5793e+06,20,ACK,14
5.57935e+06,7,CTL,20
5.57943e+06,17,RTS,20
5.57943e+06,11,RTS,20
5.57943e+06,19,RTS,20
5.57943e+06,6,RTS,20
5.57943e+06,3,RTS,20
5.57953e+06,13,RTS,20
5.5796e+06,20,CTS,14
5.57966e+06,13,QOSDATA_TID6,1066
5.57984e+06,20,ACK,14
5.57989e+06,13,CTL,20
5.57997e+06,11,RTS,20
5.58004e+06,20,CTS,14
5.5801e+06,11,QOSDATA_TID6,1066
5.58029e+06,20,ACK,14
5.58033e+06,11,CTL,20
5.58042e+06,9,RTS,20
5.58048e+06,20,CTS,14
5.58054e+06,9,QOSDATA_TID6,1066
5.58073e+06,20,ACK,14
5.58077e+06,9,CTL,20
5.58086e+06,18,RTS,20
5.58086e+06,5,RTS,20
5.58086e+06,6,RTS,20
5.58086e+06,14,RTS,20
5.58093e+06,20,CTS,14
5.58099e+06,5,QOSDATA_TID6,1066
5.58117e+06,20,ACK,14
5.58121e+06,5,CTL,20
5.5813e+06,2,RTS,20
5.5813e+06,6,RTS,20
5.5814e+06,4,RTS,20
5.58147e+06,20,CTS,14
5.58153e+06,4,QOSDATA_TID6,1066
5.58171e+06,20,ACK,14
5.58175e+06,4,QOSDATA_TID6,1066
5.58194e+06,20,ACK,14
5.58198e+06,4,QOSDATA_TID6,1066
5.58217e+06,20,ACK,14
5.58221e+06,4,CTL,20
5.5823e+06,2,RTS,20
5.5823e+06,18,RTS,20
5.5824e+06,15,RTS,20
5.58247e+06,20,CTS,14
5.58253e+06,15,QOSDATA_TID6,1066
5.58272e+06,20,ACK,14
5.58276e+06,15,QOSDATA_TID6,1066
5.58294e+06,20,ACK,14
5.58299e+06,15,QOSDATA_TID6,1066
5.58317e+06,20,ACK,14
5.58322e+06,15,CTL,20
5.58331e+06,6,RTS,20
5.58331e+06,17,RTS,20
5.58331e+06,19,RTS,20
5.58341e+06,8,RTS,20
5.58341e+06,10,RTS,20
5.58348e+06,20,CTS,14
5.58354e+06,8,QOSDATA_TID6,1066
5.58372e+06,20,ACK,14
5.58376e+06,8,CTL,20
5.58386e+06,1,RTS,20
5.58386e+06,19,RTS,20
5.58386e+06,10,RTS,20
5.58398e+06,0,RTS,20
5.58404e+06,20,CTS,14
5.5841e+06,0,QOSDATA_TID6,1066
5.58429e+06,20,ACK,14
5.58433e+06,0,CTL,20
5.58442e+06,6,RTS,20
5.58448e+06,20,CTS,14
5.58454e+06,6,QOSDATA_TID6,1066
5.58473e+06,20,ACK,14
5.58477e+06,6,CTL,20
5.58486e+06,2,RTS,20
5.58486e+06,3,RTS,20
5.58486e+06,16,RTS,20
5.58496e+06,14,RTS,20
5.58502e+06,20,CTS,14
5.58508e+06,14,QOSDATA_TID6,1066
5.58527e+06,20,ACK,14
5.58531e+06,14,QOSDATA_TID6,1066
5.5855e+06,20,ACK,14
5.58554e+06,14,CTL,20
5.58563e+06,13,RTS,20
5.58563e+06,17,RTS,20
5.58563e+06,16,RTS,20
5.5857e+06,20,CTS,14
5.58576e+06,17,QOSDATA_TID6,1066
5.58594e+06,20,ACK,14
5.58598e+06,17,QOSDATA_TID6,1066
5.58617e+06,20,ACK,14
5.58621e+06,17,CTL,20
5.5863e+06,3,RTS,20
5.58637e+06,20,CTS,14
5.58643e+06,3,QOSDATA_TID6,1066
5.58661e+06,20,ACK,14
5.58665e+06,3,QOSDATA_TID6,1066
5.58684e+06,20,ACK,14
5.58688e+06,3,CTL,20
5.58697e+06,1,RTS,20
5.58704e+06,20,CTS,14
5.5871e+06,1,QOSDATA_TID6,1066
5.58728e+06,20,ACK,14
5.58732e+06,1,QOSDATA_TID6,1066
5.58751e+06,20,ACK,14
5.58755e+06,1,QOSDATA_TID6,1066
5.58774e+06,20,ACK,14
5.58778e+06,1,CTL,20
5.58787e+06,19,RTS,20
5.58787e+06,11,RTS,20
5.58787e+06,7,RTS,20
5.58787e+06,9,RTS,20
5.58787e+06,6,RTS,20
5.58797e+06,18,RTS,20
5.58797e+06,10,RTS,20
5.58807e+06,19,RTS,20
5.58814e+06,20,CTS,14
5.5882e+06,19,QOSDATA_TID6,1066
5.58838e+06,20,ACK,14
5.58843e+06,19,QOSDATA_TID6,1066
5.58861e+06,20,ACK,14
5.58866e+06,19,CTL,20
5.58874e+06,12,RTS,20
5.58874e+06,18,RTS,20
5.58881e+06,20,CTS,14
5.58887e+06,12,QOSDATA_TID6,1066
5.58905e+06,20,ACK,14
5.5891e+06,12,CTL,20
5.58918e+06,15,RTS,20
5.58925e+06,20,CTS,14
5.58931e+06,15,QOSDATA_TID6,1066
5.5895e+06,20,ACK,14
5.58954e+06,15,CTL,20
5.58962e+06,0,RTS,20
5.58962e+06,2,RTS,20
5.58972e+06,7,RTS,20
5.58972e+06,13,RTS,20
5.58979e+06,20,CTS,14
5.58985e+06,7,QOSDATA_TID6,1066
5.59004e+06,20,ACK,14
5.59008e+06,7,CTL,20
5.59017e+06,17,RTS,20
5.59017e+06,5,RTS,20
5.59017e+06,16,RTS,20
5.59017e+06,18,RTS,20
5.59017e+06,9,RTS,20
5.59027e+06,13,RTS,20
5.59034e+06,20,CTS,14
5.5904e+06,13,QOSDATA_TID6,1066
5.59058e+06,20,ACK,14
5.59063e+06,13,CTL,20
5.59072e+06,6,RTS,20
5.59079e+06,20,CTS,14
5.59085e+06,6,QOSDATA_TID6,1066
5.59104e+06,20,ACK,14
5.59108e+06,6,CTL,20
5.59116e+06,10,RTS,20
5.59116e+06,11,RTS,20
5.59116e+06,4,RTS,20
5.59126e+06,14,RTS,20
5.59133e+06,20,CTS,14
5.59139e+06,14,QOSDATA_TID6,1066
5.59158e+06,20,ACK,14
5.59162e+06,14,CTL,20
5.59171e+06,0,RTS,20
5.59171e+06,18,RTS,20
5.59171e+06,5,RTS,20
5.59171e+06,8,RTS,20
5.59171e+06,16,RTS,20
5.59184e+06,17,RTS,20
5.59191e+06,20,CTS,14
5.59197e+06,17,QOSDATA_TID6,1066
5.59215e+06,20,ACK,14
5.5922e+06,17,CTL,20
5.59228e+06,2,RTS,20
5.59228e+06,18,RTS,20
5.59238e+06,16,RTS,20
5.59245e+06,20,CTS,14
5.59251e+06,16,QOSDATA_TID6,1066
5.59269e+06,20,ACK,14
5.59274e+06,16,QOSDATA_TID6,1066
5.59292e+06,20,ACK,14
5.59296e+06,16,CTL,20
5.59305e+06,11,RTS,20
5.59312e+06,20,CTS,14
5.59318e+06,11,QOSDATA_TID6,1066
5.59336e+06,20,ACK,14
5.59341e+06,11,CTL,20
5.59349e+06,4,RTS,20
5.59349e+06,7,RTS,20
5.59349e+06,2,RTS,20
5.59349e+06,9,RTS,20
5.5936e+06,8,RTS,20
5.59367e+06,20,CTS,14
5.59373e+06,8,QOSDATA_TID6,1066
5.59391e+06,20,ACK,14
5.59396e+06,8,CTL,20
5.59404e+06,0,CTS,14
5.59404e+06,13,RTS,20
5.59416e+06,0,RTS,20
5.59423e+06,20,CTS,14
5.59429e+06,0,QOSDATA_TID6,1066
5.59448e+06,20,ACK,14
5.59452e+06,0,QOSDATA_TID6,1066
5.5947e+06,20,ACK,14
5.59475e+06,0,CTL,20
5.59483e+06,5,RTS,20
5.59483e+06,7,RTS,20
5.59483e+06,11,RTS,20
5.5949e+06,20,CTS,14
5.59496e+06,5,QOSDATA_TID6,1066
5.59514e+06,20,ACK,14
5.59519e+06,5,CTL,20
5.59528e+06,1,RTS,20
5.59528e+06,11,RTS,20
5.59528e+06,4,RTS,20
5.59538e+06,18,RTS,20
5.59538e+06,10,RTS,20
5.59548e+06,2,RTS,20
5.59548e+06,1,RTS,20
5.59548e+06,12,RTS,20
5.59559e+06,6,RTS,20
5.59566e+06,20,CTS,14
5.59572e+06,6,QOSDATA_TID6,1066
5.5959e+06,20,ACK,14
5.59595e+06,6,CTL,20
5.59603e+06,1,RTS,20
5.5961e+06,20,CTS,14
5.59616e+06,1,QOSDATA_TID6,1066
5.59634e+06,20,ACK,14
5.59639e+06,1,CTL,20
5.59648e+06,17,RTS,20
5.59648e+06,11,RTS,20
5.59648e+06,3,RTS,20
5.59648e+06,9,RTS,20
5.59654e+06,20,CTS,14
5.5966e+06,17,QOSDATA_TID6,1066
5.59679e+06,20,ACK,14
5.59683e+06,17,CTL,20
5.59692e+06,13,RTS,20
5.59698e+06,20,CTS,14
5.59704e+06,13,QOSDATA_TID6,1066
5.59723e+06,20,ACK,14
5.59727e+06,13,CTL,20
5.59736e+06,7,RTS,20
5.59736e+06,15,RTS,20
5.59736e+06,5,RTS,20
5.59743e+06,20,CTS,14
5.59749e+06,5,QOSDATA_TID6,1066
5.59767e+06,20,ACK,14
5.59772e+06,5,CTL,20
5.59781e+06,19,RTS,20
5.59781e+06,4,RTS,20
5.59788e+06,20,CTS,14
5.59794e+06,19,QOSDATA_TID6,1066
5.59812e+06,20,ACK,14
5.59817e+06,19,CTL,20
5.59825e+06,15,RTS,20
5.59832e+06,20,CTS,14
5.59838e+06,15,QOSDATA_TID6,1066
5.59856e+06,20,ACK,14
5.59861e+06,15,CTL,20
5.59869e+06,8,RTS,20
5.59876e+06,20,CTS,14
5.59882e+06,8,QOSDATA_TID6,1066
5.59901e+06,20,ACK,14
5.59905e+06,8,CTL,20
5.59914e+06,12,RTS,20
5.59914e+06,14,RTS,20
5.5992e+06,20,CTS,14
5.59926e+06,12,QOSDATA_TID6,1066
5.59945e+06,20,ACK,14
5.59949e+06,12,CTL,20
5.59959e+06,4,RTS,20
5.59959e+06,2,RTS,20
5.59959e+06,10,RTS,20
5.59971e+06,18,RTS,20
5.59978e+06,20,CTS,14
5.59984e+06,18,QOSDATA_TID6,1066
5.60002e+06,20,ACK,14
5.60007e+06,18,QOSDATA_TID6,1066
5.60025e+06,20,ACK,14
5.6003e+06,18,QOSDATA_TID6,1066
5.60048e+06,20,ACK,14
5.60052e+06,18,CTL,20
5.60061e+06,14,RTS,20
5.60068e+06,20,CTS,14
5.60074e+06,14,QOSDATA_TID6,1066
5.60092e+06,20,ACK,14
5.60097e+06,14,CTL,20
5.60105e+06,16,RTS,20
5.60112e+06,20,CTS,14
5.60118e+06,16,QOSDATA_TID6,1066
5.60136e+06,20,ACK,14
5.60141e+06,16,CTL,20
5.60149e+06,11,RTS,20
5.60149e+06,10,RTS,20
5.60168e+06,11,RTS,20
5.60168e+06,10,RTS,20
5.60182e+06,10,RTS,20
5.60189e+06,20,CTS,14
5.60195e+06,10,QOSDATA_TID6,1066
5.60213e+06,20,ACK,14
5.60218e+06,10,QOSDATA_TID6,1066
5.60236e+06,20,ACK,14
5.6024e+06,10,CTL,20
5.60249e+06,12,RTS,20
5.60256e+06,20,CTS,14
5.60262e+06,12,QOSDATA_TID6,1066
5.6028e+06,20,ACK,14
5.60285e+06,12,CTL,20
5.60293e+06,9,RTS,20
5.603e+06,20,CTS,14
5.60306e+06,9,QOSDATA_TID6,1066
5.60324e+06,20,ACK,14
5.60329e+06,9,QOSDATA_TID6,1066
5.60347e+06,20,ACK,14
5.60352e+06,9,QOSDATA_TID6,1066
5.6037e+06,20,ACK,14
5.60374e+06,9,CTL,20
5.60383e+06,3,RTS,20
5.60383e+06,19,RTS,20
5.60383e+06,1,RTS,20
5.60383e+06,17,RTS,20
5.60383e+06,11,RTS,20
5.60383e+06,7,RTS,20
5.60383e+06,13,RTS,20
5.60393e+06,2,RTS,20
5.604e+06,20,CTS,14
5.60406e+06,2,QOSDATA_TID6,1066
5.60424e+06,20,ACK,14
5.60428e+06,2,QOSDATA_TID6,1066
5.60447e+06,20,ACK,14
5.60451e+06,2,QOSDATA_TID6,1066
5.6047e+06,20,ACK,14
5.60474e+06,2,QOSDATA_TID6,1066
5.60492e+06,20,ACK,14
5.60497e+06,2,CTL,20
5.60505e+06,0,RTS,20
5.60505e+06,1,RTS,20
5.60505e+06,13,RTS,20
5.60515e+06,4,RTS,20
5.60522e+06,20,CTS,14
5.60528e+06,4,QOSDATA_TID6,1066
5.60546e+06,20,ACK,14
5.60551e+06,4,QOSDATA_TID6,1066
5.60569e+06,20,ACK,14
5.60574e+06,4,QOSDATA_TID6,1066
5.60592e+06,20,ACK,14
5.60596e+06,4,CTL,20
5.60606e+06,5,RTS,20
5.60606e+06,15,RTS,20
5.60606e+06,10,RTS,20
5.60613e+06,20,CTS,14
5.60619e+06,5,QOSDATA_TID6,1066
5.60637e+06,20,ACK,14
5.60642e+06,5,CTL,20
5.60651e+06,18,RTS,20
5.60658e+06,20,CTS,14
5.60664e+06,18,QOSDATA_TID6,1066
5.60682e+06,20,ACK,14
5.60687e+06,18,CTL,20
5.60695e+06,0,RTS,20
5.60695e+06,6,RTS,20
5.60695e+06,8,RTS,20
5.60695e+06,11,RTS,20
5.60706e+06,7,RTS,20
5.60713e+06,20,CTS,14
5.60719e+06,7,QOSDATA_TID6,1066
5.60737e+06,20,ACK,14
5.60742e+06,7,QOSDATA_TID6,1066
5.6076e+06,20,ACK,14
5.60764e+06,7,CTL,20
5.60773e+06,13,RTS,20
5.6078e+06,20,CTS,14
5.60786e+06,13,QOSDATA_TID6,1066
5.60804e+06,20,ACK,14
5.60808e+06,13,CTL,20
5.60817e+06,3,RTS,20
5.60824e+06,20,CTS,14
5.6083e+06,3,QOSDATA_TID6,1066
5.60848e+06,20,ACK,14
5.60853e+06,3,QOSDATA_TID6,1066
5.60871e+06,20,ACK,14
5.60876e+06,3,CTL,20
5.60884e+06,10,RTS,20
5.60884e+06,1,RTS,20
5.60884e+06,16,RTS,20
5.60884e+06,14,RTS,20
5.60898e+06,0,CTS,14
5.60911e+06,0,RTS,20
5.60918e+06,20,CTS,14
5.60924e+06,0,QOSDATA_TID6,1066
5.60942e+06,20,ACK,14
5.60946e+06,0,QOSDATA_TID6,1066
5.60965e+06,20,ACK,14
5.60969e+06,0,CTL,20
5.60978e+06,10,RTS,20
5.60978e+06,7,RTS,20
5.60978e+06,16,RTS,20
5.60985e+06,20,CTS,14
5.60991e+06,7,QOSDATA_TID6,1066
5.61009e+06,20,ACK,14
5.61013e+06,7,CTL,20
5.61023e+06,13,RTS,20
5.61023e+06,17,RTS,20
5.61023e+06,1,RTS,20
5.61023e+06,8,RTS,20
5.61023e+06,15,RTS,20
5.61023e+06,19,RTS,20
5.61023e+06,6,RTS,20
5.61023e+06,14,RTS,20
5.61023e+06,9,RTS,20
5.61034e+06,10,RTS,20
5.61041e+06,20,CTS,14
5.61047e+06,10,QOSDATA_TID6,1066
5.61066e+06,20,ACK,14
5.6107e+06,10,CTL,20
5.61079e+06,11,RTS,20
5.61079e+06,16,RTS,20
5.61088e+06,12,RTS,20
5.61095e+06,20,CTS,14
5.61101e+06,12,QOSDATA_TID6,1066
5.6112e+06,20,ACK,14
5.61124e+06,12,CTL,20
5.61133e+06,17,RTS,20
5.6114e+06,20,CTS,14
5.61146e+06,17,QOSDATA_TID6,1066
5.61164e+06,20,ACK,14
5.61168e+06,17,QOSDATA_TID6,1066
5.61187e+06,20,ACK,14
5.61191e+06,17,CTL,20
5.612e+06,3,RTS,20
5.612e+06,14,RTS,20
5.6121e+06,11,RTS,20
5.6121e+06,16,RTS,20
5.61221e+06,3,RTS,20
5.61221e+06,9,RTS,20
5.61231e+06,5,RTS,20
5.61231e+06,14,RTS,20
5.61238e+06,20,CTS,14
5.61244e+06,5,QOSDATA_TID6,1066
5.61262e+06,20,ACK,14
5.61266e+06,5,CTL,20
5.61276e+06,8,RTS,20
5.61276e+06,19,RTS,20
5.61276e+06,11,RTS,20
5.61276e+06,16,RTS,20
5.61276e+06,15,RTS,20
5.61286e+06,1,RTS,20
5.61286e+06,4,RTS,20
5.61293e+06,20,CTS,14
5.61299e+06,1,QOSDATA_TID6,1066
5.61317e+06,20,ACK,14
5.61321e+06,1,QOSDATA_TID6,1066
5.6134e+06,20,ACK,14
5.61344e+06,1,CTL,20
5.61353e+06,16,RTS,20
5.6136e+06,20,CTS,14
5.61366e+06,16,QOSDATA_TID6,1066
5.61384e+06,20,ACK,14
5.61388e+06,16,CTL,20
5.61397e+06,8,RTS,20
5.61404e+06,20,CTS,14
5.6141e+06,8,QOSDATA_TID6,1066
5.61428e+06,20,ACK,14
5.61433e+06,8,CTL,20
5.61441e+06,11,RTS,20
5.61441e+06,2,RTS,20
5.61441e+06,9,RTS,20
5.61441e+06,13,RTS,20
5.61441e+06,6,RTS,20
5.61441e+06,10,RTS,20
5.61452e+06,19,RTS,20
5.61459e+06,20,CTS,14
5.61465e+06,19,QOSDATA_TID6,1066
5.61483e+06,20,ACK,14
5.61488e+06,19,QOSDATA_TID6,1066
5.61506e+06,20,ACK,14
5.6151e+06,19,CTL,20
5.61519e+06,8,RTS,20
5.61519e+06,18,RTS,20
5.61519e+06,15,RTS,20
5.61532e+06,3,RTS,20
5.61539e+06,20,CTS,14
5.61545e+06,3,QOSDATA_TID6,1066
5.61564e+06,20,ACK,14
5.61568e+06,3,CTL,20
5.61576e+06,6,RTS,20
5.61583e+06,20,CTS,14
5.61589e+06,6,QOSDATA_TID6,1066
5.61608e+06,20,ACK,14
5.61612e+06,6,QOSDATA_TID6,1066
5.6163e+06,20,ACK,14
5.61635e+06,6,CTL,20
5.61644e+06,11,RTS,20
5.6165e+06,20,CTS,14
5.61656e+06,11,QOSDATA_TID6,1066
5.61675e+06,20,ACK,14
5.61679e+06,11,QOSDATA_TID6,1066
5.61698e+06,20,ACK,14
5.61702e+06,11,CTL,20
5.6171e+06,16,RTS,20
5.6171e+06,9,RTS,20
5.6171e+06,0,RTS,20
5.61721e+06,10,RTS,20
5.61728e+06,20,CTS,14
5.61734e+06,10,QOSDATA_TID6,1066
5.61752e+06,20,ACK,14
5.61757e+06,10,CTL,20
5.61766e+06,13,RTS,20
5.61772e+06,20,CTS,14
5.61778e+06,13,QOSDATA_TID6,1066
5.61797e+06,20,ACK,14
5.61801e+06,13,QOSDATA_TID6,1066
5.6182e+06,20,ACK,14
5.61824e+06,13,CTL,20
5.61832e+06,14,RTS,20
5.61832e+06,4,RTS,20
5.61832e+06,8,RTS,20
5.61832e+06,16,RTS,20
5.61832e+06,2,RTS,20
5.61842e+06,12,RTS,20
5.61842e+06,7,RTS,20
5.61849e+06,20,CTS,14
5.61855e+06,12,QOSDATA_TID6,1066
5.61874e+06,20,ACK,14
5.61878e+06,12,CTL,20
5.61886e+06,16,RTS,20
5.61886e+06,3,RTS,20
5.61896e+06,19,RTS,20
5.61903e+06,20,CTS,14
5.61909e+06,19,QOSDATA_TID6,1066
5.61928e+06,20,ACK,14
5.61932e+06,19,CTL,20
5.61941e+06,15,RTS,20
5.61948e+06,20,CTS,14
5.61954e+06,15,QOSDATA_TID6,1066
5.61973e+06,20,ACK,14
5.61977e+06,15,QOSDATA_TID6,1066
5.61995e+06,20,ACK,14
5.62e+06,15,CTL,20
5.62008e+06,6,RTS,20
5.62008e+06,0,RTS,20
5.62008e+06,17,RTS,20
5.62008e+06,18,RTS,20
5.62008e+06,1,RTS,20
5.62008e+06,11,RTS,20
5.62008e+06,9,RTS,20
5.62018e+06,8,RTS,20
5.62025e+06,20,CTS,14
5.62031e+06,8,QOSDATA_TID6,1066
5.62049e+06,20,ACK,14
5.62054e+06,8,CTL,20
5.62062e+06,5,RTS,20
5.62062e+06,15,RTS,20
5.62062e+06,10,RTS,20
5.62062e+06,14,RTS,20
5.62069e+06,20,CTS,14
5.62075e+06,5,QOSDATA_TID6,1066
5.62094e+06,20,ACK,14
5.62098e+06,5,CTL,20
5.62108e+06,1,RTS,20
5.62108e+06,2,RTS,20
5.62108e+06,7,RTS,20
5.62108e+06,3,RTS,20
5.62108e+06,16,RTS,20
5.62117e+06,15,RTS,20
5.62124e+06,20,CTS,14
5.6213e+06,15,QOSDATA_TID6,1066
5.62148e+06,20,ACK,14
5.62153e+06,15,CTL,20
5.62162e+06,2,RTS,20
5.62168e+06,20,CTS,14
5.62174e+06,2,QOSDATA_TID6,1066
5.62193e+06,20,ACK,14
5.62197e+06,2,QOSDATA_TID6,1066
5.62216e+06,20,ACK,14
5.6222e+06,2,CTL,20
5.62228e+06,0,CTS,14
5.62236e+06,0,RTS,20
5.62243e+06,20,CTS,14
5.62249e+06,0,QOSDATA_TID6,1066
5.62268e+06,20,ACK,14
5.62272e+06,0,CTL,20
5.6228e+06,8,RTS,20
5.6228e+06,17,RTS,20
5.6228e+06,16,RTS,20
5.6229e+06,1,RTS,20
5.6229e+06,3,RTS,20
5.62297e+06,20,CTS,14
5.62303e+06,1,QOSDATA_TID6,1066
5.62322e+06,20,ACK,14
5.62326e+06,1,CTL,20
5.62334e+06,14,RTS,20
5.62341e+06,20,CTS,14
5.62347e+06,14,QOSDATA_TID6,1066
5.62366e+06,20,ACK,14
5.6237e+06,14,QOSDATA_TID6,1066
5.62388e+06,20,ACK,14
5.62393e+06,14,QOSDATA_TID6,1066
5.62411e+06,20,ACK,14
5.62416e+06,14,CTL,20
5.62424e+06,6,RTS,20
5.62424e+06,18,RTS,20
5.62424e+06,8,RTS,20
5.62424e+06,10,RTS,20
5.62424e+06,16,RTS,20
5.62424e+06,4,RTS,20
5.62437e+06,7,RTS,20
5.62437e+06,9,RTS,20
5.62444e+06,20,CTS,14
5.6245e+06,7,QOSDATA_TID6,1066
5.62468e+06,20,ACK,14
5.62472e+06,7,CTL,20
5.62481e+06,18,RTS,20
5.62488e+06,20,CTS,14
5.62494e+06,18,QOSDATA_TID6,1066
5.62512e+06,20,ACK,14
5.62517e+06,18,QOSDATA_TID6,1066
5.62535e+06,20,ACK,14
5.6254e+06,18,CTL,20
5.62548e+06,0,RTS,20
5.62548e+06,9,RTS,20
5.62555e+06,20,CTS,14
5.62561e+06,0,QOSDATA_TID6,1066
5.62579e+06,20,ACK,14
5.62584e+06,0,CTL,20
5.62592e+06,7,RTS,20
5.62599e+06,20,CTS,14
5.62605e+06,7,QOSDATA_TID6,1066
5.62624e+06,20,ACK,14
5.62628e+06,7,CTL,20
5.62636e+06,11,RTS,20
5.62643e+06,20,CTS,14
5.62649e+06,11,QOSDATA_TID6,1066
5.62668e+06,20,ACK,14
5.62672e+06,11,CTL,20
5.62681e+06,13,RTS,20
5.62688e+06,20,CTS,14
5.62694e+06,13,QOSDATA_TID6,1066
5.62712e+06,20,ACK,14
5.62716e+06,13,CTL,20
5.62725e+06,12,RTS,20
5.62725e+06,8,RTS,20
5.62725e+06,16,RTS,20
5.62725e+06,1,RTS,20
5.62736e+06,19,RTS,20
5.62736e+06,6,RTS,20
5.6275e+06,19,RTS,20
5.62756e+06,20,CTS,14
5.62762e+06,19,QOSDATA_TID6,1066
5.62781e+06,20,ACK,14
5.62785e+06,19,CTL,20
5.62794e+06,1,RTS,20
5.62794e+06,12,RTS,20
5.62801e+06,20,CTS,14
5.62807e+06,12,QOSDATA_TID6,1066
5.62825e+06,20,ACK,14
5.62829e+06,12,CTL,20
5.62838e+06,5,RTS,20
5.62838e+06,11,RTS,20
5.62845e+06,20,CTS,14
5.62851e+06,5,QOSDATA_TID6,1066
5.62869e+06,20,ACK,14
5.62874e+06,5,CTL,20
5.62882e+06,15,RTS,20
5.62889e+06,20,CTS,14
5.62895e+06,15,QOSDATA_TID6,1066
5.62913e+06,20,ACK,14
5.62918e+06,15,CTL,20
5.62926e+06,17,RTS,20
5.62926e+06,2,RTS,20
5.62926e+06,10,RTS,20
5.62926e+06,3,RTS,20
5.62926e+06,9,RTS,20
5.62936e+06,6,RTS,20
5.62936e+06,4,RTS,20
5.62943e+06,20,CTS,14
5.62949e+06,6,QOSDATA_TID6,1066
5.62967e+06,20,ACK,14
5.62972e+06,6,QOSDATA_TID6,1066
5.6299e+06,20,ACK,14
5.62995e+06,6,CTL,20
5.63003e+06,9,RTS,20
5.6301e+06,20,CTS,14
5.63016e+06,9,QOSDATA_TID6,1066
5.63034e+06,20,ACK,14
5.63039e+06,9,QOSDATA_TID6,1066
5.63057e+06,20,ACK,14
5.63062e+06,9,CTL,20
5.6307e+06,2,RTS,20
5.6307e+06,1,RTS,20
5.63088e+06,2,RTS,20
5.63088e+06,1,RTS,20
5.63102e+06,2,RTS,20
5.63109e+06,20,CTS,14
5.63115e+06,2,QOSDATA_TID6,1066
5.63133e+06,20,ACK,14
5.63137e+06,2,CTL,20
5.63147e+06,17,RTS,20
5.63147e+06,1,RTS,20
5.63147e+06,14,RTS,20
5.63147e+06,16,RTS,20
5.63157e+06,3,RTS,20
5.63157e+06,10,RTS,20
5.63167e+06,16,RTS,20
5.63174e+06,20,CTS,14
5.6318e+06,16,QOSDATA_TID6,1066
5.63199e+06,20,ACK,14
5.63203e+06,16,CTL,20
5.63212e+06,10,RTS,20
5.63218e+06,20,CTS,14
5.63224e+06,10,QOSDATA_TID6,1066
5.63243e+06,20,ACK,14
5.63247e+06,10,QOSDATA_TID6,1066
5.63266e+06,20,ACK,14
5.6327e+06,10,CTL,20
5.63279e+06,18,RTS,20
5.63279e+06,3,RTS,20
5.63279e+06,1,RTS,20
5.63279e+06,11,RTS,20
5.63279e+06,4,RTS,20
5.6329e+06,16,RTS,20
5.63297e+06,20,CTS,14
5.63303e+06,16,QOSDATA_TID6,1066
5.63322e+06,20,ACK,14
5.63326e+06,16,CTL,20
5.63334e+06,4,RTS,20
5.63334e+06,3,RTS,20
5.63334e+06,14,RTS,20
5.63344e+06,8,RTS,20
5.63351e+06,20,CTS,14
5.63357e+06,8,QOSDATA_TID6,1066
5.63376e+06,20,ACK,14
5.6338e+06,8,QOSDATA_TID6,1066
5.63398e+06,20,ACK,14
5.63403e+06,8,CTL,20
5.63411e+06,17,RTS,20
5.63411e+06,1,RTS,20
5.63411e+06,4,RTS,20
5.63411e+06,18,RTS,20
5.63411e+06,13,RTS,20
5.63424e+06,7,RTS,20
5.63424e+06,14,RTS,20
5.63424e+06,9,RTS,20
5.63431e+06,20,CTS,14
5.63437e+06,7,QOSDATA_TID6,1066
5.63455e+06,20,ACK,14
5.63459e+06,7,CTL,20
5.63469e+06,0,RTS,20
5.63476e+06,20,CTS,14
5.63482e+06,0,QOSDATA_TID6,1066
5.635e+06,20,ACK,14
5.63504e+06,0,CTL,20
5.63513e+06,12,RTS,20
5.63513e+06,19,RTS,20
5.6352e+06,20,CTS,14
5.63526e+06,12,QOSDATA_TID6,1066
5.63544e+06,20,ACK,14
5.63549e+06,12,CTL,20
5.63558e+06,6,RTS,20
5.63558e+06,14,RTS,20
5.63558e+06,18,RTS,20
5.63568e+06,1,RTS,20
5.63575e+06,20,CTS,14
5.63581e+06,1,QOSDATA_TID6,1066
5.63599e+06,20,ACK,14
5.63604e+06,1,CTL,20
5.63612e+06,17,RTS,20
5.63612e+06,19,RTS,20
5.63619e+06,20,CTS,14
5.63625e+06,17,QOSDATA_TID6,1066
5.63643e+06,20,ACK,14
5.63648e+06,17,QOSDATA_TID6,1066
5.63666e+06,20,ACK,14
5.63671e+06,17,QOSDATA_TID6,1066
5.63689e+06,20,ACK,14
5.63693e+06,17,CTL,20
5.63702e+06,4,RTS,20
5.63709e+06,20,CTS,14
5.63715e+06,4,QOSDATA_TID6,1066
5.63733e+06,20,ACK,14
5.63738e+06,4,QOSDATA_TID6,1066
5.63756e+06,20,ACK,14
5.6376e+06,4,QOSDATA_TID6,1066
5.63779e+06,20,ACK,14
5.63783e+06,4,CTL,20
5.63792e+06,11,RTS,20
5.63792e+06,13,RTS,20
5.63792e+06,15,RTS,20
5.63792e+06,3,RTS,20
5.63792e+06,6,RTS,20
5.63792e+06,14,RTS,20
5.63802e+06,5,RTS,20
5.63809e+06,20,CTS,14
5.63815e+06,5,QOSDATA_TID6,1066
5.63834e+06,20,ACK,14
5.63838e+06,5,CTL,20
5.63847e+06,3,RTS,20
5.63847e+06,10,RTS,20
5.63847e+06,13,RTS,20
5.63857e+06,6,RTS,20
5.63857e+06,2,RTS,20
5.63869e+06,11,RTS,20
5.63876e+06,20,CTS,14
5.63882e+06,11,QOSDATA_TID6,1066
5.639e+06,20,ACK,14
5.63905e+06,11,QOSDATA_TID6,1066
5.63923e+06,20,ACK,14
5.63927e+06,11,CTL,20
5.63936e+06,18,RTS,20
5.63943e+06,20,CTS,14
5.63949e+06,18,QOSDATA_TID6,1066
5.63967e+06,20,ACK,14
5.63972e+06,18,QOSDATA_TID6,1066
5.6399e+06,20,ACK,14
5.63994e+06,18,CTL,20
5.64003e+06,6,RTS,20
5.64003e+06,19,RTS,20
5.64013e+06,13,RTS,20
5.6402e+06,20,CTS,14
5.64026e+06,13,QOSDATA_TID6,1066
5.64044e+06,20,ACK,14
5.64048e+06,13,CTL,20
5.64057e+06,16,RTS,20
5.64057e+06,2,RTS,20
5.64068e+06,8,RTS,20
5.64074e+06,20,CTS,14
5.6408e+06,8,QOSDATA_TID6,1066
5.64099e+06,20,ACK,14
5.64103e+06,8,CTL,20
5.64112e+06,16,RTS,20
5.64119e+06,20,CTS,14
5.64125e+06,16,QOSDATA_TID6,1066
5.64143e+06,20,ACK,14
5.64148e+06,16,CTL,20
5.64156e+06,19,RTS,20
5.64163e+06,20,CTS,14
5.64169e+06,19,QOSDATA_TID6,1066
5.64187e+06,20,ACK,14
5.64192e+06,19,CTL,20
5.642e+06,2,RTS,20
5.642e+06,9,RTS,20
5.642e+06,0,RTS,20
5.642e+06,15,RTS,20
5.642e+06,14,RTS,20
5.64212e+06,7,RTS,20
5.64212e+06,13,RTS,20
5.64212e+06,10,RTS,20
5.64219e+06,20,CTS,14
5.64225e+06,7,QOSDATA_TID6,1066
5.64243e+06,20,ACK,14
5.64248e+06,7,CTL,20
5.64258e+06,12,RTS,20
5.64258e+06,2,RTS,20
5.64258e+06,3,RTS,20
5.64265e+06,20,CTS,14
5.64271e+06,12,QOSDATA_TID6,1066
5.64289e+06,20,ACK,14
5.64294e+06,12,CTL,20
5.64302e+06,11,RTS,20
5.64309e+06,20,CTS,14
5.64315e+06,11,QOSDATA_TID6,1066
5.64333e+06,20,ACK,14
5.64338e+06,11,CTL,20
5.64346e+06,1,RTS,20
5.64346e+06,2,RTS,20
5.64356e+06,15,RTS,20
5.64363e+06,20,CTS,14
5.64369e+06,15,QOSDATA_TID6,1066
5.64387e+06,20,ACK,14
5.64392e+06,15,CTL,20
5.64401e+06,13,RTS,20
5.64401e+06,2,RTS,20
5.64411e+06,14,RTS,20
5.64418e+06,20,CTS,14
5.64424e+06,14,QOSDATA_TID6,1066
5.64442e+06,20,ACK,14
5.64447e+06,14,QOSDATA_TID6,1066
5.64465e+06,20,ACK,14
5.6447e+06,14,CTL,20
5.64478e+06,5,RTS,20
5.64485e+06,20,CTS,14
5.64491e+06,5,QOSDATA_TID6,1066
5.64509e+06,20,ACK,14
5.64514e+06,5,CTL,20
5.64522e+06,4,RTS,20
5.64529e+06,20,CTS,14
5.64535e+06,4,QOSDATA_TID6,1066
5.64554e+06,20,ACK,14
5.64558e+06,4,CTL,20
5.64566e+06,19,RTS,20
5.64566e+06,0,RTS,20
5.64576e+06,2,RTS,20
5.64583e+06,20,CTS,14
5.64589e+06,2,QOSDATA_TID6,1066
5.64608e+06,20,ACK,14
5.64612e+06,2,QOSDATA_TID6,1066
5.6463e+06,20,ACK,14
5.64635e+06,2,CTL,20
5.64643e+06,18,RTS,20
5.6465e+06,20,CTS,14
5.64656e+06,18,QOSDATA_TID6,1066
5.64674e+06,20,ACK,14
5.64679e+06,18,CTL,20
5.64688e+06,9,RTS,20
5.64688e+06,8,RTS,20
5.64688e+06,17,RTS,20
5.64688e+06,1,RTS,20
5.64688e+06,15,RTS,20
5.64697e+06,6,RTS,20
5.64704e+06,20,CTS,14
5.6471e+06,6,QOSDATA_TID6,1066
5.64728e+06,20,ACK,14
5.64733e+06,6,QOSDATA_TID6,1066
5.64751e+06,20,ACK,14
5.64756e+06,6,CTL,20
5.64764e+06,10,RTS,20
5.64764e+06,8,RTS,20
5.64771e+06,20,CTS,14
5.64777e+06,8,QOSDATA_TID6,1066
5.64796e+06,20,ACK,14
5.648e+06,8,CTL,20
5.64808e+06,20,BEACON,152
5.64834e+06,15,RTS,20
5.64841e+06,20,CTS,14
5.64847e+06,15,QOSDATA_TID6,1066
5.64865e+06,20,ACK,14
5.64869e+06,15,CTL,20
5.64878e+06,13,RTS,20
5.64878e+06,16,RTS,20
5.64878e+06,10,RTS,20
5.64878e+06,3,RTS,20
5.64889e+06,14,RTS,20
5.64896e+06,20,CTS,14
5.64902e+06,14,QOSDATA_TID6,1066
5.6492e+06,20,ACK,14
5.64924e+06,14,CTL,20
5.64933e+06,0,CTS,14
5.64933e+06,17,RTS,20
5.64933e+06,19,RTS,20
5.64946e+06,0,RTS,20
5.64953e+06,20,CTS,14
5.64959e+06,0,QOSDATA_TID6,1066
5.64977e+06,20,ACK,14
5.64982e+06,0,QOSDATA_TID6,1066
5.65e+06,20,ACK,14
5.65004e+06,0,CTL,20
5.65013e+06,7,RTS,20
5.65013e+06,1,RTS,20
5.65013e+06,9,RTS,20
5.65023e+06,16,RTS,20
5.6503e+06,20,CTS,14
5.65036e+06,16,QOSDATA_TID6,1066
5.65054e+06,20,ACK,14
5.65058e+06,16,CTL,20
5.65067e+06,9,RTS,20
5.65074e+06,20,CTS,14
5.6508e+06,9,QOSDATA_TID6,1066
5.65098e+06,20,ACK,14
5.65103e+06,9,QOSDATA_TID6,1066
5.65121e+06,20,ACK,14
5.65126e+06,9,QOSDATA_TID6,1066
5.65144e+06,20,ACK,14
5.65148e+06,9,CTL,20
5.65157e+06,10,RTS,20
5.65157e+06,19,RTS,20
5.65157e+06,1,RTS,20
5.65157e+06,17,RTS,20
5.65157e+06,11,RTS,20
5.65157e+06,7,RTS,20
5.65167e+06,3,RTS,20
5.65174e+06,20,CTS,14
5.6518e+06,3,QOSDATA_TID6,1066
5.65198e+06,20,ACK,14
5.65202e+06,3,QOSDATA_TID6,1066
5.65221e+06,20,ACK,14
5.65225e+06,3,QOSDATA_TID6,1066
5.65244e+06,20,ACK,14
5.65248e+06,3,QOSDATA_TID6,1066
5.65266e+06,20,ACK,14
5.65271e+06,3,CTL,20
5.65279e+06,19,RTS,20
5.65279e+06,12,RTS,20
5.65279e+06,6,RTS,20
5.65279e+06,7,RTS,20
5.65289e+06,5,RTS,20
5.65289e+06,15,RTS,20
5.65296e+06,20,CTS,14
5.65302e+06,5,QOSDATA_TID6,1066
5.6532e+06,20,ACK,14
5.65325e+06,5,CTL,20
5.65333e+06,7,RTS,20
5.6534e+06,20,CTS,14
5.65346e+06,7,QOSDATA_TID6,1066
5.65364e+06,20,ACK,14
5.65369e+06,7,CTL,20
5.65378e+06,13,RTS,20
5.65384e+06,20,CTS,14
5.6539e+06,13,QOSDATA_TID6,1066
5.65409e+06,20,ACK,14
5.65413e+06,13,QOSDATA_TID6,1066
5.65432e+06,20,ACK,14
5.65436e+06,13,CTL,20
5.65444e+06,4,RTS,20
5.65444e+06,2,RTS,20
5.65444e+06,18,RTS,20
5.65454e+06,12,RTS,20
5.65454e+06,1,RTS,20
5.65461e+06,20,CTS,14
5.65467e+06,12,QOSDATA_TID6,1066
5.65486e+06,20,ACK,14
5.6549e+06,12,CTL,20
5.65499e+06,6,RTS,20
5.65506e+06,20,CTS,14
5.65512e+06,6,QOSDATA_TID6,1066
5.65531e+06,20,ACK,14
5.65535e+06,6,CTL,20
5.65544e+06,14,RTS,20
5.65544e+06,15,RTS,20
5.65544e+06,8,RTS,20
5.65544e+06,17,RTS,20
5.65544e+06,1,RTS,20
5.65554e+06,10,RTS,20
5.65561e+06,20,CTS,14
5.65567e+06,10,QOSDATA_TID6,1066
5.65586e+06,20,ACK,14
5.6559e+06,10,QOSDATA_TID6,1066
5.65608e+06,20,ACK,14
5.65613e+06,10,QOSDATA_TID6,1066
5.65631e+06,20,ACK,14
5.65636e+06,10,CTL,20
5.65644e+06,18,RTS,20
5.65644e+06,17,RTS,20
5.65651e+06,20,CTS,14
5.65657e+06,17,QOSDATA_TID6,1066
5.65675e+06,20,ACK,14
5.6568e+06,17,QOSDATA_TID6,1066
5.65698e+06,20,ACK,14
5.65703e+06,17,CTL,20
5.65711e+06,16,RTS,20
5.65711e+06,0,RTS,20
5.65718e+06,20,CTS,14
5.65724e+06,0,QOSDATA_TID6,1066
5.65742e+06,20,ACK,14
5.65747e+06,0,CTL,20
5.65756e+06,7,RTS,20
5.65756e+06,19,RTS,20
5.65756e+06,11,RTS,20
5.65766e+06,15,RTS,20
5.65766e+06,14,RTS,20
5.65776e+06,9,RTS,20
5.65783e+06,20,CTS,14
5.65789e+06,9,QOSDATA_TID6,1066
5.65808e+06,20,ACK,14
5.65812e+06,9,CTL,20
5.6582e+06,18,RTS,20
5.6582e+06,7,RTS,20
5.65827e+06,20,CTS,14
5.65833e+06,7,QOSDATA_TID6,1066
5.65852e+06,20,ACK,14
5.65856e+06,7,CTL,20
5.65865e+06,3,RTS,20
5.65872e+06,20,CTS,14
5.65878e+06,3,QOSDATA_TID6,1066
5.65896e+06,20,ACK,14
5.659e+06,3,CTL,20
5.65909e+06,6,RTS,20
5.65909e+06,11,RTS,20
5.65909e+06,4,RTS,20
5.65909e+06,13,RTS,20
5.65919e+06,16,RTS,20
5.65919e+06,2,RTS,20
5.65928e+06,19,RTS,20
5.65935e+06,20,CTS,14
5.65941e+06,19,QOSDATA_TID6,1066
5.6596e+06,20,ACK,14
5.65964e+06,19,QOSDATA_TID6,1066
5.65982e+06,20,ACK,14
5.65987e+06,19,QOSDATA_TID6,1066
5.66005e+06,20,ACK,14
5.6601e+06,19,CTL,20
5.66018e+06,6,RTS,20
5.66018e+06,13,RTS,20
5.66029e+06,15,RTS,20
5.66029e+06,5,RTS,20
5.66036e+06,20,CTS,14
5.66042e+06,5,QOSDATA_TID6,1066
5.6606e+06,20,ACK,14
5.66065e+06,5,CTL,20
5.66074e+06,12,RTS,20
5.66074e+06,11,RTS,20
5.66074e+06,14,RTS,20
5.66081e+06,20,CTS,14
5.66087e+06,12,QOSDATA_TID6,1066
5.66105e+06,20,ACK,14
5.6611e+06,12,CTL,20
5.66118e+06,1,RTS,20
5.66118e+06,11,RTS,20
5.66118e+06,10,RTS,20
5.6613e+06,6,RTS,20
5.6613e+06,13,RTS,20
5.66142e+06,8,RTS,20
5.66148e+06,20,CTS,14
5.66154e+06,8,QOSDATA_TID6,1066
5.66173e+06,20,ACK,14
5.66177e+06,8,CTL,20
5.66186e+06,17,RTS,20
5.66186e+06,11,RTS,20
5.66192e+06,20,CTS,14
5.66198e+06,17,QOSDATA_TID6,1066
5.66217e+06,20,ACK,14
5.66221e+06,17,CTL,20
5.66231e+06,11,RTS,20
5.66231e+06,13,RTS,20
5.66231e+06,15,RTS,20
5.66242e+06,2,RTS,20
5.66249e+06,20,CTS,14
5.66255e+06,2,QOSDATA_TID6,1066
5.66274e+06,20,ACK,14
5.66278e+06,2,QOSDATA_TID6,1066
5.66296e+06,20,ACK,14
5.66301e+06,2,CTL,20
5.66309e+06,10,RTS,20
5.66309e+06,13,RTS,20
5.6632e+06,8,RTS,20
5.66327e+06,20,CTS,14
5.66333e+06,8,QOSDATA_TID6,1066
5.66351e+06,20,ACK,14
5.66356e+06,8,CTL,20
5.66364e+06,1,RTS,20
5.66364e+06,10,RTS,20
5.66371e+06,20,CTS,14
5.66377e+06,1,QOSDATA_TID6,1066
5.66396e+06,20,ACK,14
5.664e+06,1,QOSDATA_TID6,1066
5.66418e+06,20,ACK,14
5.66423e+06,1,CTL,20
5.66432e+06,11,RTS,20
5.66439e+06,20,CTS,14
5.66445e+06,11,QOSDATA_TID6,1066
5.66463e+06,20,ACK,14
5.66468e+06,11,CTL,20
5.66477e+06,16,RTS,20
5.66477e+06,18,RTS,20
5.66489e+06,15,RTS,20
5.66496e+06,20,CTS,14
5.66502e+06,15,QOSDATA_TID6,1066
5.6652e+06,20,ACK,14
5.66525e+06,15,QOSDATA_TID6,1066
5.66543e+06,20,ACK,14
5.66547e+06,15,CTL,20
5.66558e+06,0,RTS,20
5.66558e+06,7,RTS,20
5.66558e+06,18,RTS,20
5.66572e+06,9,RTS,20
5.66579e+06,20,CTS,14
5.66585e+06,9,QOSDATA_TID6,1066
5.66603e+06,20,ACK,14
5.66608e+06,9,CTL,20
5.66617e+06,7,RTS,20
5.66624e+06,20,CTS,14
5.6663e+06,7,QOSDATA_TID6,1066
5.66648e+06,20,ACK,14
5.66653e+06,7,CTL,20
5.66661e+06,0,RTS,20
5.66668e+06,20,CTS,14
5.66674e+06,0,QOSDATA_TID6,1066
5.66693e+06,20,ACK,14
5.66697e+06,0,CTL,20
5.66706e+06,14,RTS,20
5.66706e+06,10,RTS,20
5.66706e+06,3,RTS,20
5.66706e+06,13,RTS,20
5.66715e+06,6,RTS,20
5.66715e+06,4,RTS,20
5.66722e+06,20,CTS,14
5.66728e+06,6,QOSDATA_TID6,1066
5.66747e+06,20,ACK,14
5.66751e+06,6,QOSDATA_TID6,1066
5.66769e+06,20,ACK,14
5.66774e+06,6,CTL,20
5.66783e+06,17,RTS,20
5.66783e+06,3,RTS,20
5.66783e+06,1,RTS,20
5.66783e+06,11,RTS,20
5.66783e+06,16,RTS,20
5.66783e+06,4,RTS,20
5.66793e+06,12,RTS,20
5.66793e+06,18,RTS,20
5.668e+06,20,CTS,14
5.66806e+06,12,QOSDATA_TID6,1066
5.66824e+06,20,ACK,14
5.66829e+06,12,CTL,20
5.66837e+06,17,RTS,20
5.66844e+06,20,CTS,14
5.6685e+06,17,QOSDATA_TID6,1066
5.66868e+06,20,ACK,14
5.66873e+06,17,CTL,20
5.66882e+06,5,RTS,20
5.66888e+06,20,CTS,14
5.66894e+06,5,QOSDATA_TID6,1066
5.66913e+06,20,ACK,14
5.66917e+06,5,CTL,20
5.66926e+06,19,RTS,20
5.66926e+06,16,RTS,20
5.66926e+06,15,RTS,20
5.66926e+06,13,RTS,20
5.66936e+06,2,RTS,20
5.66936e+06,18,RTS,20
5.66936e+06,10,RTS,20
5.66947e+06,19,RTS,20
5.66947e+06,14,RTS,20
5.66947e+06,11,RTS,20
5.66958e+06,13,RTS,20
5.66965e+06,20,CTS,14
5.66971e+06,13,QOSDATA_TID6,1066
5.66989e+06,20,ACK,14
5.66993e+06,13,CTL,20
5.67003e+06,11,RTS,20
5.67003e+06,3,RTS,20
5.67013e+06,15,RTS,20
5.6702e+06,20,CTS,14
5.67026e+06,15,QOSDATA_TID6,1066
5.67044e+06,20,ACK,14
5.67048e+06,15,CTL,20
5.67057e+06,14,RTS,20
5.67064e+06,20,CTS,14
5.6707e+06,14,QOSDATA_TID6,1066
5.67088e+06,20,ACK,14
5.67092e+06,14,QOSDATA_TID6,1066
5.67111e+06,20,ACK,14
5.67115e+06,14,QOSDATA_TID6,1066
5.67134e+06,20,ACK,14
5.67138e+06,14,CTL,20
5.67148e+06,10,RTS,20
5.67148e+06,19,RTS,20
5.67154e+06,20,CTS,14
5.6716e+06,19,QOSDATA_TID6,1066
5.67179e+06,20,ACK,14
5.67183e+06,19,CTL,20
5.67193e+06,3,RTS,20
5.672e+06,20,CTS,14
5.67206e+06,3,QOSDATA_TID6,1066
5.67224e+06,20,ACK,14
5.67228e+06,3,CTL,20
5.67237e+06,8,RTS,20
5.67237e+06,16,RTS,20
5.67244e+06,20,CTS,14
5.6725e+06,8,QOSDATA_TID6,1066
5.67268e+06,20,ACK,14
5.67273e+06,8,CTL,20
5.67281e+06,16,RTS,20
5.67288e+06,20,CTS,14
5.67294e+06,16,QOSDATA_TID6,1066
5.67312e+06,20,ACK,14
5.67317e+06,16,QOSDATA_TID6,1066
5.67335e+06,20,ACK,14
5.6734e+06,16,QOSDATA_TID6,1066
5.67358e+06,20,ACK,14
5.67362e+06,16,CTL,20
5.67371e+06,4,RTS,20
5.67371e+06,1,RTS,20
5.67378e+06,20,CTS,14
5.67384e+06,1,QOSDATA_TID6,1066
5.67402e+06,20,ACK,14
5.67407e+06,1,CTL,20
5.67415e+06,11,RTS,20
5.67415e+06,9,RTS,20
5.67415e+06,13,RTS,20
5.67428e+06,0,RTS,20
5.67428e+06,7,RTS,20
5.67438e+06,9,RTS,20
5.67445e+06,20,CTS,14
5.67451e+06,9,QOSDATA_TID6,1066
5.6747e+06,20,ACK,14
5.67474e+06,9,CTL,20
5.67483e+06,3,RTS,20
5.67489e+06,20,CTS,14
5.67495e+06,3,QOSDATA_TID6,1066
5.67514e+06,20,ACK,14
5.67518e+06,3,CTL,20
5.67527e+06,10,RTS,20
5.67527e+06,18,RTS,20
5.67527e+06,19,RTS,20
5.67537e+06,13,RTS,20
5.67543e+06,20,CTS,14
5.67549e+06,13,QOSDATA_TID6,1066
5.67568e+06,20,ACK,14
5.67572e+06,13,CTL,20
5.67581e+06,2,RTS,20
5.67588e+06,20,CTS,14
5.67594e+06,2,QOSDATA_TID6,1066
5.67612e+06,20,ACK,14
5.67616e+06,2,CTL,20
5.67625e+06,18,RTS,20
5.67625e+06,0,RTS,20
5.67625e+06,1,RTS,20
5.67625e+06,6,RTS,20
5.67625e+06,7,RTS,20
5.67638e+06,4,RTS,20
5.67644e+06,20,CTS,14
5.6765e+06,4,QOSDATA_TID6,1066
5.67669e+06,20,ACK,14
5.67673e+06,4,QOSDATA_TID6,1066
5.67692e+06,20,ACK,14
5.67696e+06,4,QOSDATA_TID6,1066
5.67714e+06,20,ACK,14
5.67719e+06,4,QOSDATA_TID6,1066
5.67737e+06,20,ACK,14
5.67742e+06,4,CTL,20
5.6775e+06,15,RTS,20
5.6775e+06,2,RTS,20
5.6776e+06,12,RTS,20
5.67767e+06,20,CTS,14
5.67773e+06,12,QOSDATA_TID6,1066
5.67791e+06,20,ACK,14
5.67796e+06,12,CTL,20
5.67804e+06,0,CTS,14
5.67817e+06,0,RTS,20
5.67824e+06,20,CTS,14
5.6783e+06,0,QOSDATA_TID6,1066
5.67848e+06,20,ACK,14
5.67853e+06,0,CTL,20
5.67862e+06,6,RTS,20
5.67862e+06,10,RTS,20
5.67862e+06,5,RTS,20
5.67862e+06,17,RTS,20
5.67871e+06,8,RTS,20
5.67871e+06,15,RTS,20
5.67878e+06,20,CTS,14
5.67884e+06,8,QOSDATA_TID6,1066
5.67902e+06,20,ACK,14
5.67907e+06,8,CTL,20
5.67916e+06,15,RTS,20
5.67916e+06,10,RTS,20
5.67922e+06,20,CTS,14
5.67928e+06,15,QOSDATA_TID6,1066
5.67947e+06,20,ACK,14
5.67951e+06,15,CTL,20
5.67961e+06,2,RTS,20
5.67961e+06,11,RTS,20
5.6797e+06,14,RTS,20
5.67977e+06,20,CTS,14
5.67983e+06,14,QOSDATA_TID6,1066
5.68002e+06,20,ACK,14
5.68006e+06,14,CTL,20
5.68016e+06,11,RTS,20
5.68022e+06,20,CTS,14
5.68028e+06,11,QOSDATA_TID6,1066
5.68047e+06,20,ACK,14
5.68051e+06,11,QOSDATA_TID6,1066
5.6807e+06,20,ACK,14
5.68074e+06,11,CTL,20
5.68083e+06,16,RTS,20
5.68083e+06,7,RTS,20
5.68083e+06,19,RTS,20
5.68083e+06,10,RTS,20
5.68094e+06,2,RTS,20
5.68101e+06,20,CTS,14
5.68107e+06,2,QOSDATA_TID6,1066
5.68125e+06,20,ACK,14
5.6813e+06,2,CTL,20
5.68138e+06,6,RTS,20
5.68145e+06,20,CTS,14
5.68151e+06,6,QOSDATA_TID6,1066
5.6817e+06,20,ACK,14
5.68174e+06,6,CTL,20
5.68183e+06,10,RTS,20
5.68183e+06,5,RTS,20
5.68183e+06,17,RTS,20
5.68183e+06,13,RTS,20
5.68183e+06,19,RTS,20
5.68193e+06,1,RTS,20
5.68193e+06,0,RTS,20
5.68193e+06,9,RTS,20
5.68205e+06,10,RTS,20
5.68205e+06,13,RTS,20
5.68218e+06,10,RTS,20
5.68218e+06,17,RTS,20
5.68218e+06,5,RTS,20
5.68228e+06,0,RTS,20
5.68235e+06,20,CTS,14
5.68241e+06,0,QOSDATA_TID6,1066
5.68259e+06,20,ACK,14
5.68264e+06,0,CTL,20
5.68274e+06,18,RTS,20
5.68274e+06,12,RTS,20
5.68274e+06,17,RTS,20
5.68284e+06,3,RTS,20
5.68291e+06,20,CTS,14
5.68297e+06,3,QOSDATA_TID6,1066
5.68315e+06,20,ACK,14
5.6832e+06,3,CTL,20
5.68329e+06,12,RTS,20
5.68329e+06,6,RTS,20
5.68329e+06,11,RTS,20
5.68336e+06,20,CTS,14
5.68342e+06,12,QOSDATA_TID6,1066
5.6836e+06,20,ACK,14
5.68365e+06,12,CTL,20
5.68373e+06,13,RTS,20
5.68373e+06,9,RTS,20
5.68385e+06,16,RTS,20
5.68392e+06,20,CTS,14
5.68398e+06,16,QOSDATA_TID6,1066
5.68416e+06,20,ACK,14
5.6842e+06,16,CTL,20
5.68429e+06,1,RTS,20
5.68429e+06,17,RTS,20
5.6844e+06,11,RTS,20
5.68446e+06,20,CTS,14
5.68452e+06,11,QOSDATA_TID6,1066
5.68471e+06,20,ACK,14
5.68475e+06,11,CTL,20
5.68484e+06,4,RTS,20
5.68484e+06,6,RTS,20
5.68491e+06,20,CTS,14
5.68497e+06,6,QOSDATA_TID6,1066
5.68515e+06,20,ACK,14
5.6852e+06,6,CTL,20
5.68528e+06,13,RTS,20
5.68528e+06,4,RTS,20
5.68539e+06,2,RTS,20
5.68546e+06,20,CTS,14
5.68552e+06,2,QOSDATA_TID6,1066
5.6857e+06,20,ACK,14
5.68574e+06,2,CTL,20
5.68583e+06,9,RTS,20
5.68583e+06,10,RTS,20
5.68583e+06,7,RTS,20
5.6859e+06,20,CTS,14
5.68596e+06,7,QOSDATA_TID6,1066
5.68614e+06,20,ACK,14
5.68619e+06,7,QOSDATA_TID6,1066
5.68637e+06,20,ACK,14
5.68641e+06,7,CTL,20
5.68651e+06,17,RTS,20
5.68651e+06,5,RTS,20
5.68651e+06,19,RTS,20
5.68651e+06,18,RTS,20
5.68662e+06,13,RTS,20
5.68668e+06,20,CTS,14
5.68674e+06,13,QOSDATA_TID6,1066
5.68693e+06,20,ACK,14
5.68697e+06,13,CTL,20
5.68706e+06,15,RTS,20
5.68706e+06,8,RTS,20
5.68706e+06,9,RTS,20
5.68713e+06,20,CTS,14
5.68719e+06,8,QOSDATA_TID6,1066
5.68737e+06,20,ACK,14
5.68742e+06,8,CTL,20
5.68751e+06,17,RTS,20
5.68751e+06,1,RTS,20
5.68751e+06,18,RTS,20
5.68762e+06,15,RTS,20
5.68768e+06,20,CTS,14
5.68774e+06,15,QOSDATA_TID6,1066
5.68793e+06,20,ACK,14
5.68797e+06,15,CTL,20
5.68806e+06,14,RTS,20
5.68806e+06,9,RTS,20
5.68817e+06,17,RTS,20
5.68817e+06,4,RTS,20
5.68823e+06,20,CTS,14
5.68829e+06,17,QOSDATA_TID6,1066
5.68848e+06,20,ACK,14
5.68852e+06,17,CTL,20
5.68862e+06,19,RTS,20
5.68862e+06,16,RTS,20
5.68862e+06,14,RTS,20
5.68874e+06,18,RTS,20
5.68881e+06,20,CTS,14
5.68887e+06,18,QOSDATA_TID6,1066
5.68905e+06,20,ACK,14
5.6891e+06,18,QOSDATA_TID6,1066
5.68928e+06,20,ACK,14
5.68933e+06,18,QOSDATA_TID6,1066
5.68951e+06,20,ACK,14
5.68955e+06,18,QOSDATA_TID6,1066
5.68974e+06,20,ACK,14
5.68978e+06,18,CTL,20
5.68988e+06,10,RTS,20
5.68988e+06,0,RTS,20
5.68988e+06,7,RTS,20
5.68999e+06,5,RTS,20
5.69006e+06,20,CTS,14
5.69012e+06,5,QOSDATA_TID6,1066
5.6903e+06,20,ACK,14
5.69035e+06,5,QOSDATA_TID6,1066
5.69053e+06,20,ACK,14
5.69058e+06,5,CTL,20
5.69066e+06,19,RTS,20
5.69073e+06,20,CTS,14
5.69079e+06,19,QOSDATA_TID6,1066
5.69098e+06,20,ACK,14
5.69102e+06,19,QOSDATA_TID6,1066
5.6912e+06,20,ACK,14
5.69125e+06,19,QOSDATA_TID6,1066
5.69143e+06,20,ACK,14
5.69148e+06,19,CTL,20
5.69156e+06,3,RTS,20
5.69156e+06,7,RTS,20
5.69156e+06,6,RTS,20
5.69167e+06,10,RTS,20
5.69174e+06,20,CTS,14
5.6918e+06,10,QOSDATA_TID6,1066
5.69198e+06,20,ACK,14
5.69202e+06,10,QOSDATA_TID6,1066
5.69221e+06,20,ACK,14
5.69225e+06,10,CTL,20
5.69234e+06,5,RTS,20
5.69241e+06,20,CTS,14
5.69247e+06,5,QOSDATA_TID6,1066
5.69265e+06,20,ACK,14
5.69269e+06,5,CTL,20
5.69278e+06,12,RTS,20
5.69278e+06,11,RTS,20
5.69278e+06,9,RTS,20
5.69278e+06,13,RTS,20
5.69285e+06,20,CTS,14
5.69291e+06,12,QOSDATA_TID6,1066
5.69309e+06,20,ACK,14
5.69314e+06,12,CTL,20
5.69323e+06,1,RTS,20
5.69323e+06,4,RTS,20
5.69323e+06,10,RTS,20
5.6933e+06,20,CTS,14
5.69336e+06,1,QOSDATA_TID6,1066
5.69354e+06,20,ACK,14
5.69359e+06,1,QOSDATA_TID6,1066
5.69377e+06,20,ACK,14
5.69382e+06,1,QOSDATA_TID6,1066
5.694e+06,20,ACK,14
5.69404e+06,1,CTL,20
5.69414e+06,15,RTS,20
5.69421e+06,20,CTS,14
5.69427e+06,15,QOSDATA_TID6,1066
5.69445e+06,20,ACK,14
5.69449e+06,15,CTL,20
5.69458e+06,17,RTS,20
5.69458e+06,16,RTS,20
5.69458e+06,4,RTS,20
5.69458e+06,3,RTS,20
5.69465e+06,20,CTS,14
5.69471e+06,17,QOSDATA_TID6,1066
5.69489e+06,20,ACK,14
5.69494e+06,17,CTL,20
5.69503e+06,8,RTS,20
5.69503e+06,7,RTS,20
5.69503e+06,2,RTS,20
5.69503e+06,0,RTS,20
5.69503e+06,13,RTS,20
5.69513e+06,16,RTS,20
5.6952e+06,20,CTS,14
5.69526e+06,16,QOSDATA_TID6,1066
5.69544e+06,20,ACK,14
5.69548e+06,16,CTL,20
5.69557e+06,11,RTS,20
5.69564e+06,20,CTS,14
5.6957e+06,11,QOSDATA_TID6,1066
5.69588e+06,20,ACK,14
5.69593e+06,11,CTL,20
5.69601e+06,0,CTS,14
5.69601e+06,18,RTS,20
5.69601e+06,14,RTS,20
5.69614e+06,0,RTS,20
5.6962e+06,20,CTS,14
5.69626e+06,0,QOSDATA_TID6,1066
5.69645e+06,20,ACK,14
5.69649e+06,0,CTL,20
5.69658e+06,7,RTS,20
5.69658e+06,9,RTS,20
5.69658e+06,13,RTS,20
5.69665e+06,20,CTS,14
5.69671e+06,7,QOSDATA_TID6,1066
5.69689e+06,20,ACK,14
5.69693e+06,7,CTL,20
5.69702e+06,6,RTS,20
5.69702e+06,9,RTS,20
5.69709e+06,20,CTS,14
5.69715e+06,6,QOSDATA_TID6,1066
5.69733e+06,20,ACK,14
5.69738e+06,6,CTL,20
5.69747e+06,7,RTS,20
5.69747e+06,9,RTS,20
5.69747e+06,16,RTS,20
5.69754e+06,20,CTS,14
5.6976e+06,7,QOSDATA_TID6,1066
5.69778e+06,20,ACK,14
5.69783e+06,7,CTL,20
5.69791e+06,0,RTS,20
5.69798e+06,20,CTS,14
5.69804e+06,0,QOSDATA_TID6,1066
5.69822e+06,20,ACK,14
5.69827e+06,0,CTL,20
5.69836e+06,2,RTS,20
5.69836e+06,10,RTS,20
5.69836e+06,3,RTS,20
5.69836e+06,9,RTS,20
5.69846e+06,18,RTS,20
5.69846e+06,4,RTS,20
5.69846e+06,13,RTS,20
5.69857e+06,8,RTS,20
5.69864e+06,20,CTS,14
5.6987e+06,8,QOSDATA_TID6,1066
5.69888e+06,20,ACK,14
5.69892e+06,8,CTL,20
5.69901e+06,9,RTS,20
5.69901e+06,14,RTS,20
5.69911e+06,16,RTS,20
5.69918e+06,20,CTS,14
5.69924e+06,16,QOSDATA_TID6,1066
5.69942e+06,20,ACK,14
5.69946e+06,16,CTL,20
5.69955e+06,4,RTS,20
5.69955e+06,12,RTS,20
5.69955e+06,6,RTS,20
5.69962e+06,20,CTS,14
5.69968e+06,12,QOSDATA_TID6,1066
5.69986e+06,20,ACK,14
5.69991e+06,12,CTL,20
5.69999e+06,6,RTS,20
5.70006e+06,20,CTS,14
5.70012e+06,6,QOSDATA_TID6,1066
5.7003e+06,20,ACK,14
5.70035e+06,6,CTL,20
5.70044e+06,14,RTS,20
5.70044e+06,11,RTS,20
5.70054e+06,13,RTS,20
5.70054e+06,2,RTS,20
5.70065e+06,14,RTS,20
5.70072e+06,20,CTS,14
5.70078e+06,14,QOSDATA_TID6,1066
5.70096e+06,20,ACK,14
5.701e+06,14,QOSDATA_TID6,1066
5.70119e+06,20,ACK,14
5.70123e+06,14,CTL,20
5.70132e+06,11,RTS,20
5.70139e+06,20,CTS,14
5.70145e+06,11,QOSDATA_TID6,1066
5.70163e+06,20,ACK,14
5.70168e+06,11,CTL,20
5.70176e+06,1,RTS,20
5.70176e+06,17,RTS,20
5.70176e+06,19,RTS,20
5.70176e+06,2,RTS,20
5.70187e+06,15,RTS,20
5.70194e+06,20,CTS,14
5.702e+06,15,QOSDATA_TID6,1066
5.70218e+06,20,ACK,14
5.70222e+06,15,CTL,20
5.70231e+06,5,RTS,20
5.70231e+06,19,RTS,20
5.70238e+06,20,CTS,14
5.70244e+06,5,QOSDATA_TID6,1066
5.70262e+06,20,ACK,14
5.70267e+06,5,CTL,20
5.70276e+06,8,RTS,20
5.70276e+06,3,RTS,20
5.70283e+06,20,CTS,14
5.70289e+06,8,QOSDATA_TID6,1066
5.70307e+06,20,ACK,14
5.70312e+06,8,CTL,20
5.70322e+06,4,RTS,20
5.70322e+06,3,RTS,20
5.70322e+06,18,RTS,20
5.70322e+06,13,RTS,20
5.70322e+06,10,RTS,20
5.70322e+06,14,RTS,20
5.70333e+06,1,RTS,20
5.7034e+06,20,CTS,14
5.70346e+06,1,QOSDATA_TID6,1066
5.70364e+06,20,ACK,14
5.70368e+06,1,CTL,20
5.70377e+06,17,RTS,20
5.70384e+06,20,CTS,14
5.7039e+06,17,QOSDATA_TID6,1066
5.70408e+06,20,ACK,14
5.70413e+06,17,CTL,20
5.70421e+06,2,RTS,20
5.70421e+06,4,RTS,20
5.70428e+06,20,CTS,14
5.70434e+06,2,QOSDATA_TID6,1066
5.70452e+06,20,ACK,14
5.70457e+06,2,QOSDATA_TID6,1066
5.70475e+06,20,ACK,14
5.7048e+06,2,CTL,20
5.70488e+06,19,RTS,20
5.70495e+06,20,CTS,14
5.70501e+06,19,QOSDATA_TID6,1066
5.7052e+06,20,ACK,14
5.70524e+06,19,CTL,20
5.70532e+06,16,RTS,20
5.70539e+06,20,CTS,14
5.70545e+06,16,QOSDATA_TID6,1066
5.70564e+06,20,ACK,14
5.70568e+06,16,CTL,20
5.70577e+06,14,RTS,20
5.70577e+06,10,RTS,20
5.70587e+06,0,RTS,20
5.70594e+06,20,CTS,14
5.706e+06,0,QOSDATA_TID6,1066
5.70619e+06,20,ACK,14
5.70623e+06,0,CTL,20
5.70632e+06,10,RTS,20
5.70632e+06,9,RTS,20
5.70642e+06,12,RTS,20
5.70649e+06,20,CTS,14
5.70655e+06,12,QOSDATA_TID6,1066
5.70674e+06,20,ACK,14
5.70678e+06,12,CTL,20
5.70687e+06,11,RTS,20
5.70687e+06,4,RTS,20
5.70687e+06,13,RTS,20
5.70687e+06,14,RTS,20
5.70687e+06,9,RTS,20
5.70697e+06,19,RTS,20
5.70704e+06,20,CTS,14
5.7071e+06,19,QOSDATA_TID6,1066
5.70728e+06,20,ACK,14
5.70733e+06,19,CTL,20
5.70741e+06,11,RTS,20
5.70741e+06,13,RTS,20
5.70751e+06,18,RTS,20
5.70758e+06,20,CTS,14
5.70764e+06,18,QOSDATA_TID6,1066
5.70782e+06,20,ACK,14
5.70787e+06,18,QOSDATA_TID6,1066
5.70805e+06,20,ACK,14
5.7081e+06,18,CTL,20
5.70818e+06,7,RTS,20
5.70825e+06,20,CTS,14
5.70831e+06,7,QOSDATA_TID6,1066
5.70849e+06,20,ACK,14
5.70854e+06,7,CTL,20
5.70862e+06,13,RTS,20
5.70862e+06,1,RTS,20
5.70862e+06,5,RTS,20
5.70862e+06,11,RTS,20
5.70862e+06,15,RTS,20
5.70862e+06,2,RTS,20
5.70862e+06,10,RTS,20
5.70872e+06,6,RTS,20
5.70872e+06,17,RTS,20
5.70879e+06,20,CTS,14
5.70885e+06,17,QOSDATA_TID6,1066
5.70903e+06,20,ACK,14
5.70908e+06,17,CTL,20
5.70917e+06,4,RTS,20
5.70924e+06,20,CTS,14
5.7093e+06,4,QOSDATA_TID6,1066
5.70948e+06,20,ACK,14
5.70953e+06,4,QOSDATA_TID6,1066
5.70971e+06,20,ACK,14
5.70976e+06,4,QOSDATA_TID6,1066
5.70994e+06,20,ACK,14
5.70998e+06,4,CTL,20
5.71007e+06,5,RTS,20
5.71007e+06,15,RTS,20
5.71014e+06,20,CTS,14
5.7102e+06,5,QOSDATA_TID6,1066
5.71038e+06,20,ACK,14
5.71043e+06,5,CTL,20
5.71052e+06,3,RTS,20
5.71052e+06,9,RTS,20
5.71062e+06,6,RTS,20
5.71069e+06,20,CTS,14
5.71075e+06,6,QOSDATA_TID6,1066
5.71093e+06,20,ACK,14
5.71098e+06,6,CTL,20
5.71106e+06,18,RTS,20
5.71106e+06,15,RTS,20
5.71106e+06,11,RTS,20
5.71122e+06,11,RTS,20
5.71129e+06,20,CTS,14
5.71135e+06,11,QOSDATA_TID6,1066
5.71153e+06,20,ACK,14
5.71158e+06,11,CTL,20
5.71166e+06,15,RTS,20
5.71166e+06,18,RTS,20
5.71178e+06,8,RTS,20
5.71178e+06,1,RTS,20
5.71189e+06,10,RTS,20
5.71189e+06,14,RTS,20
5.71202e+06,10,RTS,20
5.71202e+06,1,RTS,20
5.71209e+06,20,CTS,14
5.71215e+06,1,QOSDATA_TID6,1066
5.71233e+06,20,ACK,14
5.71238e+06,1,CTL,20
5.71246e+06,10,RTS,20
5.71253e+06,20,CTS,14
5.71259e+06,10,QOSDATA_TID6,1066
5.71277e+06,20,ACK,14
5.71282e+06,10,QOSDATA_TID6,1066
5.713e+06,20,ACK,14
5.71305e+06,10,CTL,20
5.71313e+06,16,RTS,20
5.7132e+06,20,CTS,14
5.71326e+06,16,QOSDATA_TID6,1066
5.71344e+06,20,ACK,14
5.71349e+06,16,CTL,20
5.71357e+06,7,RTS,20
5.71357e+06,13,RTS,20
5.71357e+06,2,RTS,20
5.71368e+06,15,RTS,20
5.71375e+06,20,CTS,14
5.71381e+06,15,QOSDATA_TID6,1066
5.71399e+06,20,ACK,14
5.71404e+06,15,CTL,20
5.71412e+06,13,RTS,20
5.71412e+06,0,RTS,20
5.71419e+06,20,CTS,14
5.71425e+06,0,QOSDATA_TID6,1066
5.71444e+06,20,ACK,14
5.71448e+06,0,CTL,20
5.71456e+06,12,RTS,20
5.71463e+06,20,CTS,14
5.71469e+06,12,QOSDATA_TID6,1066
5.71488e+06,20,ACK,14
5.71492e+06,12,CTL,20
5.71501e+06,7,RTS,20
5.71501e+06,8,RTS,20
5.71501e+06,14,RTS,20
5.71501e+06,9,RTS,20
5.71512e+06,11,RTS,20
5.71519e+06,20,CTS,14
5.71525e+06,11,QOSDATA_TID6,1066
5.71544e+06,20,ACK,14
5.71548e+06,11,CTL,20
5.71556e+06,7,RTS,20
5.71556e+06,18,RTS,20
5.71563e+06,20,CTS,14
5.71569e+06,7,QOSDATA_TID6,1066
5.71588e+06,20,ACK,14
5.71592e+06,7,CTL,20
5.71602e+06,1,RTS,20
5.71602e+06,14,RTS,20
5.71608e+06,20,CTS,14
5.71614e+06,1,QOSDATA_TID6,1066
5.71633e+06,20,ACK,14
5.71637e+06,1,CTL,20
5.71647e+06,5,RTS,20
5.71654e+06,20,CTS,14
5.7166e+06,5,QOSDATA_TID6,1066
5.71678e+06,20,ACK,14
5.71682e+06,5,CTL,20
5.71691e+06,19,RTS,20
5.71691e+06,6,RTS,20
5.71691e+06,10,RTS,20
5.71702e+06,13,RTS,20
5.71708e+06,20,CTS,14
5.71714e+06,13,QOSDATA_TID6,1066
5.71733e+06,20,ACK,14
5.71737e+06,13,QOSDATA_TID6,1066
5.71756e+06,20,ACK,14
5.7176e+06,13,QOSDATA_TID6,1066
5.71778e+06,20,ACK,14
5.71783e+06,13,CTL,20
5.71791e+06,3,RTS,20
5.71791e+06,9,RTS,20
5.71801e+06,2,RTS,20
5.71801e+06,17,RTS,20
5.71801e+06,15,RTS,20
5.71801e+06,4,RTS,20
5.71814e+06,6,RTS,20
5.7182e+06,20,CTS,14
5.71826e+06,6,QOSDATA_TID6,1066
5.71845e+06,20,ACK,14
5.71849e+06,6,CTL,20
5.71859e+06,2,RTS,20
5.71866e+06,20,CTS,14
5.71872e+06,2,QOSDATA_TID6,1066
5.7189e+06,20,ACK,14
5.71894e+06,2,QOSDATA_TID6,1066
5.71913e+06,20,ACK,14
5.71917e+06,2,CTL,20
5.71926e+06,9,RTS,20
5.71926e+06,4,RTS,20
5.71937e+06,14,RTS,20
5.71943e+06,20,CTS,14
5.71949e+06,14,QOSDATA_TID6,1066
5.71968e+06,20,ACK,14
5.71972e+06,14,QOSDATA_TID6,1066
5.71991e+06,20,ACK,14
5.71995e+06,14,QOSDATA_TID6,1066
5.72013e+06,20,ACK,14
5.72018e+06,14,CTL,20
5.72026e+06,8,RTS,20
5.72026e+06,19,RTS,20
5.72033e+06,20,CTS,14
5.72039e+06,8,QOSDATA_TID6,1066
5.72058e+06,20,ACK,14
5.72062e+06,8,QOSDATA_TID6,1066
5.7208e+06,20,ACK,14
5.72085e+06,8,CTL,20
5.72093e+06,4,RTS,20
5.72093e+06,15,RTS,20
5.721e+06,20,CTS,14
5.72106e+06,15,QOSDATA_TID6,1066
5.72125e+06,20,ACK,14
5.72129e+06,15,CTL,20
5.72138e+06,3,RTS,20
5.72144e+06,20,CTS,14
5.7215e+06,3,QOSDATA_TID6,1066
5.72169e+06,20,ACK,14
5.72173e+06,3,QOSDATA_TID6,1066
5.72192e+06,20,ACK,14
5.72196e+06,3,QOSDATA_TID6,1066
5.72214e+06,20,ACK,14
5.72219e+06,3,CTL,20
5.72227e+06,18,RTS,20
5.72234e+06,20,CTS,14
5.7224e+06,18,QOSDATA_TID6,1066
5.72259e+06,20,ACK,14
5.72263e+06,18,QOSDATA_TID6,1066
5.72281e+06,20,ACK,14
5.72286e+06,18,CTL,20
5.72294e+06,0,RTS,20
5.72294e+06,17,RTS,20
5.72294e+06,19,RTS,20
5.72294e+06,13,RTS,20
5.72304e+06,16,RTS,20
5.72311e+06,20,CTS,14
5.72317e+06,16,QOSDATA_TID6,1066
5.72335e+06,20,ACK,14
5.7234e+06,16,CTL,20
5.72348e+06,11,RTS,20
5.72348e+06,7,RTS,20
5.72355e+06,20,CTS,14
5.72361e+06,7,QOSDATA_TID6,1066
5.7238e+06,20,ACK,14
5.72384e+06,7,CTL,20
5.72394e+06,1,RTS,20
5.72394e+06,3,RTS,20
5.72394e+06,9,RTS,20
5.72394e+06,10,RTS,20
5.72405e+06,6,RTS,20
5.72412e+06,20,CTS,14
5.72418e+06,6,QOSDATA_TID6,1066
5.72436e+06,20,ACK,14
5.72441e+06,6,CTL,20
5.72449e+06,13,RTS,20
5.72456e+06,20,CTS,14
5.72462e+06,13,QOSDATA_TID6,1066
5.7248e+06,20,ACK,14
5.72485e+06,13,CTL,20
5.72494e+06,3,RTS,20
5.725e+06,20,CTS,14
5.72506e+06,3,QOSDATA_TID6,1066
5.72525e+06,20,ACK,14
5.72529e+06,3,CTL,20
5.72538e+06,1,RTS,20
5.72544e+06,20,CTS,14
5.7255e+06,1,QOSDATA_TID6,1066
5.72569e+06,20,ACK,14
5.72573e+06,1,CTL,20
5.72582e+06,5,RTS,20
5.72582e+06,12,RTS,20
5.72582e+06,4,RTS,20
5.72582e+06,9,RTS,20
5.72582e+06,0,RTS,20
5.72582e+06,10,RTS,20
5.72592e+06,17,RTS,20
5.72599e+06,20,CTS,14
5.72605e+06,17,QOSDATA_TID6,1066
5.72623e+06,20,ACK,14
5.72627e+06,17,QOSDATA_TID6,1066
5.72646e+06,20,ACK,14
5.7265e+06,17,CTL,20
5.72659e+06,2,RTS,20
5.72659e+06,0,CTS,14
5.72659e+06,15,RTS,20
5.72669e+06,0,RTS,20
5.72676e+06,20,CTS,14
5.72682e+06,0,QOSDATA_TID6,1066
5.727e+06,20,ACK,14
5.72705e+06,0,CTL,20
5.72713e+06,14,RTS,20
5.72713e+06,5,RTS,20
5.72713e+06,19,RTS,20
5.72713e+06,11,RTS,20
5.7272e+06,20,CTS,14
5.72726e+06,5,QOSDATA_TID6,1066
5.72745e+06,20,ACK,14
5.72749e+06,5,CTL,20
5.72758e+06,2,RTS,20
5.72764e+06,20,CTS,14
5.7277e+06,2,QOSDATA_TID6,1066
5.72789e+06,20,ACK,14
5.72793e+06,2,CTL,20
5.72802e+06,18,RTS,20
5.72809e+06,20,CTS,14
5.72815e+06,18,QOSDATA_TID6,1066
5.72833e+06,20,ACK,14
5.72837e+06,18,CTL,20
5.72846e+06,8,RTS,20
5.72846e+06,14,RTS,20
5.72846e+06,12,RTS,20
5.72856e+06,16,RTS,20
5.72863e+06,20,CTS,14
5.72869e+06,16,QOSDATA_TID6,1066
5.72887e+06,20,ACK,14
5.72891e+06,16,CTL,20
5.729e+06,11,RTS,20
5.729e+06,9,RTS,20
5.729e+06,14,RTS,20
5.72911e+06,19,RTS,20
5.72918e+06,20,CTS,14
5.72924e+06,19,QOSDATA_TID6,1066
5.72942e+06,20,ACK,14
5.72946e+06,19,QOSDATA_TID6,1066
5.72965e+06,20,ACK,14
5.72969e+06,19,CTL,20
5.72978e+06,7,RTS,20
5.72984e+06,20,CTS,14
5.7299e+06,7,QOSDATA_TID6,1066
5.73009e+06,20,ACK,14
5.73013e+06,7,CTL,20
5.73022e+06,13,RTS,20
5.73022e+06,8,RTS,20
5.73022e+06,4,RTS,20
5.73022e+06,15,RTS,20
5.73022e+06,10,RTS,20
5.73032e+06,0,RTS,20
5.73038e+06,20,CTS,14
5.73044e+06,0,QOSDATA_TID6,1066
5.73063e+06,20,ACK,14
5.73067e+06,0,CTL,20
5.73077e+06,10,RTS,20
5.73077e+06,15,RTS,20
5.73077e+06,8,RTS,20
5.73077e+06,9,RTS,20
5.7309e+06,15,RTS,20
5.7309e+06,8,RTS,20
5.73097e+06,20,CTS,14
5.73103e+06,8,QOSDATA_TID6,1066
5.73121e+06,20,ACK,14
5.73126e+06,8,CTL,20
5.73134e+06,17,RTS,20
5.73134e+06,6,RTS,20
5.73141e+06,20,CTS,14
5.73147e+06,17,QOSDATA_TID6,1066
5.73165e+06,20,ACK,14
5.7317e+06,17,CTL,20
5.73179e+06,19,RTS,20
5.73186e+06,20,CTS,14
5.73192e+06,19,QOSDATA_TID6,1066
5.7321e+06,20,ACK,14
5.73215e+06,19,CTL,20
5.73223e+06,1,RTS,20
5.73223e+06,11,RTS,20
5.73223e+06,12,RTS,20
5.73223e+06,3,RTS,20
5.73223e+06,9,RTS,20
5.73233e+06,5,RTS,20
5.7324e+06,20,CTS,14
5.73246e+06,5,QOSDATA_TID6,1066
5.73264e+06,20,ACK,14
5.73269e+06,5,CTL,20
5.73277e+06,1,RTS,20
5.73277e+06,3,RTS,20
5.73284e+06,20,CTS,14
5.7329e+06,1,QOSDATA_TID6,1066
5.73309e+06,20,ACK,14
5.73313e+06,1,CTL,20
5.73322e+06,9,RTS,20
5.73329e+06,20,CTS,14
5.73335e+06,9,QOSDATA_TID6,1066
5.73354e+06,20,ACK,14
5.73358e+06,9,QOSDATA_TID6,1066
5.73376e+06,20,ACK,14
5.73381e+06,9,QOSDATA_TID6,1066
5.73399e+06,20,ACK,14
5.73404e+06,9,QOSDATA_TID6,1066
5.73422e+06,20,ACK,14
5.73426e+06,9,CTL,20
5.73435e+06,14,RTS,20
5.73435e+06,13,RTS,20
5.73445e+06,2,RTS,20
5.73452e+06,20,CTS,14
5.73458e+06,2,QOSDATA_TID6,1066
5.73476e+06,20,ACK,14
5.73481e+06,2,CTL,20
5.7349e+06,3,RTS,20
5.7349e+06,10,RTS,20
5.7349e+06,8,RTS,20
5.7349e+06,15,RTS,20
5.73502e+06,6,RTS,20
5.73508e+06,20,CTS,14
5.73514e+06,6,QOSDATA_TID6,1066
5.73533e+06,20,ACK,14
5.73537e+06,6,CTL,20
5.73546e+06,10,RTS,20
5.73553e+06,20,CTS,14
5.73559e+06,10,QOSDATA_TID6,1066
5.73577e+06,20,ACK,14
5.73582e+06,10,QOSDATA_TID6,1066
5.736e+06,20,ACK,14
5.73604e+06,10,QOSDATA_TID6,1066
5.73623e+06,20,ACK,14
5.73627e+06,10,CTL,20
5.73637e+06,18,RTS,20
5.73637e+06,12,RTS,20
5.73637e+06,4,RTS,20
5.73643e+06,20,CTS,14
5.73649e+06,12,QOSDATA_TID6,1066
5.73668e+06,20,ACK,14
5.73672e+06,12,QOSDATA_TID6,1066
5.73691e+06,20,ACK,14
5.73695e+06,12,CTL,20
5.73704e+06,16,RTS,20
5.73704e+06,4,RTS,20
5.73714e+06,3,RTS,20
5.73721e+06,20,CTS,14
5.73727e+06,3,QOSDATA_TID6,1066
5.73746e+06,20,ACK,14
5.7375e+06,3,CTL,20
5.73758e+06,15,RTS,20
5.73765e+06,20,CTS,14
5.73771e+06,15,QOSDATA_TID6,1066
5.7379e+06,20,ACK,14
5.73794e+06,15,QOSDATA_TID6,1066
5.73812e+06,20,ACK,14
5.73817e+06,15,CTL,20
5.73826e+06,14,RTS,20
5.73826e+06,13,RTS,20
5.73826e+06,0,RTS,20
5.73835e+06,16,RTS,20
5.73842e+06,20,CTS,14
5.73848e+06,16,QOSDATA_TID6,1066
5.73866e+06,20,ACK,14
5.73871e+06,16,CTL,20
5.7388e+06,9,RTS,20
5.73886e+06,20,CTS,14
5.73892e+06,9,QOSDATA_TID6,1066
5.73911e+06,20,ACK,14
5.73915e+06,9,CTL,20
5.73924e+06,3,RTS,20
5.73924e+06,18,RTS,20
5.73924e+06,11,RTS,20
5.73924e+06,14,RTS,20
5.73935e+06,8,RTS,20
5.73935e+06,19,RTS,20
5.73942e+06,20,CTS,14
5.73948e+06,8,QOSDATA_TID6,1066
5.73966e+06,20,ACK,14
5.73971e+06,8,CTL,20
5.7398e+06,0,RTS,20
5.7398e+06,13,RTS,20
5.7398e+06,6,RTS,20
5.73989e+06,12,RTS,20
5.73989e+06,17,RTS,20
5.73989e+06,18,RTS,20
5.73999e+06,4,RTS,20
5.74006e+06,20,CTS,14
5.74012e+06,4,QOSDATA_TID6,1066
5.7403e+06,20,ACK,14
5.74035e+06,4,QOSDATA_TID6,1066
5.74053e+06,20,ACK,14
5.74058e+06,4,CTL,20
5.74066e+06,5,RTS,20
5.74066e+06,13,RTS,20
5.74066e+06,2,RTS,20
5.74073e+06,20,CTS,14
5.74079e+06,5,QOSDATA_TID6,1066
5.74097e+06,20,ACK,14
5.74102e+06,5,CTL,20
5.7411e+06,2,RTS,20
5.7411e+06,4,RTS,20
5.74117e+06,20,CTS,14
5.74123e+06,2,QOSDATA_TID6,1066
5.74142e+06,20,ACK,14
5.74146e+06,2,CTL,20
5.74155e+06,17,RTS,20
5.74155e+06,6,RTS,20
5.74156e+06,7,RTS,20
5.74156e+06,4,RTS,20
5.74165e+06,15,RTS,20
5.74172e+06,20,CTS,14
5.74178e+06,15,QOSDATA_TID6,1066
5.74196e+06,20,ACK,14
5.74201e+06,15,CTL,20
5.7421e+06,6,RTS,20
5.7421e+06,10,RTS,20
5.74216e+06,20,CTS,14
5.74222e+06,6,QOSDATA_TID6,1066
5.74241e+06,20,ACK,14
5.74245e+06,6,CTL,20
5.74255e+06,12,RTS,20
5.74255e+06,3,RTS,20
5.74255e+06,1,RTS,20
5.74255e+06,11,RTS,20
5.74266e+06,13,RTS,20
5.74266e+06,18,RTS,20
5.74276e+06,8,RTS,20
5.74276e+06,14,RTS,20
5.74283e+06,20,CTS,14
5.74289e+06,8,QOSDATA_TID6,1066
5.74307e+06,20,ACK,14
5.74312e+06,8,CTL,20
5.7432e+06,11,RTS,20
5.7432e+06,3,RTS,20
5.7432e+06,18,RTS,20
5.7432e+06,13,RTS,20
5.7433e+06,12,RTS,20
5.74337e+06,20,CTS,14
5.74343e+06,12,QOSDATA_TID6,1066
5.74361e+06,20,ACK,14
5.74366e+06,12,CTL,20
5.74375e+06,1,RTS,20
5.74375e+06,18,RTS,20
5.74382e+06,20,CTS,14
5.74388e+06,1,QOSDATA_TID6,1066
5.74406e+06,20,ACK,14
5.74411e+06,1,CTL,20
5.74421e+06,17,RTS,20
5.74428e+06,20,CTS,14
5.74434e+06,17,QOSDATA_TID6,1066
5.74452e+06,20,ACK,14
5.74457e+06,17,CTL,20
5.74465e+06,19,RTS,20
5.74465e+06,11,RTS,20
5.74465e+06,0,CTS,14
5.74465e+06,13,RTS,20
5.74478e+06,11,RTS,20
5.74478e+06,13,RTS,20
5.7449e+06,7,RTS,20
5.74497e+06,20,CTS,14
5.74503e+06,7,QOSDATA_TID6,1066
5.74521e+06,20,ACK,14
5.74526e+06,7,CTL,20
5.74534e+06,13,RTS,20
5.74534e+06,18,RTS,20
5.74534e+06,10,RTS,20
5.74545e+06,14,RTS,20
5.74545e+06,16,RTS,20
5.74555e+06,10,RTS,20
5.74562e+06,20,CTS,14
5.74568e+06,10,QOSDATA_TID6,1066
5.74586e+06,20,ACK,14
5.7459e+06,10,CTL,20
5.746e+06,3,RTS,20
5.746e+06,7,RTS,20
5.74607e+06,20,CTS,14
5.74613e+06,7,QOSDATA_TID6,1066
5.74631e+06,20,ACK,14
5.74635e+06,7,CTL,20
5.74644e+06,12,RTS,20
5.74644e+06,19,RTS,20
5.74651e+06,20,CTS,14
5.74657e+06,12,QOSDATA_TID6,1066
5.74675e+06,20,ACK,14
5.7468e+06,12,CTL,20
5.74689e+06,19,RTS,20
5.74689e+06,14,RTS,20
5.74696e+06,20,CTS,14
5.74702e+06,19,QOSDATA_TID6,1066
5.7472e+06,20,ACK,14
5.74725e+06,19,QOSDATA_TID6,1066
5.74743e+06,20,ACK,14
5.74748e+06,19,CTL,20
5.74756e+06,14,RTS,20
5.74763e+06,20,CTS,14
5.74769e+06,14,QOSDATA_TID6,1066
5.74787e+06,20,ACK,14
5.74792e+06,14,QOSDATA_TID6,1066
5.7481e+06,20,ACK,14
5.74814e+06,14,CTL,20
5.74823e+06,6,RTS,20
5.74823e+06,18,RTS,20
5.74823e+06,1,RTS,20
5.74834e+06,9,RTS,20
5.74834e+06,13,RTS,20
5.74844e+06,17,RTS,20
5.74844e+06,5,RTS,20
5.74851e+06,20,CTS,14
5.74857e+06,5,QOSDATA_TID6,1066
5.74876e+06,20,ACK,14
5.7488e+06,5,CTL,20
5.7489e+06,4,RTS,20
5.74896e+06,20,CTS,14
5.74902e+06,4,QOSDATA_TID6,1066
5.74921e+06,20,ACK,14
5.74925e+06,4,QOSDATA_TID6,1066
5.74944e+06,20,ACK,14
5.74948e+06,4,CTL,20
5.74957e+06,11,RTS,20
5.74957e+06,15,RTS,20
5.74957e+06,18,RTS,20
5.74968e+06,6,RTS,20
5.74975e+06,20,CTS,14
5.74981e+06,6,QOSDATA_TID6,1066
5.75e+06,20,ACK,14
5.75004e+06,6,CTL,20
5.75012e+06,15,RTS,20
5.75012e+06,11,RTS,20
5.75021e+06,20,BEACON,152
5.75048e+06,18,RTS,20
5.75048e+06,10,RTS,20
5.75057e+06,2,RTS,20
5.75057e+06,15,RTS,20
5.75057e+06,11,RTS,20
5.7507e+06,11,RTS,20
5.75077e+06,20,CTS,14
5.75083e+06,11,QOSDATA_TID6,1066
5.75102e+06,20,ACK,14
5.75106e+06,11,QOSDATA_TID6,1066
5.75124e+06,20,ACK,14
5.75129e+06,11,QOSDATA_TID6,1066
5.75147e+06,20,ACK,14
5.75152e+06,11,CTL,20
5.7516e+06,8,RTS,20
5.75167e+06,20,CTS,14
5.75173e+06,8,QOSDATA_TID6,1066
5.75192e+06,20,ACK,14
5.75196e+06,8,CTL,20
5.75204e+06,3,RTS,20
5.75204e+06,15,RTS,20
5.75204e+06,10,RTS,20
5.75204e+06,14,RTS,20
5.75214e+06,2,RTS,20
5.75221e+06,20,CTS,14
5.75227e+06,2,QOSDATA_TID6,1066
5.75246e+06,20,ACK,14
5.7525e+06,2,CTL,20
5.75258e+06,1,RTS,20
5.75258e+06,16,RTS,20
5.75265e+06,20,CTS,14
5.75271e+06,1,QOSDATA_TID6,1066
5.7529e+06,20,ACK,14
5.75294e+06,1,CTL,20
5.75304e+06,18,RTS,20
5.7531e+06,20,CTS,14
5.75316e+06,18,QOSDATA_TID6,1066
5.75335e+06,20,ACK,14
5.75339e+06,18,QOSDATA_TID6,1066
5.75358e+06,20,ACK,14
5.75362e+06,18,CTL,20
5.75371e+06,10,RTS,20
5.75371e+06,0,RTS,20
5.75371e+06,17,RTS,20
5.75371e+06,13,RTS,20
5.75381e+06,9,RTS,20
5.75388e+06,20,CTS,14
5.75394e+06,9,QOSDATA_TID6,1066
5.75412e+06,20,ACK,14
5.75417e+06,9,QOSDATA_TID6,1066
5.75435e+06,20,ACK,14
5.7544e+06,9,CTL,20
5.75448e+06,17,RTS,20
5.75448e+06,14,RTS,20
5.75455e+06,20,CTS,14
5.75461e+06,17,QOSDATA_TID6,1066
5.7548e+06,20,ACK,14
5.75484e+06,17,CTL,20
5.75492e+06,11,RTS,20
5.75499e+06,20,CTS,14
5.75505e+06,11,QOSDATA_TID6,1066
5.75524e+06,20,ACK,14
5.75528e+06,11,CTL,20
5.75537e+06,1,RTS,20
5.75537e+06,12,RTS,20
5.75537e+06,7,RTS,20
5.75537e+06,3,RTS,20
5.75546e+06,17,RTS,20
5.75546e+06,16,RTS,20
5.75553e+06,20,CTS,14
5.75559e+06,17,QOSDATA_TID6,1066
5.75578e+06,20,ACK,14
5.75582e+06,17,CTL,20
5.75591e+06,15,RTS,20
5.75598e+06,20,CTS,14
5.75604e+06,15,QOSDATA_TID6,1066
5.75622e+06,20,ACK,14
5.75626e+06,15,CTL,20
5.75635e+06,6,RTS,20
5.75642e+06,20,CTS,14
5.75648e+06,6,QOSDATA_TID6,1066
5.75666e+06,20,ACK,14
5.7567e+06,6,CTL,20
5.75679e+06,14,RTS,20
5.75679e+06,15,RTS,20
5.75679e+06,7,RTS,20
5.75679e+06,19,RTS,20
5.7569e+06,4,RTS,20
5.7569e+06,13,RTS,20
5.757e+06,2,RTS,20
5.75706e+06,20,CTS,14
5.75712e+06,2,QOSDATA_TID6,1066
5.75731e+06,20,ACK,14
5.75735e+06,2,CTL,20
5.75745e+06,3,RTS,20
5.75745e+06,10,RTS,20
5.75745e+06,5,RTS,20
5.75745e+06,19,RTS,20
5.75752e+06,20,CTS,14
5.75758e+06,5,QOSDATA_TID6,1066
5.75776e+06,20,ACK,14
5.7578e+06,5,CTL,20
5.7579e+06,19,RTS,20
5.7579e+06,0,RTS,20
5.7579e+06,10,RTS,20
5.7579e+06,13,RTS,20
5.758e+06,12,RTS,20
5.75806e+06,20,CTS,14
5.75812e+06,12,QOSDATA_TID6,1066
5.75831e+06,20,ACK,14
5.75835e+06,12,CTL,20
5.75845e+06,7,RTS,20
5.75845e+06,4,RTS,20
5.75845e+06,13,RTS,20
5.75845e+06,0,RTS,20
5.75845e+06,18,RTS,20
5.75856e+06,19,RTS,20
5.75856e+06,14,RTS,20
5.75863e+06,20,CTS,14
5.75869e+06,19,QOSDATA_TID6,1066
5.75888e+06,20,ACK,14
5.75892e+06,19,CTL,20
5.75901e+06,8,RTS,20
5.75907e+06,20,CTS,14
5.75913e+06,8,QOSDATA_TID6,1066
5.75932e+06,20,ACK,14
5.75936e+06,8,CTL,20
5.75946e+06,13,RTS,20
5.75952e+06,20,CTS,14
5.75958e+06,13,QOSDATA_TID6,1066
5.75977e+06,20,ACK,14
5.75981e+06,13,QOSDATA_TID6,1066
5.76e+06,20,ACK,14
5.76004e+06,13,CTL,20
5.76013e+06,15,RTS,20
5.76013e+06,16,RTS,20
5.76013e+06,1,RTS,20
5.76013e+06,10,RTS,20
5.76023e+06,7,RTS,20
5.7603e+06,20,CTS,14
5.76036e+06,7,QOSDATA_TID6,1066
5.76055e+06,20,ACK,14
5.76059e+06,7,CTL,20
5.76068e+06,3,RTS,20
5.76074e+06,20,CTS,14
5.7608e+06,3,QOSDATA_TID6,1066
5.76099e+06,20,ACK,14
5.76103e+06,3,QOSDATA_TID6,1066
5.76122e+06,20,ACK,14
5.76126e+06,3,CTL,20
5.76135e+06,0,RTS,20
5.76135e+06,16,RTS,20
5.76141e+06,20,CTS,14
5.76147e+06,0,QOSDATA_TID6,1066
5.76166e+06,20,ACK,14
5.7617e+06,0,QOSDATA_TID6,1066
5.76189e+06,20,ACK,14
5.76193e+06,0,QOSDATA_TID6,1066
5.76211e+06,20,ACK,14
5.76216e+06,0,QOSDATA_TID6,1066
5.76234e+06,20,ACK,14
5.76239e+06,0,CTL,20
5.76247e+06,13,RTS,20
5.76254e+06,20,CTS,14
5.7626e+06,13,QOSDATA_TID6,1066
5.76278e+06,20,ACK,14
5.76283e+06,13,CTL,20
5.76291e+06,4,RTS,20
5.76291e+06,16,RTS,20
5.76301e+06,12,RTS,20
5.76301e+06,3,RTS,20
5.76301e+06,14,RTS,20
5.76308e+06,20,CTS,14
5.76314e+06,12,QOSDATA_TID6,1066
5.76332e+06,20,ACK,14
5.76337e+06,12,CTL,20
5.76345e+06,17,RTS,20
5.76345e+06,6,RTS,20
5.76345e+06,3,RTS,20
5.76352e+06,20,CTS,14
5.76358e+06,17,QOSDATA_TID6,1066
5.76377e+06,20,ACK,14
5.76381e+06,17,CTL,20
5.7639e+06,19,RTS,20
5.7639e+06,7,RTS,20
5.7639e+06,9,RTS,20
5.7639e+06,18,RTS,20
5.764e+06,15,RTS,20
5.76407e+06,20,CTS,14
5.76413e+06,15,QOSDATA_TID6,1066
5.76432e+06,20,ACK,14
5.76436e+06,15,CTL,20
5.76444e+06,11,RTS,20
5.76444e+06,16,RTS,20
5.76454e+06,5,RTS,20
5.76461e+06,20,CTS,14
5.76467e+06,5,QOSDATA_TID6,1066
5.76486e+06,20,ACK,14
5.7649e+06,5,CTL,20
5.76498e+06,7,RTS,20
5.76498e+06,14,RTS,20
5.76505e+06,20,CTS,14
5.76511e+06,7,QOSDATA_TID6,1066
5.7653e+06,20,ACK,14
5.76534e+06,7,CTL,20
5.76543e+06,3,RTS,20
5.7655e+06,20,CTS,14
5.76556e+06,3,QOSDATA_TID6,1066
5.76574e+06,20,ACK,14
5.76578e+06,3,CTL,20
5.76587e+06,9,RTS,20
5.76594e+06,20,CTS,14
5.766e+06,9,QOSDATA_TID6,1066
5.76618e+06,20,ACK,14
5.76623e+06,9,CTL,20
5.76631e+06,2,RTS,20
5.76631e+06,10,RTS,20
5.76638e+06,20,CTS,14
5.76644e+06,2,QOSDATA_TID6,1066
5.76662e+06,20,ACK,14
5.76667e+06,2,CTL,20
5.76675e+06,15,RTS,20
5.76675e+06,4,RTS,20
5.76682e+06,20,CTS,14
5.76688e+06,15,QOSDATA_TID6,1066
5.76707e+06,20,ACK,14
5.76711e+06,15,CTL,20
5.7672e+06,6,RTS,20
5.7672e+06,1,RTS,20
5.7672e+06,19,RTS,20
5.7672e+06,16,RTS,20
5.7673e+06,8,RTS,20
5.76737e+06,20,CTS,14
5.76743e+06,8,QOSDATA_TID6,1066
5.76762e+06,20,ACK,14
5.76766e+06,8,CTL,20
5.76774e+06,10,RTS,20
5.76781e+06,20,CTS,14
5.76787e+06,10,QOSDATA_TID6,1066
5.76806e+06,20,ACK,14
5.7681e+06,10,QOSDATA_TID6,1066
5.76828e+06,20,ACK,14
5.76833e+06,10,CTL,20
5.76842e+06,18,RTS,20
5.76842e+06,6,RTS,20
5.76842e+06,4,RTS,20
5.76856e+06,18,RTS,20
5.76856e+06,4,RTS,20
5.76856e+06,1,RTS,20
5.76868e+06,14,RTS,20
5.76869e+06,4,RTS,20
5.76885e+06,14,RTS,20
5.76892e+06,20,CTS,14
5.76898e+06,14,QOSDATA_TID6,1066
5.76916e+06,20,ACK,14
5.76921e+06,14,QOSDATA_TID6,1066
5.76939e+06,20,ACK,14
5.76943e+06,14,CTL,20
5.76952e+06,0,RTS,20
5.76952e+06,7,RTS,20
5.76967e+06,7,RTS,20
5.76974e+06,20,CTS,14
5.7698e+06,7,QOSDATA_TID6,1066
5.76998e+06,20,ACK,14
5.77002e+06,7,CTL,20
5.77013e+06,13,RTS,20
5.77013e+06,16,RTS,20
5.77013e+06,4,RTS,20
5.77023e+06,9,RTS,20
5.7703e+06,20,CTS,14
5.77036e+06,9,QOSDATA_TID6,1066
5.77054e+06,20,ACK,14
5.77058e+06,9,CTL,20
5.77067e+06,0,RTS,20
5.77074e+06,20,CTS,14
5.7708e+06,0,QOSDATA_TID6,1066
5.77098e+06,20,ACK,14
5.77102e+06,0,CTL,20
5.77111e+06,3,RTS,20
5.77111e+06,19,RTS,20
5.77118e+06,20,CTS,14
5.77124e+06,19,QOSDATA_TID6,1066
5.77142e+06,20,ACK,14
5.77147e+06,19,QOSDATA_TID6,1066
5.77165e+06,20,ACK,14
5.7717e+06,19,CTL,20
5.77178e+06,6,RTS,20
5.77185e+06,20,CTS,14
5.77191e+06,6,QOSDATA_TID6,1066
5.77209e+06,20,ACK,14
5.77214e+06,6,QOSDATA_TID6,1066
5.77232e+06,20,ACK,14
5.77236e+06,6,CTL,20
5.77245e+06,12,RTS,20
5.77245e+06,4,RTS,20
5.77252e+06,20,CTS,14
5.77258e+06,12,QOSDATA_TID6,1066
5.77276e+06,20,ACK,14
5.77281e+06,12,CTL,20
5.77289e+06,2,RTS,20
5.77296e+06,20,CTS,14
5.77302e+06,2,QOSDATA_TID6,1066
5.7732e+06,20,ACK,14
5.77325e+06,2,CTL,20
5.77334e+06,3,RTS,20
5.77334e+06,18,RTS,20
5.77334e+06,17,RTS,20
5.77334e+06,15,RTS,20
5.77348e+06,3,RTS,20
5.77354e+06,20,CTS,14
5.7736e+06,3,QOSDATA_TID6,1066
5.77379e+06,20,ACK,14
5.77383e+06,3,CTL,20
5.77393e+06,10,RTS,20
5.77393e+06,1,RTS,20
5.77393e+06,11,RTS,20
5.77404e+06,13,RTS,20
5.77404e+06,15,RTS,20
5.77416e+06,5,RTS,20
5.77423e+06,20,CTS,14
5.77429e+06,5,QOSDATA_TID6,1066
5.77447e+06,20,ACK,14
5.77452e+06,5,CTL,20
5.7746e+06,13,RTS,20
5.77467e+06,20,CTS,14
5.77473e+06,13,QOSDATA_TID6,1066
5.77491e+06,20,ACK,14
5.77496e+06,13,CTL,20
5.77504e+06,16,RTS,20
5.77504e+06,17,RTS,20
5.77511e+06,20,CTS,14
5.77517e+06,17,QOSDATA_TID6,1066
5.77536e+06,20,ACK,14
5.7754e+06,17,CTL,20
5.77548e+06,14,RTS,20
5.77555e+06,20,CTS,14
5.77561e+06,14,QOSDATA_TID6,1066
5.7758e+06,20,ACK,14
5.77584e+06,14,CTL,20
5.77593e+06,8,RTS,20
5.77593e+06,1,RTS,20
5.77602e+06,15,RTS,20
5.77602e+06,10,RTS,20
5.77609e+06,20,CTS,14
5.77615e+06,15,QOSDATA_TID6,1066
5.77634e+06,20,ACK,14
5.77638e+06,15,CTL,20
5.77647e+06,11,RTS,20
5.77654e+06,20,CTS,14
5.7766e+06,11,QOSDATA_TID6,1066
5.77678e+06,20,ACK,14
5.77682e+06,11,QOSDATA_TID6,1066
5.77701e+06,20,ACK,14
5.77705e+06,11,CTL,20
5.77715e+06,4,RTS,20
5.77715e+06,0,RTS,20
5.77715e+06,18,RTS,20
5.77726e+06,8,RTS,20
5.77726e+06,1,RTS,20
5.77737e+06,0,RTS,20
5.77744e+06,20,CTS,14
5.7775e+06,0,QOSDATA_TID6,1066
5.77768e+06,20,ACK,14
5.77772e+06,0,CTL,20
5.77781e+06,18,RTS,20
5.77781e+06,16,RTS,20
5.77797e+06,18,RTS,20
5.77804e+06,20,CTS,14
5.7781e+06,18,QOSDATA_TID6,1066
5.77828e+06,20,ACK,14
5.77832e+06,18,QOSDATA_TID6,1066
5.77851e+06,20,ACK,14
5.77855e+06,18,CTL,20
5.77864e+06,3,RTS,20
5.77864e+06,16,RTS,20
5.77877e+06,3,RTS,20
5.77884e+06,20,CTS,14
5.7789e+06,3,QOSDATA_TID6,1066
5.77908e+06,20,ACK,14
5.77913e+06,3,CTL,20
5.77921e+06,11,RTS,20
5.77928e+06,20,CTS,14
5.77934e+06,11,QOSDATA_TID6,1066
5.77952e+06,20,ACK,14
5.77957e+06,11,CTL,20
5.77965e+06,7,RTS,20
5.77965e+06,19,RTS,20
5.77965e+06,13,RTS,20
5.77965e+06,9,RTS,20
5.77976e+06,6,RTS,20
5.77983e+06,20,CTS,14
5.77989e+06,6,QOSDATA_TID6,1066
5.78007e+06,20,ACK,14
5.78012e+06,6,CTL,20
5.7802e+06,4,RTS,20
5.78027e+06,20,CTS,14
5.78033e+06,4,QOSDATA_TID6,1066
5.78052e+06,20,ACK,14
5.78056e+06,4,QOSDATA_TID6,1066
5.78074e+06,20,ACK,14
5.78079e+06,4,CTL,20
5.78087e+06,16,RTS,20
5.78087e+06,12,RTS,20
5.78087e+06,8,RTS,20
5.78097e+06,15,RTS,20
5.78104e+06,20,CTS,14
5.7811e+06,15,QOSDATA_TID6,1066
5.78128e+06,20,ACK,14
5.78133e+06,15,CTL,20
5.78141e+06,13,RTS,20
5.78141e+06,2,RTS,20
5.78141e+06,10,RTS,20
5.78152e+06,17,RTS,20
5.78152e+06,4,RTS,20
5.78159e+06,20,CTS,14
5.78165e+06,17,QOSDATA_TID6,1066
5.78183e+06,20,ACK,14
5.78188e+06,17,CTL,20
5.78197e+06,5,RTS,20
5.78197e+06,7,RTS,20
5.78204e+06,20,CTS,14
5.7821e+06,5,QOSDATA_TID6,1066
5.78228e+06,20,ACK,14
5.78233e+06,5,CTL,20
5.78243e+06,4,RTS,20
5.7825e+06,20,CTS,14
5.78256e+06,4,QOSDATA_TID6,1066
5.78274e+06,20,ACK,14
5.78279e+06,4,CTL,20
5.78287e+06,19,RTS,20
5.78287e+06,9,RTS,20
5.78287e+06,18,RTS,20
5.78298e+06,7,RTS,20
5.78298e+06,13,RTS,20
5.78305e+06,20,CTS,14
5.78311e+06,7,QOSDATA_TID6,1066
5.78329e+06,20,ACK,14
5.78334e+06,7,CTL,20
5.78342e+06,2,RTS,20
5.78342e+06,14,RTS,20
5.78349e+06,20,CTS,14
5.78355e+06,2,QOSDATA_TID6,1066
5.78374e+06,20,ACK,14
5.78378e+06,2,CTL,20
5.78386e+06,12,RTS,20
5.78393e+06,20,CTS,14
5.78399e+06,12,QOSDATA_TID6,1066
5.78418e+06,20,ACK,14
5.78422e+06,12,CTL,20
5.78431e+06,1,RTS,20
5.78431e+06,16,RTS,20
5.78431e+06,14,RTS,20
5.7844e+06,9,RTS,20
5.78447e+06,20,CTS,14
5.78453e+06,9,QOSDATA_TID6,1066
5.78472e+06,20,ACK,14
5.78476e+06,9,CTL,20
5.78486e+06,10,RTS,20
5.78486e+06,13,RTS,20
5.78495e+06,19,RTS,20
5.78502e+06,20,CTS,14
5.78508e+06,19,QOSDATA_TID6,1066
5.78527e+06,20,ACK,14
5.78531e+06,19,CTL,20
5.7854e+06,1,RTS,20
5.7854e+06,8,RTS,20
5.7855e+06,7,RTS,20
5.78557e+06,20,CTS,14
5.78563e+06,7,QOSDATA_TID6,1066
5.78582e+06,20,ACK,14
5.78586e+06,7,CTL,20
5.78594e+06,0,RTS,20
5.78594e+06,14,RTS,20
5.78594e+06,18,RTS,20
5.78594e+06,9,RTS,20
5.78605e+06,13,RTS,20
5.78612e+06,20,CTS,14
5.78618e+06,13,QOSDATA_TID6,1066
5.78636e+06,20,ACK,14
5.78641e+06,13,QOSDATA_TID6,1066
5.78659e+06,20,ACK,14
5.78664e+06,13,CTL,20
5.78672e+06,12,RTS,20
5.78672e+06,14,RTS,20
5.78672e+06,1,RTS,20
5.78672e+06,18,RTS,20
5.78672e+06,3,RTS,20
5.78684e+06,16,RTS,20
5.78691e+06,20,CTS,14
5.78697e+06,16,QOSDATA_TID6,1066
5.78715e+06,20,ACK,14
5.78719e+06,16,QOSDATA_TID6,1066
5.78738e+06,20,ACK,14
5.78742e+06,16,QOSDATA_TID6,1066
5.78761e+06,20,ACK,14
5.78765e+06,16,QOSDATA_TID6,1066
5.78783e+06,20,ACK,14
5.78788e+06,16,CTL,20
5.78796e+06,11,RTS,20
5.78803e+06,20,CTS,14
5.78809e+06,11,QOSDATA_TID6,1066
5.78828e+06,20,ACK,14
5.78832e+06,11,CTL,20
5.78841e+06,8,RTS,20
5.78841e+06,17,RTS,20
5.7885e+06,18,RTS,20
5.78857e+06,20,CTS,14
5.78863e+06,18,QOSDATA_TID6,1066
5.78882e+06,20,ACK,14
5.78886e+06,18,CTL,20
5.78895e+06,3,RTS,20
5.78895e+06,5,RTS,20
5.78895e+06,17,RTS,20
5.78895e+06,19,RTS,20
5.78895e+06,4,RTS,20
5.78904e+06,6,RTS,20
5.78904e+06,10,RTS,20
5.78911e+06,20,CTS,14
5.78917e+06,6,QOSDATA_TID6,1066
5.78936e+06,20,ACK,14
5.7894e+06,6,CTL,20
5.78949e+06,1,RTS,20
5.78956e+06,20,CTS,14
5.78962e+06,1,QOSDATA_TID6,1066
5.7898e+06,20,ACK,14
5.78984e+06,1,QOSDATA_TID6,1066
5.79003e+06,20,ACK,14
5.79007e+06,1,QOSDATA_TID6,1066
5.79026e+06,20,ACK,14
5.7903e+06,1,QOSDATA_TID6,1066
5.79048e+06,20,ACK,14
5.79053e+06,1,CTL,20
5.79061e+06,4,RTS,20
5.79061e+06,0,RTS,20
5.79061e+06,15,RTS,20
5.79071e+06,3,RTS,20
5.79078e+06,20,CTS,14
5.79084e+06,3,QOSDATA_TID6,1066
5.79102e+06,20,ACK,14
5.79107e+06,3,CTL,20
5.79115e+06,12,RTS,20
5.79122e+06,20,CTS,14
5.79128e+06,12,QOSDATA_TID6,1066
5.79146e+06,20,ACK,14
5.79151e+06,12,CTL,20
5.7916e+06,5,RTS,20
5.7916e+06,19,RTS,20
5.7916e+06,4,RTS,20
5.7916e+06,2,RTS,20
5.7916e+06,18,RTS,20
5.7916e+06,9,RTS,20
5.7916e+06,10,RTS,20
5.79166e+06,20,CTS,14
5.79172e+06,5,QOSDATA_TID6,1066
5.79191e+06,20,ACK,14
5.79195e+06,5,CTL,20
5.79204e+06,8,RTS,20
5.79204e+06,17,RTS,20
5.79214e+06,9,RTS,20
5.7922e+06,20,CTS,14
5.79226e+06,9,QOSDATA_TID6,1066
5.79245e+06,20,ACK,14
5.79249e+06,9,CTL,20
5.79258e+06,8,RTS,20
5.79258e+06,4,RTS,20
5.79264e+06,20,CTS,14
5.7927e+06,8,QOSDATA_TID6,1066
5.79289e+06,20,ACK,14
5.79293e+06,8,QOSDATA_TID6,1066
5.79312e+06,20,ACK,14
5.79316e+06,8,QOSDATA_TID6,1066
5.79334e+06,20,ACK,14
5.79339e+06,8,CTL,20
5.79348e+06,7,RTS,20
5.79348e+06,14,RTS,20
5.79354e+06,20,CTS,14
5.7936e+06,7,QOSDATA_TID6,1066
5.79379e+06,20,ACK,14
5.79383e+06,7,CTL,20
5.79393e+06,16,RTS,20
5.79393e+06,15,RTS,20
5.79393e+06,2,RTS,20
5.79403e+06,19,RTS,20
5.7941e+06,20,CTS,14
5.79416e+06,19,QOSDATA_TID6,1066
5.79434e+06,20,ACK,14
5.79439e+06,19,CTL,20
5.79448e+06,0,CTS,14
5.79458e+06,0,RTS,20
5.79465e+06,20,CTS,14
5.79471e+06,0,QOSDATA_TID6,1066
5.79489e+06,20,ACK,14
5.79494e+06,0,QOSDATA_TID6,1066
5.79512e+06,20,ACK,14
5.79516e+06,0,CTL,20
5.79525e+06,6,RTS,20
5.79525e+06,11,RTS,20
5.79525e+06,16,RTS,20
5.79535e+06,9,RTS,20
5.79542e+06,20,CTS,14
5.79548e+06,9,QOSDATA_TID6,1066
5.79566e+06,20,ACK,14
5.7957e+06,9,CTL,20
5.79579e+06,3,RTS,20
5.79579e+06,19,RTS,20
5.79579e+06,17,RTS,20
5.79579e+06,12,RTS,20
5.7959e+06,16,RTS,20
5.7959e+06,13,RTS,20
5.7959e+06,10,RTS,20
5.796e+06,14,RTS,20
5.79606e+06,20,CTS,14
5.79612e+06,14,QOSDATA_TID6,1066
5.79631e+06,20,ACK,14
5.79635e+06,14,QOSDATA_TID6,1066
5.79654e+06,20,ACK,14
5.79658e+06,14,CTL,20
5.79668e+06,6,RTS,20
5.79668e+06,18,RTS,20
5.79668e+06,12,RTS,20
5.79668e+06,5,RTS,20
5.79668e+06,1,RTS,20
5.79679e+06,17,RTS,20
5.79679e+06,15,RTS,20
5.79679e+06,4,RTS,20
5.79686e+06,20,CTS,14
5.79692e+06,17,QOSDATA_TID6,1066
5.7971e+06,20,ACK,14
5.79715e+06,17,QOSDATA_TID6,1066
5.79733e+06,20,ACK,14
5.79738e+06,17,CTL,20
5.79747e+06,4,RTS,20
5.79754e+06,20,CTS,14
5.7976e+06,4,QOSDATA_TID6,1066
5.79778e+06,20,ACK,14
5.79783e+06,4,QOSDATA_TID6,1066
5.79801e+06,20,ACK,14
5.79805e+06,4,CTL,20
5.79814e+06,12,RTS,20
5.79821e+06,20,CTS,14
5.79827e+06,12,QOSDATA_TID6,1066
5.79845e+06,20,ACK,14
5.7985e+06,12,CTL,20
5.79858e+06,5,RTS,20
5.79858e+06,15,RTS,20
5.79858e+06,2,RTS,20
5.79858e+06,10,RTS,20
5.79865e+06,20,CTS,14
5.79871e+06,5,QOSDATA_TID6,1066
5.79889e+06,20,ACK,14
5.79894e+06,5,CTL,20
5.79902e+06,10,RTS,20
5.79909e+06,20,CTS,14
5.79915e+06,10,QOSDATA_TID6,1066
5.79934e+06,20,ACK,14
5.79938e+06,10,QOSDATA_TID6,1066
5.79956e+06,20,ACK,14
5.79961e+06,10,QOSDATA_TID6,1066
5.79979e+06,20,ACK,14
5.79984e+06,10,CTL,20
5.79992e+06,3,RTS,20
5.79992e+06,8,RTS,20
5.79992e+06,1,RTS,20
5.79992e+06,11,RTS,20
5.79992e+06,13,RTS,20
5.80002e+06,18,RTS,20
5.80009e+06,20,CTS,14
5.80015e+06,18,QOSDATA_TID6,1066
5.80033e+06,20,ACK,14
5.80038e+06,18,QOSDATA_TID6,1066
5.80056e+06,20,ACK,14
5.8006e+06,18,CTL,20
5.80069e+06,8,RTS,20
5.80069e+06,14,RTS,20
5.80076e+06,20,CTS,14
5.80082e+06,8,QOSDATA_TID6,1066
5.801e+06,20,ACK,14
5.80105e+06,8,CTL,20
5.80113e+06,0,RTS,20
5.8012e+06,20,CTS,14
5.80126e+06,0,QOSDATA_TID6,1066
5.80144e+06,20,ACK,14
5.80149e+06,0,CTL,20
5.80157e+06,6,RTS,20
5.80157e+06,2,RTS,20
5.80168e+06,7,RTS,20
5.80168e+06,16,RTS,20
5.80175e+06,20,CTS,14
5.80181e+06,7,QOSDATA_TID6,1066
5.80199e+06,20,ACK,14
5.80204e+06,7,CTL,20
5.80212e+06,6,RTS,20
5.80212e+06,9,RTS,20
5.80219e+06,20,CTS,14
5.80225e+06,6,QOSDATA_TID6,1066
5.80244e+06,20,ACK,14
5.80248e+06,6,CTL,20
5.80256e+06,12,RTS,20
5.80263e+06,20,CTS,14
5.80269e+06,12,QOSDATA_TID6,1066
5.80288e+06,20,ACK,14
5.80292e+06,12,CTL,20
5.80301e+06,19,RTS,20
5.80301e+06,2,RTS,20
5.80311e+06,15,RTS,20
5.80311e+06,14,RTS,20
5.80311e+06,13,RTS,20
5.80321e+06,2,RTS,20
5.80328e+06,20,CTS,14
5.80334e+06,2,QOSDATA_TID6,1066
5.80352e+06,20,ACK,14
5.80357e+06,2,QOSDATA_TID6,1066
5.80375e+06,20,ACK,14
5.8038e+06,2,CTL,20
5.80388e+06,17,RTS,20
5.80388e+06,1,RTS,20
5.80388e+06,14,RTS,20
5.80388e+06,15,RTS,20
5.80398e+06,6,RTS,20
5.80398e+06,3,RTS,20
5.80405e+06,20,CTS,14
5.80411e+06,6,QOSDATA_TID6,1066
5.80429e+06,20,ACK,14
5.80434e+06,6,CTL,20
5.80442e+06,14,RTS,20
5.80442e+06,5,RTS,20
5.80442e+06,17,RTS,20
5.80454e+06,9,RTS,20
5.80461e+06,20,CTS,14
5.80467e+06,9,QOSDATA_TID6,1066
5.80485e+06,20,ACK,14
5.8049e+06,9,CTL,20
5.80498e+06,3,RTS,20
5.80505e+06,20,CTS,14
5.80511e+06,3,QOSDATA_TID6,1066
5.80529e+06,20,ACK,14
5.80534e+06,3,QOSDATA_TID6,1066
5.80552e+06,20,ACK,14
5.80556e+06,3,CTL,20
5.80565e+06,19,RTS,20
5.80565e+06,16,RTS,20
5.80572e+06,20,CTS,14
5.80578e+06,19,QOSDATA_TID6,1066
5.80596e+06,20,ACK,14
5.80601e+06,19,QOSDATA_TID6,1066
5.80619e+06,20,ACK,14
5.80624e+06,19,CTL,20
5.80632e+06,15,RTS,20
5.80639e+06,20,CTS,14
5.80645e+06,15,QOSDATA_TID6,1066
5.80663e+06,20,ACK,14
5.80668e+06,15,QOSDATA_TID6,1066
5.80686e+06,20,ACK,14
5.8069e+06,15,QOSDATA_TID6,1066
5.80709e+06,20,ACK,14
5.80713e+06,15,CTL,20
5.80722e+06,13,RTS,20
5.80722e+06,17,RTS,20
5.80722e+06,1,RTS,20
5.80722e+06,2,RTS,20
5.80733e+06,11,RTS,20
5.80733e+06,4,RTS,20
5.80742e+06,13,RTS,20
5.80749e+06,20,CTS,14
5.80755e+06,13,QOSDATA_TID6,1066
5.80774e+06,20,ACK,14
5.80778e+06,13,QOSDATA_TID6,1066
5.80796e+06,20,ACK,14
5.80801e+06,13,CTL,20
5.80809e+06,14,RTS,20
5.80809e+06,1,RTS,20
5.80809e+06,2,RTS,20
5.80809e+06,18,RTS,20
5.80809e+06,10,RTS,20
5.80822e+06,14,RTS,20
5.80829e+06,20,CTS,14
5.80835e+06,14,QOSDATA_TID6,1066
5.80854e+06,20,ACK,14
5.80858e+06,14,QOSDATA_TID6,1066
5.80876e+06,20,ACK,14
5.80881e+06,14,CTL,20
5.8089e+06,2,RTS,20
5.80896e+06,20,CTS,14
5.80902e+06,2,QOSDATA_TID6,1066
5.80921e+06,20,ACK,14
5.80925e+06,2,CTL,20
5.80934e+06,0,RTS,20
5.80934e+06,1,RTS,20
5.80934e+06,11,RTS,20
5.80934e+06,4,RTS,20
5.80945e+06,16,RTS,20
5.80952e+06,20,CTS,14
5.80958e+06,16,QOSDATA_TID6,1066
5.80976e+06,20,ACK,14
5.80981e+06,16,QOSDATA_TID6,1066
5.80999e+06,20,ACK,14
5.81004e+06,16,QOSDATA_TID6,1066
5.81022e+06,20,ACK,14
5.81026e+06,16,CTL,20
5.81035e+06,1,RTS,20
5.81042e+06,20,CTS,14
5.81048e+06,1,QOSDATA_TID6,1066
5.81066e+06,20,ACK,14
5.81071e+06,1,QOSDATA_TID6,1066
5.81089e+06,20,ACK,14
5.81094e+06,1,CTL,20
5.81102e+06,8,RTS,20
5.81109e+06,20,CTS,14
5.81115e+06,8,QOSDATA_TID6,1066
5.81133e+06,20,ACK,14
5.81138e+06,8,CTL,20
5.81146e+06,19,RTS,20
5.81146e+06,11,RTS,20
5.81146e+06,18,RTS,20
5.81146e+06,10,RTS,20
5.81157e+06,3,RTS,20
5.81157e+06,9,RTS,20
5.81157e+06,12,RTS,20
5.81157e+06,7,RTS,20
5.81157e+06,13,RTS,20
5.81167e+06,10,RTS,20
5.81174e+06,20,CTS,14
5.8118e+06,10,QOSDATA_TID6,1066
5.81198e+06,20,ACK,14
5.81202e+06,10,CTL,20
5.81211e+06,0,RTS,20
5.81211e+06,5,RTS,20
5.81218e+06,20,CTS,14
5.81224e+06,5,QOSDATA_TID6,1066
5.81242e+06,20,ACK,14
5.81247e+06,5,QOSDATA_TID6,1066
5.81265e+06,20,ACK,14
5.8127e+06,5,CTL,20
5.81279e+06,1,RTS,20
5.81279e+06,6,RTS,20
5.81289e+06,2,RTS,20
5.81296e+06,20,CTS,14
5.81302e+06,2,QOSDATA_TID6,1066
5.8132e+06,20,ACK,14
5.81324e+06,2,CTL,20
5.81334e+06,1,RTS,20
5.81341e+06,20,CTS,14
5.81347e+06,1,QOSDATA_TID6,1066
5.81365e+06,20,ACK,14
5.8137e+06,1,CTL,20
5.81378e+06,17,RTS,20
5.81378e+06,11,RTS,20
5.81378e+06,18,RTS,20
5.81378e+06,15,RTS,20
5.81378e+06,10,RTS,20
5.81389e+06,3,RTS,20
5.81389e+06,13,RTS,20
5.81399e+06,11,RTS,20
5.81405e+06,20,CTS,14
5.81411e+06,11,QOSDATA_TID6,1066
5.8143e+06,20,ACK,14
5.81434e+06,11,QOSDATA_TID6,1066
5.81453e+06,20,ACK,14
5.81457e+06,11,QOSDATA_TID6,1066
5.81475e+06,20,ACK,14
5.8148e+06,11,CTL,20
5.81488e+06,8,RTS,20
5.81488e+06,13,RTS,20
5.81495e+06,20,CTS,14
5.81501e+06,8,QOSDATA_TID6,1066
5.8152e+06,20,ACK,14
5.81524e+06,8,CTL,20
5.81533e+06,14,RTS,20
5.81539e+06,20,CTS,14
5.81545e+06,14,QOSDATA_TID6,1066
5.81564e+06,20,ACK,14
5.81568e+06,14,CTL,20
5.81577e+06,6,RTS,20
5.81577e+06,12,RTS,20
5.81577e+06,3,RTS,20
5.81577e+06,4,RTS,20
5.81584e+06,20,CTS,14
5.8159e+06,12,QOSDATA_TID6,1066
5.81608e+06,20,ACK,14
5.81612e+06,12,CTL,20
5.81621e+06,19,RTS,20
5.81621e+06,6,RTS,20
5.81632e+06,13,RTS,20
5.81638e+06,20,CTS,14
5.81644e+06,13,QOSDATA_TID6,1066
5.81663e+06,20,ACK,14
5.81667e+06,13,CTL,20
5.81677e+06,9,RTS,20
5.81684e+06,20,CTS,14
5.8169e+06,9,QOSDATA_TID6,1066
5.81708e+06,20,ACK,14
5.81712e+06,9,CTL,20
5.81721e+06,19,RTS,20
5.81721e+06,7,RTS,20
5.81721e+06,4,RTS,20
5.81721e+06,15,RTS,20
5.81731e+06,18,RTS,20
5.81731e+06,10,RTS,20
5.81742e+06,4,RTS,20
5.81742e+06,16,RTS,20
5.81754e+06,0,CTS,14
5.81761e+06,0,RTS,20
5.81768e+06,20,CTS,14
5.81774e+06,0,QOSDATA_TID6,1066
5.81792e+06,20,ACK,14
5.81797e+06,0,QOSDATA_TID6,1066
5.81815e+06,20,ACK,14
5.8182e+06,0,CTL,20
5.81828e+06,18,RTS,20
5.81828e+06,10,RTS,20
5.81838e+06,12,RTS,20
5.81838e+06,4,RTS,20
5.81845e+06,20,CTS,14
5.81851e+06,12,QOSDATA_TID6,1066
5.81869e+06,20,ACK,14
5.81874e+06,12,CTL,20
5.81882e+06,4,RTS,20
5.81882e+06,10,RTS,20
5.81893e+06,19,RTS,20
5.819e+06,20,CTS,14
5.81906e+06,19,QOSDATA_TID6,1066
5.81924e+06,20,ACK,14
5.81929e+06,19,QOSDATA_TID6,1066
5.81947e+06,20,ACK,14
5.81951e+06,19,CTL,20
5.8196e+06,15,RTS,20
5.81967e+06,20,CTS,14
5.81973e+06,15,QOSDATA_TID6,1066
5.81991e+06,20,ACK,14
5.81996e+06,15,CTL,20
5.82004e+06,13,RTS,20
5.82004e+06,6,RTS,20
5.82004e+06,17,RTS,20
5.82004e+06,4,RTS,20
5.82011e+06,20,CTS,14
5.82017e+06,17,QOSDATA_TID6,1066
5.82036e+06,20,ACK,14
5.8204e+06,17,QOSDATA_TID6,1066
5.82058e+06,20,ACK,14
5.82063e+06,17,QOSDATA_TID6,1066
5.82081e+06,20,ACK,14
5.82086e+06,17,CTL,20
5.82094e+06,7,RTS,20
5.82094e+06,2,RTS,20
5.82094e+06,6,RTS,20
5.82104e+06,1,RTS,20
5.82111e+06,20,CTS,14
5.82117e+06,1,QOSDATA_TID6,1066
5.82135e+06,20,ACK,14
5.8214e+06,1,CTL,20
5.82148e+06,2,RTS,20
5.82148e+06,18,RTS,20
5.82148e+06,15,RTS,20
5.82158e+06,5,RTS,20
5.82165e+06,20,CTS,14
5.82171e+06,5,QOSDATA_TID6,1066
5.82189e+06,20,ACK,14
5.82194e+06,5,CTL,20
5.82202e+06,11,RTS,20
5.82209e+06,20,CTS,14
5.82215e+06,11,QOSDATA_TID6,1066
5.82233e+06,20,ACK,14
5.82238e+06,11,CTL,20
5.82246e+06,3,RTS,20
5.82253e+06,20,CTS,14
5.82259e+06,3,QOSDATA_TID6,1066
5.82278e+06,20,ACK,14
5.82282e+06,3,QOSDATA_TID6,1066
5.823e+06,20,ACK,14
5.82305e+06,3,CTL,20
5.82313e+06,9,RTS,20
5.82313e+06,8,RTS,20
5.82313e+06,16,RTS,20
5.82313e+06,4,RTS,20
5.82313e+06,15,RTS,20
5.82313e+06,14,RTS,20
5.82325e+06,7,RTS,20
5.82332e+06,20,CTS,14
5.82338e+06,7,QOSDATA_TID6,1066
5.82356e+06,20,ACK,14
5.8236e+06,7,QOSDATA_TID6,1066
5.82379e+06,20,ACK,14
5.82383e+06,7,CTL,20
5.82392e+06,4,RTS,20
5.82392e+06,6,RTS,20
5.82392e+06,18,RTS,20
5.82402e+06,13,RTS,20
5.82408e+06,20,CTS,14
5.82414e+06,13,QOSDATA_TID6,1066
5.82433e+06,20,ACK,14
5.82437e+06,13,CTL,20
5.82447e+06,15,RTS,20
5.82447e+06,10,RTS,20
5.82454e+06,20,CTS,14
5.8246e+06,15,QOSDATA_TID6,1066
5.82478e+06,20,ACK,14
5.82482e+06,15,CTL,20
5.82491e+06,16,RTS,20
5.82498e+06,20,CTS,14
5.82504e+06,16,QOSDATA_TID6,1066
5.82522e+06,20,ACK,14
5.82527e+06,16,QOSDATA_TID6,1066
5.82545e+06,20,ACK,14
5.82549e+06,16,CTL,20
5.82558e+06,10,RTS,20
5.82565e+06,20,CTS,14
5.82571e+06,10,QOSDATA_TID6,1066
5.82589e+06,20,ACK,14
5.82594e+06,10,QOSDATA_TID6,1066
5.82612e+06,20,ACK,14
5.82616e+06,10,CTL,20
5.82625e+06,8,RTS,20
5.82625e+06,7,RTS,20
5.82635e+06,0,RTS,20
5.82642e+06,20,CTS,14
5.82648e+06,0,QOSDATA_TID6,1066
5.82666e+06,20,ACK,14
5.8267e+06,0,CTL,20
5.82679e+06,6,RTS,20
5.82679e+06,14,RTS,20
5.82679e+06,11,RTS,20
5.82689e+06,3,RTS,20
5.82689e+06,9,RTS,20
5.82699e+06,19,RTS,20
5.82706e+06,20,CTS,14
5.82712e+06,19,QOSDATA_TID6,1066
5.8273e+06,20,ACK,14
5.82735e+06,19,CTL,20
5.82743e+06,17,RTS,20
5.82743e+06,12,RTS,20
5.82743e+06,2,RTS,20
5.82743e+06,13,RTS,20
5.82754e+06,4,RTS,20
5.82761e+06,20,CTS,14
5.82767e+06,4,QOSDATA_TID6,1066
5.82785e+06,20,ACK,14
5.8279e+06,4,QOSDATA_TID6,1066
5.82808e+06,20,ACK,14
5.82812e+06,4,CTL,20
5.82821e+06,11,RTS,20
5.82821e+06,12,RTS,20
5.82821e+06,17,RTS,20
5.82832e+06,2,RTS,20
5.82832e+06,13,RTS,20
5.82832e+06,18,RTS,20
5.82842e+06,14,RTS,20
5.82842e+06,17,RTS,20
5.82842e+06,5,RTS,20
5.82851e+06,18,RTS,20
5.82858e+06,20,CTS,14
5.82864e+06,18,QOSDATA_TID6,1066
5.82882e+06,20,ACK,14
5.82887e+06,18,QOSDATA_TID6,1066
5.82905e+06,20,ACK,14
5.8291e+06,18,CTL,20
5.82918e+06,10,RTS,20
5.82918e+06,15,RTS,20
5.82918e+06,4,RTS,20
5.82929e+06,7,RTS,20
5.82929e+06,12,RTS,20
5.82929e+06,8,RTS,20
5.82939e+06,17,RTS,20
5.82946e+06,20,CTS,14
5.82952e+06,17,QOSDATA_TID6,1066
5.8297e+06,20,ACK,14
5.82974e+06,17,CTL,20
5.82983e+06,7,RTS,20
5.8299e+06,20,CTS,14
5.82996e+06,7,QOSDATA_TID6,1066
5.83014e+06,20,ACK,14
5.83019e+06,7,CTL,20
5.83027e+06,10,RTS,20
5.83034e+06,20,CTS,14
5.8304e+06,10,QOSDATA_TID6,1066
5.83058e+06,20,ACK,14
5.83063e+06,10,CTL,20
5.83071e+06,2,RTS,20
5.83071e+06,9,RTS,20
5.83071e+06,3,RTS,20
5.83071e+06,6,RTS,20
5.83071e+06,5,RTS,20
5.83071e+06,13,RTS,20
5.83071e+06,4,RTS,20
5.83078e+06,20,CTS,14
5.83084e+06,5,QOSDATA_TID6,1066
5.83103e+06,20,ACK,14
5.83107e+06,5,CTL,20
5.83116e+06,13,RTS,20
5.83122e+06,20,CTS,14
5.83128e+06,13,QOSDATA_TID6,1066
5.83147e+06,20,ACK,14
5.83151e+06,13,CTL,20
5.8316e+06,12,RTS,20
5.8316e+06,14,RTS,20
5.8316e+06,1,RTS,20
5.8316e+06,18,RTS,20
5.8317e+06,6,RTS,20
5.8317e+06,3,RTS,20
5.8317e+06,9,RTS,20
5.8318e+06,11,RTS,20
5.83187e+06,20,CTS,14
5.83193e+06,11,QOSDATA_TID6,1066
5.83212e+06,20,ACK,14
5.83216e+06,11,CTL,20
5.83224e+06,14,RTS,20
5.83231e+06,20,CTS,14
5.83237e+06,14,QOSDATA_TID6,1066
5.83256e+06,20,ACK,14
5.8326e+06,14,QOSDATA_TID6,1066
5.83278e+06,20,ACK,14
5.83283e+06,14,CTL,20
5.83292e+06,12,RTS,20
5.83292e+06,3,RTS,20
5.83298e+06,20,CTS,14
5.83304e+06,12,QOSDATA_TID6,1066
5.83323e+06,20,ACK,14
5.83327e+06,12,CTL,20
5.83337e+06,15,RTS,20
5.83343e+06,20,CTS,14
5.83349e+06,15,QOSDATA_TID6,1066
5.83368e+06,20,ACK,14
5.83372e+06,15,CTL,20
5.83381e+06,8,RTS,20
5.83381e+06,2,RTS,20
5.83381e+06,16,RTS,20
5.83381e+06,4,RTS,20
5.83391e+06,0,RTS,20
5.83397e+06,20,CTS,14
5.83403e+06,0,QOSDATA_TID6,1066
5.83422e+06,20,ACK,14
5.83426e+06,0,CTL,20
5.83435e+06,7,RTS,20
5.83435e+06,13,RTS,20
5.83435e+06,4,RTS,20
5.83442e+06,20,CTS,14
5.83448e+06,7,QOSDATA_TID6,1066
5.83466e+06,20,ACK,14
5.8347e+06,7,CTL,20
5.83479e+06,12,RTS,20
5.83479e+06,11,RTS,20
5.83479e+06,6,RTS,20
5.83486e+06,20,CTS,14
5.83492e+06,12,QOSDATA_TID6,1066
5.8351e+06,20,ACK,14
5.83515e+06,12,CTL,20
5.83524e+06,1,RTS,20
5.83524e+06,16,RTS,20
5.83524e+06,13,RTS,20
5.83524e+06,6,RTS,20
5.83524e+06,3,RTS,20
5.83524e+06,9,RTS,20
5.83536e+06,2,RTS,20
5.83536e+06,18,RTS,20
5.83547e+06,4,RTS,20
5.83554e+06,20,CTS,14
5.8356e+06,4,QOSDATA_TID6,1066
5.83579e+06,20,ACK,14
5.83583e+06,4,CTL,20
5.83592e+06,9,RTS,20
5.83598e+06,20,CTS,14
5.83604e+06,9,QOSDATA_TID6,1066
5.83623e+06,20,ACK,14
5.83627e+06,9,QOSDATA_TID6,1066
5.83646e+06,20,ACK,14
5.8365e+06,9,QOSDATA_TID6,1066
5.83668e+06,20,ACK,14
5.83673e+06,9,CTL,20
5.83681e+06,11,RTS,20
5.83688e+06,20,CTS,14
5.83694e+06,11,QOSDATA_TID6,1066
5.83713e+06,20,ACK,14
5.83717e+06,11,CTL,20
5.83726e+06,2,RTS,20
5.83726e+06,15,RTS,20
5.83735e+06,16,RTS,20
5.83742e+06,20,CTS,14
5.83748e+06,16,QOSDATA_TID6,1066
5.83767e+06,20,ACK,14
5.83771e+06,16,CTL,20
5.8378e+06,4,RTS,20
5.8378e+06,2,RTS,20
5.83786e+06,20,CTS,14
5.83792e+06,2,QOSDATA_TID6,1066
5.83811e+06,20,ACK,14
5.83815e+06,2,QOSDATA_TID6,1066
5.83834e+06,20,ACK,14
5.83838e+06,2,CTL,20
5.83847e+06,1,RTS,20
5.83853e+06,20,CTS,14
5.83859e+06,1,QOSDATA_TID6,1066
5.83878e+06,20,ACK,14
5.83882e+06,1,QOSDATA_TID6,1066
5.83901e+06,20,ACK,14
5.83905e+06,1,CTL,20
5.83914e+06,17,RTS,20
5.83914e+06,19,RTS,20
5.83914e+06,5,RTS,20
5.83914e+06,13,RTS,20
5.83914e+06,6,RTS,20
5.83914e+06,10,RTS,20
5.83914e+06,14,RTS,20
5.83923e+06,4,RTS,20
5.8393e+06,20,CTS,14
5.83936e+06,4,QOSDATA_TID6,1066
5.83955e+06,20,ACK,14
5.83959e+06,4,CTL,20
5.83968e+06,6,RTS,20
5.83974e+06,20,CTS,14
5.8398e+06,6,QOSDATA_TID6,1066
5.83999e+06,20,ACK,14
5.84003e+06,6,QOSDATA_TID6,1066
5.84022e+06,20,ACK,14
5.84026e+06,6,QOSDATA_TID6,1066
5.84044e+06,20,ACK,14
5.84049e+06,6,CTL,20
5.84057e+06,14,RTS,20
5.84057e+06,18,RTS,20
5.84057e+06,8,RTS,20
5.84057e+06,3,RTS,20
5.8407e+06,13,RTS,20
5.84077e+06,20,CTS,14
5.84083e+06,13,QOSDATA_TID6,1066
5.84101e+06,20,ACK,14
5.84106e+06,13,CTL,20
5.84114e+06,14,RTS,20
5.84121e+06,20,CTS,14
5.84127e+06,14,QOSDATA_TID6,1066
5.84145e+06,20,ACK,14
5.8415e+06,14,CTL,20
5.84158e+06,15,RTS,20
5.84158e+06,5,RTS,20
5.84165e+06,20,CTS,14
5.84171e+06,5,QOSDATA_TID6,1066
5.8419e+06,20,ACK,14
5.84194e+06,5,CTL,20
5.84203e+06,0,RTS,20
5.84209e+06,20,CTS,14
5.84215e+06,0,QOSDATA_TID6,1066
5.84234e+06,20,ACK,14
5.84238e+06,0,CTL,20
5.84247e+06,15,RTS,20
5.84247e+06,17,RTS,20
5.84247e+06,3,RTS,20
5.84254e+06,20,CTS,14
5.8426e+06,17,QOSDATA_TID6,1066
5.84278e+06,20,ACK,14
5.84282e+06,17,CTL,20
5.84292e+06,8,RTS,20
5.84292e+06,16,RTS,20
5.84292e+06,13,RTS,20
5.84299e+06,20,CTS,14
5.84305e+06,8,QOSDATA_TID6,1066
5.84323e+06,20,ACK,14
5.84328e+06,8,QOSDATA_TID6,1066
5.84346e+06,20,ACK,14
5.8435e+06,8,QOSDATA_TID6,1066
5.84369e+06,20,ACK,14
5.84373e+06,8,CTL,20
5.84382e+06,17,RTS,20
5.84382e+06,9,RTS,20
5.84382e+06,13,RTS,20
5.84388e+06,20,CTS,14
5.84394e+06,17,QOSDATA_TID6,1066
5.84413e+06,20,ACK,14
5.84417e+06,17,CTL,20
5.84427e+06,9,RTS,20
5.84427e+06,18,RTS,20
5.84427e+06,13,RTS,20
5.84427e+06,6,RTS,20
5.84427e+06,10,RTS,20
5.84437e+06,15,RTS,20
5.84443e+06,20,CTS,14
5.84449e+06,15,QOSDATA_TID6,1066
5.84468e+06,20,ACK,14
5.84472e+06,15,QOSDATA_TID6,1066
5.84491e+06,20,ACK,14
5.84495e+06,15,CTL,20
5.84504e+06,12,RTS,20
5.84504e+06,1,RTS,20
5.84504e+06,11,RTS,20
5.84504e+06,4,RTS,20
5.8451e+06,20,CTS,14
5.84516e+06,12,QOSDATA_TID6,1066
5.84535e+06,20,ACK,14
5.84539e+06,12,CTL,20
5.84548e+06,4,RTS,20
5.84555e+06,20,CTS,14
5.84561e+06,4,QOSDATA_TID6,1066
5.84579e+06,20,ACK,14
5.84583e+06,4,CTL,20
5.84592e+06,19,RTS,20
5.84592e+06,6,RTS,20
5.84592e+06,18,RTS,20
5.84602e+06,7,RTS,20
5.84609e+06,20,CTS,14
5.84615e+06,7,QOSDATA_TID6,1066
5.84633e+06,20,ACK,14
5.84637e+06,7,CTL,20
5.84647e+06,5,RTS,20
5.84647e+06,16,RTS,20
5.84647e+06,3,RTS,20
5.84654e+06,20,CTS,14
5.8466e+06,5,QOSDATA_TID6,1066
5.84678e+06,20,ACK,14
5.84682e+06,5,CTL,20
5.84691e+06,1,RTS,20
5.84698e+06,20,CTS,14
5.84704e+06,1,QOSDATA_TID6,1066
5.84722e+06,20,ACK,14
5.84727e+06,1,CTL,20
5.84735e+06,8,RTS,20
5.84735e+06,14,RTS,20
5.84742e+06,20,CTS,14
5.84748e+06,8,QOSDATA_TID6,1066
5.84766e+06,20,ACK,14
5.84771e+06,8,CTL,20
5.8478e+06,19,RTS,20
5.8478e+06,11,RTS,20
5.8478e+06,2,RTS,20
5.8478e+06,3,RTS,20
5.8478e+06,9,RTS,20
5.8478e+06,13,RTS,20
5.8478e+06,10,RTS,20
5.84792e+06,6,RTS,20
5.84792e+06,18,RTS,20
5.84804e+06,13,RTS,20
5.8481e+06,20,CTS,14
5.84816e+06,13,QOSDATA_TID6,1066
5.84835e+06,20,ACK,14
5.84839e+06,13,CTL,20
5.84848e+06,11,RTS,20
5.84855e+06,20,CTS,14
5.84861e+06,11,QOSDATA_TID6,1066
5.84879e+06,20,ACK,14
5.84883e+06,11,CTL,20
5.84893e+06,16,RTS,20
5.84893e+06,19,RTS,20
5.849e+06,20,CTS,14
5.84906e+06,19,QOSDATA_TID6,1066
5.84924e+06,20,ACK,14
5.84928e+06,19,QOSDATA_TID6,1066
5.84947e+06,20,ACK,14
5.84951e+06,19,CTL,20
5.8496e+06,7,RTS,20
5.84967e+06,20,CTS,14
5.84973e+06,7,QOSDATA_TID6,1066
5.84991e+06,20,ACK,14
5.84996e+06,7,CTL,20
5.85004e+06,0,RTS,20
5.85011e+06,20,CTS,14
5.85017e+06,0,QOSDATA_TID6,1066
5.85035e+06,20,ACK,14
5.8504e+06,0,CTL,20
5.85048e+06,12,RTS,20
5.85055e+06,20,CTS,14
5.85061e+06,12,QOSDATA_TID6,1066
5.8508e+06,20,ACK,14
5.85084e+06,12,CTL,20
5.85092e+06,6,RTS,20
5.85092e+06,3,RTS,20
5.85092e+06,18,RTS,20
5.85092e+06,9,RTS,20
5.85092e+06,10,RTS,20
5.85102e+06,2,RTS,20
5.85102e+06,13,RTS,20
5.85114e+06,11,RTS,20
5.85121e+06,20,CTS,14
5.85127e+06,11,QOSDATA_TID6,1066
5.85145e+06,20,ACK,14
5.8515e+06,11,CTL,20
5.85158e+06,16,RTS,20
5.85158e+06,18,RTS,20
5.85158e+06,14,RTS,20
5.85171e+06,13,RTS,20
5.85178e+06,20,CTS,14
5.85184e+06,13,QOSDATA_TID6,1066
5.85202e+06,20,ACK,14
5.85206e+06,13,CTL,20
5.85215e+06,6,RTS,20
5.85222e+06,20,CTS,14
5.85228e+06,6,QOSDATA_TID6,1066
5.85246e+06,20,ACK,14
5.8525e+06,6,QOSDATA_TID6,1066
5.85269e+06,20,ACK,14
5.85273e+06,6,CTL,20
5.85281e+06,20,BEACON,152
5.85307e+06,5,RTS,20
5.85307e+06,19,RTS,20
5.85307e+06,9,RTS,20
5.85314e+06,20,CTS,14
5.8532e+06,5,QOSDATA_TID6,1066
5.85338e+06,20,ACK,14
5.85343e+06,5,CTL,20
5.85351e+06,15,RTS,20
5.85358e+06,20,CTS,14
5.85364e+06,15,QOSDATA_TID6,1066
5.85383e+06,20,ACK,14
5.85387e+06,15,CTL,20
5.85396e+06,17,RTS,20
5.85396e+06,1,RTS,20
5.85396e+06,2,RTS,20
5.85396e+06,16,RTS,20
5.85407e+06,14,RTS,20
5.85414e+06,20,CTS,14
5.8542e+06,14,QOSDATA_TID6,1066
5.85438e+06,20,ACK,14
5.85443e+06,14,CTL,20
5.85451e+06,19,RTS,20
5.85458e+06,20,CTS,14
5.85464e+06,19,QOSDATA_TID6,1066
5.85483e+06,20,ACK,14
5.85487e+06,19,CTL,20
5.85496e+06,17,RTS,20
5.85496e+06,16,RTS,20
5.85496e+06,9,RTS,20
5.85496e+06,18,RTS,20
5.85502e+06,20,CTS,14
5.85508e+06,17,QOSDATA_TID6,1066
5.85527e+06,20,ACK,14
5.85531e+06,17,CTL,20
5.85541e+06,4,RTS,20
5.85541e+06,18,RTS,20
5.85541e+06,14,RTS,20
5.8555e+06,8,RTS,20
5.85557e+06,20,CTS,14
5.85563e+06,8,QOSDATA_TID6,1066
5.85582e+06,20,ACK,14
5.85586e+06,8,CTL,20
5.85595e+06,18,RTS,20
5.85602e+06,20,CTS,14
5.85608e+06,18,QOSDATA_TID6,1066
5.85626e+06,20,ACK,14
5.8563e+06,18,QOSDATA_TID6,1066
5.85649e+06,20,ACK,14
5.85653e+06,18,QOSDATA_TID6,1066
5.85672e+06,20,ACK,14
5.85676e+06,18,CTL,20
5.85684e+06,4,RTS,20
5.85691e+06,20,CTS,14
5.85697e+06,4,QOSDATA_TID6,1066
5.85716e+06,20,ACK,14
5.8572e+06,4,CTL,20
5.85729e+06,1,RTS,20
5.85729e+06,2,RTS,20
5.85729e+06,3,RTS,20
5.85739e+06,10,RTS,20
5.85739e+06,0,RTS,20
5.85746e+06,20,CTS,14
5.85752e+06,0,QOSDATA_TID6,1066
5.85771e+06,20,ACK,14
5.85775e+06,0,CTL,20
5.85784e+06,7,RTS,20
5.85784e+06,13,RTS,20
5.8579e+06,20,CTS,14
5.85796e+06,7,QOSDATA_TID6,1066
5.85815e+06,20,ACK,14
5.85819e+06,7,CTL,20
5.85828e+06,3,RTS,20
5.85828e+06,9,RTS,20
5.85838e+06,2,RTS,20
5.85844e+06,20,CTS,14
5.8585e+06,2,QOSDATA_TID6,1066
5.85869e+06,20,ACK,14
5.85873e+06,2,QOSDATA_TID6,1066
5.85892e+06,20,ACK,14
5.85896e+06,2,CTL,20
5.85905e+06,12,RTS,20
5.85905e+06,16,RTS,20
5.85912e+06,20,CTS,14
5.85918e+06,12,QOSDATA_TID6,1066
5.85936e+06,20,ACK,14
5.8594e+06,12,CTL,20
5.85949e+06,6,RTS,20
5.85949e+06,9,RTS,20
5.85956e+06,20,CTS,14
5.85962e+06,6,QOSDATA_TID6,1066
5.8598e+06,20,ACK,14
5.85984e+06,6,CTL,20
5.85994e+06,17,RTS,20
5.85994e+06,9,RTS,20
5.85994e+06,13,RTS,20
5.85994e+06,16,RTS,20
5.86001e+06,20,CTS,14
5.86007e+06,17,QOSDATA_TID6,1066
5.86025e+06,20,ACK,14
5.8603e+06,17,CTL,20
5.86038e+06,5,RTS,20
5.86045e+06,20,CTS,14
5.86051e+06,5,QOSDATA_TID6,1066
5.86069e+06,20,ACK,14
5.86074e+06,5,CTL,20
5.86082e+06,2,RTS,20
5.86082e+06,14,RTS,20
5.86089e+06,20,CTS,14
5.86095e+06,2,QOSDATA_TID6,1066
5.86114e+06,20,ACK,14
5.86118e+06,2,CTL,20
5.86128e+06,3,RTS,20
5.86128e+06,10,RTS,20
5.86128e+06,19,RTS,20
5.86128e+06,1,RTS,20
5.86128e+06,14,RTS,20
5.86128e+06,15,RTS,20
5.86128e+06,16,RTS,20
5.86128e+06,4,RTS,20
5.86139e+06,11,RTS,20
5.86146e+06,20,CTS,14
5.86152e+06,11,QOSDATA_TID6,1066
5.8617e+06,20,ACK,14
5.86175e+06,11,CTL,20
5.86183e+06,13,RTS,20
5.8619e+06,20,CTS,14
5.86196e+06,13,QOSDATA_TID6,1066
5.86214e+06,20,ACK,14
5.86219e+06,13,CTL,20
5.86228e+06,4,RTS,20
5.86228e+06,19,RTS,20
5.86228e+06,10,RTS,20
5.86238e+06,14,RTS,20
5.86238e+06,15,RTS,20
5.86248e+06,18,RTS,20
5.86255e+06,20,CTS,14
5.86261e+06,18,QOSDATA_TID6,1066
5.86279e+06,20,ACK,14
5.86284e+06,18,CTL,20
5.86293e+06,19,RTS,20
5.863e+06,20,CTS,14
5.86306e+06,19,QOSDATA_TID6,1066
5.86324e+06,20,ACK,14
5.86329e+06,19,CTL,20
5.86337e+06,4,RTS,20
5.86344e+06,20,CTS,14
5.8635e+06,4,QOSDATA_TID6,1066
5.86368e+06,20,ACK,14
5.86373e+06,4,CTL,20
5.86382e+06,16,RTS,20
5.86382e+06,1,RTS,20
5.86382e+06,8,RTS,20
5.86382e+06,9,RTS,20
5.86392e+06,14,RTS,20
5.86399e+06,20,CTS,14
5.86405e+06,14,QOSDATA_TID6,1066
5.86423e+06,20,ACK,14
5.86428e+06,14,QOSDATA_TID6,1066
5.86446e+06,20,ACK,14
5.86451e+06,14,CTL,20
5.86459e+06,9,RTS,20
5.86466e+06,20,CTS,14
5.86472e+06,9,QOSDATA_TID6,1066
5.8649e+06,20,ACK,14
5.86495e+06,9,QOSDATA_TID6,1066
5.86513e+06,20,ACK,14
5.86518e+06,9,CTL,20
5.86526e+06,0,RTS,20
5.86526e+06,15,RTS,20
5.86536e+06,8,RTS,20
5.86543e+06,20,CTS,14
5.86549e+06,8,QOSDATA_TID6,1066
5.86567e+06,20,ACK,14
5.86572e+06,8,CTL,20
5.86581e+06,1,RTS,20
5.86581e+06,3,RTS,20
5.86581e+06,10,RTS,20
5.86588e+06,20,CTS,14
5.86594e+06,1,QOSDATA_TID6,1066
5.86612e+06,20,ACK,14
5.86617e+06,1,QOSDATA_TID6,1066
5.86635e+06,20,ACK,14
5.8664e+06,1,CTL,20
5.86648e+06,13,RTS,20
5.86655e+06,20,CTS,14
5.86661e+06,13,QOSDATA_TID6,1066
5.86679e+06,20,ACK,14
5.86684e+06,13,CTL,20
5.86692e+06,12,RTS,20
5.86692e+06,11,RTS,20
5.86699e+06,20,CTS,14
5.86705e+06,12,QOSDATA_TID6,1066
5.86724e+06,20,ACK,14
5.86728e+06,12,CTL,20
5.86737e+06,6,RTS,20
5.86737e+06,10,RTS,20
5.86743e+06,20,CTS,14
5.86749e+06,6,QOSDATA_TID6,1066
5.86768e+06,20,ACK,14
5.86772e+06,6,CTL,20
5.86781e+06,7,RTS,20
5.86788e+06,20,CTS,14
5.86794e+06,7,QOSDATA_TID6,1066
5.86812e+06,20,ACK,14
5.86816e+06,7,CTL,20
5.86825e+06,17,RTS,20
5.86825e+06,16,RTS,20
5.86825e+06,19,RTS,20
5.86825e+06,9,RTS,20
5.86835e+06,1,RTS,20
5.86842e+06,20,CTS,14
5.86848e+06,1,QOSDATA_TID6,1066
5.86866e+06,20,ACK,14
5.8687e+06,1,CTL,20
5.86879e+06,15,RTS,20
5.86886e+06,20,CTS,14
5.86892e+06,15,QOSDATA_TID6,1066
5.8691e+06,20,ACK,14
5.86915e+06,15,QOSDATA_TID6,1066
5.86933e+06,20,ACK,14
5.86937e+06,15,CTL,20
5.86946e+06,5,RTS,20
5.86946e+06,2,RTS,20
5.86946e+06,11,RTS,20
5.86946e+06,10,RTS,20
5.86953e+06,20,CTS,14
5.86959e+06,5,QOSDATA_TID6,1066
5.86977e+06,20,ACK,14
5.86982e+06,5,CTL,20
5.86991e+06,4,RTS,20
5.86998e+06,20,CTS,14
5.87004e+06,4,QOSDATA_TID6,1066
5.87022e+06,20,ACK,14
5.87027e+06,4,CTL,20
5.87035e+06,19,RTS,20
5.87035e+06,2,RTS,20
5.87035e+06,0,RTS,20
5.87035e+06,18,RTS,20
5.87048e+06,9,RTS,20
5.87055e+06,20,CTS,14
5.87061e+06,9,QOSDATA_TID6,1066
5.87079e+06,20,ACK,14
5.87083e+06,9,CTL,20
5.87093e+06,3,RTS,20
5.87093e+06,2,RTS,20
5.87093e+06,8,RTS,20
5.87107e+06,8,RTS,20
5.87107e+06,10,RTS,20
5.87114e+06,20,CTS,14
5.8712e+06,8,QOSDATA_TID6,1066
5.87138e+06,20,ACK,14
5.87142e+06,8,CTL,20
5.87153e+06,17,RTS,20
5.87153e+06,16,RTS,20
5.8716e+06,20,CTS,14
5.87166e+06,17,QOSDATA_TID6,1066
5.87184e+06,20,ACK,14
5.87188e+06,17,CTL,20
5.87197e+06,14,RTS,20
5.87204e+06,20,CTS,14
5.8721e+06,14,QOSDATA_TID6,1066
5.87228e+06,20,ACK,14
5.87233e+06,14,CTL,20
5.87244e+06,2,RTS,20
5.87244e+06,11,RTS,20
5.87259e+06,19,RTS,20
5.87266e+06,20,CTS,14
5.87272e+06,19,QOSDATA_TID6,1066
5.8729e+06,20,ACK,14
5.87295e+06,19,CTL,20
5.87305e+06,2,RTS,20
5.87312e+06,20,CTS,14
5.87318e+06,2,QOSDATA_TID6,1066
5.87336e+06,20,ACK,14
5.87341e+06,2,CTL,20
5.87349e+06,11,RTS,20
5.87356e+06,20,CTS,14
5.87362e+06,11,QOSDATA_TID6,1066
5.87381e+06,20,ACK,14
5.87385e+06,11,CTL,20
5.87394e+06,7,RTS,20
5.87394e+06,9,RTS,20
5.87394e+06,10,RTS,20
5.874e+06,20,CTS,14
5.87406e+06,7,QOSDATA_TID6,1066
5.87425e+06,20,ACK,14
5.87429e+06,7,CTL,20
5.87438e+06,12,RTS,20
5.87438e+06,9,RTS,20
5.87445e+06,20,CTS,14
5.87451e+06,12,QOSDATA_TID6,1066
5.87469e+06,20,ACK,14
5.87474e+06,12,CTL,20
5.87482e+06,0,CTS,14
5.87494e+06,0,RTS,20
5.875e+06,20,CTS,14
5.87506e+06,0,QOSDATA_TID6,1066
5.87525e+06,20,ACK,14
5.87529e+06,0,QOSDATA_TID6,1066
5.87548e+06,20,ACK,14
5.87552e+06,0,CTL,20
5.8756e+06,18,RTS,20
5.8756e+06,10,RTS,20
5.8756e+06,3,RTS,20
5.8756e+06,9,RTS,20
5.8756e+06,13,RTS,20
5.8756e+06,16,RTS,20
5.87571e+06,1,RTS,20
5.87571e+06,6,RTS,20
5.87581e+06,9,RTS,20
5.87588e+06,20,CTS,14
5.87594e+06,9,QOSDATA_TID6,1066
5.87612e+06,20,ACK,14
5.87617e+06,9,CTL,20
5.87625e+06,6,RTS,20
5.87632e+06,20,CTS,14
5.87638e+06,6,QOSDATA_TID6,1066
5.87656e+06,20,ACK,14
5.87661e+06,6,CTL,20
5.87669e+06,15,RTS,20
5.87669e+06,16,RTS,20
5.8768e+06,2,RTS,20
5.8768e+06,3,RTS,20
5.87687e+06,20,CTS,14
5.87693e+06,2,QOSDATA_TID6,1066
5.87711e+06,20,ACK,14
5.87716e+06,2,CTL,20
5.87725e+06,19,RTS,20
5.87725e+06,17,RTS,20
5.87725e+06,1,RTS,20
5.87725e+06,11,RTS,20
5.87735e+06,3,RTS,20
5.87742e+06,20,CTS,14
5.87748e+06,3,QOSDATA_TID6,1066
5.87766e+06,20,ACK,14
5.87771e+06,3,QOSDATA_TID6,1066
5.87789e+06,20,ACK,14
5.87793e+06,3,QOSDATA_TID6,1066
5.87812e+06,20,ACK,14
5.87816e+06,3,QOSDATA_TID6,1066
5.87835e+06,20,ACK,14
5.87839e+06,3,QOSDATA_TID6,1066
5.87857e+06,20,ACK,14
5.87862e+06,3,CTL,20
5.8787e+06,5,RTS,20
5.8787e+06,13,RTS,20
5.87877e+06,20,CTS,14
5.87883e+06,5,QOSDATA_TID6,1066
5.87902e+06,20,ACK,14
5.87906e+06,5,CTL,20
5.87915e+06,14,RTS,20
5.87921e+06,20,CTS,14
5.87927e+06,14,QOSDATA_TID6,1066
5.87946e+06,20,ACK,14
5.8795e+06,14,CTL,20
5.87959e+06,10,RTS,20
5.87966e+06,20,CTS,14
5.87972e+06,10,QOSDATA_TID6,1066
5.8799e+06,20,ACK,14
5.87994e+06,10,QOSDATA_TID6,1066
5.88013e+06,20,ACK,14
5.88017e+06,10,QOSDATA_TID6,1066
5.88036e+06,20,ACK,14
5.8804e+06,10,QOSDATA_TID6,1066
5.88058e+06,20,ACK,14
5.88063e+06,10,QOSDATA_TID6,1066
5.88081e+06,20,ACK,14
5.88086e+06,10,CTL,20
5.88094e+06,19,RTS,20
5.88094e+06,4,RTS,20
5.88101e+06,20,CTS,14
5.88107e+06,19,QOSDATA_TID6,1066
5.88125e+06,20,ACK,14
5.8813e+06,19,CTL,20
5.88138e+06,15,RTS,20
5.88145e+06,20,CTS,14
5.88151e+06,15,QOSDATA_TID6,1066
5.8817e+06,20,ACK,14
5.88174e+06,15,CTL,20
5.88183e+06,8,RTS,20
5.88183e+06,9,RTS,20
5.8819e+06,20,CTS,14
5.88196e+06,8,QOSDATA_TID6,1066
5.88214e+06,20,ACK,14
5.88218e+06,8,CTL,20
5.88227e+06,0,RTS,20
5.88234e+06,20,CTS,14
5.8824e+06,0,QOSDATA_TID6,1066
5.88258e+06,20,ACK,14
5.88262e+06,0,CTL,20
5.88271e+06,7,RTS,20
5.88271e+06,11,RTS,20
5.88271e+06,4,RTS,20
5.88278e+06,20,CTS,14
5.88284e+06,7,QOSDATA_TID6,1066
5.88302e+06,20,ACK,14
5.88307e+06,7,CTL,20
5.88315e+06,11,RTS,20
5.88315e+06,6,RTS,20
5.88315e+06,18,RTS,20
5.88327e+06,3,RTS,20
5.88327e+06,13,RTS,20
5.88338e+06,11,RTS,20
5.88344e+06,20,CTS,14
5.8835e+06,11,QOSDATA_TID6,1066
5.88369e+06,20,ACK,14
5.88373e+06,11,QOSDATA_TID6,1066
5.88392e+06,20,ACK,14
5.88396e+06,11,CTL,20
5.88405e+06,16,RTS,20
5.88405e+06,1,RTS,20
5.88405e+06,6,RTS,20
5.88414e+06,13,RTS,20
5.88414e+06,9,RTS,20
5.88424e+06,1,RTS,20
5.88431e+06,20,CTS,14
5.88437e+06,1,QOSDATA_TID6,1066
5.88455e+06,20,ACK,14
5.8846e+06,1,QOSDATA_TID6,1066
5.88478e+06,20,ACK,14
5.88483e+06,1,CTL,20
5.88491e+06,17,RTS,20
5.88498e+06,20,CTS,14
5.88504e+06,17,QOSDATA_TID6,1066
5.88522e+06,20,ACK,14
5.88527e+06,17,QOSDATA_TID6,1066
5.88545e+06,20,ACK,14
5.8855e+06,17,CTL,20
5.88558e+06,19,RTS,20
5.88558e+06,12,RTS,20
5.88558e+06,2,RTS,20
5.88558e+06,18,RTS,20
5.88558e+06,15,RTS,20
5.88568e+06,5,RTS,20
5.88575e+06,20,CTS,14
5.88581e+06,5,QOSDATA_TID6,1066
5.88599e+06,20,ACK,14
5.88604e+06,5,CTL,20
5.88612e+06,2,RTS,20
5.88619e+06,20,CTS,14
5.88625e+06,2,QOSDATA_TID6,1066
5.88643e+06,20,ACK,14
5.88648e+06,2,CTL,20
5.88656e+06,6,RTS,20
5.88656e+06,12,RTS,20
5.88656e+06,16,RTS,20
5.88663e+06,20,CTS,14
5.88669e+06,12,QOSDATA_TID6,1066
5.88688e+06,20,ACK,14
5.88692e+06,12,CTL,20
5.88701e+06,8,RTS,20
5.88701e+06,16,RTS,20
5.88701e+06,13,RTS,20
5.88701e+06,15,RTS,20
5.8871e+06,10,RTS,20
5.88717e+06,20,CTS,14
5.88723e+06,10,QOSDATA_TID6,1066
5.88742e+06,20,ACK,14
5.88746e+06,10,CTL,20
5.88755e+06,6,RTS,20
5.88761e+06,20,CTS,14
5.88767e+06,6,QOSDATA_TID6,1066
5.88786e+06,20,ACK,14
5.8879e+06,6,CTL,20
5.88799e+06,14,RTS,20
5.88799e+06,9,RTS,20
5.88799e+06,4,RTS,20
5.8881e+06,13,RTS,20
5.88816e+06,20,CTS,14
5.88822e+06,13,QOSDATA_TID6,1066
5.88841e+06,20,ACK,14
5.88845e+06,13,QOSDATA_TID6,1066
5.88864e+06,20,ACK,14
5.88868e+06,13,CTL,20
5.88876e+06,4,RTS,20
5.88876e+06,18,RTS,20
5.88883e+06,20,CTS,14
5.88889e+06,18,QOSDATA_TID6,1066
5.88908e+06,20,ACK,14
5.88912e+06,18,QOSDATA_TID6,1066
5.8893e+06,20,ACK,14
5.88935e+06,18,QOSDATA_TID6,1066
5.88953e+06,20,ACK,14
5.88958e+06,18,CTL,20
5.88966e+06,19,RTS,20
5.88973e+06,20,CTS,14
5.88979e+06,19,QOSDATA_TID6,1066
5.88998e+06,20,ACK,14
5.89002e+06,19,CTL,20
5.89011e+06,8,RTS,20
5.89011e+06,3,RTS,20
5.89011e+06,7,RTS,20
5.89011e+06,13,RTS,20
5.89011e+06,14,RTS,20
5.8902e+06,16,RTS,20
5.89027e+06,20,CTS,14
5.89033e+06,16,QOSDATA_TID6,1066
5.89052e+06,20,ACK,14
5.89056e+06,16,QOSDATA_TID6,1066
5.89074e+06,20,ACK,14
5.89079e+06,16,QOSDATA_TID6,1066
5.89097e+06,20,ACK,14
5.89102e+06,16,QOSDATA_TID6,1066
5.8912e+06,20,ACK,14
5.89124e+06,16,QOSDATA_TID6,1066
5.89143e+06,20,ACK,14
5.89147e+06,16,CTL,20
5.89156e+06,12,RTS,20
5.89156e+06,0,RTS,20
5.89163e+06,20,CTS,14
5.89169e+06,12,QOSDATA_TID6,1066
5.89187e+06,20,ACK,14
5.89191e+06,12,CTL,20
5.89201e+06,19,RTS,20
5.89201e+06,13,RTS,20
5.89212e+06,4,RTS,20
5.89219e+06,20,CTS,14
5.89225e+06,4,QOSDATA_TID6,1066
5.89244e+06,20,ACK,14
5.89248e+06,4,QOSDATA_TID6,1066
5.89266e+06,20,ACK,14
5.89271e+06,4,CTL,20
5.8928e+06,19,RTS,20
5.8928e+06,6,RTS,20
5.8929e+06,2,RTS,20
5.89297e+06,20,CTS,14
5.89303e+06,2,QOSDATA_TID6,1066
5.89321e+06,20,ACK,14
5.89326e+06,2,CTL,20
5.89335e+06,5,RTS,20
5.89335e+06,19,RTS,20
5.89335e+06,0,RTS,20
5.89335e+06,13,RTS,20
5.89342e+06,20,CTS,14
5.89348e+06,5,QOSDATA_TID6,1066
5.89366e+06,20,ACK,14
5.89371e+06,5,CTL,20
5.8938e+06,19,RTS,20
5.8938e+06,14,RTS,20
5.89386e+06,20,CTS,14
5.89392e+06,19,QOSDATA_TID6,1066
5.89411e+06,20,ACK,14
5.89415e+06,19,CTL,20
5.89424e+06,10,RTS,20
5.8943e+06,20,CTS,14
5.89436e+06,10,QOSDATA_TID6,1066
5.89455e+06,20,ACK,14
5.89459e+06,10,CTL,20
5.89468e+06,17,RTS,20
5.89468e+06,13,RTS,20
5.89475e+06,20,CTS,14
5.89481e+06,17,QOSDATA_TID6,1066
5.89499e+06,20,ACK,14
5.89504e+06,17,CTL,20
5.89513e+06,1,RTS,20
5.89513e+06,4,RTS,20
5.89513e+06,6,RTS,20
5.89523e+06,9,RTS,20
5.8953e+06,20,CTS,14
5.89536e+06,9,QOSDATA_TID6,1066
5.89554e+06,20,ACK,14
5.89558e+06,9,QOSDATA_TID6,1066
5.89577e+06,20,ACK,14
5.89581e+06,9,CTL,20
5.89591e+06,11,RTS,20
5.89591e+06,7,RTS,20
5.89598e+06,20,CTS,14
5.89604e+06,7,QOSDATA_TID6,1066
5.89622e+06,20,ACK,14
5.89626e+06,7,CTL,20
5.89635e+06,8,RTS,20
5.89635e+06,3,RTS,20
5.89642e+06,20,CTS,14
5.89648e+06,8,QOSDATA_TID6,1066
5.89666e+06,20,ACK,14
5.8967e+06,8,QOSDATA_TID6,1066
5.89689e+06,20,ACK,14
5.89693e+06,8,CTL,20
5.89703e+06,16,RTS,20
5.89703e+06,18,RTS,20
5.89714e+06,15,RTS,20
5.89721e+06,20,CTS,14
5.89727e+06,15,QOSDATA_TID6,1066
5.89746e+06,20,ACK,14
5.8975e+06,15,QOSDATA_TID6,1066
5.89768e+06,20,ACK,14
5.89773e+06,15,CTL,20
5.89782e+06,9,RTS,20
5.89789e+06,20,CTS,14
5.89795e+06,9,QOSDATA_TID6,1066
5.89814e+06,20,ACK,14
5.89818e+06,9,CTL,20
5.89827e+06,7,RTS,20
5.89827e+06,4,RTS,20
5.89833e+06,20,CTS,14
5.89839e+06,7,QOSDATA_TID6,1066
5.89858e+06,20,ACK,14
5.89862e+06,7,CTL,20
5.89872e+06,12,RTS,20
5.89872e+06,6,RTS,20
5.89872e+06,14,RTS,20
5.89878e+06,20,CTS,14
5.89884e+06,12,QOSDATA_TID6,1066
5.89903e+06,20,ACK,14
5.89907e+06,12,CTL,20
5.89916e+06,13,RTS,20
5.89916e+06,3,RTS,20
5.89928e+06,1,RTS,20
5.89928e+06,0,CTS,14
5.89928e+06,11,RTS,20
5.89928e+06,16,RTS,20
5.89941e+06,11,RTS,20
5.89941e+06,0,RTS,20
5.89947e+06,20,CTS,14
5.89953e+06,0,QOSDATA_TID6,1066
5.89972e+06,20,ACK,14
5.89976e+06,0,QOSDATA_TID6,1066
5.89995e+06,20,ACK,14
5.89999e+06,0,CTL,20
5.90008e+06,1,RTS,20
5.90008e+06,19,RTS,20
5.90019e+06,17,RTS,20
5.90019e+06,6,RTS,20
5.90026e+06,20,CTS,14
5.90032e+06,17,QOSDATA_TID6,1066
5.9005e+06,20,ACK,14
5.90055e+06,17,CTL,20
5.90063e+06,1,RTS,20
5.90063e+06,2,RTS,20
5.90063e+06,13,RTS,20
5.90063e+06,15,RTS,20
5.90063e+06,10,RTS,20
5.90076e+06,18,RTS,20
5.90083e+06,20,CTS,14
5.90089e+06,18,QOSDATA_TID6,1066
5.90107e+06,20,ACK,14
5.90112e+06,18,CTL,20
5.9012e+06,4,RTS,20
5.90127e+06,20,CTS,14
5.90133e+06,4,QOSDATA_TID6,1066
5.90151e+06,20,ACK,14
5.90156e+06,4,QOSDATA_TID6,1066
5.90174e+06,20,ACK,14
5.90178e+06,4,CTL,20
5.90187e+06,13,RTS,20
5.90187e+06,10,RTS,20
5.90198e+06,5,RTS,20
5.90205e+06,20,CTS,14
5.90211e+06,5,QOSDATA_TID6,1066
5.90229e+06,20,ACK,14
5.90233e+06,5,CTL,20
5.90243e+06,1,RTS,20
5.90243e+06,18,RTS,20
5.90243e+06,10,RTS,20
5.90243e+06,14,RTS,20
5.90254e+06,6,RTS,20
5.90254e+06,2,RTS,20
5.90264e+06,13,RTS,20
5.90271e+06,20,CTS,14
5.90277e+06,13,QOSDATA_TID6,1066
5.90296e+06,20,ACK,14
5.903e+06,13,CTL,20
5.90308e+06,14,RTS,20
5.90308e+06,8,RTS,20
5.90308e+06,1,RTS,20
5.90319e+06,10,RTS,20
5.90319e+06,16,RTS,20
5.90329e+06,14,RTS,20
5.90336e+06,20,CTS,14
5.90342e+06,14,QOSDATA_TID6,1066
5.9036e+06,20,ACK,14
5.90365e+06,14,QOSDATA_TID6,1066
5.90383e+06,20,ACK,14
5.90387e+06,14,QOSDATA_TID6,1066
5.90406e+06,20,ACK,14
5.9041e+06,14,CTL,20
5.9042e+06,15,RTS,20
5.9042e+06,16,RTS,20
5.90432e+06,2,RTS,20
5.90432e+06,3,RTS,20
5.90432e+06,10,RTS,20
5.90442e+06,16,RTS,20
5.90449e+06,20,CTS,14
5.90455e+06,16,QOSDATA_TID6,1066
5.90473e+06,20,ACK,14
5.90478e+06,16,QOSDATA_TID6,1066
5.90496e+06,20,ACK,14
5.905e+06,16,CTL,20
5.90509e+06,2,RTS,20
5.90509e+06,0,RTS,20
5.90519e+06,11,RTS,20
5.90526e+06,20,CTS,14
5.90532e+06,11,QOSDATA_TID6,1066
5.9055e+06,20,ACK,14
5.90554e+06,11,QOSDATA_TID6,1066
5.90573e+06,20,ACK,14
5.90577e+06,11,CTL,20
5.90586e+06,18,RTS,20
5.90593e+06,20,CTS,14
5.90599e+06,18,QOSDATA_TID6,1066
5.90617e+06,20,ACK,14
5.90622e+06,18,CTL,20
5.9063e+06,3,RTS,20
5.9063e+06,8,RTS,20
5.90637e+06,20,CTS,14
5.90643e+06,8,QOSDATA_TID6,1066
5.90661e+06,20,ACK,14
5.90666e+06,8,CTL,20
5.90675e+06,1,RTS,20
5.90682e+06,20,CTS,14
5.90688e+06,1,QOSDATA_TID6,1066
5.90706e+06,20,ACK,14
5.90711e+06,1,QOSDATA_TID6,1066
5.90729e+06,20,ACK,14
5.90734e+06,1,QOSDATA_TID6,1066
5.90752e+06,20,ACK,14
5.90756e+06,1,CTL,20
5.90765e+06,17,RTS,20
5.90765e+06,19,RTS,20
5.90765e+06,11,RTS,20
5.90765e+06,7,RTS,20
5.90765e+06,3,RTS,20
5.90765e+06,9,RTS,20
5.90765e+06,13,RTS,20
5.90775e+06,0,RTS,20
5.90782e+06,20,CTS,14
5.90788e+06,0,QOSDATA_TID6,1066
5.90806e+06,20,ACK,14
5.9081e+06,0,CTL,20
5.90819e+06,6,RTS,20
5.90819e+06,15,RTS,20
5.90819e+06,12,RTS,20
5.90819e+06,3,RTS,20
5.90826e+06,20,CTS,14
5.90832e+06,12,QOSDATA_TID6,1066
5.9085e+06,20,ACK,14
5.90855e+06,12,CTL,20
5.90863e+06,15,RTS,20
5.9087e+06,20,CTS,14
5.90876e+06,15,QOSDATA_TID6,1066
5.90894e+06,20,ACK,14
5.90899e+06,15,QOSDATA_TID6,1066
5.90917e+06,20,ACK,14
5.90922e+06,15,CTL,20
5.9093e+06,5,RTS,20
5.9093e+06,2,RTS,20
5.90937e+06,20,CTS,14
5.90943e+06,5,QOSDATA_TID6,1066
5.90961e+06,20,ACK,14
5.90966e+06,5,CTL,20
5.90975e+06,4,RTS,20
5.90975e+06,10,RTS,20
5.90989e+06,19,RTS,20
5.90996e+06,20,CTS,14
5.91002e+06,19,QOSDATA_TID6,1066
5.9102e+06,20,ACK,14
5.91024e+06,19,QOSDATA_TID6,1066
5.91043e+06,20,ACK,14
5.91047e+06,19,CTL,20
5.91057e+06,4,RTS,20
5.91057e+06,10,RTS,20
5.9107e+06,4,RTS,20
5.91076e+06,20,CTS,14
5.91082e+06,4,QOSDATA_TID6,1066
5.91101e+06,20,ACK,14
5.91105e+06,4,CTL,20
5.91114e+06,14,RTS,20
5.91121e+06,20,CTS,14
5.91127e+06,14,QOSDATA_TID6,1066
5.91145e+06,20,ACK,14
5.9115e+06,14,CTL,20
5.91159e+06,18,RTS,20
5.91159e+06,3,RTS,20
5.91171e+06,8,RTS,20
5.91171e+06,7,RTS,20
5.91171e+06,13,RTS,20
5.91181e+06,18,RTS,20
5.91188e+06,20,CTS,14
5.91194e+06,18,QOSDATA_TID6,1066
5.91212e+06,20,ACK,14
5.91217e+06,18,CTL,20
5.91226e+06,11,RTS,20
5.91232e+06,20,CTS,14
5.91238e+06,11,QOSDATA_TID6,1066
5.91257e+06,20,ACK,14
5.91261e+06,11,CTL,20
5.9127e+06,13,RTS,20
5.9127e+06,6,RTS,20
5.9128e+06,17,RTS,20
5.91287e+06,20,CTS,14
5.91293e+06,17,QOSDATA_TID6,1066
5.91312e+06,20,ACK,14
5.91316e+06,17,CTL,20
5.91326e+06,0,RTS,20
5.91326e+06,9,RTS,20
5.91326e+06,10,RTS,20
5.91335e+06,8,RTS,20
5.91335e+06,16,RTS,20
5.91342e+06,20,CTS,14
5.91348e+06,8,QOSDATA_TID6,1066
5.91367e+06,20,ACK,14
5.91371e+06,8,CTL,20
5.9138e+06,16,RTS,20
5.9138e+06,0,RTS,20
5.91386e+06,20,CTS,14
5.91392e+06,0,QOSDATA_TID6,1066
5.91411e+06,20,ACK,14
5.91415e+06,0,CTL,20
5.91425e+06,2,RTS,20
5.91425e+06,10,RTS,20
5.91432e+06,20,CTS,14
5.91438e+06,2,QOSDATA_TID6,1066
5.91456e+06,20,ACK,14
5.9146e+06,2,QOSDATA_TID6,1066
5.91479e+06,20,ACK,14
5.91483e+06,2,CTL,20
5.91492e+06,6,RTS,20
5.91492e+06,12,RTS,20
5.91498e+06,20,CTS,14
5.91504e+06,12,QOSDATA_TID6,1066
5.91523e+06,20,ACK,14
5.91527e+06,12,CTL,20
5.91537e+06,7,RTS,20
5.91537e+06,17,RTS,20
5.91537e+06,11,RTS,20
5.91548e+06,3,RTS,20
5.91548e+06,9,RTS,20
5.91557e+06,6,RTS,20
5.91564e+06,20,CTS,14
5.9157e+06,6,QOSDATA_TID6,1066
5.91588e+06,20,ACK,14
5.91593e+06,6,QOSDATA_TID6,1066
5.91611e+06,20,ACK,14
5.91616e+06,6,QOSDATA_TID6,1066
5.91634e+06,20,ACK,14
5.91638e+06,6,CTL,20
5.91648e+06,3,RTS,20
5.91648e+06,1,RTS,20
5.91648e+06,13,RTS,20
5.91648e+06,19,RTS,20
5.91658e+06,5,RTS,20
5.91658e+06,11,RTS,20
5.91658e+06,7,RTS,20
5.91665e+06,20,CTS,14
5.91671e+06,5,QOSDATA_TID6,1066
5.91689e+06,20,ACK,14
5.91693e+06,5,CTL,20
5.91702e+06,1,RTS,20
5.91702e+06,19,RTS,20
5.91702e+06,7,RTS,20
5.91702e+06,15,RTS,20
5.91713e+06,13,RTS,20
5.91713e+06,17,RTS,20
5.91713e+06,2,RTS,20
5.91713e+06,4,RTS,20
5.91726e+06,17,RTS,20
5.91733e+06,20,CTS,14
5.91739e+06,17,QOSDATA_TID6,1066
5.91757e+06,20,ACK,14
5.91761e+06,17,CTL,20
5.9177e+06,7,RTS,20
5.91777e+06,20,CTS,14
5.91783e+06,7,QOSDATA_TID6,1066
5.91801e+06,20,ACK,14
5.91806e+06,7,QOSDATA_TID6,1066
5.91824e+06,20,ACK,14
5.91828e+06,7,CTL,20
5.91837e+06,19,RTS,20
5.91844e+06,20,CTS,14
5.9185e+06,19,QOSDATA_TID6,1066
5.91868e+06,20,ACK,14
5.91873e+06,19,CTL,20
5.91881e+06,16,RTS,20
5.91881e+06,10,RTS,20
5.91892e+06,15,RTS,20
5.91899e+06,20,CTS,14
5.91905e+06,15,QOSDATA_TID6,1066
5.91923e+06,20,ACK,14
5.91928e+06,15,CTL,20
5.91937e+06,18,RTS,20
5.91937e+06,2,RTS,20
5.91937e+06,16,RTS,20
5.91948e+06,8,RTS,20
5.91948e+06,13,RTS,20
5.91948e+06,14,RTS,20
5.91954e+06,20,CTS,14
5.9196e+06,8,QOSDATA_TID6,1066
5.91979e+06,20,ACK,14
5.91983e+06,8,CTL,20
5.91992e+06,16,RTS,20
5.91999e+06,20,CTS,14
5.92005e+06,16,QOSDATA_TID6,1066
5.92023e+06,20,ACK,14
5.92028e+06,16,CTL,20
5.92037e+06,3,RTS,20
5.92037e+06,14,RTS,20
5.92047e+06,11,RTS,20
5.92047e+06,16,RTS,20
5.92047e+06,4,RTS,20
5.92058e+06,3,RTS,20
5.92064e+06,20,CTS,14
5.9207e+06,3,QOSDATA_TID6,1066
5.92089e+06,20,ACK,14
5.92093e+06,3,QOSDATA_TID6,1066
5.92112e+06,20,ACK,14
5.92116e+06,3,QOSDATA_TID6,1066
5.92134e+06,20,ACK,14
5.92139e+06,3,QOSDATA_TID6,1066
5.92157e+06,20,ACK,14
5.92162e+06,3,CTL,20
5.9217e+06,2,RTS,20
5.9217e+06,10,RTS,20
5.92177e+06,20,CTS,14
5.92183e+06,2,QOSDATA_TID6,1066
5.92201e+06,20,ACK,14
5.92206e+06,2,CTL,20
5.92214e+06,0,RTS,20
5.92221e+06,20,CTS,14
5.92227e+06,0,QOSDATA_TID6,1066
5.92246e+06,20,ACK,14
5.9225e+06,0,CTL,20
5.92259e+06,7,RTS,20
5.92259e+06,9,RTS,20
5.92259e+06,13,RTS,20
5.92259e+06,4,RTS,20
5.92268e+06,1,RTS,20
5.92275e+06,20,CTS,14
5.92281e+06,1,QOSDATA_TID6,1066
5.923e+06,20,ACK,14
5.92304e+06,1,CTL,20
5.92313e+06,3,RTS,20
5.92313e+06,9,RTS,20
5.92322e+06,18,RTS,20
5.92322e+06,6,RTS,20
5.92332e+06,1,RTS,20
5.92339e+06,20,CTS,14
5.92345e+06,1,QOSDATA_TID6,1066
5.92363e+06,20,ACK,14
5.92368e+06,1,CTL,20
5.92376e+06,17,RTS,20
5.92376e+06,19,RTS,20
5.92376e+06,11,RTS,20
5.92376e+06,12,RTS,20
5.92376e+06,16,RTS,20
5.92376e+06,7,RTS,20
5.92376e+06,9,RTS,20
5.92387e+06,18,RTS,20
5.92387e+06,4,RTS,20
5.92387e+06,14,RTS,20
5.92387e+06,13,RTS,20
5.92398e+06,7,RTS,20
5.92405e+06,20,CTS,14
5.92411e+06,7,QOSDATA_TID6,1066
5.92429e+06,20,ACK,14
5.92433e+06,7,CTL,20
5.92442e+06,13,RTS,20
5.92442e+06,19,RTS,20
5.92455e+06,13,RTS,20
5.92455e+06,12,RTS,20
5.92455e+06,6,RTS,20
5.92462e+06,20,CTS,14
5.92468e+06,12,QOSDATA_TID6,1066
5.92487e+06,20,ACK,14
5.92491e+06,12,CTL,20
5.925e+06,15,RTS,20
5.925e+06,2,RTS,20
5.92509e+06,16,RTS,20
5.92516e+06,20,CTS,14
5.92522e+06,16,QOSDATA_TID6,1066
5.92541e+06,20,ACK,14
5.92545e+06,16,CTL,20
5.92555e+06,19,RTS,20
5.92555e+06,5,RTS,20
5.92555e+06,14,RTS,20
5.92555e+06,10,RTS,20
5.92562e+06,20,CTS,14
5.92568e+06,5,QOSDATA_TID6,1066
5.92587e+06,20,ACK,14
5.92591e+06,5,CTL,20
5.926e+06,11,RTS,20
5.926e+06,10,RTS,20
5.92615e+06,15,RTS,20
5.92622e+06,20,CTS,14
5.92628e+06,15,QOSDATA_TID6,1066
5.92646e+06,20,ACK,14
5.9265e+06,15,CTL,20
5.92659e+06,14,RTS,20
5.92666e+06,20,CTS,14
5.92672e+06,14,QOSDATA_TID6,1066
5.9269e+06,20,ACK,14
5.92695e+06,14,CTL,20
5.92703e+06,11,RTS,20
5.92703e+06,4,RTS,20
5.92713e+06,10,RTS,20
5.9272e+06,20,CTS,14
5.92726e+06,10,QOSDATA_TID6,1066
5.92744e+06,20,ACK,14
5.92749e+06,10,QOSDATA_TID6,1066
5.92767e+06,20,ACK,14
5.92771e+06,10,QOSDATA_TID6,1066
5.9279e+06,20,ACK,14
5.92794e+06,10,CTL,20
5.92803e+06,18,RTS,20
5.92803e+06,2,RTS,20
5.92803e+06,3,RTS,20
5.92803e+06,14,RTS,20
5.92814e+06,6,RTS,20
5.92814e+06,17,RTS,20
5.9282e+06,20,CTS,14
5.92826e+06,17,QOSDATA_TID6,1066
5.92845e+06,20,ACK,14
5.92849e+06,17,CTL,20
5.92858e+06,3,RTS,20
5.92858e+06,14,RTS,20
5.92868e+06,4,RTS,20
5.92875e+06,20,CTS,14
5.92881e+06,4,QOSDATA_TID6,1066
5.929e+06,20,ACK,14
5.92904e+06,4,QOSDATA_TID6,1066
5.92922e+06,20,ACK,14
5.92927e+06,4,CTL,20
5.92936e+06,16,RTS,20
5.92942e+06,20,CTS,14
5.92948e+06,16,QOSDATA_TID6,1066
5.92967e+06,20,ACK,14
5.92971e+06,16,CTL,20
5.9298e+06,11,RTS,20
5.9298e+06,3,RTS,20
5.9299e+06,0,RTS,20
5.92997e+06,20,CTS,14
5.93003e+06,0,QOSDATA_TID6,1066
5.93022e+06,20,ACK,14
5.93026e+06,0,CTL,20
5.93035e+06,6,RTS,20
5.93035e+06,3,RTS,20
5.93041e+06,20,CTS,14
5.93047e+06,6,QOSDATA_TID6,1066
5.93066e+06,20,ACK,14
5.9307e+06,6,CTL,20
5.93079e+06,12,RTS,20
5.93079e+06,7,RTS,20
5.93079e+06,3,RTS,20
5.93086e+06,20,CTS,14
5.93092e+06,12,QOSDATA_TID6,1066
5.9311e+06,20,ACK,14
5.93114e+06,12,CTL,20
5.93123e+06,1,RTS,20
5.93123e+06,19,RTS,20
5.93133e+06,8,RTS,20
5.93133e+06,13,RTS,20
5.9314e+06,20,CTS,14
5.93146e+06,8,QOSDATA_TID6,1066
5.93164e+06,20,ACK,14
5.93168e+06,8,CTL,20
5.93177e+06,17,RTS,20
5.93177e+06,6,RTS,20
5.93184e+06,20,CTS,14
5.9319e+06,17,QOSDATA_TID6,1066
5.93208e+06,20,ACK,14
5.93213e+06,17,CTL,20
5.93221e+06,9,RTS,20
5.93228e+06,20,CTS,14
5.93234e+06,9,QOSDATA_TID6,1066
5.93252e+06,20,ACK,14
5.93257e+06,9,QOSDATA_TID6,1066
5.93275e+06,20,ACK,14
5.9328e+06,9,QOSDATA_TID6,1066
5.93298e+06,20,ACK,14
5.93302e+06,9,QOSDATA_TID6,1066
5.93321e+06,20,ACK,14
5.93325e+06,9,CTL,20
5.93334e+06,3,RTS,20
5.93334e+06,14,RTS,20
5.93344e+06,11,RTS,20
5.9335e+06,20,CTS,14
5.93356e+06,11,QOSDATA_TID6,1066
5.93375e+06,20,ACK,14
5.93379e+06,11,QOSDATA_TID6,1066
5.93398e+06,20,ACK,14
5.93402e+06,11,CTL,20
5.93411e+06,7,RTS,20
5.93411e+06,3,RTS,20
5.93411e+06,14,RTS,20
5.93417e+06,20,CTS,14
5.93423e+06,7,QOSDATA_TID6,1066
5.93442e+06,20,ACK,14
5.93446e+06,7,CTL,20
5.93455e+06,5,RTS,20
5.93455e+06,3,RTS,20
5.93462e+06,20,CTS,14
5.93468e+06,5,QOSDATA_TID6,1066
5.93486e+06,20,ACK,14
5.9349e+06,5,CTL,20
5.935e+06,8,RTS,20
5.935e+06,3,RTS,20
5.935e+06,4,RTS,20
5.935e+06,10,RTS,20
5.93507e+06,20,CTS,14
5.93513e+06,8,QOSDATA_TID6,1066
5.93531e+06,20,ACK,14
5.93536e+06,8,CTL,20
5.93544e+06,15,RTS,20
5.93551e+06,20,CTS,14
5.93557e+06,15,QOSDATA_TID6,1066
5.93575e+06,20,ACK,14
5.9358e+06,15,CTL,20
5.93588e+06,14,RTS,20
5.93595e+06,20,CTS,14
5.93601e+06,14,QOSDATA_TID6,1066
5.9362e+06,20,ACK,14
5.93624e+06,14,QOSDATA_TID6,1066
5.93642e+06,20,ACK,14
5.93647e+06,14,CTL,20
5.93655e+06,2,RTS,20
5.93655e+06,19,RTS,20
5.93655e+06,3,RTS,20
5.93665e+06,10,RTS,20
5.93672e+06,20,CTS,14
5.93678e+06,10,QOSDATA_TID6,1066
5.93696e+06,20,ACK,14
5.93701e+06,10,CTL,20
5.93709e+06,0,RTS,20
5.93709e+06,6,RTS,20
5.93709e+06,13,RTS,20
5.93719e+06,18,RTS,20
5.93726e+06,20,CTS,14
5.93732e+06,18,QOSDATA_TID6,1066
5.9375e+06,20,ACK,14
5.93755e+06,18,QOSDATA_TID6,1066
5.93773e+06,20,ACK,14
5.93778e+06,18,QOSDATA_TID6,1066
5.93796e+06,20,ACK,14
5.938e+06,18,CTL,20
5.93809e+06,0,RTS,20
5.93809e+06,16,RTS,20
5.93809e+06,4,RTS,20
5.9382e+06,7,RTS,20
5.9382e+06,3,RTS,20
5.9382e+06,9,RTS,20
5.93826e+06,20,CTS,14
5.93832e+06,7,QOSDATA_TID6,1066
5.93851e+06,20,ACK,14
5.93855e+06,7,CTL,20
5.93864e+06,4,RTS,20
5.93871e+06,20,CTS,14
5.93877e+06,4,QOSDATA_TID6,1066
5.93895e+06,20,ACK,14
5.939e+06,4,CTL,20
5.93908e+06,1,RTS,20
5.93908e+06,12,RTS,20
5.93908e+06,3,RTS,20
5.93915e+06,20,CTS,14
5.93921e+06,12,QOSDATA_TID6,1066
5.93939e+06,20,ACK,14
5.93944e+06,12,CTL,20
5.93953e+06,17,RTS,20
5.93953e+06,2,RTS,20
5.93953e+06,0,CTS,14
5.93968e+06,17,RTS,20
5.93968e+06,0,RTS,20
5.93975e+06,20,CTS,14
5.93981e+06,17,QOSDATA_TID6,1066
5.93999e+06,20,ACK,14
5.94004e+06,17,CTL,20
5.94014e+06,11,RTS,20
5.94014e+06,0,RTS,20
5.94021e+06,20,CTS,14
5.94027e+06,0,QOSDATA_TID6,1066
5.94045e+06,20,ACK,14
5.9405e+06,0,CTL,20
5.94058e+06,13,RTS,20
5.94065e+06,20,CTS,14
5.94071e+06,13,QOSDATA_TID6,1066
5.9409e+06,20,ACK,14
5.94094e+06,13,QOSDATA_TID6,1066
5.94112e+06,20,ACK,14
5.94117e+06,13,QOSDATA_TID6,1066
5.94135e+06,20,ACK,14
5.9414e+06,13,QOSDATA_TID6,1066
5.94158e+06,20,ACK,14
5.94162e+06,13,CTL,20
5.94171e+06,10,RTS,20
5.94178e+06,20,CTS,14
5.94184e+06,10,QOSDATA_TID6,1066
5.94202e+06,20,ACK,14
5.94206e+06,10,CTL,20
5.94215e+06,5,RTS,20
5.94222e+06,20,CTS,14
5.94228e+06,5,QOSDATA_TID6,1066
5.94246e+06,20,ACK,14
5.94251e+06,5,CTL,20
5.94259e+06,19,RTS,20
5.94259e+06,4,RTS,20
5.94266e+06,20,CTS,14
5.94272e+06,19,QOSDATA_TID6,1066
5.9429e+06,20,ACK,14
5.94295e+06,19,QOSDATA_TID6,1066
5.94313e+06,20,ACK,14
5.94318e+06,19,QOSDATA_TID6,1066
5.94336e+06,20,ACK,14
5.9434e+06,19,CTL,20
5.94349e+06,15,RTS,20
5.94356e+06,20,CTS,14
5.94362e+06,15,QOSDATA_TID6,1066
5.9438e+06,20,ACK,14
5.94385e+06,15,CTL,20
5.94393e+06,6,RTS,20
5.94393e+06,8,RTS,20
5.94393e+06,18,RTS,20
5.94393e+06,2,RTS,20
5.94393e+06,16,RTS,20
5.94406e+06,6,RTS,20
5.94413e+06,20,CTS,14
5.94419e+06,6,QOSDATA_TID6,1066
5.94438e+06,20,ACK,14
5.94442e+06,6,QOSDATA_TID6,1066
5.9446e+06,20,ACK,14
5.94465e+06,6,CTL,20
5.94474e+06,8,RTS,20
5.9448e+06,20,CTS,14
5.94486e+06,8,QOSDATA_TID6,1066
5.94505e+06,20,ACK,14
5.94509e+06,8,CTL,20
5.94518e+06,4,RTS,20
5.94518e+06,3,RTS,20
5.94518e+06,18,RTS,20
5.94518e+06,14,RTS,20
5.94528e+06,0,RTS,20
5.94534e+06,20,CTS,14
5.9454e+06,0,QOSDATA_TID6,1066
5.94559e+06,20,ACK,14
5.94563e+06,0,CTL,20
5.94572e+06,3,RTS,20
5.94572e+06,1,RTS,20
5.94572e+06,4,RTS,20
5.94578e+06,20,CTS,14
5.94584e+06,1,QOSDATA_TID6,1066
5.94603e+06,20,ACK,14
5.94607e+06,1,QOSDATA_TID6,1066
5.94626e+06,20,ACK,14
5.9463e+06,1,CTL,20
5.94639e+06,12,RTS,20
5.94639e+06,4,RTS,20
5.94639e+06,3,RTS,20
5.94646e+06,20,CTS,14
5.94652e+06,12,QOSDATA_TID6,1066
5.9467e+06,20,ACK,14
5.94674e+06,12,CTL,20
5.94684e+06,7,RTS,20
5.94684e+06,16,RTS,20
5.94684e+06,2,RTS,20
5.94684e+06,14,RTS,20
5.94684e+06,18,RTS,20
5.94684e+06,9,RTS,20
5.94695e+06,19,RTS,20
5.94702e+06,20,CTS,14
5.94708e+06,19,QOSDATA_TID6,1066
5.94727e+06,20,ACK,14
5.94731e+06,19,CTL,20
5.9474e+06,18,RTS,20
5.94747e+06,20,CTS,14
5.94753e+06,18,QOSDATA_TID6,1066
5.94772e+06,20,ACK,14
5.94776e+06,18,CTL,20
5.94785e+06,11,RTS,20
5.94785e+06,13,RTS,20
5.94794e+06,6,RTS,20
5.94801e+06,20,CTS,14
5.94807e+06,6,QOSDATA_TID6,1066
5.94826e+06,20,ACK,14
5.9483e+06,6,CTL,20
5.94839e+06,7,RTS,20
5.94846e+06,20,CTS,14
5.94852e+06,7,QOSDATA_TID6,1066
5.9487e+06,20,ACK,14
5.94874e+06,7,CTL,20
5.94883e+06,17,RTS,20
5.94883e+06,1,RTS,20
5.94883e+06,3,RTS,20
5.94893e+06,11,RTS,20
5.94893e+06,15,RTS,20
5.94905e+06,9,RTS,20
5.94905e+06,2,RTS,20
5.94912e+06,20,CTS,14
5.94918e+06,2,QOSDATA_TID6,1066
5.94936e+06,20,ACK,14
5.9494e+06,2,QOSDATA_TID6,1066
5.94959e+06,20,ACK,14
5.94963e+06,2,QOSDATA_TID6,1066
5.94982e+06,20,ACK,14
5.94986e+06,2,QOSDATA_TID6,1066
5.95004e+06,20,ACK,14
5.95009e+06,2,CTL,20
5.95017e+06,1,RTS,20
5.95024e+06,20,CTS,14
5.9503e+06,1,QOSDATA_TID6,1066
5.95048e+06,20,ACK,14
5.95053e+06,1,CTL,20
5.95062e+06,13,RTS,20
5.95062e+06,18,RTS,20
5.95071e+06,5,RTS,20
5.95071e+06,14,RTS,20
5.95078e+06,20,CTS,14
5.95084e+06,5,QOSDATA_TID6,1066
5.95102e+06,20,ACK,14
5.95107e+06,5,CTL,20
5.95116e+06,17,RTS,20
5.95116e+06,11,RTS,20
5.95116e+06,4,RTS,20
5.95116e+06,13,RTS,20
5.95123e+06,20,CTS,14
5.95129e+06,17,QOSDATA_TID6,1066
5.95148e+06,20,ACK,14
5.95152e+06,17,CTL,20
5.95161e+06,4,RTS,20
5.95161e+06,10,RTS,20
5.95174e+06,15,RTS,20
5.95181e+06,20,CTS,14
5.95187e+06,15,QOSDATA_TID6,1066
5.95205e+06,20,ACK,14
5.9521e+06,15,CTL,20
5.95218e+06,14,RTS,20
5.95225e+06,20,CTS,14
5.95231e+06,14,QOSDATA_TID6,1066
5.95249e+06,20,ACK,14
5.95254e+06,14,QOSDATA_TID6,1066
5.95272e+06,20,ACK,14
5.95277e+06,14,CTL,20
5.95285e+06,13,RTS,20
5.95285e+06,10,RTS,20
5.95285e+06,3,RTS,20
5.95285e+06,9,RTS,20
5.95295e+06,16,RTS,20
5.95295e+06,4,RTS,20
5.95306e+06,13,RTS,20
5.95306e+06,9,RTS,20
5.95316e+06,16,RTS,20
5.95322e+06,20,CTS,14
5.95328e+06,16,QOSDATA_TID6,1066
5.95347e+06,20,ACK,14
5.95351e+06,16,QOSDATA_TID6,1066
5.9537e+06,20,ACK,14
5.95374e+06,16,QOSDATA_TID6,1066
5.95392e+06,20,ACK,14
5.95397e+06,16,CTL,20
5.95405e+06,8,RTS,20
5.95405e+06,9,RTS,20
5.95405e+06,0,RTS,20
5.95418e+06,9,RTS,20
5.95419e+06,10,RTS,20
5.95419e+06,13,RTS,20
5.9543e+06,8,RTS,20
5.9543e+06,11,RTS,20
5.95437e+06,20,CTS,14
5.95443e+06,8,QOSDATA_TID6,1066
5.95462e+06,20,ACK,14
5.95466e+06,8,CTL,20
5.95475e+06,10,RTS,20
5.95481e+06,20,CTS,14
5.95487e+06,10,QOSDATA_TID6,1066
5.95506e+06,20,ACK,14
5.9551e+06,10,CTL,20
5.95518e+06,20,BEACON,152
5.95544e+06,12,RTS,20
5.95544e+06,7,RTS,20
5.95544e+06,1,RTS,20
5.95554e+06,6,RTS,20
5.95561e+06,20,CTS,14
5.95567e+06,6,QOSDATA_TID6,1066
5.95585e+06,20,ACK,14
5.9559e+06,6,CTL,20
5.95598e+06,7,RTS,20
5.95598e+06,3,RTS,20
5.95598e+06,13,RTS,20
5.95605e+06,20,CTS,14
5.95611e+06,7,QOSDATA_TID6,1066
5.95629e+06,20,ACK,14
5.95634e+06,7,CTL,20
5.95642e+06,13,RTS,20
5.95642e+06,3,RTS,20
5.95653e+06,0,RTS,20
5.9566e+06,20,CTS,14
5.95666e+06,0,QOSDATA_TID6,1066
5.95684e+06,20,ACK,14
5.95689e+06,0,CTL,20
5.95697e+06,10,RTS,20
5.95697e+06,17,RTS,20
5.95704e+06,20,CTS,14
5.9571e+06,17,QOSDATA_TID6,1066
5.95728e+06,20,ACK,14
5.95733e+06,17,CTL,20
5.95742e+06,11,RTS,20
5.95742e+06,15,RTS,20
5.95752e+06,3,RTS,20
5.95759e+06,20,CTS,14
5.95765e+06,3,QOSDATA_TID6,1066
5.95783e+06,20,ACK,14
5.95788e+06,3,QOSDATA_TID6,1066
5.95806e+06,20,ACK,14
5.9581e+06,3,QOSDATA_TID6,1066
5.95829e+06,20,ACK,14
5.95833e+06,3,CTL,20
5.95842e+06,9,RTS,20
5.95842e+06,2,RTS,20
5.95842e+06,15,RTS,20
5.95853e+06,5,RTS,20
5.95859e+06,20,CTS,14
5.95865e+06,5,QOSDATA_TID6,1066
5.95884e+06,20,ACK,14
5.95888e+06,5,CTL,20
5.95897e+06,1,RTS,20
5.95897e+06,19,RTS,20
5.95897e+06,9,RTS,20
5.95897e+06,4,RTS,20
5.95907e+06,12,RTS,20
5.95913e+06,20,CTS,14
5.95919e+06,12,QOSDATA_TID6,1066
5.95938e+06,20,ACK,14
5.95942e+06,12,CTL,20
5.95951e+06,18,RTS,20
5.95958e+06,20,CTS,14
5.95964e+06,18,QOSDATA_TID6,1066
5.95982e+06,20,ACK,14
5.95986e+06,18,QOSDATA_TID6,1066
5.96005e+06,20,ACK,14
5.96009e+06,18,CTL,20
5.96018e+06,8,RTS,20
5.96018e+06,1,RTS,20
5.96028e+06,9,RTS,20
5.96028e+06,13,RTS,20
5.96028e+06,14,RTS,20
5.96038e+06,4,RTS,20
5.96045e+06,20,CTS,14
5.96051e+06,4,QOSDATA_TID6,1066
5.9607e+06,20,ACK,14
5.96074e+06,4,QOSDATA_TID6,1066
5.96092e+06,20,ACK,14
5.96097e+06,4,CTL,20
5.96105e+06,16,RTS,20
5.96105e+06,11,RTS,20
5.96116e+06,2,RTS,20
5.96123e+06,20,CTS,14
5.96129e+06,2,QOSDATA_TID6,1066
5.96147e+06,20,ACK,14
5.96152e+06,2,CTL,20
5.9616e+06,10,RTS,20
5.9616e+06,15,RTS,20
5.9616e+06,13,RTS,20
5.96171e+06,8,RTS,20
5.96171e+06,0,RTS,20
5.96171e+06,19,RTS,20
5.96182e+06,1,RTS,20
5.96182e+06,11,RTS,20
5.96188e+06,20,CTS,14
5.96194e+06,1,QOSDATA_TID6,1066
5.96213e+06,20,ACK,14
5.96217e+06,1,CTL,20
5.96227e+06,0,RTS,20
5.96234e+06,20,CTS,14
5.9624e+06,0,QOSDATA_TID6,1066
5.96258e+06,20,ACK,14
5.96262e+06,0,CTL,20
5.96271e+06,12,RTS,20
5.96271e+06,13,RTS,20
5.96278e+06,20,CTS,14
5.96284e+06,12,QOSDATA_TID6,1066
5.96302e+06,20,ACK,14
5.96307e+06,12,CTL,20
5.96315e+06,6,RTS,20
5.96322e+06,20,CTS,14
5.96328e+06,6,QOSDATA_TID6,1066
5.96346e+06,20,ACK,14
5.96351e+06,6,CTL,20
5.96359e+06,14,RTS,20
5.96359e+06,7,RTS,20
5.96359e+06,9,RTS,20
5.96359e+06,11,RTS,20
5.96359e+06,16,RTS,20
5.96371e+06,1,RTS,20
5.96378e+06,20,CTS,14
5.96384e+06,1,QOSDATA_TID6,1066
5.96402e+06,20,ACK,14
5.96407e+06,1,CTL,20
5.96415e+06,8,RTS,20
5.96415e+06,17,RTS,20
5.96425e+06,19,RTS,20
5.96425e+06,3,RTS,20
5.96425e+06,15,RTS,20
5.96425e+06,10,RTS,20
5.96438e+06,19,RTS,20
5.96445e+06,20,CTS,14
5.96451e+06,19,QOSDATA_TID6,1066
5.96469e+06,20,ACK,14
5.96474e+06,19,QOSDATA_TID6,1066
5.96492e+06,20,ACK,14
5.96496e+06,19,CTL,20
5.96505e+06,7,RTS,20
5.96505e+06,4,RTS,20
5.96512e+06,20,CTS,14
5.96518e+06,7,QOSDATA_TID6,1066
5.96536e+06,20,ACK,14
5.96541e+06,7,CTL,20
5.96549e+06,2,RTS,20
5.96549e+06,3,RTS,20
5.96556e+06,20,CTS,14
5.96562e+06,2,QOSDATA_TID6,1066
5.9658e+06,20,ACK,14
5.96585e+06,2,CTL,20
5.96594e+06,13,RTS,20
5.966e+06,20,CTS,14
5.96606e+06,13,QOSDATA_TID6,1066
5.96625e+06,20,ACK,14
5.96629e+06,13,QOSDATA_TID6,1066
5.96648e+06,20,ACK,14
5.96652e+06,13,CTL,20
5.96661e+06,14,RTS,20
5.96661e+06,3,RTS,20
5.96661e+06,10,RTS,20
5.96673e+06,5,RTS,20
5.9668e+06,20,CTS,14
5.96686e+06,5,QOSDATA_TID6,1066
5.96704e+06,20,ACK,14
5.96709e+06,5,CTL,20
5.96717e+06,17,RTS,20
5.96717e+06,11,RTS,20
5.96717e+06,4,RTS,20
5.96724e+06,20,CTS,14
5.9673e+06,17,QOSDATA_TID6,1066
5.96748e+06,20,ACK,14
5.96753e+06,17,CTL,20
5.96762e+06,16,RTS,20
5.96762e+06,18,RTS,20
5.96774e+06,15,RTS,20
5.96781e+06,20,CTS,14
5.96787e+06,15,QOSDATA_TID6,1066
5.96805e+06,20,ACK,14
5.9681e+06,15,QOSDATA_TID6,1066
5.96828e+06,20,ACK,14
5.96832e+06,15,CTL,20
5.96842e+06,18,RTS,20
5.96849e+06,20,CTS,14
5.96855e+06,18,QOSDATA_TID6,1066
5.96873e+06,20,ACK,14
5.96878e+06,18,CTL,20
5.96886e+06,9,RTS,20
5.96886e+06,8,RTS,20
5.96886e+06,4,RTS,20
5.96893e+06,20,CTS,14
5.96899e+06,8,QOSDATA_TID6,1066
5.96917e+06,20,ACK,14
5.96922e+06,8,QOSDATA_TID6,1066
5.9694e+06,20,ACK,14
5.96944e+06,8,CTL,20
5.96953e+06,14,RTS,20
5.9696e+06,20,CTS,14
5.96966e+06,14,QOSDATA_TID6,1066
5.96984e+06,20,ACK,14
5.96989e+06,14,QOSDATA_TID6,1066
5.97007e+06,20,ACK,14
5.97012e+06,14,CTL,20
5.9702e+06,13,RTS,20
5.97027e+06,20,CTS,14
5.97033e+06,13,QOSDATA_TID6,1066
5.97051e+06,20,ACK,14
5.97056e+06,13,CTL,20
5.97064e+06,7,RTS,20
5.97064e+06,3,RTS,20
5.97064e+06,10,RTS,20
5.97071e+06,20,CTS,14
5.97077e+06,7,QOSDATA_TID6,1066
5.97096e+06,20,ACK,14
5.971e+06,7,CTL,20
5.97108e+06,6,RTS,20
5.97115e+06,20,CTS,14
5.97121e+06,6,QOSDATA_TID6,1066
5.9714e+06,20,ACK,14
5.97144e+06,6,CTL,20
5.97153e+06,0,RTS,20
5.97153e+06,11,RTS,20
5.97153e+06,16,RTS,20
5.97163e+06,1,RTS,20
5.97163e+06,19,RTS,20
5.97163e+06,9,RTS,20
5.97173e+06,17,RTS,20
5.9718e+06,20,CTS,14
5.97186e+06,17,QOSDATA_TID6,1066
5.97204e+06,20,ACK,14
5.97209e+06,17,CTL,20
5.97217e+06,1,RTS,20
5.97217e+06,19,RTS,20
5.97217e+06,4,RTS,20
5.97228e+06,12,RTS,20
5.97228e+06,9,RTS,20
5.97235e+06,20,CTS,14
5.97241e+06,12,QOSDATA_TID6,1066
5.97259e+06,20,ACK,14
5.97264e+06,12,CTL,20
5.97272e+06,15,RTS,20
5.97279e+06,20,CTS,14
5.97285e+06,15,QOSDATA_TID6,1066
5.97304e+06,20,ACK,14
5.97308e+06,15,CTL,20
5.97316e+06,4,RTS,20
5.97323e+06,20,CTS,14
5.97329e+06,4,QOSDATA_TID6,1066
5.97348e+06,20,ACK,14
5.97352e+06,4,QOSDATA_TID6,1066
5.9737e+06,20,ACK,14
5.97375e+06,4,CTL,20
5.97384e+06,11,RTS,20
5.97384e+06,5,RTS,20
5.97384e+06,2,RTS,20
5.97384e+06,3,RTS,20
5.9739e+06,20,CTS,14
5.97396e+06,5,QOSDATA_TID6,1066
5.97415e+06,20,ACK,14
5.97419e+06,5,CTL,20
5.97429e+06,0,RTS,20
5.97435e+06,20,CTS,14
5.97441e+06,0,QOSDATA_TID6,1066
5.9746e+06,20,ACK,14
5.97464e+06,0,CTL,20
5.97473e+06,18,RTS,20
5.9748e+06,20,CTS,14
5.97486e+06,18,QOSDATA_TID6,1066
5.97504e+06,20,ACK,14
5.97508e+06,18,CTL,20
5.97517e+06,10,RTS,20
5.97517e+06,2,RTS,20
5.97517e+06,14,RTS,20
5.97517e+06,16,RTS,20
5.97527e+06,9,RTS,20
5.97534e+06,20,CTS,14
5.9754e+06,9,QOSDATA_TID6,1066
5.97558e+06,20,ACK,14
5.97562e+06,9,QOSDATA_TID6,1066
5.97581e+06,20,ACK,14
5.97585e+06,9,QOSDATA_TID6,1066
5.97604e+06,20,ACK,14
5.97608e+06,9,CTL,20
5.97617e+06,8,RTS,20
5.97623e+06,20,CTS,14
5.97629e+06,8,QOSDATA_TID6,1066
5.97648e+06,20,ACK,14
5.97652e+06,8,CTL,20
5.97661e+06,19,RTS,20
5.97661e+06,16,RTS,20
5.97668e+06,20,CTS,14
5.97674e+06,19,QOSDATA_TID6,1066
5.97692e+06,20,ACK,14
5.97696e+06,19,CTL,20
5.97706e+06,1,RTS,20
5.97706e+06,11,RTS,20
5.97713e+06,20,CTS,14
5.97719e+06,1,QOSDATA_TID6,1066
5.97737e+06,20,ACK,14
5.97742e+06,1,CTL,20
5.9775e+06,7,RTS,20
5.9775e+06,0,RTS,20
5.9775e+06,14,RTS,20
5.97762e+06,3,RTS,20
5.97769e+06,20,CTS,14
5.97775e+06,3,QOSDATA_TID6,1066
5.97793e+06,20,ACK,14
5.97797e+06,3,QOSDATA_TID6,1066
5.97816e+06,20,ACK,14
5.9782e+06,3,CTL,20
5.97829e+06,13,RTS,20
5.97836e+06,20,CTS,14
5.97842e+06,13,QOSDATA_TID6,1066
5.9786e+06,20,ACK,14
5.97864e+06,13,CTL,20
5.97873e+06,14,RTS,20
5.97873e+06,10,RTS,20
5.97873e+06,9,RTS,20
5.97885e+06,0,RTS,20
5.97885e+06,12,RTS,20
5.97891e+06,20,CTS,14
5.97897e+06,12,QOSDATA_TID6,1066
5.97916e+06,20,ACK,14
5.9792e+06,12,CTL,20
5.97929e+06,19,RTS,20
5.97936e+06,20,CTS,14
5.97942e+06,19,QOSDATA_TID6,1066
5.9796e+06,20,ACK,14
5.97964e+06,19,CTL,20
5.97973e+06,1,RTS,20
5.97973e+06,6,RTS,20
5.97983e+06,2,RTS,20
5.9799e+06,20,CTS,14
5.97996e+06,2,QOSDATA_TID6,1066
5.98014e+06,20,ACK,14
5.98018e+06,2,CTL,20
5.98028e+06,17,RTS,20
5.98035e+06,20,CTS,14
5.98041e+06,17,QOSDATA_TID6,1066
5.98059e+06,20,ACK,14
5.98064e+06,17,CTL,20
5.98072e+06,3,RTS,20
5.98072e+06,15,RTS,20
5.98072e+06,6,RTS,20
5.98082e+06,7,RTS,20
5.98082e+06,16,RTS,20
5.98089e+06,20,CTS,14
5.98095e+06,7,QOSDATA_TID6,1066
5.98113e+06,20,ACK,14
5.98118e+06,7,CTL,20
5.98126e+06,5,RTS,20
5.98126e+06,3,RTS,20
5.98133e+06,20,CTS,14
5.98139e+06,5,QOSDATA_TID6,1066
5.98157e+06,20,ACK,14
5.98162e+06,5,CTL,20
5.98171e+06,2,RTS,20
5.98171e+06,11,RTS,20
5.98171e+06,9,RTS,20
5.98171e+06,6,RTS,20
5.98171e+06,10,RTS,20
5.98182e+06,15,RTS,20
5.98189e+06,20,CTS,14
5.98195e+06,15,QOSDATA_TID6,1066
5.98213e+06,20,ACK,14
5.98218e+06,15,CTL,20
5.98227e+06,10,RTS,20
5.98234e+06,20,CTS,14
5.9824e+06,10,QOSDATA_TID6,1066
5.98258e+06,20,ACK,14
5.98263e+06,10,QOSDATA_TID6,1066
5.98281e+06,20,ACK,14
5.98285e+06,10,QOSDATA_TID6,1066
5.98304e+06,20,ACK,14
5.98308e+06,10,CTL,20
5.98317e+06,18,RTS,20
5.98317e+06,1,RTS,20
5.98317e+06,4,RTS,20
5.98327e+06,9,RTS,20
5.98333e+06,20,CTS,14
5.98339e+06,9,QOSDATA_TID6,1066
5.98358e+06,20,ACK,14
5.98362e+06,9,CTL,20
5.98371e+06,14,RTS,20
5.98378e+06,20,CTS,14
5.98384e+06,14,QOSDATA_TID6,1066
5.98402e+06,20,ACK,14
5.98406e+06,14,QOSDATA_TID6,1066
5.98425e+06,20,ACK,14
5.98429e+06,14,CTL,20
5.98438e+06,6,RTS,20
5.98438e+06,8,RTS,20
5.98445e+06,20,CTS,14
5.98451e+06,8,QOSDATA_TID6,1066
5.98469e+06,20,ACK,14
5.98474e+06,8,CTL,20
5.98483e+06,11,RTS,20
5.98483e+06,3,RTS,20
5.98493e+06,0,CTS,14
5.98503e+06,0,RTS,20
5.9851e+06,20,CTS,14
5.98516e+06,0,QOSDATA_TID6,1066
5.98534e+06,20,ACK,14
5.98539e+06,0,QOSDATA_TID6,1066
5.98557e+06,20,ACK,14
5.98562e+06,0,CTL,20
5.98571e+06,3,RTS,20
5.98578e+06,20,CTS,14
5.98584e+06,3,QOSDATA_TID6,1066
5.98602e+06,20,ACK,14
5.98607e+06,3,CTL,20
5.98615e+06,9,RTS,20
5.98615e+06,2,RTS,20
5.98615e+06,1,RTS,20
5.98626e+06,13,RTS,20
5.98626e+06,6,RTS,20
5.98639e+06,6,RTS,20
5.98646e+06,20,CTS,14
5.98652e+06,6,QOSDATA_TID6,1066
5.9867e+06,20,ACK,14
5.98675e+06,6,CTL,20
5.98683e+06,1,RTS,20
5.9869e+06,20,CTS,14
5.98696e+06,1,QOSDATA_TID6,1066
5.98715e+06,20,ACK,14
5.98719e+06,1,QOSDATA_TID6,1066
5.98737e+06,20,ACK,14
5.98742e+06,1,CTL,20
5.9875e+06,19,RTS,20
5.9875e+06,11,RTS,20
5.9875e+06,12,RTS,20
5.9875e+06,7,RTS,20
5.9875e+06,3,RTS,20
5.98761e+06,17,RTS,20
5.98761e+06,13,RTS,20
5.98768e+06,20,CTS,14
5.98774e+06,17,QOSDATA_TID6,1066
5.98792e+06,20,ACK,14
5.98797e+06,17,CTL,20
5.98805e+06,19,RTS,20
5.98805e+06,6,RTS,20
5.98816e+06,13,RTS,20
5.98823e+06,20,CTS,14
5.98829e+06,13,QOSDATA_TID6,1066
5.98847e+06,20,ACK,14
5.98852e+06,13,CTL,20
5.98861e+06,11,RTS,20
5.98861e+06,16,RTS,20
5.98861e+06,10,RTS,20
5.98871e+06,15,RTS,20
5.98871e+06,4,RTS,20
5.98878e+06,20,CTS,14
5.98884e+06,15,QOSDATA_TID6,1066
5.98902e+06,20,ACK,14
5.98906e+06,15,CTL,20
5.98915e+06,10,RTS,20
5.98922e+06,20,CTS,14
5.98928e+06,10,QOSDATA_TID6,1066
5.98946e+06,20,ACK,14
5.98951e+06,10,CTL,20
5.98959e+06,5,RTS,20
5.98966e+06,20,CTS,14
5.98972e+06,5,QOSDATA_TID6,1066
5.9899e+06,20,ACK,14
5.98995e+06,5,CTL,20
5.99004e+06,12,RTS,20
5.99004e+06,2,RTS,20
5.99004e+06,7,RTS,20
5.99004e+06,16,RTS,20
5.99015e+06,19,RTS,20
5.99022e+06,20,CTS,14
5.99028e+06,19,QOSDATA_TID6,1066
5.99046e+06,20,ACK,14
5.99051e+06,19,CTL,20
5.9906e+06,9,RTS,20
5.9906e+06,18,RTS,20
5.9906e+06,6,RTS,20
5.9907e+06,8,RTS,20
5.99077e+06,20,CTS,14
5.99083e+06,8,QOSDATA_TID6,1066
5.99101e+06,20,ACK,14
5.99106e+06,8,CTL,20
5.99114e+06,16,RTS,20
5.99114e+06,4,RTS,20
5.99114e+06,14,RTS,20
5.99124e+06,12,RTS,20
5.99124e+06,2,RTS,20
5.99131e+06,20,CTS,14
5.99137e+06,12,QOSDATA_TID6,1066
5.99155e+06,20,ACK,14
5.9916e+06,12,CTL,20
5.99168e+06,4,RTS,20
5.99168e+06,14,RTS,20
5.99178e+06,9,RTS,20
5.99185e+06,20,CTS,14
5.99191e+06,9,QOSDATA_TID6,1066
5.99209e+06,20,ACK,14
5.99214e+06,9,CTL,20
5.99223e+06,3,RTS,20
5.9923e+06,20,CTS,14
5.99236e+06,3,QOSDATA_TID6,1066
5.99254e+06,20,ACK,14
5.99259e+06,3,CTL,20
5.99267e+06,11,RTS,20
5.99274e+06,20,CTS,14
5.9928e+06,11,QOSDATA_TID6,1066
5.99299e+06,20,ACK,14
5.99303e+06,11,QOSDATA_TID6,1066
5.99321e+06,20,ACK,14
5.99326e+06,11,QOSDATA_TID6,1066
5.99344e+06,20,ACK,14
5.99349e+06,11,QOSDATA_TID6,1066
5.99367e+06,20,ACK,14
5.99371e+06,11,QOSDATA_TID6,1066
5.9939e+06,20,ACK,14
5.99394e+06,11,CTL,20
5.99403e+06,4,RTS,20
5.99403e+06,13,RTS,20
5.99403e+06,0,RTS,20
5.99414e+06,9,RTS,20
5.9942e+06,20,CTS,14
5.99426e+06,9,QOSDATA_TID6,1066
5.99445e+06,20,ACK,14
5.99449e+06,9,CTL,20
5.99458e+06,7,RTS,20
5.99458e+06,13,RTS,20
5.99464e+06,20,CTS,14
5.9947e+06,7,QOSDATA_TID6,1066
5.99489e+06,20,ACK,14
5.99493e+06,7,QOSDATA_TID6,1066
5.99512e+06,20,ACK,14
5.99516e+06,7,CTL,20
5.99525e+06,1,RTS,20
5.99525e+06,11,RTS,20
5.99525e+06,2,RTS,20
5.99534e+06,12,RTS,20
5.99541e+06,20,CTS,14
5.99547e+06,12,QOSDATA_TID6,1066
5.99566e+06,20,ACK,14
5.9957e+06,12,CTL,20
5.99579e+06,1,RTS,20
5.99579e+06,14,RTS,20
5.99586e+06,20,CTS,14
5.99592e+06,1,QOSDATA_TID6,1066
5.9961e+06,20,ACK,14
5.99614e+06,1,CTL,20
5.99624e+06,11,RTS,20
5.99624e+06,16,RTS,20
5.99624e+06,0,RTS,20
5.99624e+06,18,RTS,20
5.99634e+06,17,RTS,20
5.99634e+06,19,RTS,20
5.99634e+06,13,RTS,20
5.99641e+06,20,CTS,14
5.99647e+06,17,QOSDATA_TID6,1066
5.99666e+06,20,ACK,14
5.9967e+06,17,CTL,20
5.9968e+06,4,RTS,20
5.9968e+06,15,RTS,20
5.9968e+06,10,RTS,20
5.99689e+06,19,RTS,20
5.99689e+06,6,RTS,20
5.99701e+06,2,RTS,20
5.99708e+06,20,CTS,14
5.99714e+06,2,QOSDATA_TID6,1066
5.99733e+06,20,ACK,14
5.99737e+06,2,QOSDATA_TID6,1066
5.99755e+06,20,ACK,14
5.9976e+06,2,QOSDATA_TID6,1066
5.99778e+06,20,ACK,14
5.99783e+06,2,CTL,20
5.99791e+06,15,RTS,20
5.99798e+06,20,CTS,14
5.99804e+06,15,QOSDATA_TID6,1066
5.99822e+06,20,ACK,14
5.99827e+06,15,CTL,20
5.99835e+06,0,CTS,14
5.99835e+06,19,RTS,20
5.99835e+06,4,RTS,20
5.99849e+06,0,RTS,20
5.99856e+06,20,CTS,14
5.99862e+06,0,QOSDATA_TID6,1066
5.99881e+06,20,ACK,14
5.99885e+06,0,CTL,20
5.99894e+06,8,RTS,20
5.99894e+06,19,RTS,20
5.99894e+06,11,RTS,20
5.99903e+06,6,RTS,20
5.9991e+06,20,CTS,14
5.99916e+06,6,QOSDATA_TID6,1066
5.99935e+06,20,ACK,14
5.99939e+06,6,QOSDATA_TID6,1066
5.99957e+06,20,ACK,14
5.99962e+06,6,CTL,20
5.9997e+06,3,RTS,20
5.9997e+06,13,RTS,20
5.99981e+06,11,RTS,20
5.99988e+06,20,CTS,14
5.99994e+06,11,QOSDATA_TID6,1066
6.00012e+06,20,ACK,14
6.00017e+06,11,CTL,20
6.00026e+06,5,RTS,20
6.00026e+06,13,RTS,20
6.00026e+06,14,RTS,20
6.00033e+06,20,CTS,14
6.00039e+06,5,QOSDATA_TID6,1066
6.00058e+06,20,ACK,14
6.00062e+06,5,CTL,20
6.0007e+06,16,RTS,20
6.0007e+06,4,RTS,20
6.0008e+06,10,RTS,20
6.00087e+06,20,CTS,14
6.00093e+06,10,QOSDATA_TID6,1066
6.00112e+06,20,ACK,14
6.00116e+06,10,CTL,20
6.00124e+06,18,RTS,20
6.00124e+06,4,RTS,20
6.00131e+06,20,CTS,14
6.00137e+06,18,QOSDATA_TID6,1066
6.00156e+06,20,ACK,14
6.0016e+06,18,QOSDATA_TID6,1066
6.00178e+06,20,ACK,14
6.00183e+06,18,QOSDATA_TID6,1066
6.00201e+06,20,ACK,14
6.00206e+06,18,CTL,20
6.00215e+06,0,RTS,20
6.00215e+06,9,RTS,20
6.00215e+06,16,RTS,20
6.00215e+06,13,RTS,20
6.00228e+06,7,RTS,20
6.00234e+06,20,CTS,14
6.0024e+06,7,QOSDATA_TID6,1066
6.00259e+06,20,ACK,14
6.00263e+06,7,CTL,20
6.00272e+06,8,RTS,20
6.00279e+06,20,CTS,14
6.00285e+06,8,QOSDATA_TID6,1066
6.00303e+06,20,ACK,14
6.00308e+06,8,CTL,20
6.00316e+06,11,RTS,20
6.00316e+06,0,RTS,20
6.00323e+06,20,CTS,14
6.00329e+06,0,QOSDATA_TID6,1066
6.00347e+06,20,ACK,14
6.00352e+06,0,CTL,20
6.00361e+06,1,RTS,20
6.00361e+06,19,RTS,20
6.00361e+06,13,RTS,20
6.00361e+06,4,RTS,20
6.00371e+06,12,RTS,20
6.00371e+06,9,RTS,20
6.00371e+06,14,RTS,20
6.00378e+06,20,CTS,14
6.00384e+06,12,QOSDATA_TID6,1066
6.00402e+06,20,ACK,14
6.00407e+06,12,CTL,20
6.00415e+06,9,RTS,20
6.00422e+06,20,CTS,14
6.00428e+06,9,QOSDATA_TID6,1066
6.00446e+06,20,ACK,14
6.00451e+06,9,CTL,20
6.00459e+06,5,RTS,20
6.00459e+06,1,RTS,20
6.00459e+06,17,RTS,20
6.00459e+06,6,RTS,20
6.00459e+06,13,RTS,20
6.00469e+06,2,RTS,20
6.00469e+06,3,RTS,20
6.00476e+06,20,CTS,14
6.00482e+06,2,QOSDATA_TID6,1066
6.005e+06,20,ACK,14
6.00505e+06,2,CTL,20
6.00513e+06,3,RTS,20
6.00513e+06,15,RTS,20
6.00523e+06,11,RTS,20
6.0053e+06,20,CTS,14
6.00536e+06,11,QOSDATA_TID6,1066
6.00554e+06,20,ACK,14
6.00559e+06,11,CTL,20
6.00567e+06,17,RTS,20
6.00574e+06,20,CTS,14
6.0058e+06,17,QOSDATA_TID6,1066
6.00599e+06,20,ACK,14
6.00603e+06,17,CTL,20
6.00612e+06,5,RTS,20
6.00612e+06,16,RTS,20
6.00612e+06,4,RTS,20
6.00612e+06,6,RTS,20
6.00612e+06,10,RTS,20
6.00612e+06,14,RTS,20
6.00618e+06,20,CTS,14
6.00624e+06,5,QOSDATA_TID6,1066
6.00643e+06,20,ACK,14
6.00647e+06,5,CTL,20
6.00656e+06,18,RTS,20
6.00656e+06,10,RTS,20
6.00666e+06,8,RTS,20
6.00666e+06,16,RTS,20
6.00666e+06,13,RTS,20
6.00672e+06,20,CTS,14
6.00678e+06,8,QOSDATA_TID6,1066
6.00697e+06,20,ACK,14
6.00701e+06,8,CTL,20
6.00711e+06,3,RTS,20
6.00711e+06,18,RTS,20
6.00721e+06,1,RTS,20
6.00721e+06,16,RTS,20
6.00728e+06,20,CTS,14
6.00734e+06,1,QOSDATA_TID6,1066
6.00753e+06,20,ACK,14
6.00757e+06,1,CTL,20
6.00766e+06,16,RTS,20
6.00772e+06,20,CTS,14
6.00778e+06,16,QOSDATA_TID6,1066
6.00797e+06,20,ACK,14
6.00801e+06,16,QOSDATA_TID6,1066
6.0082e+06,20,ACK,14
6.00824e+06,16,QOSDATA_TID6,1066
6.00842e+06,20,ACK,14
6.00847e+06,16,QOSDATA_TID6,1066
6.00865e+06,20,ACK,14
6.0087e+06,16,QOSDATA_TID6,1066
6.00888e+06,20,ACK,14
6.00892e+06,16,CTL,20
6.00902e+06,19,RTS,20
6.00902e+06,3,RTS,20
6.00909e+06,20,CTS,14
6.00915e+06,19,QOSDATA_TID6,1066
6.00933e+06,20,ACK,14
6.00938e+06,19,QOSDATA_TID6,1066
6.00956e+06,20,ACK,14
6.0096e+06,19,CTL,20
6.00969e+06,7,RTS,20
6.00969e+06,0,RTS,20
6.00969e+06,15,RTS,20
6.00981e+06,9,RTS,20
6.00987e+06,20,CTS,14
6.00993e+06,9,QOSDATA_TID6,1066
6.01012e+06,20,ACK,14
6.01016e+06,9,CTL,20
6.01025e+06,7,RTS,20
6.01025e+06,13,RTS,20
6.01032e+06,20,CTS,14
6.01038e+06,7,QOSDATA_TID6,1066
6.01056e+06,20,ACK,14
6.0106e+06,7,CTL,20
6.0107e+06,12,RTS,20
6.0107e+06,15,RTS,20
6.0107e+06,14,RTS,20
6.0107e+06,18,RTS,20
6.01077e+06,20,CTS,14
6.01083e+06,12,QOSDATA_TID6,1066
6.01101e+06,20,ACK,14
6.01106e+06,12,CTL,20
6.01114e+06,15,RTS,20
6.01121e+06,20,CTS,14
6.01127e+06,15,QOSDATA_TID6,1066
6.01145e+06,20,ACK,14
6.0115e+06,15,CTL,20
6.01158e+06,11,RTS,20
6.01165e+06,20,CTS,14
6.01171e+06,11,QOSDATA_TID6,1066
6.0119e+06,20,ACK,14
6.01194e+06,11,CTL,20
6.01202e+06,19,RTS,20
6.01202e+06,13,RTS,20
6.01202e+06,3,RTS,20
6.01202e+06,0,RTS,20
6.01212e+06,4,RTS,20
6.01219e+06,20,CTS,14
6.01225e+06,4,QOSDATA_TID6,1066
6.01244e+06,20,ACK,14
6.01248e+06,4,QOSDATA_TID6,1066
6.01266e+06,20,ACK,14
6.01271e+06,4,QOSDATA_TID6,1066
6.01289e+06,20,ACK,14
6.01294e+06,4,QOSDATA_TID6,1066
6.01312e+06,20,ACK,14
6.01316e+06,4,CTL,20
6.01325e+06,2,RTS,20
6.01332e+06,20,CTS,14
6.01338e+06,2,QOSDATA_TID6,1066
6.01356e+06,20,ACK,14
6.0136e+06,2,CTL,20
6.01369e+06,0,CTS,14
6.01369e+06,17,RTS,20
6.01369e+06,1,RTS,20
6.0138e+06,0,RTS,20
6.01386e+06,20,CTS,14
6.01392e+06,0,QOSDATA_TID6,1066
6.01411e+06,20,ACK,14
6.01415e+06,0,CTL,20
6.01424e+06,10,RTS,20
6.01424e+06,15,RTS,20
6.01424e+06,5,RTS,20
6.01424e+06,3,RTS,20
6.0143e+06,20,CTS,14
6.01436e+06,5,QOSDATA_TID6,1066
6.01455e+06,20,ACK,14
6.01459e+06,5,CTL,20
6.01468e+06,6,RTS,20
6.01475e+06,20,CTS,14
6.01481e+06,6,QOSDATA_TID6,1066
6.01499e+06,20,ACK,14
6.01504e+06,6,QOSDATA_TID6,1066
6.01522e+06,20,ACK,14
6.01526e+06,6,CTL,20
6.01535e+06,8,RTS,20
6.01535e+06,17,RTS,20
6.01545e+06,10,RTS,20
6.01552e+06,20,CTS,14
6.01558e+06,10,QOSDATA_TID6,1066
6.01576e+06,20,ACK,14
6.0158e+06,10,QOSDATA_TID6,1066
6.01599e+06,20,ACK,14
6.01603e+06,10,CTL,20
6.01612e+06,3,RTS,20
6.01612e+06,8,RTS,20
6.01612e+06,15,RTS,20
6.01619e+06,20,CTS,14
6.01625e+06,8,QOSDATA_TID6,1066
6.01643e+06,20,ACK,14
6.01647e+06,8,CTL,20
6.01656e+06,18,RTS,20
6.01663e+06,20,CTS,14
6.01669e+06,18,QOSDATA_TID6,1066
6.01687e+06,20,ACK,14
6.01692e+06,18,QOSDATA_TID6,1066
6.0171e+06,20,ACK,14
6.01714e+06,18,CTL,20
6.01723e+06,17,RTS,20
6.01723e+06,14,RTS,20
6.01723e+06,19,RTS,20
6.01723e+06,1,RTS,20
6.01723e+06,15,RTS,20
6.01733e+06,3,RTS,20
6.0174e+06,20,CTS,14
6.01746e+06,3,QOSDATA_TID6,1066
6.01764e+06,20,ACK,14
6.01768e+06,3,QOSDATA_TID6,1066
6.01787e+06,20,ACK,14
6.01791e+06,3,CTL,20
6.018e+06,19,RTS,20
6.018e+06,1,RTS,20
6.018e+06,17,RTS,20
6.018e+06,0,RTS,20
6.018e+06,16,RTS,20
6.018e+06,13,RTS,20
6.0181e+06,14,RTS,20
6.01816e+06,20,CTS,14
6.01822e+06,14,QOSDATA_TID6,1066
6.01841e+06,20,ACK,14
6.01845e+06,14,QOSDATA_TID6,1066
6.01864e+06,20,ACK,14
6.01868e+06,14,QOSDATA_TID6,1066
6.01886e+06,20,ACK,14
6.01891e+06,14,CTL,20
6.01899e+06,12,RTS,20
6.01899e+06,3,RTS,20
6.01899e+06,9,RTS,20
6.01906e+06,20,CTS,14
6.01912e+06,12,QOSDATA_TID6,1066
6.01931e+06,20,ACK,14
6.01935e+06,12,CTL,20
6.01944e+06,6,RTS,20
6.0195e+06,20,CTS,14
6.01956e+06,6,QOSDATA_TID6,1066
6.01975e+06,20,ACK,14
6.01979e+06,6,CTL,20
6.01988e+06,0,RTS,20
6.01988e+06,19,RTS,20
6.01988e+06,16,RTS,20
6.01998e+06,7,RTS,20
6.01998e+06,3,RTS,20
6.02005e+06,20,CTS,14
6.02011e+06,7,QOSDATA_TID6,1066
6.0203e+06,20,ACK,14
6.02034e+06,7,CTL,20
6.02044e+06,5,RTS,20
6.02044e+06,11,RTS,20
6.02044e+06,15,RTS,20
6.0205e+06,20,CTS,14
6.02056e+06,5,QOSDATA_TID6,1066
6.02075e+06,20,ACK,14
6.02079e+06,5,CTL,20
6.02088e+06,15,RTS,20
6.02095e+06,20,CTS,14
6.02101e+06,15,QOSDATA_TID6,1066
6.02119e+06,20,ACK,14
6.02123e+06,15,QOSDATA_TID6,1066
6.02142e+06,20,ACK,14
6.02146e+06,15,CTL,20
6.02156e+06,10,RTS,20
6.02162e+06,20,CTS,14
6.02168e+06,10,QOSDATA_TID6,1066
6.02187e+06,20,ACK,14
6.02191e+06,10,CTL,20
6.022e+06,2,RTS,20
6.022e+06,19,RTS,20
6.022e+06,16,RTS,20
6.022e+06,4,RTS,20
6.02212e+06,0,CTS,14
6.02222e+06,0,RTS,20
6.02229e+06,20,CTS,14
6.02235e+06,0,QOSDATA_TID6,1066
6.02253e+06,20,ACK,14
6.02258e+06,0,CTL,20
6.02266e+06,8,RTS,20
6.02266e+06,13,RTS,20
6.02273e+06,20,CTS,14
6.02279e+06,8,QOSDATA_TID6,1066
6.02298e+06,20,ACK,14
6.02302e+06,8,CTL,20
6.02311e+06,17,RTS,20
6.02311e+06,1,RTS,20
6.02311e+06,3,RTS,20
6.02311e+06,18,RTS,20
6.02321e+06,14,RTS,20
6.02321e+06,11,RTS,20
6.02334e+06,13,RTS,20
6.02334e+06,9,RTS,20
6.02345e+06,11,RTS,20
6.02352e+06,20,CTS,14
6.02358e+06,11,QOSDATA_TID6,1066
6.02376e+06,20,ACK,14
6.0238e+06,11,CTL,20
6.0239e+06,17,RTS,20
6.02397e+06,20,CTS,14
6.02403e+06,17,QOSDATA_TID6,1066
6.02421e+06,20,ACK,14
6.02426e+06,17,QOSDATA_TID6,1066
6.02444e+06,20,ACK,14
6.02448e+06,17,CTL,20
6.02457e+06,1,RTS,20
6.02457e+06,9,RTS,20
6.02457e+06,18,RTS,20
6.02468e+06,14,RTS,20
6.02474e+06,20,CTS,14
6.0248e+06,14,QOSDATA_TID6,1066
6.02499e+06,20,ACK,14
6.02503e+06,14,CTL,20
6.02512e+06,2,RTS,20
6.02519e+06,20,CTS,14
6.02525e+06,2,QOSDATA_TID6,1066
6.02543e+06,20,ACK,14
6.02547e+06,2,CTL,20
6.02556e+06,18,RTS,20
6.02556e+06,13,RTS,20
6.02566e+06,1,RTS,20
6.02566e+06,19,RTS,20
6.02576e+06,18,RTS,20
6.02582e+06,20,CTS,14
6.02588e+06,18,QOSDATA_TID6,1066
6.02607e+06,20,ACK,14
6.02611e+06,18,CTL,20
6.0262e+06,16,RTS,20
6.0262e+06,4,RTS,20
6.0263e+06,7,RTS,20
6.0263e+06,0,RTS,20
6.0264e+06,3,RTS,20
6.0264e+06,9,RTS,20
6.0265e+06,0,RTS,20
6.0265e+06,12,RTS,20
6.02657e+06,20,CTS,14
6.02663e+06,12,QOSDATA_TID6,1066
6.02681e+06,20,ACK,14
6.02686e+06,12,CTL,20
6.02695e+06,1,RTS,20
6.02695e+06,11,RTS,20
6.02702e+06,20,CTS,14
6.02708e+06,1,QOSDATA_TID6,1066
6.02726e+06,20,ACK,14
6.02731e+06,1,QOSDATA_TID6,1066
6.02749e+06,20,ACK,14
6.02754e+06,1,QOSDATA_TID6,1066
6.02772e+06,20,ACK,14
6.02776e+06,1,CTL,20
6.02785e+06,17,RTS,20
6.02785e+06,11,RTS,20
6.02785e+06,6,RTS,20
6.02792e+06,20,CTS,14
6.02798e+06,17,QOSDATA_TID6,1066
6.02816e+06,20,ACK,14
6.02821e+06,17,CTL,20
6.02829e+06,5,RTS,20
6.02836e+06,20,CTS,14
6.02842e+06,5,QOSDATA_TID6,1066
6.0286e+06,20,ACK,14
6.02865e+06,5,CTL,20
6.02873e+06,0,CTS,14
6.02873e+06,9,RTS,20
6.02873e+06,13,RTS,20
6.02888e+06,13,RTS,20
6.02888e+06,0,RTS,20
6.02895e+06,20,CTS,14
6.02901e+06,0,QOSDATA_TID6,1066
6.0292e+06,20,ACK,14
6.02924e+06,0,CTL,20
6.02932e+06,10,RTS,20
6.02932e+06,15,RTS,20
6.02939e+06,20,CTS,14
6.02945e+06,15,QOSDATA_TID6,1066
6.02964e+06,20,ACK,14
6.02968e+06,15,CTL,20
6.02977e+06,16,RTS,20
6.02984e+06,20,CTS,14
6.0299e+06,16,QOSDATA_TID6,1066
6.03008e+06,20,ACK,14
6.03012e+06,16,QOSDATA_TID6,1066
6.03031e+06,20,ACK,14
6.03035e+06,16,CTL,20
6.03044e+06,2,RTS,20
6.0305e+06,20,CTS,14
6.03056e+06,2,QOSDATA_TID6,1066
6.03075e+06,20,ACK,14
6.03079e+06,2,CTL,20
6.03088e+06,8,RTS,20
6.03095e+06,20,CTS,14
6.03101e+06,8,QOSDATA_TID6,1066
6.03119e+06,20,ACK,14
6.03124e+06,8,CTL,20
6.03132e+06,11,RTS,20
6.03132e+06,7,RTS,20
6.03132e+06,4,RTS,20
6.03132e+06,3,RTS,20
6.03142e+06,19,RTS,20
6.03142e+06,6,RTS,20
6.03154e+06,13,RTS,20
6.03161e+06,20,CTS,14
6.03167e+06,13,QOSDATA_TID6,1066
6.03185e+06,20,ACK,14
6.0319e+06,13,QOSDATA_TID6,1066
6.03208e+06,20,ACK,14
6.03212e+06,13,QOSDATA_TID6,1066
6.03231e+06,20,ACK,14
6.03235e+06,13,CTL,20
6.03244e+06,4,RTS,20
6.03251e+06,20,CTS,14
6.03257e+06,4,QOSDATA_TID6,1066
6.03275e+06,20,ACK,14
6.03279e+06,4,QOSDATA_TID6,1066
6.03298e+06,20,ACK,14
6.03302e+06,4,CTL,20
6.03311e+06,7,RTS,20
6.03311e+06,3,RTS,20
6.03311e+06,0,RTS,20
6.03311e+06,18,RTS,20
6.03322e+06,14,RTS,20
6.03328e+06,20,CTS,14
6.03334e+06,14,QOSDATA_TID6,1066
6.03353e+06,20,ACK,14
6.03357e+06,14,CTL,20
6.03367e+06,0,RTS,20
6.03373e+06,20,CTS,14
6.03379e+06,0,QOSDATA_TID6,1066
6.03398e+06,20,ACK,14
6.03402e+06,0,CTL,20
6.03411e+06,18,RTS,20
6.03411e+06,10,RTS,20
6.03411e+06,19,RTS,20
6.03411e+06,13,RTS,20
6.03411e+06,16,RTS,20
6.03422e+06,3,RTS,20
6.03422e+06,6,RTS,20
6.03422e+06,9,RTS,20
6.03431e+06,10,RTS,20
6.03431e+06,7,RTS,20
6.03438e+06,20,CTS,14
6.03444e+06,7,QOSDATA_TID6,1066
6.03462e+06,20,ACK,14
6.03467e+06,7,QOSDATA_TID6,1066
6.03485e+06,20,ACK,14
6.0349e+06,7,CTL,20
6.03499e+06,12,RTS,20
6.03499e+06,9,RTS,20
6.03506e+06,20,CTS,14
6.03512e+06,12,QOSDATA_TID6,1066
6.0353e+06,20,ACK,14
6.03535e+06,12,CTL,20
6.03544e+06,17,RTS,20
6.03544e+06,6,RTS,20
6.03551e+06,20,CTS,14
6.03557e+06,17,QOSDATA_TID6,1066
6.03576e+06,20,ACK,14
6.0358e+06,17,CTL,20
6.03589e+06,13,RTS,20
6.03596e+06,20,CTS,14
6.03602e+06,13,QOSDATA_TID6,1066
6.03621e+06,20,ACK,14
6.03625e+06,13,CTL,20
6.03634e+06,11,RTS,20
6.03634e+06,9,RTS,20
6.03645e+06,5,RTS,20
6.03652e+06,20,CTS,14
6.03658e+06,5,QOSDATA_TID6,1066
6.03676e+06,20,ACK,14
6.03681e+06,5,CTL,20
6.03689e+06,2,RTS,20
6.03689e+06,9,RTS,20
6.03689e+06,6,RTS,20
6.03699e+06,1,RTS,20
6.03699e+06,19,RTS,20
6.03699e+06,4,RTS,20
6.0371e+06,18,RTS,20
6.03717e+06,20,CTS,14
6.03723e+06,18,QOSDATA_TID6,1066
6.03741e+06,20,ACK,14
6.03746e+06,18,CTL,20
6.03754e+06,15,RTS,20
6.03761e+06,20,CTS,14
6.03767e+06,15,QOSDATA_TID6,1066
6.03785e+06,20,ACK,14
6.0379e+06,15,CTL,20
6.03798e+06,11,RTS,20
6.03798e+06,10,RTS,20
6.03798e+06,3,RTS,20
6.03809e+06,6,RTS,20
6.03816e+06,20,CTS,14
6.03822e+06,6,QOSDATA_TID6,1066
6.0384e+06,20,ACK,14
6.03845e+06,6,QOSDATA_TID6,1066
6.03863e+06,20,ACK,14
6.03867e+06,6,CTL,20
6.03876e+06,2,RTS,20
6.03876e+06,19,RTS,20
6.03889e+06,19,RTS,20
6.03896e+06,20,CTS,14
6.03902e+06,19,QOSDATA_TID6,1066
6.0392e+06,20,ACK,14
6.03925e+06,19,QOSDATA_TID6,1066
6.03943e+06,20,ACK,14
6.03948e+06,19,QOSDATA_TID6,1066
6.03966e+06,20,ACK,14
6.0397e+06,19,CTL,20
6.0398e+06,8,RTS,20
6.0398e+06,18,RTS,20
6.0398e+06,14,RTS,20
6.03987e+06,20,CTS,14
6.03993e+06,8,QOSDATA_TID6,1066
6.04011e+06,20,ACK,14
6.04016e+06,8,CTL,20
6.04024e+06,18,RTS,20
6.04031e+06,20,CTS,14
6.04037e+06,18,QOSDATA_TID6,1066
6.04055e+06,20,ACK,14
6.0406e+06,18,CTL,20
6.04069e+06,10,RTS,20
6.04069e+06,9,RTS,20
6.04069e+06,14,RTS,20
6.04069e+06,16,RTS,20
6.04082e+06,2,RTS,20
6.04088e+06,20,CTS,14
6.04094e+06,2,QOSDATA_TID6,1066
6.04113e+06,20,ACK,14
6.04117e+06,2,CTL,20
6.04126e+06,14,RTS,20
6.04133e+06,20,CTS,14
6.04139e+06,14,QOSDATA_TID6,1066
6.04157e+06,20,ACK,14
6.04162e+06,14,CTL,20
6.04171e+06,10,RTS,20
6.04171e+06,1,RTS,20
6.04171e+06,3,RTS,20
6.04178e+06,20,CTS,14
6.04184e+06,1,QOSDATA_TID6,1066
6.04202e+06,20,ACK,14
6.04207e+06,1,CTL,20
6.04215e+06,0,RTS,20
6.04215e+06,13,RTS,20
6.04222e+06,20,CTS,14
6.04228e+06,0,QOSDATA_TID6,1066
6.04246e+06,20,ACK,14
6.04251e+06,0,CTL,20
6.04259e+06,12,RTS,20
6.04266e+06,20,CTS,14
6.04272e+06,12,QOSDATA_TID6,1066
6.04291e+06,20,ACK,14
6.04295e+06,12,CTL,20
6.04304e+06,7,RTS,20
6.04304e+06,19,RTS,20
6.04304e+06,3,RTS,20
6.04315e+06,4,RTS,20
6.04322e+06,20,CTS,14
6.04328e+06,4,QOSDATA_TID6,1066
6.04346e+06,20,ACK,14
6.04351e+06,4,CTL,20
6.04359e+06,11,RTS,20
6.04359e+06,1,RTS,20
6.04359e+06,17,RTS,20
6.04359e+06,6,RTS,20
6.0437e+06,19,RTS,20
6.04377e+06,20,CTS,14
6.04383e+06,19,QOSDATA_TID6,1066
6.04401e+06,20,ACK,14
6.04406e+06,19,CTL,20
6.04414e+06,7,RTS,20
6.04421e+06,20,CTS,14
6.04427e+06,7,QOSDATA_TID6,1066
6.04446e+06,20,ACK,14
6.0445e+06,7,CTL,20
6.04458e+06,16,RTS,20
6.04465e+06,20,CTS,14
6.04471e+06,16,QOSDATA_TID6,1066
6.0449e+06,20,ACK,14
6.04494e+06,16,QOSDATA_TID6,1066
6.04512e+06,20,ACK,14
6.04517e+06,16,CTL,20
6.04526e+06,17,RTS,20
6.04526e+06,13,RTS,20
6.04526e+06,9,RTS,20
6.04526e+06,10,RTS,20
6.04532e+06,20,CTS,14
6.04538e+06,17,QOSDATA_TID6,1066
6.04557e+06,20,ACK,14
6.04561e+06,17,CTL,20
6.04571e+06,4,RTS,20
6.04571e+06,15,RTS,20
6.04571e+06,10,RTS,20
6.04582e+06,5,RTS,20
6.04582e+06,1,RTS,20
6.04589e+06,20,CTS,14
6.04595e+06,5,QOSDATA_TID6,1066
6.04613e+06,20,ACK,14
6.04618e+06,5,CTL,20
6.04626e+06,6,RTS,20
6.04633e+06,20,CTS,14
6.04639e+06,6,QOSDATA_TID6,1066
6.04658e+06,20,ACK,14
6.04662e+06,6,CTL,20
6.04671e+06,18,RTS,20
6.04671e+06,10,RTS,20
6.0468e+06,8,RTS,20
6.0468e+06,4,RTS,20
6.04687e+06,20,CTS,14
6.04693e+06,8,QOSDATA_TID6,1066
6.04712e+06,20,ACK,14
6.04716e+06,8,CTL,20
6.04725e+06,14,RTS,20
6.04732e+06,20,CTS,14
6.04738e+06,14,QOSDATA_TID6,1066
6.04756e+06,20,ACK,14
6.0476e+06,14,CTL,20
6.04769e+06,15,RTS,20
6.04769e+06,18,RTS,20
6.04769e+06,2,RTS,20
6.04769e+06,3,RTS,20
6.04769e+06,9,RTS,20
6.0478e+06,10,RTS,20
6.0478e+06,11,RTS,20
6.04793e+06,15,RTS,20
6.048e+06,20,CTS,14
6.04806e+06,15,QOSDATA_TID6,1066
6.04824e+06,20,ACK,14
6.04829e+06,15,CTL,20
6.04837e+06,2,RTS,20
6.04837e+06,10,RTS,20
6.04844e+06,20,CTS,14
6.0485e+06,2,QOSDATA_TID6,1066
6.04868e+06,20,ACK,14
6.04873e+06,2,CTL,20
6.04882e+06,9,RTS,20
6.04889e+06,20,CTS,14
6.04895e+06,9,QOSDATA_TID6,1066
6.04914e+06,20,ACK,14
6.04918e+06,9,QOSDATA_TID6,1066
6.04936e+06,20,ACK,14
6.04941e+06,9,QOSDATA_TID6,1066
6.04959e+06,20,ACK,14
6.04964e+06,9,CTL,20
6.04972e+06,16,RTS,20
6.04972e+06,7,RTS,20
6.04972e+06,4,RTS,20
6.04972e+06,13,RTS,20
6.04982e+06,0,RTS,20
6.04989e+06,20,CTS,14
6.04995e+06,0,QOSDATA_TID6,1066
6.05013e+06,20,ACK,14
6.05018e+06,0,CTL,20
6.05026e+06,1,RTS,20
6.05026e+06,9,RTS,20
6.05026e+06,4,RTS,20
6.05033e+06,20,CTS,14
6.05039e+06,1,QOSDATA_TID6,1066
6.05057e+06,20,ACK,14
6.05062e+06,1,CTL,20
6.05071e+06,16,RTS,20
6.05071e+06,7,RTS,20
6.05071e+06,4,RTS,20
6.05071e+06,10,RTS,20
6.05084e+06,7,RTS,20
6.05084e+06,10,RTS,20
6.05091e+06,20,CTS,14
6.05097e+06,7,QOSDATA_TID6,1066
6.05116e+06,20,ACK,14
6.0512e+06,7,CTL,20
6.05129e+06,1,RTS,20
6.05129e+06,16,RTS,20
6.05129e+06,19,RTS,20
6.0514e+06,12,RTS,20
6.0514e+06,13,RTS,20
6.0514e+06,6,RTS,20
6.05147e+06,20,CTS,14
6.05153e+06,12,QOSDATA_TID6,1066
6.05171e+06,20,ACK,14
6.05176e+06,12,CTL,20
6.05184e+06,16,RTS,20
6.05184e+06,3,RTS,20
6.05195e+06,6,RTS,20
6.05202e+06,20,CTS,14
6.05208e+06,6,QOSDATA_TID6,1066
6.05226e+06,20,ACK,14
6.05231e+06,6,CTL,20
6.05239e+06,5,RTS,20
6.05246e+06,20,CTS,14
6.05252e+06,5,QOSDATA_TID6,1066
6.0527e+06,20,ACK,14
6.05275e+06,5,CTL,20
6.05284e+06,11,RTS,20
6.05284e+06,9,RTS,20
6.05295e+06,15,RTS,20
6.05302e+06,20,CTS,14
6.05308e+06,15,QOSDATA_TID6,1066
6.05326e+06,20,ACK,14
6.05331e+06,15,CTL,20
6.0534e+06,11,RTS,20
6.05347e+06,20,CTS,14
6.05353e+06,11,QOSDATA_TID6,1066
6.05371e+06,20,ACK,14
6.05376e+06,11,QOSDATA_TID6,1066
6.05394e+06,20,ACK,14
6.05398e+06,11,QOSDATA_TID6,1066
6.05417e+06,20,ACK,14
6.05421e+06,11,CTL,20
6.0543e+06,17,RTS,20
6.0543e+06,19,RTS,20
6.0543e+06,18,RTS,20
6.0544e+06,13,RTS,20
6.05446e+06,20,CTS,14
6.05452e+06,13,QOSDATA_TID6,1066
6.05471e+06,20,ACK,14
6.05475e+06,13,QOSDATA_TID6,1066
6.05494e+06,20,ACK,14
6.05498e+06,13,CTL,20
6.05507e+06,16,RTS,20
6.05507e+06,17,RTS,20
6.05507e+06,2,RTS,20
6.05507e+06,3,RTS,20
6.05517e+06,14,RTS,20
6.05523e+06,20,CTS,14
6.05529e+06,14,QOSDATA_TID6,1066
6.05548e+06,20,ACK,14
6.05552e+06,14,CTL,20
6.05561e+06,10,RTS,20
6.05568e+06,20,CTS,14
6.05574e+06,10,QOSDATA_TID6,1066
6.05592e+06,20,ACK,14
6.05596e+06,10,QOSDATA_TID6,1066
6.05615e+06,20,ACK,14
6.05619e+06,10,QOSDATA_TID6,1066
6.05638e+06,20,ACK,14
6.05642e+06,10,CTL,20
6.05651e+06,2,RTS,20
6.05651e+06,4,RTS,20
6.05657e+06,20,CTS,14
6.05663e+06,2,QOSDATA_TID6,1066
6.05682e+06,20,ACK,14
6.05686e+06,2,CTL,20
6.05696e+06,3,RTS,20
6.05696e+06,8,RTS,20
6.05696e+06,1,RTS,20
6.05706e+06,17,RTS,20
6.05713e+06,20,CTS,14
6.05719e+06,17,QOSDATA_TID6,1066
6.05738e+06,20,ACK,14
6.05742e+06,17,CTL,20
6.0575e+06,20,BEACON,152
6.05776e+06,8,RTS,20
6.05783e+06,20,CTS,14
6.05789e+06,8,QOSDATA_TID6,1066
6.05807e+06,20,ACK,14
6.05812e+06,8,CTL,20
6.0582e+06,7,RTS,20
6.0582e+06,0,RTS,20
6.05832e+06,9,RTS,20
6.05838e+06,20,CTS,14
6.05844e+06,9,QOSDATA_TID6,1066
6.05863e+06,20,ACK,14
6.05867e+06,9,QOSDATA_TID6,1066
6.05886e+06,20,ACK,14
6.0589e+06,9,CTL,20
6.059e+06,18,RTS,20
6.059e+06,11,RTS,20
6.05916e+06,11,RTS,20
6.05923e+06,20,CTS,14
6.05929e+06,11,QOSDATA_TID6,1066
6.05948e+06,20,ACK,14
6.05952e+06,11,CTL,20
6.0596e+06,17,RTS,20
6.0596e+06,6,RTS,20
6.05967e+06,20,CTS,14
6.05973e+06,17,QOSDATA_TID6,1066
6.05992e+06,20,ACK,14
6.05996e+06,17,CTL,20
6.06006e+06,18,RTS,20
6.06006e+06,13,RTS,20
6.06015e+06,19,RTS,20
6.06022e+06,20,CTS,14
6.06028e+06,19,QOSDATA_TID6,1066
6.06047e+06,20,ACK,14
6.06051e+06,19,QOSDATA_TID6,1066
6.06069e+06,20,ACK,14
6.06074e+06,19,CTL,20
6.06083e+06,5,RTS,20
6.06083e+06,15,RTS,20
6.0609e+06,20,CTS,14
6.06096e+06,5,QOSDATA_TID6,1066
6.06114e+06,20,ACK,14
6.06119e+06,5,CTL,20
6.06128e+06,15,RTS,20
6.06134e+06,20,CTS,14
6.0614e+06,15,QOSDATA_TID6,1066
6.06159e+06,20,ACK,14
6.06163e+06,15,CTL,20
6.06172e+06,7,RTS,20
6.06178e+06,20,CTS,14
6.06184e+06,7,QOSDATA_TID6,1066
6.06203e+06,20,ACK,14
6.06207e+06,7,CTL,20
6.06216e+06,1,RTS,20
6.06216e+06,16,RTS,20
6.06216e+06,4,RTS,20
6.06216e+06,2,RTS,20
6.06216e+06,3,RTS,20
6.06226e+06,12,RTS,20
6.06226e+06,10,RTS,20
6.06232e+06,20,CTS,14
6.06238e+06,12,QOSDATA_TID6,1066
6.06257e+06,20,ACK,14
6.06261e+06,12,CTL,20
6.0627e+06,0,RTS,20
6.0627e+06,6,RTS,20
6.0628e+06,10,RTS,20
6.06286e+06,20,CTS,14
6.06293e+06,10,QOSDATA_TID6,1066
6.06311e+06,20,ACK,14
6.06315e+06,10,CTL,20
6.06324e+06,8,RTS,20
6.06331e+06,20,CTS,14
6.06337e+06,8,QOSDATA_TID6,1066
6.06355e+06,20,ACK,14
6.0636e+06,8,CTL,20
6.06368e+06,2,RTS,20
6.06375e+06,20,CTS,14
6.06381e+06,2,QOSDATA_TID6,1066
6.06399e+06,20,ACK,14
6.06404e+06,2,CTL,20
6.06412e+06,6,RTS,20
6.06412e+06,13,RTS,20
6.06425e+06,1,RTS,20
6.06432e+06,20,CTS,14
6.06438e+06,1,QOSDATA_TID6,1066
6.06456e+06,20,ACK,14
6.0646e+06,1,QOSDATA_TID6,1066
6.06479e+06,20,ACK,14
6.06483e+06,1,CTL,20
6.06493e+06,18,RTS,20
6.06493e+06,6,RTS,20
6.06493e+06,14,RTS,20
6.06504e+06,16,RTS,20
6.0651e+06,20,CTS,14
6.06516e+06,16,QOSDATA_TID6,1066
6.06535e+06,20,ACK,14
6.06539e+06,16,QOSDATA_TID6,1066
6.06558e+06,20,ACK,14
6.06562e+06,16,QOSDATA_TID6,1066
6.0658e+06,20,ACK,14
6.06585e+06,16,CTL,20
6.06593e+06,7,RTS,20
6.06593e+06,9,RTS,20
6.066e+06,20,CTS,14
6.06606e+06,7,QOSDATA_TID6,1066
6.06624e+06,20,ACK,14
6.06629e+06,7,CTL,20
6.06638e+06,12,RTS,20
6.06638e+06,4,RTS,20
6.06645e+06,20,CTS,14
6.06651e+06,12,QOSDATA_TID6,1066
6.0667e+06,20,ACK,14
6.06674e+06,12,CTL,20
6.06683e+06,11,RTS,20
6.06689e+06,20,CTS,14
6.06695e+06,11,QOSDATA_TID6,1066
6.06714e+06,20,ACK,14
6.06718e+06,11,CTL,20
6.06728e+06,6,RTS,20
6.06734e+06,20,CTS,14
6.0674e+06,6,QOSDATA_TID6,1066
6.06759e+06,20,ACK,14
6.06763e+06,6,QOSDATA_TID6,1066
6.06782e+06,20,ACK,14
6.06786e+06,6,CTL,20
6.06795e+06,0,CTS,14
6.06795e+06,14,RTS,20
6.06795e+06,3,RTS,20
6.06795e+06,13,RTS,20
6.06795e+06,4,RTS,20
6.06803e+06,0,RTS,20
6.0681e+06,20,CTS,14
6.06816e+06,0,QOSDATA_TID6,1066
6.06834e+06,20,ACK,14
6.06839e+06,0,QOSDATA_TID6,1066
6.06857e+06,20,ACK,14
6.06862e+06,0,CTL,20
6.0687e+06,2,RTS,20
6.0687e+06,15,RTS,20
6.0687e+06,1,RTS,20
6.0687e+06,19,RTS,20
6.06881e+06,17,RTS,20
6.06888e+06,20,CTS,14
6.06894e+06,17,QOSDATA_TID6,1066
6.06912e+06,20,ACK,14
6.06917e+06,17,CTL,20
6.06926e+06,5,RTS,20
6.06926e+06,2,RTS,20
6.06926e+06,13,RTS,20
6.06926e+06,10,RTS,20
6.06933e+06,20,CTS,14
6.06939e+06,5,QOSDATA_TID6,1066
6.06957e+06,20,ACK,14
6.06962e+06,5,CTL,20
6.06971e+06,4,RTS,20
6.06978e+06,20,CTS,14
6.06984e+06,4,QOSDATA_TID6,1066
6.07002e+06,20,ACK,14
6.07007e+06,4,QOSDATA_TID6,1066
6.07025e+06,20,ACK,14
6.0703e+06,4,QOSDATA_TID6,1066
6.07048e+06,20,ACK,14
6.07052e+06,4,CTL,20
6.07061e+06,3,RTS,20
6.07068e+06,20,CTS,14
6.07074e+06,3,QOSDATA_TID6,1066
6.07092e+06,20,ACK,14
6.07097e+06,3,QOSDATA_TID6,1066
6.07115e+06,20,ACK,14
6.0712e+06,3,QOSDATA_TID6,1066
6.07138e+06,20,ACK,14
6.07142e+06,3,QOSDATA_TID6,1066
6.07161e+06,20,ACK,14
6.07165e+06,3,QOSDATA_TID6,1066
6.07184e+06,20,ACK,14
6.07188e+06,3,CTL,20
6.07196e+06,9,RTS,20
6.07196e+06,18,RTS,20
6.07196e+06,19,RTS,20
6.07196e+06,14,RTS,20
6.07209e+06,2,RTS,20
6.07216e+06,20,CTS,14
6.07222e+06,2,QOSDATA_TID6,1066
6.0724e+06,20,ACK,14
6.07245e+06,2,CTL,20
6.07253e+06,9,RTS,20
6.07253e+06,13,RTS,20
6.07264e+06,1,RTS,20
6.07271e+06,20,CTS,14
6.07277e+06,1,QOSDATA_TID6,1066
6.07295e+06,20,ACK,14
6.073e+06,1,CTL,20
6.07308e+06,8,RTS,20
6.07308e+06,16,RTS,20
6.07315e+06,20,CTS,14
6.07321e+06,8,QOSDATA_TID6,1066
6.07339e+06,20,ACK,14
6.07344e+06,8,CTL,20
6.07352e+06,0,RTS,20
6.07359e+06,20,CTS,14
6.07365e+06,0,QOSDATA_TID6,1066
6.07384e+06,20,ACK,14
6.07388e+06,0,CTL,20
6.07397e+06,14,RTS,20
6.07397e+06,9,RTS,20
6.07407e+06,7,RTS,20
6.07414e+06,20,CTS,14
6.0742e+06,7,QOSDATA_TID6,1066
6.07438e+06,20,ACK,14
6.07443e+06,7,CTL,20
6.07451e+06,9,RTS,20
6.07458e+06,20,CTS,14
6.07464e+06,9,QOSDATA_TID6,1066
6.07483e+06,20,ACK,14
6.07487e+06,9,QOSDATA_TID6,1066
6.07505e+06,20,ACK,14
6.0751e+06,9,CTL,20
6.07518e+06,1,RTS,20
6.07525e+06,20,CTS,14
6.07531e+06,1,QOSDATA_TID6,1066
6.0755e+06,20,ACK,14
6.07554e+06,1,CTL,20
6.07563e+06,17,RTS,20
6.07563e+06,3,RTS,20
6.07563e+06,15,RTS,20
6.07563e+06,6,RTS,20
6.07563e+06,10,RTS,20
6.07574e+06,13,RTS,20
6.07581e+06,20,CTS,14
6.07587e+06,13,QOSDATA_TID6,1066
6.07605e+06,20,ACK,14
6.0761e+06,13,QOSDATA_TID6,1066
6.07628e+06,20,ACK,14
6.07633e+06,13,QOSDATA_TID6,1066
6.07651e+06,20,ACK,14
6.07655e+06,13,CTL,20
6.07664e+06,6,RTS,20
6.07664e+06,2,RTS,20
6.07674e+06,11,RTS,20
6.07674e+06,16,RTS,20
6.07684e+06,12,RTS,20
6.0769e+06,20,CTS,14
6.07696e+06,12,QOSDATA_TID6,1066
6.07715e+06,20,ACK,14
6.07719e+06,12,CTL,20
6.07728e+06,4,RTS,20
6.07735e+06,20,CTS,14
6.07741e+06,4,QOSDATA_TID6,1066
6.07759e+06,20,ACK,14
6.07763e+06,4,CTL,20
6.07772e+06,19,RTS,20
6.07772e+06,5,RTS,20
6.07772e+06,14,RTS,20
6.07779e+06,20,CTS,14
6.07785e+06,5,QOSDATA_TID6,1066
6.07803e+06,20,ACK,14
6.07808e+06,5,CTL,20
6.07816e+06,18,RTS,20
6.07816e+06,14,RTS,20
6.07826e+06,17,RTS,20
6.07833e+06,20,CTS,14
6.07839e+06,17,QOSDATA_TID6,1066
6.07857e+06,20,ACK,14
6.07862e+06,17,CTL,20
6.07871e+06,11,RTS,20
6.07871e+06,2,RTS,20
6.07871e+06,18,RTS,20
6.07871e+06,10,RTS,20
6.07881e+06,19,RTS,20
6.07888e+06,20,CTS,14
6.07894e+06,19,QOSDATA_TID6,1066
6.07912e+06,20,ACK,14
6.07917e+06,19,QOSDATA_TID6,1066
6.07935e+06,20,ACK,14
6.07939e+06,19,CTL,20
6.07948e+06,8,RTS,20
6.07955e+06,20,CTS,14
6.07961e+06,8,QOSDATA_TID6,1066
6.07979e+06,20,ACK,14
6.07984e+06,8,CTL,20
6.07992e+06,6,RTS,20
6.07992e+06,15,RTS,20
6.08002e+06,16,RTS,20
6.08002e+06,3,RTS,20
6.08013e+06,6,RTS,20
6.08013e+06,14,RTS,20
6.08024e+06,11,RTS,20
6.08031e+06,20,CTS,14
6.08037e+06,11,QOSDATA_TID6,1066
6.08055e+06,20,ACK,14
6.08059e+06,11,CTL,20
6.08068e+06,16,RTS,20
6.08068e+06,3,RTS,20
6.08082e+06,3,RTS,20
6.08082e+06,14,RTS,20
6.08082e+06,15,RTS,20
6.08095e+06,18,RTS,20
6.08102e+06,20,CTS,14
6.08108e+06,18,QOSDATA_TID6,1066
6.08126e+06,20,ACK,14
6.0813e+06,18,QOSDATA_TID6,1066
6.08149e+06,20,ACK,14
6.08153e+06,18,QOSDATA_TID6,1066
6.08172e+06,20,ACK,14
6.08176e+06,18,QOSDATA_TID6,1066
6.08194e+06,20,ACK,14
6.08199e+06,18,CTL,20
6.08208e+06,0,RTS,20
6.08208e+06,16,RTS,20
6.08208e+06,13,RTS,20
6.08218e+06,9,RTS,20
6.08225e+06,20,CTS,14
6.08231e+06,9,QOSDATA_TID6,1066
6.08249e+06,20,ACK,14
6.08254e+06,9,CTL,20
6.08262e+06,0,RTS,20
6.08269e+06,20,CTS,14
6.08275e+06,0,QOSDATA_TID6,1066
6.08294e+06,20,ACK,14
6.08298e+06,0,CTL,20
6.08306e+06,12,RTS,20
6.08306e+06,7,RTS,20
6.08306e+06,19,RTS,20
6.08316e+06,6,RTS,20
6.08323e+06,20,CTS,14
6.08329e+06,6,QOSDATA_TID6,1066
6.08348e+06,20,ACK,14
6.08352e+06,6,QOSDATA_TID6,1066
6.0837e+06,20,ACK,14
6.08375e+06,6,CTL,20
6.08383e+06,14,RTS,20
6.08383e+06,15,RTS,20
6.08383e+06,7,RTS,20
6.08383e+06,1,RTS,20
6.08383e+06,19,RTS,20
6.08393e+06,17,RTS,20
6.08393e+06,11,RTS,20
6.084e+06,20,CTS,14
6.08406e+06,17,QOSDATA_TID6,1066
6.08424e+06,20,ACK,14
6.08429e+06,17,CTL,20
6.08437e+06,19,RTS,20
6.08444e+06,20,CTS,14
6.0845e+06,19,QOSDATA_TID6,1066
6.08468e+06,20,ACK,14
6.08473e+06,19,CTL,20
6.08482e+06,5,RTS,20
6.08482e+06,3,RTS,20
6.08482e+06,15,RTS,20
6.08482e+06,14,RTS,20
6.08488e+06,20,CTS,14
6.08494e+06,5,QOSDATA_TID6,1066
6.08513e+06,20,ACK,14
6.08517e+06,5,CTL,20
6.08526e+06,7,RTS,20
6.08526e+06,16,RTS,20
6.08532e+06,20,CTS,14
6.08538e+06,7,QOSDATA_TID6,1066
6.08557e+06,20,ACK,14
6.08561e+06,7,CTL,20
6.0857e+06,2,RTS,20
6.08577e+06,20,CTS,14
6.08583e+06,2,QOSDATA_TID6,1066
6.08601e+06,20,ACK,14
6.08606e+06,2,QOSDATA_TID6,1066
6.08624e+06,20,ACK,14
6.08628e+06,2,CTL,20
6.08637e+06,10,RTS,20
6.08637e+06,13,RTS,20
6.08648e+06,1,RTS,20
6.08654e+06,20,CTS,14
6.0866e+06,1,QOSDATA_TID6,1066
6.08679e+06,20,ACK,14
6.08683e+06,1,CTL,20
6.08692e+06,10,RTS,20
6.08699e+06,20,CTS,14
6.08705e+06,10,QOSDATA_TID6,1066
6.08723e+06,20,ACK,14
6.08728e+06,10,QOSDATA_TID6,1066
6.08746e+06,20,ACK,14
6.0875e+06,10,QOSDATA_TID6,1066
6.08769e+06,20,ACK,14
6.08773e+06,10,CTL,20
6.08782e+06,3,RTS,20
6.08782e+06,8,RTS,20
6.08782e+06,4,RTS,20
6.08788e+06,20,CTS,14
6.08794e+06,8,QOSDATA_TID6,1066
6.08813e+06,20,ACK,14
6.08817e+06,8,CTL,20
6.08827e+06,18,RTS,20
6.08827e+06,14,RTS,20
6.08837e+06,16,RTS,20
6.08843e+06,20,CTS,14
6.08849e+06,16,QOSDATA_TID6,1066
6.08868e+06,20,ACK,14
6.08872e+06,16,QOSDATA_TID6,1066
6.08891e+06,20,ACK,14
6.08895e+06,16,QOSDATA_TID6,1066
6.08913e+06,20,ACK,14
6.08918e+06,16,CTL,20
6.08926e+06,11,RTS,20
6.08926e+06,18,RTS,20
6.0894e+06,18,RTS,20
6.08941e+06,15,RTS,20
6.08951e+06,12,RTS,20
6.08958e+06,20,CTS,14
6.08964e+06,12,QOSDATA_TID6,1066
6.08983e+06,20,ACK,14
6.08987e+06,12,CTL,20
6.08996e+06,7,RTS,20
6.08996e+06,4,RTS,20
6.08996e+06,0,RTS,20
6.08996e+06,18,RTS,20
6.08996e+06,9,RTS,20
6.0901e+06,9,RTS,20
6.09016e+06,20,CTS,14
6.09022e+06,9,QOSDATA_TID6,1066
6.09041e+06,20,ACK,14
6.09045e+06,9,CTL,20
6.09054e+06,14,RTS,20
6.09061e+06,20,CTS,14
6.09067e+06,14,QOSDATA_TID6,1066
6.09085e+06,20,ACK,14
6.09089e+06,14,QOSDATA_TID6,1066
6.09108e+06,20,ACK,14
6.09112e+06,14,QOSDATA_TID6,1066
6.09131e+06,20,ACK,14
6.09135e+06,14,CTL,20
6.09144e+06,6,RTS,20
6.0915e+06,20,CTS,14
6.09156e+06,6,QOSDATA_TID6,1066
6.09175e+06,20,ACK,14
6.09179e+06,6,CTL,20
6.09188e+06,15,RTS,20
6.09188e+06,12,RTS,20
6.09188e+06,17,RTS,20
6.09188e+06,1,RTS,20
6.09198e+06,13,RTS,20
6.09204e+06,20,CTS,14
6.0921e+06,13,QOSDATA_TID6,1066
6.09229e+06,20,ACK,14
6.09233e+06,13,QOSDATA_TID6,1066
6.09252e+06,20,ACK,14
6.09256e+06,13,CTL,20
6.09265e+06,12,RTS,20
6.09265e+06,11,RTS,20
6.09265e+06,19,RTS,20
6.09265e+06,2,RTS,20
6.09274e+06,15,RTS,20
6.09281e+06,20,CTS,14
6.09287e+06,15,QOSDATA_TID6,1066
6.09306e+06,20,ACK,14
6.0931e+06,15,QOSDATA_TID6,1066
6.09328e+06,20,ACK,14
6.09333e+06,15,QOSDATA_TID6,1066
6.09351e+06,20,ACK,14
6.09356e+06,15,CTL,20
6.09364e+06,0,RTS,20
6.09364e+06,5,RTS,20
6.09364e+06,11,RTS,20
6.09371e+06,20,CTS,14
6.09377e+06,5,QOSDATA_TID6,1066
6.09395e+06,20,ACK,14
6.094e+06,5,CTL,20
6.09409e+06,12,RTS,20
6.09409e+06,7,RTS,20
6.09416e+06,20,CTS,14
6.09422e+06,12,QOSDATA_TID6,1066
6.0944e+06,20,ACK,14
6.09445e+06,12,CTL,20
6.09454e+06,11,RTS,20
6.09454e+06,2,RTS,20
6.09454e+06,3,RTS,20
6.09454e+06,18,RTS,20
6.09454e+06,10,RTS,20
6.09464e+06,8,RTS,20
6.09471e+06,20,CTS,14
6.09477e+06,8,QOSDATA_TID6,1066
6.09496e+06,20,ACK,14
6.095e+06,8,CTL,20
6.09508e+06,2,RTS,20
6.09508e+06,10,RTS,20
6.09515e+06,20,CTS,14
6.09521e+06,2,QOSDATA_TID6,1066
6.0954e+06,20,ACK,14
6.09544e+06,2,CTL,20
6.09554e+06,10,RTS,20
6.09554e+06,14,RTS,20
6.09554e+06,4,RTS,20
6.09565e+06,19,RTS,20
6.09572e+06,20,CTS,14
6.09578e+06,19,QOSDATA_TID6,1066
6.09596e+06,20,ACK,14
6.09601e+06,19,CTL,20
6.09609e+06,17,RTS,20
6.09616e+06,20,CTS,14
6.09622e+06,17,QOSDATA_TID6,1066
6.09641e+06,20,ACK,14
6.09645e+06,17,CTL,20
6.09654e+06,4,RTS,20
6.09654e+06,14,RTS,20
6.09666e+06,3,RTS,20
6.09673e+06,20,CTS,14
6.09679e+06,3,QOSDATA_TID6,1066
6.09697e+06,20,ACK,14
6.09702e+06,3,QOSDATA_TID6,1066
6.0972e+06,20,ACK,14
6.09724e+06,3,CTL,20
6.09733e+06,14,RTS,20
6.0974e+06,20,CTS,14
6.09746e+06,14,QOSDATA_TID6,1066
6.09764e+06,20,ACK,14
6.09769e+06,14,CTL,20
6.09777e+06,0,CTS,14
6.09777e+06,16,RTS,20
6.09777e+06,4,RTS,20
6.09791e+06,0,RTS,20
6.09798e+06,20,CTS,14
6.09804e+06,0,QOSDATA_TID6,1066
6.09822e+06,20,ACK,14
6.09827e+06,0,QOSDATA_TID6,1066
6.09845e+06,20,ACK,14
6.0985e+06,0,CTL,20
6.09858e+06,7,RTS,20
6.09858e+06,11,RTS,20
6.09865e+06,20,CTS,14
6.09871e+06,7,QOSDATA_TID6,1066
6.0989e+06,20,ACK,14
6.09894e+06,7,QOSDATA_TID6,1066
6.09912e+06,20,ACK,14
6.09917e+06,7,CTL,20
6.09925e+06,19,RTS,20
6.09925e+06,6,RTS,20
6.09936e+06,13,RTS,20
6.09943e+06,20,CTS,14
6.09949e+06,13,QOSDATA_TID6,1066
6.09967e+06,20,ACK,14
6.09972e+06,13,CTL,20
6.0998e+06,19,RTS,20
6.09987e+06,20,CTS,14
6.09993e+06,19,QOSDATA_TID6,1066
6.10011e+06,20,ACK,14
6.10016e+06,19,CTL,20
6.10024e+06,12,RTS,20
6.10024e+06,3,RTS,20
6.10024e+06,10,RTS,20
6.10031e+06,20,CTS,14
6.10037e+06,12,QOSDATA_TID6,1066
6.10056e+06,20,ACK,14
6.1006e+06,12,CTL,20
6.10069e+06,15,RTS,20
6.10075e+06,20,CTS,14
6.10081e+06,15,QOSDATA_TID6,1066
6.101e+06,20,ACK,14
6.10104e+06,15,CTL,20
6.10113e+06,1,RTS,20
6.10113e+06,16,RTS,20
6.10113e+06,9,RTS,20
6.10123e+06,6,RTS,20
6.10129e+06,20,CTS,14
6.10135e+06,6,QOSDATA_TID6,1066
6.10154e+06,20,ACK,14
6.10158e+06,6,CTL,20
6.10167e+06,18,RTS,20
6.10174e+06,20,CTS,14
6.1018e+06,18,QOSDATA_TID6,1066
6.10198e+06,20,ACK,14
6.10202e+06,18,QOSDATA_TID6,1066
6.10221e+06,20,ACK,14
6.10225e+06,18,CTL,20
6.10234e+06,10,RTS,20
6.10234e+06,17,RTS,20
6.10234e+06,1,RTS,20
6.10244e+06,2,RTS,20
6.10244e+06,9,RTS,20
6.1025e+06,20,CTS,14
6.10256e+06,2,QOSDATA_TID6,1066
6.10275e+06,20,ACK,14
6.10279e+06,2,CTL,20
6.10288e+06,10,RTS,20
6.10288e+06,11,RTS,20
6.10288e+06,4,RTS,20
6.10299e+06,5,RTS,20
6.10305e+06,20,CTS,14
6.10311e+06,5,QOSDATA_TID6,1066
6.1033e+06,20,ACK,14
6.10334e+06,5,CTL,20
6.10343e+06,11,RTS,20
6.1035e+06,20,CTS,14
6.10356e+06,11,QOSDATA_TID6,1066
6.10374e+06,20,ACK,14
6.10378e+06,11,QOSDATA_TID6,1066
6.10397e+06,20,ACK,14
6.10401e+06,11,CTL,20
6.1041e+06,8,RTS,20
6.1041e+06,9,RTS,20
6.1041e+06,10,RTS,20
6.10417e+06,20,CTS,14
6.10423e+06,8,QOSDATA_TID6,1066
6.10441e+06,20,ACK,14
6.10445e+06,8,CTL,20
6.10455e+06,17,RTS,20
6.10455e+06,16,RTS,20
6.10455e+06,18,RTS,20
6.10455e+06,14,RTS,20
6.10462e+06,20,CTS,14
6.10468e+06,17,QOSDATA_TID6,1066
6.10486e+06,20,ACK,14
6.1049e+06,17,CTL,20
6.10501e+06,3,RTS,20
6.10501e+06,10,RTS,20
6.10512e+06,4,RTS,20
6.10518e+06,20,CTS,14
6.10524e+06,4,QOSDATA_TID6,1066
6.10543e+06,20,ACK,14
6.10547e+06,4,QOSDATA_TID6,1066
6.10566e+06,20,ACK,14
6.1057e+06,4,QOSDATA_TID6,1066
6.10588e+06,20,ACK,14
6.10593e+06,4,CTL,20
6.10602e+06,16,RTS,20
6.10602e+06,13,RTS,20
6.10613e+06,10,RTS,20
6.1062e+06,20,CTS,14
6.10626e+06,10,QOSDATA_TID6,1066
6.10644e+06,20,ACK,14
6.10649e+06,10,CTL,20
6.10657e+06,9,RTS,20
6.10657e+06,0,RTS,20
6.10664e+06,20,CTS,14
6.1067e+06,0,QOSDATA_TID6,1066
6.10688e+06,20,ACK,14
6.10693e+06,0,CTL,20
6.10701e+06,7,RTS,20
6.10701e+06,11,RTS,20
6.10701e+06,16,RTS,20
6.10711e+06,6,RTS,20
6.10718e+06,20,CTS,14
6.10724e+06,6,QOSDATA_TID6,1066
6.10742e+06,20,ACK,14
6.10747e+06,6,CTL,20
6.10755e+06,19,RTS,20
6.10762e+06,20,CTS,14
6.10768e+06,19,QOSDATA_TID6,1066
6.10787e+06,20,ACK,14
6.10791e+06,19,CTL,20
6.108e+06,7,RTS,20
6.108e+06,9,RTS,20
6.108e+06,18,RTS,20
6.10811e+06,1,RTS,20
6.10811e+06,14,RTS,20
6.10818e+06,20,CTS,14
6.10824e+06,1,QOSDATA_TID6,1066
6.10842e+06,20,ACK,14
6.10847e+06,1,QOSDATA_TID6,1066
6.10865e+06,20,ACK,14
6.1087e+06,1,QOSDATA_TID6,1066
6.10888e+06,20,ACK,14
6.10892e+06,1,CTL,20
6.10901e+06,5,RTS,20
6.10901e+06,4,RTS,20
6.10901e+06,10,RTS,20
6.10908e+06,20,CTS,14
6.10914e+06,5,QOSDATA_TID6,1066
6.10932e+06,20,ACK,14
6.10937e+06,5,CTL,20
6.10945e+06,4,RTS,20
6.10952e+06,20,CTS,14
6.10958e+06,4,QOSDATA_TID6,1066
6.10976e+06,20,ACK,14
6.10981e+06,4,CTL,20
6.10989e+06,12,RTS,20
6.10989e+06,13,RTS,20
6.10989e+06,2,RTS,20
6.10989e+06,3,RTS,20
6.10996e+06,20,CTS,14
6.11002e+06,12,QOSDATA_TID6,1066
6.11021e+06,20,ACK,14
6.11025e+06,12,CTL,20
6.11034e+06,13,RTS,20
6.11034e+06,2,RTS,20
6.11044e+06,11,RTS,20
6.11044e+06,16,RTS,20
6.11053e+06,13,RTS,20
6.1106e+06,20,CTS,14
6.11066e+06,13,QOSDATA_TID6,1066
6.11084e+06,20,ACK,14
6.11089e+06,13,CTL,20
6.11098e+06,15,RTS,20
6.11098e+06,14,RTS,20
6.11098e+06,17,RTS,20
6.11098e+06,18,RTS,20
6.11109e+06,3,RTS,20
6.11116e+06,20,CTS,14
6.11122e+06,3,QOSDATA_TID6,1066
6.1114e+06,20,ACK,14
6.11145e+06,3,QOSDATA_TID6,1066
6.11163e+06,20,ACK,14
6.11168e+06,3,CTL,20
6.11176e+06,7,RTS,20
6.11176e+06,14,RTS,20
6.11183e+06,20,CTS,14
6.11189e+06,7,QOSDATA_TID6,1066
6.11207e+06,20,ACK,14
6.11212e+06,7,CTL,20
6.1122e+06,9,RTS,20
6.11227e+06,20,CTS,14
6.11233e+06,9,QOSDATA_TID6,1066
6.11252e+06,20,ACK,14
6.11256e+06,9,QOSDATA_TID6,1066
6.11274e+06,20,ACK,14
6.11279e+06,9,CTL,20
6.11287e+06,2,RTS,20
6.11287e+06,10,RTS,20
6.11287e+06,8,RTS,20
6.11287e+06,11,RTS,20
6.11287e+06,15,RTS,20
6.11298e+06,18,RTS,20
6.11305e+06,20,CTS,14
6.11311e+06,18,QOSDATA_TID6,1066
6.11329e+06,20,ACK,14
6.11334e+06,18,QOSDATA_TID6,1066
6.11352e+06,20,ACK,14
6.11356e+06,18,CTL,20
6.11365e+06,13,RTS,20
6.11372e+06,20,CTS,14
6.11378e+06,13,QOSDATA_TID6,1066
6.11396e+06,20,ACK,14
6.11401e+06,13,CTL,20
6.1141e+06,7,RTS,20
6.1141e+06,0,RTS,20
6.1141e+06,9,RTS,20
6.11423e+06,8,RTS,20
6.11429e+06,20,CTS,14
6.11435e+06,8,QOSDATA_TID6,1066
6.11454e+06,20,ACK,14
6.11458e+06,8,CTL,20
6.11469e+06,12,RTS,20
6.11469e+06,3,RTS,20
6.11469e+06,15,RTS,20
6.11469e+06,10,RTS,20
6.11469e+06,14,RTS,20
6.11475e+06,20,CTS,14
6.11481e+06,12,QOSDATA_TID6,1066
6.115e+06,20,ACK,14
6.11504e+06,12,CTL,20
6.11513e+06,14,RTS,20
6.1152e+06,20,CTS,14
6.11526e+06,14,QOSDATA_TID6,1066
6.11544e+06,20,ACK,14
6.11548e+06,14,QOSDATA_TID6,1066
6.11567e+06,20,ACK,14
6.11571e+06,14,CTL,20
6.1158e+06,19,RTS,20
6.11587e+06,20,CTS,14
6.11593e+06,19,QOSDATA_TID6,1066
6.11611e+06,20,ACK,14
6.11615e+06,19,CTL,20
6.11624e+06,1,RTS,20
6.11624e+06,3,RTS,20
6.11624e+06,15,RTS,20
6.11634e+06,7,RTS,20
6.11641e+06,20,CTS,14
6.11647e+06,7,QOSDATA_TID6,1066
6.11665e+06,20,ACK,14
6.11669e+06,7,CTL,20
6.11678e+06,5,RTS,20
6.11678e+06,3,RTS,20
6.11685e+06,20,CTS,14
6.11691e+06,5,QOSDATA_TID6,1066
6.11709e+06,20,ACK,14
6.11714e+06,5,CTL,20
6.11722e+06,6,RTS,20
6.11729e+06,20,CTS,14
6.11735e+06,6,QOSDATA_TID6,1066
6.11754e+06,20,ACK,14
6.11758e+06,6,CTL,20
6.11766e+06,17,RTS,20
6.11766e+06,1,RTS,20
6.11776e+06,10,RTS,20
6.11783e+06,20,CTS,14
6.11789e+06,10,QOSDATA_TID6,1066
6.11808e+06,20,ACK,14
6.11812e+06,10,QOSDATA_TID6,1066
6.1183e+06,20,ACK,14
6.11835e+06,10,CTL,20
6.11843e+06,18,RTS,20
6.11843e+06,2,RTS,20
6.11843e+06,0,RTS,20
6.11843e+06,16,RTS,20
6.11856e+06,15,RTS,20
6.11863e+06,20,CTS,14
6.11869e+06,15,QOSDATA_TID6,1066
6.11887e+06,20,ACK,14
6.11891e+06,15,QOSDATA_TID6,1066
6.1191e+06,20,ACK,14
6.11914e+06,15,CTL,20
6.11924e+06,8,RTS,20
6.11924e+06,11,RTS,20
6.11924e+06,4,RTS,20
6.11924e+06,9,RTS,20
6.1193e+06,20,CTS,14
6.11936e+06,8,QOSDATA_TID6,1066
6.11955e+06,20,ACK,14
6.11959e+06,8,CTL,20
6.11968e+06,4,RTS,20
6.11968e+06,14,RTS,20
6.1198e+06,2,RTS,20
6.1198e+06,3,RTS,20
6.11987e+06,20,CTS,14
6.11993e+06,2,QOSDATA_TID6,1066
6.12012e+06,20,ACK,14
6.12016e+06,2,QOSDATA_TID6,1066
6.12034e+06,20,ACK,14
6.12039e+06,2,CTL,20
6.12047e+06,3,RTS,20
6.12054e+06,20,CTS,14
6.1206e+06,3,QOSDATA_TID6,1066
6.12079e+06,20,ACK,14
6.12083e+06,3,CTL,20
6.12092e+06,17,RTS,20
6.12099e+06,20,CTS,14
6.12105e+06,17,QOSDATA_TID6,1066
6.12124e+06,20,ACK,14
6.12128e+06,17,QOSDATA_TID6,1066
6.12146e+06,20,ACK,14
6.12151e+06,17,CTL,20
6.1216e+06,11,RTS,20
6.1216e+06,18,RTS,20
6.12177e+06,11,RTS,20
6.12184e+06,20,CTS,14
6.1219e+06,11,QOSDATA_TID6,1066
6.12208e+06,20,ACK,14
6.12213e+06,11,QOSDATA_TID6,1066
6.12231e+06,20,ACK,14
6.12236e+06,11,CTL,20
6.12245e+06,16,RTS,20
6.12245e+06,4,RTS,20
6.12245e+06,12,RTS,20
6.12245e+06,0,CTS,14
6.12245e+06,18,RTS,20
6.12245e+06,14,RTS,20
6.12257e+06,0,RTS,20
6.12264e+06,20,CTS,14
6.1227e+06,0,QOSDATA_TID6,1066
6.12288e+06,20,ACK,14
6.12293e+06,0,QOSDATA_TID6,1066
6.12311e+06,20,ACK,14
6.12316e+06,0,CTL,20
6.12325e+06,3,RTS,20
6.12325e+06,19,RTS,20
6.12325e+06,11,RTS,20
6.12335e+06,6,RTS,20
6.12342e+06,20,CTS,14
6.12348e+06,6,QOSDATA_TID6,1066
6.12366e+06,20,ACK,14
6.1237e+06,6,CTL,20
6.12379e+06,18,RTS,20
6.12379e+06,19,RTS,20
6.1239e+06,9,RTS,20
6.12397e+06,20,CTS,14
6.12403e+06,9,QOSDATA_TID6,1066
6.12421e+06,20,ACK,14
6.12425e+06,9,QOSDATA_TID6,1066
6.12444e+06,20,ACK,14
6.12448e+06,9,CTL,20
6.12457e+06,13,RTS,20
6.12464e+06,20,CTS,14
6.1247e+06,13,QOSDATA_TID6,1066
6.12488e+06,20,ACK,14
6.12492e+06,13,CTL,20
6.12501e+06,7,RTS,20
6.12508e+06,20,CTS,14
6.12514e+06,7,QOSDATA_TID6,1066
6.12532e+06,20,ACK,14
6.12537e+06,7,CTL,20
6.12545e+06,17,RTS,20
6.12545e+06,2,RTS,20
6.12545e+06,14,RTS,20
6.12545e+06,3,RTS,20
6.12556e+06,10,RTS,20
6.12563e+06,20,CTS,14
6.12569e+06,10,QOSDATA_TID6,1066
6.12587e+06,20,ACK,14
6.12592e+06,10,CTL,20
6.12601e+06,5,RTS,20
6.12601e+06,17,RTS,20
6.12601e+06,1,RTS,20
6.12601e+06,12,RTS,20
6.12601e+06,16,RTS,20
6.12611e+06,2,RTS,20
6.12618e+06,20,CTS,14
6.12624e+06,2,QOSDATA_TID6,1066
6.12642e+06,20,ACK,14
6.12646e+06,2,CTL,20
6.12655e+06,17,RTS,20
6.12655e+06,1,RTS,20
6.12665e+06,8,RTS,20
6.12665e+06,3,RTS,20
6.12665e+06,18,RTS,20
6.12665e+06,15,RTS,20
6.12676e+06,4,RTS,20
6.12683e+06,20,CTS,14
6.12689e+06,4,QOSDATA_TID6,1066
6.12708e+06,20,ACK,14
6.12712e+06,4,QOSDATA_TID6,1066
6.1273e+06,20,ACK,14
6.12735e+06,4,CTL,20
6.12744e+06,15,RTS,20
6.1275e+06,20,CTS,14
6.12756e+06,15,QOSDATA_TID6,1066
6.12775e+06,20,ACK,14
6.12779e+06,15,CTL,20
6.12788e+06,5,RTS,20
6.12788e+06,8,RTS,20
6.12794e+06,20,CTS,14
6.128e+06,5,QOSDATA_TID6,1066
6.12819e+06,20,ACK,14
6.12823e+06,5,CTL,20
6.12833e+06,19,RTS,20
6.12833e+06,11,RTS,20
6.12843e+06,14,RTS,20
6.12849e+06,20,CTS,14
6.12855e+06,14,QOSDATA_TID6,1066
6.12874e+06,20,ACK,14
6.12878e+06,14,QOSDATA_TID6,1066
6.12897e+06,20,ACK,14
6.12901e+06,14,CTL,20
6.1291e+06,0,RTS,20
6.12916e+06,20,CTS,14
6.12922e+06,0,QOSDATA_TID6,1066
6.12941e+06,20,ACK,14
6.12945e+06,0,CTL,20
6.12955e+06,12,RTS,20
6.12962e+06,20,CTS,14
6.12968e+06,12,QOSDATA_TID6,1066
6.12986e+06,20,ACK,14
6.1299e+06,12,CTL,20
6.12999e+06,7,RTS,20
6.12999e+06,17,RTS,20
6.12999e+06,3,RTS,20
6.1301e+06,16,RTS,20
6.13016e+06,20,CTS,14
6.13022e+06,16,QOSDATA_TID6,1066
6.13041e+06,20,ACK,14
6.13045e+06,16,QOSDATA_TID6,1066
6.13064e+06,20,ACK,14
6.13068e+06,16,QOSDATA_TID6,1066
6.13086e+06,20,ACK,14
6.13091e+06,16,QOSDATA_TID6,1066
6.13109e+06,20,ACK,14
6.13114e+06,16,CTL,20
6.13122e+06,11,RTS,20
6.13122e+06,7,RTS,20
6.13122e+06,18,RTS,20
6.13133e+06,17,RTS,20
6.1314e+06,20,CTS,14
6.13146e+06,17,QOSDATA_TID6,1066
6.13164e+06,20,ACK,14
6.13168e+06,17,QOSDATA_TID6,1066
6.13187e+06,20,ACK,14
6.13191e+06,17,CTL,20
6.132e+06,8,RTS,20
6.132e+06,19,RTS,20
6.132e+06,7,RTS,20
6.13211e+06,1,RTS,20
6.13211e+06,6,RTS,20
6.1322e+06,9,RTS,20
6.13227e+06,20,CTS,14
6.13233e+06,9,QOSDATA_TID6,1066
6.13252e+06,20,ACK,14
6.13256e+06,9,CTL,20
6.13265e+06,2,RTS,20
6.13265e+06,5,RTS,20
6.13265e+06,8,RTS,20
6.13265e+06,13,RTS,20
6.13276e+06,12,RTS,20
6.13283e+06,20,CTS,14
6.13289e+06,12,QOSDATA_TID6,1066
6.13308e+06,20,ACK,14
6.13312e+06,12,CTL,20
6.1332e+06,15,RTS,20
6.1332e+06,6,RTS,20
6.13331e+06,3,RTS,20
6.13331e+06,11,RTS,20
6.13331e+06,4,RTS,20
6.13341e+06,8,RTS,20
6.13348e+06,20,CTS,14
6.13354e+06,8,QOSDATA_TID6,1066
6.13372e+06,20,ACK,14
6.13377e+06,8,CTL,20
6.13385e+06,7,RTS,20
6.13385e+06,4,RTS,20
6.13385e+06,3,RTS,20
6.13385e+06,6,RTS,20
6.13395e+06,10,RTS,20
6.13402e+06,20,CTS,14
6.13408e+06,10,QOSDATA_TID6,1066
6.13426e+06,20,ACK,14
6.13431e+06,10,CTL,20
6.1344e+06,19,RTS,20
6.1344e+06,13,RTS,20
6.13452e+06,6,RTS,20
6.13458e+06,20,CTS,14
6.13464e+06,6,QOSDATA_TID6,1066
6.13483e+06,20,ACK,14
6.13487e+06,6,CTL,20
6.13496e+06,13,RTS,20
6.13503e+06,20,CTS,14
6.13509e+06,13,QOSDATA_TID6,1066
6.13527e+06,20,ACK,14
6.13532e+06,13,CTL,20
6.1354e+06,8,RTS,20
6.13547e+06,20,CTS,14
6.13553e+06,8,QOSDATA_TID6,1066
6.13571e+06,20,ACK,14
6.13576e+06,8,CTL,20
6.13584e+06,1,RTS,20
6.13584e+06,5,RTS,20
6.13584e+06,19,RTS,20
6.13584e+06,4,RTS,20
6.13591e+06,20,CTS,14
6.13597e+06,5,QOSDATA_TID6,1066
6.13616e+06,20,ACK,14
6.1362e+06,5,CTL,20
6.13629e+06,18,RTS,20
6.13629e+06,15,RTS,20
6.13629e+06,14,RTS,20
6.1364e+06,7,RTS,20
6.1364e+06,1,RTS,20
6.13652e+06,4,RTS,20
6.13658e+06,20,CTS,14
6.13664e+06,4,QOSDATA_TID6,1066
6.13683e+06,20,ACK,14
6.13687e+06,4,CTL,20
6.13696e+06,1,RTS,20
6.13703e+06,20,CTS,14
6.13709e+06,1,QOSDATA_TID6,1066
6.13727e+06,20,ACK,14
6.13732e+06,1,QOSDATA_TID6,1066
6.1375e+06,20,ACK,14
6.13754e+06,1,CTL,20
6.13763e+06,7,RTS,20
6.13763e+06,18,RTS,20
6.1377e+06,20,CTS,14
6.13776e+06,7,QOSDATA_TID6,1066
6.13794e+06,20,ACK,14
6.13798e+06,7,QOSDATA_TID6,1066
6.13817e+06,20,ACK,14
6.13821e+06,7,CTL,20
6.13831e+06,13,RTS,20
6.13831e+06,15,RTS,20
6.13831e+06,19,RTS,20
6.13831e+06,0,RTS,20
6.13841e+06,12,RTS,20
6.13847e+06,20,CTS,14
6.13853e+06,12,QOSDATA_TID6,1066
6.13872e+06,20,ACK,14
6.13876e+06,12,CTL,20
6.13885e+06,2,RTS,20
6.13885e+06,3,RTS,20
6.13885e+06,9,RTS,20
6.13896e+06,19,RTS,20
6.13896e+06,16,RTS,20
6.13896e+06,14,RTS,20
6.13896e+06,13,RTS,20
6.13905e+06,2,RTS,20
6.13912e+06,20,CTS,14
6.13918e+06,2,QOSDATA_TID6,1066
6.13936e+06,20,ACK,14
6.13941e+06,2,CTL,20
6.1395e+06,9,RTS,20
6.13956e+06,20,CTS,14
6.13962e+06,9,QOSDATA_TID6,1066
6.13981e+06,20,ACK,14
6.13985e+06,9,CTL,20
6.13994e+06,18,RTS,20
6.13994e+06,19,RTS,20
6.13994e+06,1,RTS,20
6.13994e+06,17,RTS,20
6.14004e+06,13,RTS,20
6.1401e+06,20,CTS,14
6.14016e+06,13,QOSDATA_TID6,1066
6.14035e+06,20,ACK,14
6.14039e+06,13,CTL,20
6.14048e+06,14,RTS,20
6.14055e+06,20,CTS,14
6.14061e+06,14,QOSDATA_TID6,1066
6.14079e+06,20,ACK,14
6.14083e+06,14,CTL,20
6.14092e+06,6,RTS,20
6.14092e+06,5,RTS,20
6.14092e+06,11,RTS,20
6.14099e+06,20,CTS,14
6.14105e+06,5,QOSDATA_TID6,1066
6.14123e+06,20,ACK,14
6.14128e+06,5,CTL,20
6.14136e+06,15,RTS,20
6.14143e+06,20,CTS,14
6.14149e+06,15,QOSDATA_TID6,1066
6.14167e+06,20,ACK,14
6.14172e+06,15,QOSDATA_TID6,1066
6.1419e+06,20,ACK,14
6.14195e+06,15,CTL,20
6.14203e+06,2,RTS,20
6.14203e+06,4,RTS,20
6.1421e+06,20,CTS,14
6.14216e+06,2,QOSDATA_TID6,1066
6.14234e+06,20,ACK,14
6.14239e+06,2,CTL,20
6.14248e+06,18,RTS,20
6.14248e+06,10,RTS,20
6.14258e+06,4,RTS,20
6.14265e+06,20,CTS,14
6.14271e+06,4,QOSDATA_TID6,1066
6.14289e+06,20,ACK,14
6.14294e+06,4,CTL,20
6.14302e+06,16,RTS,20
6.14302e+06,11,RTS,20
6.14302e+06,1,RTS,20
6.14302e+06,17,RTS,20
6.14302e+06,19,RTS,20
6.14313e+06,3,RTS,20
6.14313e+06,14,RTS,20
6.14323e+06,16,RTS,20
6.14323e+06,11,RTS,20
6.14334e+06,3,RTS,20
6.14334e+06,19,RTS,20
6.14341e+06,20,CTS,14
6.14347e+06,19,QOSDATA_TID6,1066
6.14365e+06,20,ACK,14
6.1437e+06,19,QOSDATA_TID6,1066
6.14388e+06,20,ACK,14
6.14392e+06,19,CTL,20
6.14401e+06,16,RTS,20
6.14408e+06,20,CTS,14
6.14414e+06,16,QOSDATA_TID6,1066
6.14432e+06,20,ACK,14
6.14436e+06,16,CTL,20
6.14445e+06,11,RTS,20
6.14445e+06,0,RTS,20
6.14452e+06,20,CTS,14
6.14458e+06,0,QOSDATA_TID6,1066
6.14476e+06,20,ACK,14
6.14481e+06,0,CTL,20
6.14489e+06,11,RTS,20
6.14496e+06,20,CTS,14
6.14502e+06,11,QOSDATA_TID6,1066
6.1452e+06,20,ACK,14
6.14525e+06,11,QOSDATA_TID6,1066
6.14543e+06,20,ACK,14
6.14548e+06,11,CTL,20
6.14556e+06,17,RTS,20
6.14563e+06,20,CTS,14
6.14569e+06,17,QOSDATA_TID6,1066
6.14588e+06,20,ACK,14
6.14592e+06,17,CTL,20
6.146e+06,8,RTS,20
6.146e+06,16,RTS,20
6.146e+06,0,RTS,20
6.1461e+06,7,RTS,20
6.14617e+06,20,CTS,14
6.14623e+06,7,QOSDATA_TID6,1066
6.14642e+06,20,ACK,14
6.14646e+06,7,CTL,20
6.14654e+06,0,RTS,20
6.14661e+06,20,CTS,14
6.14667e+06,0,QOSDATA_TID6,1066
6.14686e+06,20,ACK,14
6.1469e+06,0,CTL,20
6.14699e+06,6,RTS,20
6.14699e+06,14,RTS,20
6.14699e+06,3,RTS,20
6.14699e+06,1,RTS,20
6.14699e+06,9,RTS,20
6.14699e+06,13,RTS,20
6.14709e+06,10,RTS,20
6.14716e+06,20,CTS,14
6.14722e+06,10,QOSDATA_TID6,1066
6.14741e+06,20,ACK,14
6.14745e+06,10,CTL,20
6.14754e+06,18,RTS,20
6.14754e+06,13,RTS,20
6.14765e+06,14,RTS,20
6.14765e+06,8,RTS,20
6.14765e+06,17,RTS,20
6.14765e+06,19,RTS,20
6.14776e+06,12,RTS,20
6.14776e+06,18,RTS,20
6.14776e+06,16,RTS,20
6.14776e+06,9,RTS,20
6.14783e+06,20,CTS,14
6.14789e+06,12,QOSDATA_TID6,1066
6.14807e+06,20,ACK,14
6.14812e+06,12,CTL,20
6.1482e+06,16,RTS,20
6.1482e+06,13,RTS,20
6.1482e+06,9,RTS,20
6.1483e+06,5,RTS,20
6.14837e+06,20,CTS,14
6.14843e+06,5,QOSDATA_TID6,1066
6.14861e+06,20,ACK,14
6.14866e+06,5,CTL,20
6.14875e+06,1,RTS,20
6.14875e+06,2,RTS,20
6.14875e+06,10,RTS,20
6.14875e+06,15,RTS,20
6.14888e+06,10,RTS,20
6.14888e+06,18,RTS,20
6.14898e+06,9,RTS,20
6.14905e+06,20,CTS,14
6.14911e+06,9,QOSDATA_TID6,1066
6.1493e+06,20,ACK,14
6.14934e+06,9,CTL,20
6.14943e+06,8,RTS,20
6.14943e+06,1,RTS,20
6.14943e+06,11,RTS,20
6.14943e+06,13,RTS,20
6.14954e+06,17,RTS,20
6.14954e+06,3,RTS,20
6.14961e+06,20,CTS,14
6.14967e+06,17,QOSDATA_TID6,1066
6.14985e+06,20,ACK,14
6.1499e+06,17,CTL,20
6.14998e+06,14,RTS,20
6.15005e+06,20,CTS,14
6.15011e+06,14,QOSDATA_TID6,1066
6.1503e+06,20,ACK,14
6.15034e+06,14,CTL,20
6.15042e+06,6,RTS,20
6.15042e+06,1,RTS,20
6.15054e+06,2,RTS,20
6.15061e+06,20,CTS,14
6.15067e+06,2,QOSDATA_TID6,1066
6.15085e+06,20,ACK,14
6.1509e+06,2,CTL,20
6.15099e+06,4,RTS,20
6.15106e+06,20,CTS,14
6.15112e+06,4,QOSDATA_TID6,1066
6.1513e+06,20,ACK,14
6.15135e+06,4,CTL,20
6.15143e+06,13,RTS,20
6.1515e+06,20,CTS,14
6.15156e+06,13,QOSDATA_TID6,1066
6.15175e+06,20,ACK,14
6.15179e+06,13,CTL,20
6.15188e+06,14,RTS,20
6.15188e+06,16,RTS,20
6.15188e+06,1,RTS,20
6.15188e+06,19,RTS,20
6.15197e+06,8,RTS,20
6.15204e+06,20,CTS,14
6.1521e+06,8,QOSDATA_TID6,1066
6.15229e+06,20,ACK,14
6.15233e+06,8,QOSDATA_TID6,1066
6.15251e+06,20,ACK,14
6.15256e+06,8,CTL,20
6.15264e+06,1,RTS,20
6.15264e+06,18,RTS,20
6.15264e+06,10,RTS,20
6.15264e+06,14,RTS,20
6.15275e+06,3,RTS,20
6.15282e+06,20,CTS,14
6.15288e+06,3,QOSDATA_TID6,1066
6.15306e+06,20,ACK,14
6.15311e+06,3,QOSDATA_TID6,1066
6.15329e+06,20,ACK,14
6.15334e+06,3,QOSDATA_TID6,1066
6.15352e+06,20,ACK,14
6.15356e+06,3,CTL,20
6.15365e+06,6,RTS,20
6.15365e+06,13,RTS,20
6.15376e+06,15,RTS,20
6.15376e+06,1,RTS,20
6.15388e+06,7,RTS,20
6.15395e+06,20,CTS,14
6.15401e+06,7,QOSDATA_TID6,1066
6.15419e+06,20,ACK,14
6.15424e+06,7,CTL,20
6.15432e+06,15,RTS,20
6.15439e+06,20,CTS,14
6.15445e+06,15,QOSDATA_TID6,1066
6.15464e+06,20,ACK,14
6.15468e+06,15,CTL,20
6.15476e+06,13,RTS,20
6.15476e+06,12,RTS,20
6.15477e+06,11,RTS,20
6.15477e+06,9,RTS,20
6.15483e+06,20,CTS,14
6.15489e+06,12,QOSDATA_TID6,1066
6.15508e+06,20,ACK,14
6.15512e+06,12,CTL,20
6.15521e+06,14,RTS,20
6.15528e+06,20,CTS,14
6.15534e+06,14,QOSDATA_TID6,1066
6.15552e+06,20,ACK,14
6.15556e+06,14,CTL,20
6.15566e+06,6,RTS,20
6.15566e+06,0,RTS,20
6.15566e+06,13,RTS,20
6.15566e+06,3,RTS,20
6.15576e+06,16,RTS,20
6.15582e+06,20,CTS,14
6.15588e+06,16,QOSDATA_TID6,1066
6.15607e+06,20,ACK,14
6.15611e+06,16,QOSDATA_TID6,1066
6.1563e+06,20,ACK,14
6.15634e+06,16,CTL,20
6.15643e+06,11,RTS,20
6.1565e+06,20,CTS,14
6.15656e+06,11,QOSDATA_TID6,1066
6.15674e+06,20,ACK,14
6.15678e+06,11,QOSDATA_TID6,1066
6.15697e+06,20,ACK,14
6.15701e+06,11,CTL,20
6.1571e+06,4,RTS,20
6.1571e+06,1,RTS,20
6.1571e+06,17,RTS,20
6.1571e+06,5,RTS,20
6.1571e+06,3,RTS,20
6.1571e+06,18,RTS,20
6.1571e+06,10,RTS,20
6.1572e+06,6,RTS,20
6.1572e+06,19,RTS,20
6.15732e+06,2,RTS,20
6.15732e+06,13,RTS,20
6.15748e+06,13,RTS,20
6.15755e+06,20,CTS,14
6.15761e+06,13,QOSDATA_TID6,1066
6.15779e+06,20,ACK,14
6.15783e+06,13,CTL,20
6.15792e+06,5,RTS,20
6.15792e+06,19,RTS,20
6.15799e+06,20,CTS,14
6.15805e+06,5,QOSDATA_TID6,1066
6.15823e+06,20,ACK,14
6.15828e+06,5,CTL,20
6.15837e+06,18,RTS,20
6.15837e+06,15,RTS,20
6.15847e+06,19,RTS,20
6.15854e+06,20,CTS,14
6.1586e+06,19,QOSDATA_TID6,1066
6.15878e+06,20,ACK,14
6.15882e+06,19,QOSDATA_TID6,1066
6.15901e+06,20,ACK,14
6.15905e+06,19,CTL,20
6.15914e+06,1,RTS,20
6.15914e+06,14,RTS,20
6.15921e+06,20,CTS,14
6.15927e+06,1,QOSDATA_TID6,1066
6.15945e+06,20,ACK,14
6.1595e+06,1,QOSDATA_TID6,1066
6.15968e+06,20,ACK,14
6.15972e+06,1,CTL,20
6.1598e+06,20,BEACON,152
6.16006e+06,14,RTS,20
6.16013e+06,20,CTS,14
6.16019e+06,14,QOSDATA_TID6,1066
6.16037e+06,20,ACK,14
6.16042e+06,14,CTL,20
6.1605e+06,18,RTS,20
6.1605e+06,10,RTS,20
6.1605e+06,4,RTS,20
6.1606e+06,2,RTS,20
6.16067e+06,20,CTS,14
6.16073e+06,2,QOSDATA_TID6,1066
6.16091e+06,20,ACK,14
6.16096e+06,2,CTL,20
6.16104e+06,8,RTS,20
6.16111e+06,20,CTS,14
6.16117e+06,8,QOSDATA_TID6,1066
6.16136e+06,20,ACK,14
6.1614e+06,8,CTL,20
6.16149e+06,17,RTS,20
6.16149e+06,7,RTS,20
6.16149e+06,3,RTS,20
6.16149e+06,0,RTS,20
6.16149e+06,6,RTS,20
6.16149e+06,15,RTS,20
6.16159e+06,18,RTS,20
6.16159e+06,16,RTS,20
6.16172e+06,18,RTS,20
6.16179e+06,20,CTS,14
6.16185e+06,18,QOSDATA_TID6,1066
6.16204e+06,20,ACK,14
6.16208e+06,18,QOSDATA_TID6,1066
6.16226e+06,20,ACK,14
6.16231e+06,18,QOSDATA_TID6,1066
6.16249e+06,20,ACK,14
6.16254e+06,18,QOSDATA_TID6,1066
6.16272e+06,20,ACK,14
6.16276e+06,18,CTL,20
6.16285e+06,11,RTS,20
6.16292e+06,20,CTS,14
6.16298e+06,11,QOSDATA_TID6,1066
6.16316e+06,20,ACK,14
6.16321e+06,11,CTL,20
6.16329e+06,1,RTS,20
6.16329e+06,7,RTS,20
6.16329e+06,13,RTS,20
6.16329e+06,15,RTS,20
6.16339e+06,9,RTS,20
6.16346e+06,20,CTS,14
6.16352e+06,9,QOSDATA_TID6,1066
6.1637e+06,20,ACK,14
6.16375e+06,9,QOSDATA_TID6,1066
6.16393e+06,20,ACK,14
6.16398e+06,9,CTL,20
6.16406e+06,3,RTS,20
6.16406e+06,1,RTS,20
6.16413e+06,20,CTS,14
6.16419e+06,1,QOSDATA_TID6,1066
6.16437e+06,20,ACK,14
6.16442e+06,1,CTL,20
6.1645e+06,5,RTS,20
6.16457e+06,20,CTS,14
6.16463e+06,5,QOSDATA_TID6,1066
6.16482e+06,20,ACK,14
6.16486e+06,5,CTL,20
6.16494e+06,12,RTS,20
6.16494e+06,3,RTS,20
6.16494e+06,4,RTS,20
6.16501e+06,20,CTS,14
6.16507e+06,12,QOSDATA_TID6,1066
6.16526e+06,20,ACK,14
6.1653e+06,12,CTL,20
6.16539e+06,4,RTS,20
6.16539e+06,6,RTS,20
6.16546e+06,20,CTS,14
6.16552e+06,6,QOSDATA_TID6,1066
6.1657e+06,20,ACK,14
6.16574e+06,6,QOSDATA_TID6,1066
6.16593e+06,20,ACK,14
6.16597e+06,6,QOSDATA_TID6,1066
6.16616e+06,20,ACK,14
6.1662e+06,6,CTL,20
6.16628e+06,13,RTS,20
6.16635e+06,20,CTS,14
6.16641e+06,13,QOSDATA_TID6,1066
6.1666e+06,20,ACK,14
6.16664e+06,13,CTL,20
6.16673e+06,8,RTS,20
6.16673e+06,19,RTS,20
6.16673e+06,18,RTS,20
6.16682e+06,15,RTS,20
6.16682e+06,7,RTS,20
6.16682e+06,16,RTS,20
6.16692e+06,17,RTS,20
6.16692e+06,8,RTS,20
6.16702e+06,0,CTS,14
6.16716e+06,0,RTS,20
6.16723e+06,20,CTS,14
6.16729e+06,0,QOSDATA_TID6,1066
6.16747e+06,20,ACK,14
6.16752e+06,0,QOSDATA_TID6,1066
6.1677e+06,20,ACK,14
6.16775e+06,0,CTL,20
6.16783e+06,2,RTS,20
6.16783e+06,10,RTS,20
6.16783e+06,16,RTS,20
6.16794e+06,17,RTS,20
6.16794e+06,14,RTS,20
6.16801e+06,20,CTS,14
6.16807e+06,17,QOSDATA_TID6,1066
6.16825e+06,20,ACK,14
6.1683e+06,17,QOSDATA_TID6,1066
6.16848e+06,20,ACK,14
6.16852e+06,17,CTL,20
6.16861e+06,18,RTS,20
6.16868e+06,20,CTS,14
6.16874e+06,18,QOSDATA_TID6,1066
6.16892e+06,20,ACK,14
6.16896e+06,18,CTL,20
6.16905e+06,14,RTS,20
6.16905e+06,4,RTS,20
6.16916e+06,2,RTS,20
6.16916e+06,3,RTS,20
6.16923e+06,20,CTS,14
6.16929e+06,2,QOSDATA_TID6,1066
6.16947e+06,20,ACK,14
6.16951e+06,2,CTL,20
6.16961e+06,0,RTS,20
6.16961e+06,14,RTS,20
6.16961e+06,15,RTS,20
6.16971e+06,13,RTS,20
6.16978e+06,20,CTS,14
6.16984e+06,13,QOSDATA_TID6,1066
6.17002e+06,20,ACK,14
6.17006e+06,13,CTL,20
6.17016e+06,7,RTS,20
6.17016e+06,14,RTS,20
6.17016e+06,8,RTS,20
6.17027e+06,4,RTS,20
6.17034e+06,20,CTS,14
6.1704e+06,4,QOSDATA_TID6,1066
6.17059e+06,20,ACK,14
6.17063e+06,4,QOSDATA_TID6,1066
6.17082e+06,20,ACK,14
6.17086e+06,4,CTL,20
6.17094e+06,9,RTS,20
6.17094e+06,14,RTS,20
6.17104e+06,12,RTS,20
6.17104e+06,11,RTS,20
6.17111e+06,20,CTS,14
6.17117e+06,12,QOSDATA_TID6,1066
6.17136e+06,20,ACK,14
6.1714e+06,12,CTL,20
6.17148e+06,1,RTS,20
6.17155e+06,20,CTS,14
6.17161e+06,1,QOSDATA_TID6,1066
6.1718e+06,20,ACK,14
6.17184e+06,1,CTL,20
6.17193e+06,16,RTS,20
6.172e+06,20,CTS,14
6.17206e+06,16,QOSDATA_TID6,1066
6.17224e+06,20,ACK,14
6.17228e+06,16,QOSDATA_TID6,1066
6.17247e+06,20,ACK,14
6.17251e+06,16,CTL,20
6.1726e+06,8,RTS,20
6.1726e+06,17,RTS,20
6.1726e+06,19,RTS,20
6.1726e+06,10,RTS,20
6.1727e+06,3,RTS,20
6.1727e+06,0,RTS,20
6.1727e+06,6,RTS,20
6.1727e+06,7,RTS,20
6.1728e+06,8,RTS,20
6.1728e+06,10,RTS,20
6.17287e+06,20,CTS,14
6.17293e+06,8,QOSDATA_TID6,1066
6.17311e+06,20,ACK,14
6.17316e+06,8,CTL,20
6.17324e+06,0,CTS,14
6.17333e+06,0,RTS,20
6.1734e+06,20,CTS,14
6.17346e+06,0,QOSDATA_TID6,1066
6.17364e+06,20,ACK,14
6.17369e+06,0,CTL,20
6.17377e+06,15,RTS,20
6.17377e+06,7,RTS,20
6.17388e+06,9,RTS,20
6.17388e+06,10,RTS,20
6.17398e+06,2,RTS,20
6.17405e+06,20,CTS,14
6.17411e+06,2,QOSDATA_TID6,1066
6.17429e+06,20,ACK,14
6.17433e+06,2,CTL,20
6.17442e+06,18,RTS,20
6.17442e+06,5,RTS,20
6.17442e+06,7,RTS,20
6.17449e+06,20,CTS,14
6.17455e+06,5,QOSDATA_TID6,1066
6.17473e+06,20,ACK,14
6.17478e+06,5,CTL,20
6.17486e+06,18,RTS,20
6.17486e+06,9,RTS,20
6.17486e+06,14,RTS,20
6.17497e+06,8,RTS,20
6.17497e+06,4,RTS,20
6.17504e+06,20,CTS,14
6.1751e+06,8,QOSDATA_TID6,1066
6.17528e+06,20,ACK,14
6.17532e+06,8,CTL,20
6.17542e+06,18,RTS,20
6.17549e+06,20,CTS,14
6.17555e+06,18,QOSDATA_TID6,1066
6.17573e+06,20,ACK,14
6.17578e+06,18,CTL,20
6.17586e+06,19,RTS,20
6.17586e+06,11,RTS,20
6.17596e+06,6,RTS,20
6.17603e+06,20,CTS,14
6.17609e+06,6,QOSDATA_TID6,1066
6.17627e+06,20,ACK,14
6.17632e+06,6,CTL,20
6.1764e+06,15,RTS,20
6.1764e+06,11,RTS,20
6.1765e+06,10,RTS,20
6.17657e+06,20,CTS,14
6.17663e+06,10,QOSDATA_TID6,1066
6.17681e+06,20,ACK,14
6.17686e+06,10,QOSDATA_TID6,1066
6.17704e+06,20,ACK,14
6.17708e+06,10,QOSDATA_TID6,1066
6.17727e+06,20,ACK,14
6.17731e+06,10,CTL,20
6.1774e+06,3,RTS,20
6.1774e+06,16,RTS,20
6.1775e+06,14,RTS,20
6.17757e+06,20,CTS,14
6.17763e+06,14,QOSDATA_TID6,1066
6.17782e+06,20,ACK,14
6.17786e+06,14,QOSDATA_TID6,1066
6.17804e+06,20,ACK,14
6.17809e+06,14,CTL,20
6.17818e+06,15,RTS,20
6.17818e+06,19,RTS,20
6.17818e+06,3,RTS,20
6.17827e+06,7,RTS,20
6.17834e+06,20,CTS,14
6.1784e+06,7,QOSDATA_TID6,1066
6.17859e+06,20,ACK,14
6.17863e+06,7,QOSDATA_TID6,1066
6.17881e+06,20,ACK,14
6.17886e+06,7,CTL,20
6.17894e+06,4,RTS,20
6.17894e+06,0,RTS,20
6.17901e+06,20,CTS,14
6.17907e+06,0,QOSDATA_TID6,1066
6.17926e+06,20,ACK,14
6.1793e+06,0,CTL,20
6.17939e+06,12,RTS,20
6.17939e+06,17,RTS,20
6.17939e+06,1,RTS,20
6.17948e+06,13,RTS,20
6.17955e+06,20,CTS,14
6.17961e+06,13,QOSDATA_TID6,1066
6.1798e+06,20,ACK,14
6.17984e+06,13,CTL,20
6.17993e+06,15,RTS,20
6.17993e+06,4,RTS,20
6.17993e+06,9,RTS,20
6.18004e+06,19,RTS,20
6.18004e+06,1,RTS,20
6.18015e+06,4,RTS,20
6.18015e+06,6,RTS,20
6.18022e+06,20,CTS,14
6.18028e+06,6,QOSDATA_TID6,1066
6.18046e+06,20,ACK,14
6.1805e+06,6,CTL,20
6.1806e+06,19,RTS,20
6.18067e+06,20,CTS,14
6.18073e+06,19,QOSDATA_TID6,1066
6.18091e+06,20,ACK,14
6.18096e+06,19,QOSDATA_TID6,1066
6.18114e+06,20,ACK,14
6.18118e+06,19,QOSDATA_TID6,1066
6.18137e+06,20,ACK,14
6.18141e+06,19,CTL,20
6.1815e+06,5,RTS,20
6.1815e+06,11,RTS,20
6.1815e+06,16,RTS,20
6.1815e+06,2,RTS,20
6.1815e+06,9,RTS,20
6.1815e+06,10,RTS,20
6.1815e+06,15,RTS,20
6.18157e+06,20,CTS,14
6.18163e+06,5,QOSDATA_TID6,1066
6.18181e+06,20,ACK,14
6.18185e+06,5,CTL,20
6.18194e+06,16,RTS,20
6.18194e+06,4,RTS,20
6.18204e+06,9,RTS,20
6.18211e+06,20,CTS,14
6.18217e+06,9,QOSDATA_TID6,1066
6.18235e+06,20,ACK,14
6.18239e+06,9,QOSDATA_TID6,1066
6.18258e+06,20,ACK,14
6.18262e+06,9,CTL,20
6.18271e+06,3,RTS,20
6.18271e+06,10,RTS,20
6.18271e+06,8,RTS,20
6.18271e+06,12,RTS,20
6.18282e+06,17,RTS,20
6.18282e+06,2,RTS,20
6.18288e+06,20,CTS,14
6.18294e+06,17,QOSDATA_TID6,1066
6.18313e+06,20,ACK,14
6.18317e+06,17,QOSDATA_TID6,1066
6.18336e+06,20,ACK,14
6.1834e+06,17,CTL,20
6.18348e+06,10,RTS,20
6.18355e+06,20,CTS,14
6.18361e+06,10,QOSDATA_TID6,1066
6.1838e+06,20,ACK,14
6.18384e+06,10,CTL,20
6.18393e+06,3,RTS,20
6.18393e+06,1,RTS,20
6.18393e+06,15,RTS,20
6.18403e+06,18,RTS,20
6.1841e+06,20,CTS,14
6.18416e+06,18,QOSDATA_TID6,1066
6.18435e+06,20,ACK,14
6.18439e+06,18,CTL,20
6.18448e+06,15,RTS,20
6.18454e+06,20,CTS,14
6.1846e+06,15,QOSDATA_TID6,1066
6.18479e+06,20,ACK,14
6.18483e+06,15,QOSDATA_TID6,1066
6.18502e+06,20,ACK,14
6.18506e+06,15,QOSDATA_TID6,1066
6.18524e+06,20,ACK,14
6.18529e+06,15,CTL,20
6.18538e+06,14,RTS,20
6.18538e+06,0,RTS,20
6.18538e+06,12,RTS,20
6.18538e+06,8,RTS,20
6.18538e+06,2,RTS,20
6.18538e+06,11,RTS,20
6.18554e+06,12,RTS,20
6.18561e+06,20,CTS,14
6.18567e+06,12,QOSDATA_TID6,1066
6.18585e+06,20,ACK,14
6.1859e+06,12,CTL,20
6.18598e+06,7,RTS,20
6.18598e+06,2,RTS,20
6.18598e+06,0,RTS,20
6.18609e+06,8,RTS,20
6.18616e+06,20,CTS,14
6.18622e+06,8,QOSDATA_TID6,1066
6.1864e+06,20,ACK,14
6.18645e+06,8,CTL,20
6.18653e+06,7,RTS,20
6.18653e+06,2,RTS,20
6.18664e+06,1,RTS,20
6.18664e+06,14,RTS,20
6.18671e+06,20,CTS,14
6.18677e+06,1,QOSDATA_TID6,1066
6.18695e+06,20,ACK,14
6.187e+06,1,CTL,20
6.18708e+06,19,RTS,20
6.18708e+06,6,RTS,20
6.1872e+06,13,RTS,20
6.18727e+06,20,CTS,14
6.18733e+06,13,QOSDATA_TID6,1066
6.18751e+06,20,ACK,14
6.18755e+06,13,CTL,20
6.18764e+06,19,RTS,20
6.18771e+06,20,CTS,14
6.18777e+06,19,QOSDATA_TID6,1066
6.18795e+06,20,ACK,14
6.188e+06,19,CTL,20
6.18808e+06,11,RTS,20
6.18808e+06,9,RTS,20
6.18818e+06,14,RTS,20
6.18825e+06,20,CTS,14
6.18831e+06,14,QOSDATA_TID6,1066
6.18849e+06,20,ACK,14
6.18854e+06,14,CTL,20
6.18862e+06,15,RTS,20
6.18862e+06,5,RTS,20
6.18862e+06,10,RTS,20
6.18869e+06,20,CTS,14
6.18875e+06,5,QOSDATA_TID6,1066
6.18893e+06,20,ACK,14
6.18898e+06,5,CTL,20
6.18906e+06,9,RTS,20
6.18913e+06,20,CTS,14
6.18919e+06,9,QOSDATA_TID6,1066
6.18938e+06,20,ACK,14
6.18942e+06,9,CTL,20
6.18951e+06,3,RTS,20
6.18951e+06,2,RTS,20
6.18951e+06,1,RTS,20
6.18951e+06,6,RTS,20
6.18963e+06,10,RTS,20
6.1897e+06,20,CTS,14
6.18976e+06,10,QOSDATA_TID6,1066
6.18994e+06,20,ACK,14
6.18999e+06,10,CTL,20
6.19008e+06,0,CTS,14
6.19008e+06,17,RTS,20
6.19008e+06,12,RTS,20
6.19008e+06,15,RTS,20
6.19008e+06,16,RTS,20
6.19008e+06,4,RTS,20
6.19017e+06,0,RTS,20
6.19024e+06,20,CTS,14
6.1903e+06,0,QOSDATA_TID6,1066
6.19048e+06,20,ACK,14
6.19052e+06,0,CTL,20
6.19061e+06,2,RTS,20
6.19061e+06,17,RTS,20
6.19061e+06,7,RTS,20
6.19071e+06,16,RTS,20
6.19078e+06,20,CTS,14
6.19084e+06,16,QOSDATA_TID6,1066
6.19102e+06,20,ACK,14
6.19106e+06,16,QOSDATA_TID6,1066
6.19125e+06,20,ACK,14
6.19129e+06,16,CTL,20
6.19139e+06,1,RTS,20
6.19146e+06,20,CTS,14
6.19152e+06,1,QOSDATA_TID6,1066
6.1917e+06,20,ACK,14
6.19174e+06,1,CTL,20
6.19183e+06,8,RTS,20
6.19183e+06,17,RTS,20
6.19183e+06,4,RTS,20
6.19183e+06,18,RTS,20
6.19183e+06,14,RTS,20
6.19193e+06,7,RTS,20
6.192e+06,20,CTS,14
6.19206e+06,7,QOSDATA_TID6,1066
6.19224e+06,20,ACK,14
6.19228e+06,7,CTL,20
6.19237e+06,17,RTS,20
6.19237e+06,11,RTS,20
6.19237e+06,3,RTS,20
6.19244e+06,20,CTS,14
6.1925e+06,17,QOSDATA_TID6,1066
6.19268e+06,20,ACK,14
6.19272e+06,17,CTL,20
6.19281e+06,15,RTS,20
6.19288e+06,20,CTS,14
6.19294e+06,15,QOSDATA_TID6,1066
6.19312e+06,20,ACK,14
6.19317e+06,15,CTL,20
6.19325e+06,6,RTS,20
6.19325e+06,8,RTS,20
6.19332e+06,20,CTS,14
6.19338e+06,8,QOSDATA_TID6,1066
6.19356e+06,20,ACK,14
6.19361e+06,8,CTL,20
6.1937e+06,12,RTS,20
6.1937e+06,11,RTS,20
6.1937e+06,16,RTS,20
6.19377e+06,20,CTS,14
6.19383e+06,12,QOSDATA_TID6,1066
6.19402e+06,20,ACK,14
6.19406e+06,12,CTL,20
6.19415e+06,13,RTS,20
6.19415e+06,2,RTS,20
6.19415e+06,0,RTS,20
6.19415e+06,14,RTS,20
6.19424e+06,18,RTS,20
6.19424e+06,4,RTS,20
6.19431e+06,20,CTS,14
6.19437e+06,18,QOSDATA_TID6,1066
6.19456e+06,20,ACK,14
6.1946e+06,18,CTL,20
6.19469e+06,12,RTS,20
6.19476e+06,20,CTS,14
6.19482e+06,12,QOSDATA_TID6,1066
6.195e+06,20,ACK,14
6.19504e+06,12,CTL,20
6.19513e+06,13,RTS,20
6.19513e+06,9,RTS,20
6.19523e+06,11,RTS,20
6.19523e+06,16,RTS,20
6.19532e+06,1,RTS,20
6.19539e+06,20,CTS,14
6.19545e+06,1,QOSDATA_TID6,1066
6.19564e+06,20,ACK,14
6.19568e+06,1,CTL,20
6.19577e+06,19,RTS,20
6.19577e+06,7,RTS,20
6.19577e+06,4,RTS,20
6.19577e+06,2,RTS,20
6.19577e+06,6,RTS,20
6.19588e+06,11,RTS,20
6.19595e+06,20,CTS,14
6.19601e+06,11,QOSDATA_TID6,1066
6.1962e+06,20,ACK,14
6.19624e+06,11,QOSDATA_TID6,1066
6.19642e+06,20,ACK,14
6.19647e+06,11,QOSDATA_TID6,1066
6.19665e+06,20,ACK,14
6.1967e+06,11,CTL,20
6.19678e+06,7,RTS,20
6.19678e+06,19,RTS,20
6.19678e+06,10,RTS,20
6.19688e+06,14,RTS,20
6.19695e+06,20,CTS,14
6.19701e+06,14,QOSDATA_TID6,1066
6.19719e+06,20,ACK,14
6.19724e+06,14,CTL,20
6.19732e+06,19,RTS,20
6.19732e+06,3,RTS,20
6.19739e+06,20,CTS,14
6.19745e+06,19,QOSDATA_TID6,1066
6.19763e+06,20,ACK,14
6.19768e+06,19,CTL,20
6.19776e+06,3,RTS,20
6.19783e+06,20,CTS,14
6.19789e+06,3,QOSDATA_TID6,1066
6.19808e+06,20,ACK,14
6.19812e+06,3,QOSDATA_TID6,1066
6.1983e+06,20,ACK,14
6.19835e+06,3,QOSDATA_TID6,1066
6.19853e+06,20,ACK,14
6.19858e+06,3,QOSDATA_TID6,1066
6.19876e+06,20,ACK,14
6.1988e+06,3,CTL,20
6.19889e+06,2,RTS,20
6.19889e+06,5,RTS,20
6.19889e+06,17,RTS,20
6.19889e+06,0,RTS,20
6.19889e+06,16,RTS,20
6.19899e+06,8,RTS,20
6.19899e+06,18,RTS,20
6.19899e+06,10,RTS,20
6.19906e+06,20,CTS,14
6.19912e+06,8,QOSDATA_TID6,1066
6.1993e+06,20,ACK,14
6.19934e+06,8,CTL,20
6.19943e+06,15,RTS,20
6.1995e+06,20,CTS,14
6.19956e+06,15,QOSDATA_TID6,1066
6.19974e+06,20,ACK,14
6.19978e+06,15,CTL,20
6.19987e+06,14,RTS,20
6.19987e+06,7,RTS,20
6.19994e+06,20,CTS,14
6.2e+06,7,QOSDATA_TID6,1066
6.20018e+06,20,ACK,14
6.20023e+06,7,CTL,20
6.20032e+06,0,CTS,14
6.20032e+06,9,RTS,20
6.20044e+06,0,RTS,20
6.2005e+06,20,CTS,14
6.20056e+06,0,QOSDATA_TID6,1066
6.20075e+06,20,ACK,14
6.20079e+06,0,CTL,20
6.20088e+06,4,RTS,20
6.20094e+06,20,CTS,14
6.201e+06,4,QOSDATA_TID6,1066
6.20119e+06,20,ACK,14
6.20123e+06,4,QOSDATA_TID6,1066
6.20142e+06,20,ACK,14
6.20146e+06,4,QOSDATA_TID6,1066
6.20165e+06,20,ACK,14
6.20169e+06,4,CTL,20
6.20178e+06,2,RTS,20
6.20178e+06,0,RTS,20
6.20187e+06,13,RTS,20
6.20187e+06,16,RTS,20
6.20197e+06,7,RTS,20
6.20204e+06,20,CTS,14
6.2021e+06,7,QOSDATA_TID6,1066
6.20228e+06,20,ACK,14
6.20233e+06,7,CTL,20
6.20241e+06,6,RTS,20
6.20241e+06,18,RTS,20
6.20241e+06,9,RTS,20
6.20252e+06,5,RTS,20
6.20252e+06,12,RTS,20
6.20263e+06,17,RTS,20
6.20263e+06,6,RTS,20
6.20263e+06,10,RTS,20
6.2027e+06,20,CTS,14
6.20276e+06,17,QOSDATA_TID6,1066
6.20294e+06,20,ACK,14
6.20298e+06,17,CTL,20
6.20307e+06,12,RTS,20
6.20307e+06,3,RTS,20
6.20307e+06,9,RTS,20
6.20307e+06,10,RTS,20
6.20314e+06,20,CTS,14
6.2032e+06,12,QOSDATA_TID6,1066
6.20338e+06,20,ACK,14
6.20343e+06,12,CTL,20
6.20353e+06,17,RTS,20
6.20353e+06,1,RTS,20
6.20353e+06,19,RTS,20
6.20353e+06,0,RTS,20
6.20353e+06,14,RTS,20
6.20363e+06,11,RTS,20
6.2037e+06,20,CTS,14
6.20376e+06,11,QOSDATA_TID6,1066
6.20394e+06,20,ACK,14
6.20398e+06,11,CTL,20
6.20408e+06,1,RTS,20
6.20408e+06,5,RTS,20
6.20408e+06,0,CTS,14
6.20416e+06,0,RTS,20
6.20423e+06,20,CTS,14
6.20429e+06,0,QOSDATA_TID6,1066
6.20448e+06,20,ACK,14
6.20452e+06,0,CTL,20
6.20462e+06,15,RTS,20
6.20462e+06,17,RTS,20
6.20468e+06,20,CTS,14
6.20474e+06,17,QOSDATA_TID6,1066
6.20493e+06,20,ACK,14
6.20497e+06,17,CTL,20
6.20508e+06,3,RTS,20
6.20514e+06,20,CTS,14
6.2052e+06,3,QOSDATA_TID6,1066
6.20539e+06,20,ACK,14
6.20543e+06,3,CTL,20
6.20552e+06,4,RTS,20
6.20559e+06,20,CTS,14
6.20565e+06,4,QOSDATA_TID6,1066
6.20583e+06,20,ACK,14
6.20587e+06,4,CTL,20
6.20596e+06,2,RTS,20
6.20596e+06,14,RTS,20
6.20603e+06,20,CTS,14
6.20609e+06,2,QOSDATA_TID6,1066
6.20627e+06,20,ACK,14
6.20632e+06,2,QOSDATA_TID6,1066
6.2065e+06,20,ACK,14
6.20654e+06,2,QOSDATA_TID6,1066
6.20673e+06,20,ACK,14
6.20677e+06,2,CTL,20
6.20686e+06,8,RTS,20
6.20686e+06,16,RTS,20
6.20693e+06,20,CTS,14
6.20699e+06,8,QOSDATA_TID6,1066
6.20717e+06,20,ACK,14
6.20721e+06,8,CTL,20
6.2073e+06,16,RTS,20
6.20737e+06,20,CTS,14
6.20743e+06,16,QOSDATA_TID6,1066
6.20761e+06,20,ACK,14
6.20766e+06,16,QOSDATA_TID6,1066
6.20784e+06,20,ACK,14
6.20788e+06,16,CTL,20
6.20797e+06,13,RTS,20
6.20797e+06,15,RTS,20
6.20807e+06,10,RTS,20
6.20814e+06,20,CTS,14
6.2082e+06,10,QOSDATA_TID6,1066
6.20838e+06,20,ACK,14
6.20842e+06,10,QOSDATA_TID6,1066
6.20861e+06,20,ACK,14
6.20865e+06,10,CTL,20
6.20874e+06,9,RTS,20
6.20874e+06,19,RTS,20
6.20874e+06,1,RTS,20
6.20874e+06,15,RTS,20
6.20874e+06,13,RTS,20
6.20884e+06,18,RTS,20
6.2089e+06,20,CTS,14
6.20896e+06,18,QOSDATA_TID6,1066
6.20915e+06,20,ACK,14
6.20919e+06,18,QOSDATA_TID6,1066
6.20938e+06,20,ACK,14
6.20942e+06,18,CTL,20
6.20951e+06,5,RTS,20
6.20951e+06,16,RTS,20
6.20958e+06,20,CTS,14
6.20964e+06,5,QOSDATA_TID6,1066
6.20982e+06,20,ACK,14
6.20986e+06,5,QOSDATA_TID6,1066
6.21005e+06,20,ACK,14
6.21009e+06,5,CTL,20
6.21019e+06,19,RTS,20
6.21019e+06,6,RTS,20
6.21034e+06,19,RTS,20
6.21034e+06,6,RTS,20
6.21034e+06,13,RTS,20
6.21044e+06,12,RTS,20
6.21051e+06,20,CTS,14
6.21057e+06,12,QOSDATA_TID6,1066
6.21076e+06,20,ACK,14
6.2108e+06,12,CTL,20
6.21089e+06,6,RTS,20
6.21096e+06,20,CTS,14
6.21102e+06,6,QOSDATA_TID6,1066
6.2112e+06,20,ACK,14
6.21124e+06,6,QOSDATA_TID6,1066
6.21143e+06,20,ACK,14
6.21147e+06,6,QOSDATA_TID6,1066
6.21166e+06,20,ACK,14
6.2117e+06,6,CTL,20
6.21178e+06,15,RTS,20
6.21178e+06,3,RTS,20
6.21189e+06,11,RTS,20
6.21196e+06,20,CTS,14
6.21202e+06,11,QOSDATA_TID6,1066
6.2122e+06,20,ACK,14
6.21225e+06,11,CTL,20
6.21234e+06,17,RTS,20
6.21234e+06,7,RTS,20
6.21234e+06,9,RTS,20
6.21234e+06,14,RTS,20
6.21246e+06,0,RTS,20
6.21246e+06,16,RTS,20
6.21253e+06,20,CTS,14
6.21259e+06,0,QOSDATA_TID6,1066
6.21277e+06,20,ACK,14
6.21282e+06,0,CTL,20
6.2129e+06,7,RTS,20
6.2129e+06,16,RTS,20
6.21297e+06,20,CTS,14
6.21303e+06,7,QOSDATA_TID6,1066
6.21321e+06,20,ACK,14
6.21326e+06,7,CTL,20
6.21335e+06,5,RTS,20
6.21335e+06,10,RTS,20
6.21342e+06,20,CTS,14
6.21348e+06,5,QOSDATA_TID6,1066
6.21366e+06,20,ACK,14
6.21371e+06,5,CTL,20
6.21379e+06,14,RTS,20
6.21386e+06,20,CTS,14
6.21392e+06,14,QOSDATA_TID6,1066
6.21411e+06,20,ACK,14
6.21415e+06,14,QOSDATA_TID6,1066
6.21433e+06,20,ACK,14
6.21438e+06,14,CTL,20
6.21447e+06,18,RTS,20
6.21447e+06,2,RTS,20
6.21447e+06,10,RTS,20
6.21447e+06,1,RTS,20
6.21447e+06,4,RTS,20
6.21457e+06,15,RTS,20
6.21457e+06,3,RTS,20
6.21467e+06,8,RTS,20
6.21474e+06,20,CTS,14
6.2148e+06,8,QOSDATA_TID6,1066
6.21498e+06,20,ACK,14
6.21503e+06,8,CTL,20
6.21512e+06,17,RTS,20
6.21512e+06,9,RTS,20
6.21512e+06,10,RTS,20
6.21512e+06,14,RTS,20
6.21519e+06,20,CTS,14
6.21525e+06,17,QOSDATA_TID6,1066
6.21544e+06,20,ACK,14
6.21548e+06,17,CTL,20
6.21558e+06,19,RTS,20
6.21558e+06,3,RTS,20
6.21558e+06,13,RTS,20
6.21569e+06,4,RTS,20
6.21576e+06,20,CTS,14
6.21582e+06,4,QOSDATA_TID6,1066
6.216e+06,20,ACK,14
6.21605e+06,4,CTL,20
6.21613e+06,13,RTS,20
6.21613e+06,3,RTS,20
6.21625e+06,16,RTS,20
6.21632e+06,20,CTS,14
6.21638e+06,16,QOSDATA_TID6,1066
6.21656e+06,20,ACK,14
6.2166e+06,16,QOSDATA_TID6,1066
6.21679e+06,20,ACK,14
6.21683e+06,16,CTL,20
6.21693e+06,1,RTS,20
6.217e+06,20,CTS,14
6.21706e+06,1,QOSDATA_TID6,1066
6.21724e+06,20,ACK,14
6.21728e+06,1,QOSDATA_TID6,1066
6.21747e+06,20,ACK,14
6.21751e+06,1,CTL,20
6.2176e+06,7,RTS,20
6.2176e+06,3,RTS,20
6.2176e+06,18,RTS,20
6.21771e+06,2,RTS,20
6.21777e+06,20,CTS,14
6.21783e+06,2,QOSDATA_TID6,1066
6.21802e+06,20,ACK,14
6.21806e+06,2,CTL,20
6.21815e+06,3,RTS,20
6.21815e+06,19,RTS,20
6.21822e+06,20,CTS,14
6.21828e+06,19,QOSDATA_TID6,1066
6.21846e+06,20,ACK,14
6.2185e+06,19,QOSDATA_TID6,1066
6.21869e+06,20,ACK,14
6.21873e+06,19,CTL,20
6.21882e+06,11,RTS,20
6.21882e+06,0,RTS,20
6.21882e+06,15,RTS,20
6.21892e+06,3,RTS,20
6.21899e+06,20,CTS,14
6.21905e+06,3,QOSDATA_TID6,1066
6.21924e+06,20,ACK,14
6.21928e+06,3,QOSDATA_TID6,1066
6.21946e+06,20,ACK,14
6.21951e+06,3,CTL,20
6.2196e+06,1,RTS,20
6.2196e+06,17,RTS,20
6.2196e+06,7,RTS,20
6.2196e+06,14,RTS,20
6.2196e+06,13,RTS,20
6.2197e+06,19,RTS,20
6.21977e+06,20,CTS,14
6.21983e+06,19,QOSDATA_TID6,1066
6.22001e+06,20,ACK,14
6.22006e+06,19,CTL,20
6.22014e+06,1,RTS,20
6.22021e+06,20,CTS,14
6.22027e+06,1,QOSDATA_TID6,1066
6.22046e+06,20,ACK,14
6.2205e+06,1,CTL,20
6.22059e+06,17,RTS,20
6.22059e+06,11,RTS,20
6.22059e+06,12,RTS,20
6.22059e+06,9,RTS,20
6.22059e+06,10,RTS,20
6.22068e+06,13,RTS,20
6.22075e+06,20,CTS,14
6.22081e+06,13,QOSDATA_TID6,1066
6.221e+06,20,ACK,14
6.22104e+06,13,QOSDATA_TID6,1066
6.22122e+06,20,ACK,14
6.22127e+06,13,QOSDATA_TID6,1066
6.22145e+06,20,ACK,14
6.2215e+06,13,CTL,20
6.22158e+06,14,RTS,20
6.22158e+06,11,RTS,20
6.22158e+06,17,RTS,20
6.22158e+06,6,RTS,20
6.22158e+06,2,RTS,20
6.22158e+06,10,RTS,20
6.22158e+06,9,RTS,20
6.22169e+06,18,RTS,20
6.22176e+06,20,CTS,14
6.22182e+06,18,QOSDATA_TID6,1066
6.222e+06,20,ACK,14
6.22204e+06,18,CTL,20
6.22213e+06,6,RTS,20
6.2222e+06,20,CTS,14
6.22226e+06,6,QOSDATA_TID6,1066
6.22244e+06,20,ACK,14
6.22249e+06,6,CTL,20
6.22258e+06,0,RTS,20
6.22258e+06,2,RTS,20
6.22258e+06,7,RTS,20
6.22258e+06,9,RTS,20
6.22258e+06,4,RTS,20
6.22268e+06,8,RTS,20
6.22275e+06,20,CTS,14
6.22281e+06,8,QOSDATA_TID6,1066
6.22299e+06,20,ACK,14
6.22304e+06,8,CTL,20
6.22312e+06,7,RTS,20
6.22319e+06,20,CTS,14
6.22325e+06,7,QOSDATA_TID6,1066
6.22343e+06,20,ACK,14
6.22348e+06,7,CTL,20
6.22356e+06,17,RTS,20
6.22356e+06,5,RTS,20
6.22356e+06,15,RTS,20
6.22356e+06,18,RTS,20
6.22366e+06,11,RTS,20
6.22373e+06,20,CTS,14
6.22379e+06,11,QOSDATA_TID6,1066
6.22397e+06,20,ACK,14
6.22402e+06,11,CTL,20
6.22411e+06,0,CTS,14
6.2242e+06,0,RTS,20
6.22427e+06,20,CTS,14
6.22433e+06,0,QOSDATA_TID6,1066
6.22451e+06,20,ACK,14
6.22456e+06,0,CTL,20
6.22464e+06,10,RTS,20
6.22464e+06,9,RTS,20
6.22464e+06,4,RTS,20
6.22474e+06,14,RTS,20
6.22481e+06,20,CTS,14
6.22487e+06,14,QOSDATA_TID6,1066
6.22505e+06,20,ACK,14
6.2251e+06,14,QOSDATA_TID6,1066
6.22528e+06,20,ACK,14
6.22532e+06,14,CTL,20
6.22541e+06,2,RTS,20
6.22541e+06,9,RTS,20
6.22548e+06,20,CTS,14
6.22554e+06,2,QOSDATA_TID6,1066
6.22572e+06,20,ACK,14
6.22577e+06,2,CTL,20
6.22585e+06,12,RTS,20
6.22592e+06,20,CTS,14
6.22598e+06,12,QOSDATA_TID6,1066
6.22616e+06,20,ACK,14
6.22621e+06,12,CTL,20
6.2263e+06,13,RTS,20
6.2263e+06,18,RTS,20
6.2263e+06,10,RTS,20
6.22639e+06,16,RTS,20
6.22646e+06,20,CTS,14
6.22652e+06,16,QOSDATA_TID6,1066
6.2267e+06,20,ACK,14
6.22675e+06,16,CTL,20
6.22684e+06,12,RTS,20
6.22684e+06,10,RTS,20
6.2269e+06,20,CTS,14
6.22696e+06,12,QOSDATA_TID6,1066
6.22715e+06,20,ACK,14
6.22719e+06,12,CTL,20
6.22728e+06,19,RTS,20
6.22728e+06,10,RTS,20
6.22734e+06,20,CTS,14
6.2274e+06,19,QOSDATA_TID6,1066
6.22759e+06,20,ACK,14
6.22763e+06,19,CTL,20
6.22772e+06,15,RTS,20
6.22779e+06,20,CTS,14
6.22785e+06,15,QOSDATA_TID6,1066
6.22803e+06,20,ACK,14
6.22808e+06,15,QOSDATA_TID6,1066
6.22826e+06,20,ACK,14
6.2283e+06,15,CTL,20
6.22839e+06,7,RTS,20
6.22839e+06,5,RTS,20
6.22839e+06,17,RTS,20
6.22839e+06,18,RTS,20
6.22839e+06,11,RTS,20
6.22849e+06,6,RTS,20
6.22856e+06,20,CTS,14
6.22862e+06,6,QOSDATA_TID6,1066
6.2288e+06,20,ACK,14
6.22884e+06,6,CTL,20
6.22893e+06,1,RTS,20
6.229e+06,20,CTS,14
6.22906e+06,1,QOSDATA_TID6,1066
6.22924e+06,20,ACK,14
6.22928e+06,1,CTL,20
6.22937e+06,3,RTS,20
6.22937e+06,9,RTS,20
6.22937e+06,0,RTS,20
6.22947e+06,7,RTS,20
6.22947e+06,13,RTS,20
6.22954e+06,20,CTS,14
6.2296e+06,7,QOSDATA_TID6,1066
6.22978e+06,20,ACK,14
6.22982e+06,7,CTL,20
6.22991e+06,2,RTS,20
6.22998e+06,20,CTS,14
6.23004e+06,2,QOSDATA_TID6,1066
6.23022e+06,20,ACK,14
6.23027e+06,2,CTL,20
6.23035e+06,18,RTS,20
6.23035e+06,15,RTS,20
6.23046e+06,4,RTS,20
6.23053e+06,20,CTS,14
6.23059e+06,4,QOSDATA_TID6,1066
6.23077e+06,20,ACK,14
6.23082e+06,4,QOSDATA_TID6,1066
6.231e+06,20,ACK,14
6.23104e+06,4,CTL,20
6.23113e+06,8,RTS,20
6.23113e+06,14,RTS,20
6.2312e+06,20,CTS,14
6.23126e+06,8,QOSDATA_TID6,1066
6.23144e+06,20,ACK,14
6.23149e+06,8,CTL,20
6.23158e+06,17,RTS,20
6.23158e+06,5,RTS,20
6.23158e+06,10,RTS,20
6.23168e+06,13,RTS,20
6.23175e+06,20,CTS,14
6.23181e+06,13,QOSDATA_TID6,1066
6.23199e+06,20,ACK,14
6.23204e+06,13,CTL,20
6.23212e+06,5,RTS,20
6.23212e+06,10,RTS,20
6.23219e+06,20,CTS,14
6.23225e+06,5,QOSDATA_TID6,1066
6.23243e+06,20,ACK,14
6.23248e+06,5,QOSDATA_TID6,1066
6.23266e+06,20,ACK,14
6.23271e+06,5,CTL,20
6.23279e+06,14,RTS,20
6.23286e+06,20,CTS,14
6.23292e+06,14,QOSDATA_TID6,1066
6.2331e+06,20,ACK,14
6.23315e+06,14,CTL,20
6.23323e+06,15,RTS,20
6.23323e+06,16,RTS,20
6.23334e+06,3,RTS,20
6.23341e+06,20,CTS,14
6.23347e+06,3,QOSDATA_TID6,1066
6.23365e+06,20,ACK,14
6.2337e+06,3,CTL,20
6.23378e+06,7,RTS,20
6.23385e+06,20,CTS,14
6.23391e+06,7,QOSDATA_TID6,1066
6.2341e+06,20,ACK,14
6.23414e+06,7,CTL,20
6.23422e+06,17,RTS,20
6.23422e+06,11,RTS,20
6.23422e+06,15,RTS,20
6.23422e+06,10,RTS,20
6.23429e+06,20,CTS,14
6.23435e+06,17,QOSDATA_TID6,1066
6.23454e+06,20,ACK,14
6.23458e+06,17,QOSDATA_TID6,1066
6.23476e+06,20,ACK,14
6.23481e+06,17,CTL,20
6.2349e+06,13,RTS,20
6.23496e+06,20,CTS,14
6.23502e+06,13,QOSDATA_TID6,1066
6.23521e+06,20,ACK,14
6.23525e+06,13,CTL,20
6.23534e+06,17,RTS,20
6.23534e+06,1,RTS,20
6.23534e+06,9,RTS,20
6.23544e+06,6,RTS,20
6.23544e+06,15,RTS,20
6.23553e+06,17,RTS,20
6.2356e+06,20,CTS,14
6.23566e+06,17,QOSDATA_TID6,1066
6.23584e+06,20,ACK,14
6.23589e+06,17,CTL,20
6.23598e+06,12,RTS,20
6.23598e+06,3,RTS,20
6.23604e+06,20,CTS,14
6.2361e+06,12,QOSDATA_TID6,1066
6.23629e+06,20,ACK,14
6.23633e+06,12,CTL,20
6.23642e+06,19,RTS,20
6.23642e+06,0,RTS,20
6.23655e+06,19,RTS,20
6.23662e+06,20,CTS,14
6.23668e+06,19,QOSDATA_TID6,1066
6.23686e+06,20,ACK,14
6.2369e+06,19,CTL,20
6.23699e+06,4,RTS,20
6.23706e+06,20,CTS,14
6.23712e+06,4,QOSDATA_TID6,1066
6.2373e+06,20,ACK,14
6.23735e+06,4,CTL,20
6.23744e+06,5,RTS,20
6.23744e+06,2,RTS,20
6.23744e+06,0,CTS,14
6.23744e+06,18,RTS,20
6.23755e+06,0,RTS,20
6.23762e+06,20,CTS,14
6.23768e+06,0,QOSDATA_TID6,1066
6.23787e+06,20,ACK,14
6.23791e+06,0,QOSDATA_TID6,1066
6.23809e+06,20,ACK,14
6.23814e+06,0,CTL,20
6.23822e+06,11,RTS,20
6.23829e+06,20,CTS,14
6.23835e+06,11,QOSDATA_TID6,1066
6.23854e+06,20,ACK,14
6.23858e+06,11,QOSDATA_TID6,1066
6.23876e+06,20,ACK,14
6.23881e+06,11,CTL,20
6.23889e+06,16,RTS,20
6.23896e+06,20,CTS,14
6.23902e+06,16,QOSDATA_TID6,1066
6.23921e+06,20,ACK,14
6.23925e+06,16,CTL,20
6.23934e+06,8,RTS,20
6.23934e+06,9,RTS,20
6.23934e+06,6,RTS,20
6.2394e+06,20,CTS,14
6.23946e+06,8,QOSDATA_TID6,1066
6.23965e+06,20,ACK,14
6.23969e+06,8,CTL,20
6.23979e+06,3,RTS,20
6.23979e+06,9,RTS,20
6.23979e+06,15,RTS,20
6.23989e+06,5,RTS,20
6.23989e+06,1,RTS,20
6.23996e+06,20,CTS,14
6.24002e+06,5,QOSDATA_TID6,1066
6.24021e+06,20,ACK,14
6.24025e+06,5,CTL,20
6.24034e+06,3,RTS,20
6.24034e+06,10,RTS,20
6.24044e+06,2,RTS,20
6.24051e+06,20,CTS,14
6.24057e+06,2,QOSDATA_TID6,1066
6.24076e+06,20,ACK,14
6.2408e+06,2,CTL,20
6.24089e+06,14,RTS,20
6.24095e+06,20,CTS,14
6.24101e+06,14,QOSDATA_TID6,1066
6.2412e+06,20,ACK,14
6.24124e+06,14,CTL,20
6.24134e+06,0,RTS,20
6.24134e+06,16,RTS,20
6.24134e+06,9,RTS,20
6.24146e+06,10,RTS,20
6.24153e+06,20,CTS,14
6.24159e+06,10,QOSDATA_TID6,1066
6.24177e+06,20,ACK,14
6.24182e+06,10,QOSDATA_TID6,1066
6.242e+06,20,ACK,14
6.24205e+06,10,QOSDATA_TID6,1066
6.24223e+06,20,ACK,14
6.24227e+06,10,CTL,20
6.24236e+06,13,RTS,20
6.24243e+06,20,CTS,14
6.24249e+06,13,QOSDATA_TID6,1066
6.24267e+06,20,ACK,14
6.24272e+06,13,CTL,20
6.2428e+06,7,RTS,20
6.2428e+06,11,RTS,20
6.2428e+06,9,RTS,20
6.24287e+06,20,CTS,14
6.24293e+06,7,QOSDATA_TID6,1066
6.24311e+06,20,ACK,14
6.24316e+06,7,CTL,20
6.24324e+06,19,RTS,20
6.24331e+06,20,CTS,14
6.24337e+06,19,QOSDATA_TID6,1066
6.24356e+06,20,ACK,14
6.2436e+06,19,CTL,20
6.24369e+06,1,RTS,20
6.24369e+06,18,RTS,20
6.24375e+06,20,CTS,14
6.24381e+06,1,QOSDATA_TID6,1066
6.244e+06,20,ACK,14
6.24404e+06,1,QOSDATA_TID6,1066
6.24423e+06,20,ACK,14
6.24427e+06,1,CTL,20
6.24436e+06,5,RTS,20
6.24442e+06,20,CTS,14
6.24448e+06,5,QOSDATA_TID6,1066
6.24467e+06,20,ACK,14
6.24471e+06,5,CTL,20
6.2448e+06,12,RTS,20
6.2448e+06,3,RTS,20
6.2448e+06,10,RTS,20
6.2448e+06,15,RTS,20
6.24487e+06,20,CTS,14
6.24493e+06,12,QOSDATA_TID6,1066
6.24511e+06,20,ACK,14
6.24515e+06,12,CTL,20
6.24525e+06,11,RTS,20
6.24525e+06,18,RTS,20
6.24538e+06,11,RTS,20
6.24545e+06,20,CTS,14
6.24551e+06,11,QOSDATA_TID6,1066
6.24569e+06,20,ACK,14
6.24574e+06,11,CTL,20
6.24583e+06,15,RTS,20
6.2459e+06,20,CTS,14
6.24596e+06,15,QOSDATA_TID6,1066
6.24614e+06,20,ACK,14
6.24619e+06,15,QOSDATA_TID6,1066
6.24637e+06,20,ACK,14
6.24642e+06,15,QOSDATA_TID6,1066
6.2466e+06,20,ACK,14
6.24664e+06,15,CTL,20
6.24673e+06,6,RTS,20
6.24673e+06,0,RTS,20
6.24673e+06,17,RTS,20
6.24673e+06,2,RTS,20
6.24673e+06,3,RTS,20
6.24673e+06,9,RTS,20
6.24683e+06,4,RTS,20
6.2469e+06,20,CTS,14
6.24696e+06,4,QOSDATA_TID6,1066
6.24714e+06,20,ACK,14
6.24718e+06,4,CTL,20
6.24727e+06,6,RTS,20
6.24727e+06,18,RTS,20
6.24727e+06,10,RTS,20
6.24737e+06,2,RTS,20
6.24744e+06,20,CTS,14
6.2475e+06,2,QOSDATA_TID6,1066
6.24768e+06,20,ACK,14
6.24772e+06,2,CTL,20
6.24781e+06,8,RTS,20
6.24781e+06,16,RTS,20
6.24788e+06,20,CTS,14
6.24794e+06,8,QOSDATA_TID6,1066
6.24812e+06,20,ACK,14
6.24816e+06,8,CTL,20
6.24826e+06,18,RTS,20
6.24833e+06,20,CTS,14
6.24839e+06,18,QOSDATA_TID6,1066
6.24857e+06,20,ACK,14
6.24862e+06,18,QOSDATA_TID6,1066
6.2488e+06,20,ACK,14
6.24884e+06,18,QOSDATA_TID6,1066
6.24903e+06,20,ACK,14
6.24907e+06,18,CTL,20
6.24916e+06,9,RTS,20
6.24916e+06,17,RTS,20
6.24916e+06,14,RTS,20
6.24923e+06,20,CTS,14
6.24929e+06,17,QOSDATA_TID6,1066
6.24947e+06,20,ACK,14
6.24952e+06,17,CTL,20
6.2496e+06,0,CTS,14
6.2496e+06,14,RTS,20
6.2497e+06,0,RTS,20
6.24976e+06,20,CTS,14
6.24982e+06,0,QOSDATA_TID6,1066
6.25001e+06,20,ACK,14
6.25005e+06,0,QOSDATA_TID6,1066
6.25024e+06,20,ACK,14
6.25028e+06,0,CTL,20
6.25037e+06,7,RTS,20
6.25037e+06,13,RTS,20
6.25043e+06,20,CTS,14
6.25049e+06,7,QOSDATA_TID6,1066
6.25068e+06,20,ACK,14
6.25072e+06,7,CTL,20
6.25082e+06,11,RTS,20
6.25082e+06,6,RTS,20
6.25082e+06,14,RTS,20
6.25082e+06,3,RTS,20
6.25093e+06,10,RTS,20
6.251e+06,20,CTS,14
6.25106e+06,10,QOSDATA_TID6,1066
6.25124e+06,20,ACK,14
6.25129e+06,10,CTL,20
6.25138e+06,17,RTS,20
6.25138e+06,1,RTS,20
6.25138e+06,14,RTS,20
6.25148e+06,3,RTS,20
6.25148e+06,9,RTS,20
6.25158e+06,12,RTS,20
6.25165e+06,20,CTS,14
6.25171e+06,12,QOSDATA_TID6,1066
6.25189e+06,20,ACK,14
6.25194e+06,12,CTL,20
6.25202e+06,17,RTS,20
6.25202e+06,1,RTS,20
6.25202e+06,11,RTS,20
6.25202e+06,16,RTS,20
6.25202e+06,3,RTS,20
6.25202e+06,14,RTS,20
6.25213e+06,19,RTS,20
6.2522e+06,20,CTS,14
6.25226e+06,19,QOSDATA_TID6,1066
6.25244e+06,20,ACK,14
6.25248e+06,19,CTL,20
6.25257e+06,17,RTS,20
6.25257e+06,5,RTS,20
6.25257e+06,13,RTS,20
6.25267e+06,15,RTS,20
6.25274e+06,20,CTS,14
6.2528e+06,15,QOSDATA_TID6,1066
6.25298e+06,20,ACK,14
6.25302e+06,15,CTL,20
6.25311e+06,13,RTS,20
6.25311e+06,2,RTS,20
6.25311e+06,4,RTS,20
6.25311e+06,3,RTS,20
6.25322e+06,10,RTS,20
6.25329e+06,20,CTS,14
6.25335e+06,10,QOSDATA_TID6,1066
6.25353e+06,20,ACK,14
6.25357e+06,10,CTL,20
6.25366e+06,14,RTS,20
6.25373e+06,20,CTS,14
6.25379e+06,14,QOSDATA_TID6,1066
6.25397e+06,20,ACK,14
6.25402e+06,14,CTL,20
6.2541e+06,5,RTS,20
6.25417e+06,20,CTS,14
6.25423e+06,5,QOSDATA_TID6,1066
6.25441e+06,20,ACK,14
6.25446e+06,5,CTL,20
6.25454e+06,11,RTS,20
6.25454e+06,9,RTS,20
6.25454e+06,6,RTS,20
6.25466e+06,18,RTS,20
6.25473e+06,20,CTS,14
6.25479e+06,18,QOSDATA_TID6,1066
6.25497e+06,20,ACK,14
6.25502e+06,18,CTL,20
6.2551e+06,11,RTS,20
6.25517e+06,20,CTS,14
6.25523e+06,11,QOSDATA_TID6,1066
6.25541e+06,20,ACK,14
6.25546e+06,11,CTL,20
6.25554e+06,17,RTS,20
6.25554e+06,13,RTS,20
6.25561e+06,20,CTS,14
6.25567e+06,17,QOSDATA_TID6,1066
6.25586e+06,20,ACK,14
6.2559e+06,17,CTL,20
6.25599e+06,13,RTS,20
6.25606e+06,20,CTS,14
6.25612e+06,13,QOSDATA_TID6,1066
6.2563e+06,20,ACK,14
6.25634e+06,13,CTL,20
6.25643e+06,14,RTS,20
6.25643e+06,1,RTS,20
6.2565e+06,20,CTS,14
6.25656e+06,1,QOSDATA_TID6,1066
6.25674e+06,20,ACK,14
6.25678e+06,1,CTL,20
6.25688e+06,8,RTS,20
6.25688e+06,16,RTS,20
6.25695e+06,20,CTS,14
6.25701e+06,8,QOSDATA_TID6,1066
6.25719e+06,20,ACK,14
6.25724e+06,8,CTL,20
6.25734e+06,4,RTS,20
6.25734e+06,9,RTS,20
6.25734e+06,0,RTS,20
6.25734e+06,14,RTS,20
6.25746e+06,7,RTS,20
6.25753e+06,20,CTS,14
6.25759e+06,7,QOSDATA_TID6,1066
6.25778e+06,20,ACK,14
6.25782e+06,7,CTL,20
6.25791e+06,0,RTS,20
6.25798e+06,20,CTS,14
6.25804e+06,0,QOSDATA_TID6,1066
6.25822e+06,20,ACK,14
6.25826e+06,0,CTL,20
6.25836e+06,14,RTS,20
6.25836e+06,13,RTS,20
6.25846e+06,2,RTS,20
6.25846e+06,3,RTS,20
6.25852e+06,20,CTS,14
6.25858e+06,2,QOSDATA_TID6,1066
6.25877e+06,20,ACK,14
6.25881e+06,2,CTL,20
6.2589e+06,12,RTS,20
6.25897e+06,20,CTS,14
6.25903e+06,12,QOSDATA_TID6,1066
6.25921e+06,20,ACK,14
6.25925e+06,12,CTL,20
6.25934e+06,17,RTS,20
6.25934e+06,11,RTS,20
6.25941e+06,20,CTS,14
6.25947e+06,17,QOSDATA_TID6,1066
6.25965e+06,20,ACK,14
6.2597e+06,17,CTL,20
6.25979e+06,16,RTS,20
6.25979e+06,9,RTS,20
6.25979e+06,14,RTS,20
6.2599e+06,19,RTS,20
6.25997e+06,20,CTS,14
6.26003e+06,19,QOSDATA_TID6,1066
6.26021e+06,20,ACK,14
6.26025e+06,19,CTL,20
6.26034e+06,14,RTS,20
6.26041e+06,20,CTS,14
6.26047e+06,14,QOSDATA_TID6,1066
6.26065e+06,20,ACK,14
6.2607e+06,14,CTL,20
6.26079e+06,15,RTS,20
6.26079e+06,6,RTS,20
6.26079e+06,13,RTS,20
6.26079e+06,2,RTS,20
6.26079e+06,3,RTS,20
6.26079e+06,9,RTS,20
6.26091e+06,5,RTS,20
6.26091e+06,1,RTS,20
6.26091e+06,16,RTS,20
6.26091e+06,4,RTS,20
6.26098e+06,20,CTS,14
6.26104e+06,5,QOSDATA_TID6,1066
6.26122e+06,20,ACK,14
6.26126e+06,5,CTL,20
6.26135e+06,1,RTS,20
6.26135e+06,10,RTS,20
6.26142e+06,20,CTS,14
6.26148e+06,1,QOSDATA_TID6,1066
6.26166e+06,20,ACK,14
6.2617e+06,1,CTL,20
6.2618e+06,9,RTS,20
6.26187e+06,20,CTS,14
6.26193e+06,9,QOSDATA_TID6,1066
6.26211e+06,20,ACK,14
6.26216e+06,9,QOSDATA_TID6,1066
6.26234e+06,20,ACK,14
6.26238e+06,9,QOSDATA_TID6,1066
6.26257e+06,20,ACK,14
6.26261e+06,9,QOSDATA_TID6,1066
6.2628e+06,20,ACK,14
6.26284e+06,9,QOSDATA_TID6,1066
6.26302e+06,20,ACK,14
6.26307e+06,9,QOSDATA_TID6,1066
6.26325e+06,20,ACK,14
6.2633e+06,9,CTL,20
6.26337e+06,20,BEACON,152
6.26364e+06,8,RTS,20
6.2637e+06,20,CTS,14
6.26376e+06,8,QOSDATA_TID6,1066
6.26395e+06,20,ACK,14
6.26399e+06,8,CTL,20
6.26408e+06,11,RTS,20
6.26408e+06,16,RTS,20
6.26408e+06,13,RTS,20
6.26418e+06,3,RTS,20
6.26424e+06,20,CTS,14
6.2643e+06,3,QOSDATA_TID6,1066
6.26449e+06,20,ACK,14
6.26453e+06,3,QOSDATA_TID6,1066
6.26472e+06,20,ACK,14
6.26476e+06,3,QOSDATA_TID6,1066
6.26494e+06,20,ACK,14
6.26499e+06,3,CTL,20
6.26507e+06,18,RTS,20
6.26507e+06,6,RTS,20
6.26517e+06,16,RTS,20
6.26524e+06,20,CTS,14
6.2653e+06,16,QOSDATA_TID6,1066
6.26548e+06,20,ACK,14
6.26553e+06,16,QOSDATA_TID6,1066
6.26571e+06,20,ACK,14
6.26576e+06,16,QOSDATA_TID6,1066
6.26594e+06,20,ACK,14
6.26598e+06,16,CTL,20
6.26607e+06,4,RTS,20
6.26607e+06,7,RTS,20
6.26607e+06,9,RTS,20
6.26614e+06,20,CTS,14
6.2662e+06,7,QOSDATA_TID6,1066
6.26638e+06,20,ACK,14
6.26643e+06,7,CTL,20
6.26651e+06,14,RTS,20
6.26658e+06,20,CTS,14
6.26664e+06,14,QOSDATA_TID6,1066
6.26682e+06,20,ACK,14
6.26687e+06,14,CTL,20
6.26695e+06,0,RTS,20
6.26695e+06,10,RTS,20
6.26695e+06,19,RTS,20
6.26695e+06,9,RTS,20
6.26705e+06,13,RTS,20
6.26712e+06,20,CTS,14
6.26718e+06,13,QOSDATA_TID6,1066
6.26736e+06,20,ACK,14
6.26741e+06,13,QOSDATA_TID6,1066
6.26759e+06,20,ACK,14
6.26764e+06,13,CTL,20
6.26772e+06,1,RTS,20
6.26772e+06,2,RTS,20
6.26772e+06,10,RTS,20
6.26783e+06,6,RTS,20
6.26783e+06,15,RTS,20
6.26794e+06,17,RTS,20
6.26794e+06,4,RTS,20
6.26794e+06,3,RTS,20
6.268e+06,20,CTS,14
6.26806e+06,17,QOSDATA_TID6,1066
6.26825e+06,20,ACK,14
6.26829e+06,17,CTL,20
6.26838e+06,5,RTS,20
6.26845e+06,20,CTS,14
6.26851e+06,5,QOSDATA_TID6,1066
6.26869e+06,20,ACK,14
6.26873e+06,5,CTL,20
6.26882e+06,4,RTS,20
6.26889e+06,20,CTS,14
6.26895e+06,4,QOSDATA_TID6,1066
6.26913e+06,20,ACK,14
6.26918e+06,4,QOSDATA_TID6,1066
6.26936e+06,20,ACK,14
6.2694e+06,4,QOSDATA_TID6,1066
6.26959e+06,20,ACK,14
6.26963e+06,4,CTL,20
6.26972e+06,12,RTS,20
6.26972e+06,3,RTS,20
6.26979e+06,20,CTS,14
6.26985e+06,12,QOSDATA_TID6,1066
6.27003e+06,20,ACK,14
6.27007e+06,12,CTL,20
6.27017e+06,0,RTS,20
6.27017e+06,9,RTS,20
6.27024e+06,20,CTS,14
6.2703e+06,0,QOSDATA_TID6,1066
6.27048e+06,20,ACK,14
6.27052e+06,0,CTL,20
6.27063e+06,2,RTS,20
6.27063e+06,10,RTS,20
6.27063e+06,15,RTS,20
6.27063e+06,19,RTS,20
6.27063e+06,11,RTS,20
6.27073e+06,18,RTS,20
6.2708e+06,20,CTS,14
6.27086e+06,18,QOSDATA_TID6,1066
6.27104e+06,20,ACK,14
6.27108e+06,18,QOSDATA_TID6,1066
6.27127e+06,20,ACK,14
6.27131e+06,18,CTL,20
6.2714e+06,6,RTS,20
6.27147e+06,20,CTS,14
6.27153e+06,6,QOSDATA_TID6,1066
6.27171e+06,20,ACK,14
6.27175e+06,6,QOSDATA_TID6,1066
6.27194e+06,20,ACK,14
6.27198e+06,6,QOSDATA_TID6,1066
6.27217e+06,20,ACK,14
6.27221e+06,6,QOSDATA_TID6,1066
6.27239e+06,20,ACK,14
6.27244e+06,6,CTL,20
6.27252e+06,9,RTS,20
6.27252e+06,19,RTS,20
6.27252e+06,16,RTS,20
6.27263e+06,14,RTS,20
6.2727e+06,20,CTS,14
6.27276e+06,14,QOSDATA_TID6,1066
6.27294e+06,20,ACK,14
6.27299e+06,14,CTL,20
6.27307e+06,15,RTS,20
6.27314e+06,20,CTS,14
6.2732e+06,15,QOSDATA_TID6,1066
6.27338e+06,20,ACK,14
6.27343e+06,15,QOSDATA_TID6,1066
6.27361e+06,20,ACK,14
6.27366e+06,15,CTL,20
6.27374e+06,0,RTS,20
6.27374e+06,8,RTS,20
6.27374e+06,3,RTS,20
6.27374e+06,9,RTS,20
6.27386e+06,2,RTS,20
6.27393e+06,20,CTS,14
6.27399e+06,2,QOSDATA_TID6,1066
6.27417e+06,20,ACK,14
6.27422e+06,2,QOSDATA_TID6,1066
6.2744e+06,20,ACK,14
6.27444e+06,2,CTL,20
6.27453e+06,0,RTS,20
6.27453e+06,13,RTS,20
6.2746e+06,20,CTS,14
6.27466e+06,0,QOSDATA_TID6,1066
6.27484e+06,20,ACK,14
6.27488e+06,0,CTL,20
6.27498e+06,10,RTS,20
6.27498e+06,8,RTS,20
6.27498e+06,12,RTS,20
6.27498e+06,7,RTS,20
6.27508e+06,6,RTS,20
6.27508e+06,3,RTS,20
6.27515e+06,20,CTS,14
6.27521e+06,6,QOSDATA_TID6,1066
6.27539e+06,20,ACK,14
6.27543e+06,6,CTL,20
6.27552e+06,3,RTS,20
6.27552e+06,11,RTS,20
6.27564e+06,19,RTS,20
6.27571e+06,20,CTS,14
6.27577e+06,19,QOSDATA_TID6,1066
6.27596e+06,20,ACK,14
6.276e+06,19,QOSDATA_TID6,1066
6.27618e+06,20,ACK,14
6.27623e+06,19,CTL,20
6.27632e+06,5,RTS,20
6.27638e+06,20,CTS,14
6.27644e+06,5,QOSDATA_TID6,1066
6.27663e+06,20,ACK,14
6.27667e+06,5,CTL,20
6.27676e+06,17,RTS,20
6.27676e+06,15,RTS,20
6.27682e+06,20,CTS,14
6.27688e+06,17,QOSDATA_TID6,1066
6.27707e+06,20,ACK,14
6.27711e+06,17,CTL,20
6.27721e+06,7,RTS,20
6.27721e+06,11,RTS,20
6.27721e+06,16,RTS,20
6.27721e+06,15,RTS,20
6.27731e+06,8,RTS,20
6.27731e+06,1,RTS,20
6.27731e+06,4,RTS,20
6.27731e+06,9,RTS,20
6.27741e+06,2,RTS,20
6.27741e+06,13,RTS,20
6.27753e+06,12,RTS,20
6.27753e+06,11,RTS,20
6.2776e+06,20,CTS,14
6.27766e+06,12,QOSDATA_TID6,1066
6.27784e+06,20,ACK,14
6.27788e+06,12,CTL,20
6.27797e+06,8,RTS,20
6.27804e+06,20,CTS,14
6.2781e+06,8,QOSDATA_TID6,1066
6.27828e+06,20,ACK,14
6.27833e+06,8,CTL,20
6.27841e+06,2,RTS,20
6.27848e+06,20,CTS,14
6.27854e+06,2,QOSDATA_TID6,1066
6.27872e+06,20,ACK,14
6.27877e+06,2,CTL,20
6.27886e+06,3,RTS,20
6.27886e+06,10,RTS,20
6.27886e+06,1,RTS,20
6.27892e+06,20,CTS,14
6.27898e+06,1,QOSDATA_TID6,1066
6.27917e+06,20,ACK,14
6.27921e+06,1,QOSDATA_TID6,1066
6.2794e+06,20,ACK,14
6.27944e+06,1,CTL,20
6.27952e+06,13,RTS,20
6.27959e+06,20,CTS,14
6.27965e+06,13,QOSDATA_TID6,1066
6.27984e+06,20,ACK,14
6.27988e+06,13,CTL,20
6.27997e+06,8,RTS,20
6.27997e+06,11,RTS,20
6.28004e+06,20,CTS,14
6.2801e+06,8,QOSDATA_TID6,1066
6.28028e+06,20,ACK,14
6.28032e+06,8,CTL,20
6.28042e+06,9,RTS,20
6.28042e+06,18,RTS,20
6.28042e+06,15,RTS,20
6.28042e+06,14,RTS,20
6.28052e+06,4,RTS,20
6.28058e+06,20,CTS,14
6.28064e+06,4,QOSDATA_TID6,1066
6.28083e+06,20,ACK,14
6.28087e+06,4,CTL,20
6.28096e+06,7,RTS,20
6.28103e+06,20,CTS,14
6.28109e+06,7,QOSDATA_TID6,1066
6.28127e+06,20,ACK,14
6.28132e+06,7,CTL,20
6.2814e+06,16,RTS,20
6.2814e+06,14,RTS,20
6.28151e+06,3,RTS,20
6.28151e+06,9,RTS,20
6.28162e+06,11,RTS,20
6.28162e+06,13,RTS,20
6.28172e+06,18,RTS,20
6.28179e+06,20,CTS,14
6.28185e+06,18,QOSDATA_TID6,1066
6.28203e+06,20,ACK,14
6.28208e+06,18,CTL,20
6.28216e+06,10,RTS,20
6.28223e+06,20,CTS,14
6.28229e+06,10,QOSDATA_TID6,1066
6.28248e+06,20,ACK,14
6.28252e+06,10,QOSDATA_TID6,1066
6.2827e+06,20,ACK,14
6.28275e+06,10,QOSDATA_TID6,1066
6.28293e+06,20,ACK,14
6.28298e+06,10,CTL,20
6.28306e+06,9,RTS,20
6.28313e+06,20,CTS,14
6.28319e+06,9,QOSDATA_TID6,1066
6.28337e+06,20,ACK,14
6.28342e+06,9,QOSDATA_TID6,1066
6.2836e+06,20,ACK,14
6.28365e+06,9,CTL,20
6.28373e+06,19,RTS,20
6.28373e+06,0,RTS,20
6.28373e+06,6,RTS,20
6.28373e+06,11,RTS,20
6.28373e+06,7,RTS,20
6.28386e+06,3,RTS,20
6.28392e+06,20,CTS,14
6.28398e+06,3,QOSDATA_TID6,1066
6.28417e+06,20,ACK,14
6.28421e+06,3,QOSDATA_TID6,1066
6.2844e+06,20,ACK,14
6.28444e+06,3,CTL,20
6.28453e+06,5,RTS,20
6.28453e+06,15,RTS,20
6.2846e+06,20,CTS,14
6.28466e+06,5,QOSDATA_TID6,1066
6.28484e+06,20,ACK,14
6.28488e+06,5,CTL,20
6.28497e+06,2,RTS,20
6.28497e+06,7,RTS,20
6.28507e+06,17,RTS,20
6.28507e+06,1,RTS,20
6.28507e+06,14,RTS,20
6.28518e+06,4,RTS,20
6.28525e+06,20,CTS,14
6.28531e+06,4,QOSDATA_TID6,1066
6.28549e+06,20,ACK,14
6.28553e+06,4,CTL,20
6.28562e+06,12,RTS,20
6.28562e+06,13,RTS,20
6.28562e+06,2,RTS,20
6.28562e+06,10,RTS,20
6.28569e+06,20,CTS,14
6.28575e+06,12,QOSDATA_TID6,1066
6.28593e+06,20,ACK,14
6.28598e+06,12,CTL,20
6.28606e+06,2,RTS,20
6.28613e+06,20,CTS,14
6.28619e+06,2,QOSDATA_TID6,1066
6.28637e+06,20,ACK,14
6.28642e+06,2,CTL,20
6.2865e+06,15,RTS,20
6.2865e+06,13,RTS,20
6.28661e+06,16,RTS,20
6.28661e+06,19,RTS,20
6.28668e+06,20,CTS,14
6.28674e+06,19,QOSDATA_TID6,1066
6.28692e+06,20,ACK,14
6.28697e+06,19,CTL,20
6.28707e+06,11,RTS,20
6.28707e+06,16,RTS,20
6.28707e+06,18,RTS,20
6.28707e+06,0,RTS,20
6.28707e+06,13,RTS,20
6.28717e+06,14,RTS,20
6.28717e+06,8,RTS,20
6.28724e+06,20,CTS,14
6.2873e+06,8,QOSDATA_TID6,1066
6.28748e+06,20,ACK,14
6.28753e+06,8,CTL,20
6.28762e+06,18,RTS,20
6.28769e+06,20,CTS,14
6.28775e+06,18,QOSDATA_TID6,1066
6.28793e+06,20,ACK,14
6.28798e+06,18,CTL,20
6.28806e+06,0,CTS,14
6.28806e+06,17,RTS,20
6.28806e+06,1,RTS,20
6.28806e+06,13,RTS,20
6.28815e+06,0,RTS,20
6.28822e+06,20,CTS,14
6.28828e+06,0,QOSDATA_TID6,1066
6.28846e+06,20,ACK,14
6.2885e+06,0,CTL,20
6.2886e+06,10,RTS,20
6.2886e+06,7,RTS,20
6.28867e+06,20,CTS,14
6.28873e+06,7,QOSDATA_TID6,1066
6.28891e+06,20,ACK,14
6.28896e+06,7,CTL,20
6.28906e+06,14,RTS,20
6.28913e+06,20,CTS,14
6.28919e+06,14,QOSDATA_TID6,1066
6.28937e+06,20,ACK,14
6.28942e+06,14,QOSDATA_TID6,1066
6.2896e+06,20,ACK,14
6.28964e+06,14,CTL,20
6.28973e+06,6,RTS,20
6.28973e+06,17,RTS,20
6.28973e+06,11,RTS,20
6.28973e+06,16,RTS,20
6.28973e+06,9,RTS,20
6.28983e+06,15,RTS,20
6.2899e+06,20,CTS,14
6.28996e+06,15,QOSDATA_TID6,1066
6.29014e+06,20,ACK,14
6.29018e+06,15,QOSDATA_TID6,1066
6.29037e+06,20,ACK,14
6.29041e+06,15,CTL,20
6.2905e+06,12,RTS,20
6.2905e+06,10,RTS,20
6.29057e+06,20,CTS,14
6.29063e+06,12,QOSDATA_TID6,1066
6.29081e+06,20,ACK,14
6.29085e+06,12,CTL,20
6.29094e+06,3,RTS,20
6.29101e+06,20,CTS,14
6.29107e+06,3,QOSDATA_TID6,1066
6.29125e+06,20,ACK,14
6.2913e+06,3,CTL,20
6.29138e+06,9,RTS,20
6.29138e+06,10,RTS,20
6.29138e+06,7,RTS,20
6.29145e+06,20,CTS,14
6.29151e+06,7,QOSDATA_TID6,1066
6.29169e+06,20,ACK,14
6.29174e+06,7,CTL,20
6.29183e+06,13,RTS,20
6.29183e+06,11,RTS,20
6.29183e+06,16,RTS,20
6.29183e+06,19,RTS,20
6.29193e+06,6,RTS,20
6.29193e+06,10,RTS,20
6.292e+06,20,CTS,14
6.29206e+06,6,QOSDATA_TID6,1066
6.29224e+06,20,ACK,14
6.29229e+06,6,QOSDATA_TID6,1066
6.29247e+06,20,ACK,14
6.29252e+06,6,CTL,20
6.2926e+06,16,RTS,20
6.29267e+06,20,CTS,14
6.29273e+06,16,QOSDATA_TID6,1066
6.29291e+06,20,ACK,14
6.29296e+06,16,QOSDATA_TID6,1066
6.29314e+06,20,ACK,14
6.29318e+06,16,CTL,20
6.29327e+06,9,RTS,20
6.29334e+06,20,CTS,14
6.2934e+06,9,QOSDATA_TID6,1066
6.29358e+06,20,ACK,14
6.29363e+06,9,CTL,20
6.29371e+06,10,RTS,20
6.29371e+06,19,RTS,20
6.29371e+06,1,RTS,20
6.29371e+06,0,RTS,20
6.29371e+06,11,RTS,20
6.29381e+06,15,RTS,20
6.29388e+06,20,CTS,14
6.29394e+06,15,QOSDATA_TID6,1066
6.29412e+06,20,ACK,14
6.29417e+06,15,CTL,20
6.29425e+06,5,RTS,20
6.29425e+06,2,RTS,20
6.29432e+06,20,CTS,14
6.29438e+06,5,QOSDATA_TID6,1066
6.29457e+06,20,ACK,14
6.29461e+06,5,CTL,20
6.2947e+06,8,RTS,20
6.2947e+06,17,RTS,20
6.2947e+06,18,RTS,20
6.2947e+06,4,RTS,20
6.2947e+06,13,RTS,20
6.29483e+06,1,RTS,20
6.2949e+06,20,CTS,14
6.29496e+06,1,QOSDATA_TID6,1066
6.29514e+06,20,ACK,14
6.29519e+06,1,QOSDATA_TID6,1066
6.29537e+06,20,ACK,14
6.29541e+06,1,CTL,20
6.2955e+06,19,RTS,20
6.29557e+06,20,CTS,14
6.29563e+06,19,QOSDATA_TID6,1066
6.29581e+06,20,ACK,14
6.29586e+06,19,CTL,20
6.29594e+06,11,RTS,20
6.29601e+06,20,CTS,14
6.29607e+06,11,QOSDATA_TID6,1066
6.29625e+06,20,ACK,14
6.2963e+06,11,QOSDATA_TID6,1066
6.29648e+06,20,ACK,14
6.29653e+06,11,QOSDATA_TID6,1066
6.29671e+06,20,ACK,14
6.29675e+06,11,QOSDATA_TID6,1066
6.29694e+06,20,ACK,14
6.29698e+06,11,CTL,20
6.29707e+06,4,RTS,20
6.29707e+06,14,RTS,20
6.29718e+06,2,RTS,20
6.29724e+06,20,CTS,14
6.2973e+06,2,QOSDATA_TID6,1066
6.29749e+06,20,ACK,14
6.29753e+06,2,CTL,20
6.29763e+06,14,RTS,20
6.29763e+06,4,RTS,20
6.29772e+06,9,RTS,20
6.29779e+06,20,CTS,14
6.29785e+06,9,QOSDATA_TID6,1066
6.29804e+06,20,ACK,14
6.29808e+06,9,CTL,20
6.29817e+06,13,RTS,20
6.29823e+06,20,CTS,14
6.29829e+06,13,QOSDATA_TID6,1066
6.29848e+06,20,ACK,14
6.29852e+06,13,QOSDATA_TID6,1066
6.29871e+06,20,ACK,14
6.29875e+06,13,CTL,20
6.29884e+06,12,RTS,20
6.29884e+06,14,RTS,20
6.2989e+06,20,CTS,14
6.29896e+06,12,QOSDATA_TID6,1066
6.29915e+06,20,ACK,14
6.29919e+06,12,CTL,20
6.29928e+06,1,RTS,20
6.29935e+06,20,CTS,14
6.29941e+06,1,QOSDATA_TID6,1066
6.29959e+06,20,ACK,14
6.29963e+06,1,CTL,20
6.29972e+06,8,RTS,20
6.29972e+06,17,RTS,20
6.29972e+06,16,RTS,20
6.29972e+06,4,RTS,20
6.29972e+06,14,RTS,20
6.29982e+06,7,RTS,20
6.29982e+06,10,RTS,20
6.29982e+06,11,RTS,20
6.29982e+06,3,RTS,20
6.29992e+06,19,RTS,20
6.29992e+06,0,RTS,20
6.29993e+06,6,RTS,20
6.30003e+06,7,RTS,20
6.3001e+06,20,CTS,14
6.30016e+06,7,QOSDATA_TID6,1066
6.30034e+06,20,ACK,14
6.30038e+06,7,CTL,20
6.30047e+06,16,RTS,20
6.30047e+06,18,RTS,20
6.30058e+06,5,RTS,20
6.30065e+06,20,CTS,14
6.30071e+06,5,QOSDATA_TID6,1066
6.3009e+06,20,ACK,14
6.30094e+06,5,CTL,20
6.30103e+06,18,RTS,20
6.3011e+06,20,CTS,14
6.30116e+06,18,QOSDATA_TID6,1066
6.30134e+06,20,ACK,14
6.30138e+06,18,CTL,20
6.30147e+06,2,RTS,20
6.30147e+06,0,CTS,14
6.30147e+06,6,RTS,20
6.30162e+06,0,RTS,20
6.30169e+06,20,CTS,14
6.30175e+06,0,QOSDATA_TID6,1066
6.30193e+06,20,ACK,14
6.30197e+06,0,QOSDATA_TID6,1066
6.30216e+06,20,ACK,14
6.3022e+06,0,CTL,20
6.30229e+06,18,RTS,20
6.30236e+06,20,CTS,14
6.30242e+06,18,QOSDATA_TID6,1066
6.3026e+06,20,ACK,14
6.30264e+06,18,CTL,20
6.30273e+06,3,RTS,20
6.30273e+06,14,RTS,20
6.30273e+06,15,RTS,20
6.30283e+06,6,RTS,20
6.30283e+06,11,RTS,20
6.30295e+06,3,RTS,20
6.30302e+06,20,CTS,14
6.30308e+06,3,QOSDATA_TID6,1066
6.30327e+06,20,ACK,14
6.30331e+06,3,CTL,20
6.3034e+06,14,RTS,20
6.30346e+06,20,CTS,14
6.30352e+06,14,QOSDATA_TID6,1066
6.30371e+06,20,ACK,14
6.30375e+06,14,QOSDATA_TID6,1066
6.30394e+06,20,ACK,14
6.30398e+06,14,CTL,20
6.30407e+06,17,RTS,20
6.30407e+06,10,RTS,20
6.30413e+06,20,CTS,14
6.30419e+06,17,QOSDATA_TID6,1066
6.30438e+06,20,ACK,14
6.30442e+06,17,QOSDATA_TID6,1066
6.30461e+06,20,ACK,14
6.30465e+06,17,QOSDATA_TID6,1066
6.30483e+06,20,ACK,14
6.30488e+06,17,CTL,20
6.30497e+06,19,RTS,20
6.30497e+06,2,RTS,20
6.30497e+06,15,RTS,20
6.30508e+06,4,RTS,20
6.30515e+06,20,CTS,14
6.30521e+06,4,QOSDATA_TID6,1066
6.30539e+06,20,ACK,14
6.30544e+06,4,QOSDATA_TID6,1066
6.30562e+06,20,ACK,14
6.30566e+06,4,CTL,20
6.30575e+06,0,RTS,20
6.30575e+06,6,RTS,20
6.30586e+06,8,RTS,20
6.30586e+06,13,RTS,20
6.30586e+06,16,RTS,20
6.30592e+06,20,CTS,14
6.30598e+06,8,QOSDATA_TID6,1066
6.30617e+06,20,ACK,14
6.30621e+06,8,QOSDATA_TID6,1066
6.3064e+06,20,ACK,14
6.30644e+06,8,CTL,20
6.30653e+06,12,RTS,20
6.30653e+06,9,RTS,20
6.30653e+06,10,RTS,20
6.3066e+06,20,CTS,14
6.30666e+06,12,QOSDATA_TID6,1066
6.30684e+06,20,ACK,14
6.30688e+06,12,CTL,20
6.30698e+06,6,RTS,20
6.30698e+06,3,RTS,20
6.30705e+06,20,CTS,14
6.30711e+06,6,QOSDATA_TID6,1066
6.30729e+06,20,ACK,14
6.30733e+06,6,QOSDATA_TID6,1066
6.30752e+06,20,ACK,14
6.30756e+06,6,CTL,20
6.30765e+06,7,RTS,20
6.30772e+06,20,CTS,14
6.30778e+06,7,QOSDATA_TID6,1066
6.30796e+06,20,ACK,14
6.308e+06,7,CTL,20
6.30809e+06,10,RTS,20
6.30816e+06,20,CTS,14
6.30822e+06,10,QOSDATA_TID6,1066
6.3084e+06,20,ACK,14
6.30845e+06,10,QOSDATA_TID6,1066
6.30863e+06,20,ACK,14
6.30867e+06,10,QOSDATA_TID6,1066
6.30886e+06,20,ACK,14
6.3089e+06,10,CTL,20
6.30899e+06,1,RTS,20
6.30899e+06,11,RTS,20
6.30899e+06,13,RTS,20
6.30909e+06,3,RTS,20
6.30915e+06,20,CTS,14
6.30921e+06,3,QOSDATA_TID6,1066
6.3094e+06,20,ACK,14
6.30944e+06,3,CTL,20
6.30954e+06,2,RTS,20
6.30954e+06,1,RTS,20
6.30954e+06,17,RTS,20
6.30954e+06,4,RTS,20
6.30964e+06,0,RTS,20
6.3097e+06,20,CTS,14
6.30976e+06,0,QOSDATA_TID6,1066
6.30995e+06,20,ACK,14
6.30999e+06,0,CTL,20
6.31008e+06,1,RTS,20
6.31015e+06,20,CTS,14
6.31021e+06,1,QOSDATA_TID6,1066
6.31039e+06,20,ACK,14
6.31043e+06,1,CTL,20
6.31053e+06,19,RTS,20
6.31053e+06,5,RTS,20
6.31053e+06,16,RTS,20
6.3106e+06,20,CTS,14
6.31066e+06,5,QOSDATA_TID6,1066
6.31084e+06,20,ACK,14
6.31088e+06,5,CTL,20
6.31097e+06,8,RTS,20
6.31097e+06,9,RTS,20
6.31097e+06,15,RTS,20
6.31104e+06,20,CTS,14
6.3111e+06,8,QOSDATA_TID6,1066
6.31128e+06,20,ACK,14
6.31133e+06,8,CTL,20
6.31142e+06,18,RTS,20
6.31149e+06,20,CTS,14
6.31155e+06,18,QOSDATA_TID6,1066
6.31173e+06,20,ACK,14
6.31178e+06,18,CTL,20
6.31186e+06,14,RTS,20
6.31186e+06,11,RTS,20
6.31186e+06,4,RTS,20
6.31197e+06,16,RTS,20
6.31197e+06,13,RTS,20
6.31197e+06,2,RTS,20
6.3121e+06,17,RTS,20
6.31216e+06,20,CTS,14
6.31222e+06,17,QOSDATA_TID6,1066
6.31241e+06,20,ACK,14
6.31245e+06,17,CTL,20
6.31255e+06,19,RTS,20
6.31262e+06,20,CTS,14
6.31268e+06,19,QOSDATA_TID6,1066
6.31286e+06,20,ACK,14
6.3129e+06,19,QOSDATA_TID6,1066
6.31309e+06,20,ACK,14
6.31313e+06,19,CTL,20
6.31322e+06,9,RTS,20
6.31322e+06,14,RTS,20
6.31332e+06,4,RTS,20
6.31339e+06,20,CTS,14
6.31345e+06,4,QOSDATA_TID6,1066
6.31364e+06,20,ACK,14
6.31368e+06,4,CTL,20
6.31377e+06,16,RTS,20
6.31377e+06,7,RTS,20
6.31383e+06,20,CTS,14
6.31389e+06,7,QOSDATA_TID6,1066
6.31408e+06,20,ACK,14
6.31412e+06,7,CTL,20
6.31422e+06,2,RTS,20
6.31428e+06,20,CTS,14
6.31434e+06,2,QOSDATA_TID6,1066
6.31453e+06,20,ACK,14
6.31457e+06,2,QOSDATA_TID6,1066
6.31476e+06,20,ACK,14
6.3148e+06,2,CTL,20
6.31489e+06,3,RTS,20
6.31489e+06,9,RTS,20
6.31489e+06,0,RTS,20
6.31489e+06,12,RTS,20
6.31489e+06,11,RTS,20
6.31496e+06,20,CTS,14
6.31502e+06,12,QOSDATA_TID6,1066
6.3152e+06,20,ACK,14
6.31524e+06,12,CTL,20
6.31533e+06,17,RTS,20
6.31533e+06,19,RTS,20
6.31533e+06,13,RTS,20
6.31533e+06,15,RTS,20
6.31544e+06,1,RTS,20
6.31544e+06,11,RTS,20
6.31544e+06,16,RTS,20
6.31553e+06,6,RTS,20
6.3156e+06,20,CTS,14
6.31566e+06,6,QOSDATA_TID6,1066
6.31585e+06,20,ACK,14
6.31589e+06,6,CTL,20
6.31598e+06,14,RTS,20
6.31604e+06,20,CTS,14
6.3161e+06,14,QOSDATA_TID6,1066
6.31629e+06,20,ACK,14
6.31633e+06,14,CTL,20
6.31642e+06,15,RTS,20
6.31642e+06,13,RTS,20
6.31642e+06,1,RTS,20
6.31642e+06,16,RTS,20
6.31652e+06,3,RTS,20
6.31652e+06,9,RTS,20
6.31652e+06,0,RTS,20
6.31662e+06,2,RTS,20
6.31662e+06,10,RTS,20
6.31669e+06,20,CTS,14
6.31675e+06,2,QOSDATA_TID6,1066
6.31694e+06,20,ACK,14
6.31698e+06,2,CTL,20
6.31706e+06,9,RTS,20
6.31713e+06,20,CTS,14
6.31719e+06,9,QOSDATA_TID6,1066
6.31738e+06,20,ACK,14
6.31742e+06,9,QOSDATA_TID6,1066
6.3176e+06,20,ACK,14
6.31765e+06,9,CTL,20
6.31774e+06,11,RTS,20
6.31774e+06,4,RTS,20
6.31783e+06,15,RTS,20
6.31783e+06,10,RTS,20
6.3179e+06,20,CTS,14
6.31796e+06,15,QOSDATA_TID6,1066
6.31815e+06,20,ACK,14
6.31819e+06,15,QOSDATA_TID6,1066
6.31837e+06,20,ACK,14
6.31842e+06,15,QOSDATA_TID6,1066
6.3186e+06,20,ACK,14
6.31865e+06,15,CTL,20
6.31873e+06,8,RTS,20
6.31873e+06,16,RTS,20
6.31873e+06,10,RTS,20
6.3188e+06,20,CTS,14
6.31886e+06,8,QOSDATA_TID6,1066
6.31904e+06,20,ACK,14
6.31909e+06,8,CTL,20
6.31917e+06,14,RTS,20
6.31924e+06,20,CTS,14
6.3193e+06,14,QOSDATA_TID6,1066
6.31949e+06,20,ACK,14
6.31953e+06,14,CTL,20
6.31962e+06,0,CTS,14
6.31962e+06,5,RTS,20
6.31971e+06,0,RTS,20
6.31978e+06,20,CTS,14
6.31984e+06,0,QOSDATA_TID6,1066
6.32002e+06,20,ACK,14
6.32007e+06,0,CTL,20
6.32015e+06,10,RTS,20
6.32015e+06,1,RTS,20
6.32015e+06,11,RTS,20
6.32026e+06,3,RTS,20
6.32033e+06,20,CTS,14
6.32039e+06,3,QOSDATA_TID6,1066
6.32057e+06,20,ACK,14
6.32062e+06,3,CTL,20
6.3207e+06,11,RTS,20
6.3207e+06,13,RTS,20
6.32081e+06,18,RTS,20
6.32088e+06,20,CTS,14
6.32094e+06,18,QOSDATA_TID6,1066
6.32112e+06,20,ACK,14
6.32116e+06,18,CTL,20
6.32125e+06,10,RTS,20
6.32125e+06,0,RTS,20
6.32132e+06,20,CTS,14
6.32138e+06,0,QOSDATA_TID6,1066
6.32156e+06,20,ACK,14
6.32161e+06,0,CTL,20
6.32169e+06,16,RTS,20
6.32176e+06,20,CTS,14
6.32182e+06,16,QOSDATA_TID6,1066
6.322e+06,20,ACK,14
6.32205e+06,16,QOSDATA_TID6,1066
6.32223e+06,20,ACK,14
6.32228e+06,16,QOSDATA_TID6,1066
6.32246e+06,20,ACK,14
6.3225e+06,16,CTL,20
6.32259e+06,11,RTS,20
6.32259e+06,4,RTS,20
6.32259e+06,12,RTS,20
6.32259e+06,13,RTS,20
6.32259e+06,10,RTS,20
6.32266e+06,20,CTS,14
6.32272e+06,12,QOSDATA_TID6,1066
6.3229e+06,20,ACK,14
6.32295e+06,12,CTL,20
6.32303e+06,11,RTS,20
6.32303e+06,19,RTS,20
6.32313e+06,7,RTS,20
6.3232e+06,20,CTS,14
6.32326e+06,7,QOSDATA_TID6,1066
6.32344e+06,20,ACK,14
6.32349e+06,7,CTL,20
6.32357e+06,6,RTS,20
6.32364e+06,20,CTS,14
6.3237e+06,6,QOSDATA_TID6,1066
6.32388e+06,20,ACK,14
6.32393e+06,6,CTL,20
6.32402e+06,17,RTS,20
6.32402e+06,3,RTS,20
6.32402e+06,13,RTS,20
6.32408e+06,20,CTS,14
6.32414e+06,17,QOSDATA_TID6,1066
6.32433e+06,20,ACK,14
6.32437e+06,17,QOSDATA_TID6,1066
6.32456e+06,20,ACK,14
6.3246e+06,17,CTL,20
6.32469e+06,5,RTS,20
6.32469e+06,13,RTS,20
6.32469e+06,15,RTS,20
6.32476e+06,20,CTS,14
6.32482e+06,5,QOSDATA_TID6,1066
6.32501e+06,20,ACK,14
6.32505e+06,5,QOSDATA_TID6,1066
6.32523e+06,20,ACK,14
6.32528e+06,5,CTL,20
6.32536e+06,15,RTS,20
6.32543e+06,20,CTS,14
6.32549e+06,15,QOSDATA_TID6,1066
6.32568e+06,20,ACK,14
6.32572e+06,15,CTL,20
6.32581e+06,11,RTS,20
6.32588e+06,20,CTS,14
6.32594e+06,11,QOSDATA_TID6,1066
6.32612e+06,20,ACK,14
6.32616e+06,11,QOSDATA_TID6,1066
6.32635e+06,20,ACK,14
6.32639e+06,11,QOSDATA_TID6,1066
6.32658e+06,20,ACK,14
6.32662e+06,11,CTL,20
6.3267e+06,8,RTS,20
6.3267e+06,9,RTS,20
6.32677e+06,20,CTS,14
6.32683e+06,8,QOSDATA_TID6,1066
6.32702e+06,20,ACK,14
6.32706e+06,8,CTL,20
6.32715e+06,14,RTS,20
6.32722e+06,20,CTS,14
6.32728e+06,14,QOSDATA_TID6,1066
6.32746e+06,20,ACK,14
6.3275e+06,14,CTL,20
6.32759e+06,18,RTS,20
6.32759e+06,2,RTS,20
6.32759e+06,10,RTS,20
6.32759e+06,19,RTS,20
6.32759e+06,4,RTS,20
6.3277e+06,9,RTS,20
6.32776e+06,20,CTS,14
6.32782e+06,9,QOSDATA_TID6,1066
6.32801e+06,20,ACK,14
6.32805e+06,9,CTL,20
6.32814e+06,18,RTS,20
6.32814e+06,13,RTS,20
6.32824e+06,1,RTS,20
6.32831e+06,20,CTS,14
6.32837e+06,1,QOSDATA_TID6,1066
6.32856e+06,20,ACK,14
6.3286e+06,1,QOSDATA_TID6,1066
6.32878e+06,20,ACK,14
6.32883e+06,1,CTL,20
6.32892e+06,19,RTS,20
6.32898e+06,20,CTS,14
6.32904e+06,19,QOSDATA_TID6,1066
6.32923e+06,20,ACK,14
6.32927e+06,19,QOSDATA_TID6,1066
6.32946e+06,20,ACK,14
6.3295e+06,19,CTL,20
6.32958e+06,3,RTS,20
6.32958e+06,7,RTS,20
6.32965e+06,20,CTS,14
6.32971e+06,7,QOSDATA_TID6,1066
6.3299e+06,20,ACK,14
6.32994e+06,7,CTL,20
6.33003e+06,0,RTS,20
6.3301e+06,20,CTS,14
6.33016e+06,0,QOSDATA_TID6,1066
6.33034e+06,20,ACK,14
6.33038e+06,0,CTL,20
6.33047e+06,9,RTS,20
6.33047e+06,13,RTS,20
6.33047e+06,16,RTS,20
6.33058e+06,12,RTS,20
6.33065e+06,20,CTS,14
6.33071e+06,12,QOSDATA_TID6,1066
6.3309e+06,20,ACK,14
6.33094e+06,12,CTL,20
6.33104e+06,19,RTS,20
6.3311e+06,20,CTS,14
6.33116e+06,19,QOSDATA_TID6,1066
6.33135e+06,20,ACK,14
6.33139e+06,19,CTL,20
6.33148e+06,11,RTS,20
6.33148e+06,2,RTS,20
6.33148e+06,9,RTS,20
6.33158e+06,6,RTS,20
6.33164e+06,20,CTS,14
6.3317e+06,6,QOSDATA_TID6,1066
6.33189e+06,20,ACK,14
6.33193e+06,6,CTL,20
6.33202e+06,10,RTS,20
6.33209e+06,20,CTS,14
6.33215e+06,10,QOSDATA_TID6,1066
6.33233e+06,20,ACK,14
6.33237e+06,10,CTL,20
6.33246e+06,9,RTS,20
6.33246e+06,17,RTS,20
6.33253e+06,20,CTS,14
6.33259e+06,17,QOSDATA_TID6,1066
6.33277e+06,20,ACK,14
6.33282e+06,17,CTL,20
6.3329e+06,18,RTS,20
6.3329e+06,15,RTS,20
6.333e+06,16,RTS,20
6.333e+06,4,RTS,20
6.3331e+06,5,RTS,20
6.33317e+06,20,CTS,14
6.33323e+06,5,QOSDATA_TID6,1066
6.33341e+06,20,ACK,14
6.33345e+06,5,CTL,20
6.33354e+06,9,RTS,20
6.33354e+06,10,RTS,20
6.33364e+06,2,RTS,20
6.33364e+06,1,RTS,20
6.33375e+06,13,RTS,20
6.33381e+06,20,CTS,14
6.33387e+06,13,QOSDATA_TID6,1066
6.33406e+06,20,ACK,14
6.3341e+06,13,QOSDATA_TID6,1066
6.33429e+06,20,ACK,14
6.33433e+06,13,QOSDATA_TID6,1066
6.33451e+06,20,ACK,14
6.33456e+06,13,CTL,20
6.33464e+06,15,RTS,20
6.33464e+06,8,RTS,20
6.33464e+06,1,RTS,20
6.33474e+06,3,RTS,20
6.33474e+06,9,RTS,20
6.33484e+06,18,RTS,20
6.33484e+06,11,RTS,20
6.33495e+06,15,RTS,20
6.33502e+06,20,CTS,14
6.33508e+06,15,QOSDATA_TID6,1066
6.33526e+06,20,ACK,14
6.3353e+06,15,CTL,20
6.3354e+06,14,RTS,20
6.33547e+06,20,CTS,14
6.33553e+06,14,QOSDATA_TID6,1066
6.33571e+06,20,ACK,14
6.33575e+06,14,CTL,20
6.33584e+06,1,RTS,20
6.33584e+06,16,RTS,20
6.33584e+06,9,RTS,20
6.33595e+06,18,RTS,20
6.33602e+06,20,CTS,14
6.33608e+06,18,QOSDATA_TID6,1066
6.33626e+06,20,ACK,14
6.3363e+06,18,QOSDATA_TID6,1066
6.33649e+06,20,ACK,14
6.33653e+06,18,CTL,20
6.33662e+06,1,RTS,20
6.33668e+06,20,CTS,14
6.33674e+06,1,QOSDATA_TID6,1066
6.33693e+06,20,ACK,14
6.33697e+06,1,CTL,20
6.33706e+06,2,RTS,20
6.33706e+06,10,RTS,20
6.33713e+06,20,CTS,14
6.33719e+06,2,QOSDATA_TID6,1066
6.33737e+06,20,ACK,14
6.33742e+06,2,QOSDATA_TID6,1066
6.3376e+06,20,ACK,14
6.33764e+06,2,CTL,20
6.33773e+06,10,RTS,20
6.33773e+06,4,RTS,20
6.33788e+06,10,RTS,20
6.33795e+06,20,CTS,14
6.33801e+06,10,QOSDATA_TID6,1066
6.33819e+06,20,ACK,14
6.33823e+06,10,CTL,20
6.33833e+06,0,RTS,20
6.33833e+06,7,RTS,20
6.33833e+06,16,RTS,20
6.33843e+06,3,RTS,20
6.33843e+06,9,RTS,20
6.33852e+06,7,RTS,20
6.33853e+06,12,RTS,20
6.3386e+06,20,CTS,14
6.33866e+06,12,QOSDATA_TID6,1066
6.33884e+06,20,ACK,14
6.33888e+06,12,CTL,20
6.33897e+06,19,RTS,20
6.33904e+06,20,CTS,14
6.3391e+06,19,QOSDATA_TID6,1066
6.33928e+06,20,ACK,14
6.33933e+06,19,CTL,20
6.33941e+06,1,RTS,20
6.33941e+06,4,RTS,20
6.33948e+06,20,CTS,14
6.33954e+06,1,QOSDATA_TID6,1066
6.33972e+06,20,ACK,14
6.33977e+06,1,CTL,20
6.33986e+06,4,RTS,20
6.33992e+06,20,CTS,14
6.33998e+06,4,QOSDATA_TID6,1066
6.34017e+06,20,ACK,14
6.34021e+06,4,QOSDATA_TID6,1066
6.3404e+06,20,ACK,14
6.34044e+06,4,QOSDATA_TID6,1066
6.34062e+06,20,ACK,14
6.34067e+06,4,CTL,20
6.34075e+06,11,RTS,20
6.34075e+06,17,RTS,20
6.34075e+06,13,RTS,20
6.34075e+06,15,RTS,20
6.34086e+06,9,RTS,20
6.34093e+06,20,CTS,14
6.34099e+06,9,QOSDATA_TID6,1066
6.34117e+06,20,ACK,14
6.34122e+06,9,CTL,20
6.3413e+06,2,RTS,20
6.3413e+06,10,RTS,20
6.3413e+06,6,RTS,20
6.3414e+06,8,RTS,20
6.3414e+06,7,RTS,20
6.3415e+06,11,RTS,20
6.34157e+06,20,CTS,14
6.34163e+06,11,QOSDATA_TID6,1066
6.34181e+06,20,ACK,14
6.34186e+06,11,QOSDATA_TID6,1066
6.34204e+06,20,ACK,14
6.34208e+06,11,CTL,20
6.34217e+06,4,RTS,20
6.34217e+06,0,RTS,20
6.34224e+06,20,CTS,14
6.3423e+06,0,QOSDATA_TID6,1066
6.34248e+06,20,ACK,14
6.34252e+06,0,CTL,20
6.34261e+06,8,RTS,20
6.34268e+06,20,CTS,14
6.34274e+06,8,QOSDATA_TID6,1066
6.34292e+06,20,ACK,14
6.34297e+06,8,QOSDATA_TID6,1066
6.34315e+06,20,ACK,14
6.3432e+06,8,CTL,20
6.34328e+06,17,RTS,20
6.34328e+06,5,RTS,20
6.34328e+06,16,RTS,20
6.34328e+06,7,RTS,20
6.34328e+06,3,RTS,20
6.34339e+06,18,RTS,20
6.34346e+06,20,CTS,14
6.34352e+06,18,QOSDATA_TID6,1066
6.3437e+06,20,ACK,14
6.34374e+06,18,CTL,20
6.34383e+06,6,RTS,20
6.34383e+06,14,RTS,20
6.34383e+06,7,RTS,20
6.34393e+06,3,RTS,20
6.344e+06,20,CTS,14
6.34406e+06,3,QOSDATA_TID6,1066
6.34424e+06,20,ACK,14
6.34428e+06,3,QOSDATA_TID6,1066
6.34447e+06,20,ACK,14
6.34451e+06,3,QOSDATA_TID6,1066
6.3447e+06,20,ACK,14
6.34474e+06,3,CTL,20
6.34483e+06,2,RTS,20
6.34489e+06,20,CTS,14
6.34495e+06,2,QOSDATA_TID6,1066
6.34514e+06,20,ACK,14
6.34518e+06,2,CTL,20
6.34527e+06,16,RTS,20
6.34534e+06,20,CTS,14
6.3454e+06,16,QOSDATA_TID6,1066
6.34558e+06,20,ACK,14
6.34562e+06,16,QOSDATA_TID6,1066
6.34581e+06,20,ACK,14
6.34585e+06,16,QOSDATA_TID6,1066
6.34604e+06,20,ACK,14
6.34608e+06,16,CTL,20
6.34617e+06,5,RTS,20
6.34617e+06,13,RTS,20
6.34617e+06,9,RTS,20
6.34617e+06,10,RTS,20
6.34623e+06,20,CTS,14
6.34629e+06,5,QOSDATA_TID6,1066
6.34648e+06,20,ACK,14
6.34652e+06,5,CTL,20
6.34662e+06,17,RTS,20
6.34662e+06,12,RTS,20
6.34662e+06,7,RTS,20
6.34662e+06,9,RTS,20
6.34662e+06,6,RTS,20
6.34662e+06,4,RTS,20
6.34662e+06,15,RTS,20
6.34673e+06,13,RTS,20
6.34673e+06,10,RTS,20
6.34688e+06,17,RTS,20
6.34694e+06,20,CTS,14
6.347e+06,17,QOSDATA_TID6,1066
6.34719e+06,20,ACK,14
6.34723e+06,17,CTL,20
6.34732e+06,19,RTS,20
6.34732e+06,11,RTS,20
6.34732e+06,3,RTS,20
6.34743e+06,0,RTS,20
6.34743e+06,15,RTS,20
6.34743e+06,14,RTS,20
6.34753e+06,3,RTS,20
6.3476e+06,20,CTS,14
6.34766e+06,3,QOSDATA_TID6,1066
6.34784e+06,20,ACK,14
6.34789e+06,3,CTL,20
6.34797e+06,1,RTS,20
6.34797e+06,13,RTS,20
6.34804e+06,20,CTS,14
6.3481e+06,1,QOSDATA_TID6,1066
6.34829e+06,20,ACK,14
6.34833e+06,1,CTL,20
6.34842e+06,5,RTS,20
6.34849e+06,20,CTS,14
6.34855e+06,5,QOSDATA_TID6,1066
6.34874e+06,20,ACK,14
6.34878e+06,5,CTL,20
6.34887e+06,17,RTS,20
6.34894e+06,20,CTS,14
6.349e+06,17,QOSDATA_TID6,1066
6.34918e+06,20,ACK,14
6.34922e+06,17,CTL,20
6.34931e+06,11,RTS,20
6.34931e+06,4,RTS,20
6.34931e+06,10,RTS,20
6.34942e+06,7,RTS,20
6.34948e+06,20,CTS,14
6.34954e+06,7,QOSDATA_TID6,1066
6.34973e+06,20,ACK,14
6.34977e+06,7,QOSDATA_TID6,1066
6.34996e+06,20,ACK,14
6.35e+06,7,CTL,20
6.35009e+06,12,RTS,20
6.35009e+06,15,RTS,20
6.35016e+06,20,CTS,14
6.35022e+06,12,QOSDATA_TID6,1066
6.3504e+06,20,ACK,14
6.35044e+06,12,CTL,20
6.35054e+06,11,RTS,20
6.35054e+06,19,RTS,20
6.35054e+06,0,RTS,20
6.35054e+06,14,RTS,20
6.35054e+06,9,RTS,20
6.35065e+06,2,RTS,20
6.35065e+06,13,RTS,20
6.35075e+06,11,RTS,20
6.35082e+06,20,CTS,14
6.35088e+06,11,QOSDATA_TID6,1066
6.35106e+06,20,ACK,14
6.35111e+06,11,CTL,20
6.35119e+06,14,RTS,20
6.35126e+06,20,CTS,14
6.35132e+06,14,QOSDATA_TID6,1066
6.35151e+06,20,ACK,14
6.35155e+06,14,QOSDATA_TID6,1066
6.35173e+06,20,ACK,14
6.35178e+06,14,CTL,20
6.35186e+06,13,RTS,20
6.35193e+06,20,CTS,14
6.35199e+06,13,QOSDATA_TID6,1066
6.35218e+06,20,ACK,14
6.35222e+06,13,QOSDATA_TID6,1066
6.3524e+06,20,ACK,14
6.35245e+06,13,CTL,20
6.35253e+06,0,CTS,14
6.35253e+06,18,RTS,20
6.35262e+06,0,RTS,20
6.35269e+06,20,CTS,14
6.35275e+06,0,QOSDATA_TID6,1066
6.35293e+06,20,ACK,14
6.35298e+06,0,CTL,20
6.35306e+06,10,RTS,20
6.35306e+06,8,RTS,20
6.35306e+06,9,RTS,20
6.35306e+06,4,RTS,20
6.35313e+06,20,CTS,14
6.35319e+06,8,QOSDATA_TID6,1066
6.35337e+06,20,ACK,14
6.35342e+06,8,CTL,20
6.3535e+06,7,RTS,20
6.3535e+06,4,RTS,20
6.3535e+06,0,RTS,20
6.3535e+06,6,RTS,20
6.3535e+06,15,RTS,20
6.35361e+06,9,RTS,20
6.35368e+06,20,CTS,14
6.35374e+06,9,QOSDATA_TID6,1066
6.35392e+06,20,ACK,14
6.35397e+06,9,QOSDATA_TID6,1066
6.35415e+06,20,ACK,14
6.3542e+06,9,CTL,20
6.35428e+06,2,RTS,20
6.35428e+06,18,RTS,20
6.35428e+06,19,RTS,20
6.35428e+06,0,RTS,20
6.35428e+06,13,RTS,20
6.35438e+06,12,RTS,20
6.35438e+06,16,RTS,20
6.35445e+06,20,CTS,14
6.35451e+06,12,QOSDATA_TID6,1066
6.35469e+06,20,ACK,14
6.35474e+06,12,CTL,20
6.35482e+06,16,RTS,20
6.35482e+06,2,RTS,20
6.35493e+06,15,RTS,20
6.355e+06,20,CTS,14
6.35506e+06,15,QOSDATA_TID6,1066
6.35524e+06,20,ACK,14
6.35528e+06,15,QOSDATA_TID6,1066
6.35547e+06,20,ACK,14
6.35551e+06,15,CTL,20
6.3556e+06,2,RTS,20
6.3556e+06,16,RTS,20
6.3557e+06,17,RTS,20
6.35576e+06,20,CTS,14
6.35582e+06,17,QOSDATA_TID6,1066
6.35601e+06,20,ACK,14
6.35605e+06,17,CTL,20
6.35614e+06,16,RTS,20
6.35621e+06,20,CTS,14
6.35627e+06,16,QOSDATA_TID6,1066
6.35645e+06,20,ACK,14
6.35649e+06,16,CTL,20
6.35658e+06,11,RTS,20
6.35658e+06,3,RTS,20
6.35658e+06,0,CTS,14
6.35668e+06,0,RTS,20
6.35674e+06,20,CTS,14
6.3568e+06,0,QOSDATA_TID6,1066
6.35699e+06,20,ACK,14
6.35703e+06,0,CTL,20
6.35712e+06,3,RTS,20
6.35719e+06,20,CTS,14
6.35725e+06,3,QOSDATA_TID6,1066
6.35743e+06,20,ACK,14
6.35747e+06,3,CTL,20
6.35756e+06,10,RTS,20
6.35756e+06,5,RTS,20
6.35756e+06,18,RTS,20
6.35756e+06,19,RTS,20
6.35756e+06,15,RTS,20
6.35763e+06,20,CTS,14
6.35769e+06,5,QOSDATA_TID6,1066
6.35787e+06,20,ACK,14
6.35792e+06,5,CTL,20
6.358e+06,6,RTS,20
6.358e+06,15,RTS,20
6.3581e+06,19,RTS,20
6.35817e+06,20,CTS,14
6.35823e+06,19,QOSDATA_TID6,1066
6.35841e+06,20,ACK,14
6.35846e+06,19,QOSDATA_TID6,1066
6.35864e+06,20,ACK,14
6.35868e+06,19,CTL,20
6.35877e+06,1,RTS,20
6.35877e+06,4,RTS,20
6.35877e+06,6,RTS,20
6.35887e+06,7,RTS,20
6.35894e+06,20,CTS,14
6.359e+06,7,QOSDATA_TID6,1066
6.35918e+06,20,ACK,14
6.35922e+06,7,CTL,20
6.35931e+06,13,RTS,20
6.35931e+06,14,RTS,20
6.35941e+06,8,RTS,20
6.35948e+06,20,CTS,14
6.35954e+06,8,QOSDATA_TID6,1066
6.35972e+06,20,ACK,14
6.35976e+06,8,CTL,20
6.35985e+06,1,RTS,20
6.35985e+06,2,RTS,20
6.35996e+06,14,RTS,20
6.36002e+06,20,CTS,14
6.36008e+06,14,QOSDATA_TID6,1066
6.36027e+06,20,ACK,14
6.36031e+06,14,CTL,20
6.3604e+06,15,RTS,20
6.36047e+06,20,CTS,14
6.36053e+06,15,QOSDATA_TID6,1066
6.36071e+06,20,ACK,14
6.36076e+06,15,CTL,20
6.36084e+06,13,RTS,20
6.36084e+06,16,RTS,20
6.36084e+06,4,RTS,20
6.36097e+06,10,RTS,20
6.36103e+06,20,CTS,14
6.36109e+06,10,QOSDATA_TID6,1066
6.36128e+06,20,ACK,14
6.36132e+06,10,QOSDATA_TID6,1066
6.36151e+06,20,ACK,14
6.36155e+06,10,QOSDATA_TID6,1066
6.36173e+06,20,ACK,14
6.36178e+06,10,CTL,20
6.36186e+06,2,RTS,20
6.36186e+06,9,RTS,20
6.36193e+06,20,CTS,14
6.36199e+06,2,QOSDATA_TID6,1066
6.36218e+06,20,ACK,14
6.36222e+06,2,QOSDATA_TID6,1066
6.3624e+06,20,ACK,14
6.36245e+06,2,CTL,20
6.36253e+06,11,RTS,20
6.36253e+06,4,RTS,20
6.36263e+06,3,RTS,20
6.36263e+06,0,RTS,20
6.36263e+06,18,RTS,20
6.36263e+06,6,RTS,20
6.36273e+06,7,RTS,20
6.36273e+06,13,RTS,20
6.3628e+06,20,CTS,14
6.36286e+06,7,QOSDATA_TID6,1066
6.36304e+06,20,ACK,14
6.36309e+06,7,CTL,20
6.36317e+06,0,RTS,20
6.36324e+06,20,CTS,14
6.3633e+06,0,QOSDATA_TID6,1066
6.36348e+06,20,ACK,14
6.36353e+06,0,CTL,20
6.36361e+06,17,RTS,20
6.36361e+06,3,RTS,20
6.36368e+06,20,CTS,14
6.36374e+06,17,QOSDATA_TID6,1066
6.36393e+06,20,ACK,14
6.36397e+06,17,CTL,20
6.36406e+06,19,RTS,20
6.36406e+06,12,RTS,20
6.36406e+06,16,RTS,20
6.36406e+06,4,RTS,20
6.36406e+06,6,RTS,20
6.36416e+06,13,RTS,20
6.36423e+06,20,CTS,14
6.36429e+06,13,QOSDATA_TID6,1066
6.36448e+06,20,ACK,14
6.36452e+06,13,QOSDATA_TID6,1066
6.3647e+06,20,ACK,14
6.36475e+06,13,CTL,20
6.36482e+06,20,BEACON,152
6.36509e+06,2,RTS,20
6.36509e+06,11,RTS,20
6.36509e+06,16,RTS,20
6.36519e+06,5,RTS,20
6.36526e+06,20,CTS,14
6.36532e+06,5,QOSDATA_TID6,1066
6.36551e+06,20,ACK,14
6.36555e+06,5,CTL,20
6.36564e+06,1,RTS,20
6.36564e+06,15,RTS,20
6.36574e+06,18,RTS,20
6.36574e+06,10,RTS,20
6.36585e+06,9,RTS,20
6.36592e+06,20,CTS,14
6.36598e+06,9,QOSDATA_TID6,1066
6.36616e+06,20,ACK,14
6.36621e+06,9,CTL,20
6.36629e+06,10,RTS,20
6.36629e+06,16,RTS,20
6.36641e+06,15,RTS,20
6.36648e+06,20,CTS,14
6.36654e+06,15,QOSDATA_TID6,1066
6.36672e+06,20,ACK,14
6.36676e+06,15,CTL,20
6.36685e+06,8,RTS,20
6.36692e+06,20,CTS,14
6.36698e+06,8,QOSDATA_TID6,1066
6.36716e+06,20,ACK,14
6.36721e+06,8,CTL,20
6.36729e+06,1,RTS,20
6.36729e+06,2,RTS,20
6.36729e+06,4,RTS,20
6.36729e+06,3,RTS,20
6.36739e+06,10,RTS,20
6.36746e+06,20,CTS,14
6.36752e+06,10,QOSDATA_TID6,1066
6.3677e+06,20,ACK,14
6.36775e+06,10,CTL,20
6.36783e+06,6,RTS,20
6.36783e+06,1,RTS,20
6.36783e+06,11,RTS,20
6.36793e+06,12,RTS,20
6.368e+06,20,CTS,14
6.36806e+06,12,QOSDATA_TID6,1066
6.36824e+06,20,ACK,14
6.36829e+06,12,CTL,20
6.36837e+06,2,RTS,20
6.36844e+06,20,CTS,14
6.3685e+06,2,QOSDATA_TID6,1066
6.36868e+06,20,ACK,14
6.36873e+06,2,CTL,20
6.36881e+06,18,RTS,20
6.36881e+06,14,RTS,20
6.36891e+06,11,RTS,20
6.36898e+06,20,CTS,14
6.36904e+06,11,QOSDATA_TID6,1066
6.36922e+06,20,ACK,14
6.36927e+06,11,QOSDATA_TID6,1066
6.36945e+06,20,ACK,14
6.3695e+06,11,CTL,20
6.36958e+06,4,RTS,20
6.36958e+06,6,RTS,20
6.36958e+06,14,RTS,20
6.36968e+06,7,RTS,20
6.36968e+06,13,RTS,20
6.36968e+06,19,RTS,20
6.36979e+06,0,RTS,20
6.36986e+06,20,CTS,14
6.36992e+06,0,QOSDATA_TID6,1066
6.3701e+06,20,ACK,14
6.37015e+06,0,CTL,20
6.37023e+06,6,RTS,20
6.3703e+06,20,CTS,14
6.37036e+06,6,QOSDATA_TID6,1066
6.37054e+06,20,ACK,14
6.37059e+06,6,QOSDATA_TID6,1066
6.37077e+06,20,ACK,14
6.37082e+06,6,QOSDATA_TID6,1066
6.371e+06,20,ACK,14
6.37104e+06,6,CTL,20
6.37113e+06,14,RTS,20
6.37113e+06,12,RTS,20
6.37113e+06,16,RTS,20
6.3712e+06,20,CTS,14
6.37126e+06,12,QOSDATA_TID6,1066
6.37144e+06,20,ACK,14
6.37149e+06,12,CTL,20
6.37158e+06,1,RTS,20
6.37158e+06,11,RTS,20
6.37158e+06,6,RTS,20
6.37158e+06,9,RTS,20
6.3717e+06,18,RTS,20
6.37177e+06,20,CTS,14
6.37183e+06,18,QOSDATA_TID6,1066
6.37201e+06,20,ACK,14
6.37205e+06,18,QOSDATA_TID6,1066
6.37224e+06,20,ACK,14
6.37228e+06,18,QOSDATA_TID6,1066
6.37247e+06,20,ACK,14
6.37251e+06,18,CTL,20
6.3726e+06,11,RTS,20
6.37266e+06,20,CTS,14
6.37272e+06,11,QOSDATA_TID6,1066
6.37291e+06,20,ACK,14
6.37295e+06,11,CTL,20
6.37305e+06,17,RTS,20
6.37305e+06,19,RTS,20
6.37305e+06,5,RTS,20
6.37315e+06,1,RTS,20
6.37315e+06,7,RTS,20
6.37315e+06,4,RTS,20
6.37315e+06,13,RTS,20
6.37324e+06,3,RTS,20
6.37324e+06,9,RTS,20
6.37334e+06,2,RTS,20
6.37334e+06,7,RTS,20
6.37334e+06,4,RTS,20
6.37345e+06,1,RTS,20
6.37345e+06,17,RTS,20
6.37345e+06,15,RTS,20
6.37345e+06,6,RTS,20
6.37356e+06,19,RTS,20
6.37356e+06,4,RTS,20
6.37362e+06,20,CTS,14
6.37368e+06,19,QOSDATA_TID6,1066
6.37387e+06,20,ACK,14
6.37391e+06,19,QOSDATA_TID6,1066
6.3741e+06,20,ACK,14
6.37414e+06,19,CTL,20
6.37423e+06,1,RTS,20
6.37429e+06,20,CTS,14
6.37435e+06,1,QOSDATA_TID6,1066
6.37454e+06,20,ACK,14
6.37458e+06,1,QOSDATA_TID6,1066
6.37477e+06,20,ACK,14
6.37481e+06,1,CTL,20
6.3749e+06,16,RTS,20
6.3749e+06,7,RTS,20
6.3749e+06,4,RTS,20
6.3749e+06,6,RTS,20
6.3749e+06,10,RTS,20
6.37501e+06,8,RTS,20
6.37508e+06,20,CTS,14
6.37514e+06,8,QOSDATA_TID6,1066
6.37532e+06,20,ACK,14
6.37537e+06,8,CTL,20
6.37545e+06,5,RTS,20
6.37552e+06,20,CTS,14
6.37558e+06,5,QOSDATA_TID6,1066
6.37577e+06,20,ACK,14
6.37581e+06,5,CTL,20
6.3759e+06,3,RTS,20
6.37596e+06,20,CTS,14
6.37602e+06,3,QOSDATA_TID6,1066
6.37621e+06,20,ACK,14
6.37625e+06,3,QOSDATA_TID6,1066
6.37644e+06,20,ACK,14
6.37648e+06,3,CTL,20
6.37657e+06,2,RTS,20
6.37657e+06,18,RTS,20
6.37657e+06,4,RTS,20
6.37666e+06,17,RTS,20
6.37673e+06,20,CTS,14
6.37679e+06,17,QOSDATA_TID6,1066
6.37698e+06,20,ACK,14
6.37702e+06,17,CTL,20
6.37711e+06,0,RTS,20
6.37711e+06,15,RTS,20
6.37721e+06,4,RTS,20
6.37728e+06,20,CTS,14
6.37734e+06,4,QOSDATA_TID6,1066
6.37752e+06,20,ACK,14
6.37757e+06,4,QOSDATA_TID6,1066
6.37775e+06,20,ACK,14
6.3778e+06,4,QOSDATA_TID6,1066
6.37798e+06,20,ACK,14
6.37802e+06,4,CTL,20
6.37811e+06,16,RTS,20
6.37818e+06,20,CTS,14
6.37824e+06,16,QOSDATA_TID6,1066
6.37842e+06,20,ACK,14
6.37847e+06,16,QOSDATA_TID6,1066
6.37865e+06,20,ACK,14
6.3787e+06,16,QOSDATA_TID6,1066
6.37888e+06,20,ACK,14
6.37892e+06,16,CTL,20
6.37901e+06,11,RTS,20
6.37901e+06,19,RTS,20
6.37901e+06,14,RTS,20
6.37912e+06,10,RTS,20
6.37918e+06,20,CTS,14
6.37924e+06,10,QOSDATA_TID6,1066
6.37943e+06,20,ACK,14
6.37947e+06,10,CTL,20
6.37956e+06,17,RTS,20
6.37956e+06,12,RTS,20
6.37956e+06,7,RTS,20
6.37956e+06,13,RTS,20
6.37966e+06,2,RTS,20
6.37972e+06,20,CTS,14
6.37978e+06,2,QOSDATA_TID6,1066
6.37997e+06,20,ACK,14
6.38001e+06,2,CTL,20
6.3801e+06,3,RTS,20
6.3801e+06,9,RTS,20
6.3801e+06,17,RTS,20
6.3801e+06,7,RTS,20
6.3801e+06,14,RTS,20
6.3802e+06,18,RTS,20
6.38026e+06,20,CTS,14
6.38032e+06,18,QOSDATA_TID6,1066
6.38051e+06,20,ACK,14
6.38055e+06,18,CTL,20
6.38064e+06,10,RTS,20
6.38064e+06,2,RTS,20
6.38064e+06,5,RTS,20
6.38064e+06,11,RTS,20
6.38071e+06,20,CTS,14
6.38077e+06,5,QOSDATA_TID6,1066
6.38095e+06,20,ACK,14
6.381e+06,5,CTL,20
6.38109e+06,7,RTS,20
6.38109e+06,6,RTS,20
6.38109e+06,10,RTS,20
6.38119e+06,19,RTS,20
6.38126e+06,20,CTS,14
6.38132e+06,19,QOSDATA_TID6,1066
6.3815e+06,20,ACK,14
6.38154e+06,19,CTL,20
6.38164e+06,6,RTS,20
6.38171e+06,20,CTS,14
6.38177e+06,6,QOSDATA_TID6,1066
6.38195e+06,20,ACK,14
6.382e+06,6,QOSDATA_TID6,1066
6.38218e+06,20,ACK,14
6.38222e+06,6,CTL,20
6.38231e+06,0,RTS,20
6.38231e+06,18,RTS,20
6.38231e+06,15,RTS,20
6.38231e+06,10,RTS,20
6.38231e+06,1,RTS,20
6.38231e+06,4,RTS,20
6.38242e+06,7,RTS,20
6.38242e+06,12,RTS,20
6.38242e+06,11,RTS,20
6.38242e+06,2,RTS,20
6.38242e+06,9,RTS,20
6.38252e+06,10,RTS,20
6.38259e+06,20,CTS,14
6.38265e+06,10,QOSDATA_TID6,1066
6.38284e+06,20,ACK,14
6.38288e+06,10,CTL,20
6.38296e+06,17,RTS,20
6.38296e+06,1,RTS,20
6.38296e+06,14,RTS,20
6.38296e+06,15,RTS,20
6.38296e+06,13,RTS,20
6.38307e+06,7,RTS,20
6.38307e+06,12,RTS,20
6.38307e+06,8,RTS,20
6.38307e+06,0,CTS,14
6.38318e+06,0,RTS,20
6.38324e+06,20,CTS,14
6.3833e+06,0,QOSDATA_TID6,1066
6.38349e+06,20,ACK,14
6.38353e+06,0,CTL,20
6.38362e+06,1,RTS,20
6.38369e+06,20,CTS,14
6.38375e+06,1,QOSDATA_TID6,1066
6.38393e+06,20,ACK,14
6.38397e+06,1,CTL,20
6.38406e+06,14,RTS,20
6.38413e+06,20,CTS,14
6.38419e+06,14,QOSDATA_TID6,1066
6.38437e+06,20,ACK,14
6.38442e+06,14,QOSDATA_TID6,1066
6.3846e+06,20,ACK,14
6.38464e+06,14,QOSDATA_TID6,1066
6.38483e+06,20,ACK,14
6.38487e+06,14,CTL,20
6.38496e+06,13,RTS,20
6.38496e+06,2,RTS,20
6.38496e+06,8,RTS,20
6.38496e+06,4,RTS,20
6.38507e+06,7,RTS,20
6.38514e+06,20,CTS,14
6.3852e+06,7,QOSDATA_TID6,1066
6.38539e+06,20,ACK,14
6.38543e+06,7,CTL,20
6.38552e+06,8,RTS,20
6.38552e+06,3,RTS,20
6.38559e+06,20,CTS,14
6.38565e+06,8,QOSDATA_TID6,1066
6.38584e+06,20,ACK,14
6.38588e+06,8,CTL,20
6.38598e+06,0,RTS,20
6.38604e+06,20,CTS,14
6.3861e+06,0,QOSDATA_TID6,1066
6.38629e+06,20,ACK,14
6.38633e+06,0,CTL,20
6.38642e+06,18,RTS,20
6.38642e+06,7,RTS,20
6.38642e+06,11,RTS,20
6.38652e+06,17,RTS,20
6.38659e+06,20,CTS,14
6.38665e+06,17,QOSDATA_TID6,1066
6.38684e+06,20,ACK,14
6.38688e+06,17,CTL,20
6.38697e+06,19,RTS,20
6.38704e+06,20,CTS,14
6.3871e+06,19,QOSDATA_TID6,1066
6.38728e+06,20,ACK,14
6.38732e+06,19,CTL,20
6.38741e+06,1,RTS,20
6.38741e+06,16,RTS,20
6.38741e+06,3,RTS,20
6.38741e+06,4,RTS,20
6.38741e+06,6,RTS,20
6.38741e+06,15,RTS,20
6.38752e+06,12,RTS,20
6.38752e+06,7,RTS,20
6.38758e+06,20,CTS,14
6.38764e+06,12,QOSDATA_TID6,1066
6.38783e+06,20,ACK,14
6.38787e+06,12,QOSDATA_TID6,1066
6.38806e+06,20,ACK,14
6.3881e+06,12,CTL,20
6.38819e+06,6,RTS,20
6.38819e+06,18,RTS,20
6.38829e+06,5,RTS,20
6.38829e+06,17,RTS,20
6.38836e+06,20,CTS,14
6.38842e+06,5,QOSDATA_TID6,1066
6.38861e+06,20,ACK,14
6.38865e+06,5,CTL,20
6.38874e+06,18,RTS,20
6.38874e+06,9,RTS,20
6.38881e+06,20,CTS,14
6.38887e+06,18,QOSDATA_TID6,1066
6.38906e+06,20,ACK,14
6.3891e+06,18,CTL,20
6.38919e+06,2,RTS,20
6.38919e+06,1,RTS,20
6.38919e+06,11,RTS,20
6.38919e+06,16,RTS,20
6.38919e+06,13,RTS,20
6.3893e+06,7,RTS,20
6.3893e+06,15,RTS,20
6.3893e+06,6,RTS,20
6.38942e+06,2,RTS,20
6.38942e+06,3,RTS,20
6.38949e+06,20,CTS,14
6.38955e+06,2,QOSDATA_TID6,1066
6.38973e+06,20,ACK,14
6.38978e+06,2,QOSDATA_TID6,1066
6.38996e+06,20,ACK,14
6.39e+06,2,CTL,20
6.39009e+06,6,RTS,20
6.39009e+06,13,RTS,20
6.3902e+06,17,RTS,20
6.39027e+06,20,CTS,14
6.39033e+06,17,QOSDATA_TID6,1066
6.39052e+06,20,ACK,14
6.39056e+06,17,CTL,20
6.39065e+06,8,RTS,20
6.39065e+06,1,RTS,20
6.39074e+06,13,RTS,20
6.39081e+06,20,CTS,14
6.39087e+06,13,QOSDATA_TID6,1066
6.39106e+06,20,ACK,14
6.3911e+06,13,QOSDATA_TID6,1066
6.39128e+06,20,ACK,14
6.39133e+06,13,CTL,20
6.39142e+06,11,RTS,20
6.39142e+06,16,RTS,20
6.39142e+06,10,RTS,20
6.39151e+06,15,RTS,20
6.39158e+06,20,CTS,14
6.39164e+06,15,QOSDATA_TID6,1066
6.39182e+06,20,ACK,14
6.39187e+06,15,QOSDATA_TID6,1066
6.39205e+06,20,ACK,14
6.3921e+06,15,QOSDATA_TID6,1066
6.39228e+06,20,ACK,14
6.39232e+06,15,CTL,20
6.39241e+06,14,RTS,20
6.39241e+06,7,RTS,20
6.39241e+06,11,RTS,20
6.39241e+06,4,RTS,20
6.39241e+06,10,RTS,20
6.39251e+06,6,RTS,20
6.39258e+06,20,CTS,14
6.39264e+06,6,QOSDATA_TID6,1066
6.39282e+06,20,ACK,14
6.39286e+06,6,CTL,20
6.39296e+06,18,RTS,20
6.39296e+06,1,RTS,20
6.39296e+06,16,RTS,20
6.39307e+06,14,RTS,20
6.39314e+06,20,CTS,14
6.3932e+06,14,QOSDATA_TID6,1066
6.39338e+06,20,ACK,14
6.39342e+06,14,CTL,20
6.39351e+06,3,RTS,20
6.39351e+06,9,RTS,20
6.39361e+06,0,RTS,20
6.39368e+06,20,CTS,14
6.39374e+06,0,QOSDATA_TID6,1066
6.39392e+06,20,ACK,14
6.39396e+06,0,CTL,20
6.39405e+06,11,RTS,20
6.39412e+06,20,CTS,14
6.39418e+06,11,QOSDATA_TID6,1066
6.39436e+06,20,ACK,14
6.3944e+06,11,CTL,20
6.39449e+06,7,RTS,20
6.39456e+06,20,CTS,14
6.39462e+06,7,QOSDATA_TID6,1066
6.3948e+06,20,ACK,14
6.39485e+06,7,QOSDATA_TID6,1066
6.39503e+06,20,ACK,14
6.39508e+06,7,CTL,20
6.39516e+06,12,RTS,20
6.39516e+06,8,RTS,20
6.39516e+06,19,RTS,20
6.39526e+06,13,RTS,20
6.39533e+06,20,CTS,14
6.39539e+06,13,QOSDATA_TID6,1066
6.39557e+06,20,ACK,14
6.39562e+06,13,CTL,20
6.3957e+06,12,RTS,20
6.3957e+06,4,RTS,20
6.3957e+06,16,RTS,20
6.3957e+06,17,RTS,20
6.3957e+06,1,RTS,20
6.3957e+06,6,RTS,20
6.3957e+06,10,RTS,20
6.39581e+06,11,RTS,20
6.39588e+06,20,CTS,14
6.39594e+06,11,QOSDATA_TID6,1066
6.39612e+06,20,ACK,14
6.39616e+06,11,CTL,20
6.39625e+06,12,RTS,20
6.39632e+06,20,CTS,14
6.39638e+06,12,QOSDATA_TID6,1066
6.39656e+06,20,ACK,14
6.39661e+06,12,CTL,20
6.39669e+06,10,RTS,20
6.39676e+06,20,CTS,14
6.39682e+06,10,QOSDATA_TID6,1066
6.397e+06,20,ACK,14
6.39705e+06,10,QOSDATA_TID6,1066
6.39723e+06,20,ACK,14
6.39728e+06,10,CTL,20
6.39736e+06,18,RTS,20
6.39736e+06,9,RTS,20
6.39736e+06,3,RTS,20
6.39736e+06,5,RTS,20
6.39736e+06,19,RTS,20
6.39736e+06,17,RTS,20
6.39736e+06,1,RTS,20
6.39736e+06,16,RTS,20
6.39746e+06,6,RTS,20
6.39753e+06,20,CTS,14
6.39759e+06,6,QOSDATA_TID6,1066
6.39777e+06,20,ACK,14
6.39782e+06,6,CTL,20
6.3979e+06,18,RTS,20
6.3979e+06,2,RTS,20
6.3979e+06,8,RTS,20
6.3979e+06,19,RTS,20
6.3979e+06,16,RTS,20
6.39801e+06,1,RTS,20
6.39801e+06,15,RTS,20
6.39813e+06,18,RTS,20
6.39819e+06,20,CTS,14
6.39825e+06,18,QOSDATA_TID6,1066
6.39844e+06,20,ACK,14
6.39848e+06,18,QOSDATA_TID6,1066
6.39867e+06,20,ACK,14
6.39871e+06,18,CTL,20
6.3988e+06,15,RTS,20
6.3988e+06,16,RTS,20
6.39891e+06,3,RTS,20
6.39898e+06,20,CTS,14
6.39904e+06,3,QOSDATA_TID6,1066
6.39922e+06,20,ACK,14
6.39927e+06,3,QOSDATA_TID6,1066
6.39945e+06,20,ACK,14
6.3995e+06,3,QOSDATA_TID6,1066
6.39968e+06,20,ACK,14
6.39972e+06,3,CTL,20
6.39981e+06,14,RTS,20
6.39988e+06,20,CTS,14
6.39994e+06,14,QOSDATA_TID6,1066
6.40012e+06,20,ACK,14
6.40017e+06,14,CTL,20
6.40025e+06,16,RTS,20
6.40025e+06,9,RTS,20
6.40025e+06,4,RTS,20
6.40036e+06,8,RTS,20
6.40036e+06,17,RTS,20
6.40036e+06,5,RTS,20
6.40046e+06,16,RTS,20
6.40052e+06,20,CTS,14
6.40058e+06,16,QOSDATA_TID6,1066
6.40077e+06,20,ACK,14
6.40081e+06,16,QOSDATA_TID6,1066
6.401e+06,20,ACK,14
6.40104e+06,16,CTL,20
6.40113e+06,1,RTS,20
6.4012e+06,20,CTS,14
6.40126e+06,1,QOSDATA_TID6,1066
6.40144e+06,20,ACK,14
6.40148e+06,1,CTL,20
6.40157e+06,17,RTS,20
6.40157e+06,19,RTS,20
6.40157e+06,7,RTS,20
6.40157e+06,2,RTS,20
6.40157e+06,9,RTS,20
6.40157e+06,0,RTS,20
6.40157e+06,15,RTS,20
6.40169e+06,4,RTS,20
6.40169e+06,13,RTS,20
6.40178e+06,8,RTS,20
6.40185e+06,20,CTS,14
6.40191e+06,8,QOSDATA_TID6,1066
6.4021e+06,20,ACK,14
6.40214e+06,8,QOSDATA_TID6,1066
6.40232e+06,20,ACK,14
6.40237e+06,8,CTL,20
6.40245e+06,5,RTS,20
6.40245e+06,2,RTS,20
6.40252e+06,20,CTS,14
6.40258e+06,5,QOSDATA_TID6,1066
6.40277e+06,20,ACK,14
6.40281e+06,5,CTL,20
6.4029e+06,17,RTS,20
6.40297e+06,20,CTS,14
6.40303e+06,17,QOSDATA_TID6,1066
6.40322e+06,20,ACK,14
6.40326e+06,17,CTL,20
6.40335e+06,17,RTS,20
6.40335e+06,7,RTS,20
6.40335e+06,4,RTS,20
6.40335e+06,0,RTS,20
6.40335e+06,15,RTS,20
6.40344e+06,3,RTS,20
6.40351e+06,20,CTS,14
6.40357e+06,3,QOSDATA_TID6,1066
6.40376e+06,20,ACK,14
6.4038e+06,3,CTL,20
6.40389e+06,12,RTS,20
6.40389e+06,11,RTS,20
6.40396e+06,20,CTS,14
6.40402e+06,12,QOSDATA_TID6,1066
6.4042e+06,20,ACK,14
6.40424e+06,12,CTL,20
6.40433e+06,1,RTS,20
6.40433e+06,2,RTS,20
6.40433e+06,9,RTS,20
6.40444e+06,13,RTS,20
6.4045e+06,20,CTS,14
6.40456e+06,13,QOSDATA_TID6,1066
6.40475e+06,20,ACK,14
6.40479e+06,13,CTL,20
6.40488e+06,15,RTS,20
6.40488e+06,10,RTS,20
6.40495e+06,20,CTS,14
6.40501e+06,15,QOSDATA_TID6,1066
6.40519e+06,20,ACK,14
6.40523e+06,15,QOSDATA_TID6,1066
6.40542e+06,20,ACK,14
6.40546e+06,15,CTL,20
6.40555e+06,6,RTS,20
6.40562e+06,20,CTS,14
6.40568e+06,6,QOSDATA_TID6,1066
6.40586e+06,20,ACK,14
6.4059e+06,6,CTL,20
6.40599e+06,5,RTS,20
6.40599e+06,1,RTS,20
6.40599e+06,19,RTS,20
6.40606e+06,20,CTS,14
6.40612e+06,5,QOSDATA_TID6,1066
6.4063e+06,20,ACK,14
6.40635e+06,5,CTL,20
6.40643e+06,10,RTS,20
6.4065e+06,20,CTS,14
6.40656e+06,10,QOSDATA_TID6,1066
6.40674e+06,20,ACK,14
6.40679e+06,10,CTL,20
6.40687e+06,18,RTS,20
6.40687e+06,4,RTS,20
6.40694e+06,20,CTS,14
6.407e+06,18,QOSDATA_TID6,1066
6.40719e+06,20,ACK,14
6.40723e+06,18,CTL,20
6.40732e+06,0,CTS,14
6.40732e+06,14,RTS,20
6.40732e+06,7,RTS,20
6.40745e+06,0,RTS,20
6.40752e+06,20,CTS,14
6.40758e+06,0,QOSDATA_TID6,1066
6.40776e+06,20,ACK,14
6.4078e+06,0,CTL,20
6.40789e+06,8,RTS,20
6.40789e+06,17,RTS,20
6.40789e+06,9,RTS,20
6.40799e+06,7,RTS,20
6.40806e+06,20,CTS,14
6.40812e+06,7,QOSDATA_TID6,1066
6.4083e+06,20,ACK,14
6.40834e+06,7,CTL,20
6.40843e+06,1,RTS,20
6.40843e+06,11,RTS,20
6.40843e+06,19,RTS,20
6.40853e+06,17,RTS,20
6.4086e+06,20,CTS,14
6.40866e+06,17,QOSDATA_TID6,1066
6.40884e+06,20,ACK,14
6.40888e+06,17,CTL,20
6.40897e+06,8,RTS,20
6.40897e+06,19,RTS,20
6.40904e+06,20,CTS,14
6.4091e+06,8,QOSDATA_TID6,1066
6.40928e+06,20,ACK,14
6.40932e+06,8,CTL,20
6.40941e+06,19,RTS,20
6.40941e+06,11,RTS,20
6.40951e+06,0,RTS,20
6.40951e+06,14,RTS,20
6.40958e+06,20,CTS,14
6.40964e+06,0,QOSDATA_TID6,1066
6.40982e+06,20,ACK,14
6.40986e+06,0,CTL,20
6.40996e+06,2,RTS,20
6.40996e+06,7,RTS,20
6.41007e+06,19,RTS,20
6.41014e+06,20,CTS,14
6.4102e+06,19,QOSDATA_TID6,1066
6.41038e+06,20,ACK,14
6.41042e+06,19,CTL,20
6.41052e+06,7,RTS,20
6.41059e+06,20,CTS,14
6.41065e+06,7,QOSDATA_TID6,1066
6.41083e+06,20,ACK,14
6.41088e+06,7,CTL,20
6.41096e+06,12,RTS,20
6.41096e+06,1,RTS,20
6.41096e+06,16,RTS,20
6.41096e+06,19,RTS,20
6.41106e+06,13,RTS,20
6.41106e+06,14,RTS,20
6.41117e+06,9,RTS,20
6.41123e+06,20,CTS,14
6.41129e+06,9,QOSDATA_TID6,1066
6.41148e+06,20,ACK,14
6.41152e+06,9,QOSDATA_TID6,1066
6.41171e+06,20,ACK,14
6.41175e+06,9,QOSDATA_TID6,1066
6.41193e+06,20,ACK,14
6.41198e+06,9,QOSDATA_TID6,1066
6.41216e+06,20,ACK,14
6.41221e+06,9,QOSDATA_TID6,1066
6.41239e+06,20,ACK,14
6.41243e+06,9,CTL,20
6.41252e+06,3,RTS,20
6.41259e+06,20,CTS,14
6.41265e+06,3,QOSDATA_TID6,1066
6.41283e+06,20,ACK,14
6.41288e+06,3,CTL,20
6.41296e+06,2,RTS,20
6.41296e+06,10,RTS,20
6.41296e+06,5,RTS,20
6.41296e+06,4,RTS,20
6.41303e+06,20,CTS,14
6.41309e+06,5,QOSDATA_TID6,1066
6.41327e+06,20,ACK,14
6.41332e+06,5,CTL,20
6.4134e+06,6,RTS,20
6.4134e+06,4,RTS,20
6.41347e+06,20,CTS,14
6.41353e+06,6,QOSDATA_TID6,1066
6.41372e+06,20,ACK,14
6.41376e+06,6,CTL,20
6.41385e+06,13,RTS,20
6.41391e+06,20,CTS,14
6.41397e+06,13,QOSDATA_TID6,1066
6.41416e+06,20,ACK,14
6.4142e+06,13,CTL,20
6.41429e+06,2,RTS,20
6.41429e+06,18,RTS,20
6.41439e+06,15,RTS,20
6.41439e+06,14,RTS,20
6.41439e+06,11,RTS,20
6.41439e+06,4,RTS,20
6.41449e+06,16,RTS,20
6.41449e+06,2,RTS,20
6.4146e+06,17,RTS,20
6.41467e+06,20,CTS,14
6.41473e+06,17,QOSDATA_TID6,1066
6.41491e+06,20,ACK,14
6.41496e+06,17,CTL,20
6.41504e+06,19,RTS,20
6.41511e+06,20,CTS,14
6.41517e+06,19,QOSDATA_TID6,1066
6.41535e+06,20,ACK,14
6.4154e+06,19,CTL,20
6.41549e+06,1,RTS,20
6.41549e+06,16,RTS,20
6.41556e+06,20,CTS,14
6.41562e+06,1,QOSDATA_TID6,1066
6.4158e+06,20,ACK,14
6.41585e+06,1,QOSDATA_TID6,1066
6.41603e+06,20,ACK,14
6.41608e+06,1,CTL,20
6.41617e+06,16,RTS,20
6.41624e+06,20,CTS,14
6.4163e+06,16,QOSDATA_TID6,1066
6.41648e+06,20,ACK,14
6.41653e+06,16,QOSDATA_TID6,1066
6.41671e+06,20,ACK,14
6.41676e+06,16,CTL,20
6.41684e+06,4,RTS,20
6.41684e+06,8,RTS,20
6.41684e+06,2,RTS,20
6.41684e+06,15,RTS,20
6.41684e+06,18,RTS,20
6.41684e+06,14,RTS,20
6.41684e+06,10,RTS,20
6.417e+06,4,RTS,20
6.417e+06,2,RTS,20
6.41707e+06,20,CTS,14
6.41713e+06,2,QOSDATA_TID6,1066
6.41731e+06,20,ACK,14
6.41736e+06,2,QOSDATA_TID6,1066
6.41754e+06,20,ACK,14
6.41758e+06,2,CTL,20
6.41768e+06,12,RTS,20
6.41768e+06,7,RTS,20
6.41775e+06,20,CTS,14
6.41781e+06,12,QOSDATA_TID6,1066
6.41799e+06,20,ACK,14
6.41804e+06,12,CTL,20
6.41812e+06,7,RTS,20
6.41812e+06,0,RTS,20
6.41825e+06,9,RTS,20
6.41831e+06,20,CTS,14
6.41837e+06,9,QOSDATA_TID6,1066
6.41856e+06,20,ACK,14
6.4186e+06,9,CTL,20
6.41869e+06,12,RTS,20
6.41876e+06,20,CTS,14
6.41882e+06,12,QOSDATA_TID6,1066
6.419e+06,20,ACK,14
6.41904e+06,12,CTL,20
6.41913e+06,11,RTS,20
6.41913e+06,0,RTS,20
6.4192e+06,20,CTS,14
6.41926e+06,0,QOSDATA_TID6,1066
6.41944e+06,20,ACK,14
6.41949e+06,0,CTL,20
6.41958e+06,10,RTS,20
6.41958e+06,1,RTS,20
6.41958e+06,13,RTS,20
6.41968e+06,3,RTS,20
6.41975e+06,20,CTS,14
6.41981e+06,3,QOSDATA_TID6,1066
6.41999e+06,20,ACK,14
6.42004e+06,3,CTL,20
6.42012e+06,6,RTS,20
6.42019e+06,20,CTS,14
6.42025e+06,6,QOSDATA_TID6,1066
6.42043e+06,20,ACK,14
6.42048e+06,6,CTL,20
6.42056e+06,7,RTS,20
6.42056e+06,13,RTS,20
6.42063e+06,20,CTS,14
6.42069e+06,7,QOSDATA_TID6,1066
6.42088e+06,20,ACK,14
6.42092e+06,7,CTL,20
6.42101e+06,15,RTS,20
6.42101e+06,10,RTS,20
6.42107e+06,20,CTS,14
6.42113e+06,15,QOSDATA_TID6,1066
6.42132e+06,20,ACK,14
6.42136e+06,15,QOSDATA_TID6,1066
6.42155e+06,20,ACK,14
6.42159e+06,15,CTL,20
6.42168e+06,17,RTS,20
6.42174e+06,20,CTS,14
6.4218e+06,17,QOSDATA_TID6,1066
6.42199e+06,20,ACK,14
6.42203e+06,17,CTL,20
6.42212e+06,8,RTS,20
6.42212e+06,19,RTS,20
6.42212e+06,4,RTS,20
6.42222e+06,18,RTS,20
6.42222e+06,14,RTS,20
6.42233e+06,8,RTS,20
6.42233e+06,1,RTS,20
6.42233e+06,11,RTS,20
6.42244e+06,13,RTS,20
6.42244e+06,14,RTS,20
6.42254e+06,19,RTS,20
6.4226e+06,20,CTS,14
6.42266e+06,19,QOSDATA_TID6,1066
6.42285e+06,20,ACK,14
6.42289e+06,19,CTL,20
6.42298e+06,5,RTS,20
6.42305e+06,20,CTS,14
6.42311e+06,5,QOSDATA_TID6,1066
6.42329e+06,20,ACK,14
6.42334e+06,5,CTL,20
6.42342e+06,2,RTS,20
6.42349e+06,20,CTS,14
6.42355e+06,2,QOSDATA_TID6,1066
6.42373e+06,20,ACK,14
6.42378e+06,2,CTL,20
6.42387e+06,18,RTS,20
6.42394e+06,20,CTS,14
6.424e+06,18,QOSDATA_TID6,1066
6.42418e+06,20,ACK,14
6.42423e+06,18,QOSDATA_TID6,1066
6.42441e+06,20,ACK,14
6.42446e+06,18,CTL,20
6.42454e+06,10,RTS,20
6.42461e+06,20,CTS,14
6.42467e+06,10,QOSDATA_TID6,1066
6.42485e+06,20,ACK,14
6.4249e+06,10,QOSDATA_TID6,1066
6.42508e+06,20,ACK,14
6.42513e+06,10,CTL,20
6.42521e+06,0,RTS,20
6.42521e+06,8,RTS,20
6.42521e+06,14,RTS,20
6.42533e+06,13,RTS,20
6.4254e+06,20,CTS,14
6.42546e+06,13,QOSDATA_TID6,1066
6.42564e+06,20,ACK,14
6.42568e+06,13,QOSDATA_TID6,1066
6.42587e+06,20,ACK,14
6.42591e+06,13,CTL,20
6.42601e+06,11,RTS,20
6.42601e+06,16,RTS,20
6.42601e+06,1,RTS,20
6.4261e+06,7,RTS,20
6.4261e+06,4,RTS,20
6.42611e+06,9,RTS,20
6.42617e+06,20,CTS,14
6.42623e+06,7,QOSDATA_TID6,1066
6.42642e+06,20,ACK,14
6.42646e+06,7,CTL,20
6.42655e+06,12,RTS,20
6.42655e+06,16,RTS,20
6.42655e+06,14,RTS,20
6.42662e+06,20,CTS,14
6.42668e+06,12,QOSDATA_TID6,1066
6.42686e+06,20,ACK,14
6.4269e+06,12,CTL,20
6.42699e+06,3,RTS,20
6.42699e+06,9,RTS,20
6.42709e+06,1,RTS,20
6.42709e+06,6,RTS,20
6.42723e+06,9,RTS,20
6.4273e+06,20,CTS,14
6.42736e+06,9,QOSDATA_TID6,1066
6.42754e+06,20,ACK,14
6.42759e+06,9,CTL,20
6.42767e+06,3,RTS,20
6.42767e+06,6,RTS,20
6.42774e+06,20,CTS,14
6.4278e+06,6,QOSDATA_TID6,1066
6.42798e+06,20,ACK,14
6.42803e+06,6,CTL,20
6.42812e+06,4,RTS,20
6.42818e+06,20,CTS,14
6.42824e+06,4,QOSDATA_TID6,1066
6.42843e+06,20,ACK,14
6.42847e+06,4,QOSDATA_TID6,1066
6.42866e+06,20,ACK,14
6.4287e+06,4,QOSDATA_TID6,1066
6.42888e+06,20,ACK,14
6.42893e+06,4,QOSDATA_TID6,1066
6.42911e+06,20,ACK,14
6.42916e+06,4,QOSDATA_TID6,1066
6.42934e+06,20,ACK,14
6.42938e+06,4,CTL,20
6.42947e+06,16,RTS,20
6.42947e+06,1,RTS,20
6.42947e+06,17,RTS,20
6.42947e+06,19,RTS,20
6.42947e+06,15,RTS,20
6.42947e+06,0,RTS,20
6.42958e+06,8,RTS,20
6.42964e+06,20,CTS,14
6.4297e+06,8,QOSDATA_TID6,1066
6.42989e+06,20,ACK,14
6.42993e+06,8,QOSDATA_TID6,1066
6.43012e+06,20,ACK,14
6.43016e+06,8,CTL,20
6.43025e+06,19,RTS,20
6.43031e+06,20,CTS,14
6.43037e+06,19,QOSDATA_TID6,1066
6.43056e+06,20,ACK,14
6.4306e+06,19,CTL,20
6.43069e+06,5,RTS,20
6.43069e+06,2,RTS,20
6.43069e+06,18,RTS,20
6.43069e+06,10,RTS,20
6.43069e+06,15,RTS,20
6.43076e+06,20,CTS,14
6.43082e+06,5,QOSDATA_TID6,1066
6.431e+06,20,ACK,14
6.43104e+06,5,CTL,20
6.43113e+06,11,RTS,20
6.4312e+06,20,CTS,14
6.43126e+06,11,QOSDATA_TID6,1066
6.43144e+06,20,ACK,14
6.43149e+06,11,QOSDATA_TID6,1066
6.43167e+06,20,ACK,14
6.43171e+06,11,QOSDATA_TID6,1066
6.4319e+06,20,ACK,14
6.43194e+06,11,CTL,20
6.43204e+06,8,RTS,20
6.43204e+06,3,RTS,20
6.43204e+06,0,CTS,14
6.43204e+06,18,RTS,20
6.43213e+06,0,RTS,20
6.4322e+06,20,CTS,14
6.43226e+06,0,QOSDATA_TID6,1066
6.43244e+06,20,ACK,14
6.43249e+06,0,CTL,20
6.43257e+06,18,RTS,20
6.43257e+06,3,RTS,20
6.43268e+06,8,RTS,20
6.43275e+06,20,CTS,14
6.43281e+06,8,QOSDATA_TID6,1066
6.43299e+06,20,ACK,14
6.43304e+06,8,CTL,20
6.43313e+06,1,RTS,20
6.43313e+06,16,RTS,20
6.4332e+06,20,CTS,14
6.43326e+06,1,QOSDATA_TID6,1066
6.43344e+06,20,ACK,14
6.43349e+06,1,QOSDATA_TID6,1066
6.43367e+06,20,ACK,14
6.43372e+06,1,CTL,20
6.4338e+06,14,RTS,20
6.43387e+06,20,CTS,14
6.43393e+06,14,QOSDATA_TID6,1066
6.43411e+06,20,ACK,14
6.43416e+06,14,QOSDATA_TID6,1066
6.43434e+06,20,ACK,14
6.43439e+06,14,QOSDATA_TID6,1066
6.43457e+06,20,ACK,14
6.43462e+06,14,CTL,20
6.4347e+06,0,RTS,20
6.4347e+06,7,RTS,20
6.4348e+06,15,RTS,20
6.4348e+06,9,RTS,20
6.43487e+06,20,CTS,14
6.43493e+06,15,QOSDATA_TID6,1066
6.43511e+06,20,ACK,14
6.43516e+06,15,CTL,20
6.43524e+06,7,RTS,20
6.43524e+06,19,RTS,20
6.43524e+06,11,RTS,20
6.43524e+06,9,RTS,20
6.43536e+06,18,RTS,20
6.43536e+06,6,RTS,20
6.43546e+06,12,RTS,20
6.43546e+06,19,RTS,20
6.43546e+06,13,RTS,20
6.43546e+06,11,RTS,20
6.43553e+06,20,CTS,14
6.43559e+06,12,QOSDATA_TID6,1066
6.43578e+06,20,ACK,14
6.43582e+06,12,CTL,20
6.43591e+06,11,RTS,20
6.43591e+06,9,RTS,20
6.43601e+06,6,RTS,20
6.43608e+06,20,CTS,14
6.43614e+06,6,QOSDATA_TID6,1066
6.43632e+06,20,ACK,14
6.43637e+06,6,CTL,20
6.43646e+06,5,RTS,20
6.43646e+06,11,RTS,20
6.43652e+06,20,CTS,14
6.43658e+06,5,QOSDATA_TID6,1066
6.43677e+06,20,ACK,14
6.43681e+06,5,CTL,20
6.43691e+06,1,RTS,20
6.43691e+06,19,RTS,20
6.43691e+06,4,RTS,20
6.437e+06,17,RTS,20
6.437e+06,15,RTS,20
6.437e+06,3,RTS,20
6.43707e+06,20,CTS,14
6.43713e+06,17,QOSDATA_TID6,1066
6.43732e+06,20,ACK,14
6.43736e+06,17,QOSDATA_TID6,1066
6.43754e+06,20,ACK,14
6.43759e+06,17,CTL,20
6.43768e+06,2,RTS,20
6.43768e+06,4,RTS,20
6.43768e+06,3,RTS,20
6.43768e+06,10,RTS,20
6.43778e+06,19,RTS,20
6.43778e+06,0,RTS,20
6.43778e+06,15,RTS,20
6.4379e+06,7,RTS,20
6.4379e+06,9,RTS,20
6.43796e+06,20,CTS,14
6.43802e+06,7,QOSDATA_TID6,1066
6.43821e+06,20,ACK,14
6.43825e+06,7,CTL,20
6.43835e+06,9,RTS,20
6.43842e+06,20,CTS,14
6.43848e+06,9,QOSDATA_TID6,1066
6.43866e+06,20,ACK,14
6.4387e+06,9,CTL,20
6.43879e+06,18,RTS,20
6.43879e+06,4,RTS,20
6.43886e+06,20,CTS,14
6.43892e+06,18,QOSDATA_TID6,1066
6.4391e+06,20,ACK,14
6.43915e+06,18,QOSDATA_TID6,1066
6.43933e+06,20,ACK,14
6.43937e+06,18,CTL,20
6.43946e+06,15,RTS,20
6.43953e+06,20,CTS,14
6.43959e+06,15,QOSDATA_TID6,1066
6.43977e+06,20,ACK,14
6.43982e+06,15,CTL,20
6.4399e+06,8,RTS,20
6.4399e+06,1,RTS,20
6.4399e+06,10,RTS,20
6.44e+06,14,RTS,20
6.44e+06,13,RTS,20
6.4401e+06,3,RTS,20
6.44017e+06,20,CTS,14
6.44023e+06,3,QOSDATA_TID6,1066
6.44041e+06,20,ACK,14
6.44045e+06,3,QOSDATA_TID6,1066
6.44064e+06,20,ACK,14
6.44068e+06,3,CTL,20
6.44077e+06,2,RTS,20
6.44077e+06,14,RTS,20
6.44077e+06,13,RTS,20
6.44088e+06,1,RTS,20
6.44094e+06,20,CTS,14
6.441e+06,1,QOSDATA_TID6,1066
6.44119e+06,20,ACK,14
6.44123e+06,1,CTL,20
6.44132e+06,8,RTS,20
6.44132e+06,11,RTS,20
6.44132e+06,4,RTS,20
6.44132e+06,0,CTS,14
6.44145e+06,11,RTS,20
6.44152e+06,20,CTS,14
6.44158e+06,11,QOSDATA_TID6,1066
6.44176e+06,20,ACK,14
6.4418e+06,11,CTL,20
6.44189e+06,16,RTS,20
6.44189e+06,8,RTS,20
6.44189e+06,9,RTS,20
6.44196e+06,20,CTS,14
6.44202e+06,8,QOSDATA_TID6,1066
6.4422e+06,20,ACK,14
6.44225e+06,8,CTL,20
6.44234e+06,7,RTS,20
6.44241e+06,20,CTS,14
6.44247e+06,7,QOSDATA_TID6,1066
6.44265e+06,20,ACK,14
6.4427e+06,7,CTL,20
6.44278e+06,13,RTS,20
6.44278e+06,16,RTS,20
6.44278e+06,11,RTS,20
6.44278e+06,3,RTS,20
6.44288e+06,4,RTS,20
6.44288e+06,14,RTS,20
6.44299e+06,9,RTS,20
6.44299e+06,2,RTS,20
6.44306e+06,20,CTS,14
6.44312e+06,2,QOSDATA_TID6,1066
6.4433e+06,20,ACK,14
6.44335e+06,2,QOSDATA_TID6,1066
6.44353e+06,20,ACK,14
6.44358e+06,2,CTL,20
6.44366e+06,17,RTS,20
6.44373e+06,20,CTS,14
6.44379e+06,17,QOSDATA_TID6,1066
6.44398e+06,20,ACK,14
6.44402e+06,17,CTL,20
6.4441e+06,19,RTS,20
6.4441e+06,12,RTS,20
6.4441e+06,6,RTS,20
6.4441e+06,10,RTS,20
6.4441e+06,14,RTS,20
6.4442e+06,13,RTS,20
6.4442e+06,4,RTS,20
6.4443e+06,5,RTS,20
6.44437e+06,20,CTS,14
6.44443e+06,5,QOSDATA_TID6,1066
6.44461e+06,20,ACK,14
6.44466e+06,5,CTL,20
6.44474e+06,12,RTS,20
6.44474e+06,9,RTS,20
6.44481e+06,20,CTS,14
6.44487e+06,12,QOSDATA_TID6,1066
6.44506e+06,20,ACK,14
6.4451e+06,12,CTL,20
6.44518e+06,9,RTS,20
6.44525e+06,20,CTS,14
6.44531e+06,9,QOSDATA_TID6,1066
6.4455e+06,20,ACK,14
6.44554e+06,9,CTL,20
6.44563e+06,3,RTS,20
6.44563e+06,2,RTS,20
6.44563e+06,6,RTS,20
6.44563e+06,4,RTS,20
6.44563e+06,14,RTS,20
6.44563e+06,13,RTS,20
6.44573e+06,1,RTS,20
6.4458e+06,20,CTS,14
6.44586e+06,1,QOSDATA_TID6,1066
6.44605e+06,20,ACK,14
6.44609e+06,1,CTL,20
6.44618e+06,10,RTS,20
6.44624e+06,20,CTS,14
6.4463e+06,10,QOSDATA_TID6,1066
6.44649e+06,20,ACK,14
6.44653e+06,10,QOSDATA_TID6,1066
6.44672e+06,20,ACK,14
6.44676e+06,10,QOSDATA_TID6,1066
6.44694e+06,20,ACK,14
6.44699e+06,10,CTL,20
6.44707e+06,14,RTS,20
6.44714e+06,20,CTS,14
6.4472e+06,14,QOSDATA_TID6,1066
6.44739e+06,20,ACK,14
6.44743e+06,14,QOSDATA_TID6,1066
6.44761e+06,20,ACK,14
6.44766e+06,14,CTL,20
6.44774e+06,15,RTS,20
6.44774e+06,6,RTS,20
6.44774e+06,8,RTS,20
6.44774e+06,16,RTS,20
6.44785e+06,13,RTS,20
6.44792e+06,20,CTS,14
6.44798e+06,13,QOSDATA_TID6,1066
6.44816e+06,20,ACK,14
6.44821e+06,13,QOSDATA_TID6,1066
6.44839e+06,20,ACK,14
6.44844e+06,13,CTL,20
6.44852e+06,2,RTS,20
6.44859e+06,20,CTS,14
6.44865e+06,2,QOSDATA_TID6,1066
6.44883e+06,20,ACK,14
6.44888e+06,2,CTL,20
6.44896e+06,18,RTS,20
6.44896e+06,11,RTS,20
6.44909e+06,11,RTS,20
6.4491e+06,15,RTS,20
6.44921e+06,3,RTS,20
6.44928e+06,20,CTS,14
6.44934e+06,3,QOSDATA_TID6,1066
6.44953e+06,20,ACK,14
6.44957e+06,3,CTL,20
6.44966e+06,0,RTS,20
6.44966e+06,15,RTS,20
6.44975e+06,19,RTS,20
6.44982e+06,20,CTS,14
6.44988e+06,19,QOSDATA_TID6,1066
6.45007e+06,20,ACK,14
6.45011e+06,19,QOSDATA_TID6,1066
6.45029e+06,20,ACK,14
6.45034e+06,19,CTL,20
6.45042e+06,11,RTS,20
6.45042e+06,12,RTS,20
6.45042e+06,15,RTS,20
6.45049e+06,20,CTS,14
6.45055e+06,12,QOSDATA_TID6,1066
6.45074e+06,20,ACK,14
6.45078e+06,12,CTL,20
6.45088e+06,7,RTS,20
6.45088e+06,4,RTS,20
6.45088e+06,13,RTS,20
6.45088e+06,6,RTS,20
6.45097e+06,8,RTS,20
6.45097e+06,19,RTS,20
6.45104e+06,20,CTS,14
6.4511e+06,8,QOSDATA_TID6,1066
6.45128e+06,20,ACK,14
6.45133e+06,8,CTL,20
6.45142e+06,7,RTS,20
6.45148e+06,20,CTS,14
6.45154e+06,7,QOSDATA_TID6,1066
6.45173e+06,20,ACK,14
6.45177e+06,7,CTL,20
6.45186e+06,17,RTS,20
6.45186e+06,1,RTS,20
6.45196e+06,3,RTS,20
6.45196e+06,9,RTS,20
6.45205e+06,18,RTS,20
6.45205e+06,1,RTS,20
6.45205e+06,15,RTS,20
6.45216e+06,6,RTS,20
6.45216e+06,3,RTS,20
6.45216e+06,9,RTS,20
6.45227e+06,19,RTS,20
6.45227e+06,17,RTS,20
6.45227e+06,16,RTS,20
6.45227e+06,4,RTS,20
6.45237e+06,13,RTS,20
6.45237e+06,0,RTS,20
6.45244e+06,20,CTS,14
6.4525e+06,0,QOSDATA_TID6,1066
6.45269e+06,20,ACK,14
6.45273e+06,0,QOSDATA_TID6,1066
6.45291e+06,20,ACK,14
6.45296e+06,0,QOSDATA_TID6,1066
6.45314e+06,20,ACK,14
6.45319e+06,0,CTL,20
6.45327e+06,1,RTS,20
6.45327e+06,4,RTS,20
6.45334e+06,20,CTS,14
6.4534e+06,1,QOSDATA_TID6,1066
6.45358e+06,20,ACK,14
6.45363e+06,1,CTL,20
6.45372e+06,11,RTS,20
6.45372e+06,10,RTS,20
6.45382e+06,15,RTS,20
6.45389e+06,20,CTS,14
6.45395e+06,15,QOSDATA_TID6,1066
6.45413e+06,20,ACK,14
6.45418e+06,15,QOSDATA_TID6,1066
6.45436e+06,20,ACK,14
6.4544e+06,15,CTL,20
6.4545e+06,11,RTS,20
6.45457e+06,20,CTS,14
6.45463e+06,11,QOSDATA_TID6,1066
6.45481e+06,20,ACK,14
6.45486e+06,11,QOSDATA_TID6,1066
6.45504e+06,20,ACK,14
6.45508e+06,11,CTL,20
6.45517e+06,16,RTS,20
6.45517e+06,17,RTS,20
6.45517e+06,5,RTS,20
6.45528e+06,2,RTS,20
6.45528e+06,9,RTS,20
6.45528e+06,14,RTS,20
6.45538e+06,8,RTS,20
6.45544e+06,20,CTS,14
6.4555e+06,8,QOSDATA_TID6,1066
6.45569e+06,20,ACK,14
6.45573e+06,8,CTL,20
6.45582e+06,10,RTS,20
6.45588e+06,20,CTS,14
6.45594e+06,10,QOSDATA_TID6,1066
6.45613e+06,20,ACK,14
6.45617e+06,10,CTL,20
6.45626e+06,19,RTS,20
6.45633e+06,20,CTS,14
6.45639e+06,19,QOSDATA_TID6,1066
6.45657e+06,20,ACK,14
6.45662e+06,19,CTL,20
6.45671e+06,16,RTS,20
6.45671e+06,9,RTS,20
6.45671e+06,13,RTS,20
6.45683e+06,5,RTS,20
6.45689e+06,20,CTS,14
6.45695e+06,5,QOSDATA_TID6,1066
6.45714e+06,20,ACK,14
6.45718e+06,5,CTL,20
6.45727e+06,6,RTS,20
6.45734e+06,20,CTS,14
6.4574e+06,6,QOSDATA_TID6,1066
6.45758e+06,20,ACK,14
6.45762e+06,6,QOSDATA_TID6,1066
6.45781e+06,20,ACK,14
6.45785e+06,6,CTL,20
6.45795e+06,7,RTS,20
6.45795e+06,17,RTS,20
6.45795e+06,3,RTS,20
6.45795e+06,9,RTS,20
6.45795e+06,4,RTS,20
6.45805e+06,0,RTS,20
6.45805e+06,14,RTS,20
6.45805e+06,18,RTS,20
6.45814e+06,7,RTS,20
6.45821e+06,20,CTS,14
6.45827e+06,7,QOSDATA_TID6,1066
6.45846e+06,20,ACK,14
6.4585e+06,7,CTL,20
6.45859e+06,4,RTS,20
6.45859e+06,14,RTS,20
6.45869e+06,13,RTS,20
6.45876e+06,20,CTS,14
6.45882e+06,13,QOSDATA_TID6,1066
6.459e+06,20,ACK,14
6.45905e+06,13,QOSDATA_TID6,1066
6.45923e+06,20,ACK,14
6.45928e+06,13,CTL,20
6.45936e+06,2,RTS,20
6.45936e+06,3,RTS,20
6.45943e+06,20,CTS,14
6.45949e+06,2,QOSDATA_TID6,1066
6.45968e+06,20,ACK,14
6.45972e+06,2,CTL,20
6.4598e+06,3,RTS,20
6.45987e+06,20,CTS,14
6.45993e+06,3,QOSDATA_TID6,1066
6.46012e+06,20,ACK,14
6.46016e+06,3,QOSDATA_TID6,1066
6.46034e+06,20,ACK,14
6.46039e+06,3,CTL,20
6.46048e+06,19,RTS,20
6.46048e+06,1,RTS,20
6.46048e+06,6,RTS,20
6.46048e+06,11,RTS,20
6.46057e+06,12,RTS,20
6.46064e+06,20,CTS,14
6.4607e+06,12,QOSDATA_TID6,1066
6.46088e+06,20,ACK,14
6.46093e+06,12,CTL,20
6.46102e+06,17,RTS,20
6.46102e+06,19,RTS,20
6.46102e+06,6,RTS,20
6.46111e+06,16,RTS,20
6.46118e+06,20,CTS,14
6.46124e+06,16,QOSDATA_TID6,1066
6.46142e+06,20,ACK,14
6.46147e+06,16,QOSDATA_TID6,1066
6.46165e+06,20,ACK,14
6.4617e+06,16,QOSDATA_TID6,1066
6.46188e+06,20,ACK,14
6.46192e+06,16,QOSDATA_TID6,1066
6.46211e+06,20,ACK,14
6.46215e+06,16,CTL,20
6.46224e+06,4,RTS,20
6.46224e+06,17,RTS,20
6.46224e+06,2,RTS,20
6.46224e+06,9,RTS,20
6.46231e+06,20,CTS,14
6.46237e+06,17,QOSDATA_TID6,1066
6.46255e+06,20,ACK,14
6.4626e+06,17,QOSDATA_TID6,1066
6.46278e+06,20,ACK,14
6.46282e+06,17,CTL,20
6.46292e+06,15,RTS,20
6.46292e+06,10,RTS,20
6.46299e+06,20,CTS,14
6.46305e+06,15,QOSDATA_TID6,1066
6.46323e+06,20,ACK,14
6.46327e+06,15,CTL,20
6.46336e+06,19,RTS,20
6.46336e+06,10,RTS,20
6.46343e+06,20,CTS,14
6.46349e+06,19,QOSDATA_TID6,1066
6.46367e+06,20,ACK,14
6.46372e+06,19,CTL,20
6.46381e+06,8,RTS,20
6.46381e+06,10,RTS,20
6.46388e+06,20,CTS,14
6.46394e+06,8,QOSDATA_TID6,1066
6.46412e+06,20,ACK,14
6.46417e+06,8,CTL,20
6.46427e+06,1,RTS,20
6.46427e+06,5,RTS,20
6.46427e+06,11,RTS,20
6.46427e+06,2,RTS,20
6.46427e+06,9,RTS,20
6.46427e+06,18,RTS,20
6.46427e+06,10,RTS,20
6.46427e+06,14,RTS,20
6.4644e+06,0,RTS,20
6.46446e+06,20,CTS,14
6.46452e+06,0,QOSDATA_TID6,1066
6.46471e+06,20,ACK,14
6.46475e+06,0,CTL,20
6.46484e+06,6,RTS,20
6.46491e+06,20,CTS,14
6.46497e+06,6,QOSDATA_TID6,1066
6.46515e+06,20,ACK,14
6.46519e+06,6,CTL,20
6.46528e+06,10,RTS,20
6.46528e+06,9,RTS,20
6.46528e+06,16,RTS,20
6.46539e+06,0,RTS,20
6.46546e+06,20,CTS,14
6.46552e+06,0,QOSDATA_TID6,1066
6.4657e+06,20,ACK,14
6.46574e+06,0,CTL,20
6.46583e+06,2,RTS,20
6.4659e+06,20,CTS,14
6.46596e+06,2,QOSDATA_TID6,1066
6.46614e+06,20,ACK,14
6.46619e+06,2,CTL,20
6.46627e+06,18,RTS,20
6.46634e+06,20,CTS,14
6.4664e+06,18,QOSDATA_TID6,1066
6.46658e+06,20,ACK,14
6.46663e+06,18,QOSDATA_TID6,1066
6.46681e+06,20,ACK,14
6.46686e+06,18,QOSDATA_TID6,1066
6.46704e+06,20,ACK,14
6.46708e+06,18,CTL,20
6.46716e+06,20,BEACON,152
6.46742e+06,5,RTS,20
6.46742e+06,12,RTS,20
6.46742e+06,17,RTS,20
6.46742e+06,13,RTS,20
6.46742e+06,3,RTS,20
6.46742e+06,4,RTS,20
6.46752e+06,6,RTS,20
6.46759e+06,20,CTS,14
6.46765e+06,6,QOSDATA_TID6,1066
6.46783e+06,20,ACK,14
6.46788e+06,6,CTL,20
6.46796e+06,14,RTS,20
6.46796e+06,10,RTS,20
6.46796e+06,1,RTS,20
6.46808e+06,13,RTS,20
6.46815e+06,20,CTS,14
6.46821e+06,13,QOSDATA_TID6,1066
6.46839e+06,20,ACK,14
6.46844e+06,13,CTL,20
6.46853e+06,7,RTS,20
6.46853e+06,14,RTS,20
6.46853e+06,19,RTS,20
6.46853e+06,9,RTS,20
6.46864e+06,4,RTS,20
6.4687e+06,20,CTS,14
6.46876e+06,4,QOSDATA_TID6,1066
6.46895e+06,20,ACK,14
6.46899e+06,4,QOSDATA_TID6,1066
6.46918e+06,20,ACK,14
6.46922e+06,4,QOSDATA_TID6,1066
6.4694e+06,20,ACK,14
6.46945e+06,4,CTL,20
6.46954e+06,11,RTS,20
6.46954e+06,19,RTS,20
6.46966e+06,15,RTS,20
6.46973e+06,20,CTS,14
6.46979e+06,15,QOSDATA_TID6,1066
6.46997e+06,20,ACK,14
6.47002e+06,15,CTL,20
6.4701e+06,7,RTS,20
6.4701e+06,12,RTS,20
6.4701e+06,11,RTS,20
6.47021e+06,19,RTS,20
6.47021e+06,3,RTS,20
6.47021e+06,14,RTS,20
6.47021e+06,10,RTS,20
6.47032e+06,2,RTS,20
6.47039e+06,20,CTS,14
6.47045e+06,2,QOSDATA_TID6,1066
6.47064e+06,20,ACK,14
6.47068e+06,2,CTL,20
6.47078e+06,11,RTS,20
6.47084e+06,20,CTS,14
6.4709e+06,11,QOSDATA_TID6,1066
6.47109e+06,20,ACK,14
6.47113e+06,11,QOSDATA_TID6,1066
6.47132e+06,20,ACK,14
6.47136e+06,11,CTL,20
6.47145e+06,17,RTS,20
6.47145e+06,9,RTS,20
6.47145e+06,10,RTS,20
6.47151e+06,20,CTS,14
6.47157e+06,17,QOSDATA_TID6,1066
6.47176e+06,20,ACK,14
6.4718e+06,17,CTL,20
6.47189e+06,14,RTS,20
6.47196e+06,20,CTS,14
6.47202e+06,14,QOSDATA_TID6,1066
6.4722e+06,20,ACK,14
6.47224e+06,14,QOSDATA_TID6,1066
6.47243e+06,20,ACK,14
6.47247e+06,14,CTL,20
6.47256e+06,18,RTS,20
6.47256e+06,5,RTS,20
6.47256e+06,8,RTS,20
6.47256e+06,10,RTS,20
6.47256e+06,16,RTS,20
6.47267e+06,12,RTS,20
6.47267e+06,7,RTS,20
6.47273e+06,20,CTS,14
6.47279e+06,12,QOSDATA_TID6,1066
6.47298e+06,20,ACK,14
6.47302e+06,12,CTL,20
6.47311e+06,8,RTS,20
6.47311e+06,0,RTS,20
6.47318e+06,20,CTS,14
6.47324e+06,8,QOSDATA_TID6,1066
6.47342e+06,20,ACK,14
6.47346e+06,8,CTL,20
6.47355e+06,3,RTS,20
6.47355e+06,0,RTS,20
6.47362e+06,20,CTS,14
6.47368e+06,0,QOSDATA_TID6,1066
6.47386e+06,20,ACK,14
6.47391e+06,0,CTL,20
6.474e+06,1,RTS,20
6.474e+06,19,RTS,20
6.474e+06,13,RTS,20
6.4741e+06,5,RTS,20
6.4741e+06,10,RTS,20
6.47417e+06,20,CTS,14
6.47423e+06,5,QOSDATA_TID6,1066
6.47441e+06,20,ACK,14
6.47446e+06,5,QOSDATA_TID6,1066
6.47464e+06,20,ACK,14
6.47468e+06,5,CTL,20
6.47477e+06,19,RTS,20
6.47484e+06,20,CTS,14
6.4749e+06,19,QOSDATA_TID6,1066
6.47508e+06,20,ACK,14
6.47512e+06,19,QOSDATA_TID6,1066
6.47531e+06,20,ACK,14
6.47535e+06,19,CTL,20
6.47544e+06,1,RTS,20
6.47544e+06,17,RTS,20
6.47544e+06,12,RTS,20
6.47544e+06,9,RTS,20
6.47544e+06,10,RTS,20
6.47554e+06,16,RTS,20
6.4756e+06,20,CTS,14
6.47566e+06,16,QOSDATA_TID6,1066
6.47585e+06,20,ACK,14
6.47589e+06,16,QOSDATA_TID6,1066
6.47608e+06,20,ACK,14
6.47612e+06,16,CTL,20
6.47621e+06,11,RTS,20
6.47621e+06,9,RTS,20
6.4763e+06,5,RTS,20
6.47637e+06,20,CTS,14
6.47643e+06,5,QOSDATA_TID6,1066
6.47662e+06,20,ACK,14
6.47666e+06,5,CTL,20
6.47675e+06,6,RTS,20
6.47682e+06,20,CTS,14
6.47688e+06,6,QOSDATA_TID6,1066
6.47706e+06,20,ACK,14
6.4771e+06,6,CTL,20
6.47719e+06,18,RTS,20
6.47719e+06,2,RTS,20
6.47719e+06,12,RTS,20
6.47719e+06,17,RTS,20
6.47719e+06,4,RTS,20
6.4773e+06,15,RTS,20
6.47736e+06,20,CTS,14
6.47742e+06,15,QOSDATA_TID6,1066
6.47761e+06,20,ACK,14
6.47765e+06,15,CTL,20
6.47774e+06,13,RTS,20
6.47781e+06,20,CTS,14
6.47787e+06,13,QOSDATA_TID6,1066
6.47805e+06,20,ACK,14
6.47809e+06,13,CTL,20
6.47818e+06,7,RTS,20
6.47818e+06,3,RTS,20
6.47825e+06,20,CTS,14
6.47831e+06,7,QOSDATA_TID6,1066
6.47849e+06,20,ACK,14
6.47854e+06,7,QOSDATA_TID6,1066
6.47872e+06,20,ACK,14
6.47876e+06,7,CTL,20
6.47885e+06,8,RTS,20
6.47892e+06,20,CTS,14
6.47898e+06,8,QOSDATA_TID6,1066
6.47916e+06,20,ACK,14
6.47921e+06,8,CTL,20
6.47929e+06,11,RTS,20
6.47929e+06,4,RTS,20
6.47929e+06,9,RTS,20
6.47939e+06,14,RTS,20
6.47946e+06,20,CTS,14
6.47952e+06,14,QOSDATA_TID6,1066
6.4797e+06,20,ACK,14
6.47975e+06,14,CTL,20
6.47983e+06,12,RTS,20
6.47983e+06,4,RTS,20
6.4799e+06,20,CTS,14
6.47996e+06,12,QOSDATA_TID6,1066
6.48014e+06,20,ACK,14
6.48019e+06,12,CTL,20
6.48028e+06,1,RTS,20
6.48035e+06,20,CTS,14
6.48041e+06,1,QOSDATA_TID6,1066
6.4806e+06,20,ACK,14
6.48064e+06,1,QOSDATA_TID6,1066
6.48082e+06,20,ACK,14
6.48087e+06,1,QOSDATA_TID6,1066
6.48105e+06,20,ACK,14
6.4811e+06,1,CTL,20
6.48118e+06,2,RTS,20
6.48118e+06,0,RTS,20
6.48128e+06,18,RTS,20
6.48128e+06,16,RTS,20
6.48143e+06,18,RTS,20
6.4815e+06,20,CTS,14
6.48156e+06,18,QOSDATA_TID6,1066
6.48174e+06,20,ACK,14
6.48178e+06,18,QOSDATA_TID6,1066
6.48197e+06,20,ACK,14
6.48201e+06,18,CTL,20
6.48211e+06,0,RTS,20
6.48211e+06,17,RTS,20
6.48211e+06,7,RTS,20
6.48211e+06,16,RTS,20
6.48211e+06,13,RTS,20
6.48221e+06,10,RTS,20
6.48227e+06,20,CTS,14
6.48233e+06,10,QOSDATA_TID6,1066
6.48252e+06,20,ACK,14
6.48256e+06,10,QOSDATA_TID6,1066
6.48275e+06,20,ACK,14
6.48279e+06,10,CTL,20
6.48288e+06,0,CTS,14
6.48288e+06,16,RTS,20
6.48299e+06,0,RTS,20
6.48306e+06,20,CTS,14
6.48312e+06,0,QOSDATA_TID6,1066
6.4833e+06,20,ACK,14
6.48334e+06,0,CTL,20
6.48343e+06,3,RTS,20
6.48343e+06,7,RTS,20
6.4835e+06,20,CTS,14
6.48356e+06,7,QOSDATA_TID6,1066
6.48374e+06,20,ACK,14
6.48379e+06,7,CTL,20
6.48388e+06,12,RTS,20
6.48388e+06,17,RTS,20
6.48388e+06,11,RTS,20
6.48388e+06,6,RTS,20
6.484e+06,2,RTS,20
6.48407e+06,20,CTS,14
6.48413e+06,2,QOSDATA_TID6,1066
6.48431e+06,20,ACK,14
6.48435e+06,2,CTL,20
6.48444e+06,9,RTS,20
6.48444e+06,11,RTS,20
6.48455e+06,6,RTS,20
6.48462e+06,20,CTS,14
6.48468e+06,6,QOSDATA_TID6,1066
6.48486e+06,20,ACK,14
6.4849e+06,6,CTL,20
6.485e+06,15,RTS,20
6.485e+06,5,RTS,20
6.485e+06,3,RTS,20
6.485e+06,13,RTS,20
6.48507e+06,20,CTS,14
6.48513e+06,5,QOSDATA_TID6,1066
6.48531e+06,20,ACK,14
6.48535e+06,5,CTL,20
6.48545e+06,4,RTS,20
6.48545e+06,10,RTS,20
6.48555e+06,19,RTS,20
6.48562e+06,20,CTS,14
6.48568e+06,19,QOSDATA_TID6,1066
6.48586e+06,20,ACK,14
6.4859e+06,19,CTL,20
6.48601e+06,1,RTS,20
6.48601e+06,13,RTS,20
6.48608e+06,20,CTS,14
6.48614e+06,1,QOSDATA_TID6,1066
6.48632e+06,20,ACK,14
6.48636e+06,1,CTL,20
6.48647e+06,18,RTS,20
6.48654e+06,20,CTS,14
6.4866e+06,18,QOSDATA_TID6,1066
6.48678e+06,20,ACK,14
6.48682e+06,18,CTL,20
6.48691e+06,2,RTS,20
6.48691e+06,15,RTS,20
6.48691e+06,13,RTS,20
6.48701e+06,8,RTS,20
6.48708e+06,20,CTS,14
6.48714e+06,8,QOSDATA_TID6,1066
6.48732e+06,20,ACK,14
6.48736e+06,8,CTL,20
6.48745e+06,17,RTS,20
6.48745e+06,4,RTS,20
6.48745e+06,13,RTS,20
6.48745e+06,14,RTS,20
6.48752e+06,20,CTS,14
6.48758e+06,17,QOSDATA_TID6,1066
6.48776e+06,20,ACK,14
6.4878e+06,17,QOSDATA_TID6,1066
6.48799e+06,20,ACK,14
6.48803e+06,17,CTL,20
6.48812e+06,3,RTS,20
6.48812e+06,10,RTS,20
6.48822e+06,11,RTS,20
6.48822e+06,16,RTS,20
6.48822e+06,13,RTS,20
6.48822e+06,4,RTS,20
6.48832e+06,12,RTS,20
6.48832e+06,3,RTS,20
6.48839e+06,20,CTS,14
6.48845e+06,12,QOSDATA_TID6,1066
6.48864e+06,20,ACK,14
6.48868e+06,12,CTL,20
6.48878e+06,16,RTS,20
6.48884e+06,20,CTS,14
6.4889e+06,16,QOSDATA_TID6,1066
6.48909e+06,20,ACK,14
6.48913e+06,16,QOSDATA_TID6,1066
6.48932e+06,20,ACK,14
6.48936e+06,16,CTL,20
6.48945e+06,0,RTS,20
6.48945e+06,10,RTS,20
6.48951e+06,20,CTS,14
6.48957e+06,0,QOSDATA_TID6,1066
6.48976e+06,20,ACK,14
6.4898e+06,0,CTL,20
6.48989e+06,4,RTS,20
6.48996e+06,20,CTS,14
6.49002e+06,4,QOSDATA_TID6,1066
6.4902e+06,20,ACK,14
6.49024e+06,4,QOSDATA_TID6,1066
6.49043e+06,20,ACK,14
6.49047e+06,4,CTL,20
6.49056e+06,11,RTS,20
6.49056e+06,12,RTS,20
6.49056e+06,15,RTS,20
6.49056e+06,2,RTS,20
6.49056e+06,3,RTS,20
6.49056e+06,9,RTS,20
6.49067e+06,10,RTS,20
6.49067e+06,13,RTS,20
6.49083e+06,10,RTS,20
6.4909e+06,20,CTS,14
6.49096e+06,10,QOSDATA_TID6,1066
6.49114e+06,20,ACK,14
6.49119e+06,10,CTL,20
6.49127e+06,13,RTS,20
6.49134e+06,20,CTS,14
6.4914e+06,13,QOSDATA_TID6,1066
6.49159e+06,20,ACK,14
6.49163e+06,13,CTL,20
6.49172e+06,7,RTS,20
6.49172e+06,14,RTS,20
6.49172e+06,1,RTS,20
6.49172e+06,19,RTS,20
6.49183e+06,2,RTS,20
6.49183e+06,17,RTS,20
6.49183e+06,11,RTS,20
6.49183e+06,3,RTS,20
6.49183e+06,9,RTS,20
6.49194e+06,6,RTS,20
6.49201e+06,20,CTS,14
6.49207e+06,6,QOSDATA_TID6,1066
6.49225e+06,20,ACK,14
6.4923e+06,6,CTL,20
6.49238e+06,1,RTS,20
6.49238e+06,19,RTS,20
6.49248e+06,17,RTS,20
6.49248e+06,7,RTS,20
6.49248e+06,14,RTS,20
6.49259e+06,9,RTS,20
6.49265e+06,20,CTS,14
6.49271e+06,9,QOSDATA_TID6,1066
6.4929e+06,20,ACK,14
6.49294e+06,9,QOSDATA_TID6,1066
6.49313e+06,20,ACK,14
6.49317e+06,9,QOSDATA_TID6,1066
6.49335e+06,20,ACK,14
6.4934e+06,9,QOSDATA_TID6,1066
6.49358e+06,20,ACK,14
6.49363e+06,9,CTL,20
6.49371e+06,4,RTS,20
6.49378e+06,20,CTS,14
6.49384e+06,4,QOSDATA_TID6,1066
6.49402e+06,20,ACK,14
6.49407e+06,4,CTL,20
6.49415e+06,11,RTS,20
6.49415e+06,2,RTS,20
6.49426e+06,5,RTS,20
6.49433e+06,20,CTS,14
6.49439e+06,5,QOSDATA_TID6,1066
6.49457e+06,20,ACK,14
6.49462e+06,5,CTL,20
6.4947e+06,15,RTS,20
6.49477e+06,20,CTS,14
6.49483e+06,15,QOSDATA_TID6,1066
6.49502e+06,20,ACK,14
6.49506e+06,15,QOSDATA_TID6,1066
6.49524e+06,20,ACK,14
6.49529e+06,15,CTL,20
6.49537e+06,17,RTS,20
6.49544e+06,20,CTS,14
6.4955e+06,17,QOSDATA_TID6,1066
6.49568e+06,20,ACK,14
6.49573e+06,17,CTL,20
6.49582e+06,8,RTS,20
6.49582e+06,1,RTS,20
6.49582e+06,19,RTS,20
6.49582e+06,12,RTS,20
6.49582e+06,3,RTS,20
6.49582e+06,18,RTS,20
6.49582e+06,10,RTS,20
6.49591e+06,11,RTS,20
6.49598e+06,20,CTS,14
6.49604e+06,11,QOSDATA_TID6,1066
6.49623e+06,20,ACK,14
6.49627e+06,11,QOSDATA_TID6,1066
6.49645e+06,20,ACK,14
6.4965e+06,11,CTL,20
6.49658e+06,2,RTS,20
6.49658e+06,3,RTS,20
6.49665e+06,20,CTS,14
6.49671e+06,2,QOSDATA_TID6,1066
6.4969e+06,20,ACK,14
6.49694e+06,2,QOSDATA_TID6,1066
6.49712e+06,20,ACK,14
6.49717e+06,2,CTL,20
6.49725e+06,3,RTS,20
6.49725e+06,14,RTS,20
6.49736e+06,12,RTS,20
6.49736e+06,7,RTS,20
6.49736e+06,16,RTS,20
6.49748e+06,19,RTS,20
6.49748e+06,3,RTS,20
6.49748e+06,0,RTS,20
6.49748e+06,14,RTS,20
6.49758e+06,12,RTS,20
6.49765e+06,20,CTS,14
6.49771e+06,12,QOSDATA_TID6,1066
6.4979e+06,20,ACK,14
6.49794e+06,12,CTL,20
6.49803e+06,9,RTS,20
6.49809e+06,20,CTS,14
6.49815e+06,9,QOSDATA_TID6,1066
6.49834e+06,20,ACK,14
6.49838e+06,9,CTL,20
6.49847e+06,10,RTS,20
6.49854e+06,20,CTS,14
6.4986e+06,10,QOSDATA_TID6,1066
6.49878e+06,20,ACK,14
6.49882e+06,10,CTL,20
6.49891e+06,3,RTS,20
6.49891e+06,19,RTS,20
6.49898e+06,20,CTS,14
6.49904e+06,19,QOSDATA_TID6,1066
6.49922e+06,20,ACK,14
6.49927e+06,19,QOSDATA_TID6,1066
6.49945e+06,20,ACK,14
6.49949e+06,19,CTL,20
6.49958e+06,17,RTS,20
6.49958e+06,3,RTS,20
6.49958e+06,6,RTS,20
6.49965e+06,20,CTS,14
6.49971e+06,17,QOSDATA_TID6,1066
6.49989e+06,20,ACK,14
6.49994e+06,17,CTL,20
6.50002e+06,13,RTS,20
6.50009e+06,20,CTS,14
6.50015e+06,13,QOSDATA_TID6,1066
6.50033e+06,20,ACK,14
6.50038e+06,13,CTL,20
6.50046e+06,12,RTS,20
6.50046e+06,16,RTS,20
6.50046e+06,3,RTS,20
6.50053e+06,20,CTS,14
6.50059e+06,12,QOSDATA_TID6,1066
6.50078e+06,20,ACK,14
6.50082e+06,12,CTL,20
6.50091e+06,15,RTS,20
6.50097e+06,20,CTS,14
6.50103e+06,15,QOSDATA_TID6,1066
6.50122e+06,20,ACK,14
6.50126e+06,15,CTL,20
6.50135e+06,0,RTS,20
6.50135e+06,5,RTS,20
6.50135e+06,1,RTS,20
6.50135e+06,4,RTS,20
6.50135e+06,10,RTS,20
6.50142e+06,20,CTS,14
6.50148e+06,5,QOSDATA_TID6,1066
6.50166e+06,20,ACK,14
6.5017e+06,5,CTL,20
6.50179e+06,8,RTS,20
6.50179e+06,1,RTS,20
6.50189e+06,7,RTS,20
6.50196e+06,20,CTS,14
6.50202e+06,7,QOSDATA_TID6,1066
6.5022e+06,20,ACK,14
6.50224e+06,7,QOSDATA_TID6,1066
6.50243e+06,20,ACK,14
6.50247e+06,7,CTL,20
6.50256e+06,11,RTS,20
6.50256e+06,16,RTS,20
6.50256e+06,2,RTS,20
6.50256e+06,14,RTS,20
6.50256e+06,18,RTS,20
6.50266e+06,6,RTS,20
6.50273e+06,20,CTS,14
6.50279e+06,6,QOSDATA_TID6,1066
6.50298e+06,20,ACK,14
6.50302e+06,6,CTL,20
6.50312e+06,8,RTS,20
6.50312e+06,3,RTS,20
6.50312e+06,1,RTS,20
6.50312e+06,4,RTS,20
6.50322e+06,18,RTS,20
6.50329e+06,20,CTS,14
6.50335e+06,18,QOSDATA_TID6,1066
6.50354e+06,20,ACK,14
6.50358e+06,18,QOSDATA_TID6,1066
6.50376e+06,20,ACK,14
6.50381e+06,18,CTL,20
6.50389e+06,3,RTS,20
6.50389e+06,11,RTS,20
6.504e+06,0,CTS,14
6.50412e+06,0,RTS,20
6.50418e+06,20,CTS,14
6.50424e+06,0,QOSDATA_TID6,1066
6.50443e+06,20,ACK,14
6.50447e+06,0,CTL,20
6.50457e+06,14,RTS,20
6.50463e+06,20,CTS,14
6.50469e+06,14,QOSDATA_TID6,1066
6.50488e+06,20,ACK,14
6.50492e+06,14,QOSDATA_TID6,1066
6.50511e+06,20,ACK,14
6.50515e+06,14,QOSDATA_TID6,1066
6.50533e+06,20,ACK,14
6.50538e+06,14,CTL,20
6.50546e+06,7,RTS,20
6.50546e+06,2,RTS,20
6.50546e+06,11,RTS,20
6.50546e+06,4,RTS,20
6.50557e+06,16,RTS,20
6.50557e+06,0,RTS,20
6.50564e+06,20,CTS,14
6.5057e+06,0,QOSDATA_TID6,1066
6.50588e+06,20,ACK,14
6.50593e+06,0,CTL,20
6.50602e+06,9,RTS,20
6.50602e+06,13,RTS,20
6.50602e+06,11,RTS,20
6.50614e+06,7,RTS,20
6.50621e+06,20,CTS,14
6.50627e+06,7,QOSDATA_TID6,1066
6.50645e+06,20,ACK,14
6.50649e+06,7,CTL,20
6.50658e+06,11,RTS,20
6.50665e+06,20,CTS,14
6.50671e+06,11,QOSDATA_TID6,1066
6.50689e+06,20,ACK,14
6.50694e+06,11,QOSDATA_TID6,1066
6.50712e+06,20,ACK,14
6.50716e+06,11,CTL,20
6.50725e+06,19,RTS,20
6.50732e+06,20,CTS,14
6.50738e+06,19,QOSDATA_TID6,1066
6.50756e+06,20,ACK,14
6.50761e+06,19,CTL,20
6.50769e+06,10,RTS,20
6.50769e+06,6,RTS,20
6.50776e+06,20,CTS,14
6.50782e+06,6,QOSDATA_TID6,1066
6.508e+06,20,ACK,14
6.50805e+06,6,CTL,20
6.50813e+06,12,RTS,20
6.5082e+06,20,CTS,14
6.50826e+06,12,QOSDATA_TID6,1066
6.50845e+06,20,ACK,14
6.50849e+06,12,CTL,20
6.50858e+06,8,RTS,20
6.50858e+06,16,RTS,20
6.50858e+06,4,RTS,20
6.50858e+06,2,RTS,20
6.50858e+06,3,RTS,20
6.50869e+06,10,RTS,20
6.50869e+06,13,RTS,20
6.5088e+06,8,RTS,20
6.5088e+06,17,RTS,20
6.5088e+06,5,RTS,20
6.5088e+06,1,RTS,20
6.5089e+06,2,RTS,20
6.50896e+06,20,CTS,14
6.50902e+06,2,QOSDATA_TID6,1066
6.50921e+06,20,ACK,14
6.50925e+06,2,QOSDATA_TID6,1066
6.50944e+06,20,ACK,14
6.50948e+06,2,CTL,20
6.50957e+06,9,RTS,20
6.50964e+06,20,CTS,14
6.5097e+06,9,QOSDATA_TID6,1066
6.50988e+06,20,ACK,14
6.50992e+06,9,CTL,20
6.51002e+06,16,RTS,20
6.51002e+06,15,RTS,20
6.51013e+06,10,RTS,20
6.5102e+06,20,CTS,14
6.51026e+06,10,QOSDATA_TID6,1066
6.51045e+06,20,ACK,14
6.51049e+06,10,QOSDATA_TID6,1066
6.51067e+06,20,ACK,14
6.51072e+06,10,CTL,20
6.5108e+06,3,RTS,20
6.51087e+06,20,CTS,14
6.51093e+06,3,QOSDATA_TID6,1066
6.51112e+06,20,ACK,14
6.51116e+06,3,QOSDATA_TID6,1066
6.51134e+06,20,ACK,14
6.51139e+06,3,QOSDATA_TID6,1066
6.51157e+06,20,ACK,14
6.51162e+06,3,QOSDATA_TID6,1066
6.5118e+06,20,ACK,14
6.51184e+06,3,CTL,20
6.51193e+06,16,RTS,20
6.51193e+06,14,RTS,20
6.51193e+06,15,RTS,20
6.51203e+06,13,RTS,20
6.51203e+06,5,RTS,20
6.51203e+06,18,RTS,20
6.5121e+06,20,CTS,14
6.51216e+06,5,QOSDATA_TID6,1066
6.51234e+06,20,ACK,14
6.51238e+06,5,CTL,20
6.51248e+06,8,RTS,20
6.51248e+06,16,RTS,20
6.51248e+06,4,RTS,20
6.51248e+06,14,RTS,20
6.51255e+06,20,CTS,14
6.51261e+06,8,QOSDATA_TID6,1066
6.51279e+06,20,ACK,14
6.51284e+06,8,QOSDATA_TID6,1066
6.51302e+06,20,ACK,14
6.51306e+06,8,QOSDATA_TID6,1066
6.51325e+06,20,ACK,14
6.51329e+06,8,CTL,20
6.51339e+06,16,RTS,20
6.51339e+06,0,RTS,20
6.51346e+06,20,CTS,14
6.51352e+06,0,QOSDATA_TID6,1066
6.5137e+06,20,ACK,14
6.51374e+06,0,CTL,20
6.51384e+06,7,RTS,20
6.51391e+06,20,CTS,14
6.51397e+06,7,QOSDATA_TID6,1066
6.51415e+06,20,ACK,14
6.51419e+06,7,CTL,20
6.51428e+06,1,RTS,20
6.51428e+06,16,RTS,20
6.51428e+06,18,RTS,20
6.51428e+06,9,RTS,20
6.51438e+06,12,RTS,20
6.51445e+06,20,CTS,14
6.51451e+06,12,QOSDATA_TID6,1066
6.51469e+06,20,ACK,14
6.51473e+06,12,CTL,20
6.51482e+06,13,RTS,20
6.51489e+06,20,CTS,14
6.51495e+06,13,QOSDATA_TID6,1066
6.51513e+06,20,ACK,14
6.51518e+06,13,QOSDATA_TID6,1066
6.51536e+06,20,ACK,14
6.5154e+06,13,CTL,20
6.51549e+06,17,RTS,20
6.51556e+06,20,CTS,14
6.51562e+06,17,QOSDATA_TID6,1066
6.5158e+06,20,ACK,14
6.51585e+06,17,QOSDATA_TID6,1066
6.51603e+06,20,ACK,14
6.51607e+06,17,CTL,20
6.51616e+06,1,RTS,20
6.51616e+06,19,RTS,20
6.51616e+06,4,RTS,20
6.51616e+06,3,RTS,20
6.51616e+06,14,RTS,20
6.51627e+06,11,RTS,20
6.51634e+06,20,CTS,14
6.5164e+06,11,QOSDATA_TID6,1066
6.51658e+06,20,ACK,14
6.51662e+06,11,CTL,20
6.51671e+06,18,RTS,20
6.51678e+06,20,CTS,14
6.51684e+06,18,QOSDATA_TID6,1066
6.51702e+06,20,ACK,14
6.51706e+06,18,CTL,20
6.51715e+06,10,RTS,20
6.51715e+06,6,RTS,20
6.51715e+06,14,RTS,20
6.51727e+06,5,RTS,20
6.51734e+06,20,CTS,14
6.5174e+06,5,QOSDATA_TID6,1066
6.51758e+06,20,ACK,14
6.51762e+06,5,CTL,20
6.51771e+06,19,RTS,20
6.51771e+06,4,RTS,20
6.51778e+06,20,CTS,14
6.51784e+06,19,QOSDATA_TID6,1066
6.51802e+06,20,ACK,14
6.51806e+06,19,CTL,20
6.51815e+06,15,RTS,20
6.51815e+06,14,RTS,20
6.51825e+06,16,RTS,20
6.51825e+06,3,RTS,20
6.51838e+06,6,RTS,20
6.51838e+06,15,RTS,20
6.51838e+06,14,RTS,20
6.51849e+06,2,RTS,20
6.51849e+06,1,RTS,20
6.51849e+06,16,RTS,20
6.51849e+06,3,RTS,20
6.51859e+06,10,RTS,20
6.51866e+06,20,CTS,14
6.51872e+06,10,QOSDATA_TID6,1066
6.5189e+06,20,ACK,14
6.51894e+06,10,CTL,20
6.51903e+06,3,RTS,20
6.51903e+06,1,RTS,20
6.51903e+06,14,RTS,20
6.51903e+06,15,RTS,20
6.51913e+06,18,RTS,20
6.5192e+06,20,CTS,14
6.51926e+06,18,QOSDATA_TID6,1066
6.51944e+06,20,ACK,14
6.51948e+06,18,CTL,20
6.51958e+06,6,RTS,20
6.51958e+06,1,RTS,20
6.5197e+06,9,RTS,20
6.51977e+06,20,CTS,14
6.51983e+06,9,QOSDATA_TID6,1066
6.52002e+06,20,ACK,14
6.52006e+06,9,CTL,20
6.52016e+06,2,RTS,20
6.52016e+06,8,RTS,20
6.52016e+06,6,RTS,20
6.52016e+06,16,RTS,20
6.52031e+06,16,RTS,20
6.52038e+06,20,CTS,14
6.52044e+06,16,QOSDATA_TID6,1066
6.52063e+06,20,ACK,14
6.52067e+06,16,QOSDATA_TID6,1066
6.52085e+06,20,ACK,14
6.5209e+06,16,QOSDATA_TID6,1066
6.52108e+06,20,ACK,14
6.52113e+06,16,CTL,20
6.52121e+06,15,RTS,20
6.52128e+06,20,CTS,14
6.52134e+06,15,QOSDATA_TID6,1066
6.52152e+06,20,ACK,14
6.52157e+06,15,QOSDATA_TID6,1066
6.52175e+06,20,ACK,14
6.5218e+06,15,CTL,20
6.52188e+06,6,RTS,20
6.52188e+06,2,RTS,20
6.52199e+06,13,RTS,20
6.52206e+06,20,CTS,14
6.52212e+06,13,QOSDATA_TID6,1066
6.5223e+06,20,ACK,14
6.52234e+06,13,CTL,20
6.52243e+06,7,RTS,20
6.52243e+06,12,RTS,20
6.5225e+06,20,CTS,14
6.52256e+06,12,QOSDATA_TID6,1066
6.52274e+06,20,ACK,14
6.52279e+06,12,CTL,20
6.52288e+06,8,RTS,20
6.52288e+06,11,RTS,20
6.52288e+06,4,RTS,20
6.52288e+06,14,RTS,20
6.52288e+06,9,RTS,20
6.523e+06,0,RTS,20
6.52307e+06,20,CTS,14
6.52313e+06,0,QOSDATA_TID6,1066
6.52331e+06,20,ACK,14
6.52335e+06,0,CTL,20
6.52344e+06,7,RTS,20
6.52344e+06,9,RTS,20
6.52344e+06,19,RTS,20
6.52355e+06,14,RTS,20
6.52362e+06,20,CTS,14
6.52368e+06,14,QOSDATA_TID6,1066
6.52386e+06,20,ACK,14
6.5239e+06,14,CTL,20
6.52399e+06,7,RTS,20
6.52399e+06,9,RTS,20
6.52399e+06,4,RTS,20
6.52406e+06,20,CTS,14
6.52412e+06,7,QOSDATA_TID6,1066
6.5243e+06,20,ACK,14
6.52434e+06,7,CTL,20
6.52444e+06,1,RTS,20
6.52444e+06,4,RTS,20
6.52444e+06,6,RTS,20
6.52454e+06,3,RTS,20
6.52461e+06,20,CTS,14
6.52467e+06,3,QOSDATA_TID6,1066
6.52485e+06,20,ACK,14
6.52489e+06,3,QOSDATA_TID6,1066
6.52508e+06,20,ACK,14
6.52512e+06,3,CTL,20
6.52521e+06,2,RTS,20
6.52528e+06,20,CTS,14
6.52534e+06,2,QOSDATA_TID6,1066
6.52552e+06,20,ACK,14
6.52556e+06,2,QOSDATA_TID6,1066
6.52575e+06,20,ACK,14
6.52579e+06,2,CTL,20
6.52588e+06,10,RTS,20
6.52588e+06,15,RTS,20
6.52588e+06,4,RTS,20
6.52598e+06,5,RTS,20
6.52604e+06,20,CTS,14
6.5261e+06,5,QOSDATA_TID6,1066
6.52629e+06,20,ACK,14
6.52633e+06,5,CTL,20
6.52642e+06,17,RTS,20
6.52649e+06,20,CTS,14
6.52655e+06,17,QOSDATA_TID6,1066
6.52673e+06,20,ACK,14
6.52677e+06,17,CTL,20
6.52686e+06,19,RTS,20
6.52686e+06,11,RTS,20
6.52697e+06,6,RTS,20
6.52704e+06,20,CTS,14
6.5271e+06,6,QOSDATA_TID6,1066
6.52728e+06,20,ACK,14
6.52732e+06,6,QOSDATA_TID6,1066
6.52751e+06,20,ACK,14
6.52755e+06,6,CTL,20
6.52764e+06,14,RTS,20
6.52764e+06,15,RTS,20
6.52764e+06,19,RTS,20
6.52774e+06,18,RTS,20
6.52781e+06,20,CTS,14
6.52787e+06,18,QOSDATA_TID6,1066
6.52806e+06,20,ACK,14
6.5281e+06,18,CTL,20
6.52819e+06,14,RTS,20
6.52826e+06,20,CTS,14
6.52832e+06,14,QOSDATA_TID6,1066
6.5285e+06,20,ACK,14
6.52854e+06,14,CTL,20
6.52863e+06,1,RTS,20
6.52863e+06,19,RTS,20
6.52863e+06,9,RTS,20
6.52873e+06,8,RTS,20
6.52873e+06,16,RTS,20
6.52873e+06,4,RTS,20
6.5288e+06,20,CTS,14
6.52886e+06,8,QOSDATA_TID6,1066
6.52904e+06,20,ACK,14
6.52908e+06,8,QOSDATA_TID6,1066
6.52927e+06,20,ACK,14
6.52931e+06,8,CTL,20
6.5294e+06,0,RTS,20
6.5294e+06,15,RTS,20
6.52952e+06,19,RTS,20
6.52952e+06,11,RTS,20
6.52952e+06,4,RTS,20
6.52962e+06,7,RTS,20
6.52962e+06,13,RTS,20
6.52969e+06,20,CTS,14
6.52975e+06,7,QOSDATA_TID6,1066
6.52993e+06,20,ACK,14
6.52998e+06,7,CTL,20
6.53006e+06,13,RTS,20
6.53006e+06,11,RTS,20
6.53016e+06,10,RTS,20
6.53023e+06,20,CTS,14
6.53029e+06,10,QOSDATA_TID6,1066
6.53047e+06,20,ACK,14
6.53052e+06,10,CTL,20
6.53061e+06,12,RTS,20
6.53061e+06,15,RTS,20
6.53061e+06,4,RTS,20
6.53068e+06,20,CTS,14
6.53074e+06,12,QOSDATA_TID6,1066
6.53092e+06,20,ACK,14
6.53097e+06,12,CTL,20
6.53105e+06,0,RTS,20
6.53112e+06,20,CTS,14
6.53118e+06,0,QOSDATA_TID6,1066
6.53136e+06,20,ACK,14
6.53141e+06,0,CTL,20
6.5315e+06,6,RTS,20
6.5315e+06,17,RTS,20
6.5315e+06,3,RTS,20
6.5315e+06,11,RTS,20
6.53163e+06,15,RTS,20
6.53163e+06,13,RTS,20
6.53174e+06,17,RTS,20
6.53174e+06,11,RTS,20
6.5318e+06,20,CTS,14
6.53186e+06,17,QOSDATA_TID6,1066
6.53205e+06,20,ACK,14
6.53209e+06,17,CTL,20
6.53218e+06,15,RTS,20
6.53225e+06,20,CTS,14
6.53231e+06,15,QOSDATA_TID6,1066
6.53249e+06,20,ACK,14
6.53253e+06,15,CTL,20
6.53262e+06,2,RTS,20
6.53262e+06,10,RTS,20
6.53269e+06,20,CTS,14
6.53275e+06,2,QOSDATA_TID6,1066
6.53293e+06,20,ACK,14
6.53298e+06,2,CTL,20
6.53306e+06,4,RTS,20
6.53306e+06,13,RTS,20
6.53316e+06,5,RTS,20
6.53316e+06,9,RTS,20
6.53323e+06,20,CTS,14
6.53329e+06,5,QOSDATA_TID6,1066
6.53347e+06,20,ACK,14
6.53352e+06,5,CTL,20
6.53361e+06,16,RTS,20
6.53361e+06,4,RTS,20
6.53371e+06,15,RTS,20
6.53371e+06,3,RTS,20
6.53371e+06,10,RTS,20
6.53382e+06,4,RTS,20
6.53388e+06,20,CTS,14
6.53394e+06,4,QOSDATA_TID6,1066
6.53413e+06,20,ACK,14
6.53417e+06,4,QOSDATA_TID6,1066
6.53436e+06,20,ACK,14
6.5344e+06,4,QOSDATA_TID6,1066
6.53458e+06,20,ACK,14
6.53463e+06,4,CTL,20
6.53472e+06,8,RTS,20
6.53472e+06,6,RTS,20
6.53472e+06,18,RTS,20
6.53472e+06,10,RTS,20
6.53483e+06,15,RTS,20
6.53483e+06,13,RTS,20
6.53494e+06,1,RTS,20
6.53501e+06,20,CTS,14
6.53507e+06,1,QOSDATA_TID6,1066
6.53525e+06,20,ACK,14
6.53529e+06,1,QOSDATA_TID6,1066
6.53548e+06,20,ACK,14
6.53552e+06,1,QOSDATA_TID6,1066
6.53571e+06,20,ACK,14
6.53575e+06,1,QOSDATA_TID6,1066
6.53593e+06,20,ACK,14
6.53598e+06,1,CTL,20
6.53606e+06,9,RTS,20
6.53606e+06,10,RTS,20
6.53616e+06,8,RTS,20
6.53616e+06,11,RTS,20
6.53623e+06,20,CTS,14
6.53629e+06,8,QOSDATA_TID6,1066
6.53647e+06,20,ACK,14
6.53652e+06,8,CTL,20
6.5366e+06,14,RTS,20
6.53667e+06,20,CTS,14
6.53673e+06,14,QOSDATA_TID6,1066
6.53692e+06,20,ACK,14
6.53696e+06,14,CTL,20
6.53705e+06,6,RTS,20
6.53711e+06,20,CTS,14
6.53717e+06,6,QOSDATA_TID6,1066
6.53736e+06,20,ACK,14
6.5374e+06,6,CTL,20
6.53749e+06,15,RTS,20
6.53749e+06,10,RTS,20
6.53749e+06,7,RTS,20
6.53749e+06,3,RTS,20
6.53749e+06,13,RTS,20
6.53749e+06,19,RTS,20
6.53749e+06,16,RTS,20
6.5376e+06,0,RTS,20
6.53767e+06,20,CTS,14
6.53773e+06,0,QOSDATA_TID6,1066
6.53792e+06,20,ACK,14
6.53796e+06,0,CTL,20
6.53805e+06,19,RTS,20
6.53811e+06,20,CTS,14
6.53817e+06,19,QOSDATA_TID6,1066
6.53836e+06,20,ACK,14
6.5384e+06,19,QOSDATA_TID6,1066
6.53859e+06,20,ACK,14
6.53863e+06,19,CTL,20
6.53872e+06,12,RTS,20
6.53872e+06,9,RTS,20
6.53878e+06,20,CTS,14
6.53884e+06,12,QOSDATA_TID6,1066
6.53903e+06,20,ACK,14
6.53907e+06,12,CTL,20
6.53916e+06,9,RTS,20
6.53923e+06,20,CTS,14
6.53929e+06,9,QOSDATA_TID6,1066
6.53947e+06,20,ACK,14
6.53951e+06,9,QOSDATA_TID6,1066
6.5397e+06,20,ACK,14
6.53974e+06,9,CTL,20
6.53983e+06,18,RTS,20
6.53983e+06,15,RTS,20
6.53993e+06,6,RTS,20
6.53993e+06,17,RTS,20
6.53993e+06,1,RTS,20
6.53993e+06,19,RTS,20
6.54004e+06,11,RTS,20
6.54005e+06,10,RTS,20
6.54005e+06,7,RTS,20
6.54011e+06,20,CTS,14
6.54017e+06,7,QOSDATA_TID6,1066
6.54036e+06,20,ACK,14
6.5404e+06,7,CTL,20
6.5405e+06,5,RTS,20
6.5405e+06,18,RTS,20
6.54056e+06,20,CTS,14
6.54062e+06,5,QOSDATA_TID6,1066
6.54081e+06,20,ACK,14
6.54085e+06,5,CTL,20
6.54095e+06,2,RTS,20
6.54095e+06,4,RTS,20
6.54102e+06,20,CTS,14
6.54108e+06,2,QOSDATA_TID6,1066
6.54126e+06,20,ACK,14
6.5413e+06,2,CTL,20
6.54139e+06,15,RTS,20
6.54146e+06,20,CTS,14
6.54152e+06,15,QOSDATA_TID6,1066
6.5417e+06,20,ACK,14
6.54175e+06,15,QOSDATA_TID6,1066
6.54193e+06,20,ACK,14
6.54197e+06,15,CTL,20
6.54206e+06,17,RTS,20
6.54213e+06,20,CTS,14
6.54219e+06,17,QOSDATA_TID6,1066
6.54237e+06,20,ACK,14
6.54242e+06,17,CTL,20
6.5425e+06,1,RTS,20
6.5425e+06,11,RTS,20
6.54257e+06,20,CTS,14
6.54263e+06,1,QOSDATA_TID6,1066
6.54282e+06,20,ACK,14
6.54286e+06,1,CTL,20
6.54294e+06,8,RTS,20
6.54294e+06,18,RTS,20
6.54301e+06,20,CTS,14
6.54307e+06,8,QOSDATA_TID6,1066
6.54326e+06,20,ACK,14
6.5433e+06,8,CTL,20
6.5434e+06,16,RTS,20
6.5434e+06,3,RTS,20
6.5434e+06,13,RTS,20
6.5434e+06,10,RTS,20
6.54349e+06,19,RTS,20
6.54356e+06,20,CTS,14
6.54362e+06,19,QOSDATA_TID6,1066
6.54381e+06,20,ACK,14
6.54385e+06,19,CTL,20
6.54394e+06,3,RTS,20
6.54394e+06,14,RTS,20
6.54406e+06,11,RTS,20
6.54406e+06,4,RTS,20
6.54416e+06,16,RTS,20
6.54423e+06,20,CTS,14
6.54429e+06,16,QOSDATA_TID6,1066
6.54447e+06,20,ACK,14
6.54452e+06,16,QOSDATA_TID6,1066
6.5447e+06,20,ACK,14
6.54474e+06,16,QOSDATA_TID6,1066
6.54493e+06,20,ACK,14
6.54497e+06,16,CTL,20
6.54506e+06,13,RTS,20
6.54512e+06,20,CTS,14
6.54518e+06,13,QOSDATA_TID6,1066
6.54537e+06,20,ACK,14
6.54541e+06,13,CTL,20
6.5455e+06,7,RTS,20
6.5455e+06,4,RTS,20
6.5455e+06,18,RTS,20
6.54561e+06,14,RTS,20
6.54567e+06,20,CTS,14
6.54573e+06,14,QOSDATA_TID6,1066
6.54592e+06,20,ACK,14
6.54596e+06,14,CTL,20
6.54605e+06,13,RTS,20
6.54605e+06,18,RTS,20
6.54605e+06,9,RTS,20
6.54618e+06,11,RTS,20
6.54625e+06,20,CTS,14
6.54631e+06,11,QOSDATA_TID6,1066
6.54649e+06,20,ACK,14
6.54654e+06,11,QOSDATA_TID6,1066
6.54672e+06,20,ACK,14
6.54677e+06,11,CTL,20
6.54685e+06,4,RTS,20
6.54692e+06,20,CTS,14
6.54698e+06,4,QOSDATA_TID6,1066
6.54716e+06,20,ACK,14
6.54721e+06,4,CTL,20
6.54729e+06,6,RTS,20
6.54729e+06,18,RTS,20
6.54739e+06,1,RTS,20
6.54739e+06,7,RTS,20
6.5475e+06,0,RTS,20
6.54757e+06,20,CTS,14
6.54763e+06,0,QOSDATA_TID6,1066
6.54782e+06,20,ACK,14
6.54786e+06,0,CTL,20
6.54795e+06,10,RTS,20
6.54795e+06,12,RTS,20
6.54795e+06,13,RTS,20
6.54795e+06,11,RTS,20
6.54802e+06,20,CTS,14
6.54808e+06,12,QOSDATA_TID6,1066
6.54827e+06,20,ACK,14
6.54831e+06,12,CTL,20
6.5484e+06,1,RTS,20
6.54846e+06,20,CTS,14
6.54852e+06,1,QOSDATA_TID6,1066
6.54871e+06,20,ACK,14
6.54875e+06,1,CTL,20
6.54884e+06,11,RTS,20
6.54884e+06,4,RTS,20
6.54884e+06,15,RTS,20
6.54894e+06,5,RTS,20
6.54894e+06,2,RTS,20
6.549e+06,20,CTS,14
6.54906e+06,5,QOSDATA_TID6,1066
6.54925e+06,20,ACK,14
6.54929e+06,5,CTL,20
6.54938e+06,4,RTS,20
6.54945e+06,20,CTS,14
6.54951e+06,4,QOSDATA_TID6,1066
6.54969e+06,20,ACK,14
6.54973e+06,4,CTL,20
6.54982e+06,7,RTS,20
6.54982e+06,19,RTS,20
6.54992e+06,6,RTS,20
6.54992e+06,10,RTS,20
6.54999e+06,20,CTS,14
6.55005e+06,6,QOSDATA_TID6,1066
6.55023e+06,20,ACK,14
6.55028e+06,6,QOSDATA_TID6,1066
6.55046e+06,20,ACK,14
6.5505e+06,6,CTL,20
6.5506e+06,7,RTS,20
6.5506e+06,17,RTS,20
6.5506e+06,3,RTS,20
6.5506e+06,9,RTS,20
6.5506e+06,13,RTS,20
6.5506e+06,19,RTS,20
6.5506e+06,11,RTS,20
6.5507e+06,8,RTS,20
6.5507e+06,18,RTS,20
6.55076e+06,20,CTS,14
6.55082e+06,8,QOSDATA_TID6,1066
6.55101e+06,20,ACK,14
6.55105e+06,8,CTL,20
6.55114e+06,7,RTS,20
6.55114e+06,14,RTS,20
6.55121e+06,20,CTS,14
6.55127e+06,7,QOSDATA_TID6,1066
6.55145e+06,20,ACK,14
6.55149e+06,7,CTL,20
6.55158e+06,9,RTS,20
6.55165e+06,20,CTS,14
6.55171e+06,9,QOSDATA_TID6,1066
6.55189e+06,20,ACK,14
6.55194e+06,9,CTL,20
6.55202e+06,18,RTS,20
6.55202e+06,14,RTS,20
6.55214e+06,17,RTS,20
6.55221e+06,20,CTS,14
6.55227e+06,17,QOSDATA_TID6,1066
6.55245e+06,20,ACK,14
6.55249e+06,17,CTL,20
6.55258e+06,11,RTS,20
6.55265e+06,20,CTS,14
6.55271e+06,11,QOSDATA_TID6,1066
6.55289e+06,20,ACK,14
6.55294e+06,11,CTL,20
6.55302e+06,2,RTS,20
6.55302e+06,15,RTS,20
6.55302e+06,14,RTS,20
6.55312e+06,0,RTS,20
6.55319e+06,20,CTS,14
6.55325e+06,0,QOSDATA_TID6,1066
6.55343e+06,20,ACK,14
6.55348e+06,0,CTL,20
6.55356e+06,15,RTS,20
6.55356e+06,16,RTS,20
6.55366e+06,10,RTS,20
6.55373e+06,20,CTS,14
6.55379e+06,10,QOSDATA_TID6,1066
6.55397e+06,20,ACK,14
6.55402e+06,10,QOSDATA_TID6,1066
6.5542e+06,20,ACK,14
6.55424e+06,10,CTL,20
6.55433e+06,3,RTS,20
6.5544e+06,20,CTS,14
6.55446e+06,3,QOSDATA_TID6,1066
6.55464e+06,20,ACK,14
6.55469e+06,3,QOSDATA_TID6,1066
6.55487e+06,20,ACK,14
6.55491e+06,3,QOSDATA_TID6,1066
6.5551e+06,20,ACK,14
6.55514e+06,3,QOSDATA_TID6,1066
6.55533e+06,20,ACK,14
6.55537e+06,3,CTL,20
6.55546e+06,15,RTS,20
6.55552e+06,20,CTS,14
6.55558e+06,15,QOSDATA_TID6,1066
6.55577e+06,20,ACK,14
6.55581e+06,15,CTL,20
6.5559e+06,7,RTS,20
6.5559e+06,12,RTS,20
6.5559e+06,17,RTS,20
6.5559e+06,1,RTS,20
6.556e+06,9,RTS,20
6.55606e+06,20,CTS,14
6.55612e+06,9,QOSDATA_TID6,1066
6.55631e+06,20,ACK,14
6.55635e+06,9,CTL,20
6.55644e+06,18,RTS,20
6.55644e+06,6,RTS,20
6.55644e+06,11,RTS,20
6.55644e+06,16,RTS,20
6.55654e+06,13,RTS,20
6.55661e+06,20,CTS,14
6.55667e+06,13,QOSDATA_TID6,1066
6.55686e+06,20,ACK,14
6.5569e+06,13,QOSDATA_TID6,1066
6.55709e+06,20,ACK,14
6.55713e+06,13,CTL,20
6.55722e+06,19,RTS,20
6.55728e+06,20,CTS,14
6.55734e+06,19,QOSDATA_TID6,1066
6.55753e+06,20,ACK,14
6.55757e+06,19,QOSDATA_TID6,1066
6.55776e+06,20,ACK,14
6.5578e+06,19,CTL,20
6.55789e+06,1,RTS,20
6.55789e+06,5,RTS,20
6.55789e+06,2,RTS,20
6.55789e+06,10,RTS,20
6.55789e+06,6,RTS,20
6.55795e+06,20,CTS,14
6.55801e+06,5,QOSDATA_TID6,1066
6.5582e+06,20,ACK,14
6.55824e+06,5,CTL,20
6.55833e+06,4,RTS,20
6.5584e+06,20,CTS,14
6.55846e+06,4,QOSDATA_TID6,1066
6.55864e+06,20,ACK,14
6.55868e+06,4,CTL,20
6.55877e+06,7,RTS,20
6.55877e+06,15,RTS,20
6.5589e+06,18,RTS,20
6.5589e+06,10,RTS,20
6.559e+06,2,RTS,20
6.55907e+06,20,CTS,14
6.55913e+06,2,QOSDATA_TID6,1066
6.55931e+06,20,ACK,14
6.55936e+06,2,QOSDATA_TID6,1066
6.55954e+06,20,ACK,14
6.55959e+06,2,CTL,20
6.55967e+06,8,RTS,20
6.55967e+06,7,RTS,20
6.55967e+06,14,RTS,20
6.55979e+06,18,RTS,20
6.55979e+06,16,RTS,20
6.55991e+06,15,RTS,20
6.55998e+06,20,CTS,14
6.56004e+06,15,QOSDATA_TID6,1066
6.56022e+06,20,ACK,14
6.56027e+06,15,CTL,20
6.56036e+06,7,RTS,20
6.56036e+06,12,RTS,20
6.56036e+06,17,RTS,20
6.56047e+06,14,RTS,20
6.56054e+06,20,CTS,14
6.5606e+06,14,QOSDATA_TID6,1066
6.56078e+06,20,ACK,14
6.56083e+06,14,QOSDATA_TID6,1066
6.56101e+06,20,ACK,14
6.56106e+06,14,CTL,20
6.56115e+06,17,RTS,20
6.56115e+06,11,RTS,20
6.56122e+06,20,CTS,14
6.56128e+06,17,QOSDATA_TID6,1066
6.56146e+06,20,ACK,14
6.56151e+06,17,CTL,20
6.56159e+06,11,RTS,20
6.56166e+06,20,CTS,14
6.56172e+06,11,QOSDATA_TID6,1066
6.5619e+06,20,ACK,14
6.56195e+06,11,CTL,20
6.56204e+06,1,RTS,20
6.56204e+06,9,RTS,20
6.56204e+06,18,RTS,20
6.56204e+06,6,RTS,20
6.56215e+06,13,RTS,20
6.56222e+06,20,CTS,14
6.56228e+06,13,QOSDATA_TID6,1066
6.56246e+06,20,ACK,14
6.56251e+06,13,CTL,20
6.5626e+06,18,RTS,20
6.5626e+06,9,RTS,20
6.56267e+06,20,CTS,14
6.56273e+06,18,QOSDATA_TID6,1066
6.56291e+06,20,ACK,14
6.56296e+06,18,QOSDATA_TID6,1066
6.56314e+06,20,ACK,14
6.56318e+06,18,QOSDATA_TID6,1066
6.56337e+06,20,ACK,14
6.56341e+06,18,CTL,20
6.5635e+06,7,RTS,20
6.56357e+06,20,CTS,14
6.56363e+06,7,QOSDATA_TID6,1066
6.56381e+06,20,ACK,14
6.56386e+06,7,QOSDATA_TID6,1066
6.56404e+06,20,ACK,14
6.56408e+06,7,CTL,20
6.56417e+06,12,RTS,20
6.56417e+06,3,RTS,20
6.56424e+06,20,CTS,14
6.5643e+06,12,QOSDATA_TID6,1066
6.56448e+06,20,ACK,14
6.56452e+06,12,QOSDATA_TID6,1066
6.56471e+06,20,ACK,14
6.56475e+06,12,CTL,20
6.56484e+06,4,RTS,20
6.56484e+06,0,RTS,20
6.56484e+06,3,RTS,20
6.56495e+06,17,RTS,20
6.56495e+06,19,RTS,20
6.56502e+06,20,CTS,14
6.56508e+06,17,QOSDATA_TID6,1066
6.56526e+06,20,ACK,14
6.5653e+06,17,CTL,20
6.56539e+06,8,RTS,20
6.56546e+06,20,CTS,14
6.56552e+06,8,QOSDATA_TID6,1066
6.5657e+06,20,ACK,14
6.56574e+06,8,CTL,20
6.56583e+06,16,RTS,20
6.56583e+06,2,RTS,20
6.56583e+06,4,RTS,20
6.56583e+06,15,RTS,20
6.56593e+06,1,RTS,20
6.566e+06,20,CTS,14
6.56606e+06,1,QOSDATA_TID6,1066
6.56624e+06,20,ACK,14
6.56628e+06,1,QOSDATA_TID6,1066
6.56647e+06,20,ACK,14
6.56651e+06,1,CTL,20
6.5666e+06,4,RTS,20
6.56667e+06,20,CTS,14
6.56673e+06,4,QOSDATA_TID6,1066
6.56691e+06,20,ACK,14
6.56696e+06,4,CTL,20
6.56704e+06,11,RTS,20
6.56704e+06,5,RTS,20
6.56704e+06,15,RTS,20
6.56704e+06,6,RTS,20
6.56704e+06,18,RTS,20
6.56704e+06,10,RTS,20
6.56711e+06,20,CTS,14
6.56717e+06,5,QOSDATA_TID6,1066
6.56735e+06,20,ACK,14
6.5674e+06,5,CTL,20
6.56748e+06,18,RTS,20
6.56755e+06,20,CTS,14
6.56761e+06,18,QOSDATA_TID6,1066
6.5678e+06,20,ACK,14
6.56784e+06,18,CTL,20
6.56792e+06,2,RTS,20
6.56792e+06,6,RTS,20
6.56792e+06,8,RTS,20
6.56792e+06,14,RTS,20
6.56792e+06,11,RTS,20
6.56808e+06,2,RTS,20
6.56815e+06,20,CTS,14
6.56821e+06,2,QOSDATA_TID6,1066
6.5684e+06,20,ACK,14
6.56844e+06,2,CTL,20
6.56852e+06,8,RTS,20
6.56852e+06,6,RTS,20
6.56859e+06,20,CTS,14
6.56865e+06,8,QOSDATA_TID6,1066
6.56884e+06,20,ACK,14
6.56888e+06,8,CTL,20
6.56897e+06,9,RTS,20
6.56904e+06,20,CTS,14
6.5691e+06,9,QOSDATA_TID6,1066
6.56928e+06,20,ACK,14
6.56932e+06,9,CTL,20
6.5694e+06,20,BEACON,152
6.56966e+06,7,RTS,20
6.56973e+06,20,CTS,14
6.56979e+06,7,QOSDATA_TID6,1066
6.56997e+06,20,ACK,14
6.57002e+06,7,CTL,20
6.5701e+06,13,RTS,20
6.5701e+06,16,RTS,20
6.5701e+06,19,RTS,20
6.5701e+06,0,RTS,20
6.5701e+06,6,RTS,20
6.5702e+06,15,RTS,20
6.57027e+06,20,CTS,14
6.57033e+06,15,QOSDATA_TID6,1066
6.57051e+06,20,ACK,14
6.57056e+06,15,CTL,20
6.57064e+06,14,RTS,20
6.57064e+06,0,CTS,14
6.57064e+06,19,RTS,20
6.57064e+06,3,RTS,20
6.57064e+06,9,RTS,20
6.57078e+06,9,RTS,20
6.57085e+06,20,CTS,14
6.57091e+06,9,QOSDATA_TID6,1066
6.5711e+06,20,ACK,14
6.57114e+06,9,CTL,20
6.57123e+06,10,RTS,20
6.57123e+06,19,RTS,20
6.57123e+06,14,RTS,20
6.57134e+06,3,RTS,20
6.57141e+06,20,CTS,14
6.57147e+06,3,QOSDATA_TID6,1066
6.57165e+06,20,ACK,14
6.5717e+06,3,QOSDATA_TID6,1066
6.57188e+06,20,ACK,14
6.57193e+06,3,CTL,20
6.57201e+06,14,RTS,20
6.57208e+06,20,CTS,14
6.57214e+06,14,QOSDATA_TID6,1066
6.57232e+06,20,ACK,14
6.57237e+06,14,CTL,20
6.57245e+06,17,RTS,20
6.57245e+06,11,RTS,20
6.57245e+06,16,RTS,20
6.57252e+06,20,CTS,14
6.57258e+06,17,QOSDATA_TID6,1066
6.57277e+06,20,ACK,14
6.57281e+06,17,CTL,20
6.5729e+06,11,RTS,20
6.5729e+06,15,RTS,20
6.5729e+06,10,RTS,20
6.573e+06,5,RTS,20
6.57306e+06,20,CTS,14
6.57312e+06,5,QOSDATA_TID6,1066
6.57331e+06,20,ACK,14
6.57335e+06,5,CTL,20
6.57345e+06,1,RTS,20
6.57345e+06,11,RTS,20
6.57345e+06,16,RTS,20
6.57345e+06,4,RTS,20
6.57345e+06,15,RTS,20
6.57345e+06,13,RTS,20
6.57354e+06,12,RTS,20
6.57361e+06,20,CTS,14
6.57367e+06,12,QOSDATA_TID6,1066
6.57386e+06,20,ACK,14
6.5739e+06,12,CTL,20
6.57399e+06,4,RTS,20
6.57399e+06,2,RTS,20
6.57405e+06,20,CTS,14
6.57411e+06,2,QOSDATA_TID6,1066
6.5743e+06,20,ACK,14
6.57434e+06,2,CTL,20
6.57444e+06,18,RTS,20
6.57444e+06,19,RTS,20
6.57444e+06,6,RTS,20
6.57444e+06,4,RTS,20
6.57456e+06,15,RTS,20
6.57463e+06,20,CTS,14
6.57469e+06,15,QOSDATA_TID6,1066
6.57487e+06,20,ACK,14
6.57492e+06,15,CTL,20
6.575e+06,8,RTS,20
6.57507e+06,20,CTS,14
6.57513e+06,8,QOSDATA_TID6,1066
6.57532e+06,20,ACK,14
6.57536e+06,8,CTL,20
6.57546e+06,11,RTS,20
6.57546e+06,13,RTS,20
6.57546e+06,6,RTS,20
6.57546e+06,14,RTS,20
6.57556e+06,10,RTS,20
6.57563e+06,20,CTS,14
6.57569e+06,10,QOSDATA_TID6,1066
6.57587e+06,20,ACK,14
6.57592e+06,10,QOSDATA_TID6,1066
6.5761e+06,20,ACK,14
6.57615e+06,10,QOSDATA_TID6,1066
6.57633e+06,20,ACK,14
6.57637e+06,10,CTL,20
6.57647e+06,6,RTS,20
6.57654e+06,20,CTS,14
6.5766e+06,6,QOSDATA_TID6,1066
6.57678e+06,20,ACK,14
6.57682e+06,6,QOSDATA_TID6,1066
6.57701e+06,20,ACK,14
6.57705e+06,6,CTL,20
6.57714e+06,0,RTS,20
6.57714e+06,1,RTS,20
6.57714e+06,19,RTS,20
6.57714e+06,4,RTS,20
6.57726e+06,13,RTS,20
6.57733e+06,20,CTS,14
6.57739e+06,13,QOSDATA_TID6,1066
6.57758e+06,20,ACK,14
6.57762e+06,13,QOSDATA_TID6,1066
6.5778e+06,20,ACK,14
6.57785e+06,13,CTL,20
6.57793e+06,11,RTS,20
6.578e+06,20,CTS,14
6.57806e+06,11,QOSDATA_TID6,1066
6.57825e+06,20,ACK,14
6.57829e+06,11,QOSDATA_TID6,1066
6.57847e+06,20,ACK,14
6.57852e+06,11,CTL,20
6.5786e+06,16,RTS,20
6.5786e+06,12,RTS,20
6.5786e+06,7,RTS,20
6.5787e+06,3,RTS,20
6.57877e+06,20,CTS,14
6.57883e+06,3,QOSDATA_TID6,1066
6.57901e+06,20,ACK,14
6.57906e+06,3,CTL,20
6.57914e+06,16,RTS,20
6.57914e+06,14,RTS,20
6.57924e+06,9,RTS,20
6.57931e+06,20,CTS,14
6.57937e+06,9,QOSDATA_TID6,1066
6.57955e+06,20,ACK,14
6.5796e+06,9,CTL,20
6.57969e+06,18,RTS,20
6.57969e+06,19,RTS,20
6.57969e+06,17,RTS,20
6.57969e+06,0,RTS,20
6.57969e+06,12,RTS,20
6.57969e+06,11,RTS,20
6.5798e+06,1,RTS,20
6.57987e+06,20,CTS,14
6.57993e+06,1,QOSDATA_TID6,1066
6.58011e+06,20,ACK,14
6.58016e+06,1,QOSDATA_TID6,1066
6.58034e+06,20,ACK,14
6.58038e+06,1,CTL,20
6.58048e+06,5,RTS,20
6.58048e+06,12,RTS,20
6.58048e+06,0,RTS,20
6.58058e+06,16,RTS,20
6.58065e+06,20,CTS,14
6.58071e+06,16,QOSDATA_TID6,1066
6.58089e+06,20,ACK,14
6.58093e+06,16,QOSDATA_TID6,1066
6.58112e+06,20,ACK,14
6.58116e+06,16,QOSDATA_TID6,1066
6.58135e+06,20,ACK,14
6.58139e+06,16,CTL,20
6.58148e+06,15,RTS,20
6.58154e+06,20,CTS,14
6.5816e+06,15,QOSDATA_TID6,1066
6.58179e+06,20,ACK,14
6.58183e+06,15,CTL,20
6.58192e+06,12,RTS,20
6.58192e+06,17,RTS,20
6.58192e+06,10,RTS,20
6.58202e+06,14,RTS,20
6.58208e+06,20,CTS,14
6.58214e+06,14,QOSDATA_TID6,1066
6.58233e+06,20,ACK,14
6.58237e+06,14,CTL,20
6.58246e+06,6,RTS,20
6.58246e+06,2,RTS,20
6.58246e+06,11,RTS,20
6.58246e+06,4,RTS,20
6.58257e+06,19,RTS,20
6.58264e+06,20,CTS,14
6.5827e+06,19,QOSDATA_TID6,1066
6.58289e+06,20,ACK,14
6.58293e+06,19,QOSDATA_TID6,1066
6.58311e+06,20,ACK,14
6.58316e+06,19,CTL,20
6.58324e+06,17,RTS,20
6.58324e+06,11,RTS,20
6.58324e+06,4,RTS,20
6.58331e+06,20,CTS,14
6.58337e+06,17,QOSDATA_TID6,1066
6.58356e+06,20,ACK,14
6.5836e+06,17,CTL,20
6.58369e+06,7,RTS,20
6.58375e+06,20,CTS,14
6.58381e+06,7,QOSDATA_TID6,1066
6.584e+06,20,ACK,14
6.58404e+06,7,CTL,20
6.58413e+06,8,RTS,20
6.58413e+06,14,RTS,20
6.5842e+06,20,CTS,14
6.58426e+06,8,QOSDATA_TID6,1066
6.58444e+06,20,ACK,14
6.58448e+06,8,CTL,20
6.58457e+06,18,RTS,20
6.58464e+06,20,CTS,14
6.5847e+06,18,QOSDATA_TID6,1066
6.58488e+06,20,ACK,14
6.58493e+06,18,QOSDATA_TID6,1066
6.58511e+06,20,ACK,14
6.58515e+06,18,CTL,20
6.58524e+06,2,RTS,20
6.58524e+06,0,RTS,20
6.58534e+06,12,RTS,20
6.58541e+06,20,CTS,14
6.58547e+06,12,QOSDATA_TID6,1066
6.58565e+06,20,ACK,14
6.58569e+06,12,CTL,20
6.58578e+06,16,RTS,20
6.58578e+06,4,RTS,20
6.58588e+06,7,RTS,20
6.58588e+06,5,RTS,20
6.58588e+06,2,RTS,20
6.58588e+06,9,RTS,20
6.58595e+06,20,CTS,14
6.58601e+06,5,QOSDATA_TID6,1066
6.58619e+06,20,ACK,14
6.58623e+06,5,CTL,20
6.58633e+06,16,RTS,20
6.58633e+06,6,RTS,20
6.58633e+06,10,RTS,20
6.58633e+06,13,RTS,20
6.58643e+06,12,RTS,20
6.5865e+06,20,CTS,14
6.58656e+06,12,QOSDATA_TID6,1066
6.58674e+06,20,ACK,14
6.58678e+06,12,CTL,20
6.58689e+06,0,RTS,20
6.58689e+06,9,RTS,20
6.58696e+06,20,CTS,14
6.58702e+06,0,QOSDATA_TID6,1066
6.5872e+06,20,ACK,14
6.58724e+06,0,QOSDATA_TID6,1066
6.58743e+06,20,ACK,14
6.58747e+06,0,QOSDATA_TID6,1066
6.58766e+06,20,ACK,14
6.5877e+06,0,QOSDATA_TID6,1066
6.58788e+06,20,ACK,14
6.58793e+06,0,CTL,20
6.58801e+06,1,RTS,20
6.58801e+06,19,RTS,20
6.58811e+06,17,RTS,20
6.58818e+06,20,CTS,14
6.58824e+06,17,QOSDATA_TID6,1066
6.58842e+06,20,ACK,14
6.58847e+06,17,CTL,20
6.58855e+06,1,RTS,20
6.58855e+06,7,RTS,20
6.58865e+06,10,RTS,20
6.58872e+06,20,CTS,14
6.58878e+06,10,QOSDATA_TID6,1066
6.58896e+06,20,ACK,14
6.58901e+06,10,QOSDATA_TID6,1066
6.58919e+06,20,ACK,14
6.58924e+06,10,CTL,20
6.58933e+06,3,RTS,20
6.58933e+06,6,RTS,20
6.58933e+06,14,RTS,20
6.58933e+06,16,RTS,20
6.58945e+06,5,RTS,20
6.58945e+06,19,RTS,20
6.58952e+06,20,CTS,14
6.58958e+06,5,QOSDATA_TID6,1066
6.58976e+06,20,ACK,14
6.5898e+06,5,CTL,20
6.5899e+06,3,RTS,20
6.58997e+06,20,CTS,14
6.59003e+06,3,QOSDATA_TID6,1066
6.59021e+06,20,ACK,14
6.59025e+06,3,CTL,20
6.59034e+06,9,RTS,20
6.59034e+06,2,RTS,20
6.59034e+06,18,RTS,20
6.59034e+06,19,RTS,20
6.59034e+06,7,RTS,20
6.59034e+06,15,RTS,20
6.59034e+06,13,RTS,20
6.59044e+06,11,RTS,20
6.59044e+06,16,RTS,20
6.59054e+06,18,RTS,20
6.5906e+06,20,CTS,14
6.59066e+06,18,QOSDATA_TID6,1066
6.59085e+06,20,ACK,14
6.59089e+06,18,CTL,20
6.59098e+06,14,RTS,20
6.59098e+06,4,RTS,20
6.59108e+06,13,RTS,20
6.59114e+06,20,CTS,14
6.5912e+06,13,QOSDATA_TID6,1066
6.59139e+06,20,ACK,14
6.59143e+06,13,CTL,20
6.59152e+06,14,RTS,20
6.59152e+06,4,RTS,20
6.59162e+06,2,RTS,20
6.59168e+06,20,CTS,14
6.59174e+06,2,QOSDATA_TID6,1066
6.59193e+06,20,ACK,14
6.59197e+06,2,QOSDATA_TID6,1066
6.59216e+06,20,ACK,14
6.5922e+06,2,CTL,20
6.5923e+06,1,RTS,20
6.5923e+06,6,RTS,20
6.5923e+06,11,RTS,20
6.59241e+06,9,RTS,20
6.59248e+06,20,CTS,14
6.59254e+06,9,QOSDATA_TID6,1066
6.59272e+06,20,ACK,14
6.59277e+06,9,CTL,20
6.59286e+06,7,RTS,20
6.59293e+06,20,CTS,14
6.59299e+06,7,QOSDATA_TID6,1066
6.59317e+06,20,ACK,14
6.59322e+06,7,CTL,20
6.59331e+06,8,RTS,20
6.59331e+06,4,RTS,20
6.59331e+06,19,RTS,20
6.59341e+06,11,RTS,20
6.59348e+06,20,CTS,14
6.59354e+06,11,QOSDATA_TID6,1066
6.59372e+06,20,ACK,14
6.59377e+06,11,QOSDATA_TID6,1066
6.59395e+06,20,ACK,14
6.594e+06,11,CTL,20
6.59408e+06,4,RTS,20
6.59408e+06,1,RTS,20
6.59408e+06,8,RTS,20
6.59408e+06,9,RTS,20
6.59408e+06,15,RTS,20
6.59408e+06,0,RTS,20
6.59408e+06,6,RTS,20
6.59408e+06,14,RTS,20
6.59418e+06,19,RTS,20
6.59425e+06,20,CTS,14
6.59431e+06,19,QOSDATA_TID6,1066
6.59449e+06,20,ACK,14
6.59454e+06,19,CTL,20
6.59462e+06,8,RTS,20
6.59462e+06,16,RTS,20
6.59462e+06,3,RTS,20
6.59462e+06,7,RTS,20
6.59462e+06,15,RTS,20
6.59473e+06,0,RTS,20
6.5948e+06,20,CTS,14
6.59486e+06,0,QOSDATA_TID6,1066
6.59504e+06,20,ACK,14
6.59508e+06,0,CTL,20
6.59517e+06,12,RTS,20
6.59517e+06,13,RTS,20
6.59524e+06,20,CTS,14
6.5953e+06,12,QOSDATA_TID6,1066
6.59548e+06,20,ACK,14
6.59553e+06,12,CTL,20
6.59561e+06,17,RTS,20
6.59568e+06,20,CTS,14
6.59574e+06,17,QOSDATA_TID6,1066
6.59592e+06,20,ACK,14
6.59597e+06,17,CTL,20
6.59605e+06,1,RTS,20
6.59605e+06,19,RTS,20
6.59605e+06,11,RTS,20
6.59605e+06,6,RTS,20
6.59616e+06,7,RTS,20
6.59623e+06,20,CTS,14
6.59629e+06,7,QOSDATA_TID6,1066
6.59647e+06,20,ACK,14
6.59652e+06,7,CTL,20
6.59661e+06,13,RTS,20
6.59661e+06,4,RTS,20
6.59661e+06,2,RTS,20
6.59661e+06,10,RTS,20
6.59671e+06,1,RTS,20
6.59678e+06,20,CTS,14
6.59684e+06,1,QOSDATA_TID6,1066
6.59702e+06,20,ACK,14
6.59707e+06,1,QOSDATA_TID6,1066
6.59725e+06,20,ACK,14
6.5973e+06,1,CTL,20
6.5974e+06,8,RTS,20
6.5974e+06,5,RTS,20
6.5974e+06,16,RTS,20
6.5974e+06,3,RTS,20
6.5974e+06,9,RTS,20
6.5974e+06,15,RTS,20
6.5974e+06,6,RTS,20
6.5974e+06,10,RTS,20
6.5974e+06,14,RTS,20
6.59751e+06,19,RTS,20
6.59757e+06,20,CTS,14
6.59763e+06,19,QOSDATA_TID6,1066
6.59782e+06,20,ACK,14
6.59786e+06,19,CTL,20
6.59796e+06,8,RTS,20
6.59796e+06,14,RTS,20
6.59802e+06,20,CTS,14
6.59808e+06,8,QOSDATA_TID6,1066
6.59827e+06,20,ACK,14
6.59831e+06,8,CTL,20
6.5984e+06,18,RTS,20
6.59847e+06,20,CTS,14
6.59853e+06,18,QOSDATA_TID6,1066
6.59871e+06,20,ACK,14
6.59876e+06,18,CTL,20
6.59885e+06,8,RTS,20
6.59885e+06,16,RTS,20
6.59892e+06,20,CTS,14
6.59898e+06,8,QOSDATA_TID6,1066
6.59916e+06,20,ACK,14
6.59921e+06,8,CTL,20
6.59931e+06,2,RTS,20
6.59931e+06,4,RTS,20
6.59931e+06,6,RTS,20
6.59931e+06,10,RTS,20
6.59942e+06,13,RTS,20
6.59948e+06,20,CTS,14
6.59954e+06,13,QOSDATA_TID6,1066
6.59973e+06,20,ACK,14
6.59977e+06,13,CTL,20
6.59986e+06,9,RTS,20
6.59993e+06,20,CTS,14
6.59999e+06,9,QOSDATA_TID6,1066
6.60017e+06,20,ACK,14
6.60022e+06,9,CTL,20
6.6003e+06,5,RTS,20
6.6003e+06,6,RTS,20
6.60037e+06,20,CTS,14
6.60043e+06,5,QOSDATA_TID6,1066
6.60061e+06,20,ACK,14
6.60066e+06,5,CTL,20
6.60075e+06,4,RTS,20
6.60075e+06,10,RTS,20
6.60086e+06,14,RTS,20
6.60093e+06,20,CTS,14
6.60099e+06,14,QOSDATA_TID6,1066
6.60117e+06,20,ACK,14
6.60122e+06,14,QOSDATA_TID6,1066
6.6014e+06,20,ACK,14
6.60144e+06,14,CTL,20
6.60153e+06,15,RTS,20
6.60153e+06,0,RTS,20
6.60153e+06,4,RTS,20
6.60164e+06,3,RTS,20
6.6017e+06,20,CTS,14
6.60176e+06,3,QOSDATA_TID6,1066
6.60195e+06,20,ACK,14
6.60199e+06,3,CTL,20
6.60208e+06,7,RTS,20
6.60215e+06,20,CTS,14
6.60221e+06,7,QOSDATA_TID6,1066
6.60239e+06,20,ACK,14
6.60243e+06,7,CTL,20
6.60252e+06,12,RTS,20
6.60252e+06,13,RTS,20
6.60252e+06,10,RTS,20
6.60259e+06,20,CTS,14
6.60265e+06,12,QOSDATA_TID6,1066
6.60283e+06,20,ACK,14
6.60288e+06,12,CTL,20
6.60296e+06,19,RTS,20
6.60303e+06,20,CTS,14
6.60309e+06,19,QOSDATA_TID6,1066
6.60327e+06,20,ACK,14
6.60332e+06,19,CTL,20
6.6034e+06,1,RTS,20
6.60347e+06,20,CTS,14
6.60353e+06,1,QOSDATA_TID6,1066
6.60372e+06,20,ACK,14
6.60376e+06,1,CTL,20
6.60385e+06,4,RTS,20
6.60385e+06,3,RTS,20
6.60385e+06,9,RTS,20
6.60385e+06,0,RTS,20
6.60395e+06,17,RTS,20
6.60402e+06,20,CTS,14
6.60408e+06,17,QOSDATA_TID6,1066
6.60427e+06,20,ACK,14
6.60431e+06,17,CTL,20
6.6044e+06,2,RTS,20
6.6044e+06,9,RTS,20
6.60446e+06,20,CTS,14
6.60452e+06,2,QOSDATA_TID6,1066
6.60471e+06,20,ACK,14
6.60475e+06,2,QOSDATA_TID6,1066
6.60494e+06,20,ACK,14
6.60498e+06,2,CTL,20
6.60507e+06,10,RTS,20
6.60507e+06,15,RTS,20
6.60513e+06,20,CTS,14
6.60519e+06,15,QOSDATA_TID6,1066
6.60538e+06,20,ACK,14
6.60542e+06,15,QOSDATA_TID6,1066
6.60561e+06,20,ACK,14
6.60565e+06,15,QOSDATA_TID6,1066
6.60583e+06,20,ACK,14
6.60588e+06,15,CTL,20
6.60597e+06,13,RTS,20
6.60597e+06,5,RTS,20
6.60597e+06,11,RTS,20
6.60597e+06,9,RTS,20
6.60604e+06,20,CTS,14
6.6061e+06,5,QOSDATA_TID6,1066
6.60628e+06,20,ACK,14
6.60633e+06,5,CTL,20
6.60642e+06,18,RTS,20
6.60649e+06,20,CTS,14
6.60655e+06,18,QOSDATA_TID6,1066
6.60674e+06,20,ACK,14
6.60678e+06,18,CTL,20
6.60687e+06,16,RTS,20
6.60687e+06,4,RTS,20
6.60696e+06,0,CTS,14
6.60696e+06,6,RTS,20
6.60707e+06,0,RTS,20
6.60714e+06,20,CTS,14
6.6072e+06,0,QOSDATA_TID6,1066
6.60738e+06,20,ACK,14
6.60742e+06,0,CTL,20
6.60751e+06,8,RTS,20
6.60751e+06,9,RTS,20
6.60758e+06,20,CTS,14
6.60764e+06,8,QOSDATA_TID6,1066
6.60782e+06,20,ACK,14
6.60787e+06,8,CTL,20
6.60796e+06,3,RTS,20
6.60796e+06,9,RTS,20
6.60796e+06,10,RTS,20
6.60806e+06,16,RTS,20
6.60813e+06,20,CTS,14
6.60819e+06,16,QOSDATA_TID6,1066
6.60837e+06,20,ACK,14
6.60842e+06,16,QOSDATA_TID6,1066
6.6086e+06,20,ACK,14
6.60864e+06,16,QOSDATA_TID6,1066
6.60883e+06,20,ACK,14
6.60887e+06,16,CTL,20
6.60896e+06,13,RTS,20
6.60896e+06,10,RTS,20
6.60911e+06,10,RTS,20
6.60917e+06,20,CTS,14
6.60923e+06,10,QOSDATA_TID6,1066
6.60942e+06,20,ACK,14
6.60946e+06,10,CTL,20
6.60956e+06,9,RTS,20
6.60956e+06,0,RTS,20
6.60956e+06,14,RTS,20
6.60956e+06,7,RTS,20
6.60956e+06,11,RTS,20
6.60956e+06,13,RTS,20
6.6097e+06,0,RTS,20
6.60976e+06,20,CTS,14
6.60982e+06,0,QOSDATA_TID6,1066
6.61001e+06,20,ACK,14
6.61005e+06,0,CTL,20
6.61015e+06,7,RTS,20
6.61015e+06,9,RTS,20
6.61022e+06,20,CTS,14
6.61028e+06,7,QOSDATA_TID6,1066
6.61046e+06,20,ACK,14
6.6105e+06,7,CTL,20
6.61059e+06,6,RTS,20
6.61066e+06,20,CTS,14
6.61072e+06,6,QOSDATA_TID6,1066
6.6109e+06,20,ACK,14
6.61095e+06,6,QOSDATA_TID6,1066
6.61113e+06,20,ACK,14
6.61117e+06,6,QOSDATA_TID6,1066
6.61136e+06,20,ACK,14
6.6114e+06,6,QOSDATA_TID6,1066
6.61159e+06,20,ACK,14
6.61163e+06,6,CTL,20
6.61172e+06,12,RTS,20
6.61172e+06,9,RTS,20
6.61178e+06,20,CTS,14
6.61184e+06,12,QOSDATA_TID6,1066
6.61203e+06,20,ACK,14
6.61207e+06,12,CTL,20
6.61217e+06,1,RTS,20
6.61217e+06,4,RTS,20
6.61217e+06,3,RTS,20
6.61224e+06,20,CTS,14
6.6123e+06,1,QOSDATA_TID6,1066
6.61248e+06,20,ACK,14
6.61252e+06,1,CTL,20
6.61261e+06,5,RTS,20
6.61268e+06,20,CTS,14
6.61274e+06,5,QOSDATA_TID6,1066
6.61292e+06,20,ACK,14
6.61296e+06,5,CTL,20
6.61305e+06,2,RTS,20
6.61305e+06,10,RTS,20
6.61305e+06,15,RTS,20
6.61305e+06,14,RTS,20
6.61316e+06,17,RTS,20
6.61316e+06,19,RTS,20
6.61316e+06,11,RTS,20
6.61316e+06,9,RTS,20
6.61327e+06,2,RTS,20
6.61327e+06,13,RTS,20
6.6134e+06,14,RTS,20
6.61347e+06,20,CTS,14
6.61353e+06,14,QOSDATA_TID6,1066
6.61371e+06,20,ACK,14
6.61376e+06,14,CTL,20
6.61385e+06,11,RTS,20
6.61392e+06,20,CTS,14
6.61398e+06,11,QOSDATA_TID6,1066
6.61416e+06,20,ACK,14
6.61421e+06,11,QOSDATA_TID6,1066
6.61439e+06,20,ACK,14
6.61444e+06,11,QOSDATA_TID6,1066
6.61462e+06,20,ACK,14
6.61466e+06,11,CTL,20
6.61475e+06,19,RTS,20
6.61482e+06,20,CTS,14
6.61488e+06,19,QOSDATA_TID6,1066
6.61506e+06,20,ACK,14
6.6151e+06,19,CTL,20
6.61519e+06,8,RTS,20
6.61519e+06,4,RTS,20
6.61519e+06,13,RTS,20
6.61526e+06,20,CTS,14
6.61532e+06,8,QOSDATA_TID6,1066
6.6155e+06,20,ACK,14
6.61555e+06,8,CTL,20
6.61563e+06,18,RTS,20
6.61563e+06,13,RTS,20
6.61574e+06,14,RTS,20
6.61581e+06,20,CTS,14
6.61587e+06,14,QOSDATA_TID6,1066
6.61605e+06,20,ACK,14
6.6161e+06,14,CTL,20
6.61619e+06,17,RTS,20
6.61619e+06,4,RTS,20
6.61626e+06,20,CTS,14
6.61632e+06,17,QOSDATA_TID6,1066
6.6165e+06,20,ACK,14
6.61655e+06,17,CTL,20
6.61663e+06,16,RTS,20
6.6167e+06,20,CTS,14
6.61676e+06,16,QOSDATA_TID6,1066
6.61694e+06,20,ACK,14
6.61699e+06,16,CTL,20
6.61708e+06,13,RTS,20
6.61708e+06,3,RTS,20
6.61708e+06,9,RTS,20
6.61708e+06,0,RTS,20
6.61708e+06,10,RTS,20
6.61718e+06,2,RTS,20
6.61725e+06,20,CTS,14
6.61731e+06,2,QOSDATA_TID6,1066
6.61749e+06,20,ACK,14
6.61754e+06,2,CTL,20
6.61762e+06,15,RTS,20
6.61769e+06,20,CTS,14
6.61775e+06,15,QOSDATA_TID6,1066
6.61794e+06,20,ACK,14
6.61798e+06,15,CTL,20
6.61807e+06,13,RTS,20
6.61813e+06,20,CTS,14
6.61819e+06,13,QOSDATA_TID6,1066
6.61838e+06,20,ACK,14
6.61842e+06,13,QOSDATA_TID6,1066
6.61861e+06,20,ACK,14
6.61865e+06,13,CTL,20
6.61874e+06,7,RTS,20
6.61874e+06,12,RTS,20
6.61874e+06,4,RTS,20
6.61874e+06,18,RTS,20
6.61883e+06,11,RTS,20
6.6189e+06,20,CTS,14
6.61896e+06,11,QOSDATA_TID6,1066
6.61915e+06,20,ACK,14
6.61919e+06,11,CTL,20
6.61928e+06,3,RTS,20
6.61934e+06,20,CTS,14
6.6194e+06,3,QOSDATA_TID6,1066
6.61959e+06,20,ACK,14
6.61963e+06,3,QOSDATA_TID6,1066
6.61982e+06,20,ACK,14
6.61986e+06,3,QOSDATA_TID6,1066
6.62004e+06,20,ACK,14
6.62009e+06,3,CTL,20
6.62018e+06,9,RTS,20
6.62018e+06,1,RTS,20
6.62018e+06,17,RTS,20
6.62018e+06,12,RTS,20
6.62028e+06,19,RTS,20
6.62028e+06,6,RTS,20
6.62046e+06,6,RTS,20
6.62053e+06,20,CTS,14
6.62059e+06,6,QOSDATA_TID6,1066
6.62077e+06,20,ACK,14
6.62081e+06,6,CTL,20
6.6209e+06,2,RTS,20
6.6209e+06,9,RTS,20
6.62097e+06,20,CTS,14
6.62103e+06,2,QOSDATA_TID6,1066
6.62121e+06,20,ACK,14
6.62126e+06,2,CTL,20
6.62134e+06,19,RTS,20
6.62134e+06,12,RTS,20
6.62141e+06,20,CTS,14
6.62147e+06,12,QOSDATA_TID6,1066
6.62165e+06,20,ACK,14
6.6217e+06,12,CTL,20
6.62178e+06,10,RTS,20
6.62185e+06,20,CTS,14
6.62191e+06,10,QOSDATA_TID6,1066
6.6221e+06,20,ACK,14
6.62214e+06,10,QOSDATA_TID6,1066
6.62232e+06,20,ACK,14
6.62237e+06,10,CTL,20
6.62245e+06,5,RTS,20
6.62252e+06,20,CTS,14
6.62258e+06,5,QOSDATA_TID6,1066
6.62277e+06,20,ACK,14
6.62281e+06,5,CTL,20
6.6229e+06,8,RTS,20
6.6229e+06,19,RTS,20
6.6229e+06,0,RTS,20
6.6229e+06,4,RTS,20
6.6229e+06,15,RTS,20
6.62299e+06,17,RTS,20
6.62306e+06,20,CTS,14
6.62312e+06,17,QOSDATA_TID6,1066
6.62331e+06,20,ACK,14
6.62335e+06,17,CTL,20
6.62344e+06,1,RTS,20
6.62344e+06,19,RTS,20
6.62344e+06,7,RTS,20
6.62353e+06,9,RTS,20
6.6236e+06,20,CTS,14
6.62366e+06,9,QOSDATA_TID6,1066
6.62385e+06,20,ACK,14
6.62389e+06,9,QOSDATA_TID6,1066
6.62407e+06,20,ACK,14
6.62412e+06,9,CTL,20
6.6242e+06,4,RTS,20
6.6242e+06,14,RTS,20
6.62436e+06,4,RTS,20
6.62443e+06,20,CTS,14
6.62449e+06,4,QOSDATA_TID6,1066
6.62467e+06,20,ACK,14
6.62472e+06,4,QOSDATA_TID6,1066
6.6249e+06,20,ACK,14
6.62495e+06,4,QOSDATA_TID6,1066
6.62513e+06,20,ACK,14
6.62517e+06,4,QOSDATA_TID6,1066
6.62536e+06,20,ACK,14
6.6254e+06,4,CTL,20
6.62549e+06,16,RTS,20
6.62556e+06,20,CTS,14
6.62562e+06,16,QOSDATA_TID6,1066
6.6258e+06,20,ACK,14
6.62584e+06,16,CTL,20
6.62593e+06,19,RTS,20
6.62593e+06,18,RTS,20
6.62593e+06,14,RTS,20
6.62605e+06,9,RTS,20
6.62611e+06,20,CTS,14
6.62617e+06,9,QOSDATA_TID6,1066
6.62636e+06,20,ACK,14
6.6264e+06,9,CTL,20
6.62649e+06,13,RTS,20
6.62656e+06,20,CTS,14
6.62662e+06,13,QOSDATA_TID6,1066
6.6268e+06,20,ACK,14
6.62684e+06,13,CTL,20
6.62693e+06,7,RTS,20
6.62693e+06,12,RTS,20
6.62693e+06,8,RTS,20
6.62693e+06,0,CTS,14
6.62693e+06,19,RTS,20
6.62693e+06,18,RTS,20
6.62702e+06,0,RTS,20
6.62709e+06,20,CTS,14
6.62715e+06,0,QOSDATA_TID6,1066
6.62734e+06,20,ACK,14
6.62738e+06,0,QOSDATA_TID6,1066
6.62757e+06,20,ACK,14
6.62761e+06,0,CTL,20
6.6277e+06,6,RTS,20
6.62776e+06,20,CTS,14
6.62782e+06,6,QOSDATA_TID6,1066
6.62801e+06,20,ACK,14
6.62805e+06,6,CTL,20
6.62814e+06,17,RTS,20
6.62814e+06,11,RTS,20
6.62821e+06,20,CTS,14
6.62827e+06,17,QOSDATA_TID6,1066
6.62845e+06,20,ACK,14
6.62849e+06,17,CTL,20
6.62858e+06,11,RTS,20
6.62858e+06,15,RTS,20
6.62868e+06,3,RTS,20
6.62875e+06,20,CTS,14
6.62881e+06,3,QOSDATA_TID6,1066
6.62899e+06,20,ACK,14
6.62903e+06,3,CTL,20
6.62912e+06,10,RTS,20
6.62919e+06,20,CTS,14
6.62925e+06,10,QOSDATA_TID6,1066
6.62943e+06,20,ACK,14
6.62948e+06,10,CTL,20
6.62956e+06,2,RTS,20
6.62956e+06,8,RTS,20
6.62956e+06,7,RTS,20
6.62967e+06,11,RTS,20
6.62967e+06,14,RTS,20
6.62979e+06,2,RTS,20
6.62986e+06,20,CTS,14
6.62992e+06,2,QOSDATA_TID6,1066
6.63011e+06,20,ACK,14
6.63015e+06,2,CTL,20
6.63024e+06,14,RTS,20
6.6303e+06,20,CTS,14
6.63036e+06,14,QOSDATA_TID6,1066
6.63055e+06,20,ACK,14
6.63059e+06,14,CTL,20
6.63068e+06,12,RTS,20
6.63068e+06,5,RTS,20
6.63068e+06,1,RTS,20
6.63078e+06,4,RTS,20
6.63078e+06,18,RTS,20
6.63084e+06,20,CTS,14
6.6309e+06,18,QOSDATA_TID6,1066
6.63109e+06,20,ACK,14
6.63113e+06,18,QOSDATA_TID6,1066
6.63132e+06,20,ACK,14
6.63136e+06,18,QOSDATA_TID6,1066
6.63154e+06,20,ACK,14
6.63159e+06,18,CTL,20
6.63167e+06,8,RTS,20
6.63174e+06,20,CTS,14
6.6318e+06,8,QOSDATA_TID6,1066
6.63199e+06,20,ACK,14
6.63203e+06,8,QOSDATA_TID6,1066
6.63221e+06,20,ACK,14
6.63226e+06,8,CTL,20
6.63234e+06,14,RTS,20
6.63241e+06,20,CTS,14
6.63247e+06,14,QOSDATA_TID6,1066
6.63266e+06,20,ACK,14
6.6327e+06,14,CTL,20
6.63279e+06,15,RTS,20
6.63279e+06,19,RTS,20
6.63279e+06,11,RTS,20
6.63279e+06,16,RTS,20
6.63279e+06,4,RTS,20
6.6329e+06,12,RTS,20
6.63297e+06,20,CTS,14
6.63303e+06,12,QOSDATA_TID6,1066
6.63321e+06,20,ACK,14
6.63326e+06,12,CTL,20
6.63334e+06,0,RTS,20
6.63341e+06,20,CTS,14
6.63347e+06,0,QOSDATA_TID6,1066
6.63366e+06,20,ACK,14
6.6337e+06,0,CTL,20
6.63379e+06,7,RTS,20
6.63379e+06,9,RTS,20
6.63379e+06,13,RTS,20
6.63385e+06,20,CTS,14
6.63391e+06,7,QOSDATA_TID6,1066
6.6341e+06,20,ACK,14
6.63414e+06,7,QOSDATA_TID6,1066
6.63433e+06,20,ACK,14
6.63437e+06,7,QOSDATA_TID6,1066
6.63455e+06,20,ACK,14
6.6346e+06,7,CTL,20
6.63469e+06,12,RTS,20
6.63469e+06,13,RTS,20
6.63469e+06,5,RTS,20
6.63469e+06,16,RTS,20
6.63469e+06,3,RTS,20
6.63481e+06,1,RTS,20
6.63481e+06,15,RTS,20
6.63496e+06,15,RTS,20
6.63503e+06,20,CTS,14
6.63509e+06,15,QOSDATA_TID6,1066
6.63527e+06,20,ACK,14
6.63532e+06,15,QOSDATA_TID6,1066
6.6355e+06,20,ACK,14
6.63554e+06,15,CTL,20
6.63563e+06,13,RTS,20
6.63563e+06,17,RTS,20
6.63563e+06,1,RTS,20
6.63574e+06,6,RTS,20
6.6358e+06,20,CTS,14
6.63586e+06,6,QOSDATA_TID6,1066
6.63605e+06,20,ACK,14
6.63609e+06,6,CTL,20
6.63618e+06,17,RTS,20
6.63618e+06,11,RTS,20
6.63618e+06,4,RTS,20
6.63625e+06,20,CTS,14
6.63631e+06,17,QOSDATA_TID6,1066
6.63649e+06,20,ACK,14
6.63653e+06,17,CTL,20
6.63662e+06,2,RTS,20
6.63662e+06,10,RTS,20
6.63669e+06,20,CTS,14
6.63675e+06,2,QOSDATA_TID6,1066
6.63693e+06,20,ACK,14
6.63698e+06,2,CTL,20
6.63706e+06,10,RTS,20
6.63713e+06,20,CTS,14
6.63719e+06,10,QOSDATA_TID6,1066
6.63737e+06,20,ACK,14
6.63742e+06,10,CTL,20
6.6375e+06,3,RTS,20
6.6375e+06,12,RTS,20
6.6375e+06,15,RTS,20
6.6375e+06,16,RTS,20
6.63757e+06,20,CTS,14
6.63763e+06,12,QOSDATA_TID6,1066
6.63782e+06,20,ACK,14
6.63786e+06,12,CTL,20
6.63796e+06,1,RTS,20
6.63796e+06,4,RTS,20
6.63796e+06,15,RTS,20
6.63796e+06,9,RTS,20
6.63807e+06,11,RTS,20
6.63807e+06,13,RTS,20
6.63821e+06,13,RTS,20
6.63828e+06,20,CTS,14
6.63834e+06,13,QOSDATA_TID6,1066
6.63852e+06,20,ACK,14
6.63857e+06,13,CTL,20
6.63865e+06,4,RTS,20
6.63865e+06,8,RTS,20
6.63865e+06,1,RTS,20
6.63875e+06,18,RTS,20
6.63882e+06,20,CTS,14
6.63888e+06,18,QOSDATA_TID6,1066
6.63906e+06,20,ACK,14
6.63911e+06,18,CTL,20
6.63919e+06,11,RTS,20
6.63919e+06,16,RTS,20
6.63929e+06,3,RTS,20
6.63929e+06,9,RTS,20
6.63939e+06,19,RTS,20
6.63939e+06,5,RTS,20
6.63939e+06,8,RTS,20
6.63939e+06,4,RTS,20
6.63949e+06,14,RTS,20
6.63956e+06,20,CTS,14
6.63962e+06,14,QOSDATA_TID6,1066
6.6398e+06,20,ACK,14
6.63984e+06,14,CTL,20
6.63993e+06,15,RTS,20
6.63993e+06,8,RTS,20
6.64e+06,20,CTS,14
6.64006e+06,8,QOSDATA_TID6,1066
6.64024e+06,20,ACK,14
6.64028e+06,8,CTL,20
6.64038e+06,5,RTS,20
6.64045e+06,20,CTS,14
6.64051e+06,5,QOSDATA_TID6,1066
6.64069e+06,20,ACK,14
6.64074e+06,5,QOSDATA_TID6,1066
6.64092e+06,20,ACK,14
6.64096e+06,5,CTL,20
6.64105e+06,19,RTS,20
6.64112e+06,20,CTS,14
6.64118e+06,19,QOSDATA_TID6,1066
6.64136e+06,20,ACK,14
6.64141e+06,19,QOSDATA_TID6,1066
6.64159e+06,20,ACK,14
6.64163e+06,19,CTL,20
6.64172e+06,1,RTS,20
6.64179e+06,20,CTS,14
6.64185e+06,1,QOSDATA_TID6,1066
6.64203e+06,20,ACK,14
6.64208e+06,1,QOSDATA_TID6,1066
6.64226e+06,20,ACK,14
6.6423e+06,1,CTL,20
6.64239e+06,11,RTS,20
6.64239e+06,12,RTS,20
6.64239e+06,7,RTS,20
6.64239e+06,3,RTS,20
6.64239e+06,13,RTS,20
6.6425e+06,0,RTS,20
6.64256e+06,20,CTS,14
6.64262e+06,0,QOSDATA_TID6,1066
6.64281e+06,20,ACK,14
6.64285e+06,0,CTL,20
6.64294e+06,3,RTS,20
6.64294e+06,11,RTS,20
6.64304e+06,19,RTS,20
6.6431e+06,20,CTS,14
6.64316e+06,19,QOSDATA_TID6,1066
6.64335e+06,20,ACK,14
6.64339e+06,19,CTL,20
6.64348e+06,1,RTS,20
6.64348e+06,15,RTS,20
6.64358e+06,7,RTS,20
6.64365e+06,20,CTS,14
6.64371e+06,7,QOSDATA_TID6,1066
6.64389e+06,20,ACK,14
6.64393e+06,7,CTL,20
6.64402e+06,15,RTS,20
6.64409e+06,20,CTS,14
6.64415e+06,15,QOSDATA_TID6,1066
6.64433e+06,20,ACK,14
6.64438e+06,15,CTL,20
6.64446e+06,17,RTS,20
6.64446e+06,9,RTS,20
6.64453e+06,20,CTS,14
6.64459e+06,17,QOSDATA_TID6,1066
6.64477e+06,20,ACK,14
6.64482e+06,17,CTL,20
6.6449e+06,6,RTS,20
6.64497e+06,20,CTS,14
6.64503e+06,6,QOSDATA_TID6,1066
6.64522e+06,20,ACK,14
6.64526e+06,6,CTL,20
6.64535e+06,15,RTS,20
6.64535e+06,2,RTS,20
6.64535e+06,5,RTS,20
6.64535e+06,1,RTS,20
6.64535e+06,13,RTS,20
6.64535e+06,16,RTS,20
6.64548e+06,2,RTS,20
6.64548e+06,1,RTS,20
6.64548e+06,16,RTS,20
6.64548e+06,12,RTS,20
6.6456e+06,13,RTS,20
6.64566e+06,20,CTS,14
6.64572e+06,13,QOSDATA_TID6,1066
6.64591e+06,20,ACK,14
6.64595e+06,13,CTL,20
6.64604e+06,2,RTS,20
6.64611e+06,20,CTS,14
6.64617e+06,2,QOSDATA_TID6,1066
6.64635e+06,20,ACK,14
6.64639e+06,2,CTL,20
6.64648e+06,10,RTS,20
6.64648e+06,4,RTS,20
6.64659e+06,5,RTS,20
6.64659e+06,15,RTS,20
6.64666e+06,20,CTS,14
6.64672e+06,5,QOSDATA_TID6,1066
6.6469e+06,20,ACK,14
6.64694e+06,5,CTL,20
6.64705e+06,11,RTS,20
6.64705e+06,16,RTS,20
6.64705e+06,10,RTS,20
6.64714e+06,8,RTS,20
6.64714e+06,1,RTS,20
6.64714e+06,12,RTS,20
6.64714e+06,14,RTS,20
6.64727e+06,4,RTS,20
6.64727e+06,18,RTS,20
6.64727e+06,9,RTS,20
6.64739e+06,12,RTS,20
6.64739e+06,15,RTS,20
6.64746e+06,20,CTS,14
6.64752e+06,12,QOSDATA_TID6,1066
6.6477e+06,20,ACK,14
6.64775e+06,12,CTL,20
6.64784e+06,4,RTS,20
6.64784e+06,18,RTS,20
6.64791e+06,20,CTS,14
6.64797e+06,18,QOSDATA_TID6,1066
6.64815e+06,20,ACK,14
6.6482e+06,18,CTL,20
6.64829e+06,4,RTS,20
6.64836e+06,20,CTS,14
6.64842e+06,4,QOSDATA_TID6,1066
6.6486e+06,20,ACK,14
6.64865e+06,4,QOSDATA_TID6,1066
6.64883e+06,20,ACK,14
6.64888e+06,4,CTL,20
6.64896e+06,8,RTS,20
6.64896e+06,9,RTS,20
6.64903e+06,20,CTS,14
6.64909e+06,8,QOSDATA_TID6,1066
6.64927e+06,20,ACK,14
6.64932e+06,8,CTL,20
6.6494e+06,9,RTS,20
6.64947e+06,20,CTS,14
6.64953e+06,9,QOSDATA_TID6,1066
6.64972e+06,20,ACK,14
6.64976e+06,9,QOSDATA_TID6,1066
6.64994e+06,20,ACK,14
6.64999e+06,9,QOSDATA_TID6,1066
6.65017e+06,20,ACK,14
6.65022e+06,9,CTL,20
6.6503e+06,1,RTS,20
6.6503e+06,14,RTS,20
6.65037e+06,20,CTS,14
6.65043e+06,1,QOSDATA_TID6,1066
6.65061e+06,20,ACK,14
6.65066e+06,1,CTL,20
6.65075e+06,3,RTS,20
6.65075e+06,0,RTS,20
6.65075e+06,14,RTS,20
6.65085e+06,7,RTS,20
6.65092e+06,20,CTS,14
6.65098e+06,7,QOSDATA_TID6,1066
6.65116e+06,20,ACK,14
6.65121e+06,7,CTL,20
6.65129e+06,16,RTS,20
6.65129e+06,6,RTS,20
6.65129e+06,3,RTS,20
6.65129e+06,10,RTS,20
6.6514e+06,17,RTS,20
6.6514e+06,13,RTS,20
6.65147e+06,20,CTS,14
6.65153e+06,17,QOSDATA_TID6,1066
6.65171e+06,20,ACK,14
6.65176e+06,17,CTL,20
6.65185e+06,1,RTS,20
6.65185e+06,12,RTS,20
6.65185e+06,11,RTS,20
6.65192e+06,20,CTS,14
6.65198e+06,12,QOSDATA_TID6,1066
6.65216e+06,20,ACK,14
6.65221e+06,12,CTL,20
6.65229e+06,5,RTS,20
6.65229e+06,13,RTS,20
6.65229e+06,10,RTS,20
6.65236e+06,20,CTS,14
6.65242e+06,5,QOSDATA_TID6,1066
6.65261e+06,20,ACK,14
6.65265e+06,5,CTL,20
6.65274e+06,16,RTS,20
6.65274e+06,15,RTS,20
6.65284e+06,3,RTS,20
6.65291e+06,20,CTS,14
6.65297e+06,3,QOSDATA_TID6,1066
6.65316e+06,20,ACK,14
6.6532e+06,3,QOSDATA_TID6,1066
6.65338e+06,20,ACK,14
6.65343e+06,3,CTL,20
6.65351e+06,2,RTS,20
6.65358e+06,20,CTS,14
6.65364e+06,2,QOSDATA_TID6,1066
6.65382e+06,20,ACK,14
6.65387e+06,2,CTL,20
6.65396e+06,10,RTS,20
6.65402e+06,20,CTS,14
6.65408e+06,10,QOSDATA_TID6,1066
6.65427e+06,20,ACK,14
6.65431e+06,10,QOSDATA_TID6,1066
6.6545e+06,20,ACK,14
6.65454e+06,10,CTL,20
6.65462e+06,18,RTS,20
6.65462e+06,19,RTS,20
6.65462e+06,14,RTS,20
6.65462e+06,4,RTS,20
6.65473e+06,13,RTS,20
6.6548e+06,20,CTS,14
6.65486e+06,13,QOSDATA_TID6,1066
6.65504e+06,20,ACK,14
6.65509e+06,13,CTL,20
6.65517e+06,18,RTS,20
6.65524e+06,20,CTS,14
6.6553e+06,18,QOSDATA_TID6,1066
6.65549e+06,20,ACK,14
6.65553e+06,18,CTL,20
6.65562e+06,15,RTS,20
6.65562e+06,4,RTS,20
6.65568e+06,20,CTS,14
6.65574e+06,15,QOSDATA_TID6,1066
6.65593e+06,20,ACK,14
6.65597e+06,15,QOSDATA_TID6,1066
6.65616e+06,20,ACK,14
6.6562e+06,15,CTL,20
6.6563e+06,6,RTS,20
6.6563e+06,1,RTS,20
6.6563e+06,11,RTS,20
6.65647e+06,11,RTS,20
6.65654e+06,20,CTS,14
6.6566e+06,11,QOSDATA_TID6,1066
6.65678e+06,20,ACK,14
6.65683e+06,11,QOSDATA_TID6,1066
6.65701e+06,20,ACK,14
6.65706e+06,11,QOSDATA_TID6,1066
6.65724e+06,20,ACK,14
6.65728e+06,11,CTL,20
6.65737e+06,1,RTS,20
6.65744e+06,20,CTS,14
6.6575e+06,1,QOSDATA_TID6,1066
6.65768e+06,20,ACK,14
6.65772e+06,1,CTL,20
6.65781e+06,6,RTS,20
6.65788e+06,20,CTS,14
6.65794e+06,6,QOSDATA_TID6,1066
6.65812e+06,20,ACK,14
6.65817e+06,6,CTL,20
6.65825e+06,0,RTS,20
6.65825e+06,8,RTS,20
6.65825e+06,9,RTS,20
6.65837e+06,13,RTS,20
6.65844e+06,20,CTS,14
6.6585e+06,13,QOSDATA_TID6,1066
6.65868e+06,20,ACK,14
6.65872e+06,13,CTL,20
6.65881e+06,8,RTS,20
6.65881e+06,0,CTS,14
6.65893e+06,0,RTS,20
6.659e+06,20,CTS,14
6.65906e+06,0,QOSDATA_TID6,1066
6.65925e+06,20,ACK,14
6.65929e+06,0,QOSDATA_TID6,1066
6.65947e+06,20,ACK,14
6.65952e+06,0,CTL,20
6.6596e+06,17,RTS,20
6.6596e+06,7,RTS,20
6.6596e+06,1,RTS,20
6.6596e+06,16,RTS,20
6.6597e+06,14,RTS,20
6.65977e+06,20,CTS,14
6.65983e+06,14,QOSDATA_TID6,1066
6.66001e+06,20,ACK,14
6.66006e+06,14,QOSDATA_TID6,1066
6.66024e+06,20,ACK,14
6.66029e+06,14,CTL,20
6.66037e+06,6,RTS,20
6.66037e+06,7,RTS,20
6.66037e+06,3,RTS,20
6.66037e+06,9,RTS,20
6.66049e+06,19,RTS,20
6.66049e+06,5,RTS,20
6.66056e+06,20,CTS,14
6.66062e+06,5,QOSDATA_TID6,1066
6.6608e+06,20,ACK,14
6.66084e+06,5,CTL,20
6.66094e+06,12,RTS,20
6.66094e+06,2,RTS,20
6.66094e+06,11,RTS,20
6.66094e+06,10,RTS,20
6.66101e+06,20,CTS,14
6.66107e+06,12,QOSDATA_TID6,1066
6.66125e+06,20,ACK,14
6.6613e+06,12,CTL,20
6.66138e+06,11,RTS,20
6.66138e+06,6,RTS,20
6.6615e+06,3,RTS,20
6.66156e+06,20,CTS,14
6.66162e+06,3,QOSDATA_TID6,1066
6.66181e+06,20,ACK,14
6.66185e+06,3,CTL,20
6.66195e+06,9,RTS,20
6.66195e+06,8,RTS,20
6.66195e+06,11,RTS,20
6.66195e+06,15,RTS,20
6.66206e+06,7,RTS,20
6.66206e+06,6,RTS,20
6.66217e+06,15,RTS,20
6.66224e+06,20,CTS,14
6.6623e+06,15,QOSDATA_TID6,1066
6.66248e+06,20,ACK,14
6.66253e+06,15,CTL,20
6.66261e+06,6,RTS,20
6.66268e+06,20,CTS,14
6.66274e+06,6,QOSDATA_TID6,1066
6.66292e+06,20,ACK,14
6.66297e+06,6,CTL,20
6.66306e+06,18,RTS,20
6.66312e+06,20,CTS,14
6.66318e+06,18,QOSDATA_TID6,1066
6.66337e+06,20,ACK,14
6.66341e+06,18,CTL,20
6.6635e+06,9,RTS,20
6.6635e+06,14,RTS,20
6.6635e+06,7,RTS,20
6.66356e+06,20,CTS,14
6.66362e+06,7,QOSDATA_TID6,1066
6.66381e+06,20,ACK,14
6.66385e+06,7,CTL,20
6.66395e+06,1,RTS,20
6.66395e+06,4,RTS,20
6.66395e+06,19,RTS,20
6.66405e+06,8,RTS,20
6.66411e+06,20,CTS,14
6.66417e+06,8,QOSDATA_TID6,1066
6.66436e+06,20,ACK,14
6.6644e+06,8,QOSDATA_TID6,1066
6.66459e+06,20,ACK,14
6.66463e+06,8,CTL,20
6.66472e+06,17,RTS,20
6.66472e+06,4,RTS,20
6.66478e+06,20,CTS,14
6.66484e+06,17,QOSDATA_TID6,1066
6.66503e+06,20,ACK,14
6.66507e+06,17,CTL,20
6.66516e+06,4,RTS,20
6.66516e+06,0,RTS,20
6.66523e+06,20,CTS,14
6.66529e+06,0,QOSDATA_TID6,1066
6.66547e+06,20,ACK,14
6.66551e+06,0,CTL,20
6.6656e+06,7,RTS,20
6.6656e+06,4,RTS,20
6.66567e+06,20,CTS,14
6.66573e+06,7,QOSDATA_TID6,1066
6.66591e+06,20,ACK,14
6.66596e+06,7,CTL,20
6.66604e+06,1,RTS,20
6.66604e+06,4,RTS,20
6.66611e+06,20,CTS,14
6.66617e+06,1,QOSDATA_TID6,1066
6.66635e+06,20,ACK,14
6.6664e+06,1,CTL,20
6.66648e+06,14,RTS,20
6.66655e+06,20,CTS,14
6.66661e+06,14,QOSDATA_TID6,1066
6.6668e+06,20,ACK,14
6.66684e+06,14,CTL,20
6.66693e+06,9,RTS,20
6.66699e+06,20,CTS,14
6.66706e+06,9,QOSDATA_TID6,1066
6.66724e+06,20,ACK,14
6.66728e+06,9,QOSDATA_TID6,1066
6.66747e+06,20,ACK,14
6.66751e+06,9,CTL,20
6.6676e+06,10,RTS,20
6.6676e+06,19,RTS,20
6.6676e+06,11,RTS,20
6.6676e+06,4,RTS,20
6.6677e+06,2,RTS,20
6.66776e+06,20,CTS,14
6.66782e+06,2,QOSDATA_TID6,1066
6.66801e+06,20,ACK,14
6.66805e+06,2,CTL,20
6.66814e+06,3,RTS,20
6.66814e+06,6,RTS,20
6.66814e+06,12,RTS,20
6.66814e+06,4,RTS,20
6.66814e+06,13,RTS,20
6.6682e+06,20,CTS,14
6.66826e+06,12,QOSDATA_TID6,1066
6.66845e+06,20,ACK,14
6.66849e+06,12,CTL,20
6.66859e+06,17,RTS,20
6.66859e+06,1,RTS,20
6.66859e+06,5,RTS,20
6.66859e+06,16,RTS,20
6.66869e+06,2,RTS,20
6.66869e+06,15,RTS,20
6.6688e+06,6,RTS,20
6.66881e+06,11,RTS,20
6.66893e+06,6,RTS,20
6.669e+06,20,CTS,14
6.66906e+06,6,QOSDATA_TID6,1066
6.66924e+06,20,ACK,14
6.66929e+06,6,CTL,20
6.66938e+06,15,RTS,20
6.66938e+06,3,RTS,20
6.66948e+06,17,RTS,20
6.66948e+06,11,RTS,20
6.66955e+06,20,CTS,14
6.66961e+06,17,QOSDATA_TID6,1066
6.66979e+06,20,ACK,14
6.66984e+06,17,CTL,20
6.66992e+06,11,RTS,20
6.66999e+06,20,CTS,14
6.67005e+06,11,QOSDATA_TID6,1066
6.67024e+06,20,ACK,14
6.67028e+06,11,QOSDATA_TID6,1066
6.67046e+06,20,ACK,14
6.67051e+06,11,CTL,20
6.67059e+06,13,RTS,20
6.67059e+06,10,RTS,20
6.6707e+06,8,RTS,20
6.67077e+06,20,CTS,14
6.67083e+06,8,QOSDATA_TID6,1066
6.67101e+06,20,ACK,14
6.67106e+06,8,CTL,20
6.67114e+06,5,RTS,20
6.67114e+06,13,RTS,20
6.67114e+06,14,RTS,20
6.67121e+06,20,CTS,14
6.67127e+06,5,QOSDATA_TID6,1066
6.67146e+06,20,ACK,14
6.6715e+06,5,CTL,20
6.67159e+06,1,RTS,20
6.67159e+06,4,RTS,20
6.67166e+06,20,CTS,14
6.67172e+06,1,QOSDATA_TID6,1066
6.67191e+06,20,ACK,14
6.67195e+06,1,CTL,20
6.67203e+06,20,BEACON,152
6.67229e+06,15,RTS,20
6.67236e+06,20,CTS,14
6.67242e+06,15,QOSDATA_TID6,1066
6.6726e+06,20,ACK,14
6.67264e+06,15,CTL,20
6.67274e+06,18,RTS,20
6.67274e+06,19,RTS,20
6.67274e+06,16,RTS,20
6.67274e+06,10,RTS,20
6.67284e+06,14,RTS,20
6.67284e+06,13,RTS,20
6.67295e+06,2,RTS,20
6.67302e+06,20,CTS,14
6.67308e+06,2,QOSDATA_TID6,1066
6.67327e+06,20,ACK,14
6.67331e+06,2,CTL,20
6.6734e+06,3,RTS,20
6.6734e+06,0,RTS,20
6.6734e+06,16,RTS,20
6.67351e+06,19,RTS,20
6.67351e+06,13,RTS,20
6.67351e+06,10,RTS,20
6.67361e+06,0,RTS,20
6.67368e+06,20,CTS,14
6.67374e+06,0,QOSDATA_TID6,1066
6.67392e+06,20,ACK,14
6.67397e+06,0,CTL,20
6.67405e+06,7,RTS,20
6.67412e+06,20,CTS,14
6.67418e+06,7,QOSDATA_TID6,1066
6.67436e+06,20,ACK,14
6.67441e+06,7,CTL,20
6.67449e+06,19,RTS,20
6.67449e+06,10,RTS,20
6.67456e+06,20,CTS,14
6.67462e+06,19,QOSDATA_TID6,1066
6.67481e+06,20,ACK,14
6.67485e+06,19,QOSDATA_TID6,1066
6.67503e+06,20,ACK,14
6.67508e+06,19,QOSDATA_TID6,1066
6.67526e+06,20,ACK,14
6.67531e+06,19,QOSDATA_TID6,1066
6.67549e+06,20,ACK,14
6.67553e+06,19,CTL,20
6.67562e+06,1,RTS,20
6.67562e+06,17,RTS,20
6.67572e+06,6,RTS,20
6.67572e+06,14,RTS,20
6.67582e+06,13,RTS,20
6.67582e+06,12,RTS,20
6.67582e+06,11,RTS,20
6.67582e+06,16,RTS,20
6.67582e+06,4,RTS,20
6.67588e+06,20,CTS,14
6.67594e+06,12,QOSDATA_TID6,1066
6.67613e+06,20,ACK,14
6.67617e+06,12,CTL,20
6.67626e+06,17,RTS,20
6.67626e+06,4,RTS,20
6.67626e+06,14,RTS,20
6.67633e+06,20,CTS,14
6.67639e+06,17,QOSDATA_TID6,1066
6.67657e+06,20,ACK,14
6.67662e+06,17,CTL,20
6.67671e+06,1,RTS,20
6.67671e+06,2,RTS,20
6.67671e+06,9,RTS,20
6.67671e+06,13,RTS,20
6.67671e+06,6,RTS,20
6.67671e+06,14,RTS,20
6.67682e+06,10,RTS,20
6.67688e+06,20,CTS,14
6.67694e+06,10,QOSDATA_TID6,1066
6.67713e+06,20,ACK,14
6.67717e+06,10,QOSDATA_TID6,1066
6.67736e+06,20,ACK,14
6.6774e+06,10,QOSDATA_TID6,1066
6.67758e+06,20,ACK,14
6.67763e+06,10,CTL,20
6.67772e+06,18,RTS,20
6.67772e+06,1,RTS,20
6.67778e+06,20,CTS,14
6.67784e+06,1,QOSDATA_TID6,1066
6.67803e+06,20,ACK,14
6.67807e+06,1,CTL,20
6.67817e+06,4,RTS,20
6.67817e+06,3,RTS,20
6.67817e+06,13,RTS,20
6.67826e+06,6,RTS,20
6.67833e+06,20,CTS,14
6.67839e+06,6,QOSDATA_TID6,1066
6.67858e+06,20,ACK,14
6.67862e+06,6,CTL,20
6.67871e+06,5,RTS,20
6.67877e+06,20,CTS,14
6.67883e+06,5,QOSDATA_TID6,1066
6.67902e+06,20,ACK,14
6.67906e+06,5,CTL,20
6.67915e+06,8,RTS,20
6.67922e+06,20,CTS,14
6.67928e+06,8,QOSDATA_TID6,1066
6.67946e+06,20,ACK,14
6.6795e+06,8,CTL,20
6.67959e+06,11,RTS,20
6.67959e+06,9,RTS,20
6.67959e+06,13,RTS,20
6.67959e+06,15,RTS,20
6.67972e+06,15,RTS,20
6.67972e+06,18,RTS,20
6.67982e+06,11,RTS,20
6.67989e+06,20,CTS,14
6.67995e+06,11,QOSDATA_TID6,1066
6.68013e+06,20,ACK,14
6.68018e+06,11,CTL,20
6.68026e+06,18,RTS,20
6.68033e+06,20,CTS,14
6.68039e+06,18,QOSDATA_TID6,1066
6.68058e+06,20,ACK,14
6.68062e+06,18,QOSDATA_TID6,1066
6.6808e+06,20,ACK,14
6.68085e+06,18,CTL,20
6.68094e+06,9,RTS,20
6.68094e+06,16,RTS,20
6.68106e+06,15,RTS,20
6.68106e+06,14,RTS,20
6.68117e+06,0,RTS,20
6.68123e+06,20,CTS,14
6.68129e+06,0,QOSDATA_TID6,1066
6.68148e+06,20,ACK,14
6.68152e+06,0,CTL,20
6.68161e+06,2,RTS,20
6.68161e+06,7,RTS,20
6.68161e+06,9,RTS,20
6.68175e+06,2,RTS,20
6.68175e+06,7,RTS,20
6.6819e+06,14,RTS,20
6.68197e+06,20,CTS,14
6.68203e+06,14,QOSDATA_TID6,1066
6.68221e+06,20,ACK,14
6.68226e+06,14,QOSDATA_TID6,1066
6.68244e+06,20,ACK,14
6.68248e+06,14,CTL,20
6.68257e+06,7,RTS,20
6.68264e+06,20,CTS,14
6.6827e+06,7,QOSDATA_TID6,1066
6.68288e+06,20,ACK,14
6.68293e+06,7,CTL,20
6.68301e+06,12,RTS,20
6.68301e+06,4,RTS,20
6.68301e+06,15,RTS,20
6.68301e+06,2,RTS,20
6.68308e+06,20,CTS,14
6.68314e+06,12,QOSDATA_TID6,1066
6.68332e+06,20,ACK,14
6.68337e+06,12,CTL,20
6.68345e+06,1,RTS,20
6.68352e+06,20,CTS,14
6.68358e+06,1,QOSDATA_TID6,1066
6.68377e+06,20,ACK,14
6.68381e+06,1,CTL,20
6.6839e+06,4,RTS,20
6.6839e+06,2,RTS,20
6.6839e+06,3,RTS,20
6.6839e+06,9,RTS,20
6.6839e+06,13,RTS,20
6.684e+06,19,RTS,20
6.68406e+06,20,CTS,14
6.68412e+06,19,QOSDATA_TID6,1066
6.68431e+06,20,ACK,14
6.68435e+06,19,CTL,20
6.68444e+06,6,RTS,20
6.6845e+06,20,CTS,14
6.68456e+06,6,QOSDATA_TID6,1066
6.68475e+06,20,ACK,14
6.68479e+06,6,CTL,20
6.68488e+06,5,RTS,20
6.68488e+06,17,RTS,20
6.68488e+06,16,RTS,20
6.68498e+06,15,RTS,20
6.68504e+06,20,CTS,14
6.6851e+06,15,QOSDATA_TID6,1066
6.68529e+06,20,ACK,14
6.68533e+06,15,QOSDATA_TID6,1066
6.68552e+06,20,ACK,14
6.68556e+06,15,CTL,20
6.68565e+06,9,RTS,20
6.68572e+06,20,CTS,14
6.68578e+06,9,QOSDATA_TID6,1066
6.68596e+06,20,ACK,14
6.686e+06,9,QOSDATA_TID6,1066
6.68619e+06,20,ACK,14
6.68623e+06,9,CTL,20
6.68632e+06,2,RTS,20
6.68632e+06,10,RTS,20
6.68632e+06,18,RTS,20
6.68632e+06,5,RTS,20
6.68632e+06,11,RTS,20
6.68638e+06,20,CTS,14
6.68644e+06,5,QOSDATA_TID6,1066
6.68663e+06,20,ACK,14
6.68667e+06,5,CTL,20
6.68676e+06,2,RTS,20
6.68683e+06,20,CTS,14
6.68689e+06,2,QOSDATA_TID6,1066
6.68707e+06,20,ACK,14
6.68712e+06,2,QOSDATA_TID6,1066
6.6873e+06,20,ACK,14
6.68734e+06,2,CTL,20
6.68743e+06,3,RTS,20
6.68743e+06,16,RTS,20
6.68754e+06,14,RTS,20
6.6876e+06,20,CTS,14
6.68766e+06,14,QOSDATA_TID6,1066
6.68785e+06,20,ACK,14
6.68789e+06,14,CTL,20
6.68798e+06,3,RTS,20
6.68798e+06,16,RTS,20
6.68815e+06,3,RTS,20
6.68822e+06,20,CTS,14
6.68828e+06,3,QOSDATA_TID6,1066
6.68847e+06,20,ACK,14
6.68851e+06,3,QOSDATA_TID6,1066
6.68869e+06,20,ACK,14
6.68874e+06,3,CTL,20
6.68883e+06,8,RTS,20
6.68883e+06,17,RTS,20
6.68883e+06,16,RTS,20
6.68883e+06,13,RTS,20
6.68897e+06,18,RTS,20
6.68897e+06,10,RTS,20
6.68906e+06,16,RTS,20
6.68913e+06,20,CTS,14
6.68919e+06,16,QOSDATA_TID6,1066
6.68938e+06,20,ACK,14
6.68942e+06,16,QOSDATA_TID6,1066
6.6896e+06,20,ACK,14
6.68965e+06,16,QOSDATA_TID6,1066
6.68983e+06,20,ACK,14
6.68988e+06,16,QOSDATA_TID6,1066
6.69006e+06,20,ACK,14
6.6901e+06,16,QOSDATA_TID6,1066
6.69029e+06,20,ACK,14
6.69033e+06,16,QOSDATA_TID6,1066
6.69052e+06,20,ACK,14
6.69056e+06,16,CTL,20
6.69065e+06,7,RTS,20
6.69065e+06,3,RTS,20
6.69065e+06,0,RTS,20
6.69074e+06,8,RTS,20
6.69081e+06,20,CTS,14
6.69087e+06,8,QOSDATA_TID6,1066
6.69106e+06,20,ACK,14
6.6911e+06,8,CTL,20
6.69119e+06,1,RTS,20
6.69126e+06,20,CTS,14
6.69132e+06,1,QOSDATA_TID6,1066
6.6915e+06,20,ACK,14
6.69154e+06,1,CTL,20
6.69163e+06,4,RTS,20
6.69163e+06,18,RTS,20
6.69163e+06,6,RTS,20
6.69173e+06,19,RTS,20
6.69173e+06,13,RTS,20
6.69183e+06,12,RTS,20
6.69183e+06,4,RTS,20
6.69189e+06,20,CTS,14
6.69195e+06,12,QOSDATA_TID6,1066
6.69214e+06,20,ACK,14
6.69218e+06,12,CTL,20
6.69228e+06,11,RTS,20
6.69228e+06,3,RTS,20
6.69238e+06,5,RTS,20
6.69244e+06,20,CTS,14
6.6925e+06,5,QOSDATA_TID6,1066
6.69269e+06,20,ACK,14
6.69273e+06,5,CTL,20
6.69282e+06,2,RTS,20
6.69282e+06,3,RTS,20
6.69288e+06,20,CTS,14
6.69294e+06,2,QOSDATA_TID6,1066
6.69313e+06,20,ACK,14
6.69317e+06,2,CTL,20
6.69326e+06,3,RTS,20
6.69326e+06,15,RTS,20
6.69337e+06,17,RTS,20
6.69343e+06,20,CTS,14
6.69349e+06,17,QOSDATA_TID6,1066
6.69368e+06,20,ACK,14
6.69372e+06,17,QOSDATA_TID6,1066
6.69391e+06,20,ACK,14
6.69395e+06,17,CTL,20
6.69404e+06,11,RTS,20
6.69404e+06,13,RTS,20
6.69404e+06,15,RTS,20
6.69414e+06,3,RTS,20
6.69414e+06,9,RTS,20
6.69426e+06,18,RTS,20
6.69426e+06,19,RTS,20
6.69426e+06,6,RTS,20
6.69438e+06,3,RTS,20
6.69445e+06,20,CTS,14
6.69451e+06,3,QOSDATA_TID6,1066
6.69469e+06,20,ACK,14
6.69474e+06,3,CTL,20
6.69482e+06,9,RTS,20
6.69489e+06,20,CTS,14
6.69495e+06,9,QOSDATA_TID6,1066
6.69513e+06,20,ACK,14
6.69518e+06,9,CTL,20
6.69526e+06,8,RTS,20
6.69526e+06,7,RTS,20
6.69526e+06,14,RTS,20
6.69538e+06,10,RTS,20
6.69538e+06,11,RTS,20
6.69538e+06,4,RTS,20
6.69548e+06,7,RTS,20
6.69554e+06,20,CTS,14
6.6956e+06,7,QOSDATA_TID6,1066
6.69579e+06,20,ACK,14
6.69583e+06,7,CTL,20
6.69592e+06,4,RTS,20
6.69599e+06,20,CTS,14
6.69605e+06,4,QOSDATA_TID6,1066
6.69623e+06,20,ACK,14
6.69628e+06,4,QOSDATA_TID6,1066
6.69646e+06,20,ACK,14
6.6965e+06,4,QOSDATA_TID6,1066
6.69669e+06,20,ACK,14
6.69673e+06,4,QOSDATA_TID6,1066
6.69692e+06,20,ACK,14
6.69696e+06,4,CTL,20
6.69704e+06,13,RTS,20
6.69704e+06,14,RTS,20
6.69716e+06,19,RTS,20
6.69723e+06,20,CTS,14
6.69729e+06,19,QOSDATA_TID6,1066
6.69747e+06,20,ACK,14
6.69752e+06,19,CTL,20
6.6976e+06,8,RTS,20
6.69767e+06,20,CTS,14
6.69773e+06,8,QOSDATA_TID6,1066
6.69792e+06,20,ACK,14
6.69796e+06,8,CTL,20
6.69805e+06,11,RTS,20
6.69805e+06,16,RTS,20
6.69805e+06,7,RTS,20
6.69815e+06,0,RTS,20
6.69815e+06,18,RTS,20
6.69825e+06,16,RTS,20
6.69832e+06,20,CTS,14
6.69838e+06,16,QOSDATA_TID6,1066
6.69856e+06,20,ACK,14
6.69861e+06,16,CTL,20
6.6987e+06,12,RTS,20
6.6987e+06,3,RTS,20
6.6987e+06,9,RTS,20
6.69877e+06,20,CTS,14
6.69883e+06,12,QOSDATA_TID6,1066
6.69901e+06,20,ACK,14
6.69906e+06,12,CTL,20
6.69914e+06,6,RTS,20
6.69921e+06,20,CTS,14
6.69927e+06,6,QOSDATA_TID6,1066
6.69946e+06,20,ACK,14
6.6995e+06,6,QOSDATA_TID6,1066
6.69968e+06,20,ACK,14
6.69973e+06,6,CTL,20
6.69981e+06,0,CTS,14
6.69981e+06,3,RTS,20
6.69981e+06,1,RTS,20
6.69992e+06,0,RTS,20
6.69999e+06,20,CTS,14
6.70005e+06,0,QOSDATA_TID6,1066
6.70023e+06,20,ACK,14
6.70027e+06,0,QOSDATA_TID6,1066
6.70046e+06,20,ACK,14
6.7005e+06,0,CTL,20
6.70059e+06,17,RTS,20
6.70059e+06,13,RTS,20
6.70066e+06,20,CTS,14
6.70072e+06,17,QOSDATA_TID6,1066
6.7009e+06,20,ACK,14
6.70094e+06,17,CTL,20
6.70103e+06,2,RTS,20
6.70103e+06,14,RTS,20
6.7011e+06,20,CTS,14
6.70116e+06,2,QOSDATA_TID6,1066
6.70134e+06,20,ACK,14
6.70139e+06,2,CTL,20
6.70148e+06,10,RTS,20
6.70148e+06,19,RTS,20
6.70148e+06,1,RTS,20
6.70148e+06,15,RTS,20
6.70148e+06,4,RTS,20
6.70158e+06,9,RTS,20
6.70165e+06,20,CTS,14
6.70171e+06,9,QOSDATA_TID6,1066
6.70189e+06,20,ACK,14
6.70194e+06,9,CTL,20
6.70202e+06,3,RTS,20
6.70209e+06,20,CTS,14
6.70215e+06,3,QOSDATA_TID6,1066
6.70233e+06,20,ACK,14
6.70238e+06,3,CTL,20
6.70246e+06,19,RTS,20
6.70246e+06,7,RTS,20
6.70257e+06,11,RTS,20
6.70264e+06,20,CTS,14
6.7027e+06,11,QOSDATA_TID6,1066
6.70288e+06,20,ACK,14
6.70293e+06,11,QOSDATA_TID6,1066
6.70311e+06,20,ACK,14
6.70315e+06,11,QOSDATA_TID6,1066
6.70334e+06,20,ACK,14
6.70338e+06,11,CTL,20
6.70348e+06,4,RTS,20
6.70348e+06,19,RTS,20
6.70348e+06,5,RTS,20
6.70354e+06,20,CTS,14
6.7036e+06,5,QOSDATA_TID6,1066
6.70379e+06,20,ACK,14
6.70383e+06,5,CTL,20
6.70392e+06,18,RTS,20
6.70392e+06,13,RTS,20
6.70404e+06,8,RTS,20
6.7041e+06,20,CTS,14
6.70416e+06,8,QOSDATA_TID6,1066
6.70435e+06,20,ACK,14
6.70439e+06,8,CTL,20
6.70448e+06,1,RTS,20
6.70448e+06,16,RTS,20
6.70448e+06,13,RTS,20
6.70448e+06,14,RTS,20
6.70458e+06,10,RTS,20
6.70465e+06,20,CTS,14
6.70471e+06,10,QOSDATA_TID6,1066
6.7049e+06,20,ACK,14
6.70494e+06,10,QOSDATA_TID6,1066
6.70512e+06,20,ACK,14
6.70517e+06,10,QOSDATA_TID6,1066
6.70535e+06,20,ACK,14
6.7054e+06,10,CTL,20
6.70548e+06,1,RTS,20
6.70548e+06,13,RTS,20
6.70555e+06,20,CTS,14
6.70561e+06,1,QOSDATA_TID6,1066
6.70579e+06,20,ACK,14
6.70584e+06,1,CTL,20
6.70593e+06,9,RTS,20
6.70593e+06,0,RTS,20
6.70593e+06,15,RTS,20
6.70603e+06,7,RTS,20
6.70603e+06,19,RTS,20
6.70616e+06,4,RTS,20
6.70622e+06,20,CTS,14
6.70628e+06,4,QOSDATA_TID6,1066
6.70647e+06,20,ACK,14
6.70651e+06,4,CTL,20
6.7066e+06,9,RTS,20
6.7066e+06,18,RTS,20
6.70667e+06,20,CTS,14
6.70673e+06,18,QOSDATA_TID6,1066
6.70691e+06,20,ACK,14
6.70696e+06,18,QOSDATA_TID6,1066
6.70714e+06,20,ACK,14
6.70718e+06,18,QOSDATA_TID6,1066
6.70737e+06,20,ACK,14
6.70741e+06,18,CTL,20
6.7075e+06,11,RTS,20
6.7075e+06,16,RTS,20
6.7076e+06,17,RTS,20
6.7076e+06,3,RTS,20
6.7076e+06,0,RTS,20
6.70766e+06,20,CTS,14
6.70772e+06,17,QOSDATA_TID6,1066
6.70791e+06,20,ACK,14
6.70795e+06,17,CTL,20
6.70805e+06,19,RTS,20
6.70805e+06,12,RTS,20
6.70805e+06,7,RTS,20
6.70805e+06,3,RTS,20
6.70805e+06,13,RTS,20
6.70814e+06,6,RTS,20
6.70821e+06,20,CTS,14
6.70827e+06,6,QOSDATA_TID6,1066
6.70846e+06,20,ACK,14
6.7085e+06,6,CTL,20
6.70859e+06,5,RTS,20
6.70865e+06,20,CTS,14
6.70871e+06,5,QOSDATA_TID6,1066
6.7089e+06,20,ACK,14
6.70894e+06,5,CTL,20
6.70903e+06,2,RTS,20
6.70903e+06,4,RTS,20
6.70903e+06,10,RTS,20
6.70913e+06,19,RTS,20
6.70913e+06,15,RTS,20
6.70925e+06,7,RTS,20
6.70931e+06,20,CTS,14
6.70937e+06,7,QOSDATA_TID6,1066
6.70956e+06,20,ACK,14
6.7096e+06,7,QOSDATA_TID6,1066
6.70979e+06,20,ACK,14
6.70983e+06,7,CTL,20
6.70992e+06,12,RTS,20
6.70992e+06,1,RTS,20
6.70992e+06,14,RTS,20
6.70999e+06,20,CTS,14
6.71005e+06,12,QOSDATA_TID6,1066
6.71024e+06,20,ACK,14
6.71028e+06,12,CTL,20
6.71037e+06,13,RTS,20
6.71044e+06,20,CTS,14
6.7105e+06,13,QOSDATA_TID6,1066
6.71068e+06,20,ACK,14
6.71072e+06,13,QOSDATA_TID6,1066
6.71091e+06,20,ACK,14
6.71095e+06,13,QOSDATA_TID6,1066
6.71114e+06,20,ACK,14
6.71118e+06,13,QOSDATA_TID6,1066
6.71136e+06,20,ACK,14
6.71141e+06,13,CTL,20
6.71149e+06,8,RTS,20
6.71156e+06,20,CTS,14
6.71162e+06,8,QOSDATA_TID6,1066
6.7118e+06,20,ACK,14
6.71185e+06,8,CTL,20
6.71194e+06,3,RTS,20
6.71194e+06,0,CTS,14
6.71194e+06,10,RTS,20
6.71194e+06,14,RTS,20
6.71208e+06,0,RTS,20
6.71214e+06,20,CTS,14
6.7122e+06,0,QOSDATA_TID6,1066
6.71239e+06,20,ACK,14
6.71243e+06,0,CTL,20
6.71252e+06,18,RTS,20
6.71252e+06,14,RTS,20
6.71252e+06,4,RTS,20
6.71263e+06,1,RTS,20
6.71263e+06,19,RTS,20
6.71273e+06,14,RTS,20
6.7128e+06,20,CTS,14
6.71286e+06,14,QOSDATA_TID6,1066
6.71304e+06,20,ACK,14
6.71309e+06,14,QOSDATA_TID6,1066
6.71327e+06,20,ACK,14
6.71332e+06,14,CTL,20
6.7134e+06,15,RTS,20
6.7134e+06,16,RTS,20
6.7135e+06,7,RTS,20
6.71357e+06,20,CTS,14
6.71363e+06,7,QOSDATA_TID6,1066
6.71381e+06,20,ACK,14
6.71386e+06,7,CTL,20
6.71394e+06,13,RTS,20
6.71394e+06,2,RTS,20
6.71394e+06,3,RTS,20
6.71394e+06,9,RTS,20
6.71394e+06,10,RTS,20
6.71404e+06,11,RTS,20
6.71404e+06,16,RTS,20
6.71404e+06,4,RTS,20
6.71414e+06,3,RTS,20
6.71414e+06,0,RTS,20
6.7142e+06,20,CTS,14
6.71426e+06,0,QOSDATA_TID6,1066
6.71445e+06,20,ACK,14
6.71449e+06,0,CTL,20
6.71458e+06,12,RTS,20
6.71458e+06,3,RTS,20
6.71465e+06,20,CTS,14
6.71471e+06,12,QOSDATA_TID6,1066
6.71489e+06,20,ACK,14
6.71494e+06,12,CTL,20
6.71502e+06,19,RTS,20
6.71509e+06,20,CTS,14
6.71515e+06,19,QOSDATA_TID6,1066
6.71533e+06,20,ACK,14
6.71538e+06,19,QOSDATA_TID6,1066
6.71556e+06,20,ACK,14
6.71561e+06,19,CTL,20
6.71569e+06,6,RTS,20
6.71576e+06,20,CTS,14
6.71582e+06,6,QOSDATA_TID6,1066
6.716e+06,20,ACK,14
6.71605e+06,6,CTL,20
6.71613e+06,18,RTS,20
6.71613e+06,15,RTS,20
6.71624e+06,17,RTS,20
6.71624e+06,1,RTS,20
6.71624e+06,11,RTS,20
6.71635e+06,10,RTS,20
6.71642e+06,20,CTS,14
6.71648e+06,10,QOSDATA_TID6,1066
6.71666e+06,20,ACK,14
6.7167e+06,10,QOSDATA_TID6,1066
6.71689e+06,20,ACK,14
6.71693e+06,10,CTL,20
6.71704e+06,2,RTS,20
6.71704e+06,3,RTS,20
6.71704e+06,5,RTS,20
6.71704e+06,16,RTS,20
6.71704e+06,4,RTS,20
6.7171e+06,20,CTS,14
6.71716e+06,5,QOSDATA_TID6,1066
6.71735e+06,20,ACK,14
6.71739e+06,5,CTL,20
6.7175e+06,2,RTS,20
6.7175e+06,16,RTS,20
6.7175e+06,4,RTS,20
6.7176e+06,1,RTS,20
6.7176e+06,15,RTS,20
6.71774e+06,18,RTS,20
6.7178e+06,20,CTS,14
6.71786e+06,18,QOSDATA_TID6,1066
6.71805e+06,20,ACK,14
6.71809e+06,18,CTL,20
6.71818e+06,1,RTS,20
6.71825e+06,20,CTS,14
6.71831e+06,1,QOSDATA_TID6,1066
6.71849e+06,20,ACK,14
6.71854e+06,1,QOSDATA_TID6,1066
6.71872e+06,20,ACK,14
6.71876e+06,1,CTL,20
6.71885e+06,15,RTS,20
6.71892e+06,20,CTS,14
6.71898e+06,15,QOSDATA_TID6,1066
6.71916e+06,20,ACK,14
6.7192e+06,15,QOSDATA_TID6,1066
6.71939e+06,20,ACK,14
6.71943e+06,15,QOSDATA_TID6,1066
6.71962e+06,20,ACK,14
6.71966e+06,15,CTL,20
6.71975e+06,18,RTS,20
6.71975e+06,2,RTS,20
6.71984e+06,16,RTS,20
6.71991e+06,20,CTS,14
6.71997e+06,16,QOSDATA_TID6,1066
6.72016e+06,20,ACK,14
6.7202e+06,16,QOSDATA_TID6,1066
6.72038e+06,20,ACK,14
6.72043e+06,16,CTL,20
6.72052e+06,13,RTS,20
6.72052e+06,14,RTS,20
6.72062e+06,8,RTS,20
6.72062e+06,9,RTS,20
6.72069e+06,20,CTS,14
6.72075e+06,8,QOSDATA_TID6,1066
6.72093e+06,20,ACK,14
6.72098e+06,8,CTL,20
6.72106e+06,14,RTS,20
6.72113e+06,20,CTS,14
6.72119e+06,14,QOSDATA_TID6,1066
6.72138e+06,20,ACK,14
6.72142e+06,14,CTL,20
6.72151e+06,9,RTS,20
6.72151e+06,4,RTS,20
6.7216e+06,17,RTS,20
6.72167e+06,20,CTS,14
6.72173e+06,17,QOSDATA_TID6,1066
6.72192e+06,20,ACK,14
6.72196e+06,17,CTL,20
6.72206e+06,18,RTS,20
6.72212e+06,20,CTS,14
6.72218e+06,18,QOSDATA_TID6,1066
6.72237e+06,20,ACK,14
6.72241e+06,18,CTL,20
6.7225e+06,2,RTS,20
6.7225e+06,12,RTS,20
6.7225e+06,11,RTS,20
6.7225e+06,16,RTS,20
6.7225e+06,13,RTS,20
6.7225e+06,4,RTS,20
6.7226e+06,0,RTS,20
6.72266e+06,20,CTS,14
6.72272e+06,0,QOSDATA_TID6,1066
6.72291e+06,20,ACK,14
6.72295e+06,0,CTL,20
6.72304e+06,11,RTS,20
6.72311e+06,20,CTS,14
6.72317e+06,11,QOSDATA_TID6,1066
6.72335e+06,20,ACK,14
6.72339e+06,11,QOSDATA_TID6,1066
6.72358e+06,20,ACK,14
6.72362e+06,11,QOSDATA_TID6,1066
6.72381e+06,20,ACK,14
6.72385e+06,11,CTL,20
6.72394e+06,1,RTS,20
6.72394e+06,7,RTS,20
6.72394e+06,3,RTS,20
6.72405e+06,4,RTS,20
6.72412e+06,20,CTS,14
6.72418e+06,4,QOSDATA_TID6,1066
6.72436e+06,20,ACK,14
6.72441e+06,4,CTL,20
6.72449e+06,5,RTS,20
6.72449e+06,6,RTS,20
6.72456e+06,20,CTS,14
6.72462e+06,5,QOSDATA_TID6,1066
6.72481e+06,20,ACK,14
6.72485e+06,5,CTL,20
6.72494e+06,6,RTS,20
6.72494e+06,15,RTS,20
6.72503e+06,16,RTS,20
6.72503e+06,3,RTS,20
6.72503e+06,9,RTS,20
6.72503e+06,4,RTS,20
6.72513e+06,19,RTS,20
6.72513e+06,17,RTS,20
6.72513e+06,12,RTS,20
6.72513e+06,15,RTS,20
6.72523e+06,16,RTS,20
6.7253e+06,20,CTS,14
6.72536e+06,16,QOSDATA_TID6,1066
6.72554e+06,20,ACK,14
6.72559e+06,16,CTL,20
6.72567e+06,1,RTS,20
6.72567e+06,12,RTS,20
6.72574e+06,20,CTS,14
6.7258e+06,12,QOSDATA_TID6,1066
6.72598e+06,20,ACK,14
6.72603e+06,12,CTL,20
6.72611e+06,3,RTS,20
6.72611e+06,10,RTS,20
6.72622e+06,2,RTS,20
6.72622e+06,13,RTS,20
6.72622e+06,4,RTS,20
6.72633e+06,17,RTS,20
6.7264e+06,20,CTS,14
6.72646e+06,17,QOSDATA_TID6,1066
6.72664e+06,20,ACK,14
6.72668e+06,17,CTL,20
6.72677e+06,13,RTS,20
6.72684e+06,20,CTS,14
6.7269e+06,13,QOSDATA_TID6,1066
6.72708e+06,20,ACK,14
6.72713e+06,13,QOSDATA_TID6,1066
6.72731e+06,20,ACK,14
6.72735e+06,13,CTL,20
6.72744e+06,18,RTS,20
6.72751e+06,20,CTS,14
6.72757e+06,18,QOSDATA_TID6,1066
6.72775e+06,20,ACK,14
6.7278e+06,18,CTL,20
6.72788e+06,6,RTS,20
6.72788e+06,8,RTS,20
6.72788e+06,1,RTS,20
6.72788e+06,15,RTS,20
6.72788e+06,7,RTS,20
6.728e+06,4,RTS,20
6.72807e+06,20,CTS,14
6.72813e+06,4,QOSDATA_TID6,1066
6.72831e+06,20,ACK,14
6.72835e+06,4,CTL,20
6.72844e+06,1,RTS,20
6.72844e+06,19,RTS,20
6.72844e+06,2,RTS,20
6.72844e+06,9,RTS,20
6.72844e+06,10,RTS,20
6.72855e+06,6,RTS,20
6.72855e+06,14,RTS,20
6.72865e+06,16,RTS,20
6.72872e+06,20,CTS,14
6.72878e+06,16,QOSDATA_TID6,1066
6.72897e+06,20,ACK,14
6.72901e+06,16,CTL,20
6.7291e+06,7,RTS,20
6.7291e+06,0,RTS,20
6.72921e+06,15,RTS,20
6.72921e+06,3,RTS,20
6.72933e+06,8,RTS,20
6.7294e+06,20,CTS,14
6.72946e+06,8,QOSDATA_TID6,1066
6.72964e+06,20,ACK,14
6.72968e+06,8,CTL,20
6.72978e+06,10,RTS,20
6.72978e+06,14,RTS,20
6.72989e+06,19,RTS,20
6.72996e+06,20,CTS,14
6.73002e+06,19,QOSDATA_TID6,1066
6.7302e+06,20,ACK,14
6.73024e+06,19,CTL,20
6.73033e+06,1,RTS,20
6.73033e+06,0,RTS,20
6.73044e+06,2,RTS,20
6.73044e+06,13,RTS,20
6.73054e+06,12,RTS,20
6.73061e+06,20,CTS,14
6.73067e+06,12,QOSDATA_TID6,1066
6.73086e+06,20,ACK,14
6.7309e+06,12,CTL,20
6.73099e+06,10,RTS,20
6.73106e+06,20,CTS,14
6.73112e+06,10,QOSDATA_TID6,1066
6.73131e+06,20,ACK,14
6.73135e+06,10,CTL,20
6.73144e+06,1,RTS,20
6.73144e+06,11,RTS,20
6.7315e+06,20,CTS,14
6.73156e+06,1,QOSDATA_TID6,1066
6.73175e+06,20,ACK,14
6.73179e+06,1,QOSDATA_TID6,1066
6.73198e+06,20,ACK,14
6.73202e+06,1,CTL,20
6.73211e+06,14,RTS,20
6.73217e+06,20,CTS,14
6.73223e+06,14,QOSDATA_TID6,1066
6.73242e+06,20,ACK,14
6.73246e+06,14,CTL,20
6.73255e+06,19,RTS,20
6.73262e+06,20,CTS,14
6.73268e+06,19,QOSDATA_TID6,1066
6.73286e+06,20,ACK,14
6.7329e+06,19,CTL,20
6.73299e+06,17,RTS,20
6.73299e+06,2,RTS,20
6.73299e+06,4,RTS,20
6.73299e+06,0,CTS,14
6.73299e+06,10,RTS,20
6.73299e+06,6,RTS,20
6.73299e+06,13,RTS,20
6.73308e+06,0,RTS,20
6.73314e+06,20,CTS,14
6.7332e+06,0,QOSDATA_TID6,1066
6.73339e+06,20,ACK,14
6.73343e+06,0,CTL,20
6.73352e+06,9,RTS,20
6.73359e+06,20,CTS,14
6.73365e+06,9,QOSDATA_TID6,1066
6.73383e+06,20,ACK,14
6.73387e+06,9,QOSDATA_TID6,1066
6.73406e+06,20,ACK,14
6.7341e+06,9,QOSDATA_TID6,1066
6.73429e+06,20,ACK,14
6.73433e+06,9,CTL,20
6.73442e+06,3,RTS,20
6.73442e+06,18,RTS,20
6.73442e+06,6,RTS,20
6.73451e+06,5,RTS,20
6.73458e+06,20,CTS,14
6.73464e+06,5,QOSDATA_TID6,1066
6.73483e+06,20,ACK,14
6.73487e+06,5,CTL,20
6.73496e+06,17,RTS,20
6.73496e+06,7,RTS,20
6.73505e+06,11,RTS,20
6.73512e+06,20,CTS,14
6.73518e+06,11,QOSDATA_TID6,1066
6.73537e+06,20,ACK,14
6.73541e+06,11,CTL,20
6.7355e+06,4,RTS,20
6.7355e+06,7,RTS,20
6.7355e+06,10,RTS,20
6.73556e+06,20,CTS,14
6.73562e+06,7,QOSDATA_TID6,1066
6.73581e+06,20,ACK,14
6.73585e+06,7,QOSDATA_TID6,1066
6.73604e+06,20,ACK,14
6.73608e+06,7,CTL,20
6.73618e+06,8,RTS,20
6.73618e+06,15,RTS,20
6.73618e+06,6,RTS,20
6.73618e+06,14,RTS,20
6.73618e+06,18,RTS,20
6.73627e+06,13,RTS,20
6.73634e+06,20,CTS,14
6.7364e+06,13,QOSDATA_TID6,1066
6.73659e+06,20,ACK,14
6.73663e+06,13,CTL,20
6.73672e+06,16,RTS,20
6.73672e+06,18,RTS,20
6.73683e+06,15,RTS,20
6.7369e+06,20,CTS,14
6.73696e+06,15,QOSDATA_TID6,1066
6.73714e+06,20,ACK,14
6.73719e+06,15,QOSDATA_TID6,1066
6.73737e+06,20,ACK,14
6.73742e+06,15,CTL,20
6.7375e+06,7,RTS,20
6.73757e+06,20,CTS,14
6.73763e+06,7,QOSDATA_TID6,1066
6.73781e+06,20,ACK,14
6.73786e+06,7,CTL,20
6.73794e+06,18,RTS,20
6.73801e+06,20,CTS,14
6.73807e+06,18,QOSDATA_TID6,1066
6.73826e+06,20,ACK,14
6.7383e+06,18,CTL,20
6.73839e+06,9,RTS,20
6.73839e+06,12,RTS,20
6.73845e+06,20,CTS,14
6.73851e+06,12,QOSDATA_TID6,1066
6.7387e+06,20,ACK,14
6.73874e+06,12,CTL,20
6.73884e+06,17,RTS,20
6.73884e+06,4,RTS,20
6.73884e+06,13,RTS,20
6.73884e+06,2,RTS,20
6.73884e+06,0,RTS,20
6.73884e+06,6,RTS,20
6.73894e+06,10,RTS,20
6.739e+06,20,CTS,14
6.73906e+06,10,QOSDATA_TID6,1066
6.73925e+06,20,ACK,14
6.73929e+06,10,CTL,20
6.73938e+06,14,RTS,20
6.73944e+06,20,CTS,14
6.7395e+06,14,QOSDATA_TID6,1066
6.73969e+06,20,ACK,14
6.73973e+06,14,CTL,20
6.73982e+06,0,RTS,20
6.73982e+06,17,RTS,20
6.73989e+06,20,CTS,14
6.73995e+06,17,QOSDATA_TID6,1066
6.74013e+06,20,ACK,14
6.74018e+06,17,QOSDATA_TID6,1066
6.74036e+06,20,ACK,14
6.7404e+06,17,CTL,20
6.74049e+06,5,RTS,20
6.74049e+06,2,RTS,20
6.74056e+06,20,CTS,14
6.74062e+06,5,QOSDATA_TID6,1066
6.7408e+06,20,ACK,14
6.74084e+06,5,CTL,20
6.74093e+06,15,RTS,20
6.741e+06,20,CTS,14
6.74106e+06,15,QOSDATA_TID6,1066
6.74124e+06,20,ACK,14
6.74129e+06,15,CTL,20
6.74137e+06,1,RTS,20
6.74144e+06,20,CTS,14
6.7415e+06,1,QOSDATA_TID6,1066
6.74168e+06,20,ACK,14
6.74173e+06,1,CTL,20
6.74182e+06,8,RTS,20
6.74182e+06,19,RTS,20
6.74182e+06,11,RTS,20
6.74182e+06,4,RTS,20
6.74182e+06,3,RTS,20
6.74182e+06,6,RTS,20
6.74182e+06,10,RTS,20
6.74192e+06,16,RTS,20
6.74199e+06,20,CTS,14
6.74205e+06,16,QOSDATA_TID6,1066
6.74223e+06,20,ACK,14
6.74228e+06,16,CTL,20
6.74236e+06,2,RTS,20
6.74243e+06,20,CTS,14
6.74249e+06,2,QOSDATA_TID6,1066
6.74268e+06,20,ACK,14
6.74272e+06,2,QOSDATA_TID6,1066
6.7429e+06,20,ACK,14
6.74295e+06,2,QOSDATA_TID6,1066
6.74313e+06,20,ACK,14
6.74318e+06,2,QOSDATA_TID6,1066
6.74336e+06,20,ACK,14
6.7434e+06,2,CTL,20
6.74349e+06,10,RTS,20
6.74349e+06,8,RTS,20
6.74349e+06,11,RTS,20
6.74356e+06,20,CTS,14
6.74362e+06,8,QOSDATA_TID6,1066
6.7438e+06,20,ACK,14
6.74385e+06,8,QOSDATA_TID6,1066
6.74403e+06,20,ACK,14
6.74407e+06,8,CTL,20
6.74416e+06,6,RTS,20
6.74423e+06,20,CTS,14
6.74429e+06,6,QOSDATA_TID6,1066
6.74447e+06,20,ACK,14
6.74452e+06,6,QOSDATA_TID6,1066
6.7447e+06,20,ACK,14
6.74474e+06,6,CTL,20
6.74483e+06,0,CTS,14
6.74483e+06,18,RTS,20
6.74483e+06,9,RTS,20
6.74483e+06,13,RTS,20
6.74483e+06,16,RTS,20
6.74494e+06,0,RTS,20
6.74501e+06,20,CTS,14
6.74507e+06,0,QOSDATA_TID6,1066
6.74526e+06,20,ACK,14
6.7453e+06,0,QOSDATA_TID6,1066
6.74548e+06,20,ACK,14
6.74553e+06,0,CTL,20
6.74562e+06,14,RTS,20
6.74562e+06,13,RTS,20
6.74562e+06,11,RTS,20
6.74573e+06,10,RTS,20
6.7458e+06,20,CTS,14
6.74586e+06,10,QOSDATA_TID6,1066
6.74604e+06,20,ACK,14
6.74609e+06,10,CTL,20
6.74617e+06,18,RTS,20
6.74617e+06,3,RTS,20
6.74617e+06,7,RTS,20
6.74629e+06,14,RTS,20
6.74636e+06,20,CTS,14
6.74642e+06,14,QOSDATA_TID6,1066
6.7466e+06,20,ACK,14
6.74664e+06,14,CTL,20
6.74673e+06,12,RTS,20
6.74673e+06,19,RTS,20
6.74673e+06,3,RTS,20
6.7468e+06,20,CTS,14
6.74686e+06,12,QOSDATA_TID6,1066
6.74704e+06,20,ACK,14
6.74709e+06,12,CTL,20
6.74717e+06,1,RTS,20
6.74717e+06,11,RTS,20
6.74724e+06,20,CTS,14
6.7473e+06,1,QOSDATA_TID6,1066
6.74748e+06,20,ACK,14
6.74753e+06,1,CTL,20
6.74761e+06,6,RTS,20
6.74768e+06,20,CTS,14
6.74774e+06,6,QOSDATA_TID6,1066
6.74793e+06,20,ACK,14
6.74797e+06,6,CTL,20
6.74806e+06,17,RTS,20
6.74812e+06,20,CTS,14
6.74818e+06,17,QOSDATA_TID6,1066
6.74837e+06,20,ACK,14
6.74841e+06,17,CTL,20
6.7485e+06,19,RTS,20
6.7485e+06,3,RTS,20
6.74857e+06,20,CTS,14
6.74863e+06,19,QOSDATA_TID6,1066
6.74881e+06,20,ACK,14
6.74885e+06,19,QOSDATA_TID6,1066
6.74904e+06,20,ACK,14
6.74908e+06,19,CTL,20
6.74918e+06,7,RTS,20
6.74918e+06,4,RTS,20
6.74918e+06,18,RTS,20
6.74928e+06,5,RTS,20
6.74928e+06,15,RTS,20
6.74935e+06,20,CTS,14
6.74941e+06,5,QOSDATA_TID6,1066
6.7496e+06,20,ACK,14
6.74964e+06,5,CTL,20
6.74974e+06,2,RTS,20
6.74974e+06,9,RTS,20
6.74974e+06,10,RTS,20
6.74984e+06,4,RTS,20
6.74991e+06,20,CTS,14
6.74997e+06,4,QOSDATA_TID6,1066
6.75015e+06,20,ACK,14
6.7502e+06,4,QOSDATA_TID6,1066
6.75038e+06,20,ACK,14
6.75043e+06,4,QOSDATA_TID6,1066
6.75061e+06,20,ACK,14
6.75065e+06,4,CTL,20
6.75074e+06,16,RTS,20
6.75081e+06,20,CTS,14
6.75087e+06,16,QOSDATA_TID6,1066
6.75105e+06,20,ACK,14
6.7511e+06,16,CTL,20
6.75118e+06,11,RTS,20
6.75118e+06,13,RTS,20
6.75118e+06,14,RTS,20
6.75129e+06,3,RTS,20
6.75136e+06,20,CTS,14
6.75142e+06,3,QOSDATA_TID6,1066
6.7516e+06,20,ACK,14
6.75164e+06,3,QOSDATA_TID6,1066
6.75183e+06,20,ACK,14
6.75187e+06,3,QOSDATA_TID6,1066
6.75206e+06,20,ACK,14
6.7521e+06,3,QOSDATA_TID6,1066
6.75229e+06,20,ACK,14
6.75233e+06,3,CTL,20
6.75242e+06,11,RTS,20
6.75242e+06,7,RTS,20
6.75242e+06,13,RTS,20
6.75251e+06,8,RTS,20
6.75251e+06,18,RTS,20
6.75258e+06,20,CTS,14
6.75264e+06,8,QOSDATA_TID6,1066
6.75283e+06,20,ACK,14
6.75287e+06,8,CTL,20
6.75296e+06,2,RTS,20
6.75296e+06,15,RTS,20
6.75306e+06,16,RTS,20
6.75313e+06,20,CTS,14
6.75319e+06,16,QOSDATA_TID6,1066
6.75338e+06,20,ACK,14
6.75342e+06,16,CTL,20
6.7535e+06,2,RTS,20
6.75357e+06,20,CTS,14
6.75363e+06,2,QOSDATA_TID6,1066
6.75382e+06,20,ACK,14
6.75386e+06,2,CTL,20
6.75395e+06,0,RTS,20
6.75402e+06,20,CTS,14
6.75408e+06,0,QOSDATA_TID6,1066
6.75426e+06,20,ACK,14
6.7543e+06,0,CTL,20
6.75439e+06,14,RTS,20
6.75439e+06,10,RTS,20
6.75439e+06,15,RTS,20
6.75439e+06,12,RTS,20
6.75439e+06,9,RTS,20
6.75439e+06,13,RTS,20
6.75439e+06,11,RTS,20
6.75452e+06,15,RTS,20
6.75452e+06,9,RTS,20
6.75452e+06,13,RTS,20
6.75463e+06,11,RTS,20
6.7547e+06,20,CTS,14
6.75476e+06,11,QOSDATA_TID6,1066
6.75494e+06,20,ACK,14
6.75498e+06,11,QOSDATA_TID6,1066
6.75517e+06,20,ACK,14
6.75521e+06,11,CTL,20
6.75531e+06,15,RTS,20
6.75531e+06,18,RTS,20
6.75541e+06,19,RTS,20
6.75548e+06,20,CTS,14
6.75554e+06,19,QOSDATA_TID6,1066
6.75572e+06,20,ACK,14
6.75577e+06,19,CTL,20
6.75586e+06,17,RTS,20
6.75592e+06,20,CTS,14
6.75598e+06,17,QOSDATA_TID6,1066
6.75617e+06,20,ACK,14
6.75621e+06,17,CTL,20
6.7563e+06,1,RTS,20
6.7563e+06,5,RTS,20
6.7563e+06,12,RTS,20
6.7563e+06,6,RTS,20
6.7564e+06,3,RTS,20
6.75646e+06,20,CTS,14
6.75652e+06,3,QOSDATA_TID6,1066
6.75671e+06,20,ACK,14
6.75675e+06,3,CTL,20
6.75684e+06,4,RTS,20
6.75684e+06,13,RTS,20
6.75694e+06,2,RTS,20
6.75694e+06,10,RTS,20
6.75701e+06,20,CTS,14
6.75707e+06,2,QOSDATA_TID6,1066
6.75726e+06,20,ACK,14
6.7573e+06,2,CTL,20
6.7574e+06,10,RTS,20
6.7574e+06,7,RTS,20
6.75746e+06,20,CTS,14
6.75752e+06,7,QOSDATA_TID6,1066
6.75771e+06,20,ACK,14
6.75775e+06,7,QOSDATA_TID6,1066
6.75794e+06,20,ACK,14
6.75798e+06,7,CTL,20
6.75808e+06,5,RTS,20
6.75808e+06,14,RTS,20
6.75808e+06,10,RTS,20
6.75815e+06,20,CTS,14
6.75821e+06,5,QOSDATA_TID6,1066
6.7584e+06,20,ACK,14
6.75844e+06,5,CTL,20
6.75852e+06,10,RTS,20
6.75859e+06,20,CTS,14
6.75865e+06,10,QOSDATA_TID6,1066
6.75884e+06,20,ACK,14
6.75888e+06,10,QOSDATA_TID6,1066
6.75906e+06,20,ACK,14
6.75911e+06,10,CTL,20
6.75921e+06,9,RTS,20
6.75921e+06,6,RTS,20
6.75921e+06,8,RTS,20
6.75921e+06,12,RTS,20
6.75921e+06,13,RTS,20
6.75921e+06,4,RTS,20
6.75934e+06,15,RTS,20
6.75941e+06,20,CTS,14
6.75947e+06,15,QOSDATA_TID6,1066
6.75965e+06,20,ACK,14
6.7597e+06,15,QOSDATA_TID6,1066
6.75988e+06,20,ACK,14
6.75992e+06,15,CTL,20
6.76001e+06,18,RTS,20
6.76001e+06,9,RTS,20
6.76008e+06,20,CTS,14
6.76014e+06,18,QOSDATA_TID6,1066
6.76032e+06,20,ACK,14
6.76036e+06,18,QOSDATA_TID6,1066
6.76055e+06,20,ACK,14
6.76059e+06,18,QOSDATA_TID6,1066
6.76078e+06,20,ACK,14
6.76082e+06,18,CTL,20
6.76092e+06,13,RTS,20
6.76098e+06,20,CTS,14
6.76104e+06,13,QOSDATA_TID6,1066
6.76123e+06,20,ACK,14
6.76127e+06,13,QOSDATA_TID6,1066
6.76146e+06,20,ACK,14
6.7615e+06,13,CTL,20
6.76159e+06,7,RTS,20
6.76165e+06,20,CTS,14
6.76171e+06,7,QOSDATA_TID6,1066
6.7619e+06,20,ACK,14
6.76194e+06,7,CTL,20
6.76203e+06,16,RTS,20
6.7621e+06,20,CTS,14
6.76216e+06,16,QOSDATA_TID6,1066
6.76234e+06,20,ACK,14
6.76238e+06,16,CTL,20
6.76247e+06,8,RTS,20
6.76254e+06,20,CTS,14
6.7626e+06,8,QOSDATA_TID6,1066
6.76278e+06,20,ACK,14
6.76283e+06,8,CTL,20
6.76291e+06,12,RTS,20
6.76291e+06,4,RTS,20
6.76291e+06,9,RTS,20
6.76291e+06,0,RTS,20
6.76291e+06,13,RTS,20
6.76291e+06,6,RTS,20
6.76291e+06,14,RTS,20
6.76301e+06,19,RTS,20
6.76308e+06,20,CTS,14
6.76314e+06,19,QOSDATA_TID6,1066
6.76332e+06,20,ACK,14
6.76337e+06,19,CTL,20
6.76345e+06,4,RTS,20
6.76352e+06,20,CTS,14
6.76358e+06,4,QOSDATA_TID6,1066
6.76376e+06,20,ACK,14
6.76381e+06,4,CTL,20
6.76389e+06,11,RTS,20
6.76389e+06,1,RTS,20
6.76389e+06,13,RTS,20
6.764e+06,12,RTS,20
6.764e+06,3,RTS,20
6.76407e+06,20,CTS,14
6.76413e+06,12,QOSDATA_TID6,1066
6.76431e+06,20,ACK,14
6.76436e+06,12,QOSDATA_TID6,1066
6.76454e+06,20,ACK,14
6.76458e+06,12,CTL,20
6.76467e+06,5,RTS,20
6.76467e+06,2,RTS,20
6.76467e+06,10,RTS,20
6.76474e+06,20,CTS,14
6.7648e+06,5,QOSDATA_TID6,1066
6.76498e+06,20,ACK,14
6.76503e+06,5,CTL,20
6.76511e+06,4,RTS,20
6.76511e+06,15,RTS,20
6.76518e+06,20,CTS,14
6.76524e+06,15,QOSDATA_TID6,1066
6.76542e+06,20,ACK,14
6.76547e+06,15,CTL,20
6.76556e+06,14,RTS,20
6.76556e+06,13,RTS,20
6.76556e+06,6,RTS,20
6.76556e+06,0,RTS,20
6.76556e+06,1,RTS,20
6.76566e+06,2,RTS,20
6.76573e+06,20,CTS,14
6.76579e+06,2,QOSDATA_TID6,1066
6.76597e+06,20,ACK,14
6.76602e+06,2,CTL,20
6.76611e+06,9,RTS,20
6.76611e+06,0,CTS,14
6.76611e+06,4,RTS,20
6.76626e+06,0,RTS,20
6.76633e+06,20,CTS,14
6.76639e+06,0,QOSDATA_TID6,1066
6.76657e+06,20,ACK,14
6.76662e+06,0,CTL,20
6.76671e+06,18,RTS,20
6.76671e+06,10,RTS,20
6.76671e+06,8,RTS,20
6.76671e+06,3,RTS,20
6.76671e+06,4,RTS,20
6.76681e+06,6,RTS,20
6.76688e+06,20,CTS,14
6.76694e+06,6,QOSDATA_TID6,1066
6.76712e+06,20,ACK,14
6.76717e+06,6,QOSDATA_TID6,1066
6.76735e+06,20,ACK,14
6.7674e+06,6,CTL,20
6.76748e+06,8,RTS,20
6.76755e+06,20,CTS,14
6.76761e+06,8,QOSDATA_TID6,1066
6.76779e+06,20,ACK,14
6.76784e+06,8,CTL,20
6.76793e+06,17,RTS,20
6.76793e+06,9,RTS,20
6.76793e+06,14,RTS,20
6.768e+06,20,CTS,14
6.76806e+06,17,QOSDATA_TID6,1066
6.76824e+06,20,ACK,14
6.76829e+06,17,CTL,20
6.76838e+06,14,RTS,20
6.76844e+06,20,CTS,14
6.7685e+06,14,QOSDATA_TID6,1066
6.76869e+06,20,ACK,14
6.76873e+06,14,QOSDATA_TID6,1066
6.76892e+06,20,ACK,14
6.76896e+06,14,QOSDATA_TID6,1066
6.76914e+06,20,ACK,14
6.76919e+06,14,CTL,20
6.76928e+06,0,RTS,20
6.76928e+06,3,RTS,20
6.76935e+06,20,CTS,14
6.76941e+06,0,QOSDATA_TID6,1066
6.76959e+06,20,ACK,14
6.76964e+06,0,CTL,20
6.76972e+06,3,RTS,20
6.76979e+06,20,CTS,14
6.76985e+06,3,QOSDATA_TID6,1066
6.77004e+06,20,ACK,14
6.77008e+06,3,CTL,20
6.77018e+06,7,RTS,20
6.77018e+06,13,RTS,20
6.77024e+06,20,CTS,14
6.7703e+06,7,QOSDATA_TID6,1066
6.77049e+06,20,ACK,14
6.77053e+06,7,CTL,20
6.77062e+06,12,RTS,20
6.77062e+06,9,RTS,20
6.77068e+06,20,CTS,14
6.77074e+06,12,QOSDATA_TID6,1066
6.77093e+06,20,ACK,14
6.77097e+06,12,CTL,20
6.77106e+06,3,RTS,20
6.77113e+06,20,CTS,14
6.77119e+06,3,QOSDATA_TID6,1066
6.77137e+06,20,ACK,14
6.77142e+06,3,CTL,20
6.7715e+06,10,RTS,20
6.7715e+06,18,RTS,20
6.7715e+06,6,RTS,20
6.7716e+06,17,RTS,20
6.7716e+06,1,RTS,20
6.7716e+06,16,RTS,20
6.77171e+06,6,RTS,20
6.77177e+06,20,CTS,14
6.77183e+06,6,QOSDATA_TID6,1066
6.77202e+06,20,ACK,14
6.77206e+06,6,CTL,20
6.77215e+06,13,RTS,20
6.77215e+06,19,RTS,20
6.77226e+06,4,RTS,20
6.77232e+06,20,CTS,14
6.77238e+06,4,QOSDATA_TID6,1066
6.77257e+06,20,ACK,14
6.77261e+06,4,CTL,20
6.7727e+06,19,RTS,20
6.7727e+06,2,RTS,20
6.77282e+06,15,RTS,20
6.77289e+06,20,CTS,14
6.77295e+06,15,QOSDATA_TID6,1066
6.77313e+06,20,ACK,14
6.77318e+06,15,CTL,20
6.77327e+06,11,RTS,20
6.77327e+06,16,RTS,20
6.77337e+06,13,RTS,20
6.77337e+06,9,RTS,20
6.77348e+06,5,RTS,20
6.77348e+06,11,RTS,20
6.77355e+06,20,CTS,14
6.77361e+06,5,QOSDATA_TID6,1066
6.77379e+06,20,ACK,14
6.77383e+06,5,CTL,20
6.77392e+06,1,RTS,20
6.77399e+06,20,CTS,14
6.77405e+06,1,QOSDATA_TID6,1066
6.77423e+06,20,ACK,14
6.77428e+06,1,QOSDATA_TID6,1066
6.77446e+06,20,ACK,14
6.7745e+06,1,QOSDATA_TID6,1066
6.77469e+06,20,ACK,14
6.77473e+06,1,CTL,20
6.77481e+06,20,BEACON,152
6.77507e+06,10,RTS,20
6.77507e+06,4,RTS,20
6.77517e+06,19,RTS,20
6.77517e+06,14,RTS,20
6.77524e+06,20,CTS,14
6.7753e+06,19,QOSDATA_TID6,1066
6.77548e+06,20,ACK,14
6.77552e+06,19,CTL,20
6.77562e+06,16,RTS,20
6.77562e+06,2,RTS,20
6.77562e+06,10,RTS,20
6.77573e+06,8,RTS,20
6.77573e+06,17,RTS,20
6.77573e+06,13,RTS,20
6.77583e+06,18,RTS,20
6.77589e+06,20,CTS,14
6.77595e+06,18,QOSDATA_TID6,1066
6.77614e+06,20,ACK,14
6.77618e+06,18,QOSDATA_TID6,1066
6.77637e+06,20,ACK,14
6.77641e+06,18,CTL,20
6.7765e+06,9,RTS,20
6.77657e+06,20,CTS,14
6.77663e+06,9,QOSDATA_TID6,1066
6.77682e+06,20,ACK,14
6.77686e+06,9,QOSDATA_TID6,1066
6.77704e+06,20,ACK,14
6.77709e+06,9,QOSDATA_TID6,1066
6.77727e+06,20,ACK,14
6.77732e+06,9,QOSDATA_TID6,1066
6.7775e+06,20,ACK,14
6.77754e+06,9,CTL,20
6.77763e+06,8,RTS,20
6.77763e+06,11,RTS,20
6.7777e+06,20,CTS,14
6.77776e+06,8,QOSDATA_TID6,1066
6.77794e+06,20,ACK,14
6.77799e+06,8,CTL,20
6.77808e+06,17,RTS,20
6.77808e+06,10,RTS,20
6.77808e+06,14,RTS,20
6.77815e+06,20,CTS,14
6.77821e+06,17,QOSDATA_TID6,1066
6.77839e+06,20,ACK,14
6.77844e+06,17,CTL,20
6.77854e+06,7,RTS,20
6.77854e+06,2,RTS,20
6.77854e+06,9,RTS,20
6.77854e+06,13,RTS,20
6.77864e+06,0,RTS,20
6.77864e+06,4,RTS,20
6.77871e+06,20,CTS,14
6.77877e+06,0,QOSDATA_TID6,1066
6.77895e+06,20,ACK,14
6.779e+06,0,CTL,20
6.77908e+06,6,RTS,20
6.77908e+06,13,RTS,20
6.77918e+06,1,RTS,20
6.77925e+06,20,CTS,14
6.77931e+06,1,QOSDATA_TID6,1066
6.77949e+06,20,ACK,14
6.77954e+06,1,CTL,20
6.77962e+06,19,RTS,20
6.77969e+06,20,CTS,14
6.77975e+06,19,QOSDATA_TID6,1066
6.77993e+06,20,ACK,14
6.77998e+06,19,CTL,20
6.78006e+06,17,RTS,20
6.78006e+06,2,RTS,20
6.78006e+06,9,RTS,20
6.78013e+06,20,CTS,14
6.78019e+06,17,QOSDATA_TID6,1066
6.78038e+06,20,ACK,14
6.78042e+06,17,CTL,20
6.78051e+06,10,RTS,20
6.78057e+06,20,CTS,14
6.78063e+06,10,QOSDATA_TID6,1066
6.78082e+06,20,ACK,14
6.78086e+06,10,QOSDATA_TID6,1066
6.78105e+06,20,ACK,14
6.78109e+06,10,QOSDATA_TID6,1066
6.78127e+06,20,ACK,14
6.78132e+06,10,CTL,20
6.7814e+06,9,RTS,20
6.7814e+06,3,RTS,20
6.7814e+06,6,RTS,20
6.7814e+06,4,RTS,20
6.78151e+06,12,RTS,20
6.78151e+06,5,RTS,20
6.78151e+06,13,RTS,20
6.78162e+06,15,RTS,20
6.78162e+06,16,RTS,20
6.78162e+06,14,RTS,20
6.78173e+06,2,RTS,20
6.78173e+06,3,RTS,20
6.78173e+06,9,RTS,20
6.78183e+06,5,RTS,20
6.78183e+06,14,RTS,20
6.7819e+06,20,CTS,14
6.78196e+06,5,QOSDATA_TID6,1066
6.78214e+06,20,ACK,14
6.78219e+06,5,CTL,20
6.78228e+06,6,RTS,20
6.78228e+06,14,RTS,20
6.78238e+06,16,RTS,20
6.78238e+06,4,RTS,20
6.78248e+06,12,RTS,20
6.78248e+06,18,RTS,20
6.78255e+06,20,CTS,14
6.78261e+06,12,QOSDATA_TID6,1066
6.78279e+06,20,ACK,14
6.78284e+06,12,CTL,20
6.78293e+06,7,RTS,20
6.78293e+06,11,RTS,20
6.78293e+06,16,RTS,20
6.78293e+06,15,RTS,20
6.78305e+06,13,RTS,20
6.78305e+06,8,RTS,20
6.78305e+06,18,RTS,20
6.78305e+06,3,RTS,20
6.78305e+06,9,RTS,20
6.78318e+06,8,RTS,20
6.78324e+06,20,CTS,14
6.7833e+06,8,QOSDATA_TID6,1066
6.78349e+06,20,ACK,14
6.78353e+06,8,CTL,20
6.78362e+06,2,RTS,20
6.78362e+06,4,RTS,20
6.78362e+06,15,RTS,20
6.78372e+06,7,RTS,20
6.78379e+06,20,CTS,14
6.78385e+06,7,QOSDATA_TID6,1066
6.78403e+06,20,ACK,14
6.78407e+06,7,CTL,20
6.78417e+06,14,RTS,20
6.78417e+06,18,RTS,20
6.78417e+06,9,RTS,20
6.78428e+06,6,RTS,20
6.78435e+06,20,CTS,14
6.78441e+06,6,QOSDATA_TID6,1066
6.7846e+06,20,ACK,14
6.78464e+06,6,CTL,20
6.78473e+06,9,RTS,20
6.7848e+06,20,CTS,14
6.78486e+06,9,QOSDATA_TID6,1066
6.78504e+06,20,ACK,14
6.78508e+06,9,CTL,20
6.78517e+06,2,RTS,20
6.78517e+06,11,RTS,20
6.78531e+06,11,RTS,20
6.78531e+06,15,RTS,20
6.78531e+06,14,RTS,20
6.78542e+06,0,RTS,20
6.78542e+06,13,RTS,20
6.78542e+06,18,RTS,20
6.78553e+06,15,RTS,20
6.78553e+06,11,RTS,20
6.78553e+06,16,RTS,20
6.78562e+06,4,RTS,20
6.78569e+06,20,CTS,14
6.78575e+06,4,QOSDATA_TID6,1066
6.78594e+06,20,ACK,14
6.78598e+06,4,QOSDATA_TID6,1066
6.78616e+06,20,ACK,14
6.78621e+06,4,CTL,20
6.78629e+06,11,RTS,20
6.78629e+06,18,RTS,20
6.78644e+06,15,RTS,20
6.7865e+06,20,CTS,14
6.78656e+06,15,QOSDATA_TID6,1066
6.78675e+06,20,ACK,14
6.78679e+06,15,CTL,20
6.78689e+06,13,RTS,20
6.78689e+06,0,RTS,20
6.78689e+06,7,RTS,20
6.78689e+06,12,RTS,20
6.78689e+06,2,RTS,20
6.78689e+06,11,RTS,20
6.78689e+06,9,RTS,20
6.78699e+06,19,RTS,20
6.78705e+06,20,CTS,14
6.78711e+06,19,QOSDATA_TID6,1066
6.7873e+06,20,ACK,14
6.78734e+06,19,CTL,20
6.78744e+06,17,RTS,20
6.78744e+06,14,RTS,20
6.7875e+06,20,CTS,14
6.78756e+06,17,QOSDATA_TID6,1066
6.78775e+06,20,ACK,14
6.78779e+06,17,CTL,20
6.7879e+06,1,RTS,20
6.7879e+06,3,RTS,20
6.7879e+06,9,RTS,20
6.7879e+06,18,RTS,20
6.7879e+06,6,RTS,20
6.7879e+06,14,RTS,20
6.788e+06,7,RTS,20
6.78806e+06,20,CTS,14
6.78812e+06,7,QOSDATA_TID6,1066
6.78831e+06,20,ACK,14
6.78835e+06,7,CTL,20
6.78844e+06,5,RTS,20
6.78844e+06,3,RTS,20
6.7885e+06,20,CTS,14
6.78856e+06,5,QOSDATA_TID6,1066
6.78875e+06,20,ACK,14
6.78879e+06,5,CTL,20
6.78889e+06,10,RTS,20
6.78889e+06,15,RTS,20
6.78896e+06,20,CTS,14
6.78902e+06,15,QOSDATA_TID6,1066
6.7892e+06,20,ACK,14
6.78924e+06,15,CTL,20
6.78933e+06,1,RTS,20
6.78933e+06,4,RTS,20
6.7894e+06,20,CTS,14
6.78946e+06,1,QOSDATA_TID6,1066
6.78964e+06,20,ACK,14
6.78969e+06,1,CTL,20
6.78978e+06,11,RTS,20
6.78978e+06,16,RTS,20
6.78978e+06,6,RTS,20
6.78989e+06,13,RTS,20
6.78996e+06,20,CTS,14
6.79002e+06,13,QOSDATA_TID6,1066
6.7902e+06,20,ACK,14
6.79024e+06,13,QOSDATA_TID6,1066
6.79043e+06,20,ACK,14
6.79047e+06,13,QOSDATA_TID6,1066
6.79066e+06,20,ACK,14
6.7907e+06,13,CTL,20
6.79079e+06,2,RTS,20
6.79085e+06,20,CTS,14
6.79091e+06,2,QOSDATA_TID6,1066
6.7911e+06,20,ACK,14
6.79114e+06,2,QOSDATA_TID6,1066
6.79133e+06,20,ACK,14
6.79137e+06,2,CTL,20
6.79146e+06,3,RTS,20
6.79152e+06,20,CTS,14
6.79158e+06,3,QOSDATA_TID6,1066
6.79177e+06,20,ACK,14
6.79181e+06,3,QOSDATA_TID6,1066
6.792e+06,20,ACK,14
6.79204e+06,3,CTL,20
6.79213e+06,8,RTS,20
6.79213e+06,12,RTS,20
6.79213e+06,16,RTS,20
6.79223e+06,9,RTS,20
6.79223e+06,18,RTS,20
6.7923e+06,20,CTS,14
6.79236e+06,18,QOSDATA_TID6,1066
6.79255e+06,20,ACK,14
6.79259e+06,18,QOSDATA_TID6,1066
6.79277e+06,20,ACK,14
6.79282e+06,18,CTL,20
6.7929e+06,12,RTS,20
6.7929e+06,16,RTS,20
6.79297e+06,20,CTS,14
6.79303e+06,12,QOSDATA_TID6,1066
6.79322e+06,20,ACK,14
6.79326e+06,12,CTL,20
6.79336e+06,4,RTS,20
6.79336e+06,10,RTS,20
6.79347e+06,14,RTS,20
6.79354e+06,20,CTS,14
6.7936e+06,14,QOSDATA_TID6,1066
6.79378e+06,20,ACK,14
6.79383e+06,14,QOSDATA_TID6,1066
6.79401e+06,20,ACK,14
6.79406e+06,14,CTL,20
6.79414e+06,13,RTS,20
6.79421e+06,20,CTS,14
6.79427e+06,13,QOSDATA_TID6,1066
6.79445e+06,20,ACK,14
6.7945e+06,13,CTL,20
6.79459e+06,11,RTS,20
6.79459e+06,6,RTS,20
6.79471e+06,9,RTS,20
6.79478e+06,20,CTS,14
6.79484e+06,9,QOSDATA_TID6,1066
6.79502e+06,20,ACK,14
6.79506e+06,9,QOSDATA_TID6,1066
6.79525e+06,20,ACK,14
6.79529e+06,9,CTL,20
6.79538e+06,3,RTS,20
6.79538e+06,19,RTS,20
6.79545e+06,20,CTS,14
6.79551e+06,19,QOSDATA_TID6,1066
6.79569e+06,20,ACK,14
6.79573e+06,19,CTL,20
6.79583e+06,17,RTS,20
6.79583e+06,0,CTS,14
6.79594e+06,0,RTS,20
6.79601e+06,20,CTS,14
6.79607e+06,0,QOSDATA_TID6,1066
6.79625e+06,20,ACK,14
6.7963e+06,0,QOSDATA_TID6,1066
6.79648e+06,20,ACK,14
6.79653e+06,0,CTL,20
6.79661e+06,2,RTS,20
6.79661e+06,12,RTS,20
6.79661e+06,7,RTS,20
6.79671e+06,1,RTS,20
6.79671e+06,15,RTS,20
6.79681e+06,7,RTS,20
6.79688e+06,20,CTS,14
6.79694e+06,7,QOSDATA_TID6,1066
6.79712e+06,20,ACK,14
6.79716e+06,7,CTL,20
6.79725e+06,1,RTS,20
6.79732e+06,20,CTS,14
6.79738e+06,1,QOSDATA_TID6,1066
6.79756e+06,20,ACK,14
6.79761e+06,1,CTL,20
6.79769e+06,8,RTS,20
6.79769e+06,12,RTS,20
6.79779e+06,11,RTS,20
6.79779e+06,2,RTS,20
6.79791e+06,5,RTS,20
6.79798e+06,20,CTS,14
6.79804e+06,5,QOSDATA_TID6,1066
6.79822e+06,20,ACK,14
6.79827e+06,5,CTL,20
6.79835e+06,12,RTS,20
6.79842e+06,20,CTS,14
6.79848e+06,12,QOSDATA_TID6,1066
6.79866e+06,20,ACK,14
6.79871e+06,12,CTL,20
6.79879e+06,16,RTS,20
6.79879e+06,4,RTS,20
6.79879e+06,15,RTS,20
6.79879e+06,6,RTS,20
6.79879e+06,18,RTS,20
6.7989e+06,17,RTS,20
6.79897e+06,20,CTS,14
6.79903e+06,17,QOSDATA_TID6,1066
6.79921e+06,20,ACK,14
6.79926e+06,17,CTL,20
6.79934e+06,8,RTS,20
6.79941e+06,20,CTS,14
6.79947e+06,8,QOSDATA_TID6,1066
6.79966e+06,20,ACK,14
6.7997e+06,8,QOSDATA_TID6,1066
6.79988e+06,20,ACK,14
6.79993e+06,8,CTL,20
6.80001e+06,3,RTS,20
6.80008e+06,20,CTS,14
6.80014e+06,3,QOSDATA_TID6,1066
6.80033e+06,20,ACK,14
6.80037e+06,3,CTL,20
6.80046e+06,10,RTS,20
6.80046e+06,11,RTS,20
6.80046e+06,15,RTS,20
6.80059e+06,6,RTS,20
6.80066e+06,20,CTS,14
6.80072e+06,6,QOSDATA_TID6,1066
6.8009e+06,20,ACK,14
6.80095e+06,6,QOSDATA_TID6,1066
6.80113e+06,20,ACK,14
6.80117e+06,6,CTL,20
6.80127e+06,14,RTS,20
6.80127e+06,18,RTS,20
6.80137e+06,16,RTS,20
6.80144e+06,20,CTS,14
6.8015e+06,16,QOSDATA_TID6,1066
6.80168e+06,20,ACK,14
6.80172e+06,16,QOSDATA_TID6,1066
6.80191e+06,20,ACK,14
6.80195e+06,16,QOSDATA_TID6,1066
6.80214e+06,20,ACK,14
6.80218e+06,16,QOSDATA_TID6,1066
6.80236e+06,20,ACK,14
6.80241e+06,16,CTL,20
6.80249e+06,11,RTS,20
6.80249e+06,7,RTS,20
6.80249e+06,18,RTS,20
6.8026e+06,14,RTS,20
6.8026e+06,15,RTS,20
6.80271e+06,12,RTS,20
6.80278e+06,20,CTS,14
6.80284e+06,12,QOSDATA_TID6,1066
6.80302e+06,20,ACK,14
6.80306e+06,12,CTL,20
6.80315e+06,4,RTS,20
6.80315e+06,6,RTS,20
6.80315e+06,14,RTS,20
6.80325e+06,19,RTS,20
6.80325e+06,3,RTS,20
6.80325e+06,9,RTS,20
6.80334e+06,2,RTS,20
6.80334e+06,13,RTS,20
6.80347e+06,11,RTS,20
6.80354e+06,20,CTS,14
6.8036e+06,11,QOSDATA_TID6,1066
6.80379e+06,20,ACK,14
6.80383e+06,11,QOSDATA_TID6,1066
6.80401e+06,20,ACK,14
6.80406e+06,11,QOSDATA_TID6,1066
6.80424e+06,20,ACK,14
6.80429e+06,11,QOSDATA_TID6,1066
6.80447e+06,20,ACK,14
6.80451e+06,11,CTL,20
6.8046e+06,17,RTS,20
6.8046e+06,5,RTS,20
6.80467e+06,20,CTS,14
6.80473e+06,5,QOSDATA_TID6,1066
6.80491e+06,20,ACK,14
6.80496e+06,5,CTL,20
6.80504e+06,17,RTS,20
6.80511e+06,20,CTS,14
6.80517e+06,17,QOSDATA_TID6,1066
6.80535e+06,20,ACK,14
6.8054e+06,17,CTL,20
6.80548e+06,7,RTS,20
6.80548e+06,0,RTS,20
6.80562e+06,15,RTS,20
6.80562e+06,9,RTS,20
6.80569e+06,20,CTS,14
6.80575e+06,15,QOSDATA_TID6,1066
6.80593e+06,20,ACK,14
6.80597e+06,15,QOSDATA_TID6,1066
6.80616e+06,20,ACK,14
6.8062e+06,15,CTL,20
6.8063e+06,14,RTS,20
6.8063e+06,13,RTS,20
6.8063e+06,2,RTS,20
6.8064e+06,0,RTS,20
6.8064e+06,4,RTS,20
6.80647e+06,20,CTS,14
6.80653e+06,0,QOSDATA_TID6,1066
6.80672e+06,20,ACK,14
6.80676e+06,0,CTL,20
6.80685e+06,4,RTS,20
6.80691e+06,20,CTS,14
6.80697e+06,4,QOSDATA_TID6,1066
6.80716e+06,20,ACK,14
6.8072e+06,4,QOSDATA_TID6,1066
6.80739e+06,20,ACK,14
6.80743e+06,4,QOSDATA_TID6,1066
6.80761e+06,20,ACK,14
6.80766e+06,4,CTL,20
6.80774e+06,8,RTS,20
6.80781e+06,20,CTS,14
6.80787e+06,8,QOSDATA_TID6,1066
6.80806e+06,20,ACK,14
6.8081e+06,8,CTL,20
6.80819e+06,1,RTS,20
6.80819e+06,18,RTS,20
6.80819e+06,6,RTS,20
6.80828e+06,13,RTS,20
6.80835e+06,20,CTS,14
6.80841e+06,13,QOSDATA_TID6,1066
6.8086e+06,20,ACK,14
6.80864e+06,13,CTL,20
6.80874e+06,16,RTS,20
6.80874e+06,19,RTS,20
6.80874e+06,10,RTS,20
6.80886e+06,9,RTS,20
6.80886e+06,3,RTS,20
6.80886e+06,14,RTS,20
6.80886e+06,7,RTS,20
6.80896e+06,19,RTS,20
6.80903e+06,20,CTS,14
6.80909e+06,19,QOSDATA_TID6,1066
6.80927e+06,20,ACK,14
6.80932e+06,19,CTL,20
6.80942e+06,2,RTS,20
6.80942e+06,0,RTS,20
6.80954e+06,18,RTS,20
6.80954e+06,7,RTS,20
6.80954e+06,16,RTS,20
6.80968e+06,14,RTS,20
6.80975e+06,20,CTS,14
6.80981e+06,14,QOSDATA_TID6,1066
6.80999e+06,20,ACK,14
6.81003e+06,14,QOSDATA_TID6,1066
6.81022e+06,20,ACK,14
6.81026e+06,14,CTL,20
6.81036e+06,0,RTS,20
6.81036e+06,7,RTS,20
6.81036e+06,1,RTS,20
6.81046e+06,2,RTS,20
6.81053e+06,20,CTS,14
6.81059e+06,2,QOSDATA_TID6,1066
6.81078e+06,20,ACK,14
6.81082e+06,2,QOSDATA_TID6,1066
6.811e+06,20,ACK,14
6.81105e+06,2,CTL,20
6.81113e+06,12,RTS,20
6.8112e+06,20,CTS,14
6.81126e+06,12,QOSDATA_TID6,1066
6.81145e+06,20,ACK,14
6.81149e+06,12,CTL,20
6.81158e+06,19,RTS,20
6.81158e+06,3,RTS,20
6.81164e+06,20,CTS,14
6.8117e+06,19,QOSDATA_TID6,1066
6.81189e+06,20,ACK,14
6.81193e+06,19,CTL,20
6.81203e+06,11,RTS,20
6.81203e+06,3,RTS,20
6.81213e+06,6,RTS,20
6.8122e+06,20,CTS,14
6.81226e+06,6,QOSDATA_TID6,1066
6.81245e+06,20,ACK,14
6.81249e+06,6,QOSDATA_TID6,1066
6.81267e+06,20,ACK,14
6.81272e+06,6,CTL,20
6.8128e+06,0,CTS,14
6.81292e+06,0,RTS,20
6.81299e+06,20,CTS,14
6.81305e+06,0,QOSDATA_TID6,1066
6.81323e+06,20,ACK,14
6.81327e+06,0,CTL,20
6.81336e+06,2,RTS,20
6.81336e+06,5,RTS,20
6.81336e+06,3,RTS,20
6.81336e+06,11,RTS,20
6.81343e+06,20,CTS,14
6.81349e+06,5,QOSDATA_TID6,1066
6.81367e+06,20,ACK,14
6.81372e+06,5,CTL,20
6.8138e+06,15,RTS,20
6.81387e+06,20,CTS,14
6.81393e+06,15,QOSDATA_TID6,1066
6.81411e+06,20,ACK,14
6.81416e+06,15,CTL,20
6.81424e+06,13,RTS,20
6.81424e+06,18,RTS,20
6.81424e+06,1,RTS,20
6.81424e+06,9,RTS,20
6.81435e+06,4,RTS,20
6.81442e+06,20,CTS,14
6.81448e+06,4,QOSDATA_TID6,1066
6.81466e+06,20,ACK,14
6.81471e+06,4,CTL,20
6.81479e+06,7,RTS,20
6.81486e+06,20,CTS,14
6.81492e+06,7,QOSDATA_TID6,1066
6.8151e+06,20,ACK,14
6.81515e+06,7,QOSDATA_TID6,1066
6.81533e+06,20,ACK,14
6.81538e+06,7,CTL,20
6.81546e+06,17,RTS,20
6.81546e+06,16,RTS,20
6.81546e+06,2,RTS,20
6.81546e+06,18,RTS,20
6.81546e+06,10,RTS,20
6.81558e+06,13,RTS,20
6.81565e+06,20,CTS,14
6.81571e+06,13,QOSDATA_TID6,1066
6.81589e+06,20,ACK,14
6.81594e+06,13,CTL,20
6.81602e+06,14,RTS,20
6.81602e+06,10,RTS,20
6.81614e+06,8,RTS,20
6.81614e+06,16,RTS,20
6.81621e+06,20,CTS,14
6.81627e+06,8,QOSDATA_TID6,1066
6.81645e+06,20,ACK,14
6.81649e+06,8,CTL,20
6.81658e+06,16,RTS,20
6.81665e+06,20,CTS,14
6.81671e+06,16,QOSDATA_TID6,1066
6.81689e+06,20,ACK,14
6.81694e+06,16,QOSDATA_TID6,1066
6.81712e+06,20,ACK,14
6.81716e+06,16,CTL,20
6.81725e+06,3,RTS,20
6.81725e+06,14,RTS,20
6.81736e+06,11,RTS,20
6.81742e+06,20,CTS,14
6.81748e+06,11,QOSDATA_TID6,1066
6.81767e+06,20,ACK,14
6.81771e+06,11,CTL,20
6.8178e+06,7,RTS,20
6.81787e+06,20,CTS,14
6.81793e+06,7,QOSDATA_TID6,1066
6.81811e+06,20,ACK,14
6.81816e+06,7,CTL,20
6.81825e+06,13,RTS,20
6.81825e+06,0,RTS,20
6.81825e+06,14,RTS,20
6.81825e+06,3,RTS,20
6.81825e+06,9,RTS,20
6.81836e+06,18,RTS,20
6.81842e+06,20,CTS,14
6.81848e+06,18,QOSDATA_TID6,1066
6.81867e+06,20,ACK,14
6.81871e+06,18,QOSDATA_TID6,1066
6.8189e+06,20,ACK,14
6.81894e+06,18,CTL,20
6.81903e+06,10,RTS,20
6.81903e+06,2,RTS,20
6.81903e+06,14,RTS,20
6.81903e+06,19,RTS,20
6.81903e+06,13,RTS,20
6.81912e+06,6,RTS,20
6.81919e+06,20,CTS,14
6.81925e+06,6,QOSDATA_TID6,1066
6.81944e+06,20,ACK,14
6.81948e+06,6,CTL,20
6.81957e+06,12,RTS,20
6.81964e+06,20,CTS,14
6.8197e+06,12,QOSDATA_TID6,1066
6.81988e+06,20,ACK,14
6.81992e+06,12,CTL,20
6.82001e+06,13,RTS,20
6.82001e+06,14,RTS,20
6.82001e+06,10,RTS,20
6.82011e+06,17,RTS,20
6.82011e+06,1,RTS,20
6.82011e+06,11,RTS,20
6.8202e+06,10,RTS,20
6.82027e+06,20,CTS,14
6.82033e+06,10,QOSDATA_TID6,1066
6.82052e+06,20,ACK,14
6.82056e+06,10,QOSDATA_TID6,1066
6.82074e+06,20,ACK,14
6.82079e+06,10,QOSDATA_TID6,1066
6.82097e+06,20,ACK,14
6.82102e+06,10,QOSDATA_TID6,1066
6.8212e+06,20,ACK,14
6.82124e+06,10,CTL,20
6.82133e+06,3,RTS,20
6.82133e+06,5,RTS,20
6.82133e+06,4,RTS,20
6.8214e+06,20,CTS,14
6.82146e+06,5,QOSDATA_TID6,1066
6.82164e+06,20,ACK,14
6.82169e+06,5,CTL,20
6.82177e+06,3,RTS,20
6.82184e+06,20,CTS,14
6.8219e+06,3,QOSDATA_TID6,1066
6.82208e+06,20,ACK,14
6.82213e+06,3,QOSDATA_TID6,1066
6.82231e+06,20,ACK,14
6.82236e+06,3,CTL,20
6.82244e+06,9,RTS,20
6.82244e+06,2,RTS,20
6.82244e+06,0,RTS,20
6.82254e+06,18,RTS,20
6.82261e+06,20,CTS,14
6.82267e+06,18,QOSDATA_TID6,1066
6.82285e+06,20,ACK,14
6.8229e+06,18,CTL,20
6.82298e+06,0,CTS,14
6.82298e+06,19,RTS,20
6.8231e+06,0,RTS,20
6.82316e+06,20,CTS,14
6.82322e+06,0,QOSDATA_TID6,1066
6.82341e+06,20,ACK,14
6.82345e+06,0,CTL,20
6.82354e+06,2,RTS,20
6.82354e+06,8,RTS,20
6.82354e+06,17,RTS,20
6.82354e+06,1,RTS,20
6.82354e+06,11,RTS,20
6.82365e+06,13,RTS,20
6.82365e+06,15,RTS,20
6.82374e+06,11,RTS,20
6.82381e+06,20,CTS,14
6.82387e+06,11,QOSDATA_TID6,1066
6.82406e+06,20,ACK,14
6.8241e+06,11,CTL,20
6.82419e+06,1,RTS,20
6.82419e+06,8,RTS,20
6.82419e+06,19,RTS,20
6.82419e+06,13,RTS,20
6.8243e+06,14,RTS,20
6.8243e+06,2,RTS,20
6.82437e+06,20,CTS,14
6.82443e+06,2,QOSDATA_TID6,1066
6.82461e+06,20,ACK,14
6.82466e+06,2,QOSDATA_TID6,1066
6.82484e+06,20,ACK,14
6.82489e+06,2,CTL,20
6.82499e+06,1,RTS,20
6.82499e+06,14,RTS,20
6.82499e+06,16,RTS,20
6.8251e+06,9,RTS,20
6.82516e+06,20,CTS,14
6.82522e+06,9,QOSDATA_TID6,1066
6.82541e+06,20,ACK,14
6.82545e+06,9,QOSDATA_TID6,1066
6.82564e+06,20,ACK,14
6.82568e+06,9,QOSDATA_TID6,1066
6.82586e+06,20,ACK,14
6.82591e+06,9,QOSDATA_TID6,1066
6.82609e+06,20,ACK,14
6.82614e+06,9,CTL,20
6.82622e+06,0,RTS,20
6.82622e+06,14,RTS,20
6.82629e+06,20,CTS,14
6.82635e+06,0,QOSDATA_TID6,1066
6.82654e+06,20,ACK,14
6.82658e+06,0,CTL,20
6.82667e+06,12,RTS,20
6.82667e+06,16,RTS,20
6.82674e+06,20,CTS,14
6.8268e+06,12,QOSDATA_TID6,1066
6.82699e+06,20,ACK,14
6.82703e+06,12,CTL,20
6.82712e+06,1,RTS,20
6.82712e+06,11,RTS,20
6.82712e+06,19,RTS,20
6.82712e+06,3,RTS,20
6.82722e+06,14,RTS,20
6.82729e+06,20,CTS,14
6.82735e+06,14,QOSDATA_TID6,1066
6.82754e+06,20,ACK,14
6.82758e+06,14,CTL,20
6.82766e+06,15,RTS,20
6.82766e+06,6,RTS,20
6.82766e+06,13,RTS,20
6.82766e+06,7,RTS,20
6.82766e+06,17,RTS,20
6.82766e+06,11,RTS,20
6.82779e+06,3,RTS,20
6.82786e+06,20,CTS,14
6.82792e+06,3,QOSDATA_TID6,1066
6.8281e+06,20,ACK,14
6.82815e+06,3,CTL,20
6.82823e+06,13,RTS,20
6.8283e+06,20,CTS,14
6.82836e+06,13,QOSDATA_TID6,1066
6.82854e+06,20,ACK,14
6.82859e+06,13,QOSDATA_TID6,1066
6.82877e+06,20,ACK,14
6.82882e+06,13,CTL,20
6.8289e+06,6,RTS,20
6.8289e+06,2,RTS,20
6.8289e+06,10,RTS,20
6.829e+06,1,RTS,20
6.829e+06,11,RTS,20
6.82907e+06,20,CTS,14
6.82913e+06,1,QOSDATA_TID6,1066
6.82931e+06,20,ACK,14
6.82936e+06,1,QOSDATA_TID6,1066
6.82954e+06,20,ACK,14
6.82958e+06,1,QOSDATA_TID6,1066
6.82977e+06,20,ACK,14
6.82981e+06,1,CTL,20
6.82991e+06,8,RTS,20
6.82991e+06,11,RTS,20
6.82991e+06,4,RTS,20
6.82998e+06,20,CTS,14
6.83004e+06,8,QOSDATA_TID6,1066
6.83022e+06,20,ACK,14
6.83026e+06,8,CTL,20
6.83035e+06,16,RTS,20
6.83035e+06,18,RTS,20
6.83047e+06,5,RTS,20
6.83053e+06,20,CTS,14
6.83059e+06,5,QOSDATA_TID6,1066
6.83078e+06,20,ACK,14
6.83082e+06,5,CTL,20
6.83091e+06,16,RTS,20
6.83091e+06,15,RTS,20
6.83102e+06,7,RTS,20
6.83102e+06,10,RTS,20
6.83109e+06,20,CTS,14
6.83115e+06,7,QOSDATA_TID6,1066
6.83134e+06,20,ACK,14
6.83138e+06,7,CTL,20
6.83147e+06,16,RTS,20
6.83147e+06,14,RTS,20
6.83147e+06,10,RTS,20
6.8316e+06,14,RTS,20
6.83166e+06,20,CTS,14
6.83172e+06,14,QOSDATA_TID6,1066
6.83191e+06,20,ACK,14
6.83195e+06,14,CTL,20
6.83204e+06,10,RTS,20
6.83211e+06,20,CTS,14
6.83217e+06,10,QOSDATA_TID6,1066
6.83235e+06,20,ACK,14
6.8324e+06,10,CTL,20
6.83249e+06,18,RTS,20
6.83249e+06,8,RTS,20
6.83256e+06,20,CTS,14
6.83262e+06,8,QOSDATA_TID6,1066
6.8328e+06,20,ACK,14
6.83285e+06,8,CTL,20
6.83295e+06,17,RTS,20
6.83302e+06,20,CTS,14
6.83308e+06,17,QOSDATA_TID6,1066
6.83326e+06,20,ACK,14
6.83331e+06,17,QOSDATA_TID6,1066
6.83349e+06,20,ACK,14
6.83353e+06,17,QOSDATA_TID6,1066
6.83372e+06,20,ACK,14
6.83376e+06,17,CTL,20
6.83385e+06,19,RTS,20
6.83385e+06,11,RTS,20
6.83385e+06,16,RTS,20
6.83385e+06,2,RTS,20
6.83385e+06,13,RTS,20
6.83385e+06,6,RTS,20
6.83396e+06,15,RTS,20
6.83396e+06,4,RTS,20
6.83402e+06,20,CTS,14
6.83408e+06,15,QOSDATA_TID6,1066
6.83427e+06,20,ACK,14
6.83431e+06,15,QOSDATA_TID6,1066
6.8345e+06,20,ACK,14
6.83454e+06,15,CTL,20
6.83462e+06,3,RTS,20
6.83469e+06,20,CTS,14
6.83475e+06,3,QOSDATA_TID6,1066
6.83494e+06,20,ACK,14
6.83498e+06,3,CTL,20
6.83507e+06,12,RTS,20
6.83514e+06,20,CTS,14
6.8352e+06,12,QOSDATA_TID6,1066
6.83538e+06,20,ACK,14
6.83542e+06,12,CTL,20
6.83551e+06,17,RTS,20
6.83551e+06,0,RTS,20
6.83551e+06,9,RTS,20
6.83558e+06,20,CTS,14
6.83564e+06,17,QOSDATA_TID6,1066
6.83582e+06,20,ACK,14
6.83586e+06,17,CTL,20
6.83596e+06,1,RTS,20
6.83596e+06,7,RTS,20
6.83596e+06,4,RTS,20
6.83596e+06,9,RTS,20
6.83596e+06,18,RTS,20
6.83609e+06,11,RTS,20
6.83616e+06,20,CTS,14
6.83622e+06,11,QOSDATA_TID6,1066
6.83641e+06,20,ACK,14
6.83645e+06,11,QOSDATA_TID6,1066
6.83663e+06,20,ACK,14
6.83668e+06,11,CTL,20
6.83676e+06,4,RTS,20
6.83676e+06,5,RTS,20
6.83676e+06,2,RTS,20
6.83676e+06,9,RTS,20
6.83676e+06,18,RTS,20
6.83683e+06,20,CTS,14
6.83689e+06,5,QOSDATA_TID6,1066
6.83708e+06,20,ACK,14
6.83712e+06,5,CTL,20
6.83721e+06,2,RTS,20
6.83721e+06,18,RTS,20
6.8373e+06,7,RTS,20
6.8373e+06,13,RTS,20
6.8373e+06,4,RTS,20
6.83737e+06,20,CTS,14
6.83743e+06,7,QOSDATA_TID6,1066
6.83762e+06,20,ACK,14
6.83766e+06,7,CTL,20
6.83775e+06,13,RTS,20
6.83781e+06,20,CTS,14
6.83787e+06,13,QOSDATA_TID6,1066
6.83806e+06,20,ACK,14
6.8381e+06,13,CTL,20
6.8382e+06,15,RTS,20
6.8382e+06,4,RTS,20
6.8382e+06,16,RTS,20
6.8382e+06,19,RTS,20
6.8382e+06,2,RTS,20
6.8383e+06,6,RTS,20
6.83837e+06,20,CTS,14
6.83843e+06,6,QOSDATA_TID6,1066
6.83862e+06,20,ACK,14
6.83866e+06,6,QOSDATA_TID6,1066
6.83884e+06,20,ACK,14
6.83889e+06,6,CTL,20
6.83898e+06,2,RTS,20
6.83898e+06,16,RTS,20
6.83908e+06,19,RTS,20
6.83915e+06,20,CTS,14
6.83921e+06,19,QOSDATA_TID6,1066
6.83939e+06,20,ACK,14
6.83944e+06,19,QOSDATA_TID6,1066
6.83962e+06,20,ACK,14
6.83967e+06,19,QOSDATA_TID6,1066
6.83985e+06,20,ACK,14
6.83989e+06,19,CTL,20
6.83999e+06,8,RTS,20
6.83999e+06,14,RTS,20
6.84006e+06,20,CTS,14
6.84012e+06,8,QOSDATA_TID6,1066
6.8403e+06,20,ACK,14
6.84034e+06,8,CTL,20
6.84043e+06,10,RTS,20
6.8405e+06,20,CTS,14
6.84056e+06,10,QOSDATA_TID6,1066
6.84074e+06,20,ACK,14
6.84079e+06,10,CTL,20
6.84087e+06,18,RTS,20
6.84087e+06,14,RTS,20
6.84097e+06,16,RTS,20
6.84104e+06,20,CTS,14
6.8411e+06,16,QOSDATA_TID6,1066
6.84128e+06,20,ACK,14
6.84133e+06,16,QOSDATA_TID6,1066
6.84151e+06,20,ACK,14
6.84156e+06,16,CTL,20
6.84164e+06,13,RTS,20
6.84171e+06,20,CTS,14
6.84177e+06,13,QOSDATA_TID6,1066
6.84195e+06,20,ACK,14
6.842e+06,13,CTL,20
6.84208e+06,1,RTS,20
6.84208e+06,18,RTS,20
6.84215e+06,20,CTS,14
6.84221e+06,1,QOSDATA_TID6,1066
6.8424e+06,20,ACK,14
6.84244e+06,1,CTL,20
6.84252e+06,12,RTS,20
6.84259e+06,20,CTS,14
6.84265e+06,12,QOSDATA_TID6,1066
6.84284e+06,20,ACK,14
6.84288e+06,12,CTL,20
6.84297e+06,7,RTS,20
6.84297e+06,11,RTS,20
6.84297e+06,19,RTS,20
6.84297e+06,4,RTS,20
6.84297e+06,15,RTS,20
6.84297e+06,0,RTS,20
6.84306e+06,3,RTS,20
6.84306e+06,9,RTS,20
6.84317e+06,2,RTS,20
6.84317e+06,19,RTS,20
6.84318e+06,1,RTS,20
6.84327e+06,6,RTS,20
6.84327e+06,14,RTS,20
6.84337e+06,17,RTS,20
6.84344e+06,20,CTS,14
6.8435e+06,17,QOSDATA_TID6,1066
6.84368e+06,20,ACK,14
6.84373e+06,17,CTL,20
6.84381e+06,1,RTS,20
6.84381e+06,19,RTS,20
6.84381e+06,11,RTS,20
6.84381e+06,9,RTS,20
6.84381e+06,14,RTS,20
6.84394e+06,2,RTS,20
6.84401e+06,20,CTS,14
6.84407e+06,2,QOSDATA_TID6,1066
6.84425e+06,20,ACK,14
6.8443e+06,2,CTL,20
6.84438e+06,5,RTS,20
6.84438e+06,7,RTS,20
6.84445e+06,20,CTS,14
6.84451e+06,5,QOSDATA_TID6,1066
6.84469e+06,20,ACK,14
6.84474e+06,5,CTL,20
6.84482e+06,0,CTS,14
6.84496e+06,0,RTS,20
6.84503e+06,20,CTS,14
6.84509e+06,0,QOSDATA_TID6,1066
6.84528e+06,20,ACK,14
6.84532e+06,0,QOSDATA_TID6,1066
6.8455e+06,20,ACK,14
6.84555e+06,0,CTL,20
6.84563e+06,11,RTS,20
6.84563e+06,4,RTS,20
6.84573e+06,7,RTS,20
6.84573e+06,2,RTS,20
6.84573e+06,9,RTS,20
6.84573e+06,6,RTS,20
6.84573e+06,18,RTS,20
6.84573e+06,14,RTS,20
6.84573e+06,10,RTS,20
6.84585e+06,1,RTS,20
6.84592e+06,20,CTS,14
6.84598e+06,1,QOSDATA_TID6,1066
6.84616e+06,20,ACK,14
6.84621e+06,1,CTL,20
6.84629e+06,19,RTS,20
6.84629e+06,9,RTS,20
6.84636e+06,20,CTS,14
6.84642e+06,19,QOSDATA_TID6,1066
6.84661e+06,20,ACK,14
6.84665e+06,19,CTL,20
6.84674e+06,8,RTS,20
6.84674e+06,9,RTS,20
6.84674e+06,4,RTS,20
6.84674e+06,6,RTS,20
6.84686e+06,7,RTS,20
6.84686e+06,18,RTS,20
6.84693e+06,20,CTS,14
6.84699e+06,7,QOSDATA_TID6,1066
6.84717e+06,20,ACK,14
6.84722e+06,7,CTL,20
6.8473e+06,9,RTS,20
6.84737e+06,20,CTS,14
6.84743e+06,9,QOSDATA_TID6,1066
6.84762e+06,20,ACK,14
6.84766e+06,9,CTL,20
6.84775e+06,6,RTS,20
6.84781e+06,20,CTS,14
6.84787e+06,6,QOSDATA_TID6,1066
6.84806e+06,20,ACK,14
6.8481e+06,6,CTL,20
6.84819e+06,14,RTS,20
6.84819e+06,3,RTS,20
6.84819e+06,11,RTS,20
6.84832e+06,18,RTS,20
6.84839e+06,20,CTS,14
6.84845e+06,18,QOSDATA_TID6,1066
6.84863e+06,20,ACK,14
6.84868e+06,18,QOSDATA_TID6,1066
6.84886e+06,20,ACK,14
6.84891e+06,18,CTL,20
6.84899e+06,3,RTS,20
6.84906e+06,20,CTS,14
6.84912e+06,3,QOSDATA_TID6,1066
6.8493e+06,20,ACK,14
6.84935e+06,3,CTL,20
6.84943e+06,2,RTS,20
6.84943e+06,10,RTS,20
6.84943e+06,14,RTS,20
6.84943e+06,15,RTS,20
6.84953e+06,7,RTS,20
6.84953e+06,8,RTS,20
6.84964e+06,16,RTS,20
6.84964e+06,10,RTS,20
6.84979e+06,15,RTS,20
6.84986e+06,20,CTS,14
6.84992e+06,15,QOSDATA_TID6,1066
6.8501e+06,20,ACK,14
6.85015e+06,15,QOSDATA_TID6,1066
6.85033e+06,20,ACK,14
6.85038e+06,15,CTL,20
6.85046e+06,14,RTS,20
6.85053e+06,20,CTS,14
6.85059e+06,14,QOSDATA_TID6,1066
6.85077e+06,20,ACK,14
6.85082e+06,14,CTL,20
6.85091e+06,0,RTS,20
6.85091e+06,13,RTS,20
6.85091e+06,10,RTS,20
6.85091e+06,9,RTS,20
6.85091e+06,4,RTS,20
6.85103e+06,19,RTS,20
6.85103e+06,12,RTS,20
6.85103e+06,7,RTS,20
6.85114e+06,2,RTS,20
6.8512e+06,20,CTS,14
6.85126e+06,2,QOSDATA_TID6,1066
6.85145e+06,20,ACK,14
6.85149e+06,2,CTL,20
6.85158e+06,6,RTS,20
6.85158e+06,12,RTS,20
6.85164e+06,20,CTS,14
6.8517e+06,12,QOSDATA_TID6,1066
6.85189e+06,20,ACK,14
6.85193e+06,12,CTL,20
6.85203e+06,11,RTS,20
6.85203e+06,16,RTS,20
6.85203e+06,13,RTS,20
6.85203e+06,0,RTS,20
6.85213e+06,1,RTS,20
6.85219e+06,20,CTS,14
6.85225e+06,1,QOSDATA_TID6,1066
6.85244e+06,20,ACK,14
6.85248e+06,1,CTL,20
6.85257e+06,17,RTS,20
6.85264e+06,20,CTS,14
6.8527e+06,17,QOSDATA_TID6,1066
6.85288e+06,20,ACK,14
6.85292e+06,17,CTL,20
6.85301e+06,19,RTS,20
6.85301e+06,4,RTS,20
6.85301e+06,3,RTS,20
6.85301e+06,13,RTS,20
6.85313e+06,6,RTS,20
6.85319e+06,20,CTS,14
6.85325e+06,6,QOSDATA_TID6,1066
6.85344e+06,20,ACK,14
6.85348e+06,6,CTL,20
6.85357e+06,7,RTS,20
6.85364e+06,20,CTS,14
6.8537e+06,7,QOSDATA_TID6,1066
6.85388e+06,20,ACK,14
6.85392e+06,7,CTL,20
6.85401e+06,8,RTS,20
6.85401e+06,15,RTS,20
6.85401e+06,0,CTS,14
6.85401e+06,9,RTS,20
6.8541e+06,0,RTS,20
6.85417e+06,20,CTS,14
6.85423e+06,0,QOSDATA_TID6,1066
6.85442e+06,20,ACK,14
6.85446e+06,0,CTL,20
6.85456e+06,18,RTS,20
6.85456e+06,2,RTS,20
6.85456e+06,5,RTS,20
6.85456e+06,16,RTS,20
6.85456e+06,4,RTS,20
6.85462e+06,20,CTS,14
6.85468e+06,5,QOSDATA_TID6,1066
6.85487e+06,20,ACK,14
6.85491e+06,5,CTL,20
6.85501e+06,4,RTS,20
6.85508e+06,20,CTS,14
6.85514e+06,4,QOSDATA_TID6,1066
6.85532e+06,20,ACK,14
6.85536e+06,4,QOSDATA_TID6,1066
6.85555e+06,20,ACK,14
6.85559e+06,4,QOSDATA_TID6,1066
6.85578e+06,20,ACK,14
6.85582e+06,4,QOSDATA_TID6,1066
6.856e+06,20,ACK,14
6.85605e+06,4,CTL,20
6.85613e+06,3,RTS,20
6.8562e+06,20,CTS,14
6.85626e+06,3,QOSDATA_TID6,1066
6.85645e+06,20,ACK,14
6.85649e+06,3,CTL,20
6.85658e+06,9,RTS,20
6.85658e+06,10,RTS,20
6.85658e+06,19,RTS,20
6.85658e+06,8,RTS,20
6.85668e+06,11,RTS,20
6.85668e+06,13,RTS,20
6.85679e+06,2,RTS,20
6.85686e+06,20,CTS,14
6.85692e+06,2,QOSDATA_TID6,1066
6.8571e+06,20,ACK,14
6.85715e+06,2,CTL,20
6.85723e+06,10,RTS,20
6.8573e+06,20,CTS,14
6.85736e+06,10,QOSDATA_TID6,1066
6.85754e+06,20,ACK,14
6.85759e+06,10,QOSDATA_TID6,1066
6.85777e+06,20,ACK,14
6.85782e+06,10,CTL,20
6.8579e+06,9,RTS,20
6.8579e+06,19,RTS,20
6.8579e+06,13,RTS,20
6.858e+06,0,RTS,20
6.858e+06,18,RTS,20
6.85811e+06,16,RTS,20
6.85818e+06,20,CTS,14
6.85824e+06,16,QOSDATA_TID6,1066
6.85842e+06,20,ACK,14
6.85847e+06,16,QOSDATA_TID6,1066
6.85865e+06,20,ACK,14
6.8587e+06,16,CTL,20
6.85878e+06,8,RTS,20
6.85878e+06,7,RTS,20
6.85888e+06,14,RTS,20
6.85888e+06,18,RTS,20
6.85898e+06,7,RTS,20
6.85904e+06,20,CTS,14
6.8591e+06,7,QOSDATA_TID6,1066
6.85929e+06,20,ACK,14
6.85933e+06,7,CTL,20
6.85943e+06,12,RTS,20
6.85943e+06,13,RTS,20
6.85943e+06,11,RTS,20
6.85943e+06,15,RTS,20
6.8595e+06,20,CTS,14
6.85956e+06,12,QOSDATA_TID6,1066
6.85974e+06,20,ACK,14
6.85978e+06,12,CTL,20
6.85987e+06,3,RTS,20
6.85994e+06,20,CTS,14
6.86e+06,3,QOSDATA_TID6,1066
6.86018e+06,20,ACK,14
6.86023e+06,3,CTL,20
6.86031e+06,5,RTS,20
6.86031e+06,1,RTS,20
6.86038e+06,20,CTS,14
6.86044e+06,5,QOSDATA_TID6,1066
6.86062e+06,20,ACK,14
6.86067e+06,5,CTL,20
6.86075e+06,6,RTS,20
6.86082e+06,20,CTS,14
6.86088e+06,6,QOSDATA_TID6,1066
6.86107e+06,20,ACK,14
6.86111e+06,6,CTL,20
6.8612e+06,2,RTS,20
6.8612e+06,17,RTS,20
6.8612e+06,11,RTS,20
6.86126e+06,20,CTS,14
6.86132e+06,17,QOSDATA_TID6,1066
6.86151e+06,20,ACK,14
6.86155e+06,17,CTL,20
6.86165e+06,4,RTS,20
6.86165e+06,9,RTS,20
6.86165e+06,10,RTS,20
6.86174e+06,8,RTS,20
6.86181e+06,20,CTS,14
6.86187e+06,8,QOSDATA_TID6,1066
6.86206e+06,20,ACK,14
6.8621e+06,8,QOSDATA_TID6,1066
6.86228e+06,20,ACK,14
6.86233e+06,8,CTL,20
6.86242e+06,1,RTS,20
6.86242e+06,14,RTS,20
6.86249e+06,20,CTS,14
6.86255e+06,1,QOSDATA_TID6,1066
6.86274e+06,20,ACK,14
6.86278e+06,1,CTL,20
6.86287e+06,10,RTS,20
6.86294e+06,20,CTS,14
6.863e+06,10,QOSDATA_TID6,1066
6.86318e+06,20,ACK,14
6.86322e+06,10,CTL,20
6.86332e+06,18,RTS,20
6.86332e+06,0,RTS,20
6.86332e+06,19,RTS,20
6.86332e+06,8,RTS,20
6.86332e+06,13,RTS,20
6.86342e+06,2,RTS,20
6.86348e+06,20,CTS,14
6.86354e+06,2,QOSDATA_TID6,1066
6.86373e+06,20,ACK,14
6.86377e+06,2,CTL,20
6.86386e+06,8,RTS,20
6.86386e+06,13,RTS,20
6.86393e+06,20,CTS,14
6.86399e+06,8,QOSDATA_TID6,1066
6.86417e+06,20,ACK,14
6.86421e+06,8,CTL,20
6.8643e+06,4,RTS,20
6.86437e+06,20,CTS,14
6.86443e+06,4,QOSDATA_TID6,1066
6.86461e+06,20,ACK,14
6.86466e+06,4,CTL,20
6.86474e+06,11,RTS,20
6.86474e+06,15,RTS,20
6.86474e+06,0,CTS,14
6.86474e+06,14,RTS,20
6.86485e+06,0,RTS,20
6.86491e+06,20,CTS,14
6.86497e+06,0,QOSDATA_TID6,1066
6.86516e+06,20,ACK,14
6.8652e+06,0,QOSDATA_TID6,1066
6.86539e+06,20,ACK,14
6.86543e+06,0,CTL,20
6.86552e+06,14,RTS,20
6.86552e+06,7,RTS,20
6.86558e+06,20,CTS,14
6.86564e+06,7,QOSDATA_TID6,1066
6.86583e+06,20,ACK,14
6.86587e+06,7,CTL,20
6.86596e+06,18,RTS,20
6.86603e+06,20,CTS,14
6.86609e+06,18,QOSDATA_TID6,1066
6.86627e+06,20,ACK,14
6.86631e+06,18,QOSDATA_TID6,1066
6.8665e+06,20,ACK,14
6.86654e+06,18,CTL,20
6.86663e+06,3,RTS,20
6.8667e+06,20,CTS,14
6.86676e+06,3,QOSDATA_TID6,1066
6.86694e+06,20,ACK,14
6.86698e+06,3,CTL,20
6.86707e+06,9,RTS,20
6.86707e+06,6,RTS,20
6.86707e+06,14,RTS,20
6.86707e+06,15,RTS,20
6.86707e+06,13,RTS,20
6.86717e+06,19,RTS,20
6.86724e+06,20,CTS,14
6.8673e+06,19,QOSDATA_TID6,1066
6.86748e+06,20,ACK,14
6.86752e+06,19,QOSDATA_TID6,1066
6.86771e+06,20,ACK,14
6.86775e+06,19,QOSDATA_TID6,1066
6.86794e+06,20,ACK,14
6.86798e+06,19,CTL,20
6.86807e+06,1,RTS,20
6.86807e+06,16,RTS,20
6.86813e+06,20,CTS,14
6.86819e+06,1,QOSDATA_TID6,1066
6.86838e+06,20,ACK,14
6.86842e+06,1,CTL,20
6.86851e+06,5,RTS,20
6.86851e+06,14,RTS,20
6.86858e+06,20,CTS,14
6.86864e+06,5,QOSDATA_TID6,1066
6.86882e+06,20,ACK,14
6.86886e+06,5,CTL,20
6.86896e+06,12,RTS,20
6.86896e+06,13,RTS,20
6.86903e+06,20,CTS,14
6.86909e+06,12,QOSDATA_TID6,1066
6.86927e+06,20,ACK,14
6.86932e+06,12,CTL,20
6.86942e+06,17,RTS,20
6.86942e+06,11,RTS,20
6.86942e+06,13,RTS,20
6.86942e+06,2,RTS,20
6.86942e+06,10,RTS,20
6.86954e+06,15,RTS,20
6.8696e+06,20,CTS,14
6.86966e+06,15,QOSDATA_TID6,1066
6.86985e+06,20,ACK,14
6.86989e+06,15,QOSDATA_TID6,1066
6.87008e+06,20,ACK,14
6.87012e+06,15,QOSDATA_TID6,1066
6.8703e+06,20,ACK,14
6.87035e+06,15,CTL,20
6.87043e+06,14,RTS,20
6.87043e+06,13,RTS,20
6.87053e+06,2,RTS,20
6.8706e+06,20,CTS,14
6.87066e+06,2,QOSDATA_TID6,1066
6.87084e+06,20,ACK,14
6.87089e+06,2,CTL,20
6.87097e+06,8,RTS,20
6.87097e+06,17,RTS,20
6.87107e+06,9,RTS,20
6.87114e+06,20,CTS,14
6.8712e+06,9,QOSDATA_TID6,1066
6.87138e+06,20,ACK,14
6.87143e+06,9,QOSDATA_TID6,1066
6.87161e+06,20,ACK,14
6.87166e+06,9,QOSDATA_TID6,1066
6.87184e+06,20,ACK,14
6.87188e+06,9,CTL,20
6.87197e+06,10,RTS,20
6.87197e+06,6,RTS,20
6.87204e+06,20,CTS,14
6.8721e+06,6,QOSDATA_TID6,1066
6.87228e+06,20,ACK,14
6.87233e+06,6,CTL,20
6.87242e+06,18,RTS,20
6.87249e+06,20,CTS,14
6.87255e+06,18,QOSDATA_TID6,1066
6.87273e+06,20,ACK,14
6.87278e+06,18,CTL,20
6.87286e+06,8,RTS,20
6.87286e+06,14,RTS,20
6.87286e+06,4,RTS,20
6.87293e+06,20,CTS,14
6.87299e+06,8,QOSDATA_TID6,1066
6.87318e+06,20,ACK,14
6.87322e+06,8,CTL,20
6.87331e+06,14,RTS,20
6.87338e+06,20,CTS,14
6.87344e+06,14,QOSDATA_TID6,1066
6.87363e+06,20,ACK,14
6.87367e+06,14,QOSDATA_TID6,1066
6.87385e+06,20,ACK,14
6.8739e+06,14,CTL,20
6.87398e+06,0,RTS,20
6.87398e+06,10,RTS,20
6.87405e+06,20,CTS,14
6.87411e+06,0,QOSDATA_TID6,1066
6.8743e+06,20,ACK,14
6.87434e+06,0,CTL,20
6.87443e+06,10,RTS,20
6.87443e+06,12,RTS,20
6.87443e+06,11,RTS,20
6.87449e+06,20,CTS,14
6.87455e+06,12,QOSDATA_TID6,1066
6.87474e+06,20,ACK,14
6.87478e+06,12,CTL,20
6.87487e+06,10,RTS,20
6.87494e+06,20,CTS,14
6.875e+06,10,QOSDATA_TID6,1066
6.87518e+06,20,ACK,14
6.87522e+06,10,CTL,20
6.87531e+06,16,RTS,20
6.87531e+06,4,RTS,20
6.87541e+06,7,RTS,20
6.87541e+06,9,RTS,20
6.87548e+06,20,CTS,14
6.87554e+06,7,QOSDATA_TID6,1066
6.87572e+06,20,ACK,14
6.87576e+06,7,CTL,20
6.87585e+06,6,RTS,20
6.87592e+06,20,CTS,14
6.87598e+06,6,QOSDATA_TID6,1066
6.87616e+06,20,ACK,14
6.87621e+06,6,CTL,20
6.87629e+06,5,RTS,20
6.87629e+06,17,RTS,20
6.87629e+06,3,RTS,20
6.87629e+06,1,RTS,20
6.87629e+06,13,RTS,20
6.8764e+06,4,RTS,20
6.87647e+06,20,CTS,14
6.87653e+06,4,QOSDATA_TID6,1066
6.87671e+06,20,ACK,14
6.87676e+06,4,CTL,20
6.87683e+06,20,BEACON,152
6.87709e+06,19,RTS,20
6.87716e+06,20,CTS,14
6.87722e+06,19,QOSDATA_TID6,1066
6.87741e+06,20,ACK,14
6.87745e+06,19,CTL,20
6.87754e+06,11,RTS,20
6.87754e+06,2,RTS,20
6.87754e+06,3,RTS,20
6.87754e+06,10,RTS,20
6.87754e+06,15,RTS,20
6.87764e+06,17,RTS,20
6.87771e+06,20,CTS,14
6.87777e+06,17,QOSDATA_TID6,1066
6.87796e+06,20,ACK,14
6.878e+06,17,QOSDATA_TID6,1066
6.87818e+06,20,ACK,14
6.87823e+06,17,CTL,20
6.87831e+06,18,RTS,20
6.87838e+06,20,CTS,14
6.87844e+06,18,QOSDATA_TID6,1066
6.87863e+06,20,ACK,14
6.87867e+06,18,CTL,20
6.87876e+06,3,RTS,20
6.87876e+06,8,RTS,20
6.87876e+06,1,RTS,20
6.87876e+06,16,RTS,20
6.87876e+06,4,RTS,20
6.87886e+06,13,RTS,20
6.87886e+06,15,RTS,20
6.87897e+06,5,RTS,20
6.87904e+06,20,CTS,14
6.8791e+06,5,QOSDATA_TID6,1066
6.87928e+06,20,ACK,14
6.87933e+06,5,CTL,20
6.87941e+06,1,RTS,20
6.87941e+06,3,RTS,20
6.87941e+06,11,RTS,20
6.87951e+06,15,RTS,20
6.87951e+06,14,RTS,20
6.87961e+06,1,RTS,20
6.87968e+06,20,CTS,14
6.87974e+06,1,QOSDATA_TID6,1066
6.87992e+06,20,ACK,14
6.87996e+06,1,CTL,20
6.88005e+06,8,RTS,20
6.88005e+06,10,RTS,20
6.88012e+06,20,CTS,14
6.88018e+06,8,QOSDATA_TID6,1066
6.88036e+06,20,ACK,14
6.88041e+06,8,CTL,20
6.8805e+06,2,RTS,20
6.8805e+06,9,RTS,20
6.8805e+06,14,RTS,20
6.8806e+06,10,RTS,20
6.88067e+06,20,CTS,14
6.88073e+06,10,QOSDATA_TID6,1066
6.88091e+06,20,ACK,14
6.88096e+06,10,CTL,20
6.88104e+06,16,RTS,20
6.88104e+06,4,RTS,20
6.88114e+06,9,RTS,20
6.88121e+06,20,CTS,14
6.88127e+06,9,QOSDATA_TID6,1066
6.88145e+06,20,ACK,14
6.8815e+06,9,CTL,20
6.88158e+06,3,RTS,20
6.88158e+06,16,RTS,20
6.88158e+06,15,RTS,20
6.8817e+06,0,RTS,20
6.88176e+06,20,CTS,14
6.88182e+06,0,QOSDATA_TID6,1066
6.88201e+06,20,ACK,14
6.88205e+06,0,CTL,20
6.88214e+06,7,RTS,20
6.88221e+06,20,CTS,14
6.88227e+06,7,QOSDATA_TID6,1066
6.88245e+06,20,ACK,14
6.8825e+06,7,CTL,20
6.88258e+06,12,RTS,20
6.88258e+06,11,RTS,20
6.88265e+06,20,CTS,14
6.88271e+06,12,QOSDATA_TID6,1066
6.88289e+06,20,ACK,14
6.88294e+06,12,CTL,20
6.88302e+06,19,RTS,20
6.88302e+06,9,RTS,20
6.88309e+06,20,CTS,14
6.88315e+06,19,QOSDATA_TID6,1066
6.88334e+06,20,ACK,14
6.88338e+06,19,CTL,20
6.88346e+06,17,RTS,20
6.88346e+06,6,RTS,20
6.88353e+06,20,CTS,14
6.88359e+06,17,QOSDATA_TID6,1066
6.88378e+06,20,ACK,14
6.88382e+06,17,CTL,20
6.88391e+06,2,RTS,20
6.88391e+06,13,RTS,20
6.88401e+06,14,RTS,20
6.88408e+06,20,CTS,14
6.88414e+06,14,QOSDATA_TID6,1066
6.88433e+06,20,ACK,14
6.88437e+06,14,CTL,20
6.88446e+06,5,RTS,20
6.88452e+06,20,CTS,14
6.88458e+06,5,QOSDATA_TID6,1066
6.88477e+06,20,ACK,14
6.88481e+06,5,CTL,20
6.8849e+06,1,RTS,20
6.8849e+06,11,RTS,20
6.8849e+06,15,RTS,20
6.8849e+06,13,RTS,20
6.885e+06,9,RTS,20
6.88506e+06,20,CTS,14
6.88512e+06,9,QOSDATA_TID6,1066
6.88531e+06,20,ACK,14
6.88535e+06,9,CTL,20
6.88544e+06,10,RTS,20
6.88551e+06,20,CTS,14
6.88557e+06,10,QOSDATA_TID6,1066
6.88575e+06,20,ACK,14
6.88579e+06,10,CTL,20
6.88588e+06,3,RTS,20
6.88595e+06,20,CTS,14
6.88601e+06,3,QOSDATA_TID6,1066
6.88619e+06,20,ACK,14
6.88624e+06,3,QOSDATA_TID6,1066
6.88642e+06,20,ACK,14
6.88646e+06,3,CTL,20
6.88655e+06,16,RTS,20
6.88655e+06,13,RTS,20
6.88666e+06,2,RTS,20
6.88666e+06,18,RTS,20
6.88677e+06,15,RTS,20
6.88677e+06,16,RTS,20
6.88677e+06,11,RTS,20
6.88687e+06,4,RTS,20
6.88694e+06,20,CTS,14
6.887e+06,4,QOSDATA_TID6,1066
6.88718e+06,20,ACK,14
6.88723e+06,4,QOSDATA_TID6,1066
6.88741e+06,20,ACK,14
6.88746e+06,4,CTL,20
6.88756e+06,11,RTS,20
6.88756e+06,8,RTS,20
6.88756e+06,14,RTS,20
6.88763e+06,20,CTS,14
6.88769e+06,8,QOSDATA_TID6,1066
6.88787e+06,20,ACK,14
6.88792e+06,8,CTL,20
6.88801e+06,18,RTS,20
6.88808e+06,20,CTS,14
6.88814e+06,18,QOSDATA_TID6,1066
6.88832e+06,20,ACK,14
6.88837e+06,18,CTL,20
6.88846e+06,6,RTS,20
6.88846e+06,1,RTS,20
6.88859e+06,2,RTS,20
6.88866e+06,20,CTS,14
6.88872e+06,2,QOSDATA_TID6,1066
6.8889e+06,20,ACK,14
6.88894e+06,2,QOSDATA_TID6,1066
6.88913e+06,20,ACK,14
6.88917e+06,2,CTL,20
6.88926e+06,0,RTS,20
6.88932e+06,20,CTS,14
6.88938e+06,0,QOSDATA_TID6,1066
6.88957e+06,20,ACK,14
6.88961e+06,0,CTL,20
6.8897e+06,13,RTS,20
6.88977e+06,20,CTS,14
6.88983e+06,13,QOSDATA_TID6,1066
6.89001e+06,20,ACK,14
6.89006e+06,13,QOSDATA_TID6,1066
6.89024e+06,20,ACK,14
6.89028e+06,13,QOSDATA_TID6,1066
6.89047e+06,20,ACK,14
6.89051e+06,13,QOSDATA_TID6,1066
6.8907e+06,20,ACK,14
6.89074e+06,13,CTL,20
6.89082e+06,7,RTS,20
6.89082e+06,12,RTS,20
6.89082e+06,16,RTS,20
6.89092e+06,3,RTS,20
6.89092e+06,14,RTS,20
6.89103e+06,16,RTS,20
6.89103e+06,11,RTS,20
6.89114e+06,19,RTS,20
6.89114e+06,9,RTS,20
6.89114e+06,15,RTS,20
6.89126e+06,7,RTS,20
6.89132e+06,20,CTS,14
6.89138e+06,7,QOSDATA_TID6,1066
6.89157e+06,20,ACK,14
6.89161e+06,7,CTL,20
6.8917e+06,9,RTS,20
6.89177e+06,20,CTS,14
6.89183e+06,9,QOSDATA_TID6,1066
6.89201e+06,20,ACK,14
6.89206e+06,9,CTL,20
6.89214e+06,17,RTS,20
6.89221e+06,20,CTS,14
6.89227e+06,17,QOSDATA_TID6,1066
6.89245e+06,20,ACK,14
6.8925e+06,17,CTL,20
6.89258e+06,12,RTS,20
6.89258e+06,16,RTS,20
6.89265e+06,20,CTS,14
6.89271e+06,12,QOSDATA_TID6,1066
6.8929e+06,20,ACK,14
6.89294e+06,12,CTL,20
6.89302e+06,16,RTS,20
6.89302e+06,3,RTS,20
6.89302e+06,10,RTS,20
6.89313e+06,5,RTS,20
6.89313e+06,15,RTS,20
6.8932e+06,20,CTS,14
6.89326e+06,5,QOSDATA_TID6,1066
6.89344e+06,20,ACK,14
6.89349e+06,5,CTL,20
6.89358e+06,1,RTS,20
6.89358e+06,11,RTS,20
6.89365e+06,20,CTS,14
6.89371e+06,1,QOSDATA_TID6,1066
6.8939e+06,20,ACK,14
6.89394e+06,1,QOSDATA_TID6,1066
6.89412e+06,20,ACK,14
6.89417e+06,1,CTL,20
6.89425e+06,11,RTS,20
6.89425e+06,15,RTS,20
6.89425e+06,10,RTS,20
6.89425e+06,14,RTS,20
6.89436e+06,6,RTS,20
6.89443e+06,20,CTS,14
6.89449e+06,6,QOSDATA_TID6,1066
6.89467e+06,20,ACK,14
6.89472e+06,6,QOSDATA_TID6,1066
6.8949e+06,20,ACK,14
6.89494e+06,6,CTL,20
6.89503e+06,14,RTS,20
6.89503e+06,18,RTS,20
6.89513e+06,8,RTS,20
6.8952e+06,20,CTS,14
6.89526e+06,8,QOSDATA_TID6,1066
6.89544e+06,20,ACK,14
6.89548e+06,8,CTL,20
6.89557e+06,4,RTS,20
6.89564e+06,20,CTS,14
6.8957e+06,4,QOSDATA_TID6,1066
6.89588e+06,20,ACK,14
6.89593e+06,4,CTL,20
6.89602e+06,19,RTS,20
6.89602e+06,2,RTS,20
6.89616e+06,15,RTS,20
6.89616e+06,14,RTS,20
6.89625e+06,2,RTS,20
6.89632e+06,20,CTS,14
6.89638e+06,2,QOSDATA_TID6,1066
6.89657e+06,20,ACK,14
6.89661e+06,2,CTL,20
6.8967e+06,15,RTS,20
6.89676e+06,20,CTS,14
6.89682e+06,15,QOSDATA_TID6,1066
6.89701e+06,20,ACK,14
6.89705e+06,15,QOSDATA_TID6,1066
6.89724e+06,20,ACK,14
6.89728e+06,15,CTL,20
6.89737e+06,19,RTS,20
6.89737e+06,11,RTS,20
6.89746e+06,7,RTS,20
6.89746e+06,14,RTS,20
6.89753e+06,20,CTS,14
6.89759e+06,7,QOSDATA_TID6,1066
6.89778e+06,20,ACK,14
6.89782e+06,7,CTL,20
6.89791e+06,13,RTS,20
6.89791e+06,11,RTS,20
6.898e+06,0,RTS,20
6.89807e+06,20,CTS,14
6.89813e+06,0,QOSDATA_TID6,1066
6.89832e+06,20,ACK,14
6.89836e+06,0,CTL,20
6.89845e+06,10,RTS,20
6.89845e+06,13,RTS,20
6.89858e+06,19,RTS,20
6.89865e+06,20,CTS,14
6.89871e+06,19,QOSDATA_TID6,1066
6.89889e+06,20,ACK,14
6.89894e+06,19,CTL,20
6.89902e+06,19,RTS,20
6.89909e+06,20,CTS,14
6.89915e+06,19,QOSDATA_TID6,1066
6.89933e+06,20,ACK,14
6.89938e+06,19,CTL,20
6.89946e+06,16,RTS,20
6.89953e+06,20,CTS,14
6.89959e+06,16,QOSDATA_TID6,1066
6.89978e+06,20,ACK,14
6.89982e+06,16,QOSDATA_TID6,1066
6.9e+06,20,ACK,14
6.90005e+06,16,QOSDATA_TID6,1066
6.90023e+06,20,ACK,14
6.90028e+06,16,QOSDATA_TID6,1066
6.90046e+06,20,ACK,14
6.9005e+06,16,CTL,20
6.90059e+06,17,RTS,20
6.90059e+06,3,RTS,20
6.90059e+06,9,RTS,20
6.90059e+06,14,RTS,20
6.90066e+06,20,CTS,14
6.90072e+06,17,QOSDATA_TID6,1066
6.9009e+06,20,ACK,14
6.90095e+06,17,CTL,20
6.90103e+06,14,RTS,20
6.9011e+06,20,CTS,14
6.90116e+06,14,QOSDATA_TID6,1066
6.90134e+06,20,ACK,14
6.90139e+06,14,CTL,20
6.90147e+06,15,RTS,20
6.90147e+06,6,RTS,20
6.90147e+06,13,RTS,20
6.90147e+06,18,RTS,20
6.90147e+06,12,RTS,20
6.90147e+06,1,RTS,20
6.90147e+06,4,RTS,20
6.90159e+06,5,RTS,20
6.90159e+06,2,RTS,20
6.90166e+06,20,CTS,14
6.90172e+06,5,QOSDATA_TID6,1066
6.9019e+06,20,ACK,14
6.90195e+06,5,CTL,20
6.90204e+06,1,RTS,20
6.90204e+06,18,RTS,20
6.90211e+06,20,CTS,14
6.90217e+06,1,QOSDATA_TID6,1066
6.90235e+06,20,ACK,14
6.9024e+06,1,CTL,20
6.9025e+06,15,RTS,20
6.9025e+06,10,RTS,20
6.90257e+06,20,CTS,14
6.90263e+06,15,QOSDATA_TID6,1066
6.90281e+06,20,ACK,14
6.90286e+06,15,CTL,20
6.90294e+06,4,RTS,20
6.90301e+06,20,CTS,14
6.90307e+06,4,QOSDATA_TID6,1066
6.90326e+06,20,ACK,14
6.9033e+06,4,CTL,20
6.90339e+06,11,RTS,20
6.90345e+06,20,CTS,14
6.90351e+06,11,QOSDATA_TID6,1066
6.9037e+06,20,ACK,14
6.90374e+06,11,QOSDATA_TID6,1066
6.90393e+06,20,ACK,14
6.90397e+06,11,QOSDATA_TID6,1066
6.90415e+06,20,ACK,14
6.9042e+06,11,QOSDATA_TID6,1066
6.90438e+06,20,ACK,14
6.90443e+06,11,QOSDATA_TID6,1066
6.90461e+06,20,ACK,14
6.90465e+06,11,CTL,20
6.90475e+06,16,RTS,20
6.90475e+06,8,RTS,20
6.90475e+06,6,RTS,20
6.90475e+06,14,RTS,20
6.90487e+06,2,RTS,20
6.90487e+06,9,RTS,20
6.90494e+06,20,CTS,14
6.905e+06,2,QOSDATA_TID6,1066
6.90519e+06,20,ACK,14
6.90523e+06,2,CTL,20
6.90532e+06,10,RTS,20
6.90532e+06,6,RTS,20
6.90532e+06,14,RTS,20
6.90532e+06,13,RTS,20
6.90546e+06,12,RTS,20
6.90546e+06,16,RTS,20
6.90553e+06,20,CTS,14
6.90559e+06,12,QOSDATA_TID6,1066
6.90577e+06,20,ACK,14
6.90582e+06,12,CTL,20
6.90591e+06,13,RTS,20
6.90598e+06,20,CTS,14
6.90604e+06,13,QOSDATA_TID6,1066
6.90622e+06,20,ACK,14
6.90627e+06,13,QOSDATA_TID6,1066
6.90645e+06,20,ACK,14
6.90649e+06,13,CTL,20
6.90658e+06,7,RTS,20
6.90658e+06,0,RTS,20
6.9067e+06,3,RTS,20
6.9067e+06,9,RTS,20
6.90679e+06,11,RTS,20
6.90686e+06,20,CTS,14
6.90692e+06,11,QOSDATA_TID6,1066
6.90711e+06,20,ACK,14
6.90715e+06,11,CTL,20
6.90724e+06,9,RTS,20
6.90724e+06,0,RTS,20
6.90724e+06,18,RTS,20
6.90724e+06,10,RTS,20
6.90733e+06,19,RTS,20
6.90733e+06,17,RTS,20
6.90733e+06,16,RTS,20
6.9074e+06,20,CTS,14
6.90746e+06,17,QOSDATA_TID6,1066
6.90765e+06,20,ACK,14
6.90769e+06,17,CTL,20
6.90778e+06,8,RTS,20
6.90778e+06,1,RTS,20
6.90778e+06,12,RTS,20
6.90778e+06,16,RTS,20
6.90778e+06,3,RTS,20
6.9079e+06,14,RTS,20
6.90797e+06,20,CTS,14
6.90803e+06,14,QOSDATA_TID6,1066
6.90821e+06,20,ACK,14
6.90826e+06,14,CTL,20
6.90834e+06,6,RTS,20
6.90841e+06,20,CTS,14
6.90847e+06,6,QOSDATA_TID6,1066
6.90866e+06,20,ACK,14
6.9087e+06,6,QOSDATA_TID6,1066
6.90888e+06,20,ACK,14
6.90893e+06,6,CTL,20
6.90901e+06,0,CTS,14
6.90901e+06,2,RTS,20
6.90901e+06,5,RTS,20
6.90901e+06,16,RTS,20
6.90913e+06,0,RTS,20
6.90919e+06,20,CTS,14
6.90925e+06,0,QOSDATA_TID6,1066
6.90944e+06,20,ACK,14
6.90948e+06,0,CTL,20
6.90957e+06,10,RTS,20
6.90957e+06,12,RTS,20
6.90957e+06,7,RTS,20
6.90957e+06,19,RTS,20
6.90957e+06,16,RTS,20
6.90967e+06,2,RTS,20
6.90974e+06,20,CTS,14
6.9098e+06,2,QOSDATA_TID6,1066
6.90998e+06,20,ACK,14
6.91002e+06,2,CTL,20
6.91011e+06,3,RTS,20
6.91011e+06,5,RTS,20
6.91011e+06,19,RTS,20
6.91011e+06,15,RTS,20
6.91018e+06,20,CTS,14
6.91024e+06,5,QOSDATA_TID6,1066
6.91042e+06,20,ACK,14
6.91046e+06,5,CTL,20
6.91055e+06,8,RTS,20
6.91055e+06,19,RTS,20
6.91055e+06,18,RTS,20
6.91066e+06,4,RTS,20
6.91073e+06,20,CTS,14
6.91079e+06,4,QOSDATA_TID6,1066
6.91097e+06,20,ACK,14
6.91101e+06,4,CTL,20
6.9111e+06,7,RTS,20
6.9111e+06,3,RTS,20
6.9111e+06,9,RTS,20
6.91117e+06,20,CTS,14
6.91123e+06,7,QOSDATA_TID6,1066
6.91141e+06,20,ACK,14
6.91146e+06,7,CTL,20
6.91154e+06,1,RTS,20
6.91161e+06,20,CTS,14
6.91167e+06,1,QOSDATA_TID6,1066
6.91185e+06,20,ACK,14
6.9119e+06,1,CTL,20
6.91198e+06,12,RTS,20
6.91205e+06,20,CTS,14
6.91211e+06,12,QOSDATA_TID6,1066
6.9123e+06,20,ACK,14
6.91234e+06,12,CTL,20
6.91243e+06,8,RTS,20
6.91243e+06,16,RTS,20
6.91243e+06,15,RTS,20
6.91243e+06,14,RTS,20
6.91243e+06,10,RTS,20
6.91253e+06,3,RTS,20
6.9126e+06,20,CTS,14
6.91266e+06,3,QOSDATA_TID6,1066
6.91284e+06,20,ACK,14
6.91289e+06,3,QOSDATA_TID6,1066
6.91307e+06,20,ACK,14
6.91312e+06,3,CTL,20
6.9132e+06,10,RTS,20
6.91327e+06,20,CTS,14
6.91333e+06,10,QOSDATA_TID6,1066
6.91352e+06,20,ACK,14
6.91356e+06,10,QOSDATA_TID6,1066
6.91374e+06,20,ACK,14
6.91379e+06,10,CTL,20
6.91387e+06,7,RTS,20
6.91387e+06,16,RTS,20
6.91394e+06,20,CTS,14
6.914e+06,7,QOSDATA_TID6,1066
6.91418e+06,20,ACK,14
6.91423e+06,7,CTL,20
6.91432e+06,16,RTS,20
6.91432e+06,18,RTS,20
6.91444e+06,15,RTS,20
6.91451e+06,20,CTS,14
6.91457e+06,15,QOSDATA_TID6,1066
6.91475e+06,20,ACK,14
6.9148e+06,15,CTL,20
6.91488e+06,11,RTS,20
6.91495e+06,20,CTS,14
6.91501e+06,11,QOSDATA_TID6,1066
6.91519e+06,20,ACK,14
6.91524e+06,11,CTL,20
6.91532e+06,16,RTS,20
6.91532e+06,12,RTS,20
6.91532e+06,3,RTS,20
6.91532e+06,9,RTS,20
6.91539e+06,20,CTS,14
6.91545e+06,12,QOSDATA_TID6,1066
6.91564e+06,20,ACK,14
6.91568e+06,12,CTL,20
6.91577e+06,0,RTS,20
6.91577e+06,6,RTS,20
6.91586e+06,17,RTS,20
6.91586e+06,16,RTS,20
6.91593e+06,20,CTS,14
6.91599e+06,17,QOSDATA_TID6,1066
6.91618e+06,20,ACK,14
6.91622e+06,17,CTL,20
6.91631e+06,5,RTS,20
6.91631e+06,13,RTS,20
6.91637e+06,20,CTS,14
6.91643e+06,5,QOSDATA_TID6,1066
6.91662e+06,20,ACK,14
6.91666e+06,5,CTL,20
6.91676e+06,8,RTS,20
6.91676e+06,1,RTS,20
6.91676e+06,19,RTS,20
6.91676e+06,3,RTS,20
6.91676e+06,0,RTS,20
6.91676e+06,9,RTS,20
6.91676e+06,10,RTS,20
6.91676e+06,13,RTS,20
6.91686e+06,14,RTS,20
6.91686e+06,4,RTS,20
6.91696e+06,2,RTS,20
6.91703e+06,20,CTS,14
6.91709e+06,2,QOSDATA_TID6,1066
6.91727e+06,20,ACK,14
6.91732e+06,2,CTL,20
6.91741e+06,0,CTS,14
6.91749e+06,0,RTS,20
6.91756e+06,20,CTS,14
6.91762e+06,0,QOSDATA_TID6,1066
6.9178e+06,20,ACK,14
6.91785e+06,0,CTL,20
6.91793e+06,10,RTS,20
6.91793e+06,15,RTS,20
6.918e+06,20,CTS,14
6.91806e+06,15,QOSDATA_TID6,1066
6.91825e+06,20,ACK,14
6.91829e+06,15,CTL,20
6.91838e+06,8,RTS,20
6.91838e+06,1,RTS,20
6.91847e+06,18,RTS,20
6.91847e+06,6,RTS,20
6.91857e+06,13,RTS,20
6.91864e+06,20,CTS,14
6.9187e+06,13,QOSDATA_TID6,1066
6.91888e+06,20,ACK,14
6.91893e+06,13,CTL,20
6.91901e+06,1,RTS,20
6.91901e+06,19,RTS,20
6.91911e+06,16,RTS,20
6.91918e+06,20,CTS,14
6.91924e+06,16,QOSDATA_TID6,1066
6.91942e+06,20,ACK,14
6.91947e+06,16,CTL,20
6.91955e+06,9,RTS,20
6.91962e+06,20,CTS,14
6.91968e+06,9,QOSDATA_TID6,1066
6.91987e+06,20,ACK,14
6.91991e+06,9,QOSDATA_TID6,1066
6.92009e+06,20,ACK,14
6.92014e+06,9,CTL,20
6.92022e+06,3,RTS,20
6.92022e+06,18,RTS,20
6.92022e+06,8,RTS,20
6.92022e+06,1,RTS,20
6.92022e+06,4,RTS,20
6.92022e+06,14,RTS,20
6.92035e+06,19,RTS,20
6.92042e+06,20,CTS,14
6.92048e+06,19,QOSDATA_TID6,1066
6.92066e+06,20,ACK,14
6.9207e+06,19,QOSDATA_TID6,1066
6.92089e+06,20,ACK,14
6.92093e+06,19,CTL,20
6.92102e+06,6,RTS,20
6.92109e+06,20,CTS,14
6.92115e+06,6,QOSDATA_TID6,1066
6.92133e+06,20,ACK,14
6.92138e+06,6,CTL,20
6.92146e+06,18,RTS,20
6.92146e+06,7,RTS,20
6.92146e+06,3,RTS,20
6.92156e+06,14,RTS,20
6.92163e+06,20,CTS,14
6.92169e+06,14,QOSDATA_TID6,1066
6.92187e+06,20,ACK,14
6.92192e+06,14,QOSDATA_TID6,1066
6.9221e+06,20,ACK,14
6.92214e+06,14,CTL,20
6.92224e+06,18,RTS,20
6.92224e+06,16,RTS,20
6.92224e+06,9,RTS,20
6.92235e+06,13,RTS,20
6.92242e+06,20,CTS,14
6.92248e+06,13,QOSDATA_TID6,1066
6.92267e+06,20,ACK,14
6.92271e+06,13,CTL,20
6.9228e+06,12,RTS,20
6.9228e+06,11,RTS,20
6.92286e+06,20,CTS,14
6.92292e+06,12,QOSDATA_TID6,1066
6.92311e+06,20,ACK,14
6.92315e+06,12,CTL,20
6.92325e+06,19,RTS,20
6.92325e+06,3,RTS,20
6.92332e+06,20,CTS,14
6.92338e+06,19,QOSDATA_TID6,1066
6.92356e+06,20,ACK,14
6.9236e+06,19,CTL,20
6.92371e+06,17,RTS,20
6.92371e+06,16,RTS,20
6.92371e+06,7,RTS,20
6.92371e+06,9,RTS,20
6.92371e+06,18,RTS,20
6.92371e+06,10,RTS,20
6.92371e+06,6,RTS,20
6.92385e+06,17,RTS,20
6.92385e+06,18,RTS,20
6.92392e+06,20,CTS,14
6.92398e+06,17,QOSDATA_TID6,1066
6.92416e+06,20,ACK,14
6.9242e+06,17,CTL,20
6.92429e+06,5,RTS,20
6.92436e+06,20,CTS,14
6.92442e+06,5,QOSDATA_TID6,1066
6.9246e+06,20,ACK,14
6.92464e+06,5,CTL,20
6.92474e+06,2,RTS,20
6.92474e+06,18,RTS,20
6.92474e+06,9,RTS,20
6.92484e+06,8,RTS,20
6.92484e+06,4,RTS,20
6.92491e+06,20,CTS,14
6.92497e+06,8,QOSDATA_TID6,1066
6.92515e+06,20,ACK,14
6.9252e+06,8,QOSDATA_TID6,1066
6.92538e+06,20,ACK,14
6.92542e+06,8,CTL,20
6.92552e+06,1,RTS,20
6.92552e+06,16,RTS,20
6.92552e+06,4,RTS,20
6.92552e+06,18,RTS,20
6.92552e+06,15,RTS,20
6.92562e+06,7,RTS,20
6.92569e+06,20,CTS,14
6.92575e+06,7,QOSDATA_TID6,1066
6.92594e+06,20,ACK,14
6.92598e+06,7,CTL,20
6.92607e+06,11,RTS,20
6.92614e+06,20,CTS,14
6.9262e+06,11,QOSDATA_TID6,1066
6.92638e+06,20,ACK,14
6.92642e+06,11,CTL,20
6.92651e+06,16,RTS,20
6.92651e+06,15,RTS,20
6.92651e+06,6,RTS,20
6.92662e+06,2,RTS,20
6.92662e+06,3,RTS,20
6.92668e+06,20,CTS,14
6.92674e+06,2,QOSDATA_TID6,1066
6.92693e+06,20,ACK,14
6.92697e+06,2,CTL,20
6.92707e+06,0,RTS,20
6.92707e+06,8,RTS,20
6.92707e+06,6,RTS,20
6.92707e+06,15,RTS,20
6.92716e+06,14,RTS,20
6.92716e+06,18,RTS,20
6.92716e+06,9,RTS,20
6.92728e+06,8,RTS,20
6.92728e+06,1,RTS,20
6.9274e+06,3,RTS,20
6.9274e+06,15,RTS,20
6.9274e+06,10,RTS,20
6.9274e+06,14,RTS,20
6.92753e+06,6,RTS,20
6.92753e+06,1,RTS,20
6.92753e+06,16,RTS,20
6.92753e+06,4,RTS,20
6.92763e+06,3,RTS,20
6.9277e+06,20,CTS,14
6.92776e+06,3,QOSDATA_TID6,1066
6.92794e+06,20,ACK,14
6.92799e+06,3,CTL,20
6.92809e+06,10,RTS,20
6.92816e+06,20,CTS,14
6.92822e+06,10,QOSDATA_TID6,1066
6.9284e+06,20,ACK,14
6.92845e+06,10,QOSDATA_TID6,1066
6.92863e+06,20,ACK,14
6.92868e+06,10,CTL,20
6.92876e+06,6,RTS,20
6.92883e+06,20,CTS,14
6.92889e+06,6,QOSDATA_TID6,1066
6.92908e+06,20,ACK,14
6.92912e+06,6,CTL,20
6.9292e+06,4,RTS,20
6.92927e+06,20,CTS,14
6.92933e+06,4,QOSDATA_TID6,1066
6.92952e+06,20,ACK,14
6.92956e+06,4,QOSDATA_TID6,1066
6.92974e+06,20,ACK,14
6.92979e+06,4,CTL,20
6.92988e+06,16,RTS,20
6.92988e+06,15,RTS,20
6.92988e+06,0,RTS,20
6.92988e+06,9,RTS,20
6.92988e+06,14,RTS,20
6.92988e+06,18,RTS,20
6.92998e+06,8,RTS,20
6.92998e+06,7,RTS,20
6.93008e+06,14,RTS,20
6.93015e+06,20,CTS,14
6.93021e+06,14,QOSDATA_TID6,1066
6.93039e+06,20,ACK,14
6.93044e+06,14,CTL,20
6.93053e+06,0,CTS,14
6.93053e+06,18,RTS,20
6.93053e+06,1,RTS,20
6.93067e+06,1,RTS,20
6.93067e+06,0,RTS,20
6.93078e+06,13,RTS,20
6.93085e+06,20,CTS,14
6.93091e+06,13,QOSDATA_TID6,1066
6.93109e+06,20,ACK,14
6.93113e+06,13,CTL,20
6.93122e+06,7,RTS,20
6.93122e+06,8,RTS,20
6.93122e+06,11,RTS,20
6.93133e+06,3,RTS,20
6.93133e+06,15,RTS,20
6.93133e+06,0,RTS,20
6.93133e+06,6,RTS,20
6.93143e+06,12,RTS,20
6.93143e+06,19,RTS,20
6.93143e+06,16,RTS,20
6.9315e+06,20,CTS,14
6.93156e+06,12,QOSDATA_TID6,1066
6.93175e+06,20,ACK,14
6.93179e+06,12,CTL,20
6.93189e+06,11,RTS,20
6.93189e+06,18,RTS,20
6.93189e+06,9,RTS,20
6.932e+06,19,RTS,20
6.93207e+06,20,CTS,14
6.93213e+06,19,QOSDATA_TID6,1066
6.93231e+06,20,ACK,14
6.93236e+06,19,CTL,20
6.93245e+06,9,RTS,20
6.93252e+06,20,CTS,14
6.93258e+06,9,QOSDATA_TID6,1066
6.93276e+06,20,ACK,14
6.93281e+06,9,QOSDATA_TID6,1066
6.93299e+06,20,ACK,14
6.93304e+06,9,CTL,20
6.93312e+06,5,RTS,20
6.93312e+06,4,RTS,20
6.93312e+06,15,RTS,20
6.93319e+06,20,CTS,14
6.93325e+06,5,QOSDATA_TID6,1066
6.93344e+06,20,ACK,14
6.93348e+06,5,CTL,20
6.93356e+06,7,RTS,20
6.93356e+06,10,RTS,20
6.93363e+06,20,CTS,14
6.93369e+06,7,QOSDATA_TID6,1066
6.93388e+06,20,ACK,14
6.93392e+06,7,CTL,20
6.93402e+06,17,RTS,20
6.93402e+06,18,RTS,20
6.93408e+06,20,CTS,14
6.93414e+06,17,QOSDATA_TID6,1066
6.93433e+06,20,ACK,14
6.93437e+06,17,CTL,20
6.93448e+06,1,RTS,20
6.93448e+06,3,RTS,20
6.93454e+06,20,CTS,14
6.9346e+06,1,QOSDATA_TID6,1066
6.93479e+06,20,ACK,14
6.93483e+06,1,QOSDATA_TID6,1066
6.93502e+06,20,ACK,14
6.93506e+06,1,CTL,20
6.93515e+06,14,RTS,20
6.93521e+06,20,CTS,14
6.93527e+06,14,QOSDATA_TID6,1066
6.93546e+06,20,ACK,14
6.9355e+06,14,CTL,20
6.9356e+06,15,RTS,20
6.93566e+06,20,CTS,14
6.93572e+06,15,QOSDATA_TID6,1066
6.93591e+06,20,ACK,14
6.93595e+06,15,CTL,20
6.93604e+06,0,RTS,20
6.93604e+06,2,RTS,20
6.93615e+06,18,RTS,20
6.93615e+06,11,RTS,20
6.93615e+06,4,RTS,20
6.93624e+06,16,RTS,20
6.93631e+06,20,CTS,14
6.93637e+06,16,QOSDATA_TID6,1066
6.93656e+06,20,ACK,14
6.9366e+06,16,QOSDATA_TID6,1066
6.93678e+06,20,ACK,14
6.93683e+06,16,CTL,20
6.93691e+06,2,RTS,20
6.93698e+06,20,CTS,14
6.93704e+06,2,QOSDATA_TID6,1066
6.93723e+06,20,ACK,14
6.93727e+06,2,CTL,20
6.93736e+06,3,RTS,20
6.93736e+06,8,RTS,20
6.93736e+06,6,RTS,20
6.93742e+06,20,CTS,14
6.93748e+06,8,QOSDATA_TID6,1066
6.93767e+06,20,ACK,14
6.93771e+06,8,QOSDATA_TID6,1066
6.9379e+06,20,ACK,14
6.93794e+06,8,CTL,20
6.93803e+06,7,RTS,20
6.93803e+06,10,RTS,20
6.93809e+06,20,CTS,14
6.93815e+06,7,QOSDATA_TID6,1066
6.93834e+06,20,ACK,14
6.93838e+06,7,CTL,20
6.93848e+06,9,RTS,20
6.93854e+06,20,CTS,14
6.9386e+06,9,QOSDATA_TID6,1066
6.93879e+06,20,ACK,14
6.93883e+06,9,CTL,20
6.93892e+06,10,RTS,20
6.93892e+06,18,RTS,20
6.93892e+06,13,RTS,20
6.93902e+06,19,RTS,20
6.93908e+06,20,CTS,14
6.93914e+06,19,QOSDATA_TID6,1066
6.93933e+06,20,ACK,14
6.93937e+06,19,CTL,20
6.93946e+06,12,RTS,20
6.93953e+06,20,CTS,14
6.93959e+06,12,QOSDATA_TID6,1066
6.93977e+06,20,ACK,14
6.93982e+06,12,CTL,20
6.9399e+06,11,RTS,20
6.9399e+06,6,RTS,20
6.9399e+06,3,RTS,20
6.9399e+06,18,RTS,20
6.94e+06,13,RTS,20
6.94007e+06,20,CTS,14
6.94013e+06,13,QOSDATA_TID6,1066
6.94031e+06,20,ACK,14
6.94036e+06,13,CTL,20
6.94044e+06,18,RTS,20
6.94051e+06,20,CTS,14
6.94057e+06,18,QOSDATA_TID6,1066
6.94075e+06,20,ACK,14
6.9408e+06,18,QOSDATA_TID6,1066
6.94098e+06,20,ACK,14
6.94103e+06,18,QOSDATA_TID6,1066
6.94121e+06,20,ACK,14
6.94125e+06,18,CTL,20
6.94134e+06,17,RTS,20
6.94134e+06,1,RTS,20
6.94134e+06,15,RTS,20
6.94144e+06,0,RTS,20
6.94144e+06,2,RTS,20
6.94154e+06,4,RTS,20
6.9416e+06,20,CTS,14
6.94166e+06,4,QOSDATA_TID6,1066
6.94185e+06,20,ACK,14
6.94189e+06,4,QOSDATA_TID6,1066
6.94208e+06,20,ACK,14
6.94212e+06,4,CTL,20
6.94221e+06,11,RTS,20
6.94221e+06,2,RTS,20
6.94232e+06,5,RTS,20
6.94239e+06,20,CTS,14
6.94245e+06,5,QOSDATA_TID6,1066
6.94263e+06,20,ACK,14
6.94268e+06,5,CTL,20
6.94276e+06,15,RTS,20
6.94283e+06,20,CTS,14
6.94289e+06,15,QOSDATA_TID6,1066
6.94308e+06,20,ACK,14
6.94312e+06,15,CTL,20
6.94321e+06,14,RTS,20
6.94321e+06,17,RTS,20
6.94321e+06,8,RTS,20
6.94321e+06,18,RTS,20
6.94321e+06,2,RTS,20
6.94331e+06,6,RTS,20
6.94331e+06,1,RTS,20
6.94331e+06,11,RTS,20
6.94342e+06,3,RTS,20
6.94342e+06,10,RTS,20
6.94354e+06,11,RTS,20
6.9436e+06,20,CTS,14
6.94366e+06,11,QOSDATA_TID6,1066
6.94385e+06,20,ACK,14
6.94389e+06,11,QOSDATA_TID6,1066
6.94408e+06,20,ACK,14
6.94412e+06,11,CTL,20
6.94421e+06,1,RTS,20
6.94421e+06,2,RTS,20
6.94421e+06,18,RTS,20
6.94431e+06,14,RTS,20
6.94438e+06,20,CTS,14
6.94444e+06,14,QOSDATA_TID6,1066
6.94462e+06,20,ACK,14
6.94467e+06,14,CTL,20
6.94476e+06,16,RTS,20
6.94482e+06,20,CTS,14
6.94488e+06,16,QOSDATA_TID6,1066
6.94507e+06,20,ACK,14
6.94511e+06,16,CTL,20
6.94521e+06,2,RTS,20
6.94527e+06,20,CTS,14
6.94533e+06,2,QOSDATA_TID6,1066
6.94552e+06,20,ACK,14
6.94556e+06,2,CTL,20
6.94565e+06,3,RTS,20
6.94565e+06,0,RTS,20
6.94565e+06,17,RTS,20
6.94565e+06,13,RTS,20
6.94576e+06,10,RTS,20
6.94582e+06,20,CTS,14
6.94588e+06,10,QOSDATA_TID6,1066
6.94607e+06,20,ACK,14
6.94611e+06,10,QOSDATA_TID6,1066
6.9463e+06,20,ACK,14
6.94634e+06,10,CTL,20
6.94642e+06,9,RTS,20
6.94642e+06,7,RTS,20
6.94649e+06,20,CTS,14
6.94655e+06,7,QOSDATA_TID6,1066
6.94674e+06,20,ACK,14
6.94678e+06,7,CTL,20
6.94687e+06,11,RTS,20
6.94694e+06,20,CTS,14
6.947e+06,11,QOSDATA_TID6,1066
6.94718e+06,20,ACK,14
6.94722e+06,11,CTL,20
6.94731e+06,8,RTS,20
6.94731e+06,3,RTS,20
6.94731e+06,18,RTS,20
6.94738e+06,20,CTS,14
6.94744e+06,8,QOSDATA_TID6,1066
6.94762e+06,20,ACK,14
6.94767e+06,8,CTL,20
6.94775e+06,18,RTS,20
6.94782e+06,20,CTS,14
6.94788e+06,18,QOSDATA_TID6,1066
6.94806e+06,20,ACK,14
6.94811e+06,18,CTL,20
6.94819e+06,19,RTS,20
6.94826e+06,20,CTS,14
6.94832e+06,19,QOSDATA_TID6,1066
6.94851e+06,20,ACK,14
6.94855e+06,19,CTL,20
6.94864e+06,12,RTS,20
6.94864e+06,2,RTS,20
6.94864e+06,0,RTS,20
6.94864e+06,10,RTS,20
6.94864e+06,15,RTS,20
6.94875e+06,5,RTS,20
6.94875e+06,13,RTS,20
6.94882e+06,20,CTS,14
6.94888e+06,5,QOSDATA_TID6,1066
6.94906e+06,20,ACK,14
6.94911e+06,5,CTL,20
6.94919e+06,4,RTS,20
6.94919e+06,13,RTS,20
6.94931e+06,17,RTS,20
6.94931e+06,3,RTS,20
6.94931e+06,9,RTS,20
6.94938e+06,20,CTS,14
6.94944e+06,17,QOSDATA_TID6,1066
6.94962e+06,20,ACK,14
6.94967e+06,17,QOSDATA_TID6,1066
6.94985e+06,20,ACK,14
6.94989e+06,17,CTL,20
6.94999e+06,1,RTS,20
6.94999e+06,6,RTS,20
6.95009e+06,13,RTS,20
6.95016e+06,20,CTS,14
6.95022e+06,13,QOSDATA_TID6,1066
6.9504e+06,20,ACK,14
6.95044e+06,13,CTL,20
6.95055e+06,0,RTS,20
6.95055e+06,6,RTS,20
6.95055e+06,9,RTS,20
6.95064e+06,18,RTS,20
6.95064e+06,8,RTS,20
6.95064e+06,12,RTS,20
6.95075e+06,15,RTS,20
6.95082e+06,20,CTS,14
6.95088e+06,15,QOSDATA_TID6,1066
6.95106e+06,20,ACK,14
6.95111e+06,15,CTL,20
6.9512e+06,0,RTS,20
6.9512e+06,18,RTS,20
6.9512e+06,3,RTS,20
6.9512e+06,9,RTS,20
6.95133e+06,2,RTS,20
6.9514e+06,20,CTS,14
6.95146e+06,2,QOSDATA_TID6,1066
6.95164e+06,20,ACK,14
6.95168e+06,2,CTL,20
6.95177e+06,9,RTS,20
6.95177e+06,12,RTS,20
6.95184e+06,20,CTS,14
6.9519e+06,12,QOSDATA_TID6,1066
6.95208e+06,20,ACK,14
6.95213e+06,12,CTL,20
6.95222e+06,4,RTS,20
6.95229e+06,20,CTS,14
6.95235e+06,4,QOSDATA_TID6,1066
6.95253e+06,20,ACK,14
6.95258e+06,4,CTL,20
6.95266e+06,3,RTS,20
6.95273e+06,20,CTS,14
6.95279e+06,3,QOSDATA_TID6,1066
6.95298e+06,20,ACK,14
6.95302e+06,3,QOSDATA_TID6,1066
6.9532e+06,20,ACK,14
6.95325e+06,3,CTL,20
6.95333e+06,10,RTS,20
6.95333e+06,18,RTS,20
6.95333e+06,1,RTS,20
6.95333e+06,8,RTS,20
6.95333e+06,0,RTS,20
6.95333e+06,6,RTS,20
6.95333e+06,16,RTS,20
6.95333e+06,14,RTS,20
6.95345e+06,9,RTS,20
6.95352e+06,20,CTS,14
6.95358e+06,9,QOSDATA_TID6,1066
6.95376e+06,20,ACK,14
6.9538e+06,9,QOSDATA_TID6,1066
6.95399e+06,20,ACK,14
6.95403e+06,9,CTL,20
6.95412e+06,16,RTS,20
6.95412e+06,14,RTS,20
6.95412e+06,13,RTS,20
6.95423e+06,7,RTS,20
6.95423e+06,10,RTS,20
6.9543e+06,20,CTS,14
6.95436e+06,7,QOSDATA_TID6,1066
6.95454e+06,20,ACK,14
6.95458e+06,7,CTL,20
6.95468e+06,6,RTS,20
6.95475e+06,20,CTS,14
6.95481e+06,6,QOSDATA_TID6,1066
6.95499e+06,20,ACK,14
6.95503e+06,6,QOSDATA_TID6,1066
6.95522e+06,20,ACK,14
6.95526e+06,6,QOSDATA_TID6,1066
6.95545e+06,20,ACK,14
6.95549e+06,6,CTL,20
6.95558e+06,14,RTS,20
6.95558e+06,3,RTS,20
6.95558e+06,13,RTS,20
6.95558e+06,19,RTS,20
6.95567e+06,0,RTS,20
6.95574e+06,20,CTS,14
6.9558e+06,0,QOSDATA_TID6,1066
6.95599e+06,20,ACK,14
6.95603e+06,0,QOSDATA_TID6,1066
6.95621e+06,20,ACK,14
6.95626e+06,0,QOSDATA_TID6,1066
6.95644e+06,20,ACK,14
6.95649e+06,0,QOSDATA_TID6,1066
6.95667e+06,20,ACK,14
6.95671e+06,0,CTL,20
6.9568e+06,15,RTS,20
6.9568e+06,12,RTS,20
6.95687e+06,20,CTS,14
6.95693e+06,12,QOSDATA_TID6,1066
6.95711e+06,20,ACK,14
6.95716e+06,12,CTL,20
6.95724e+06,15,RTS,20
6.95731e+06,20,CTS,14
6.95737e+06,15,QOSDATA_TID6,1066
6.95755e+06,20,ACK,14
6.9576e+06,15,CTL,20
6.95768e+06,5,RTS,20
6.95768e+06,17,RTS,20
6.95768e+06,8,RTS,20
6.95768e+06,18,RTS,20
6.95768e+06,11,RTS,20
6.95768e+06,16,RTS,20
6.95779e+06,13,RTS,20
6.95779e+06,4,RTS,20
6.95791e+06,8,RTS,20
6.95791e+06,5,RTS,20
6.95791e+06,2,RTS,20
6.95791e+06,10,RTS,20
6.958e+06,13,RTS,20
6.95807e+06,20,CTS,14
6.95813e+06,13,QOSDATA_TID6,1066
6.95832e+06,20,ACK,14
6.95836e+06,13,CTL,20
6.95846e+06,16,RTS,20
6.95846e+06,10,RTS,20
6.95857e+06,5,RTS,20
6.95864e+06,20,CTS,14
6.9587e+06,5,QOSDATA_TID6,1066
6.95888e+06,20,ACK,14
6.95893e+06,5,CTL,20
6.95902e+06,10,RTS,20
6.95909e+06,20,CTS,14
6.95915e+06,10,QOSDATA_TID6,1066
6.95934e+06,20,ACK,14
6.95938e+06,10,QOSDATA_TID6,1066
6.95956e+06,20,ACK,14
6.95961e+06,10,CTL,20
6.95969e+06,2,RTS,20
6.95969e+06,3,RTS,20
6.95969e+06,1,RTS,20
6.95969e+06,14,RTS,20
6.95969e+06,16,RTS,20
6.95987e+06,2,RTS,20
6.95994e+06,20,CTS,14
6.96e+06,2,QOSDATA_TID6,1066
6.96018e+06,20,ACK,14
6.96022e+06,2,CTL,20
6.96031e+06,1,RTS,20
6.96031e+06,14,RTS,20
6.96031e+06,16,RTS,20
6.96041e+06,3,RTS,20
6.96048e+06,20,CTS,14
6.96054e+06,3,QOSDATA_TID6,1066
6.96072e+06,20,ACK,14
6.96076e+06,3,CTL,20
6.96086e+06,17,RTS,20
6.96086e+06,11,RTS,20
6.96086e+06,14,RTS,20
6.96093e+06,20,CTS,14
6.96099e+06,17,QOSDATA_TID6,1066
6.96117e+06,20,ACK,14
6.96122e+06,17,CTL,20
6.9613e+06,0,RTS,20
6.96137e+06,20,CTS,14
6.96143e+06,0,QOSDATA_TID6,1066
6.96161e+06,20,ACK,14
6.96166e+06,0,CTL,20
6.96174e+06,18,RTS,20
6.96174e+06,9,RTS,20
6.96174e+06,11,RTS,20
6.96185e+06,19,RTS,20
6.96185e+06,13,RTS,20
6.96198e+06,4,RTS,20
6.96204e+06,20,CTS,14
6.9621e+06,4,QOSDATA_TID6,1066
6.96229e+06,20,ACK,14
6.96233e+06,4,CTL,20
6.96243e+06,16,RTS,20
6.96243e+06,11,RTS,20
6.96243e+06,7,RTS,20
6.96243e+06,1,RTS,20
6.96243e+06,12,RTS,20
6.96243e+06,19,RTS,20
6.96253e+06,13,RTS,20
6.96259e+06,20,CTS,14
6.96265e+06,13,QOSDATA_TID6,1066
6.96284e+06,20,ACK,14
6.96288e+06,13,CTL,20
6.96298e+06,7,RTS,20
6.96298e+06,14,RTS,20
6.96304e+06,20,CTS,14
6.9631e+06,7,QOSDATA_TID6,1066
6.96329e+06,20,ACK,14
6.96333e+06,7,CTL,20
6.96342e+06,3,RTS,20
6.96342e+06,9,RTS,20
6.96352e+06,17,RTS,20
6.96358e+06,20,CTS,14
6.96364e+06,17,QOSDATA_TID6,1066
6.96383e+06,20,ACK,14
6.96387e+06,17,CTL,20
6.96396e+06,1,RTS,20
6.96396e+06,16,RTS,20
6.96396e+06,9,RTS,20
6.96406e+06,6,RTS,20
6.96412e+06,20,CTS,14
6.96418e+06,6,QOSDATA_TID6,1066
6.96437e+06,20,ACK,14
6.96441e+06,6,CTL,20
6.96451e+06,18,RTS,20
6.96451e+06,8,RTS,20
6.96451e+06,9,RTS,20
6.96458e+06,20,CTS,14
6.96464e+06,8,QOSDATA_TID6,1066
6.96482e+06,20,ACK,14
6.96486e+06,8,QOSDATA_TID6,1066
6.96505e+06,20,ACK,14
6.96509e+06,8,CTL,20
6.96518e+06,2,RTS,20
6.96518e+06,4,RTS,20
6.96518e+06,14,RTS,20
6.96528e+06,12,RTS,20
6.96535e+06,20,CTS,14
6.96541e+06,12,QOSDATA_TID6,1066
6.9656e+06,20,ACK,14
6.96564e+06,12,CTL,20
6.96574e+06,19,RTS,20
6.9658e+06,20,CTS,14
6.96586e+06,19,QOSDATA_TID6,1066
6.96605e+06,20,ACK,14
6.96609e+06,19,QOSDATA_TID6,1066
6.96628e+06,20,ACK,14
6.96632e+06,19,CTL,20
6.96641e+06,5,RTS,20
6.96641e+06,16,RTS,20
6.96641e+06,10,RTS,20
6.96647e+06,20,CTS,14
6.96653e+06,5,QOSDATA_TID6,1066
6.96672e+06,20,ACK,14
6.96676e+06,5,CTL,20
6.96685e+06,10,RTS,20
6.96685e+06,15,RTS,20
6.96685e+06,14,RTS,20
6.96695e+06,1,RTS,20
6.96695e+06,11,RTS,20
6.96701e+06,20,CTS,14
6.96707e+06,1,QOSDATA_TID6,1066
6.96726e+06,20,ACK,14
6.9673e+06,1,QOSDATA_TID6,1066
6.96749e+06,20,ACK,14
6.96753e+06,1,QOSDATA_TID6,1066
6.96771e+06,20,ACK,14
6.96776e+06,1,CTL,20
6.96785e+06,4,RTS,20
6.96785e+06,14,RTS,20
6.96795e+06,9,RTS,20
6.96802e+06,20,CTS,14
6.96808e+06,9,QOSDATA_TID6,1066
6.96826e+06,20,ACK,14
6.96831e+06,9,CTL,20
6.96839e+06,3,RTS,20
6.96846e+06,20,CTS,14
6.96852e+06,3,QOSDATA_TID6,1066
6.9687e+06,20,ACK,14
6.96875e+06,3,CTL,20
6.96884e+06,8,RTS,20
6.96891e+06,20,CTS,14
6.96897e+06,8,QOSDATA_TID6,1066
6.96916e+06,20,ACK,14
6.9692e+06,8,CTL,20
6.96929e+06,11,RTS,20
6.96929e+06,10,RTS,20
6.96939e+06,14,RTS,20
6.96946e+06,20,CTS,14
6.96952e+06,14,QOSDATA_TID6,1066
6.9697e+06,20,ACK,14
6.96975e+06,14,QOSDATA_TID6,1066
6.96993e+06,20,ACK,14
6.96998e+06,14,CTL,20
6.97006e+06,15,RTS,20
6.97006e+06,13,RTS,20
6.97016e+06,2,RTS,20
6.97016e+06,9,RTS,20
6.97023e+06,20,CTS,14
6.97029e+06,2,QOSDATA_TID6,1066
6.97047e+06,20,ACK,14
6.97052e+06,2,CTL,20
6.9706e+06,12,RTS,20
6.9706e+06,16,RTS,20
6.9706e+06,13,RTS,20
6.97067e+06,20,CTS,14
6.97073e+06,12,QOSDATA_TID6,1066
6.97092e+06,20,ACK,14
6.97096e+06,12,CTL,20
6.97105e+06,0,RTS,20
6.97105e+06,3,RTS,20
6.97105e+06,18,RTS,20
6.97114e+06,16,RTS,20
6.97121e+06,20,CTS,14
6.97127e+06,16,QOSDATA_TID6,1066
6.97146e+06,20,ACK,14
6.9715e+06,16,QOSDATA_TID6,1066
6.97168e+06,20,ACK,14
6.97173e+06,16,CTL,20
6.97181e+06,7,RTS,20
6.97181e+06,19,RTS,20
6.97181e+06,13,RTS,20
6.97192e+06,6,RTS,20
6.97199e+06,20,CTS,14
6.97205e+06,6,QOSDATA_TID6,1066
6.97223e+06,20,ACK,14
6.97228e+06,6,CTL,20
6.97236e+06,15,RTS,20
6.97236e+06,4,RTS,20
6.97243e+06,20,CTS,14
6.97249e+06,15,QOSDATA_TID6,1066
6.97268e+06,20,ACK,14
6.97272e+06,15,QOSDATA_TID6,1066
6.9729e+06,20,ACK,14
6.97295e+06,15,CTL,20
6.97303e+06,2,RTS,20
6.9731e+06,20,CTS,14
6.97316e+06,2,QOSDATA_TID6,1066
6.97334e+06,20,ACK,14
6.97339e+06,2,CTL,20
6.97348e+06,9,RTS,20
6.97348e+06,10,RTS,20
6.97348e+06,0,RTS,20
6.97348e+06,1,RTS,20
6.97358e+06,18,RTS,20
6.97358e+06,13,RTS,20
6.97369e+06,17,RTS,20
6.97376e+06,20,CTS,14
6.97382e+06,17,QOSDATA_TID6,1066
6.974e+06,20,ACK,14
6.97404e+06,17,CTL,20
6.97413e+06,5,RTS,20
6.97413e+06,9,RTS,20
6.97413e+06,13,RTS,20
6.9742e+06,20,CTS,14
6.97426e+06,5,QOSDATA_TID6,1066
6.97444e+06,20,ACK,14
6.97449e+06,5,CTL,20
6.97457e+06,11,RTS,20
6.97464e+06,20,CTS,14
6.9747e+06,11,QOSDATA_TID6,1066
6.97488e+06,20,ACK,14
6.97493e+06,11,QOSDATA_TID6,1066
6.97511e+06,20,ACK,14
6.97516e+06,11,QOSDATA_TID6,1066
6.97534e+06,20,ACK,14
6.97538e+06,11,CTL,20
6.97547e+06,7,RTS,20
6.97547e+06,3,RTS,20
6.97547e+06,0,CTS,14
6.97547e+06,18,RTS,20
6.97558e+06,0,RTS,20
6.97565e+06,20,CTS,14
6.97571e+06,0,QOSDATA_TID6,1066
6.9759e+06,20,ACK,14
6.97594e+06,0,CTL,20
6.97603e+06,7,RTS,20
6.97609e+06,20,CTS,14
6.97615e+06,7,QOSDATA_TID6,1066
6.97634e+06,20,ACK,14
6.97638e+06,7,CTL,20
6.97647e+06,1,RTS,20
6.97647e+06,8,RTS,20
6.97647e+06,16,RTS,20
6.97657e+06,19,RTS,20
6.97663e+06,20,CTS,14
6.97669e+06,19,QOSDATA_TID6,1066
6.97688e+06,20,ACK,14
6.97692e+06,19,CTL,20
6.97701e+06,10,RTS,20
6.97701e+06,14,RTS,20
6.97711e+06,0,RTS,20
6.97711e+06,8,RTS,20
6.97717e+06,20,CTS,14
6.97723e+06,8,QOSDATA_TID6,1066
6.97742e+06,20,ACK,14
6.97746e+06,8,CTL,20
6.97755e+06,7,RTS,20
6.97755e+06,0,RTS,20
6.97766e+06,9,RTS,20
6.97773e+06,20,CTS,14
6.97779e+06,9,QOSDATA_TID6,1066
6.97798e+06,20,ACK,14
6.97802e+06,9,QOSDATA_TID6,1066
6.9782e+06,20,ACK,14
6.97825e+06,9,CTL,20
6.97834e+06,3,RTS,20
6.9784e+06,20,CTS,14
6.97846e+06,3,QOSDATA_TID6,1066
6.97865e+06,20,ACK,14
6.97869e+06,3,QOSDATA_TID6,1066
6.97888e+06,20,ACK,14
6.97892e+06,3,CTL,20
6.979e+06,20,BEACON,152
6.97926e+06,7,RTS,20
6.97926e+06,18,RTS,20
6.97926e+06,4,RTS,20
6.97936e+06,17,RTS,20
6.97942e+06,20,CTS,14
6.97948e+06,17,QOSDATA_TID6,1066
6.97967e+06,20,ACK,14
6.97971e+06,17,CTL,20
6.9798e+06,19,RTS,20
6.9798e+06,14,RTS,20
6.97987e+06,20,CTS,14
6.97993e+06,19,QOSDATA_TID6,1066
6.98011e+06,20,ACK,14
6.98015e+06,19,CTL,20
6.98024e+06,18,RTS,20
6.98031e+06,20,CTS,14
6.98037e+06,18,QOSDATA_TID6,1066
6.98055e+06,20,ACK,14
6.9806e+06,18,QOSDATA_TID6,1066
6.98078e+06,20,ACK,14
6.98082e+06,18,QOSDATA_TID6,1066
6.98101e+06,20,ACK,14
6.98105e+06,18,CTL,20
6.98114e+06,5,RTS,20
6.98114e+06,11,RTS,20
6.98114e+06,13,RTS,20
6.98121e+06,20,CTS,14
6.98127e+06,5,QOSDATA_TID6,1066
6.98145e+06,20,ACK,14
6.98149e+06,5,CTL,20
6.98158e+06,1,RTS,20
6.98158e+06,12,RTS,20
6.98158e+06,0,CTS,14
6.9817e+06,0,RTS,20
6.98177e+06,20,CTS,14
6.98183e+06,0,QOSDATA_TID6,1066
6.98201e+06,20,ACK,14
6.98206e+06,0,CTL,20
6.98215e+06,6,RTS,20
6.98215e+06,10,RTS,20
6.98222e+06,20,CTS,14
6.98228e+06,6,QOSDATA_TID6,1066
6.98246e+06,20,ACK,14
6.98251e+06,6,CTL,20
6.9826e+06,12,RTS,20
6.9826e+06,4,RTS,20
6.98266e+06,20,CTS,14
6.98272e+06,12,QOSDATA_TID6,1066
6.98291e+06,20,ACK,14
6.98295e+06,12,CTL,20
6.98306e+06,8,RTS,20
6.98306e+06,1,RTS,20
6.98306e+06,16,RTS,20
6.98306e+06,15,RTS,20
6.98306e+06,14,RTS,20
6.98306e+06,10,RTS,20
6.98316e+06,7,RTS,20
6.98323e+06,20,CTS,14
6.98329e+06,7,QOSDATA_TID6,1066
6.98347e+06,20,ACK,14
6.98352e+06,7,CTL,20
6.9836e+06,10,RTS,20
6.98367e+06,20,CTS,14
6.98373e+06,10,QOSDATA_TID6,1066
6.98392e+06,20,ACK,14
6.98396e+06,10,QOSDATA_TID6,1066
6.98414e+06,20,ACK,14
6.98419e+06,10,CTL,20
6.98427e+06,2,RTS,20
6.98427e+06,13,RTS,20
6.9844e+06,11,RTS,20
6.9844e+06,16,RTS,20
6.9845e+06,14,RTS,20
6.98456e+06,20,CTS,14
6.98462e+06,14,QOSDATA_TID6,1066
6.98481e+06,20,ACK,14
6.98485e+06,14,QOSDATA_TID6,1066
6.98504e+06,20,ACK,14
6.98508e+06,14,CTL,20
6.98518e+06,18,RTS,20
6.98524e+06,20,CTS,14
6.9853e+06,18,QOSDATA_TID6,1066
6.98549e+06,20,ACK,14
6.98553e+06,18,CTL,20
6.98562e+06,7,RTS,20
6.98569e+06,20,CTS,14
6.98575e+06,7,QOSDATA_TID6,1066
6.98593e+06,20,ACK,14
6.98597e+06,7,CTL,20
6.98606e+06,8,RTS,20
6.98606e+06,4,RTS,20
6.98606e+06,15,RTS,20
6.98606e+06,0,RTS,20
6.98616e+06,13,RTS,20
6.98623e+06,20,CTS,14
6.98629e+06,13,QOSDATA_TID6,1066
6.98647e+06,20,ACK,14
6.98652e+06,13,QOSDATA_TID6,1066
6.9867e+06,20,ACK,14
6.98674e+06,13,CTL,20
6.98683e+06,0,RTS,20
6.98683e+06,2,RTS,20
6.98683e+06,3,RTS,20
6.98683e+06,9,RTS,20
6.98694e+06,1,RTS,20
6.98694e+06,11,RTS,20
6.98694e+06,4,RTS,20
6.98704e+06,12,RTS,20
6.98704e+06,15,RTS,20
6.98711e+06,20,CTS,14
6.98717e+06,12,QOSDATA_TID6,1066
6.98736e+06,20,ACK,14
6.9874e+06,12,CTL,20
6.98748e+06,17,RTS,20
6.98748e+06,19,RTS,20
6.98748e+06,15,RTS,20
6.98759e+06,6,RTS,20
6.98759e+06,8,RTS,20
6.98759e+06,11,RTS,20
6.98769e+06,9,RTS,20
6.98776e+06,20,CTS,14
6.98782e+06,9,QOSDATA_TID6,1066
6.988e+06,20,ACK,14
6.98805e+06,9,CTL,20
6.98813e+06,19,RTS,20
6.98813e+06,8,RTS,20
6.98813e+06,6,RTS,20
6.98823e+06,2,RTS,20
6.9883e+06,20,CTS,14
6.98836e+06,2,QOSDATA_TID6,1066
6.98854e+06,20,ACK,14
6.98859e+06,2,CTL,20
6.98867e+06,10,RTS,20
6.98867e+06,8,RTS,20
6.98874e+06,20,CTS,14
6.9888e+06,8,QOSDATA_TID6,1066
6.98898e+06,20,ACK,14
6.98903e+06,8,CTL,20
6.98911e+06,6,RTS,20
6.98918e+06,20,CTS,14
6.98924e+06,6,QOSDATA_TID6,1066
6.98943e+06,20,ACK,14
6.98947e+06,6,CTL,20
6.98956e+06,3,RTS,20
6.98956e+06,16,RTS,20
6.98966e+06,5,RTS,20
6.98966e+06,15,RTS,20
6.98973e+06,20,CTS,14
6.98979e+06,5,QOSDATA_TID6,1066
6.98998e+06,20,ACK,14
6.99002e+06,5,CTL,20
6.9901e+06,15,RTS,20
6.99017e+06,20,CTS,14
6.99023e+06,15,QOSDATA_TID6,1066
6.99042e+06,20,ACK,14
6.99046e+06,15,QOSDATA_TID6,1066
6.99064e+06,20,ACK,14
6.99069e+06,15,CTL,20
6.99078e+06,11,RTS,20
6.99078e+06,10,RTS,20
6.99094e+06,10,RTS,20
6.99101e+06,20,CTS,14
6.99107e+06,10,QOSDATA_TID6,1066
6.99125e+06,20,ACK,14
6.9913e+06,10,CTL,20
6.99138e+06,11,RTS,20
6.99145e+06,20,CTS,14
6.99151e+06,11,QOSDATA_TID6,1066
6.9917e+06,20,ACK,14
6.99174e+06,11,QOSDATA_TID6,1066
6.99192e+06,20,ACK,14
6.99197e+06,11,CTL,20
6.99205e+06,16,RTS,20
6.99205e+06,2,RTS,20
6.99205e+06,18,RTS,20
6.99216e+06,8,RTS,20
6.99216e+06,17,RTS,20
6.99216e+06,14,RTS,20
6.99227e+06,1,RTS,20
6.99227e+06,19,RTS,20
6.99227e+06,16,RTS,20
6.99237e+06,0,CTS,14
6.99237e+06,14,RTS,20
6.99249e+06,4,RTS,20
6.99255e+06,20,CTS,14
6.99261e+06,4,QOSDATA_TID6,1066
6.9928e+06,20,ACK,14
6.99284e+06,4,QOSDATA_TID6,1066
6.99303e+06,20,ACK,14
6.99307e+06,4,QOSDATA_TID6,1066
6.99325e+06,20,ACK,14
6.9933e+06,4,CTL,20
6.99338e+06,16,RTS,20
6.99338e+06,17,RTS,20
6.99338e+06,14,RTS,20
6.99345e+06,20,CTS,14
6.99351e+06,17,QOSDATA_TID6,1066
6.9937e+06,20,ACK,14
6.99374e+06,17,CTL,20
6.99384e+06,13,RTS,20
6.9939e+06,20,CTS,14
6.99396e+06,13,QOSDATA_TID6,1066
6.99415e+06,20,ACK,14
6.99419e+06,13,CTL,20
6.99428e+06,19,RTS,20
6.99428e+06,3,RTS,20
6.99435e+06,20,CTS,14
6.99441e+06,19,QOSDATA_TID6,1066
6.99459e+06,20,ACK,14
6.99463e+06,19,CTL,20
6.99472e+06,14,RTS,20
6.99479e+06,20,CTS,14
6.99485e+06,14,QOSDATA_TID6,1066
6.99503e+06,20,ACK,14
6.99508e+06,14,CTL,20
6.99516e+06,7,RTS,20
6.99516e+06,8,RTS,20
6.99516e+06,16,RTS,20
6.99516e+06,9,RTS,20
6.99527e+06,6,RTS,20
6.99534e+06,20,CTS,14
6.9954e+06,6,QOSDATA_TID6,1066
6.99558e+06,20,ACK,14
6.99562e+06,6,CTL,20
6.99572e+06,17,RTS,20
6.99572e+06,11,RTS,20
6.99579e+06,20,CTS,14
6.99585e+06,17,QOSDATA_TID6,1066
6.99603e+06,20,ACK,14
6.99608e+06,17,CTL,20
6.99617e+06,7,RTS,20
6.99624e+06,20,CTS,14
6.9963e+06,7,QOSDATA_TID6,1066
6.99648e+06,20,ACK,14
6.99653e+06,7,CTL,20
6.99661e+06,12,RTS,20
6.99661e+06,1,RTS,20
6.99661e+06,5,RTS,20
6.99661e+06,15,RTS,20
6.99661e+06,2,RTS,20
6.99661e+06,18,RTS,20
6.99661e+06,3,RTS,20
6.99661e+06,10,RTS,20
6.99672e+06,16,RTS,20
6.99679e+06,20,CTS,14
6.99685e+06,16,QOSDATA_TID6,1066
6.99703e+06,20,ACK,14
6.99708e+06,16,QOSDATA_TID6,1066
6.99726e+06,20,ACK,14
6.9973e+06,16,CTL,20
6.99739e+06,11,RTS,20
6.99739e+06,8,RTS,20
6.99739e+06,5,RTS,20
6.99739e+06,10,RTS,20
6.99746e+06,20,CTS,14
6.99752e+06,5,QOSDATA_TID6,1066
6.9977e+06,20,ACK,14
6.99775e+06,5,CTL,20
6.99784e+06,19,RTS,20
6.99784e+06,18,RTS,20
6.99784e+06,4,RTS,20
6.99794e+06,3,RTS,20
6.99801e+06,20,CTS,14
6.99807e+06,3,QOSDATA_TID6,1066
6.99825e+06,20,ACK,14
6.9983e+06,3,QOSDATA_TID6,1066
6.99848e+06,20,ACK,14
6.99852e+06,3,CTL,20
6.99861e+06,19,RTS,20
6.99868e+06,20,CTS,14
6.99874e+06,19,QOSDATA_TID6,1066
6.99892e+06,20,ACK,14
6.99896e+06,19,CTL,20
6.99905e+06,12,RTS,20
6.99905e+06,9,RTS,20
6.99912e+06,20,CTS,14
6.99918e+06,12,QOSDATA_TID6,1066
6.99936e+06,20,ACK,14
6.99941e+06,12,CTL,20
6.99949e+06,14,RTS,20
6.99956e+06,20,CTS,14
6.99962e+06,14,QOSDATA_TID6,1066
6.9998e+06,20,ACK,14
6.99985e+06,14,CTL,20
6.99994e+06,18,RTS,20
6.99994e+06,10,RTS,20
7.00005e+06,2,RTS,20
7.00005e+06,15,RTS,20
7.00005e+06,11,RTS,20
7.00005e+06,4,RTS,20
7.00018e+06,8,RTS,20
7.00024e+06,20,CTS,14
7.0003e+06,8,QOSDATA_TID6,1066
7.00049e+06,20,ACK,14
7.00053e+06,8,QOSDATA_TID6,1066
7.00072e+06,20,ACK,14
7.00076e+06,8,CTL,20
7.00085e+06,2,RTS,20
7.00091e+06,20,CTS,14
7.00098e+06,2,QOSDATA_TID6,1066
7.00116e+06,20,ACK,14
7.0012e+06,2,QOSDATA_TID6,1066
7.00139e+06,20,ACK,14
7.00143e+06,2,CTL,20
7.00152e+06,10,RTS,20
7.00152e+06,0,RTS,20
7.00158e+06,20,CTS,14
7.00164e+06,0,QOSDATA_TID6,1066
7.00183e+06,20,ACK,14
7.00187e+06,0,QOSDATA_TID6,1066
7.00206e+06,20,ACK,14
7.0021e+06,0,QOSDATA_TID6,1066
7.00228e+06,20,ACK,14
7.00233e+06,0,CTL,20
7.00242e+06,13,RTS,20
7.00248e+06,20,CTS,14
7.00254e+06,13,QOSDATA_TID6,1066
7.00273e+06,20,ACK,14
7.00277e+06,13,CTL,20
7.00286e+06,10,RTS,20
7.00292e+06,20,CTS,14
7.00298e+06,10,QOSDATA_TID6,1066
7.00317e+06,20,ACK,14
7.00321e+06,10,CTL,20
7.0033e+06,12,RTS,20
7.0033e+06,15,RTS,20
7.0033e+06,16,RTS,20
7.0033e+06,4,RTS,20
7.00337e+06,20,CTS,14
7.00343e+06,12,QOSDATA_TID6,1066
7.00361e+06,20,ACK,14
7.00366e+06,12,CTL,20
7.00374e+06,1,RTS,20
7.00374e+06,15,RTS,20
7.00384e+06,7,RTS,20
7.00391e+06,20,CTS,14
7.00397e+06,7,QOSDATA_TID6,1066
7.00415e+06,20,ACK,14
7.0042e+06,7,CTL,20
7.00428e+06,18,RTS,20
7.00435e+06,20,CTS,14
7.00441e+06,18,QOSDATA_TID6,1066
7.00459e+06,20,ACK,14
7.00464e+06,18,QOSDATA_TID6,1066
7.00482e+06,20,ACK,14
7.00486e+06,18,CTL,20
7.00495e+06,3,RTS,20
7.00495e+06,9,RTS,20
7.00495e+06,19,RTS,20
7.00495e+06,1,RTS,20
7.00505e+06,11,RTS,20
7.00505e+06,16,RTS,20
7.00505e+06,6,RTS,20
7.00515e+06,5,RTS,20
7.00515e+06,2,RTS,20
7.00515e+06,17,RTS,20
7.00515e+06,19,RTS,20
7.00525e+06,6,RTS,20
7.00526e+06,15,RTS,20
7.00536e+06,19,RTS,20
7.00542e+06,20,CTS,14
7.00548e+06,19,QOSDATA_TID6,1066
7.00567e+06,20,ACK,14
7.00571e+06,19,CTL,20
7.0058e+06,5,RTS,20
7.0058e+06,9,RTS,20
7.00587e+06,20,CTS,14
7.00593e+06,5,QOSDATA_TID6,1066
7.00611e+06,20,ACK,14
7.00615e+06,5,CTL,20
7.00625e+06,2,RTS,20
7.00625e+06,11,RTS,20
7.00625e+06,10,RTS,20
7.00636e+06,18,RTS,20
7.00636e+06,15,RTS,20
7.00645e+06,6,RTS,20
7.00652e+06,20,CTS,14
7.00658e+06,6,QOSDATA_TID6,1066
7.00677e+06,20,ACK,14
7.00681e+06,6,CTL,20
7.0069e+06,10,RTS,20
7.0069e+06,17,RTS,20
7.0069e+06,11,RTS,20
7.00696e+06,20,CTS,14
7.00702e+06,17,QOSDATA_TID6,1066
7.00721e+06,20,ACK,14
7.00725e+06,17,CTL,20
7.00734e+06,11,RTS,20
7.00734e+06,15,RTS,20
7.00734e+06,14,RTS,20
7.00745e+06,2,RTS,20
7.00745e+06,3,RTS,20
7.00752e+06,20,CTS,14
7.00758e+06,2,QOSDATA_TID6,1066
7.00777e+06,20,ACK,14
7.00781e+06,2,CTL,20
7.0079e+06,8,RTS,20
7.0079e+06,15,RTS,20
7.00797e+06,20,CTS,14
7.00803e+06,8,QOSDATA_TID6,1066
7.00822e+06,20,ACK,14
7.00826e+06,8,CTL,20
7.00836e+06,10,RTS,20
7.00842e+06,20,CTS,14
7.00848e+06,10,QOSDATA_TID6,1066
7.00867e+06,20,ACK,14
7.00871e+06,10,CTL,20
7.0088e+06,11,RTS,20
7.0088e+06,16,RTS,20
7.0088e+06,4,RTS,20
7.0089e+06,15,RTS,20
7.0089e+06,9,RTS,20
7.00896e+06,20,CTS,14
7.00902e+06,15,QOSDATA_TID6,1066
7.00921e+06,20,ACK,14
7.00925e+06,15,CTL,20
7.00934e+06,16,RTS,20
7.00941e+06,20,CTS,14
7.00947e+06,16,QOSDATA_TID6,1066
7.00965e+06,20,ACK,14
7.0097e+06,16,QOSDATA_TID6,1066
7.00988e+06,20,ACK,14
7.00992e+06,16,CTL,20
7.01001e+06,11,RTS,20
7.01001e+06,4,RTS,20
7.01001e+06,13,RTS,20
7.01001e+06,3,RTS,20
7.01001e+06,18,RTS,20
7.01012e+06,7,RTS,20
7.01018e+06,20,CTS,14
7.01024e+06,7,QOSDATA_TID6,1066
7.01043e+06,20,ACK,14
7.01047e+06,7,CTL,20
7.01056e+06,12,RTS,20
7.01056e+06,14,RTS,20
7.01063e+06,20,CTS,14
7.01069e+06,12,QOSDATA_TID6,1066
7.01087e+06,20,ACK,14
7.01091e+06,12,CTL,20
7.011e+06,19,RTS,20
7.011e+06,13,RTS,20
7.0111e+06,4,RTS,20
7.0111e+06,6,RTS,20
7.01117e+06,20,CTS,14
7.01123e+06,6,QOSDATA_TID6,1066
7.01141e+06,20,ACK,14
7.01145e+06,6,CTL,20
7.01155e+06,0,RTS,20
7.01155e+06,17,RTS,20
7.01155e+06,1,RTS,20
7.01155e+06,19,RTS,20
7.01167e+06,11,RTS,20
7.01167e+06,4,RTS,20
7.01167e+06,13,RTS,20
7.01177e+06,9,RTS,20
7.01184e+06,20,CTS,14
7.0119e+06,9,QOSDATA_TID6,1066
7.01208e+06,20,ACK,14
7.01213e+06,9,QOSDATA_TID6,1066
7.01231e+06,20,ACK,14
7.01236e+06,9,QOSDATA_TID6,1066
7.01254e+06,20,ACK,14
7.01258e+06,9,CTL,20
7.01267e+06,2,RTS,20
7.01267e+06,10,RTS,20
7.01267e+06,5,RTS,20
7.01267e+06,11,RTS,20
7.01267e+06,4,RTS,20
7.01274e+06,20,CTS,14
7.0128e+06,5,QOSDATA_TID6,1066
7.01298e+06,20,ACK,14
7.01303e+06,5,CTL,20
7.01312e+06,3,RTS,20
7.01312e+06,4,RTS,20
7.01322e+06,19,RTS,20
7.01329e+06,20,CTS,14
7.01335e+06,19,QOSDATA_TID6,1066
7.01353e+06,20,ACK,14
7.01358e+06,19,CTL,20
7.01366e+06,3,RTS,20
7.01373e+06,20,CTS,14
7.01379e+06,3,QOSDATA_TID6,1066
7.01397e+06,20,ACK,14
7.01402e+06,3,QOSDATA_TID6,1066
7.0142e+06,20,ACK,14
7.01424e+06,3,CTL,20
7.01434e+06,15,RTS,20
7.01434e+06,13,RTS,20
7.01445e+06,2,RTS,20
7.01445e+06,10,RTS,20
7.01452e+06,20,CTS,14
7.01458e+06,2,QOSDATA_TID6,1066
7.01476e+06,20,ACK,14
7.0148e+06,2,CTL,20
7.01489e+06,10,RTS,20
7.01496e+06,20,CTS,14
7.01502e+06,10,QOSDATA_TID6,1066
7.0152e+06,20,ACK,14
7.01524e+06,10,CTL,20
7.01534e+06,8,RTS,20
7.01534e+06,1,RTS,20
7.01534e+06,13,RTS,20
7.01544e+06,11,RTS,20
7.01544e+06,0,RTS,20
7.01551e+06,20,CTS,14
7.01557e+06,0,QOSDATA_TID6,1066
7.01575e+06,20,ACK,14
7.01579e+06,0,CTL,20
7.01589e+06,17,RTS,20
7.01589e+06,11,RTS,20
7.01596e+06,20,CTS,14
7.01602e+06,17,QOSDATA_TID6,1066
7.0162e+06,20,ACK,14
7.01624e+06,17,CTL,20
7.01633e+06,14,RTS,20
7.0164e+06,20,CTS,14
7.01646e+06,14,QOSDATA_TID6,1066
7.01664e+06,20,ACK,14
7.01669e+06,14,QOSDATA_TID6,1066
7.01687e+06,20,ACK,14
7.01692e+06,14,CTL,20
7.017e+06,15,RTS,20
7.017e+06,16,RTS,20
7.01715e+06,15,RTS,20
7.01722e+06,20,CTS,14
7.01728e+06,15,QOSDATA_TID6,1066
7.01746e+06,20,ACK,14
7.01751e+06,15,CTL,20
7.0176e+06,13,RTS,20
7.0176e+06,18,RTS,20
7.0176e+06,16,RTS,20
7.01771e+06,7,RTS,20
7.01778e+06,20,CTS,14
7.01784e+06,7,QOSDATA_TID6,1066
7.01802e+06,20,ACK,14
7.01806e+06,7,CTL,20
7.01815e+06,13,RTS,20
7.01822e+06,20,CTS,14
7.01828e+06,13,QOSDATA_TID6,1066
7.01846e+06,20,ACK,14
7.01851e+06,13,QOSDATA_TID6,1066
7.01869e+06,20,ACK,14
7.01874e+06,13,CTL,20
7.01882e+06,18,RTS,20
7.01882e+06,9,RTS,20
7.01889e+06,20,CTS,14
7.01895e+06,18,QOSDATA_TID6,1066
7.01913e+06,20,ACK,14
7.01918e+06,18,QOSDATA_TID6,1066
7.01936e+06,20,ACK,14
7.0194e+06,18,CTL,20
7.01949e+06,12,RTS,20
7.01956e+06,20,CTS,14
7.01962e+06,12,QOSDATA_TID6,1066
7.0198e+06,20,ACK,14
7.01985e+06,12,CTL,20
7.01993e+06,17,RTS,20
7.01993e+06,16,RTS,20
7.01993e+06,19,RTS,20
7.02e+06,20,CTS,14
7.02006e+06,17,QOSDATA_TID6,1066
7.02024e+06,20,ACK,14
7.02029e+06,17,CTL,20
7.02038e+06,0,RTS,20
7.02044e+06,20,CTS,14
7.0205e+06,0,QOSDATA_TID6,1066
7.02069e+06,20,ACK,14
7.02073e+06,0,CTL,20
7.02082e+06,6,RTS,20
7.02082e+06,15,RTS,20
7.02082e+06,3,RTS,20
7.02082e+06,11,RTS,20
7.02092e+06,8,RTS,20
7.02092e+06,10,RTS,20
7.02099e+06,20,CTS,14
7.02105e+06,8,QOSDATA_TID6,1066
7.02124e+06,20,ACK,14
7.02128e+06,8,CTL,20
7.02138e+06,2,RTS,20
7.02138e+06,4,RTS,20
7.02144e+06,20,CTS,14
7.0215e+06,2,QOSDATA_TID6,1066
7.02169e+06,20,ACK,14
7.02173e+06,2,CTL,20
7.02183e+06,19,RTS,20
7.02189e+06,20,CTS,14
7.02195e+06,19,QOSDATA_TID6,1066
7.02214e+06,20,ACK,14
7.02218e+06,19,CTL,20
7.02227e+06,1,RTS,20
7.02227e+06,5,RTS,20
7.02227e+06,11,RTS,20
7.02234e+06,20,CTS,14
7.0224e+06,5,QOSDATA_TID6,1066
7.02258e+06,20,ACK,14
7.02262e+06,5,CTL,20
7.02271e+06,10,RTS,20
7.02278e+06,20,CTS,14
7.02284e+06,10,QOSDATA_TID6,1066
7.02302e+06,20,ACK,14
7.02307e+06,10,CTL,20
7.02315e+06,18,RTS,20
7.02315e+06,9,RTS,20
7.02315e+06,6,RTS,20
7.02315e+06,1,RTS,20
7.02315e+06,14,RTS,20
7.02315e+06,15,RTS,20
7.02315e+06,11,RTS,20
7.02328e+06,1,RTS,20
7.02335e+06,20,CTS,14
7.02341e+06,1,QOSDATA_TID6,1066
7.0236e+06,20,ACK,14
7.02364e+06,1,QOSDATA_TID6,1066
7.02382e+06,20,ACK,14
7.02387e+06,1,QOSDATA_TID6,1066
7.02405e+06,20,ACK,14
7.0241e+06,1,QOSDATA_TID6,1066
7.02428e+06,20,ACK,14
7.02432e+06,1,QOSDATA_TID6,1066
7.02451e+06,20,ACK,14
7.02455e+06,1,QOSDATA_TID6,1066
7.02474e+06,20,ACK,14
7.02478e+06,1,CTL,20
7.02486e+06,9,RTS,20
7.02493e+06,20,CTS,14
7.02499e+06,9,QOSDATA_TID6,1066
7.02518e+06,20,ACK,14
7.02522e+06,9,CTL,20
7.02531e+06,18,RTS,20
7.02531e+06,6,RTS,20
7.02531e+06,4,RTS,20
7.02542e+06,8,RTS,20
7.02548e+06,20,CTS,14
7.02554e+06,8,QOSDATA_TID6,1066
7.02573e+06,20,ACK,14
7.02577e+06,8,CTL,20
7.02586e+06,18,RTS,20
7.02586e+06,6,RTS,20
7.02596e+06,11,RTS,20
7.02602e+06,20,CTS,14
7.02608e+06,11,QOSDATA_TID6,1066
7.02627e+06,20,ACK,14
7.02631e+06,11,QOSDATA_TID6,1066
7.0265e+06,20,ACK,14
7.02654e+06,11,CTL,20
7.02662e+06,16,RTS,20
7.02662e+06,7,RTS,20
7.02669e+06,20,CTS,14
7.02675e+06,7,QOSDATA_TID6,1066
7.02694e+06,20,ACK,14
7.02698e+06,7,CTL,20
7.02707e+06,3,RTS,20
7.02714e+06,20,CTS,14
7.0272e+06,3,QOSDATA_TID6,1066
7.02738e+06,20,ACK,14
7.02742e+06,3,QOSDATA_TID6,1066
7.02761e+06,20,ACK,14
7.02765e+06,3,CTL,20
7.02774e+06,9,RTS,20
7.02774e+06,1,RTS,20
7.02774e+06,17,RTS,20
7.02774e+06,0,RTS,20
7.02774e+06,12,RTS,20
7.02774e+06,6,RTS,20
7.02774e+06,14,RTS,20
7.02774e+06,13,RTS,20
7.02784e+06,11,RTS,20
7.02784e+06,16,RTS,20
7.02793e+06,19,RTS,20
7.02793e+06,6,RTS,20
7.02808e+06,13,RTS,20
7.02814e+06,20,CTS,14
7.0282e+06,13,QOSDATA_TID6,1066
7.02839e+06,20,ACK,14
7.02843e+06,13,CTL,20
7.02853e+06,14,RTS,20
7.02853e+06,4,RTS,20
7.02853e+06,5,RTS,20
7.02853e+06,0,RTS,20
7.02853e+06,18,RTS,20
7.0286e+06,20,CTS,14
7.02866e+06,5,QOSDATA_TID6,1066
7.02884e+06,20,ACK,14
7.02888e+06,5,CTL,20
7.02897e+06,2,RTS,20
7.02897e+06,10,RTS,20
7.02904e+06,20,CTS,14
7.0291e+06,2,QOSDATA_TID6,1066
7.02928e+06,20,ACK,14
7.02932e+06,2,CTL,20
7.02942e+06,10,RTS,20
7.02942e+06,6,RTS,20
7.02942e+06,15,RTS,20
7.02952e+06,19,RTS,20
7.02959e+06,20,CTS,14
7.02965e+06,19,QOSDATA_TID6,1066
7.02983e+06,20,ACK,14
7.02987e+06,19,CTL,20
7.02998e+06,6,RTS,20
7.03005e+06,20,CTS,14
7.03011e+06,6,QOSDATA_TID6,1066
7.03029e+06,20,ACK,14
7.03033e+06,6,CTL,20
7.03042e+06,14,RTS,20
7.03042e+06,15,RTS,20
7.03042e+06,16,RTS,20
7.03052e+06,18,RTS,20
7.03059e+06,20,CTS,14
7.03065e+06,18,QOSDATA_TID6,1066
7.03083e+06,20,ACK,14
7.03087e+06,18,QOSDATA_TID6,1066
7.03106e+06,20,ACK,14
7.0311e+06,18,CTL,20
7.03119e+06,8,RTS,20
7.03126e+06,20,CTS,14
7.03132e+06,8,QOSDATA_TID6,1066
7.0315e+06,20,ACK,14
7.03154e+06,8,CTL,20
7.03163e+06,12,RTS,20
7.03163e+06,4,RTS,20
7.0317e+06,20,CTS,14
7.03176e+06,12,QOSDATA_TID6,1066
7.03194e+06,20,ACK,14
7.03199e+06,12,CTL,20
7.03207e+06,4,RTS,20
7.03214e+06,20,CTS,14
7.0322e+06,4,QOSDATA_TID6,1066
7.03238e+06,20,ACK,14
7.03243e+06,4,QOSDATA_TID6,1066
7.03261e+06,20,ACK,14
7.03266e+06,4,QOSDATA_TID6,1066
7.03284e+06,20,ACK,14
7.03288e+06,4,QOSDATA_TID6,1066
7.03307e+06,20,ACK,14
7.03311e+06,4,CTL,20
7.0332e+06,14,RTS,20
7.0332e+06,10,RTS,20
7.0333e+06,11,RTS,20
7.03336e+06,20,CTS,14
7.03342e+06,11,QOSDATA_TID6,1066
7.03361e+06,20,ACK,14
7.03365e+06,11,CTL,20
7.03374e+06,1,RTS,20
7.03374e+06,17,RTS,20
7.03374e+06,7,RTS,20
7.03374e+06,0,CTS,14
7.03374e+06,10,RTS,20
7.03385e+06,0,RTS,20
7.03392e+06,20,CTS,14
7.03398e+06,0,QOSDATA_TID6,1066
7.03416e+06,20,ACK,14
7.03421e+06,0,QOSDATA_TID6,1066
7.03439e+06,20,ACK,14
7.03444e+06,0,CTL,20
7.03452e+06,16,RTS,20
7.03459e+06,20,CTS,14
7.03465e+06,16,QOSDATA_TID6,1066
7.03483e+06,20,ACK,14
7.03488e+06,16,QOSDATA_TID6,1066
7.03506e+06,20,ACK,14
7.03511e+06,16,QOSDATA_TID6,1066
7.03529e+06,20,ACK,14
7.03533e+06,16,CTL,20
7.03542e+06,1,RTS,20
7.03542e+06,13,RTS,20
7.03542e+06,9,RTS,20
7.03542e+06,15,RTS,20
7.03554e+06,6,RTS,20
7.0356e+06,20,CTS,14
7.03566e+06,6,QOSDATA_TID6,1066
7.03585e+06,20,ACK,14
7.03589e+06,6,CTL,20
7.03599e+06,12,RTS,20
7.03599e+06,17,RTS,20
7.03599e+06,9,RTS,20
7.03599e+06,11,RTS,20
7.03609e+06,15,RTS,20
7.03616e+06,20,CTS,14
7.03622e+06,15,QOSDATA_TID6,1066
7.03641e+06,20,ACK,14
7.03645e+06,15,QOSDATA_TID6,1066
7.03663e+06,20,ACK,14
7.03668e+06,15,QOSDATA_TID6,1066
7.03686e+06,20,ACK,14
7.03691e+06,15,CTL,20
7.03699e+06,5,RTS,20
7.03699e+06,9,RTS,20
7.03706e+06,20,CTS,14
7.03712e+06,5,QOSDATA_TID6,1066
7.0373e+06,20,ACK,14
7.03735e+06,5,CTL,20
7.03745e+06,1,RTS,20
7.03745e+06,2,RTS,20
7.03745e+06,7,RTS,20
7.03745e+06,11,RTS,20
7.03745e+06,4,RTS,20
7.03745e+06,13,RTS,20
7.03745e+06,14,RTS,20
7.03758e+06,13,RTS,20
7.03765e+06,20,CTS,14
7.03771e+06,13,QOSDATA_TID6,1066
7.0379e+06,20,ACK,14
7.03794e+06,13,CTL,20
7.03804e+06,14,RTS,20
7.03804e+06,2,RTS,20
7.03811e+06,20,CTS,14
7.03817e+06,2,QOSDATA_TID6,1066
7.03836e+06,20,ACK,14
7.0384e+06,2,CTL,20
7.03848e+06,18,RTS,20
7.03855e+06,20,CTS,14
7.03861e+06,18,QOSDATA_TID6,1066
7.0388e+06,20,ACK,14
7.03884e+06,18,CTL,20
7.03894e+06,7,RTS,20
7.039e+06,20,CTS,14
7.03906e+06,7,QOSDATA_TID6,1066
7.03925e+06,20,ACK,14
7.03929e+06,7,CTL,20
7.03938e+06,1,RTS,20
7.03938e+06,19,RTS,20
7.03938e+06,3,RTS,20
7.03938e+06,9,RTS,20
7.03948e+06,8,RTS,20
7.03954e+06,20,CTS,14
7.0396e+06,8,QOSDATA_TID6,1066
7.03979e+06,20,ACK,14
7.03983e+06,8,CTL,20
7.03992e+06,17,RTS,20
7.03992e+06,11,RTS,20
7.03999e+06,20,CTS,14
7.04005e+06,17,QOSDATA_TID6,1066
7.04023e+06,20,ACK,14
7.04027e+06,17,QOSDATA_TID6,1066
7.04046e+06,20,ACK,14
7.0405e+06,17,CTL,20
7.0406e+06,12,RTS,20
7.0406e+06,16,RTS,20
7.0406e+06,4,RTS,20
7.0406e+06,10,RTS,20
7.0406e+06,14,RTS,20
7.04066e+06,20,CTS,14
7.04072e+06,12,QOSDATA_TID6,1066
7.04091e+06,20,ACK,14
7.04095e+06,12,CTL,20
7.04106e+06,19,RTS,20
7.04106e+06,14,RTS,20
7.04106e+06,10,RTS,20
7.04116e+06,0,RTS,20
7.04123e+06,20,CTS,14
7.04129e+06,0,QOSDATA_TID6,1066
7.04148e+06,20,ACK,14
7.04152e+06,0,CTL,20
7.04161e+06,19,RTS,20
7.04168e+06,20,CTS,14
7.04174e+06,19,QOSDATA_TID6,1066
7.04192e+06,20,ACK,14
7.04196e+06,19,CTL,20
7.04205e+06,13,RTS,20
7.04212e+06,20,CTS,14
7.04218e+06,13,QOSDATA_TID6,1066
7.04236e+06,20,ACK,14
7.0424e+06,13,CTL,20
7.04249e+06,10,RTS,20
7.04249e+06,9,RTS,20
7.04259e+06,16,RTS,20
7.04259e+06,14,RTS,20
7.04259e+06,4,RTS,20
7.04269e+06,12,RTS,20
7.04269e+06,7,RTS,20
7.04276e+06,20,CTS,14
7.04282e+06,12,QOSDATA_TID6,1066
7.043e+06,20,ACK,14
7.04304e+06,12,CTL,20
7.04313e+06,3,RTS,20
7.04313e+06,9,RTS,20
7.04323e+06,19,RTS,20
7.04323e+06,1,RTS,20
7.04333e+06,17,RTS,20
7.0434e+06,20,CTS,14
7.04346e+06,17,QOSDATA_TID6,1066
7.04365e+06,20,ACK,14
7.04369e+06,17,CTL,20
7.04378e+06,6,RTS,20
7.04384e+06,20,CTS,14
7.0439e+06,6,QOSDATA_TID6,1066
7.04409e+06,20,ACK,14
7.04413e+06,6,CTL,20
7.04423e+06,14,RTS,20
7.04423e+06,10,RTS,20
7.04423e+06,7,RTS,20
7.0443e+06,20,CTS,14
7.04436e+06,7,QOSDATA_TID6,1066
7.04454e+06,20,ACK,14
7.04458e+06,7,CTL,20
7.04467e+06,5,RTS,20
7.04474e+06,20,CTS,14
7.0448e+06,5,QOSDATA_TID6,1066
7.04498e+06,20,ACK,14
7.04502e+06,5,CTL,20
7.04512e+06,19,RTS,20
7.04512e+06,2,RTS,20
7.04512e+06,11,RTS,20
7.04512e+06,16,RTS,20
7.04512e+06,10,RTS,20
7.04522e+06,4,RTS,20
7.04529e+06,20,CTS,14
7.04535e+06,4,QOSDATA_TID6,1066
7.04553e+06,20,ACK,14
7.04557e+06,4,QOSDATA_TID6,1066
7.04576e+06,20,ACK,14
7.0458e+06,4,CTL,20
7.04589e+06,16,RTS,20
7.04589e+06,3,RTS,20
7.04589e+06,9,RTS,20
7.04589e+06,14,RTS,20
7.046e+06,2,RTS,20
7.04607e+06,20,CTS,14
7.04613e+06,2,QOSDATA_TID6,1066
7.04632e+06,20,ACK,14
7.04636e+06,2,CTL,20
7.04645e+06,18,RTS,20
7.04645e+06,19,RTS,20
7.04654e+06,15,RTS,20
7.04661e+06,20,CTS,14
7.04667e+06,15,QOSDATA_TID6,1066
7.04686e+06,20,ACK,14
7.0469e+06,15,CTL,20
7.047e+06,14,RTS,20
7.047e+06,8,RTS,20
7.047e+06,3,RTS,20
7.047e+06,9,RTS,20
7.04706e+06,20,CTS,14
7.04712e+06,8,QOSDATA_TID6,1066
7.04731e+06,20,ACK,14
7.04735e+06,8,CTL,20
7.04744e+06,9,RTS,20
7.0475e+06,20,CTS,14
7.04756e+06,9,QOSDATA_TID6,1066
7.04775e+06,20,ACK,14
7.04779e+06,9,QOSDATA_TID6,1066
7.04798e+06,20,ACK,14
7.04802e+06,9,CTL,20
7.04812e+06,10,RTS,20
7.04812e+06,14,RTS,20
7.04823e+06,1,RTS,20
7.04823e+06,11,RTS,20
7.0483e+06,20,CTS,14
7.04836e+06,1,QOSDATA_TID6,1066
7.04854e+06,20,ACK,14
7.04859e+06,1,QOSDATA_TID6,1066
7.04877e+06,20,ACK,14
7.04882e+06,1,QOSDATA_TID6,1066
7.049e+06,20,ACK,14
7.04904e+06,1,CTL,20
7.04914e+06,0,RTS,20
7.04921e+06,20,CTS,14
7.04927e+06,0,QOSDATA_TID6,1066
7.04945e+06,20,ACK,14
7.0495e+06,0,CTL,20
7.04958e+06,11,RTS,20
7.04965e+06,20,CTS,14
7.04971e+06,11,QOSDATA_TID6,1066
7.04989e+06,20,ACK,14
7.04994e+06,11,QOSDATA_TID6,1066
7.05012e+06,20,ACK,14
7.05017e+06,11,CTL,20
7.05025e+06,16,RTS,20
7.05025e+06,19,RTS,20
7.05025e+06,13,RTS,20
7.05036e+06,7,RTS,20
7.05036e+06,18,RTS,20
7.05043e+06,20,CTS,14
7.05049e+06,7,QOSDATA_TID6,1066
7.05067e+06,20,ACK,14
7.05072e+06,7,CTL,20
7.0508e+06,16,RTS,20
7.05087e+06,20,CTS,14
7.05093e+06,16,QOSDATA_TID6,1066
7.05111e+06,20,ACK,14
7.05116e+06,16,QOSDATA_TID6,1066
7.05134e+06,20,ACK,14
7.05138e+06,16,CTL,20
7.05147e+06,3,RTS,20
7.05154e+06,20,CTS,14
7.0516e+06,3,QOSDATA_TID6,1066
7.05178e+06,20,ACK,14
7.05183e+06,3,QOSDATA_TID6,1066
7.05201e+06,20,ACK,14
7.05206e+06,3,QOSDATA_TID6,1066
7.05224e+06,20,ACK,14
7.05228e+06,3,CTL,20
7.05237e+06,9,RTS,20
7.05237e+06,10,RTS,20
7.05247e+06,1,RTS,20
7.05247e+06,12,RTS,20
7.05247e+06,11,RTS,20
7.05254e+06,20,CTS,14
7.0526e+06,12,QOSDATA_TID6,1066
7.05278e+06,20,ACK,14
7.05282e+06,12,CTL,20
7.05291e+06,17,RTS,20
7.05291e+06,2,RTS,20
7.05291e+06,14,RTS,20
7.05298e+06,20,CTS,14
7.05304e+06,17,QOSDATA_TID6,1066
7.05322e+06,20,ACK,14
7.05326e+06,17,CTL,20
7.05336e+06,5,RTS,20
7.05336e+06,15,RTS,20
7.05336e+06,6,RTS,20
7.05343e+06,20,CTS,14
7.05349e+06,5,QOSDATA_TID6,1066
7.05367e+06,20,ACK,14
7.05372e+06,5,CTL,20
7.0538e+06,4,RTS,20
7.05387e+06,20,CTS,14
7.05393e+06,4,QOSDATA_TID6,1066
7.05411e+06,20,ACK,14
7.05416e+06,4,CTL,20
7.05424e+06,15,RTS,20
7.05424e+06,9,RTS,20
7.05431e+06,20,CTS,14
7.05437e+06,15,QOSDATA_TID6,1066
7.05456e+06,20,ACK,14
7.0546e+06,15,CTL,20
7.05469e+06,8,RTS,20
7.05475e+06,20,CTS,14
7.05481e+06,8,QOSDATA_TID6,1066
7.055e+06,20,ACK,14
7.05504e+06,8,CTL,20
7.05513e+06,1,RTS,20
7.05513e+06,2,RTS,20
7.05523e+06,13,RTS,20
7.05529e+06,20,CTS,14
7.05535e+06,13,QOSDATA_TID6,1066
7.05554e+06,20,ACK,14
7.05558e+06,13,CTL,20
7.05567e+06,1,RTS,20
7.05567e+06,2,RTS,20
7.05579e+06,14,RTS,20
7.05586e+06,20,CTS,14
7.05592e+06,14,QOSDATA_TID6,1066
7.0561e+06,20,ACK,14
7.05615e+06,14,QOSDATA_TID6,1066
7.05633e+06,20,ACK,14
7.05638e+06,14,QOSDATA_TID6,1066
7.05656e+06,20,ACK,14
7.05661e+06,14,CTL,20
7.05669e+06,2,RTS,20
7.05676e+06,20,CTS,14
7.05682e+06,2,QOSDATA_TID6,1066
7.057e+06,20,ACK,14
7.05705e+06,2,CTL,20
7.05713e+06,10,RTS,20
7.05713e+06,0,RTS,20
7.05713e+06,16,RTS,20
7.05728e+06,16,RTS,20
7.05735e+06,20,CTS,14
7.05741e+06,16,QOSDATA_TID6,1066
7.0576e+06,20,ACK,14
7.05764e+06,16,CTL,20
7.05773e+06,1,RTS,20
7.05773e+06,9,RTS,20
7.05773e+06,18,RTS,20
7.05784e+06,13,RTS,20
7.05791e+06,20,CTS,14
7.05797e+06,13,QOSDATA_TID6,1066
7.05815e+06,20,ACK,14
7.0582e+06,13,CTL,20
7.0583e+06,0,RTS,20
7.0583e+06,19,RTS,20
7.0584e+06,7,RTS,20
7.05847e+06,20,CTS,14
7.05853e+06,7,QOSDATA_TID6,1066
7.05871e+06,20,ACK,14
7.05876e+06,7,CTL,20
7.05886e+06,12,RTS,20
7.05893e+06,20,CTS,14
7.05899e+06,12,QOSDATA_TID6,1066
7.05917e+06,20,ACK,14
7.05922e+06,12,CTL,20
7.0593e+06,1,RTS,20
7.0593e+06,6,RTS,20
7.0593e+06,3,RTS,20
7.05941e+06,18,RTS,20
7.05941e+06,10,RTS,20
7.05952e+06,19,RTS,20
7.05952e+06,1,RTS,20
7.05952e+06,11,RTS,20
7.05962e+06,9,RTS,20
7.05969e+06,20,CTS,14
7.05975e+06,9,QOSDATA_TID6,1066
7.05993e+06,20,ACK,14
7.05998e+06,9,QOSDATA_TID6,1066
7.06016e+06,20,ACK,14
7.06021e+06,9,CTL,20
7.06029e+06,5,RTS,20
7.06036e+06,20,CTS,14
7.06042e+06,5,QOSDATA_TID6,1066
7.0606e+06,20,ACK,14
7.06065e+06,5,CTL,20
7.06073e+06,17,RTS,20
7.06073e+06,1,RTS,20
7.06073e+06,0,CTS,14
7.06082e+06,0,RTS,20
7.06089e+06,20,CTS,14
7.06095e+06,0,QOSDATA_TID6,1066
7.06113e+06,20,ACK,14
7.06118e+06,0,CTL,20
7.06126e+06,3,RTS,20
7.06126e+06,4,RTS,20
7.06137e+06,1,RTS,20
7.06137e+06,15,RTS,20
7.06148e+06,18,RTS,20
7.06154e+06,20,CTS,14
7.0616e+06,18,QOSDATA_TID6,1066
7.06179e+06,20,ACK,14
7.06183e+06,18,QOSDATA_TID6,1066
7.06202e+06,20,ACK,14
7.06206e+06,18,CTL,20
7.06216e+06,10,RTS,20
7.06222e+06,20,CTS,14
7.06228e+06,10,QOSDATA_TID6,1066
7.06247e+06,20,ACK,14
7.06251e+06,10,QOSDATA_TID6,1066
7.0627e+06,20,ACK,14
7.06274e+06,10,QOSDATA_TID6,1066
7.06292e+06,20,ACK,14
7.06297e+06,10,QOSDATA_TID6,1066
7.06315e+06,20,ACK,14
7.0632e+06,10,CTL,20
7.06328e+06,8,RTS,20
7.06328e+06,4,RTS,20
7.06335e+06,20,CTS,14
7.06341e+06,8,QOSDATA_TID6,1066
7.06359e+06,20,ACK,14
7.06364e+06,8,CTL,20
7.06372e+06,4,RTS,20
7.06379e+06,20,CTS,14
7.06385e+06,4,QOSDATA_TID6,1066
7.06404e+06,20,ACK,14
7.06408e+06,4,CTL,20
7.06417e+06,11,RTS,20
7.06417e+06,1,RTS,20
7.06417e+06,17,RTS,20
7.06417e+06,2,RTS,20
7.06417e+06,6,RTS,20
7.06417e+06,14,RTS,20
7.06417e+06,18,RTS,20
7.06427e+06,19,RTS,20
7.06434e+06,20,CTS,14
7.0644e+06,19,QOSDATA_TID6,1066
7.06458e+06,20,ACK,14
7.06463e+06,19,QOSDATA_TID6,1066
7.06481e+06,20,ACK,14
7.06486e+06,19,QOSDATA_TID6,1066
7.06504e+06,20,ACK,14
7.06508e+06,19,CTL,20
7.06518e+06,3,RTS,20
7.06518e+06,0,RTS,20
7.06518e+06,6,RTS,20
7.06528e+06,16,RTS,20
7.06535e+06,20,CTS,14
7.06541e+06,16,QOSDATA_TID6,1066
7.06559e+06,20,ACK,14
7.06563e+06,16,CTL,20
7.06572e+06,9,RTS,20
7.06579e+06,20,CTS,14
7.06585e+06,9,QOSDATA_TID6,1066
7.06603e+06,20,ACK,14
7.06608e+06,9,CTL,20
7.06616e+06,3,RTS,20
7.06616e+06,0,RTS,20
7.06616e+06,7,RTS,20
7.06616e+06,15,RTS,20
7.06616e+06,13,RTS,20
7.06627e+06,17,RTS,20
7.06627e+06,11,RTS,20
7.06634e+06,20,CTS,14
7.0664e+06,17,QOSDATA_TID6,1066
7.06658e+06,20,ACK,14
7.06662e+06,17,CTL,20
7.06671e+06,11,RTS,20
7.06671e+06,13,RTS,20
7.06681e+06,18,RTS,20
7.06688e+06,20,CTS,14
7.06694e+06,18,QOSDATA_TID6,1066
7.06712e+06,20,ACK,14
7.06716e+06,18,CTL,20
7.06725e+06,13,RTS,20
7.06732e+06,20,CTS,14
7.06738e+06,13,QOSDATA_TID6,1066
7.06756e+06,20,ACK,14
7.06761e+06,13,CTL,20
7.06769e+06,12,RTS,20
7.06769e+06,17,RTS,20
7.06779e+06,0,CTS,14
7.06789e+06,0,RTS,20
7.06796e+06,20,CTS,14
7.06802e+06,0,QOSDATA_TID6,1066
7.0682e+06,20,ACK,14
7.06824e+06,0,CTL,20
7.06833e+06,6,RTS,20
7.06833e+06,5,RTS,20
7.0684e+06,20,CTS,14
7.06846e+06,5,QOSDATA_TID6,1066
7.06864e+06,20,ACK,14
7.06868e+06,5,CTL,20
7.06877e+06,10,RTS,20
7.06884e+06,20,CTS,14
7.0689e+06,10,QOSDATA_TID6,1066
7.06908e+06,20,ACK,14
7.06913e+06,10,CTL,20
7.06921e+06,1,RTS,20
7.06921e+06,15,RTS,20
7.06933e+06,7,RTS,20
7.0694e+06,20,CTS,14
7.06946e+06,7,QOSDATA_TID6,1066
7.06964e+06,20,ACK,14
7.06968e+06,7,CTL,20
7.06977e+06,1,RTS,20
7.06984e+06,20,CTS,14
7.0699e+06,1,QOSDATA_TID6,1066
7.07008e+06,20,ACK,14
7.07013e+06,1,QOSDATA_TID6,1066
7.07031e+06,20,ACK,14
7.07036e+06,1,CTL,20
7.07044e+06,17,RTS,20
7.07044e+06,19,RTS,20
7.07044e+06,4,RTS,20
7.07044e+06,2,RTS,20
7.07044e+06,18,RTS,20
7.07044e+06,15,RTS,20
7.07044e+06,14,RTS,20
7.07055e+06,6,RTS,20
7.07055e+06,11,RTS,20
7.07066e+06,3,RTS,20
7.07072e+06,20,CTS,14
7.07078e+06,3,QOSDATA_TID6,1066
7.07097e+06,20,ACK,14
7.07101e+06,3,QOSDATA_TID6,1066
7.0712e+06,20,ACK,14
7.07124e+06,3,CTL,20
7.07133e+06,8,RTS,20
7.07133e+06,6,RTS,20
7.07139e+06,20,CTS,14
7.07145e+06,8,QOSDATA_TID6,1066
7.07164e+06,20,ACK,14
7.07168e+06,8,CTL,20
7.07178e+06,19,RTS,20
7.07184e+06,20,CTS,14
7.0719e+06,19,QOSDATA_TID6,1066
7.07209e+06,20,ACK,14
7.07213e+06,19,CTL,20
7.07222e+06,12,RTS,20
7.07222e+06,18,RTS,20
7.07222e+06,15,RTS,20
7.07229e+06,20,CTS,14
7.07235e+06,12,QOSDATA_TID6,1066
7.07253e+06,20,ACK,14
7.07258e+06,12,CTL,20
7.07268e+06,16,RTS,20
7.07268e+06,4,RTS,20
7.07268e+06,18,RTS,20
7.07279e+06,17,RTS,20
7.07285e+06,20,CTS,14
7.07291e+06,17,QOSDATA_TID6,1066
7.0731e+06,20,ACK,14
7.07314e+06,17,CTL,20
7.07323e+06,16,RTS,20
7.07323e+06,4,RTS,20
7.07333e+06,0,RTS,20
7.07339e+06,20,CTS,14
7.07345e+06,0,QOSDATA_TID6,1066
7.07364e+06,20,ACK,14
7.07368e+06,0,CTL,20
7.07377e+06,14,RTS,20
7.07377e+06,7,RTS,20
7.07384e+06,20,CTS,14
7.0739e+06,7,QOSDATA_TID6,1066
7.07408e+06,20,ACK,14
7.07412e+06,7,CTL,20
7.07422e+06,4,RTS,20
7.07422e+06,15,RTS,20
7.07422e+06,2,RTS,20
7.07422e+06,6,RTS,20
7.07432e+06,13,RTS,20
7.07438e+06,20,CTS,14
7.07444e+06,13,QOSDATA_TID6,1066
7.07463e+06,20,ACK,14
7.07467e+06,13,CTL,20
7.07476e+06,15,RTS,20
7.07476e+06,2,RTS,20
7.07476e+06,18,RTS,20
7.07486e+06,4,RTS,20
7.07492e+06,20,CTS,14
7.07498e+06,4,QOSDATA_TID6,1066
7.07517e+06,20,ACK,14
7.07521e+06,4,CTL,20
7.0753e+06,1,RTS,20
7.07537e+06,20,CTS,14
7.07543e+06,1,QOSDATA_TID6,1066
7.07561e+06,20,ACK,14
7.07566e+06,1,CTL,20
7.07574e+06,12,RTS,20
7.07574e+06,2,RTS,20
7.07574e+06,3,RTS,20
7.07574e+06,6,RTS,20
7.07581e+06,20,CTS,14
7.07587e+06,12,QOSDATA_TID6,1066
7.07605e+06,20,ACK,14
7.0761e+06,12,CTL,20
7.07618e+06,6,RTS,20
7.07625e+06,20,CTS,14
7.07631e+06,6,QOSDATA_TID6,1066
7.0765e+06,20,ACK,14
7.07654e+06,6,QOSDATA_TID6,1066
7.07672e+06,20,ACK,14
7.07677e+06,6,QOSDATA_TID6,1066
7.07695e+06,20,ACK,14
7.077e+06,6,CTL,20
7.07708e+06,18,RTS,20
7.07708e+06,19,RTS,20
7.07708e+06,11,RTS,20
7.07718e+06,9,RTS,20
7.07725e+06,20,CTS,14
7.07731e+06,9,QOSDATA_TID6,1066
7.07749e+06,20,ACK,14
7.07754e+06,9,CTL,20
7.07762e+06,3,RTS,20
7.07769e+06,20,CTS,14
7.07775e+06,3,QOSDATA_TID6,1066
7.07793e+06,20,ACK,14
7.07798e+06,3,CTL,20
7.07807e+06,2,RTS,20
7.07807e+06,10,RTS,20
7.07807e+06,5,RTS,20
7.07807e+06,18,RTS,20
7.07807e+06,17,RTS,20
7.07807e+06,14,RTS,20
7.07807e+06,15,RTS,20
7.07817e+06,16,RTS,20
7.07817e+06,4,RTS,20
7.07827e+06,14,RTS,20
7.07834e+06,20,CTS,14
7.0784e+06,14,QOSDATA_TID6,1066
7.07858e+06,20,ACK,14
7.07862e+06,14,QOSDATA_TID6,1066
7.07881e+06,20,ACK,14
7.07885e+06,14,CTL,20
7.07894e+06,17,RTS,20
7.07901e+06,20,CTS,14
7.07907e+06,17,QOSDATA_TID6,1066
7.07925e+06,20,ACK,14
7.0793e+06,17,CTL,20
7.07938e+06,18,RTS,20
7.07938e+06,10,RTS,20
7.07948e+06,2,RTS,20
7.07948e+06,14,RTS,20
7.07948e+06,15,RTS,20
7.07958e+06,16,RTS,20
7.07964e+06,20,CTS,14
7.0797e+06,16,QOSDATA_TID6,1066
7.07989e+06,20,ACK,14
7.07993e+06,16,CTL,20
7.08002e+06,11,RTS,20
7.08009e+06,20,CTS,14
7.08015e+06,11,QOSDATA_TID6,1066
7.08033e+06,20,ACK,14
7.08038e+06,11,QOSDATA_TID6,1066
7.08056e+06,20,ACK,14
7.0806e+06,11,QOSDATA_TID6,1066
7.08079e+06,20,ACK,14
7.08083e+06,11,CTL,20
7.08092e+06,8,RTS,20
7.08092e+06,10,RTS,20
7.08092e+06,14,RTS,20
7.08098e+06,20,CTS,14
7.08104e+06,8,QOSDATA_TID6,1066
7.08123e+06,20,ACK,14
7.08127e+06,8,CTL,20
7.08136e+06,10,RTS,20
7.08143e+06,20,CTS,14
7.08149e+06,10,QOSDATA_TID6,1066
7.08167e+06,20,ACK,14
7.08172e+06,10,CTL,20
7.08179e+06,20,BEACON,152
7.08205e+06,5,RTS,20
7.08205e+06,14,RTS,20
7.08205e+06,9,RTS,20
7.08205e+06,4,RTS,20
7.08212e+06,20,CTS,14
7.08218e+06,5,QOSDATA_TID6,1066
7.08237e+06,20,ACK,14
7.08241e+06,5,CTL,20
7.0825e+06,7,RTS,20
7.0825e+06,4,RTS,20
7.08256e+06,20,CTS,14
7.08262e+06,7,QOSDATA_TID6,1066
7.08281e+06,20,ACK,14
7.08285e+06,7,CTL,20
7.08294e+06,19,RTS,20
7.08294e+06,9,RTS,20
7.08301e+06,20,CTS,14
7.08307e+06,19,QOSDATA_TID6,1066
7.08325e+06,20,ACK,14
7.08329e+06,19,QOSDATA_TID6,1066
7.08348e+06,20,ACK,14
7.08352e+06,19,CTL,20
7.08361e+06,17,RTS,20
7.08368e+06,20,CTS,14
7.08374e+06,17,QOSDATA_TID6,1066
7.08392e+06,20,ACK,14
7.08396e+06,17,CTL,20
7.08405e+06,12,RTS,20
7.08405e+06,16,RTS,20
7.08405e+06,2,RTS,20
7.08405e+06,3,RTS,20
7.08405e+06,0,RTS,20
7.08416e+06,1,RTS,20
7.08416e+06,13,RTS,20
7.08422e+06,20,CTS,14
7.08428e+06,1,QOSDATA_TID6,1066
7.08447e+06,20,ACK,14
7.08451e+06,1,CTL,20
7.0846e+06,5,RTS,20
7.0846e+06,2,RTS,20
7.0846e+06,3,RTS,20
7.08467e+06,20,CTS,14
7.08473e+06,5,QOSDATA_TID6,1066
7.08491e+06,20,ACK,14
7.08496e+06,5,CTL,20
7.08504e+06,4,RTS,20
7.08511e+06,20,CTS,14
7.08517e+06,4,QOSDATA_TID6,1066
7.08535e+06,20,ACK,14
7.0854e+06,4,QOSDATA_TID6,1066
7.08558e+06,20,ACK,14
7.08562e+06,4,CTL,20
7.08571e+06,11,RTS,20
7.08571e+06,13,RTS,20
7.08571e+06,15,RTS,20
7.08571e+06,2,RTS,20
7.08571e+06,6,RTS,20
7.08571e+06,14,RTS,20
7.08581e+06,12,RTS,20
7.08588e+06,20,CTS,14
7.08594e+06,12,QOSDATA_TID6,1066
7.08612e+06,20,ACK,14
7.08616e+06,12,CTL,20
7.08626e+06,11,RTS,20
7.08626e+06,18,RTS,20
7.08641e+06,11,RTS,20
7.08648e+06,20,CTS,14
7.08654e+06,11,QOSDATA_TID6,1066
7.08672e+06,20,ACK,14
7.08676e+06,11,CTL,20
7.08685e+06,15,RTS,20
7.08685e+06,18,RTS,20
7.08698e+06,8,RTS,20
7.08704e+06,20,CTS,14
7.0871e+06,8,QOSDATA_TID6,1066
7.08729e+06,20,ACK,14
7.08733e+06,8,CTL,20
7.08743e+06,16,RTS,20
7.08743e+06,6,RTS,20
7.08755e+06,9,RTS,20
7.08762e+06,20,CTS,14
7.08768e+06,9,QOSDATA_TID6,1066
7.08786e+06,20,ACK,14
7.08791e+06,9,CTL,20
7.088e+06,6,RTS,20
7.08806e+06,20,CTS,14
7.08812e+06,6,QOSDATA_TID6,1066
7.08831e+06,20,ACK,14
7.08835e+06,6,CTL,20
7.08844e+06,13,RTS,20
7.0885e+06,20,CTS,14
7.08856e+06,13,QOSDATA_TID6,1066
7.08875e+06,20,ACK,14
7.08879e+06,13,CTL,20
7.08888e+06,15,RTS,20
7.08888e+06,3,RTS,20
7.08888e+06,10,RTS,20
7.08899e+06,0,RTS,20
7.08905e+06,20,CTS,14
7.08911e+06,0,QOSDATA_TID6,1066
7.0893e+06,20,ACK,14
7.08934e+06,0,QOSDATA_TID6,1066
7.08953e+06,20,ACK,14
7.08957e+06,0,CTL,20
7.08966e+06,18,RTS,20
7.08966e+06,14,RTS,20
7.08966e+06,16,RTS,20
7.08976e+06,13,RTS,20
7.08983e+06,20,CTS,14
7.08989e+06,13,QOSDATA_TID6,1066
7.09008e+06,20,ACK,14
7.09012e+06,13,CTL,20
7.09022e+06,7,RTS,20
7.09022e+06,2,RTS,20
7.09034e+06,14,RTS,20
7.09041e+06,20,CTS,14
7.09047e+06,14,QOSDATA_TID6,1066
7.09065e+06,20,ACK,14
7.0907e+06,14,QOSDATA_TID6,1066
7.09088e+06,20,ACK,14
7.09092e+06,14,CTL,20
7.09101e+06,7,RTS,20
7.09101e+06,19,RTS,20
7.09111e+06,6,RTS,20
7.09118e+06,20,CTS,14
7.09124e+06,6,QOSDATA_TID6,1066
7.09142e+06,20,ACK,14
7.09146e+06,6,CTL,20
7.09155e+06,17,RTS,20
7.09155e+06,1,RTS,20
7.09155e+06,19,RTS,20
7.09165e+06,12,RTS,20
7.09172e+06,20,CTS,14
7.09178e+06,12,QOSDATA_TID6,1066
7.09196e+06,20,ACK,14
7.092e+06,12,CTL,20
7.09209e+06,7,RTS,20
7.09209e+06,2,RTS,20
7.09209e+06,18,RTS,20
7.0922e+06,17,RTS,20
7.0922e+06,19,RTS,20
7.0922e+06,1,RTS,20
7.0922e+06,15,RTS,20
7.09229e+06,7,RTS,20
7.09229e+06,5,RTS,20
7.09236e+06,20,CTS,14
7.09242e+06,5,QOSDATA_TID6,1066
7.09261e+06,20,ACK,14
7.09265e+06,5,CTL,20
7.09274e+06,11,RTS,20
7.0928e+06,20,CTS,14
7.09286e+06,11,QOSDATA_TID6,1066
7.09305e+06,20,ACK,14
7.09309e+06,11,CTL,20
7.09318e+06,17,RTS,20
7.09318e+06,7,RTS,20
7.09318e+06,9,RTS,20
7.09328e+06,4,RTS,20
7.09335e+06,20,CTS,14
7.09341e+06,4,QOSDATA_TID6,1066
7.0936e+06,20,ACK,14
7.09364e+06,4,CTL,20
7.09373e+06,16,RTS,20
7.09373e+06,9,RTS,20
7.09384e+06,15,RTS,20
7.09391e+06,20,CTS,14
7.09397e+06,15,QOSDATA_TID6,1066
7.09416e+06,20,ACK,14
7.0942e+06,15,QOSDATA_TID6,1066
7.09438e+06,20,ACK,14
7.09443e+06,15,QOSDATA_TID6,1066
7.09461e+06,20,ACK,14
7.09466e+06,15,QOSDATA_TID6,1066
7.09484e+06,20,ACK,14
7.09488e+06,15,CTL,20
7.09498e+06,19,RTS,20
7.09498e+06,10,RTS,20
7.09505e+06,20,CTS,14
7.09511e+06,19,QOSDATA_TID6,1066
7.09529e+06,20,ACK,14
7.09534e+06,19,CTL,20
7.09542e+06,10,RTS,20
7.09542e+06,14,RTS,20
7.09553e+06,8,RTS,20
7.09553e+06,17,RTS,20
7.09563e+06,10,RTS,20
7.09569e+06,20,CTS,14
7.09575e+06,10,QOSDATA_TID6,1066
7.09594e+06,20,ACK,14
7.09598e+06,10,QOSDATA_TID6,1066
7.09617e+06,20,ACK,14
7.09621e+06,10,CTL,20
7.0963e+06,8,RTS,20
7.09636e+06,20,CTS,14
7.09642e+06,8,QOSDATA_TID6,1066
7.09661e+06,20,ACK,14
7.09665e+06,8,CTL,20
7.09675e+06,1,RTS,20
7.09675e+06,7,RTS,20
7.09675e+06,2,RTS,20
7.09675e+06,18,RTS,20
7.09675e+06,14,RTS,20
7.09685e+06,16,RTS,20
7.09692e+06,20,CTS,14
7.09698e+06,16,QOSDATA_TID6,1066
7.09717e+06,20,ACK,14
7.09721e+06,16,QOSDATA_TID6,1066
7.09739e+06,20,ACK,14
7.09744e+06,16,QOSDATA_TID6,1066
7.09762e+06,20,ACK,14
7.09767e+06,16,CTL,20
7.09775e+06,18,RTS,20
7.09782e+06,20,CTS,14
7.09788e+06,18,QOSDATA_TID6,1066
7.09806e+06,20,ACK,14
7.09811e+06,18,QOSDATA_TID6,1066
7.09829e+06,20,ACK,14
7.09834e+06,18,QOSDATA_TID6,1066
7.09852e+06,20,ACK,14
7.09856e+06,18,CTL,20
7.09865e+06,12,RTS,20
7.09872e+06,20,CTS,14
7.09878e+06,12,QOSDATA_TID6,1066
7.09896e+06,20,ACK,14
7.09901e+06,12,CTL,20
7.09909e+06,13,RTS,20
7.09909e+06,0,RTS,20
7.09909e+06,6,RTS,20
7.09919e+06,2,RTS,20
7.09919e+06,3,RTS,20
7.09919e+06,11,RTS,20
7.09919e+06,9,RTS,20
7.09929e+06,14,RTS,20
7.09936e+06,20,CTS,14
7.09942e+06,14,QOSDATA_TID6,1066
7.0996e+06,20,ACK,14
7.09964e+06,14,CTL,20
7.09973e+06,19,RTS,20
7.0998e+06,20,CTS,14
7.09986e+06,19,QOSDATA_TID6,1066
7.10004e+06,20,ACK,14
7.10009e+06,19,CTL,20
7.10018e+06,17,RTS,20
7.10018e+06,6,RTS,20
7.10025e+06,20,CTS,14
7.10031e+06,17,QOSDATA_TID6,1066
7.10049e+06,20,ACK,14
7.10054e+06,17,QOSDATA_TID6,1066
7.10072e+06,20,ACK,14
7.10076e+06,17,CTL,20
7.10085e+06,5,RTS,20
7.10085e+06,4,RTS,20
7.10092e+06,20,CTS,14
7.10098e+06,5,QOSDATA_TID6,1066
7.10116e+06,20,ACK,14
7.10121e+06,5,CTL,20
7.1013e+06,15,RTS,20
7.10137e+06,20,CTS,14
7.10143e+06,15,QOSDATA_TID6,1066
7.10161e+06,20,ACK,14
7.10166e+06,15,CTL,20
7.10174e+06,13,RTS,20
7.10174e+06,11,RTS,20
7.10174e+06,4,RTS,20
7.10174e+06,9,RTS,20
7.10184e+06,7,RTS,20
7.10191e+06,20,CTS,14
7.10197e+06,7,QOSDATA_TID6,1066
7.10216e+06,20,ACK,14
7.1022e+06,7,QOSDATA_TID6,1066
7.10238e+06,20,ACK,14
7.10243e+06,7,CTL,20
7.10251e+06,11,RTS,20
7.10251e+06,6,RTS,20
7.10263e+06,3,RTS,20
7.1027e+06,20,CTS,14
7.10276e+06,3,QOSDATA_TID6,1066
7.10294e+06,20,ACK,14
7.10298e+06,3,QOSDATA_TID6,1066
7.10317e+06,20,ACK,14
7.10321e+06,3,QOSDATA_TID6,1066
7.1034e+06,20,ACK,14
7.10344e+06,3,CTL,20
7.10354e+06,2,RTS,20
7.10354e+06,10,RTS,20
7.10354e+06,18,RTS,20
7.10354e+06,1,RTS,20
7.10354e+06,0,RTS,20
7.10354e+06,6,RTS,20
7.10354e+06,14,RTS,20
7.10364e+06,4,RTS,20
7.10371e+06,20,CTS,14
7.10377e+06,4,QOSDATA_TID6,1066
7.10396e+06,20,ACK,14
7.104e+06,4,CTL,20
7.10408e+06,13,RTS,20
7.10408e+06,9,RTS,20
7.10408e+06,14,RTS,20
7.10419e+06,18,RTS,20
7.10419e+06,11,RTS,20
7.10432e+06,11,RTS,20
7.10439e+06,20,CTS,14
7.10445e+06,11,QOSDATA_TID6,1066
7.10464e+06,20,ACK,14
7.10468e+06,11,CTL,20
7.10476e+06,16,RTS,20
7.10476e+06,13,RTS,20
7.10486e+06,2,RTS,20
7.10493e+06,20,CTS,14
7.10499e+06,2,QOSDATA_TID6,1066
7.10518e+06,20,ACK,14
7.10522e+06,2,QOSDATA_TID6,1066
7.1054e+06,20,ACK,14
7.10545e+06,2,QOSDATA_TID6,1066
7.10563e+06,20,ACK,14
7.10568e+06,2,QOSDATA_TID6,1066
7.10586e+06,20,ACK,14
7.1059e+06,2,CTL,20
7.10599e+06,10,RTS,20
7.10606e+06,20,CTS,14
7.10612e+06,10,QOSDATA_TID6,1066
7.1063e+06,20,ACK,14
7.10634e+06,10,CTL,20
7.10643e+06,18,RTS,20
7.10643e+06,7,RTS,20
7.1065e+06,20,CTS,14
7.10656e+06,7,QOSDATA_TID6,1066
7.10674e+06,20,ACK,14
7.10679e+06,7,CTL,20
7.10687e+06,11,RTS,20
7.10687e+06,18,RTS,20
7.10704e+06,11,RTS,20
7.10704e+06,18,RTS,20
7.10718e+06,18,RTS,20
7.10725e+06,20,CTS,14
7.10731e+06,18,QOSDATA_TID6,1066
7.10749e+06,20,ACK,14
7.10754e+06,18,CTL,20
7.10762e+06,17,RTS,20
7.10769e+06,20,CTS,14
7.10775e+06,17,QOSDATA_TID6,1066
7.10793e+06,20,ACK,14
7.10798e+06,17,CTL,20
7.10806e+06,8,RTS,20
7.10806e+06,19,RTS,20
7.10806e+06,12,RTS,20
7.10806e+06,11,RTS,20
7.10806e+06,3,RTS,20
7.10806e+06,14,RTS,20
7.10817e+06,0,CTS,14
7.10817e+06,6,RTS,20
7.10817e+06,13,RTS,20
7.10829e+06,9,RTS,20
7.10836e+06,20,CTS,14
7.10842e+06,9,QOSDATA_TID6,1066
7.1086e+06,20,ACK,14
7.10864e+06,9,QOSDATA_TID6,1066
7.10883e+06,20,ACK,14
7.10887e+06,9,QOSDATA_TID6,1066
7.10906e+06,20,ACK,14
7.1091e+06,9,CTL,20
7.10919e+06,2,RTS,20
7.10919e+06,5,RTS,20
7.10919e+06,4,RTS,20
7.10919e+06,15,RTS,20
7.10925e+06,20,CTS,14
7.10931e+06,5,QOSDATA_TID6,1066
7.1095e+06,20,ACK,14
7.10954e+06,5,CTL,20
7.10963e+06,4,RTS,20
7.1097e+06,20,CTS,14
7.10976e+06,4,QOSDATA_TID6,1066
7.10994e+06,20,ACK,14
7.10998e+06,4,CTL,20
7.11007e+06,2,RTS,20
7.11014e+06,20,CTS,14
7.1102e+06,2,QOSDATA_TID6,1066
7.11038e+06,20,ACK,14
7.11043e+06,2,CTL,20
7.11051e+06,18,RTS,20
7.11051e+06,1,RTS,20
7.11051e+06,14,RTS,20
7.11051e+06,16,RTS,20
7.11063e+06,6,RTS,20
7.11063e+06,3,RTS,20
7.1107e+06,20,CTS,14
7.11076e+06,6,QOSDATA_TID6,1066
7.11094e+06,20,ACK,14
7.11098e+06,6,QOSDATA_TID6,1066
7.11117e+06,20,ACK,14
7.11121e+06,6,CTL,20
7.1113e+06,14,RTS,20
7.1113e+06,12,RTS,20
7.11137e+06,20,CTS,14
7.11143e+06,12,QOSDATA_TID6,1066
7.11161e+06,20,ACK,14
7.11165e+06,12,CTL,20
7.11175e+06,8,RTS,20
7.11175e+06,3,RTS,20
7.11175e+06,10,RTS,20
7.11182e+06,20,CTS,14
7.11188e+06,8,QOSDATA_TID6,1066
7.11206e+06,20,ACK,14
7.1121e+06,8,QOSDATA_TID6,1066
7.11229e+06,20,ACK,14
7.11233e+06,8,CTL,20
7.11242e+06,10,RTS,20
7.11249e+06,20,CTS,14
7.11255e+06,10,QOSDATA_TID6,1066
7.11273e+06,20,ACK,14
7.11278e+06,10,CTL,20
7.11286e+06,14,RTS,20
7.11293e+06,20,CTS,14
7.11299e+06,14,QOSDATA_TID6,1066
7.11317e+06,20,ACK,14
7.11322e+06,14,QOSDATA_TID6,1066
7.1134e+06,20,ACK,14
7.11344e+06,14,CTL,20
7.11353e+06,15,RTS,20
7.11353e+06,0,RTS,20
7.11353e+06,13,RTS,20
7.11363e+06,3,RTS,20
7.1137e+06,20,CTS,14
7.11376e+06,3,QOSDATA_TID6,1066
7.11394e+06,20,ACK,14
7.11398e+06,3,CTL,20
7.11407e+06,19,RTS,20
7.11407e+06,11,RTS,20
7.11407e+06,13,RTS,20
7.11418e+06,18,RTS,20
7.11425e+06,20,CTS,14
7.11431e+06,18,QOSDATA_TID6,1066
7.11449e+06,20,ACK,14
7.11453e+06,18,CTL,20
7.11462e+06,0,RTS,20
7.11462e+06,3,RTS,20
7.11462e+06,7,RTS,20
7.11473e+06,19,RTS,20
7.11473e+06,15,RTS,20
7.11483e+06,7,RTS,20
7.1149e+06,20,CTS,14
7.11496e+06,7,QOSDATA_TID6,1066
7.11515e+06,20,ACK,14
7.11519e+06,7,CTL,20
7.11528e+06,0,RTS,20
7.11535e+06,20,CTS,14
7.11541e+06,0,QOSDATA_TID6,1066
7.1156e+06,20,ACK,14
7.11564e+06,0,QOSDATA_TID6,1066
7.11582e+06,20,ACK,14
7.11587e+06,0,QOSDATA_TID6,1066
7.11605e+06,20,ACK,14
7.1161e+06,0,CTL,20
7.11618e+06,12,RTS,20
7.11618e+06,9,RTS,20
7.11618e+06,13,RTS,20
7.11618e+06,16,RTS,20
7.11625e+06,20,CTS,14
7.11631e+06,12,QOSDATA_TID6,1066
7.1165e+06,20,ACK,14
7.11654e+06,12,CTL,20
7.11663e+06,1,RTS,20
7.11663e+06,5,RTS,20
7.11663e+06,16,RTS,20
7.11663e+06,2,RTS,20
7.11663e+06,6,RTS,20
7.11663e+06,10,RTS,20
7.11669e+06,20,CTS,14
7.11675e+06,5,QOSDATA_TID6,1066
7.11694e+06,20,ACK,14
7.11698e+06,5,CTL,20
7.11707e+06,16,RTS,20
7.11707e+06,4,RTS,20
7.11717e+06,10,RTS,20
7.11723e+06,20,CTS,14
7.11729e+06,10,QOSDATA_TID6,1066
7.11748e+06,20,ACK,14
7.11752e+06,10,CTL,20
7.11761e+06,2,RTS,20
7.11761e+06,9,RTS,20
7.11768e+06,20,CTS,14
7.11774e+06,2,QOSDATA_TID6,1066
7.11792e+06,20,ACK,14
7.11796e+06,2,CTL,20
7.11805e+06,19,RTS,20
7.11805e+06,17,RTS,20
7.11812e+06,20,CTS,14
7.11818e+06,17,QOSDATA_TID6,1066
7.11836e+06,20,ACK,14
7.11841e+06,17,CTL,20
7.11849e+06,1,RTS,20
7.11849e+06,3,RTS,20
7.11849e+06,13,RTS,20
7.1186e+06,6,RTS,20
7.11867e+06,20,CTS,14
7.11873e+06,6,QOSDATA_TID6,1066
7.11891e+06,20,ACK,14
7.11896e+06,6,CTL,20
7.11904e+06,18,RTS,20
7.11904e+06,13,RTS,20
7.11914e+06,14,RTS,20
7.11921e+06,20,CTS,14
7.11927e+06,14,QOSDATA_TID6,1066
7.11945e+06,20,ACK,14
7.1195e+06,14,CTL,20
7.11958e+06,8,RTS,20
7.11965e+06,20,CTS,14
7.11971e+06,8,QOSDATA_TID6,1066
7.11989e+06,20,ACK,14
7.11994e+06,8,CTL,20
7.12002e+06,9,RTS,20
7.12002e+06,15,RTS,20
7.12009e+06,20,CTS,14
7.12015e+06,15,QOSDATA_TID6,1066
7.12034e+06,20,ACK,14
7.12038e+06,15,QOSDATA_TID6,1066
7.12056e+06,20,ACK,14
7.12061e+06,15,CTL,20
7.12069e+06,4,RTS,20
7.12076e+06,20,CTS,14
7.12082e+06,4,QOSDATA_TID6,1066
7.121e+06,20,ACK,14
7.12105e+06,4,CTL,20
7.12114e+06,0,RTS,20
7.1212e+06,20,CTS,14
7.12126e+06,0,QOSDATA_TID6,1066
7.12145e+06,20,ACK,14
7.12149e+06,0,CTL,20
7.12158e+06,11,RTS,20
7.12158e+06,16,RTS,20
7.12168e+06,1,RTS,20
7.12168e+06,9,RTS,20
7.12168e+06,18,RTS,20
7.12179e+06,13,RTS,20
7.12186e+06,20,CTS,14
7.12192e+06,13,QOSDATA_TID6,1066
7.1221e+06,20,ACK,14
7.12215e+06,13,QOSDATA_TID6,1066
7.12233e+06,20,ACK,14
7.12238e+06,13,QOSDATA_TID6,1066
7.12256e+06,20,ACK,14
7.1226e+06,13,CTL,20
7.1227e+06,19,RTS,20
7.12277e+06,20,CTS,14
7.12283e+06,19,QOSDATA_TID6,1066
7.12301e+06,20,ACK,14
7.12305e+06,19,QOSDATA_TID6,1066
7.12324e+06,20,ACK,14
7.12328e+06,19,QOSDATA_TID6,1066
7.12347e+06,20,ACK,14
7.12351e+06,19,CTL,20
7.1236e+06,12,RTS,20
7.1236e+06,7,RTS,20
7.1236e+06,6,RTS,20
7.12369e+06,3,RTS,20
7.12376e+06,20,CTS,14
7.12382e+06,3,QOSDATA_TID6,1066
7.12401e+06,20,ACK,14
7.12405e+06,3,QOSDATA_TID6,1066
7.12424e+06,20,ACK,14
7.12428e+06,3,CTL,20
7.12436e+06,6,RTS,20
7.12436e+06,11,RTS,20
7.12447e+06,5,RTS,20
7.12447e+06,9,RTS,20
7.12454e+06,20,CTS,14
7.1246e+06,5,QOSDATA_TID6,1066
7.12478e+06,20,ACK,14
7.12483e+06,5,CTL,20
7.12491e+06,2,RTS,20
7.12491e+06,4,RTS,20
7.12498e+06,20,CTS,14
7.12504e+06,2,QOSDATA_TID6,1066
7.12523e+06,20,ACK,14
7.12527e+06,2,CTL,20
7.12536e+06,17,RTS,20
7.12542e+06,20,CTS,14
7.12548e+06,17,QOSDATA_TID6,1066
7.12567e+06,20,ACK,14
7.12571e+06,17,CTL,20
7.1258e+06,1,RTS,20
7.1258e+06,11,RTS,20
7.1258e+06,18,RTS,20
7.1258e+06,15,RTS,20
7.1259e+06,9,RTS,20
7.12597e+06,20,CTS,14
7.12603e+06,9,QOSDATA_TID6,1066
7.12622e+06,20,ACK,14
7.12626e+06,9,QOSDATA_TID6,1066
7.12644e+06,20,ACK,14
7.12649e+06,9,CTL,20
7.12658e+06,6,RTS,20
7.12658e+06,11,RTS,20
7.12671e+06,11,RTS,20
7.12677e+06,20,CTS,14
7.12683e+06,11,QOSDATA_TID6,1066
7.12702e+06,20,ACK,14
7.12706e+06,11,QOSDATA_TID6,1066
7.12725e+06,20,ACK,14
7.12729e+06,11,CTL,20
7.12738e+06,14,RTS,20
7.12744e+06,20,CTS,14
7.1275e+06,14,QOSDATA_TID6,1066
7.12769e+06,20,ACK,14
7.12773e+06,14,CTL,20
7.12782e+06,15,RTS,20
7.12782e+06,1,RTS,20
7.12782e+06,4,RTS,20
7.12792e+06,10,RTS,20
7.12799e+06,20,CTS,14
7.12805e+06,10,QOSDATA_TID6,1066
7.12824e+06,20,ACK,14
7.12828e+06,10,CTL,20
7.12837e+06,1,RTS,20
7.12837e+06,7,RTS,20
7.12849e+06,18,RTS,20
7.12856e+06,20,CTS,14
7.12862e+06,18,QOSDATA_TID6,1066
7.1288e+06,20,ACK,14
7.12885e+06,18,QOSDATA_TID6,1066
7.12903e+06,20,ACK,14
7.12908e+06,18,CTL,20
7.12916e+06,0,RTS,20
7.12916e+06,6,RTS,20
7.12916e+06,1,RTS,20
7.1293e+06,1,RTS,20
7.1293e+06,15,RTS,20
7.12943e+06,7,RTS,20
7.1295e+06,20,CTS,14
7.12956e+06,7,QOSDATA_TID6,1066
7.12974e+06,20,ACK,14
7.12979e+06,7,QOSDATA_TID6,1066
7.12997e+06,20,ACK,14
7.13001e+06,7,CTL,20
7.1301e+06,15,RTS,20
7.13017e+06,20,CTS,14
7.13023e+06,15,QOSDATA_TID6,1066
7.13041e+06,20,ACK,14
7.13046e+06,15,CTL,20
7.13054e+06,12,RTS,20
7.13054e+06,1,RTS,20
7.13054e+06,16,RTS,20
7.13061e+06,20,CTS,14
7.13067e+06,12,QOSDATA_TID6,1066
7.13085e+06,20,ACK,14
7.1309e+06,12,QOSDATA_TID6,1066
7.13108e+06,20,ACK,14
7.13113e+06,12,CTL,20
7.13121e+06,13,RTS,20
7.13128e+06,20,CTS,14
7.13134e+06,13,QOSDATA_TID6,1066
7.13152e+06,20,ACK,14
7.13157e+06,13,CTL,20
7.13166e+06,8,RTS,20
7.13172e+06,20,CTS,14
7.13178e+06,8,QOSDATA_TID6,1066
7.13197e+06,20,ACK,14
7.13201e+06,8,CTL,20
7.1321e+06,17,RTS,20
7.1321e+06,4,RTS,20
7.1321e+06,3,RTS,20
7.1321e+06,9,RTS,20
7.1321e+06,0,RTS,20
7.1321e+06,6,RTS,20
7.13226e+06,4,RTS,20
7.13226e+06,6,RTS,20
7.13232e+06,20,CTS,14
7.13238e+06,6,QOSDATA_TID6,1066
7.13257e+06,20,ACK,14
7.13261e+06,6,QOSDATA_TID6,1066
7.1328e+06,20,ACK,14
7.13284e+06,6,CTL,20
7.13292e+06,10,RTS,20
7.13299e+06,20,CTS,14
7.13305e+06,10,QOSDATA_TID6,1066
7.13324e+06,20,ACK,14
7.13328e+06,10,CTL,20
7.13337e+06,19,RTS,20
7.13337e+06,1,RTS,20
7.13337e+06,15,RTS,20
7.13337e+06,11,RTS,20
7.13346e+06,3,RTS,20
7.13353e+06,20,CTS,14
7.13359e+06,3,QOSDATA_TID6,1066
7.13378e+06,20,ACK,14
7.13382e+06,3,CTL,20
7.13391e+06,2,RTS,20
7.13391e+06,5,RTS,20
7.13391e+06,11,RTS,20
7.13398e+06,20,CTS,14
7.13404e+06,5,QOSDATA_TID6,1066
7.13422e+06,20,ACK,14
7.13426e+06,5,CTL,20
7.13435e+06,2,RTS,20
7.13435e+06,18,RTS,20
7.13446e+06,16,RTS,20
7.13446e+06,4,RTS,20
7.13457e+06,18,RTS,20
7.13464e+06,20,CTS,14
7.1347e+06,18,QOSDATA_TID6,1066
7.13488e+06,20,ACK,14
7.13493e+06,18,CTL,20
7.13501e+06,0,CTS,14
7.13501e+06,15,RTS,20
7.13512e+06,0,RTS,20
7.13519e+06,20,CTS,14
7.13525e+06,0,QOSDATA_TID6,1066
7.13543e+06,20,ACK,14
7.13547e+06,0,CTL,20
7.13556e+06,8,RTS,20
7.13563e+06,20,CTS,14
7.13569e+06,8,QOSDATA_TID6,1066
7.13587e+06,20,ACK,14
7.13592e+06,8,CTL,20
7.136e+06,16,RTS,20
7.136e+06,9,RTS,20
7.136e+06,14,RTS,20
7.1361e+06,19,RTS,20
7.13617e+06,20,CTS,14
7.13623e+06,19,QOSDATA_TID6,1066
7.13641e+06,20,ACK,14
7.13646e+06,19,CTL,20
7.13655e+06,1,RTS,20
7.13655e+06,17,RTS,20
7.13655e+06,11,RTS,20
7.13667e+06,9,RTS,20
7.13674e+06,20,CTS,14
7.1368e+06,9,QOSDATA_TID6,1066
7.13698e+06,20,ACK,14
7.13702e+06,9,CTL,20
7.13711e+06,0,RTS,20
7.13718e+06,20,CTS,14
7.13724e+06,0,QOSDATA_TID6,1066
7.13742e+06,20,ACK,14
7.13746e+06,0,CTL,20
7.13755e+06,2,RTS,20
7.13755e+06,15,RTS,20
7.13765e+06,16,RTS,20
7.13765e+06,4,RTS,20
7.13775e+06,13,RTS,20
7.13782e+06,20,CTS,14
7.13788e+06,13,QOSDATA_TID6,1066
7.13806e+06,20,ACK,14
7.13811e+06,13,CTL,20
7.13819e+06,14,RTS,20
7.13819e+06,9,RTS,20
7.13829e+06,7,RTS,20
7.13836e+06,20,CTS,14
7.13842e+06,7,QOSDATA_TID6,1066
7.1386e+06,20,ACK,14
7.13865e+06,7,CTL,20
7.13873e+06,12,RTS,20
7.13873e+06,17,RTS,20
7.13873e+06,14,RTS,20
7.13873e+06,9,RTS,20
7.13883e+06,4,RTS,20
7.1389e+06,20,CTS,14
7.13896e+06,4,QOSDATA_TID6,1066
7.13914e+06,20,ACK,14
7.13919e+06,4,QOSDATA_TID6,1066
7.13937e+06,20,ACK,14
7.13942e+06,4,CTL,20
7.1395e+06,16,RTS,20
7.1395e+06,19,RTS,20
7.13957e+06,20,CTS,14
7.13963e+06,19,QOSDATA_TID6,1066
7.13981e+06,20,ACK,14
7.13986e+06,19,CTL,20
7.13995e+06,1,RTS,20
7.13995e+06,12,RTS,20
7.13995e+06,3,RTS,20
7.14002e+06,20,CTS,14
7.14008e+06,12,QOSDATA_TID6,1066
7.14026e+06,20,ACK,14
7.14031e+06,12,CTL,20
7.1404e+06,17,RTS,20
7.14046e+06,20,CTS,14
7.14052e+06,17,QOSDATA_TID6,1066
7.14071e+06,20,ACK,14
7.14075e+06,17,QOSDATA_TID6,1066
7.14094e+06,20,ACK,14
7.14098e+06,17,CTL,20
7.14106e+06,5,RTS,20
7.14106e+06,11,RTS,20
7.14106e+06,10,RTS,20
7.14113e+06,20,CTS,14
7.14119e+06,5,QOSDATA_TID6,1066
7.14138e+06,20,ACK,14
7.14142e+06,5,CTL,20
7.14152e+06,2,RTS,20
7.14152e+06,4,RTS,20
7.14158e+06,20,CTS,14
7.14164e+06,2,QOSDATA_TID6,1066
7.14183e+06,20,ACK,14
7.14187e+06,2,QOSDATA_TID6,1066
7.14206e+06,20,ACK,14
7.1421e+06,2,CTL,20
7.1422e+06,6,RTS,20
7.1422e+06,15,RTS,20
7.1423e+06,3,RTS,20
7.1423e+06,9,RTS,20
7.1424e+06,18,RTS,20
7.14247e+06,20,CTS,14
7.14253e+06,18,QOSDATA_TID6,1066
7.14272e+06,20,ACK,14
7.14276e+06,18,CTL,20
7.14285e+06,9,RTS,20
7.14291e+06,20,CTS,14
7.14297e+06,9,QOSDATA_TID6,1066
7.14316e+06,20,ACK,14
7.1432e+06,9,CTL,20
7.14329e+06,8,RTS,20
7.14329e+06,16,RTS,20
7.14329e+06,4,RTS,20
7.14336e+06,20,CTS,14
7.14342e+06,8,QOSDATA_TID6,1066
7.1436e+06,20,ACK,14
7.14364e+06,8,CTL,20
7.14373e+06,6,RTS,20
7.1438e+06,20,CTS,14
7.14386e+06,6,QOSDATA_TID6,1066
7.14404e+06,20,ACK,14
7.14409e+06,6,CTL,20
7.14417e+06,10,RTS,20
7.14417e+06,1,RTS,20
7.14424e+06,20,CTS,14
7.1443e+06,1,QOSDATA_TID6,1066
7.14448e+06,20,ACK,14
7.14453e+06,1,QOSDATA_TID6,1066
7.14471e+06,20,ACK,14
7.14476e+06,1,QOSDATA_TID6,1066
7.14494e+06,20,ACK,14
7.14498e+06,1,QOSDATA_TID6,1066
7.14517e+06,20,ACK,14
7.14521e+06,1,QOSDATA_TID6,1066
7.1454e+06,20,ACK,14
7.14544e+06,1,CTL,20
7.14553e+06,0,RTS,20
7.14553e+06,10,RTS,20
7.14553e+06,14,RTS,20
7.14562e+06,11,RTS,20
7.14562e+06,13,RTS,20
7.14562e+06,4,RTS,20
7.14572e+06,7,RTS,20
7.14573e+06,9,RTS,20
7.14579e+06,20,CTS,14
7.14585e+06,7,QOSDATA_TID6,1066
7.14603e+06,20,ACK,14
7.14608e+06,7,CTL,20
7.14617e+06,16,RTS,20
7.14624e+06,20,CTS,14
7.1463e+06,16,QOSDATA_TID6,1066
7.14648e+06,20,ACK,14
7.14653e+06,16,QOSDATA_TID6,1066
7.14671e+06,20,ACK,14
7.14676e+06,16,QOSDATA_TID6,1066
7.14694e+06,20,ACK,14
7.14698e+06,16,QOSDATA_TID6,1066
7.14717e+06,20,ACK,14
7.14721e+06,16,QOSDATA_TID6,1066
7.1474e+06,20,ACK,14
7.14744e+06,16,CTL,20
7.14753e+06,4,RTS,20
7.14753e+06,17,RTS,20
7.14753e+06,13,RTS,20
7.14753e+06,15,RTS,20
7.1476e+06,20,CTS,14
7.14766e+06,17,QOSDATA_TID6,1066
7.14784e+06,20,ACK,14
7.14788e+06,17,CTL,20
7.14797e+06,3,RTS,20
7.14797e+06,9,RTS,20
7.14807e+06,1,RTS,20
7.14807e+06,12,RTS,20
7.14807e+06,4,RTS,20
7.14807e+06,15,RTS,20
7.14818e+06,0,RTS,20
7.14818e+06,6,RTS,20
7.14827e+06,3,RTS,20
7.14827e+06,11,RTS,20
7.14838e+06,19,RTS,20
7.14838e+06,5,RTS,20
7.14838e+06,15,RTS,20
7.14845e+06,20,CTS,14
7.14851e+06,5,QOSDATA_TID6,1066
7.14869e+06,20,ACK,14
7.14874e+06,5,CTL,20
7.14883e+06,10,RTS,20
7.1489e+06,20,CTS,14
7.14896e+06,10,QOSDATA_TID6,1066
7.14914e+06,20,ACK,14
7.14919e+06,10,QOSDATA_TID6,1066
7.14937e+06,20,ACK,14
7.14942e+06,10,CTL,20
7.1495e+06,6,RTS,20
7.1495e+06,15,RTS,20
7.14961e+06,12,RTS,20
7.14961e+06,4,RTS,20
7.14968e+06,20,CTS,14
7.14974e+06,12,QOSDATA_TID6,1066
7.14992e+06,20,ACK,14
7.14996e+06,12,CTL,20
7.15005e+06,15,RTS,20
7.15012e+06,20,CTS,14
7.15018e+06,15,QOSDATA_TID6,1066
7.15036e+06,20,ACK,14
7.15041e+06,15,QOSDATA_TID6,1066
7.15059e+06,20,ACK,14
7.15063e+06,15,CTL,20
7.15072e+06,14,RTS,20
7.15072e+06,13,RTS,20
7.15072e+06,2,RTS,20
7.15072e+06,4,RTS,20
7.15084e+06,8,RTS,20
7.15084e+06,19,RTS,20
7.1509e+06,20,CTS,14
7.15096e+06,8,QOSDATA_TID6,1066
7.15115e+06,20,ACK,14
7.15119e+06,8,CTL,20
7.15128e+06,1,RTS,20
7.15128e+06,0,CTS,14
7.15128e+06,14,RTS,20
7.15141e+06,1,RTS,20
7.15148e+06,20,CTS,14
7.15154e+06,1,QOSDATA_TID6,1066
7.15172e+06,20,ACK,14
7.15176e+06,1,CTL,20
7.15185e+06,9,RTS,20
7.15185e+06,14,RTS,20
7.15197e+06,11,RTS,20
7.15204e+06,20,CTS,14
7.1521e+06,11,QOSDATA_TID6,1066
7.15228e+06,20,ACK,14
7.15232e+06,11,QOSDATA_TID6,1066
7.15251e+06,20,ACK,14
7.15255e+06,11,QOSDATA_TID6,1066
7.15274e+06,20,ACK,14
7.15278e+06,11,CTL,20
7.15286e+06,4,RTS,20
7.15293e+06,20,CTS,14
7.15299e+06,4,QOSDATA_TID6,1066
7.15318e+06,20,ACK,14
7.15322e+06,4,CTL,20
7.15332e+06,16,RTS,20
7.15332e+06,3,RTS,20
7.15341e+06,19,RTS,20
7.15348e+06,20,CTS,14
7.15354e+06,19,QOSDATA_TID6,1066
7.15373e+06,20,ACK,14
7.15377e+06,19,CTL,20
7.15386e+06,7,RTS,20
7.15392e+06,20,CTS,14
7.15398e+06,7,QOSDATA_TID6,1066
7.15417e+06,20,ACK,14
7.15421e+06,7,CTL,20
7.1543e+06,14,RTS,20
7.15437e+06,20,CTS,14
7.15443e+06,14,QOSDATA_TID6,1066
7.15461e+06,20,ACK,14
7.15465e+06,14,QOSDATA_TID6,1066
7.15484e+06,20,ACK,14
7.15488e+06,14,CTL,20
7.15497e+06,6,RTS,20
7.15497e+06,18,RTS,20
7.15497e+06,2,RTS,20
7.15497e+06,19,RTS,20
7.15508e+06,12,RTS,20
7.15514e+06,20,CTS,14
7.1552e+06,12,QOSDATA_TID6,1066
7.15539e+06,20,ACK,14
7.15543e+06,12,CTL,20
7.15552e+06,17,RTS,20
7.15552e+06,6,RTS,20
7.15558e+06,20,CTS,14
7.15564e+06,17,QOSDATA_TID6,1066
7.15583e+06,20,ACK,14
7.15587e+06,17,CTL,20
7.15596e+06,9,RTS,20
7.15596e+06,13,RTS,20
7.15606e+06,1,RTS,20
7.15606e+06,11,RTS,20
7.15613e+06,20,CTS,14
7.15619e+06,1,QOSDATA_TID6,1066
7.15637e+06,20,ACK,14
7.15641e+06,1,CTL,20
7.15651e+06,2,RTS,20
7.15651e+06,3,RTS,20
7.15658e+06,20,CTS,14
7.15664e+06,2,QOSDATA_TID6,1066
7.15682e+06,20,ACK,14
7.15686e+06,2,QOSDATA_TID6,1066
7.15705e+06,20,ACK,14
7.15709e+06,2,CTL,20
7.15718e+06,10,RTS,20
7.15725e+06,20,CTS,14
7.15731e+06,10,QOSDATA_TID6,1066
7.15749e+06,20,ACK,14
7.15754e+06,10,CTL,20
7.15762e+06,16,RTS,20
7.15769e+06,20,CTS,14
7.15775e+06,16,QOSDATA_TID6,1066
7.15793e+06,20,ACK,14
7.15798e+06,16,CTL,20
7.15807e+06,11,RTS,20
7.15807e+06,4,RTS,20
7.15807e+06,5,RTS,20
7.15807e+06,9,RTS,20
7.15807e+06,15,RTS,20
7.15807e+06,18,RTS,20
7.15814e+06,20,CTS,14
7.1582e+06,5,QOSDATA_TID6,1066
7.15838e+06,20,ACK,14
7.15843e+06,5,CTL,20
7.15851e+06,11,RTS,20
7.15858e+06,20,CTS,14
7.15864e+06,11,QOSDATA_TID6,1066
7.15883e+06,20,ACK,14
7.15887e+06,11,CTL,20
7.15896e+06,4,RTS,20
7.15902e+06,20,CTS,14
7.15908e+06,4,QOSDATA_TID6,1066
7.15927e+06,20,ACK,14
7.15931e+06,4,CTL,20
7.1594e+06,8,RTS,20
7.1594e+06,19,RTS,20
7.1594e+06,14,RTS,20
7.1595e+06,13,RTS,20
7.1595e+06,18,RTS,20
7.1595e+06,3,RTS,20
7.15963e+06,14,RTS,20
7.1597e+06,20,CTS,14
7.15976e+06,14,QOSDATA_TID6,1066
7.15994e+06,20,ACK,14
7.15999e+06,14,CTL,20
7.16007e+06,13,RTS,20
7.16007e+06,19,RTS,20
7.16007e+06,3,RTS,20
7.16018e+06,18,RTS,20
7.16018e+06,6,RTS,20
7.1603e+06,8,RTS,20
7.1603e+06,19,RTS,20
7.16036e+06,20,CTS,14
7.16042e+06,8,QOSDATA_TID6,1066
7.16061e+06,20,ACK,14
7.16065e+06,8,CTL,20
7.16074e+06,3,RTS,20
7.1608e+06,20,CTS,14
7.16086e+06,3,QOSDATA_TID6,1066
7.16105e+06,20,ACK,14
7.16109e+06,3,QOSDATA_TID6,1066
7.16128e+06,20,ACK,14
7.16132e+06,3,CTL,20
7.16141e+06,0,RTS,20
7.16141e+06,16,RTS,20
7.16141e+06,15,RTS,20
7.1615e+06,7,RTS,20
7.1615e+06,9,RTS,20
7.16157e+06,20,CTS,14
7.16163e+06,7,QOSDATA_TID6,1066
7.16182e+06,20,ACK,14
7.16186e+06,7,CTL,20
7.16196e+06,19,RTS,20
7.16196e+06,0,RTS,20
7.16208e+06,13,RTS,20
7.16215e+06,20,CTS,14
7.16221e+06,13,QOSDATA_TID6,1066
7.16239e+06,20,ACK,14
7.16244e+06,13,QOSDATA_TID6,1066
7.16262e+06,20,ACK,14
7.16266e+06,13,QOSDATA_TID6,1066
7.16285e+06,20,ACK,14
7.16289e+06,13,CTL,20
7.16299e+06,11,RTS,20
7.16306e+06,20,CTS,14
7.16312e+06,11,QOSDATA_TID6,1066
7.1633e+06,20,ACK,14
7.16334e+06,11,CTL,20
7.16343e+06,12,RTS,20
7.16343e+06,19,RTS,20
7.16343e+06,15,RTS,20
7.1635e+06,20,CTS,14
7.16356e+06,12,QOSDATA_TID6,1066
7.16374e+06,20,ACK,14
7.16379e+06,12,CTL,20
7.16387e+06,19,RTS,20
7.16387e+06,15,RTS,20
7.164e+06,18,RTS,20
7.16407e+06,20,CTS,14
7.16413e+06,18,QOSDATA_TID6,1066
7.16431e+06,20,ACK,14
7.16435e+06,18,QOSDATA_TID6,1066
7.16454e+06,20,ACK,14
7.16458e+06,18,CTL,20
7.16467e+06,10,RTS,20
7.16474e+06,20,CTS,14
7.1648e+06,10,QOSDATA_TID6,1066
7.16498e+06,20,ACK,14
7.16502e+06,10,CTL,20
7.16511e+06,3,RTS,20
7.16511e+06,0,RTS,20
7.16511e+06,6,RTS,20
7.16511e+06,17,RTS,20
7.16511e+06,1,RTS,20
7.16511e+06,16,RTS,20
7.16522e+06,19,RTS,20
7.16522e+06,5,RTS,20
7.16522e+06,2,RTS,20
7.16528e+06,20,CTS,14
7.16534e+06,5,QOSDATA_TID6,1066
7.16553e+06,20,ACK,14
7.16557e+06,5,CTL,20
7.16566e+06,2,RTS,20
7.16566e+06,6,RTS,20
7.16576e+06,4,RTS,20
7.16582e+06,20,CTS,14
7.16588e+06,4,QOSDATA_TID6,1066
7.16607e+06,20,ACK,14
7.16611e+06,4,CTL,20
7.16621e+06,19,RTS,20
7.16621e+06,9,RTS,20
7.16628e+06,20,CTS,14
7.16634e+06,19,QOSDATA_TID6,1066
7.16652e+06,20,ACK,14
7.16656e+06,19,CTL,20
7.16665e+06,8,RTS,20
7.16665e+06,18,RTS,20
7.16665e+06,15,RTS,20
7.16679e+06,6,RTS,20
7.16686e+06,20,CTS,14
7.16692e+06,6,QOSDATA_TID6,1066
7.1671e+06,20,ACK,14
7.16715e+06,6,QOSDATA_TID6,1066
7.16733e+06,20,ACK,14
7.16738e+06,6,CTL,20
7.16746e+06,3,RTS,20
7.16753e+06,20,CTS,14
7.16759e+06,3,QOSDATA_TID6,1066
7.16778e+06,20,ACK,14
7.16782e+06,3,CTL,20
7.1679e+06,9,RTS,20
7.1679e+06,18,RTS,20
7.1679e+06,14,RTS,20
7.168e+06,1,RTS,20
7.16807e+06,20,CTS,14
7.16813e+06,1,QOSDATA_TID6,1066
7.16832e+06,20,ACK,14
7.16836e+06,1,CTL,20
7.16844e+06,8,RTS,20
7.16851e+06,20,CTS,14
7.16857e+06,8,QOSDATA_TID6,1066
7.16876e+06,20,ACK,14
7.1688e+06,8,CTL,20
7.16889e+06,9,RTS,20
7.16889e+06,18,RTS,20
7.16896e+06,20,CTS,14
7.16902e+06,18,QOSDATA_TID6,1066
7.1692e+06,20,ACK,14
7.16924e+06,18,CTL,20
7.16933e+06,16,RTS,20
7.1694e+06,20,CTS,14
7.16946e+06,16,QOSDATA_TID6,1066
7.16964e+06,20,ACK,14
7.16968e+06,16,QOSDATA_TID6,1066
7.16987e+06,20,ACK,14
7.16991e+06,16,CTL,20
7.17e+06,13,RTS,20
7.17e+06,2,RTS,20
7.17e+06,15,RTS,20
7.17e+06,0,RTS,20
7.1701e+06,17,RTS,20
7.17016e+06,20,CTS,14
7.17022e+06,17,QOSDATA_TID6,1066
7.17041e+06,20,ACK,14
7.17045e+06,17,CTL,20
7.17054e+06,7,RTS,20
7.17054e+06,13,RTS,20
7.17061e+06,20,CTS,14
7.17067e+06,7,QOSDATA_TID6,1066
7.17085e+06,20,ACK,14
7.1709e+06,7,CTL,20
7.17098e+06,11,RTS,20
7.17098e+06,19,RTS,20
7.17098e+06,0,RTS,20
7.17098e+06,2,RTS,20
7.17109e+06,12,RTS,20
7.17116e+06,20,CTS,14
7.17122e+06,12,QOSDATA_TID6,1066
7.1714e+06,20,ACK,14
7.17144e+06,12,CTL,20
7.17153e+06,1,RTS,20
7.1716e+06,20,CTS,14
7.17166e+06,1,QOSDATA_TID6,1066
7.17184e+06,20,ACK,14
7.17189e+06,1,CTL,20
7.17197e+06,2,RTS,20
7.17197e+06,6,RTS,20
7.17208e+06,13,RTS,20
7.17215e+06,20,CTS,14
7.17221e+06,13,QOSDATA_TID6,1066
7.17239e+06,20,ACK,14
7.17244e+06,13,CTL,20
7.17253e+06,5,RTS,20
7.17253e+06,17,RTS,20
7.17253e+06,19,RTS,20
7.17263e+06,11,RTS,20
7.17263e+06,10,RTS,20
7.17273e+06,15,RTS,20
7.1728e+06,20,CTS,14
7.17286e+06,15,QOSDATA_TID6,1066
7.17304e+06,20,ACK,14
7.17308e+06,15,QOSDATA_TID6,1066
7.17327e+06,20,ACK,14
7.17331e+06,15,QOSDATA_TID6,1066
7.1735e+06,20,ACK,14
7.17354e+06,15,CTL,20
7.17362e+06,14,RTS,20
7.17362e+06,4,RTS,20
7.17374e+06,5,RTS,20
7.17374e+06,3,RTS,20
7.17374e+06,9,RTS,20
7.17381e+06,20,CTS,14
7.17387e+06,5,QOSDATA_TID6,1066
7.17405e+06,20,ACK,14
7.1741e+06,5,CTL,20
7.17418e+06,9,RTS,20
7.17418e+06,4,RTS,20
7.17428e+06,19,RTS,20
7.17435e+06,20,CTS,14
7.17441e+06,19,QOSDATA_TID6,1066
7.17459e+06,20,ACK,14
7.17464e+06,19,CTL,20
7.17472e+06,14,RTS,20
7.17479e+06,20,CTS,14
7.17485e+06,14,QOSDATA_TID6,1066
7.17504e+06,20,ACK,14
7.17508e+06,14,CTL,20
7.17516e+06,0,RTS,20
7.17516e+06,8,RTS,20
7.17523e+06,20,CTS,14
7.17529e+06,8,QOSDATA_TID6,1066
7.17548e+06,20,ACK,14
7.17552e+06,8,CTL,20
7.17562e+06,9,RTS,20
7.17562e+06,6,RTS,20
7.17562e+06,14,RTS,20
7.17572e+06,4,RTS,20
7.17579e+06,20,CTS,14
7.17585e+06,4,QOSDATA_TID6,1066
7.17604e+06,20,ACK,14
7.17608e+06,4,CTL,20
7.17616e+06,11,RTS,20
7.17616e+06,17,RTS,20
7.17616e+06,6,RTS,20
7.17616e+06,18,RTS,20
7.17616e+06,10,RTS,20
7.17628e+06,2,RTS,20
7.17635e+06,20,CTS,14
7.17641e+06,2,QOSDATA_TID6,1066
7.17659e+06,20,ACK,14
7.17664e+06,2,QOSDATA_TID6,1066
7.17682e+06,20,ACK,14
7.17686e+06,2,CTL,20
7.17695e+06,3,RTS,20
7.17702e+06,20,CTS,14
7.17708e+06,3,QOSDATA_TID6,1066
7.17726e+06,20,ACK,14
7.17731e+06,3,CTL,20
7.17739e+06,17,RTS,20
7.17739e+06,16,RTS,20
7.17746e+06,20,CTS,14
7.17752e+06,17,QOSDATA_TID6,1066
7.1777e+06,20,ACK,14
7.17775e+06,17,CTL,20
7.17784e+06,7,RTS,20
7.1779e+06,20,CTS,14
7.17796e+06,7,QOSDATA_TID6,1066
7.17815e+06,20,ACK,14
7.17819e+06,7,CTL,20
7.17828e+06,13,RTS,20
7.17828e+06,18,RTS,20
7.17839e+06,14,RTS,20
7.17846e+06,20,CTS,14
7.17852e+06,14,QOSDATA_TID6,1066
7.17871e+06,20,ACK,14
7.17875e+06,14,CTL,20
7.17884e+06,12,RTS,20
7.17884e+06,3,RTS,20
7.17884e+06,11,RTS,20
7.17891e+06,20,CTS,14
7.17897e+06,12,QOSDATA_TID6,1066
7.17916e+06,20,ACK,14
7.1792e+06,12,CTL,20
7.1793e+06,0,RTS,20
7.1793e+06,6,RTS,20
7.17939e+06,17,RTS,20
7.17939e+06,3,RTS,20
7.17939e+06,1,RTS,20
7.17939e+06,9,RTS,20
7.17949e+06,6,RTS,20
7.17956e+06,20,CTS,14
7.17962e+06,6,QOSDATA_TID6,1066
7.1798e+06,20,ACK,14
7.17985e+06,6,QOSDATA_TID6,1066
7.18003e+06,20,ACK,14
7.18008e+06,6,CTL,20
7.18016e+06,0,RTS,20
7.18016e+06,10,RTS,20
7.18016e+06,9,RTS,20
7.18016e+06,19,RTS,20
7.18026e+06,13,RTS,20
7.18033e+06,20,CTS,14
7.18039e+06,13,QOSDATA_TID6,1066
7.18057e+06,20,ACK,14
7.18062e+06,13,CTL,20
7.1807e+06,0,RTS,20
7.18077e+06,20,CTS,14
7.18083e+06,0,QOSDATA_TID6,1066
7.18101e+06,20,ACK,14
7.18106e+06,0,QOSDATA_TID6,1066
7.18124e+06,20,ACK,14
7.18129e+06,0,QOSDATA_TID6,1066
7.18147e+06,20,ACK,14
7.18151e+06,0,QOSDATA_TID6,1066
7.1817e+06,20,ACK,14
7.18174e+06,0,CTL,20
7.18183e+06,2,RTS,20
7.18183e+06,10,RTS,20
7.18183e+06,15,RTS,20
7.18183e+06,4,RTS,20
7.18193e+06,17,RTS,20
7.18193e+06,5,RTS,20
7.18193e+06,18,RTS,20
7.18204e+06,3,RTS,20
7.1821e+06,20,CTS,14
7.18216e+06,3,QOSDATA_TID6,1066
7.18235e+06,20,ACK,14
7.18239e+06,3,CTL,20
7.18248e+06,9,RTS,20
7.18248e+06,16,RTS,20
7.18259e+06,19,RTS,20
7.18265e+06,20,CTS,14
7.18271e+06,19,QOSDATA_TID6,1066
7.1829e+06,20,ACK,14
7.18294e+06,19,CTL,20
7.18303e+06,5,RTS,20
7.18303e+06,15,RTS,20
7.1831e+06,20,CTS,14
7.18316e+06,5,QOSDATA_TID6,1066
7.18334e+06,20,ACK,14
7.18338e+06,5,CTL,20
7.18348e+06,16,RTS,20
7.18348e+06,4,RTS,20
7.18348e+06,14,RTS,20
7.18359e+06,2,RTS,20
7.18359e+06,9,RTS,20
7.18365e+06,20,CTS,14
7.18371e+06,2,QOSDATA_TID6,1066
7.1839e+06,20,ACK,14
7.18394e+06,2,CTL,20
7.18402e+06,20,BEACON,152
7.18428e+06,9,RTS,20
7.18435e+06,20,CTS,14
7.18441e+06,9,QOSDATA_TID6,1066
7.18459e+06,20,ACK,14
7.18464e+06,9,QOSDATA_TID6,1066
7.18482e+06,20,ACK,14
7.18486e+06,9,QOSDATA_TID6,1066
7.18505e+06,20,ACK,14
7.18509e+06,9,CTL,20
7.18518e+06,4,RTS,20
7.18525e+06,20,CTS,14
7.18531e+06,4,QOSDATA_TID6,1066
7.18549e+06,20,ACK,14
7.18554e+06,4,CTL,20
7.18562e+06,7,RTS,20
7.18562e+06,1,RTS,20
7.18562e+06,8,RTS,20
7.18562e+06,13,RTS,20
7.18572e+06,11,RTS,20
7.18572e+06,17,RTS,20
7.18572e+06,9,RTS,20
7.18579e+06,20,CTS,14
7.18585e+06,17,QOSDATA_TID6,1066
7.18603e+06,20,ACK,14
7.18608e+06,17,CTL,20
7.18616e+06,7,RTS,20
7.18616e+06,0,RTS,20
7.18616e+06,13,RTS,20
7.18628e+06,15,RTS,20
7.18628e+06,14,RTS,20
7.18638e+06,0,RTS,20
7.18644e+06,20,CTS,14
7.1865e+06,0,QOSDATA_TID6,1066
7.18669e+06,20,ACK,14
7.18673e+06,0,CTL,20
7.18682e+06,10,RTS,20
7.18682e+06,12,RTS,20
7.18682e+06,3,RTS,20
7.18682e+06,11,RTS,20
7.18682e+06,16,RTS,20
7.18689e+06,20,CTS,14
7.18695e+06,12,QOSDATA_TID6,1066
7.18713e+06,20,ACK,14
7.18717e+06,12,CTL,20
7.18726e+06,1,RTS,20
7.18726e+06,19,RTS,20
7.18726e+06,13,RTS,20
7.18736e+06,17,RTS,20
7.18736e+06,14,RTS,20
7.18743e+06,20,CTS,14
7.18749e+06,17,QOSDATA_TID6,1066
7.18767e+06,20,ACK,14
7.18771e+06,17,CTL,20
7.1878e+06,1,RTS,20
7.18787e+06,20,CTS,14
7.18793e+06,1,QOSDATA_TID6,1066
7.18811e+06,20,ACK,14
7.18816e+06,1,QOSDATA_TID6,1066
7.18834e+06,20,ACK,14
7.18838e+06,1,CTL,20
7.18847e+06,11,RTS,20
7.18847e+06,9,RTS,20
7.18847e+06,6,RTS,20
7.18858e+06,18,RTS,20
7.18858e+06,5,RTS,20
7.18864e+06,20,CTS,14
7.1887e+06,5,QOSDATA_TID6,1066
7.18889e+06,20,ACK,14
7.18893e+06,5,CTL,20
7.18902e+06,2,RTS,20
7.18909e+06,20,CTS,14
7.18915e+06,2,QOSDATA_TID6,1066
7.18933e+06,20,ACK,14
7.18938e+06,2,CTL,20
7.18947e+06,9,RTS,20
7.18947e+06,8,RTS,20
7.18947e+06,4,RTS,20
7.18954e+06,20,CTS,14
7.1896e+06,8,QOSDATA_TID6,1066
7.18978e+06,20,ACK,14
7.18983e+06,8,CTL,20
7.18993e+06,11,RTS,20
7.18993e+06,6,RTS,20
7.18993e+06,15,RTS,20
7.18993e+06,10,RTS,20
7.18993e+06,14,RTS,20
7.19003e+06,7,RTS,20
7.1901e+06,20,CTS,14
7.19016e+06,7,QOSDATA_TID6,1066
7.19034e+06,20,ACK,14
7.19038e+06,7,CTL,20
7.19049e+06,11,RTS,20
7.19049e+06,15,RTS,20
7.19059e+06,9,RTS,20
7.19065e+06,20,CTS,14
7.19071e+06,9,QOSDATA_TID6,1066
7.1909e+06,20,ACK,14
7.19094e+06,9,CTL,20
7.19103e+06,3,RTS,20
7.19103e+06,18,RTS,20
7.19103e+06,11,RTS,20
7.19115e+06,19,RTS,20
7.19115e+06,13,RTS,20
7.19128e+06,6,RTS,20
7.19135e+06,20,CTS,14
7.19141e+06,6,QOSDATA_TID6,1066
7.19159e+06,20,ACK,14
7.19163e+06,6,CTL,20
7.19172e+06,18,RTS,20
7.19179e+06,20,CTS,14
7.19185e+06,18,QOSDATA_TID6,1066
7.19203e+06,20,ACK,14
7.19208e+06,18,QOSDATA_TID6,1066
7.19226e+06,20,ACK,14
7.1923e+06,18,QOSDATA_TID6,1066
7.19249e+06,20,ACK,14
7.19253e+06,18,CTL,20
7.19262e+06,8,RTS,20
7.19262e+06,11,RTS,20
7.19269e+06,20,CTS,14
7.19275e+06,8,QOSDATA_TID6,1066
7.19293e+06,20,ACK,14
7.19297e+06,8,CTL,20
7.19308e+06,4,RTS,20
7.19315e+06,20,CTS,14
7.19321e+06,4,QOSDATA_TID6,1066
7.19339e+06,20,ACK,14
7.19343e+06,4,CTL,20
7.19352e+06,16,RTS,20
7.19352e+06,13,RTS,20
7.19352e+06,0,RTS,20
7.19363e+06,15,RTS,20
7.19363e+06,7,RTS,20
7.19363e+06,3,RTS,20
7.19373e+06,19,RTS,20
7.1938e+06,20,CTS,14
7.19386e+06,19,QOSDATA_TID6,1066
7.19405e+06,20,ACK,14
7.19409e+06,19,CTL,20
7.19418e+06,9,RTS,20
7.19424e+06,20,CTS,14
7.1943e+06,9,QOSDATA_TID6,1066
7.19449e+06,20,ACK,14
7.19453e+06,9,CTL,20
7.19462e+06,10,RTS,20
7.19469e+06,20,CTS,14
7.19475e+06,10,QOSDATA_TID6,1066
7.19493e+06,20,ACK,14
7.19498e+06,10,QOSDATA_TID6,1066
7.19516e+06,20,ACK,14
7.1952e+06,10,QOSDATA_TID6,1066
7.19539e+06,20,ACK,14
7.19543e+06,10,CTL,20
7.19552e+06,17,RTS,20
7.19552e+06,14,RTS,20
7.19558e+06,20,CTS,14
7.19564e+06,17,QOSDATA_TID6,1066
7.19583e+06,20,ACK,14
7.19587e+06,17,CTL,20
7.19597e+06,19,RTS,20
7.19597e+06,12,RTS,20
7.19597e+06,0,RTS,20
7.19604e+06,20,CTS,14
7.1961e+06,12,QOSDATA_TID6,1066
7.19628e+06,20,ACK,14
7.19632e+06,12,CTL,20
7.19641e+06,19,RTS,20
7.19641e+06,3,RTS,20
7.19648e+06,20,CTS,14
7.19654e+06,19,QOSDATA_TID6,1066
7.19672e+06,20,ACK,14
7.19677e+06,19,CTL,20
7.19685e+06,4,RTS,20
7.19692e+06,20,CTS,14
7.19698e+06,4,QOSDATA_TID6,1066
7.19716e+06,20,ACK,14
7.19721e+06,4,CTL,20
7.19729e+06,14,RTS,20
7.19736e+06,20,CTS,14
7.19742e+06,14,QOSDATA_TID6,1066
7.19761e+06,20,ACK,14
7.19765e+06,14,QOSDATA_TID6,1066
7.19783e+06,20,ACK,14
7.19788e+06,14,CTL,20
7.19796e+06,6,RTS,20
7.19796e+06,13,RTS,20
7.19796e+06,2,RTS,20
7.19796e+06,10,RTS,20
7.19796e+06,1,RTS,20
7.19796e+06,3,RTS,20
7.19796e+06,11,RTS,20
7.19796e+06,16,RTS,20
7.19807e+06,5,RTS,20
7.19814e+06,20,CTS,14
7.1982e+06,5,QOSDATA_TID6,1066
7.19838e+06,20,ACK,14
7.19843e+06,5,CTL,20
7.19851e+06,7,RTS,20
7.19851e+06,11,RTS,20
7.19851e+06,16,RTS,20
7.19851e+06,6,RTS,20
7.19851e+06,15,RTS,20
7.19861e+06,13,RTS,20
7.19868e+06,20,CTS,14
7.19874e+06,13,QOSDATA_TID6,1066
7.19892e+06,20,ACK,14
7.19897e+06,13,QOSDATA_TID6,1066
7.19915e+06,20,ACK,14
7.1992e+06,13,CTL,20
7.19928e+06,6,RTS,20
7.19935e+06,20,CTS,14
7.19941e+06,6,QOSDATA_TID6,1066
7.19959e+06,20,ACK,14
7.19964e+06,6,CTL,20
7.19972e+06,1,RTS,20
7.19979e+06,20,CTS,14
7.19985e+06,1,QOSDATA_TID6,1066
7.20004e+06,20,ACK,14
7.20008e+06,1,CTL,20
7.20016e+06,8,RTS,20
7.20016e+06,16,RTS,20
7.20016e+06,0,CTS,14
7.20016e+06,18,RTS,20
7.20016e+06,10,RTS,20
7.2003e+06,0,RTS,20
7.20037e+06,20,CTS,14
7.20043e+06,0,QOSDATA_TID6,1066
7.20062e+06,20,ACK,14
7.20066e+06,0,CTL,20
7.20075e+06,7,RTS,20
7.20082e+06,20,CTS,14
7.20088e+06,7,QOSDATA_TID6,1066
7.20106e+06,20,ACK,14
7.2011e+06,7,CTL,20
7.20119e+06,16,RTS,20
7.20119e+06,14,RTS,20
7.20119e+06,3,RTS,20
7.20132e+06,14,RTS,20
7.20132e+06,18,RTS,20
7.20143e+06,16,RTS,20
7.2015e+06,20,CTS,14
7.20156e+06,16,QOSDATA_TID6,1066
7.20174e+06,20,ACK,14
7.20179e+06,16,QOSDATA_TID6,1066
7.20197e+06,20,ACK,14
7.20201e+06,16,QOSDATA_TID6,1066
7.2022e+06,20,ACK,14
7.20224e+06,16,CTL,20
7.20233e+06,8,RTS,20
7.20233e+06,18,RTS,20
7.2024e+06,20,CTS,14
7.20246e+06,8,QOSDATA_TID6,1066
7.20264e+06,20,ACK,14
7.20268e+06,8,CTL,20
7.20277e+06,12,RTS,20
7.20284e+06,20,CTS,14
7.2029e+06,12,QOSDATA_TID6,1066
7.20308e+06,20,ACK,14
7.20313e+06,12,CTL,20
7.20321e+06,1,RTS,20
7.20321e+06,11,RTS,20
7.20321e+06,0,RTS,20
7.20321e+06,10,RTS,20
7.20332e+06,9,RTS,20
7.20332e+06,15,RTS,20
7.20332e+06,7,RTS,20
7.20343e+06,19,RTS,20
7.2035e+06,20,CTS,14
7.20356e+06,19,QOSDATA_TID6,1066
7.20374e+06,20,ACK,14
7.20378e+06,19,CTL,20
7.20387e+06,0,RTS,20
7.20387e+06,10,RTS,20
7.20387e+06,13,RTS,20
7.20398e+06,17,RTS,20
7.20398e+06,15,RTS,20
7.20404e+06,20,CTS,14
7.2041e+06,17,QOSDATA_TID6,1066
7.20429e+06,20,ACK,14
7.20433e+06,17,CTL,20
7.20442e+06,15,RTS,20
7.20449e+06,20,CTS,14
7.20455e+06,15,QOSDATA_TID6,1066
7.20473e+06,20,ACK,14
7.20477e+06,15,QOSDATA_TID6,1066
7.20496e+06,20,ACK,14
7.205e+06,15,QOSDATA_TID6,1066
7.20519e+06,20,ACK,14
7.20523e+06,15,CTL,20
7.20532e+06,6,RTS,20
7.20532e+06,5,RTS,20
7.20532e+06,18,RTS,20
7.20532e+06,2,RTS,20
7.20532e+06,10,RTS,20
7.20532e+06,3,RTS,20
7.20539e+06,20,CTS,14
7.20545e+06,5,QOSDATA_TID6,1066
7.20564e+06,20,ACK,14
7.20568e+06,5,CTL,20
7.20577e+06,11,RTS,20
7.20577e+06,4,RTS,20
7.20586e+06,2,RTS,20
7.20586e+06,18,RTS,20
7.20586e+06,10,RTS,20
7.20597e+06,9,RTS,20
7.20597e+06,0,CTS,14
7.20597e+06,7,RTS,20
7.20609e+06,0,RTS,20
7.20616e+06,20,CTS,14
7.20622e+06,0,QOSDATA_TID6,1066
7.20641e+06,20,ACK,14
7.20645e+06,0,CTL,20
7.20654e+06,3,RTS,20
7.20654e+06,13,RTS,20
7.20664e+06,8,RTS,20
7.20664e+06,1,RTS,20
7.20675e+06,6,RTS,20
7.20682e+06,20,CTS,14
7.20688e+06,6,QOSDATA_TID6,1066
7.20706e+06,20,ACK,14
7.20711e+06,6,CTL,20
7.2072e+06,14,RTS,20
7.2072e+06,7,RTS,20
7.2072e+06,3,RTS,20
7.2072e+06,11,RTS,20
7.2072e+06,4,RTS,20
7.20733e+06,18,RTS,20
7.20739e+06,20,CTS,14
7.20745e+06,18,QOSDATA_TID6,1066
7.20764e+06,20,ACK,14
7.20768e+06,18,QOSDATA_TID6,1066
7.20787e+06,20,ACK,14
7.20791e+06,18,CTL,20
7.208e+06,3,RTS,20
7.208e+06,1,RTS,20
7.208e+06,11,RTS,20
7.208e+06,13,RTS,20
7.20812e+06,7,RTS,20
7.20819e+06,20,CTS,14
7.20825e+06,7,QOSDATA_TID6,1066
7.20843e+06,20,ACK,14
7.20848e+06,7,CTL,20
7.20856e+06,1,RTS,20
7.20856e+06,16,RTS,20
7.20863e+06,20,CTS,14
7.20869e+06,1,QOSDATA_TID6,1066
7.20888e+06,20,ACK,14
7.20892e+06,1,CTL,20
7.20901e+06,14,RTS,20
7.20908e+06,20,CTS,14
7.20914e+06,14,QOSDATA_TID6,1066
7.20933e+06,20,ACK,14
7.20937e+06,14,QOSDATA_TID6,1066
7.20955e+06,20,ACK,14
7.2096e+06,14,CTL,20
7.20968e+06,7,RTS,20
7.20968e+06,2,RTS,20
7.20968e+06,8,RTS,20
7.20978e+06,0,RTS,20
7.20985e+06,20,CTS,14
7.20991e+06,0,QOSDATA_TID6,1066
7.21009e+06,20,ACK,14
7.21014e+06,0,CTL,20
7.21022e+06,2,RTS,20
7.21022e+06,7,RTS,20
7.21022e+06,4,RTS,20
7.21033e+06,8,RTS,20
7.2104e+06,20,CTS,14
7.21046e+06,8,QOSDATA_TID6,1066
7.21064e+06,20,ACK,14
7.21069e+06,8,CTL,20
7.21078e+06,11,RTS,20
7.21078e+06,3,RTS,20
7.21078e+06,9,RTS,20
7.2109e+06,10,RTS,20
7.21097e+06,20,CTS,14
7.21103e+06,10,QOSDATA_TID6,1066
7.21121e+06,20,ACK,14
7.21126e+06,10,QOSDATA_TID6,1066
7.21144e+06,20,ACK,14
7.21148e+06,10,CTL,20
7.21157e+06,3,RTS,20
7.21157e+06,6,RTS,20
7.21157e+06,19,RTS,20
7.21157e+06,17,RTS,20
7.21167e+06,1,RTS,20
7.21174e+06,20,CTS,14
7.2118e+06,1,QOSDATA_TID6,1066
7.21198e+06,20,ACK,14
7.21202e+06,1,CTL,20
7.21211e+06,2,RTS,20
7.21218e+06,20,CTS,14
7.21224e+06,2,QOSDATA_TID6,1066
7.21242e+06,20,ACK,14
7.21246e+06,2,QOSDATA_TID6,1066
7.21265e+06,20,ACK,14
7.21269e+06,2,QOSDATA_TID6,1066
7.21288e+06,20,ACK,14
7.21292e+06,2,CTL,20
7.21301e+06,10,RTS,20
7.21301e+06,15,RTS,20
7.21301e+06,13,RTS,20
7.21311e+06,12,RTS,20
7.21311e+06,16,RTS,20
7.21318e+06,20,CTS,14
7.21324e+06,12,QOSDATA_TID6,1066
7.21343e+06,20,ACK,14
7.21347e+06,12,CTL,20
7.21356e+06,16,RTS,20
7.21363e+06,20,CTS,14
7.21369e+06,16,QOSDATA_TID6,1066
7.21388e+06,20,ACK,14
7.21392e+06,16,CTL,20
7.21401e+06,19,RTS,20
7.21401e+06,5,RTS,20
7.21401e+06,15,RTS,20
7.21408e+06,20,CTS,14
7.21414e+06,5,QOSDATA_TID6,1066
7.21432e+06,20,ACK,14
7.21436e+06,5,CTL,20
7.21445e+06,11,RTS,20
7.21445e+06,4,RTS,20
7.21455e+06,7,RTS,20
7.21455e+06,15,RTS,20
7.21455e+06,9,RTS,20
7.21455e+06,18,RTS,20
7.21464e+06,13,RTS,20
7.21465e+06,8,RTS,20
7.21472e+06,20,CTS,14
7.21478e+06,8,QOSDATA_TID6,1066
7.21496e+06,20,ACK,14
7.215e+06,8,CTL,20
7.21509e+06,18,RTS,20
7.21516e+06,20,CTS,14
7.21522e+06,18,QOSDATA_TID6,1066
7.2154e+06,20,ACK,14
7.21545e+06,18,CTL,20
7.21553e+06,10,RTS,20
7.21553e+06,6,RTS,20
7.21553e+06,14,RTS,20
7.21553e+06,4,RTS,20
7.21566e+06,17,RTS,20
7.21566e+06,13,RTS,20
7.21573e+06,20,CTS,14
7.21579e+06,17,QOSDATA_TID6,1066
7.21597e+06,20,ACK,14
7.21601e+06,17,CTL,20
7.21611e+06,3,RTS,20
7.21611e+06,10,RTS,20
7.21621e+06,4,RTS,20
7.21628e+06,20,CTS,14
7.21634e+06,4,QOSDATA_TID6,1066
7.21652e+06,20,ACK,14
7.21656e+06,4,QOSDATA_TID6,1066
7.21675e+06,20,ACK,14
7.21679e+06,4,CTL,20
7.21688e+06,13,RTS,20
7.21688e+06,3,RTS,20
7.21698e+06,16,RTS,20
7.21704e+06,20,CTS,14
7.2171e+06,16,QOSDATA_TID6,1066
7.21729e+06,20,ACK,14
7.21733e+06,16,CTL,20
7.21742e+06,11,RTS,20
7.21748e+06,20,CTS,14
7.21754e+06,11,QOSDATA_TID6,1066
7.21773e+06,20,ACK,14
7.21777e+06,11,QOSDATA_TID6,1066
7.21796e+06,20,ACK,14
7.218e+06,11,QOSDATA_TID6,1066
7.21818e+06,20,ACK,14
7.21823e+06,11,QOSDATA_TID6,1066
7.21841e+06,20,ACK,14
7.21846e+06,11,CTL,20
7.21854e+06,7,RTS,20
7.21861e+06,20,CTS,14
7.21867e+06,7,QOSDATA_TID6,1066
7.21886e+06,20,ACK,14
7.2189e+06,7,QOSDATA_TID6,1066
7.21908e+06,20,ACK,14
7.21913e+06,7,CTL,20
7.21921e+06,0,RTS,20
7.21921e+06,14,RTS,20
7.21928e+06,20,CTS,14
7.21934e+06,0,QOSDATA_TID6,1066
7.21953e+06,20,ACK,14
7.21957e+06,0,CTL,20
7.21966e+06,12,RTS,20
7.21966e+06,1,RTS,20
7.21966e+06,11,RTS,20
7.21972e+06,20,CTS,14
7.21978e+06,12,QOSDATA_TID6,1066
7.21997e+06,20,ACK,14
7.22001e+06,12,CTL,20
7.2201e+06,6,RTS,20
7.2201e+06,9,RTS,20
7.22017e+06,20,CTS,14
7.22023e+06,6,QOSDATA_TID6,1066
7.22041e+06,20,ACK,14
7.22045e+06,6,QOSDATA_TID6,1066
7.22064e+06,20,ACK,14
7.22068e+06,6,CTL,20
7.22078e+06,17,RTS,20
7.22078e+06,13,RTS,20
7.22084e+06,20,CTS,14
7.2209e+06,17,QOSDATA_TID6,1066
7.22109e+06,20,ACK,14
7.22113e+06,17,CTL,20
7.22122e+06,4,RTS,20
7.22122e+06,14,RTS,20
7.22133e+06,5,RTS,20
7.22133e+06,3,RTS,20
7.22133e+06,9,RTS,20
7.22139e+06,20,CTS,14
7.22145e+06,5,QOSDATA_TID6,1066
7.22164e+06,20,ACK,14
7.22168e+06,5,CTL,20
7.22177e+06,3,RTS,20
7.22184e+06,20,CTS,14
7.2219e+06,3,QOSDATA_TID6,1066
7.22208e+06,20,ACK,14
7.22212e+06,3,QOSDATA_TID6,1066
7.22231e+06,20,ACK,14
7.22235e+06,3,QOSDATA_TID6,1066
7.22254e+06,20,ACK,14
7.22258e+06,3,CTL,20
7.22267e+06,8,RTS,20
7.22273e+06,20,CTS,14
7.22279e+06,8,QOSDATA_TID6,1066
7.22298e+06,20,ACK,14
7.22302e+06,8,CTL,20
7.22311e+06,15,RTS,20
7.22318e+06,20,CTS,14
7.22324e+06,15,QOSDATA_TID6,1066
7.22342e+06,20,ACK,14
7.22346e+06,15,QOSDATA_TID6,1066
7.22365e+06,20,ACK,14
7.22369e+06,15,CTL,20
7.22378e+06,13,RTS,20
7.22378e+06,18,RTS,20
7.22378e+06,2,RTS,20
7.22378e+06,19,RTS,20
7.22388e+06,14,RTS,20
7.22394e+06,20,CTS,14
7.224e+06,14,QOSDATA_TID6,1066
7.22419e+06,20,ACK,14
7.22423e+06,14,QOSDATA_TID6,1066
7.22442e+06,20,ACK,14
7.22446e+06,14,CTL,20
7.22455e+06,16,RTS,20
7.22455e+06,4,RTS,20
7.22464e+06,10,RTS,20
7.22471e+06,20,CTS,14
7.22477e+06,10,QOSDATA_TID6,1066
7.22496e+06,20,ACK,14
7.225e+06,10,QOSDATA_TID6,1066
7.22518e+06,20,ACK,14
7.22523e+06,10,CTL,20
7.22531e+06,9,RTS,20
7.22538e+06,20,CTS,14
7.22544e+06,9,QOSDATA_TID6,1066
7.22563e+06,20,ACK,14
7.22567e+06,9,QOSDATA_TID6,1066
7.22585e+06,20,ACK,14
7.2259e+06,9,QOSDATA_TID6,1066
7.22608e+06,20,ACK,14
7.22613e+06,9,QOSDATA_TID6,1066
7.22631e+06,20,ACK,14
7.22636e+06,9,CTL,20
7.22644e+06,16,RTS,20
7.22644e+06,13,RTS,20
7.22654e+06,18,RTS,20
7.22661e+06,20,CTS,14
7.22667e+06,18,QOSDATA_TID6,1066
7.22685e+06,20,ACK,14
7.2269e+06,18,CTL,20
7.22698e+06,0,RTS,20
7.22698e+06,12,RTS,20
7.22698e+06,16,RTS,20
7.22705e+06,20,CTS,14
7.22711e+06,12,QOSDATA_TID6,1066
7.22729e+06,20,ACK,14
7.22734e+06,12,CTL,20
7.22742e+06,0,RTS,20
7.22749e+06,20,CTS,14
7.22755e+06,0,QOSDATA_TID6,1066
7.22774e+06,20,ACK,14
7.22778e+06,0,CTL,20
7.22786e+06,2,RTS,20
7.22786e+06,17,RTS,20
7.22786e+06,7,RTS,20
7.22786e+06,1,RTS,20
7.22786e+06,13,RTS,20
7.22796e+06,6,RTS,20
7.22803e+06,20,CTS,14
7.22809e+06,6,QOSDATA_TID6,1066
7.22828e+06,20,ACK,14
7.22832e+06,6,CTL,20
7.2284e+06,2,RTS,20
7.22847e+06,20,CTS,14
7.22853e+06,2,QOSDATA_TID6,1066
7.22872e+06,20,ACK,14
7.22876e+06,2,QOSDATA_TID6,1066
7.22894e+06,20,ACK,14
7.22899e+06,2,CTL,20
7.22908e+06,3,RTS,20
7.22908e+06,11,RTS,20
7.22908e+06,15,RTS,20
7.22908e+06,4,RTS,20
7.22919e+06,5,RTS,20
7.22919e+06,19,RTS,20
7.22919e+06,16,RTS,20
7.22926e+06,20,CTS,14
7.22932e+06,5,QOSDATA_TID6,1066
7.2295e+06,20,ACK,14
7.22955e+06,5,CTL,20
7.22964e+06,10,RTS,20
7.22971e+06,20,CTS,14
7.22977e+06,10,QOSDATA_TID6,1066
7.22995e+06,20,ACK,14
7.23e+06,10,CTL,20
7.23008e+06,17,RTS,20
7.23015e+06,20,CTS,14
7.23021e+06,17,QOSDATA_TID6,1066
7.2304e+06,20,ACK,14
7.23044e+06,17,CTL,20
7.23053e+06,1,RTS,20
7.23059e+06,20,CTS,14
7.23065e+06,1,QOSDATA_TID6,1066
7.23084e+06,20,ACK,14
7.23088e+06,1,QOSDATA_TID6,1066
7.23107e+06,20,ACK,14
7.23111e+06,1,CTL,20
7.2312e+06,13,RTS,20
7.2312e+06,14,RTS,20
7.23129e+06,8,RTS,20
7.23136e+06,20,CTS,14
7.23142e+06,8,QOSDATA_TID6,1066
7.23161e+06,20,ACK,14
7.23165e+06,8,CTL,20
7.23174e+06,19,RTS,20
7.23174e+06,3,RTS,20
7.2318e+06,20,CTS,14
7.23186e+06,19,QOSDATA_TID6,1066
7.23205e+06,20,ACK,14
7.23209e+06,19,QOSDATA_TID6,1066
7.23228e+06,20,ACK,14
7.23232e+06,19,QOSDATA_TID6,1066
7.2325e+06,20,ACK,14
7.23255e+06,19,CTL,20
7.23264e+06,15,RTS,20
7.23271e+06,20,CTS,14
7.23277e+06,15,QOSDATA_TID6,1066
7.23296e+06,20,ACK,14
7.233e+06,15,CTL,20
7.23308e+06,0,RTS,20
7.23308e+06,7,RTS,20
7.23308e+06,18,RTS,20
7.23308e+06,16,RTS,20
7.23319e+06,3,RTS,20
7.23326e+06,20,CTS,14
7.23332e+06,3,QOSDATA_TID6,1066
7.2335e+06,20,ACK,14
7.23355e+06,3,CTL,20
7.23363e+06,7,RTS,20
7.2337e+06,20,CTS,14
7.23376e+06,7,QOSDATA_TID6,1066
7.23395e+06,20,ACK,14
7.23399e+06,7,QOSDATA_TID6,1066
7.23417e+06,20,ACK,14
7.23422e+06,7,CTL,20
7.2343e+06,11,RTS,20
7.2343e+06,4,RTS,20
7.2343e+06,14,RTS,20
7.2344e+06,12,RTS,20
7.2344e+06,9,RTS,20
7.23447e+06,20,CTS,14
7.23453e+06,12,QOSDATA_TID6,1066
7.23472e+06,20,ACK,14
7.23476e+06,12,CTL,20
7.23485e+06,3,RTS,20
7.23492e+06,20,CTS,14
7.23498e+06,3,QOSDATA_TID6,1066
7.23517e+06,20,ACK,14
7.23521e+06,3,CTL,20
7.2353e+06,6,RTS,20
7.2353e+06,11,RTS,20
7.2354e+06,13,RTS,20
7.2354e+06,9,RTS,20
7.23551e+06,1,RTS,20
7.23551e+06,0,RTS,20
7.23551e+06,16,RTS,20
7.23564e+06,0,CTS,14
7.23574e+06,0,RTS,20
7.2358e+06,20,CTS,14
7.23586e+06,0,QOSDATA_TID6,1066
7.23605e+06,20,ACK,14
7.23609e+06,0,CTL,20
7.23618e+06,9,RTS,20
7.23625e+06,20,CTS,14
7.23631e+06,9,QOSDATA_TID6,1066
7.23649e+06,20,ACK,14
7.23654e+06,9,CTL,20
7.23662e+06,2,RTS,20
7.23662e+06,10,RTS,20
7.23662e+06,19,RTS,20
7.23662e+06,5,RTS,20
7.23662e+06,15,RTS,20
7.23669e+06,20,CTS,14
7.23675e+06,5,QOSDATA_TID6,1066
7.23693e+06,20,ACK,14
7.23698e+06,5,CTL,20
7.23706e+06,16,RTS,20
7.23706e+06,4,RTS,20
7.23717e+06,13,RTS,20
7.23717e+06,10,RTS,20
7.23728e+06,17,RTS,20
7.23734e+06,20,CTS,14
7.2374e+06,17,QOSDATA_TID6,1066
7.23759e+06,20,ACK,14
7.23763e+06,17,CTL,20
7.23772e+06,19,RTS,20
7.23779e+06,20,CTS,14
7.23785e+06,19,QOSDATA_TID6,1066
7.23803e+06,20,ACK,14
7.23808e+06,19,CTL,20
7.23816e+06,1,RTS,20
7.23823e+06,20,CTS,14
7.23829e+06,1,QOSDATA_TID6,1066
7.23847e+06,20,ACK,14
7.23852e+06,1,CTL,20
7.2386e+06,11,RTS,20
7.2386e+06,4,RTS,20
7.2386e+06,18,RTS,20
7.2386e+06,6,RTS,20
7.2386e+06,14,RTS,20
7.23872e+06,13,RTS,20
7.23872e+06,8,RTS,20
7.23879e+06,20,CTS,14
7.23885e+06,8,QOSDATA_TID6,1066
7.23903e+06,20,ACK,14
7.23908e+06,8,CTL,20
7.23916e+06,14,RTS,20
7.23923e+06,20,CTS,14
7.23929e+06,14,QOSDATA_TID6,1066
7.23947e+06,20,ACK,14
7.23952e+06,14,QOSDATA_TID6,1066
7.2397e+06,20,ACK,14
7.23974e+06,14,CTL,20
7.23983e+06,2,RTS,20
7.2399e+06,20,CTS,14
7.23996e+06,2,QOSDATA_TID6,1066
7.24014e+06,20,ACK,14
7.24019e+06,2,CTL,20
7.24027e+06,18,RTS,20
7.24027e+06,10,RTS,20
7.24027e+06,15,RTS,20
7.24027e+06,4,RTS,20
7.2404e+06,6,RTS,20
7.24047e+06,20,CTS,14
7.24053e+06,6,QOSDATA_TID6,1066
7.24071e+06,20,ACK,14
7.24075e+06,6,CTL,20
7.24084e+06,18,RTS,20
7.24091e+06,20,CTS,14
7.24097e+06,18,QOSDATA_TID6,1066
7.24115e+06,20,ACK,14
7.2412e+06,18,QOSDATA_TID6,1066
7.24138e+06,20,ACK,14
7.24142e+06,18,CTL,20
7.24151e+06,10,RTS,20
7.24151e+06,15,RTS,20
7.24151e+06,16,RTS,20
7.24164e+06,7,RTS,20
7.24164e+06,0,RTS,20
7.24173e+06,9,RTS,20
7.2418e+06,20,CTS,14
7.24186e+06,9,QOSDATA_TID6,1066
7.24205e+06,20,ACK,14
7.24209e+06,9,CTL,20
7.24218e+06,16,RTS,20
7.24224e+06,20,CTS,14
7.2423e+06,16,QOSDATA_TID6,1066
7.24249e+06,20,ACK,14
7.24253e+06,16,QOSDATA_TID6,1066
7.24272e+06,20,ACK,14
7.24276e+06,16,CTL,20
7.24285e+06,4,RTS,20
7.24285e+06,12,RTS,20
7.24285e+06,3,RTS,20
7.24285e+06,15,RTS,20
7.24291e+06,20,CTS,14
7.24297e+06,12,QOSDATA_TID6,1066
7.24316e+06,20,ACK,14
7.2432e+06,12,CTL,20
7.24329e+06,1,RTS,20
7.24329e+06,19,RTS,20
7.24329e+06,3,RTS,20
7.24339e+06,17,RTS,20
7.24339e+06,13,RTS,20
7.24345e+06,20,CTS,14
7.24351e+06,17,QOSDATA_TID6,1066
7.2437e+06,20,ACK,14
7.24374e+06,17,CTL,20
7.24383e+06,19,RTS,20
7.24383e+06,4,RTS,20
7.24383e+06,6,RTS,20
7.24394e+06,10,RTS,20
7.244e+06,20,CTS,14
7.24406e+06,10,QOSDATA_TID6,1066
7.24425e+06,20,ACK,14
7.24429e+06,10,CTL,20
7.24439e+06,13,RTS,20
7.24445e+06,20,CTS,14
7.24451e+06,13,QOSDATA_TID6,1066
7.2447e+06,20,ACK,14
7.24474e+06,13,QOSDATA_TID6,1066
7.24493e+06,20,ACK,14
7.24497e+06,13,QOSDATA_TID6,1066
7.24515e+06,20,ACK,14
7.2452e+06,13,QOSDATA_TID6,1066
7.24538e+06,20,ACK,14
7.24543e+06,13,CTL,20
7.24551e+06,11,RTS,20
7.24551e+06,2,RTS,20
7.24561e+06,19,RTS,20
7.24568e+06,20,CTS,14
7.24574e+06,19,QOSDATA_TID6,1066
7.24592e+06,20,ACK,14
7.24597e+06,19,CTL,20
7.24605e+06,5,RTS,20
7.24612e+06,20,CTS,14
7.24618e+06,5,QOSDATA_TID6,1066
7.24636e+06,20,ACK,14
7.24641e+06,5,CTL,20
7.24649e+06,7,RTS,20
7.24649e+06,0,RTS,20
7.24649e+06,6,RTS,20
7.24649e+06,15,RTS,20
7.2466e+06,10,RTS,20
7.24667e+06,20,CTS,14
7.24673e+06,10,QOSDATA_TID6,1066
7.24691e+06,20,ACK,14
7.24696e+06,10,CTL,20
7.24704e+06,18,RTS,20
7.24711e+06,20,CTS,14
7.24717e+06,18,QOSDATA_TID6,1066
7.24736e+06,20,ACK,14
7.2474e+06,18,CTL,20
7.24748e+06,3,RTS,20
7.24748e+06,1,RTS,20
7.24748e+06,4,RTS,20
7.24755e+06,20,CTS,14
7.24761e+06,1,QOSDATA_TID6,1066
7.2478e+06,20,ACK,14
7.24784e+06,1,CTL,20
7.24794e+06,8,RTS,20
7.24794e+06,7,RTS,20
7.24794e+06,2,RTS,20
7.24794e+06,6,RTS,20
7.24803e+06,11,RTS,20
7.2481e+06,20,CTS,14
7.24816e+06,11,QOSDATA_TID6,1066
7.24835e+06,20,ACK,14
7.24839e+06,11,QOSDATA_TID6,1066
7.24857e+06,20,ACK,14
7.24862e+06,11,QOSDATA_TID6,1066
7.2488e+06,20,ACK,14
7.24885e+06,11,QOSDATA_TID6,1066
7.24903e+06,20,ACK,14
7.24907e+06,11,CTL,20
7.24917e+06,4,RTS,20
7.24924e+06,20,CTS,14
7.2493e+06,4,QOSDATA_TID6,1066
7.24948e+06,20,ACK,14
7.24953e+06,4,QOSDATA_TID6,1066
7.24971e+06,20,ACK,14
7.24975e+06,4,QOSDATA_TID6,1066
7.24994e+06,20,ACK,14
7.24998e+06,4,CTL,20
7.25007e+06,16,RTS,20
7.25007e+06,8,RTS,20
7.25007e+06,15,RTS,20
7.25007e+06,0,CTS,14
7.25007e+06,14,RTS,20
7.2502e+06,16,RTS,20
7.2502e+06,15,RTS,20
7.25031e+06,9,RTS,20
7.25037e+06,20,CTS,14
7.25043e+06,9,QOSDATA_TID6,1066
7.25062e+06,20,ACK,14
7.25066e+06,9,CTL,20
7.25075e+06,15,RTS,20
7.25082e+06,20,CTS,14
7.25088e+06,15,QOSDATA_TID6,1066
7.25106e+06,20,ACK,14
7.2511e+06,15,CTL,20
7.25119e+06,7,RTS,20
7.25119e+06,1,RTS,20
7.25119e+06,2,RTS,20
7.25131e+06,14,RTS,20
7.25137e+06,20,CTS,14
7.25143e+06,14,QOSDATA_TID6,1066
7.25162e+06,20,ACK,14
7.25166e+06,14,CTL,20
7.25175e+06,6,RTS,20
7.25175e+06,17,RTS,20
7.25175e+06,16,RTS,20
7.25182e+06,20,CTS,14
7.25188e+06,17,QOSDATA_TID6,1066
7.25206e+06,20,ACK,14
7.2521e+06,17,CTL,20
7.2522e+06,19,RTS,20
7.2522e+06,12,RTS,20
7.2522e+06,11,RTS,20
7.2522e+06,3,RTS,20
7.25227e+06,20,CTS,14
7.25233e+06,12,QOSDATA_TID6,1066
7.25251e+06,20,ACK,14
7.25256e+06,12,CTL,20
7.25264e+06,13,RTS,20
7.25264e+06,15,RTS,20
7.25264e+06,3,RTS,20
7.25264e+06,10,RTS,20
7.25275e+06,5,RTS,20
7.25282e+06,20,CTS,14
7.25288e+06,5,QOSDATA_TID6,1066
7.25306e+06,20,ACK,14
7.2531e+06,5,CTL,20
7.25319e+06,1,RTS,20
7.25319e+06,19,RTS,20
7.25319e+06,11,RTS,20
7.25319e+06,6,RTS,20
7.25319e+06,4,RTS,20
7.25329e+06,2,RTS,20
7.25336e+06,20,CTS,14
7.25342e+06,2,QOSDATA_TID6,1066
7.2536e+06,20,ACK,14
7.25364e+06,2,QOSDATA_TID6,1066
7.25383e+06,20,ACK,14
7.25387e+06,2,CTL,20
7.25396e+06,8,RTS,20
7.25396e+06,15,RTS,20
7.25403e+06,20,CTS,14
7.25409e+06,8,QOSDATA_TID6,1066
7.25427e+06,20,ACK,14
7.25431e+06,8,CTL,20
7.25441e+06,16,RTS,20
7.25441e+06,7,RTS,20
7.25441e+06,3,RTS,20
7.25441e+06,10,RTS,20
7.25453e+06,19,RTS,20
7.25453e+06,1,RTS,20
7.25453e+06,15,RTS,20
7.25464e+06,7,RTS,20
7.25464e+06,8,RTS,20
7.25475e+06,4,RTS,20
7.25482e+06,20,CTS,14
7.25488e+06,4,QOSDATA_TID6,1066
7.25506e+06,20,ACK,14
7.2551e+06,4,CTL,20
7.25519e+06,1,RTS,20
7.25519e+06,8,RTS,20
7.25519e+06,18,RTS,20
7.2553e+06,15,RTS,20
7.25536e+06,20,CTS,14
7.25542e+06,15,QOSDATA_TID6,1066
7.25561e+06,20,ACK,14
7.25565e+06,15,CTL,20
7.25574e+06,14,RTS,20
7.25574e+06,13,RTS,20
7.25574e+06,19,RTS,20
7.25574e+06,11,RTS,20
7.25585e+06,10,RTS,20
7.25591e+06,20,CTS,14
7.25597e+06,10,QOSDATA_TID6,1066
7.25616e+06,20,ACK,14
7.2562e+06,10,CTL,20
7.25629e+06,7,RTS,20
7.25636e+06,20,CTS,14
7.25642e+06,7,QOSDATA_TID6,1066
7.2566e+06,20,ACK,14
7.25664e+06,7,QOSDATA_TID6,1066
7.25683e+06,20,ACK,14
7.25687e+06,7,CTL,20
7.25696e+06,16,RTS,20
7.25696e+06,3,RTS,20
7.25707e+06,6,RTS,20
7.25713e+06,20,CTS,14
7.25719e+06,6,QOSDATA_TID6,1066
7.25738e+06,20,ACK,14
7.25742e+06,6,QOSDATA_TID6,1066
7.25761e+06,20,ACK,14
7.25765e+06,6,CTL,20
7.25774e+06,0,RTS,20
7.25774e+06,9,RTS,20
7.2578e+06,20,CTS,14
7.25786e+06,0,QOSDATA_TID6,1066
7.25805e+06,20,ACK,14
7.25809e+06,0,QOSDATA_TID6,1066
7.25828e+06,20,ACK,14
7.25832e+06,0,QOSDATA_TID6,1066
7.2585e+06,20,ACK,14
7.25855e+06,0,CTL,20
7.25864e+06,18,RTS,20
7.25864e+06,12,RTS,20
7.25864e+06,7,RTS,20
7.25874e+06,16,RTS,20
7.25881e+06,20,CTS,14
7.25887e+06,16,QOSDATA_TID6,1066
7.25905e+06,20,ACK,14
7.2591e+06,16,QOSDATA_TID6,1066
7.25928e+06,20,ACK,14
7.25932e+06,16,CTL,20
7.25941e+06,14,RTS,20
7.25948e+06,20,CTS,14
7.25954e+06,14,QOSDATA_TID6,1066
7.25972e+06,20,ACK,14
7.25977e+06,14,CTL,20
7.25985e+06,17,RTS,20
7.25985e+06,19,RTS,20
7.25992e+06,20,CTS,14
7.25998e+06,17,QOSDATA_TID6,1066
7.26016e+06,20,ACK,14
7.26021e+06,17,CTL,20
7.2603e+06,8,RTS,20
7.2603e+06,5,RTS,20
7.2603e+06,13,RTS,20
7.2603e+06,6,RTS,20
7.26039e+06,11,RTS,20
7.26046e+06,20,CTS,14
7.26052e+06,11,QOSDATA_TID6,1066
7.2607e+06,20,ACK,14
7.26075e+06,11,QOSDATA_TID6,1066
7.26093e+06,20,ACK,14
7.26098e+06,11,CTL,20
7.26106e+06,8,RTS,20
7.26106e+06,12,RTS,20
7.26106e+06,10,RTS,20
7.26116e+06,4,RTS,20
7.26123e+06,20,CTS,14
7.26129e+06,4,QOSDATA_TID6,1066
7.26147e+06,20,ACK,14
7.26152e+06,4,CTL,20
7.2616e+06,15,RTS,20
7.26167e+06,20,CTS,14
7.26173e+06,15,QOSDATA_TID6,1066
7.26192e+06,20,ACK,14
7.26196e+06,15,CTL,20
7.26204e+06,7,RTS,20
7.26204e+06,10,RTS,20
7.26204e+06,3,RTS,20
7.26204e+06,9,RTS,20
7.26214e+06,8,RTS,20
7.26221e+06,20,CTS,14
7.26227e+06,8,QOSDATA_TID6,1066
7.26246e+06,20,ACK,14
7.2625e+06,8,CTL,20
7.26258e+06,1,RTS,20
7.26258e+06,19,RTS,20
7.26258e+06,2,RTS,20
7.26269e+06,5,RTS,20
7.26269e+06,8,RTS,20
7.26269e+06,7,RTS,20
7.2628e+06,6,RTS,20
7.26287e+06,20,CTS,14
7.26293e+06,6,QOSDATA_TID6,1066
7.26311e+06,20,ACK,14
7.26316e+06,6,CTL,20
7.26324e+06,5,RTS,20
7.26324e+06,3,RTS,20
7.26331e+06,20,CTS,14
7.26337e+06,5,QOSDATA_TID6,1066
7.26355e+06,20,ACK,14
7.2636e+06,5,CTL,20
7.26369e+06,12,RTS,20
7.26369e+06,18,RTS,20
7.26369e+06,10,RTS,20
7.26376e+06,20,CTS,14
7.26382e+06,12,QOSDATA_TID6,1066
7.264e+06,20,ACK,14
7.26405e+06,12,CTL,20
7.26415e+06,1,RTS,20
7.26415e+06,19,RTS,20
7.26415e+06,2,RTS,20
7.26415e+06,3,RTS,20
7.26415e+06,14,RTS,20
7.26428e+06,8,RTS,20
7.26428e+06,10,RTS,20
7.26435e+06,20,CTS,14
7.26441e+06,8,QOSDATA_TID6,1066
7.26459e+06,20,ACK,14
7.26463e+06,8,CTL,20
7.26473e+06,19,RTS,20
7.2648e+06,20,CTS,14
7.26486e+06,19,QOSDATA_TID6,1066
7.26504e+06,20,ACK,14
7.26508e+06,19,CTL,20
7.26517e+06,16,RTS,20
7.26517e+06,10,RTS,20
7.2653e+06,14,RTS,20
7.26536e+06,20,CTS,14
7.26542e+06,14,QOSDATA_TID6,1066
7.26561e+06,20,ACK,14
7.26565e+06,14,CTL,20
7.26575e+06,16,RTS,20
7.26582e+06,20,CTS,14
7.26588e+06,16,QOSDATA_TID6,1066
7.26606e+06,20,ACK,14
7.2661e+06,16,CTL,20
7.26619e+06,7,RTS,20
7.26619e+06,13,RTS,20
7.26619e+06,2,RTS,20
7.26619e+06,3,RTS,20
7.26619e+06,0,RTS,20
7.26629e+06,18,RTS,20
7.26636e+06,20,CTS,14
7.26642e+06,18,QOSDATA_TID6,1066
7.2666e+06,20,ACK,14
7.26664e+06,18,QOSDATA_TID6,1066
7.26683e+06,20,ACK,14
7.26687e+06,18,CTL,20
7.26696e+06,2,RTS,20
7.26696e+06,3,RTS,20
7.26696e+06,19,RTS,20
7.26696e+06,12,RTS,20
7.26696e+06,7,RTS,20
7.26706e+06,0,RTS,20
7.26712e+06,20,CTS,14
7.26718e+06,0,QOSDATA_TID6,1066
7.26737e+06,20,ACK,14
7.26741e+06,0,CTL,20
7.2675e+06,10,RTS,20
7.2675e+06,7,RTS,20
7.2675e+06,11,RTS,20
7.26756e+06,20,CTS,14
7.26762e+06,7,QOSDATA_TID6,1066
7.26781e+06,20,ACK,14
7.26785e+06,7,QOSDATA_TID6,1066
7.26804e+06,20,ACK,14
7.26808e+06,7,CTL,20
7.26817e+06,6,RTS,20
7.26817e+06,10,RTS,20
7.26824e+06,20,CTS,14
7.2683e+06,6,QOSDATA_TID6,1066
7.26848e+06,20,ACK,14
7.26852e+06,6,CTL,20
7.26861e+06,1,RTS,20
7.26868e+06,20,CTS,14
7.26874e+06,1,QOSDATA_TID6,1066
7.26892e+06,20,ACK,14
7.26896e+06,1,QOSDATA_TID6,1066
7.26915e+06,20,ACK,14
7.26919e+06,1,QOSDATA_TID6,1066
7.26938e+06,20,ACK,14
7.26942e+06,1,CTL,20
7.26951e+06,17,RTS,20
7.26951e+06,11,RTS,20
7.26951e+06,9,RTS,20
7.26951e+06,15,RTS,20
7.26958e+06,20,CTS,14
7.26964e+06,17,QOSDATA_TID6,1066
7.26982e+06,20,ACK,14
7.26986e+06,17,CTL,20
7.26996e+06,11,RTS,20
7.27003e+06,20,CTS,14
7.27009e+06,11,QOSDATA_TID6,1066
7.27027e+06,20,ACK,14
7.27031e+06,11,CTL,20
7.2704e+06,4,RTS,20
7.2704e+06,5,RTS,20
7.2704e+06,13,RTS,20
7.2704e+06,3,RTS,20
7.2704e+06,9,RTS,20
7.2704e+06,18,RTS,20
7.2704e+06,10,RTS,20
7.27047e+06,20,CTS,14
7.27053e+06,5,QOSDATA_TID6,1066
7.27071e+06,20,ACK,14
7.27076e+06,5,CTL,20
7.27085e+06,19,RTS,20
7.27085e+06,2,RTS,20
7.27085e+06,3,RTS,20
7.27085e+06,4,RTS,20
7.27085e+06,15,RTS,20
7.27095e+06,12,RTS,20
7.27102e+06,20,CTS,14
7.27108e+06,12,QOSDATA_TID6,1066
7.27126e+06,20,ACK,14
7.2713e+06,12,CTL,20
7.27139e+06,4,RTS,20
7.27139e+06,3,RTS,20
7.27139e+06,10,RTS,20
7.2715e+06,2,RTS,20
7.2715e+06,14,RTS,20
7.27157e+06,20,CTS,14
7.27163e+06,2,QOSDATA_TID6,1066
7.27181e+06,20,ACK,14
7.27185e+06,2,QOSDATA_TID6,1066
7.27204e+06,20,ACK,14
7.27208e+06,2,CTL,20
7.27219e+06,8,RTS,20
7.27219e+06,14,RTS,20
7.27219e+06,15,RTS,20
7.27225e+06,20,CTS,14
7.27231e+06,8,QOSDATA_TID6,1066
7.2725e+06,20,ACK,14
7.27254e+06,8,CTL,20
7.27263e+06,18,RTS,20
7.27263e+06,14,RTS,20
7.27274e+06,16,RTS,20
7.2728e+06,20,CTS,14
7.27286e+06,16,QOSDATA_TID6,1066
7.27305e+06,20,ACK,14
7.27309e+06,16,CTL,20
7.27319e+06,4,RTS,20
7.27319e+06,10,RTS,20
7.2733e+06,15,RTS,20
7.27337e+06,20,CTS,14
7.27343e+06,15,QOSDATA_TID6,1066
7.27362e+06,20,ACK,14
7.27366e+06,15,CTL,20
7.27374e+06,19,RTS,20
7.27374e+06,4,RTS,20
7.27381e+06,20,CTS,14
7.27387e+06,19,QOSDATA_TID6,1066
7.27406e+06,20,ACK,14
7.2741e+06,19,CTL,20
7.27419e+06,14,RTS,20
7.27426e+06,20,CTS,14
7.27432e+06,14,QOSDATA_TID6,1066
7.2745e+06,20,ACK,14
7.27454e+06,14,CTL,20
7.27463e+06,7,RTS,20
7.27463e+06,10,RTS,20
7.2747e+06,20,CTS,14
7.27476e+06,7,QOSDATA_TID6,1066
7.27494e+06,20,ACK,14
7.27498e+06,7,CTL,20
7.27507e+06,11,RTS,20
7.27507e+06,19,RTS,20
7.27507e+06,6,RTS,20
7.27517e+06,13,RTS,20
7.27524e+06,20,CTS,14
7.2753e+06,13,QOSDATA_TID6,1066
7.27548e+06,20,ACK,14
7.27552e+06,13,QOSDATA_TID6,1066
7.27571e+06,20,ACK,14
7.27575e+06,13,QOSDATA_TID6,1066
7.27594e+06,20,ACK,14
7.27598e+06,13,QOSDATA_TID6,1066
7.27616e+06,20,ACK,14
7.27621e+06,13,CTL,20
7.2763e+06,12,RTS,20
7.2763e+06,5,RTS,20
7.2763e+06,19,RTS,20
7.2763e+06,9,RTS,20
7.2764e+06,1,RTS,20
7.2764e+06,4,RTS,20
7.27647e+06,20,CTS,14
7.27653e+06,1,QOSDATA_TID6,1066
7.27671e+06,20,ACK,14
7.27676e+06,1,CTL,20
7.27684e+06,12,RTS,20
7.27684e+06,2,RTS,20
7.27691e+06,20,CTS,14
7.27697e+06,12,QOSDATA_TID6,1066
7.27716e+06,20,ACK,14
7.2772e+06,12,CTL,20
7.2773e+06,17,RTS,20
7.2773e+06,11,RTS,20
7.2773e+06,0,RTS,20
7.2773e+06,3,RTS,20
7.27743e+06,15,RTS,20
7.2775e+06,20,CTS,14
7.27756e+06,15,QOSDATA_TID6,1066
7.27774e+06,20,ACK,14
7.27778e+06,15,CTL,20
7.27787e+06,10,RTS,20
7.27794e+06,20,CTS,14
7.278e+06,10,QOSDATA_TID6,1066
7.27818e+06,20,ACK,14
7.27823e+06,10,QOSDATA_TID6,1066
7.27841e+06,20,ACK,14
7.27846e+06,10,CTL,20
7.27855e+06,3,RTS,20
7.27862e+06,20,CTS,14
7.27868e+06,3,QOSDATA_TID6,1066
7.27886e+06,20,ACK,14
7.27891e+06,3,QOSDATA_TID6,1066
7.27909e+06,20,ACK,14
7.27913e+06,3,QOSDATA_TID6,1066
7.27932e+06,20,ACK,14
7.27936e+06,3,CTL,20
7.27946e+06,19,RTS,20
7.27946e+06,4,RTS,20
7.27946e+06,14,RTS,20
7.27956e+06,18,RTS,20
7.27963e+06,20,CTS,14
7.27969e+06,18,QOSDATA_TID6,1066
7.27988e+06,20,ACK,14
7.27992e+06,18,QOSDATA_TID6,1066
7.2801e+06,20,ACK,14
7.28015e+06,18,CTL,20
7.28025e+06,2,RTS,20
7.28025e+06,8,RTS,20
7.28032e+06,20,CTS,14
7.28038e+06,8,QOSDATA_TID6,1066
7.28056e+06,20,ACK,14
7.28061e+06,8,CTL,20
7.2807e+06,2,RTS,20
7.2807e+06,6,RTS,20
7.28079e+06,16,RTS,20
7.28086e+06,20,CTS,14
7.28092e+06,16,QOSDATA_TID6,1066
7.2811e+06,20,ACK,14
7.28115e+06,16,CTL,20
7.28124e+06,11,RTS,20
7.28124e+06,4,RTS,20
7.28135e+06,9,RTS,20
7.28135e+06,0,RTS,20
7.28142e+06,20,CTS,14
7.28148e+06,0,QOSDATA_TID6,1066
7.28166e+06,20,ACK,14
7.28171e+06,0,QOSDATA_TID6,1066
7.28189e+06,20,ACK,14
7.28194e+06,0,CTL,20
7.28203e+06,7,RTS,20
7.28203e+06,13,RTS,20
7.2821e+06,20,CTS,14
7.28216e+06,7,QOSDATA_TID6,1066
7.28234e+06,20,ACK,14
7.28239e+06,7,CTL,20
7.28247e+06,12,RTS,20
7.28247e+06,13,RTS,20
7.28247e+06,2,RTS,20
7.28254e+06,20,CTS,14
7.2826e+06,12,QOSDATA_TID6,1066
7.28278e+06,20,ACK,14
7.28283e+06,12,CTL,20
7.28292e+06,6,RTS,20
7.28292e+06,9,RTS,20
7.28299e+06,20,CTS,14
7.28305e+06,6,QOSDATA_TID6,1066
7.28324e+06,20,ACK,14
7.28328e+06,6,QOSDATA_TID6,1066
7.28346e+06,20,ACK,14
7.28351e+06,6,CTL,20
7.28359e+06,1,RTS,20
7.28366e+06,20,CTS,14
7.28372e+06,1,QOSDATA_TID6,1066
7.2839e+06,20,ACK,14
7.28395e+06,1,CTL,20
7.28404e+06,5,RTS,20
7.28404e+06,4,RTS,20
7.28404e+06,13,RTS,20
7.28404e+06,14,RTS,20
7.28411e+06,20,CTS,14
7.28417e+06,5,QOSDATA_TID6,1066
7.28436e+06,20,ACK,14
7.2844e+06,5,QOSDATA_TID6,1066
7.28458e+06,20,ACK,14
7.28463e+06,5,CTL,20
7.28471e+06,10,RTS,20
7.28478e+06,20,CTS,14
7.28484e+06,10,QOSDATA_TID6,1066
7.28503e+06,20,ACK,14
7.28507e+06,10,CTL,20
7.28516e+06,14,RTS,20
7.28522e+06,20,CTS,14
7.28528e+06,14,QOSDATA_TID6,1066
7.28547e+06,20,ACK,14
7.28551e+06,14,CTL,20
7.2856e+06,19,RTS,20
7.2856e+06,3,RTS,20
7.28567e+06,20,CTS,14
7.28573e+06,19,QOSDATA_TID6,1066
7.28591e+06,20,ACK,14
7.28595e+06,19,QOSDATA_TID6,1066
7.28614e+06,20,ACK,14
7.28618e+06,19,CTL,20
7.28626e+06,20,BEACON,152
7.28652e+06,15,RTS,20
7.28659e+06,20,CTS,14
7.28665e+06,15,QOSDATA_TID6,1066
7.28683e+06,20,ACK,14
7.28688e+06,15,CTL,20
7.28696e+06,17,RTS,20
7.28703e+06,20,CTS,14
7.28709e+06,17,QOSDATA_TID6,1066
7.28728e+06,20,ACK,14
7.28732e+06,17,QOSDATA_TID6,1066
7.2875e+06,20,ACK,14
7.28755e+06,17,CTL,20
7.28763e+06,11,RTS,20
7.28763e+06,2,RTS,20
7.28763e+06,13,RTS,20
7.28774e+06,8,RTS,20
7.28781e+06,20,CTS,14
7.28787e+06,8,QOSDATA_TID6,1066
7.28805e+06,20,ACK,14
7.2881e+06,8,CTL,20
7.28818e+06,13,RTS,20
7.28825e+06,20,CTS,14
7.28831e+06,13,QOSDATA_TID6,1066
7.28849e+06,20,ACK,14
7.28854e+06,13,CTL,20
7.28862e+06,14,RTS,20
7.28862e+06,2,RTS,20
7.28862e+06,18,RTS,20
7.28862e+06,9,RTS,20
7.28873e+06,11,RTS,20
7.28873e+06,16,RTS,20
7.28873e+06,4,RTS,20
7.28884e+06,2,RTS,20
7.28884e+06,18,RTS,20
7.28895e+06,4,RTS,20
7.28901e+06,20,CTS,14
7.28907e+06,4,QOSDATA_TID6,1066
7.28926e+06,20,ACK,14
7.2893e+06,4,QOSDATA_TID6,1066
7.28949e+06,20,ACK,14
7.28953e+06,4,CTL,20
7.28962e+06,11,RTS,20
7.28962e+06,7,RTS,20
7.28968e+06,20,CTS,14
7.28974e+06,7,QOSDATA_TID6,1066
7.28993e+06,20,ACK,14
7.28997e+06,7,CTL,20
7.29006e+06,13,RTS,20
7.29013e+06,20,CTS,14
7.29019e+06,13,QOSDATA_TID6,1066
7.29037e+06,20,ACK,14
7.29041e+06,13,CTL,20
7.2905e+06,9,RTS,20
7.29057e+06,20,CTS,14
7.29063e+06,9,QOSDATA_TID6,1066
7.29081e+06,20,ACK,14
7.29086e+06,9,QOSDATA_TID6,1066
7.29104e+06,20,ACK,14
7.29108e+06,9,QOSDATA_TID6,1066
7.29127e+06,20,ACK,14
7.29131e+06,9,QOSDATA_TID6,1066
7.2915e+06,20,ACK,14
7.29154e+06,9,CTL,20
7.29163e+06,3,RTS,20
7.29163e+06,1,RTS,20
7.29163e+06,0,RTS,20
7.29163e+06,12,RTS,20
7.29163e+06,11,RTS,20
7.29163e+06,16,RTS,20
7.29163e+06,14,RTS,20
7.29172e+06,2,RTS,20
7.29179e+06,20,CTS,14
7.29185e+06,2,QOSDATA_TID6,1066
7.29204e+06,20,ACK,14
7.29208e+06,2,CTL,20
7.29217e+06,17,RTS,20
7.29217e+06,11,RTS,20
7.29223e+06,20,CTS,14
7.29229e+06,17,QOSDATA_TID6,1066
7.29248e+06,20,ACK,14
7.29252e+06,17,CTL,20
7.29261e+06,11,RTS,20
7.29261e+06,14,RTS,20
7.29271e+06,2,RTS,20
7.29271e+06,10,RTS,20
7.29271e+06,3,RTS,20
7.2928e+06,11,RTS,20
7.2928e+06,14,RTS,20
7.2929e+06,2,RTS,20
7.2929e+06,3,RTS,20
7.29297e+06,20,CTS,14
7.29303e+06,2,QOSDATA_TID6,1066
7.29321e+06,20,ACK,14
7.29326e+06,2,CTL,20
7.29336e+06,3,RTS,20
7.29336e+06,5,RTS,20
7.29336e+06,4,RTS,20
7.29343e+06,20,CTS,14
7.29349e+06,5,QOSDATA_TID6,1066
7.29367e+06,20,ACK,14
7.29372e+06,5,CTL,20
7.2938e+06,3,RTS,20
7.2938e+06,18,RTS,20
7.2938e+06,6,RTS,20
7.2938e+06,15,RTS,20
7.29392e+06,19,RTS,20
7.29399e+06,20,CTS,14
7.29405e+06,19,QOSDATA_TID6,1066
7.29423e+06,20,ACK,14
7.29428e+06,19,CTL,20
7.29437e+06,11,RTS,20
7.29437e+06,12,RTS,20
7.29437e+06,4,RTS,20
7.29444e+06,20,CTS,14
7.2945e+06,12,QOSDATA_TID6,1066
7.29468e+06,20,ACK,14
7.29473e+06,12,CTL,20
7.29481e+06,16,RTS,20
7.29481e+06,4,RTS,20
7.29481e+06,14,RTS,20
7.29493e+06,3,RTS,20
7.295e+06,20,CTS,14
7.29506e+06,3,QOSDATA_TID6,1066
7.29524e+06,20,ACK,14
7.29528e+06,3,QOSDATA_TID6,1066
7.29547e+06,20,ACK,14
7.29551e+06,3,CTL,20
7.2956e+06,18,RTS,20
7.2956e+06,16,RTS,20
7.29571e+06,15,RTS,20
7.29578e+06,20,CTS,14
7.29584e+06,15,QOSDATA_TID6,1066
7.29602e+06,20,ACK,14
7.29606e+06,15,CTL,20
7.29616e+06,0,RTS,20
7.29616e+06,16,RTS,20
7.29623e+06,20,CTS,14
7.29629e+06,0,QOSDATA_TID6,1066
7.29647e+06,20,ACK,14
7.29651e+06,0,CTL,20
7.29661e+06,16,RTS,20
7.29668e+06,20,CTS,14
7.29674e+06,16,QOSDATA_TID6,1066
7.29692e+06,20,ACK,14
7.29696e+06,16,QOSDATA_TID6,1066
7.29715e+06,20,ACK,14
7.29719e+06,16,CTL,20
7.29728e+06,4,RTS,20
7.29728e+06,10,RTS,20
7.2974e+06,14,RTS,20
7.29746e+06,20,CTS,14
7.29752e+06,14,QOSDATA_TID6,1066
7.29771e+06,20,ACK,14
7.29775e+06,14,QOSDATA_TID6,1066
7.29794e+06,20,ACK,14
7.29798e+06,14,CTL,20
7.29806e+06,13,RTS,20
7.29806e+06,7,RTS,20
7.29806e+06,9,RTS,20
7.29813e+06,20,CTS,14
7.29819e+06,7,QOSDATA_TID6,1066
7.29838e+06,20,ACK,14
7.29842e+06,7,CTL,20
7.29851e+06,1,RTS,20
7.29851e+06,8,RTS,20
7.2986e+06,12,RTS,20
7.29867e+06,20,CTS,14
7.29873e+06,12,QOSDATA_TID6,1066
7.29892e+06,20,ACK,14
7.29896e+06,12,CTL,20
7.29905e+06,11,RTS,20
7.29905e+06,19,RTS,20
7.29905e+06,0,RTS,20
7.29905e+06,6,RTS,20
7.29914e+06,3,RTS,20
7.29921e+06,20,CTS,14
7.29927e+06,3,QOSDATA_TID6,1066
7.29946e+06,20,ACK,14
7.2995e+06,3,CTL,20
7.29959e+06,9,RTS,20
7.29959e+06,0,RTS,20
7.29966e+06,20,CTS,14
7.29972e+06,0,QOSDATA_TID6,1066
7.2999e+06,20,ACK,14
7.29994e+06,0,CTL,20
7.30003e+06,9,RTS,20
7.3001e+06,20,CTS,14
7.30016e+06,9,QOSDATA_TID6,1066
7.30034e+06,20,ACK,14
7.30038e+06,9,CTL,20
7.30047e+06,10,RTS,20
7.30047e+06,18,RTS,20
7.30047e+06,13,RTS,20
7.30057e+06,17,RTS,20
7.30064e+06,20,CTS,14
7.3007e+06,17,QOSDATA_TID6,1066
7.30088e+06,20,ACK,14
7.30092e+06,17,CTL,20
7.30101e+06,8,RTS,20
7.30101e+06,2,RTS,20
7.30101e+06,13,RTS,20
7.30112e+06,6,RTS,20
7.30119e+06,20,CTS,14
7.30125e+06,6,QOSDATA_TID6,1066
7.30143e+06,20,ACK,14
7.30147e+06,6,QOSDATA_TID6,1066
7.30166e+06,20,ACK,14
7.3017e+06,6,CTL,20
7.30179e+06,4,RTS,20
7.30186e+06,20,CTS,14
7.30192e+06,4,QOSDATA_TID6,1066
7.3021e+06,20,ACK,14
7.30214e+06,4,QOSDATA_TID6,1066
7.30233e+06,20,ACK,14
7.30237e+06,4,CTL,20
7.30246e+06,11,RTS,20
7.30246e+06,5,RTS,20
7.30246e+06,15,RTS,20
7.30246e+06,2,RTS,20
7.30246e+06,18,RTS,20
7.30253e+06,20,CTS,14
7.30259e+06,5,QOSDATA_TID6,1066
7.30277e+06,20,ACK,14
7.30282e+06,5,CTL,20
7.3029e+06,11,RTS,20
7.3029e+06,18,RTS,20
7.30301e+06,15,RTS,20
7.30308e+06,20,CTS,14
7.30314e+06,15,QOSDATA_TID6,1066
7.30332e+06,20,ACK,14
7.30336e+06,15,CTL,20
7.30345e+06,14,RTS,20
7.30352e+06,20,CTS,14
7.30358e+06,14,QOSDATA_TID6,1066
7.30376e+06,20,ACK,14
7.30381e+06,14,CTL,20
7.30389e+06,8,RTS,20
7.30389e+06,10,RTS,20
7.30389e+06,19,RTS,20
7.30399e+06,1,RTS,20
7.30406e+06,20,CTS,14
7.30412e+06,1,QOSDATA_TID6,1066
7.3043e+06,20,ACK,14
7.30435e+06,1,QOSDATA_TID6,1066
7.30453e+06,20,ACK,14
7.30457e+06,1,CTL,20
7.30467e+06,16,RTS,20
7.30467e+06,2,RTS,20
7.30477e+06,19,RTS,20
7.30477e+06,8,RTS,20
7.30484e+06,20,CTS,14
7.3049e+06,8,QOSDATA_TID6,1066
7.30508e+06,20,ACK,14
7.30512e+06,8,QOSDATA_TID6,1066
7.30531e+06,20,ACK,14
7.30535e+06,8,CTL,20
7.30546e+06,11,RTS,20
7.30546e+06,16,RTS,20
7.30546e+06,10,RTS,20
7.30555e+06,13,RTS,20
7.30562e+06,20,CTS,14
7.30568e+06,13,QOSDATA_TID6,1066
7.30586e+06,20,ACK,14
7.30591e+06,13,QOSDATA_TID6,1066
7.30609e+06,20,ACK,14
7.30614e+06,13,CTL,20
7.30622e+06,19,RTS,20
7.30629e+06,20,CTS,14
7.30635e+06,19,QOSDATA_TID6,1066
7.30654e+06,20,ACK,14
7.30658e+06,19,CTL,20
7.30666e+06,12,RTS,20
7.30666e+06,16,RTS,20
7.30666e+06,7,RTS,20
7.30676e+06,9,RTS,20
7.30683e+06,20,CTS,14
7.30689e+06,9,QOSDATA_TID6,1066
7.30708e+06,20,ACK,14
7.30712e+06,9,CTL,20
7.3072e+06,10,RTS,20
7.3072e+06,1,RTS,20
7.3072e+06,0,RTS,20
7.3073e+06,2,RTS,20
7.3073e+06,3,RTS,20
7.30737e+06,20,CTS,14
7.30743e+06,2,QOSDATA_TID6,1066
7.30762e+06,20,ACK,14
7.30766e+06,2,CTL,20
7.30775e+06,19,RTS,20
7.30775e+06,7,RTS,20
7.30785e+06,16,RTS,20
7.30792e+06,20,CTS,14
7.30798e+06,16,QOSDATA_TID6,1066
7.30816e+06,20,ACK,14
7.30821e+06,16,CTL,20
7.30829e+06,5,RTS,20
7.30829e+06,18,RTS,20
7.30836e+06,20,CTS,14
7.30842e+06,5,QOSDATA_TID6,1066
7.30861e+06,20,ACK,14
7.30865e+06,5,CTL,20
7.30874e+06,18,RTS,20
7.30874e+06,15,RTS,20
7.30884e+06,6,RTS,20
7.30884e+06,17,RTS,20
7.30884e+06,4,RTS,20
7.30891e+06,20,CTS,14
7.30897e+06,17,QOSDATA_TID6,1066
7.30916e+06,20,ACK,14
7.3092e+06,17,CTL,20
7.30928e+06,6,RTS,20
7.30935e+06,20,CTS,14
7.30941e+06,6,QOSDATA_TID6,1066
7.3096e+06,20,ACK,14
7.30964e+06,6,CTL,20
7.30973e+06,10,RTS,20
7.3098e+06,20,CTS,14
7.30986e+06,10,QOSDATA_TID6,1066
7.31004e+06,20,ACK,14
7.31008e+06,10,QOSDATA_TID6,1066
7.31027e+06,20,ACK,14
7.31031e+06,10,QOSDATA_TID6,1066
7.3105e+06,20,ACK,14
7.31054e+06,10,CTL,20
7.31063e+06,2,RTS,20
7.31063e+06,15,RTS,20
7.31063e+06,7,RTS,20
7.31074e+06,8,RTS,20
7.31074e+06,19,RTS,20
7.31081e+06,20,CTS,14
7.31087e+06,8,QOSDATA_TID6,1066
7.31105e+06,20,ACK,14
7.3111e+06,8,CTL,20
7.31118e+06,1,RTS,20
7.31118e+06,0,RTS,20
7.31118e+06,15,RTS,20
7.3113e+06,3,RTS,20
7.31137e+06,20,CTS,14
7.31143e+06,3,QOSDATA_TID6,1066
7.31161e+06,20,ACK,14
7.31166e+06,3,CTL,20
7.31174e+06,2,RTS,20
7.31174e+06,7,RTS,20
7.31186e+06,19,RTS,20
7.31193e+06,20,CTS,14
7.31199e+06,19,QOSDATA_TID6,1066
7.31217e+06,20,ACK,14
7.31221e+06,19,CTL,20
7.3123e+06,14,RTS,20
7.31237e+06,20,CTS,14
7.31243e+06,14,QOSDATA_TID6,1066
7.31261e+06,20,ACK,14
7.31266e+06,14,CTL,20
7.31274e+06,11,RTS,20
7.31281e+06,20,CTS,14
7.31287e+06,11,QOSDATA_TID6,1066
7.31305e+06,20,ACK,14
7.3131e+06,11,QOSDATA_TID6,1066
7.31328e+06,20,ACK,14
7.31333e+06,11,QOSDATA_TID6,1066
7.31351e+06,20,ACK,14
7.31355e+06,11,CTL,20
7.31364e+06,12,RTS,20
7.31364e+06,13,RTS,20
7.31364e+06,2,RTS,20
7.31364e+06,18,RTS,20
7.31371e+06,20,CTS,14
7.31377e+06,12,QOSDATA_TID6,1066
7.31395e+06,20,ACK,14
7.314e+06,12,CTL,20
7.31408e+06,18,RTS,20
7.31415e+06,20,CTS,14
7.31421e+06,18,QOSDATA_TID6,1066
7.31439e+06,20,ACK,14
7.31444e+06,18,QOSDATA_TID6,1066
7.31462e+06,20,ACK,14
7.31467e+06,18,QOSDATA_TID6,1066
7.31485e+06,20,ACK,14
7.31489e+06,18,CTL,20
7.31498e+06,0,CTS,14
7.31498e+06,9,RTS,20
7.31498e+06,19,RTS,20
7.31498e+06,4,RTS,20
7.31512e+06,0,RTS,20
7.31519e+06,20,CTS,14
7.31525e+06,0,QOSDATA_TID6,1066
7.31543e+06,20,ACK,14
7.31548e+06,0,QOSDATA_TID6,1066
7.31566e+06,20,ACK,14
7.3157e+06,0,CTL,20
7.31579e+06,12,RTS,20
7.31579e+06,1,RTS,20
7.31586e+06,20,CTS,14
7.31592e+06,12,QOSDATA_TID6,1066
7.3161e+06,20,ACK,14
7.31615e+06,12,CTL,20
7.31623e+06,3,RTS,20
7.3163e+06,20,CTS,14
7.31636e+06,3,QOSDATA_TID6,1066
7.31654e+06,20,ACK,14
7.31659e+06,3,CTL,20
7.31667e+06,17,RTS,20
7.31667e+06,6,RTS,20
7.31667e+06,11,RTS,20
7.31667e+06,16,RTS,20
7.31677e+06,7,RTS,20
7.31677e+06,13,RTS,20
7.31677e+06,9,RTS,20
7.31684e+06,20,CTS,14
7.3169e+06,7,QOSDATA_TID6,1066
7.31708e+06,20,ACK,14
7.31713e+06,7,QOSDATA_TID6,1066
7.31731e+06,20,ACK,14
7.31736e+06,7,CTL,20
7.31745e+06,13,RTS,20
7.31745e+06,17,RTS,20
7.31745e+06,5,RTS,20
7.31745e+06,16,RTS,20
7.31745e+06,4,RTS,20
7.31745e+06,15,RTS,20
7.31756e+06,2,RTS,20
7.31756e+06,10,RTS,20
7.31763e+06,20,CTS,14
7.31769e+06,2,QOSDATA_TID6,1066
7.31787e+06,20,ACK,14
7.31792e+06,2,QOSDATA_TID6,1066
7.3181e+06,20,ACK,14
7.31814e+06,2,CTL,20
7.31824e+06,10,RTS,20
7.31824e+06,6,RTS,20
7.31831e+06,20,CTS,14
7.31837e+06,6,QOSDATA_TID6,1066
7.31855e+06,20,ACK,14
7.31859e+06,6,CTL,20
7.31868e+06,10,RTS,20
7.31868e+06,19,RTS,20
7.31875e+06,20,CTS,14
7.31881e+06,19,QOSDATA_TID6,1066
7.31899e+06,20,ACK,14
7.31904e+06,19,CTL,20
7.31912e+06,14,RTS,20
7.31919e+06,20,CTS,14
7.31925e+06,14,QOSDATA_TID6,1066
7.31943e+06,20,ACK,14
7.31948e+06,14,CTL,20
7.31956e+06,18,RTS,20
7.31963e+06,20,CTS,14
7.31969e+06,18,QOSDATA_TID6,1066
7.31988e+06,20,ACK,14
7.31992e+06,18,CTL,20
7.32001e+06,5,RTS,20
7.32001e+06,17,RTS,20
7.32001e+06,11,RTS,20
7.3201e+06,8,RTS,20
7.3201e+06,15,RTS,20
7.32017e+06,20,CTS,14
7.32023e+06,8,QOSDATA_TID6,1066
7.32042e+06,20,ACK,14
7.32046e+06,8,CTL,20
7.32055e+06,11,RTS,20
7.32055e+06,10,RTS,20
7.32064e+06,15,RTS,20
7.32071e+06,20,CTS,14
7.32077e+06,15,QOSDATA_TID6,1066
7.32096e+06,20,ACK,14
7.321e+06,15,QOSDATA_TID6,1066
7.32118e+06,20,ACK,14
7.32123e+06,15,CTL,20
7.32131e+06,0,RTS,20
7.32138e+06,20,CTS,14
7.32144e+06,0,QOSDATA_TID6,1066
7.32163e+06,20,ACK,14
7.32167e+06,0,CTL,20
7.32176e+06,9,RTS,20
7.32182e+06,20,CTS,14
7.32188e+06,9,QOSDATA_TID6,1066
7.32207e+06,20,ACK,14
7.32211e+06,9,QOSDATA_TID6,1066
7.3223e+06,20,ACK,14
7.32234e+06,9,CTL,20
7.32243e+06,1,RTS,20
7.32243e+06,12,RTS,20
7.32243e+06,7,RTS,20
7.32252e+06,11,RTS,20
7.32259e+06,20,CTS,14
7.32265e+06,11,QOSDATA_TID6,1066
7.32284e+06,20,ACK,14
7.32288e+06,11,QOSDATA_TID6,1066
7.32306e+06,20,ACK,14
7.32311e+06,11,CTL,20
7.32319e+06,4,RTS,20
7.32319e+06,13,RTS,20
7.32329e+06,17,RTS,20
7.32336e+06,20,CTS,14
7.32342e+06,17,QOSDATA_TID6,1066
7.3236e+06,20,ACK,14
7.32365e+06,17,QOSDATA_TID6,1066
7.32383e+06,20,ACK,14
7.32388e+06,17,CTL,20
7.32396e+06,5,RTS,20
7.32396e+06,10,RTS,20
7.32403e+06,20,CTS,14
7.32409e+06,5,QOSDATA_TID6,1066
7.32427e+06,20,ACK,14
7.32432e+06,5,QOSDATA_TID6,1066
7.3245e+06,20,ACK,14
7.32455e+06,5,CTL,20
7.32463e+06,2,RTS,20
7.32463e+06,15,RTS,20
7.32473e+06,16,RTS,20
7.3248e+06,20,CTS,14
7.32486e+06,16,QOSDATA_TID6,1066
7.32504e+06,20,ACK,14
7.32509e+06,16,QOSDATA_TID6,1066
7.32527e+06,20,ACK,14
7.32531e+06,16,CTL,20
7.32541e+06,12,RTS,20
7.32541e+06,3,RTS,20
7.32548e+06,20,CTS,14
7.32554e+06,12,QOSDATA_TID6,1066
7.32572e+06,20,ACK,14
7.32576e+06,12,CTL,20
7.32585e+06,19,RTS,20
7.32585e+06,6,RTS,20
7.32597e+06,13,RTS,20
7.32604e+06,20,CTS,14
7.3261e+06,13,QOSDATA_TID6,1066
7.32628e+06,20,ACK,14
7.32632e+06,13,QOSDATA_TID6,1066
7.32651e+06,20,ACK,14
7.32655e+06,13,CTL,20
7.32664e+06,8,RTS,20
7.32671e+06,20,CTS,14
7.32677e+06,8,QOSDATA_TID6,1066
7.32695e+06,20,ACK,14
7.32699e+06,8,CTL,20
7.32708e+06,19,RTS,20
7.32708e+06,2,RTS,20
7.32708e+06,3,RTS,20
7.32708e+06,18,RTS,20
7.32719e+06,6,RTS,20
7.32726e+06,20,CTS,14
7.32732e+06,6,QOSDATA_TID6,1066
7.3275e+06,20,ACK,14
7.32754e+06,6,CTL,20
7.32763e+06,14,RTS,20
7.32763e+06,18,RTS,20
7.32763e+06,15,RTS,20
7.32763e+06,10,RTS,20
7.32763e+06,19,RTS,20
7.32763e+06,4,RTS,20
7.32774e+06,7,RTS,20
7.32774e+06,2,RTS,20
7.32784e+06,14,RTS,20
7.32791e+06,20,CTS,14
7.32797e+06,14,QOSDATA_TID6,1066
7.32816e+06,20,ACK,14
7.3282e+06,14,CTL,20
7.32828e+06,7,RTS,20
7.32835e+06,20,CTS,14
7.32841e+06,7,QOSDATA_TID6,1066
7.3286e+06,20,ACK,14
7.32864e+06,7,CTL,20
7.32873e+06,16,RTS,20
7.32873e+06,4,RTS,20
7.32873e+06,15,RTS,20
7.32882e+06,10,RTS,20
7.32889e+06,20,CTS,14
7.32895e+06,10,QOSDATA_TID6,1066
7.32914e+06,20,ACK,14
7.32918e+06,10,QOSDATA_TID6,1066
7.32936e+06,20,ACK,14
7.32941e+06,10,CTL,20
7.3295e+06,2,RTS,20
7.3295e+06,19,RTS,20
7.3295e+06,15,RTS,20
7.3296e+06,7,RTS,20
7.3296e+06,0,RTS,20
7.32972e+06,9,RTS,20
7.32979e+06,20,CTS,14
7.32985e+06,9,QOSDATA_TID6,1066
7.33003e+06,20,ACK,14
7.33007e+06,9,CTL,20
7.33016e+06,15,RTS,20
7.33023e+06,20,CTS,14
7.33029e+06,15,QOSDATA_TID6,1066
7.33047e+06,20,ACK,14
7.33052e+06,15,CTL,20
7.3306e+06,12,RTS,20
7.3306e+06,3,RTS,20
7.33067e+06,20,CTS,14
7.33073e+06,12,QOSDATA_TID6,1066
7.33091e+06,20,ACK,14
7.33096e+06,12,CTL,20
7.33105e+06,1,RTS,20
7.33112e+06,20,CTS,14
7.33118e+06,1,QOSDATA_TID6,1066
7.33136e+06,20,ACK,14
7.33141e+06,1,QOSDATA_TID6,1066
7.33159e+06,20,ACK,14
7.33164e+06,1,QOSDATA_TID6,1066
7.33182e+06,20,ACK,14
7.33186e+06,1,QOSDATA_TID6,1066
7.33205e+06,20,ACK,14
7.33209e+06,1,CTL,20
7.33218e+06,17,RTS,20
7.33218e+06,0,RTS,20
7.33218e+06,13,RTS,20
7.33218e+06,18,RTS,20
7.33218e+06,6,RTS,20
7.33229e+06,4,RTS,20
7.33235e+06,20,CTS,14
7.33241e+06,4,QOSDATA_TID6,1066
7.3326e+06,20,ACK,14
7.33264e+06,4,QOSDATA_TID6,1066
7.33283e+06,20,ACK,14
7.33287e+06,4,QOSDATA_TID6,1066
7.33305e+06,20,ACK,14
7.3331e+06,4,QOSDATA_TID6,1066
7.33328e+06,20,ACK,14
7.33333e+06,4,CTL,20
7.33341e+06,7,RTS,20
7.33341e+06,15,RTS,20
7.33341e+06,2,RTS,20
7.33341e+06,3,RTS,20
7.33351e+06,10,RTS,20
7.33358e+06,20,CTS,14
7.33364e+06,10,QOSDATA_TID6,1066
7.33382e+06,20,ACK,14
7.33387e+06,10,CTL,20
7.33395e+06,0,CTS,14
7.33395e+06,19,RTS,20
7.33395e+06,7,RTS,20
7.33407e+06,0,RTS,20
7.33413e+06,20,CTS,14
7.33419e+06,0,QOSDATA_TID6,1066
7.33438e+06,20,ACK,14
7.33442e+06,0,CTL,20
7.33451e+06,11,RTS,20
7.33451e+06,16,RTS,20
7.33461e+06,5,RTS,20
7.33461e+06,6,RTS,20
7.33467e+06,20,CTS,14
7.33473e+06,5,QOSDATA_TID6,1066
7.33492e+06,20,ACK,14
7.33496e+06,5,CTL,20
7.33505e+06,13,RTS,20
7.33512e+06,20,CTS,14
7.33518e+06,13,QOSDATA_TID6,1066
7.33536e+06,20,ACK,14
7.3354e+06,13,CTL,20
7.33549e+06,8,RTS,20
7.33549e+06,2,RTS,20
7.33549e+06,18,RTS,20
7.33559e+06,15,RTS,20
7.33566e+06,20,CTS,14
7.33572e+06,15,QOSDATA_TID6,1066
7.3359e+06,20,ACK,14
7.33594e+06,15,CTL,20
7.33603e+06,8,RTS,20
7.3361e+06,20,CTS,14
7.33616e+06,8,QOSDATA_TID6,1066
7.33634e+06,20,ACK,14
7.33639e+06,8,CTL,20
7.33647e+06,17,RTS,20
7.33647e+06,11,RTS,20
7.33647e+06,14,RTS,20
7.33654e+06,20,CTS,14
7.3366e+06,17,QOSDATA_TID6,1066
7.33678e+06,20,ACK,14
7.33683e+06,17,CTL,20
7.33691e+06,7,RTS,20
7.33691e+06,18,RTS,20
7.33698e+06,20,CTS,14
7.33704e+06,7,QOSDATA_TID6,1066
7.33723e+06,20,ACK,14
7.33727e+06,7,CTL,20
7.33736e+06,16,RTS,20
7.33736e+06,6,RTS,20
7.33748e+06,3,RTS,20
7.33755e+06,20,CTS,14
7.33761e+06,3,QOSDATA_TID6,1066
7.33779e+06,20,ACK,14
7.33784e+06,3,QOSDATA_TID6,1066
7.33802e+06,20,ACK,14
7.33806e+06,3,CTL,20
7.33815e+06,9,RTS,20
7.33822e+06,20,CTS,14
7.33828e+06,9,QOSDATA_TID6,1066
7.33846e+06,20,ACK,14
7.33851e+06,9,CTL,20
7.3386e+06,19,RTS,20
7.3386e+06,0,RTS,20
7.3386e+06,7,RTS,20
7.3386e+06,14,RTS,20
7.3387e+06,2,RTS,20
7.3387e+06,11,RTS,20
7.3387e+06,3,RTS,20
7.3388e+06,19,RTS,20
7.33887e+06,20,CTS,14
7.33893e+06,19,QOSDATA_TID6,1066
7.33911e+06,20,ACK,14
7.33915e+06,19,QOSDATA_TID6,1066
7.33934e+06,20,ACK,14
7.33938e+06,19,QOSDATA_TID6,1066
7.33957e+06,20,ACK,14
7.33961e+06,19,CTL,20
7.3397e+06,1,RTS,20
7.3397e+06,0,RTS,20
7.33979e+06,3,RTS,20
7.33979e+06,13,RTS,20
7.3399e+06,17,RTS,20
7.33997e+06,20,CTS,14
7.34003e+06,17,QOSDATA_TID6,1066
7.34022e+06,20,ACK,14
7.34026e+06,17,CTL,20
7.34035e+06,5,RTS,20
7.34042e+06,20,CTS,14
7.34048e+06,5,QOSDATA_TID6,1066
7.34066e+06,20,ACK,14
7.3407e+06,5,CTL,20
7.34079e+06,0,CTS,14
7.34079e+06,10,RTS,20
7.34079e+06,15,RTS,20
7.34088e+06,0,RTS,20
7.34094e+06,20,CTS,14
7.341e+06,0,QOSDATA_TID6,1066
7.34119e+06,20,ACK,14
7.34123e+06,0,CTL,20
7.34132e+06,18,RTS,20
7.34132e+06,10,RTS,20
7.34132e+06,12,RTS,20
7.34132e+06,7,RTS,20
7.34132e+06,13,RTS,20
7.34132e+06,16,RTS,20
7.34132e+06,4,RTS,20
7.34142e+06,2,RTS,20
7.34142e+06,6,RTS,20
7.34152e+06,12,RTS,20
7.34152e+06,16,RTS,20
7.34159e+06,20,CTS,14
7.34165e+06,12,QOSDATA_TID6,1066
7.34184e+06,20,ACK,14
7.34188e+06,12,CTL,20
7.34196e+06,2,RTS,20
7.34203e+06,20,CTS,14
7.34209e+06,2,QOSDATA_TID6,1066
7.34228e+06,20,ACK,14
7.34232e+06,2,QOSDATA_TID6,1066
7.3425e+06,20,ACK,14
7.34255e+06,2,CTL,20
7.34264e+06,1,RTS,20
7.3427e+06,20,CTS,14
7.34276e+06,1,QOSDATA_TID6,1066
7.34295e+06,20,ACK,14
7.34299e+06,1,CTL,20
7.34308e+06,8,RTS,20
7.34308e+06,11,RTS,20
7.34314e+06,20,CTS,14
7.3432e+06,8,QOSDATA_TID6,1066
7.34339e+06,20,ACK,14
7.34343e+06,8,CTL,20
7.34352e+06,15,RTS,20
7.34352e+06,14,RTS,20
7.34364e+06,18,RTS,20
7.34364e+06,11,RTS,20
7.34364e+06,3,RTS,20
7.34373e+06,15,RTS,20
7.3438e+06,20,CTS,14
7.34386e+06,15,QOSDATA_TID6,1066
7.34404e+06,20,ACK,14
7.34409e+06,15,CTL,20
7.34419e+06,14,RTS,20
7.34419e+06,3,RTS,20
7.3443e+06,7,RTS,20
7.34437e+06,20,CTS,14
7.34443e+06,7,QOSDATA_TID6,1066
7.34461e+06,20,ACK,14
7.34466e+06,7,CTL,20
7.34475e+06,11,RTS,20
7.34475e+06,16,RTS,20
7.34475e+06,4,RTS,20
7.34475e+06,3,RTS,20
7.34488e+06,14,RTS,20
7.34494e+06,20,CTS,14
7.345e+06,14,QOSDATA_TID6,1066
7.34519e+06,20,ACK,14
7.34523e+06,14,QOSDATA_TID6,1066
7.34542e+06,20,ACK,14
7.34546e+06,14,CTL,20
7.34555e+06,13,RTS,20
7.34555e+06,7,RTS,20
7.34561e+06,20,CTS,14
7.34567e+06,7,QOSDATA_TID6,1066
7.34586e+06,20,ACK,14
7.3459e+06,7,CTL,20
7.34599e+06,13,RTS,20
7.34599e+06,0,RTS,20
7.34606e+06,20,CTS,14
7.34612e+06,0,QOSDATA_TID6,1066
7.3463e+06,20,ACK,14
7.34634e+06,0,CTL,20
7.34644e+06,6,RTS,20
7.34644e+06,9,RTS,20
7.34651e+06,20,CTS,14
7.34657e+06,6,QOSDATA_TID6,1066
7.34675e+06,20,ACK,14
7.3468e+06,6,QOSDATA_TID6,1066
7.34698e+06,20,ACK,14
7.34702e+06,6,CTL,20
7.34711e+06,12,RTS,20
7.34718e+06,20,CTS,14
7.34724e+06,12,QOSDATA_TID6,1066
7.34742e+06,20,ACK,14
7.34746e+06,12,CTL,20
7.34756e+06,1,RTS,20
7.34756e+06,19,RTS,20
7.34756e+06,6,RTS,20
7.34766e+06,17,RTS,20
7.34766e+06,4,RTS,20
7.34773e+06,20,CTS,14
7.34779e+06,17,QOSDATA_TID6,1066
7.34797e+06,20,ACK,14
7.34801e+06,17,CTL,20
7.3481e+06,6,RTS,20
7.34817e+06,20,CTS,14
7.34823e+06,6,QOSDATA_TID6,1066
7.34841e+06,20,ACK,14
7.34846e+06,6,CTL,20
7.34854e+06,5,RTS,20
7.34854e+06,4,RTS,20
7.34861e+06,20,CTS,14
7.34867e+06,5,QOSDATA_TID6,1066
7.34885e+06,20,ACK,14
7.3489e+06,5,CTL,20
7.34899e+06,2,RTS,20
7.34899e+06,18,RTS,20
7.34899e+06,10,RTS,20
7.34909e+06,11,RTS,20
7.34909e+06,16,RTS,20
7.34909e+06,13,RTS,20
7.34919e+06,1,RTS,20
7.34919e+06,2,RTS,20
7.34919e+06,10,RTS,20
7.34919e+06,9,RTS,20
7.34931e+06,18,RTS,20
7.34932e+06,15,RTS,20
7.34942e+06,16,RTS,20
7.34948e+06,20,CTS,14
7.34954e+06,16,QOSDATA_TID6,1066
7.34973e+06,20,ACK,14
7.34977e+06,16,QOSDATA_TID6,1066
7.34996e+06,20,ACK,14
7.35e+06,16,CTL,20
7.35009e+06,9,RTS,20
7.35009e+06,18,RTS,20
7.35016e+06,20,CTS,14
7.35022e+06,18,QOSDATA_TID6,1066
7.3504e+06,20,ACK,14
7.35044e+06,18,QOSDATA_TID6,1066
7.35063e+06,20,ACK,14
7.35067e+06,18,QOSDATA_TID6,1066
7.35086e+06,20,ACK,14
7.3509e+06,18,CTL,20
7.35099e+06,10,RTS,20
7.35099e+06,2,RTS,20
7.35099e+06,8,RTS,20
7.35099e+06,19,RTS,20
7.35099e+06,15,RTS,20
7.35109e+06,11,RTS,20
7.35116e+06,20,CTS,14
7.35122e+06,11,QOSDATA_TID6,1066
7.3514e+06,20,ACK,14
7.35145e+06,11,QOSDATA_TID6,1066
7.35163e+06,20,ACK,14
7.35168e+06,11,CTL,20
7.35176e+06,4,RTS,20
7.35176e+06,13,RTS,20
7.35186e+06,3,RTS,20
7.35193e+06,20,CTS,14
7.35199e+06,3,QOSDATA_TID6,1066
7.35217e+06,20,ACK,14
7.35222e+06,3,QOSDATA_TID6,1066
7.3524e+06,20,ACK,14
7.35244e+06,3,CTL,20
7.35253e+06,9,RTS,20
7.3526e+06,20,CTS,14
7.35266e+06,9,QOSDATA_TID6,1066
7.35284e+06,20,ACK,14
7.35289e+06,9,CTL,20
7.35297e+06,2,RTS,20
7.35297e+06,8,RTS,20
7.35297e+06,1,RTS,20
7.35297e+06,16,RTS,20
7.35297e+06,13,RTS,20
7.35309e+06,14,RTS,20
7.35309e+06,0,RTS,20
7.35316e+06,20,CTS,14
7.35322e+06,0,QOSDATA_TID6,1066
7.3534e+06,20,ACK,14
7.35344e+06,0,CTL,20
7.35353e+06,1,RTS,20
7.35353e+06,19,RTS,20
7.35353e+06,13,RTS,20
7.35363e+06,16,RTS,20
7.35363e+06,10,RTS,20
7.35374e+06,14,RTS,20
7.3538e+06,20,CTS,14
7.35386e+06,14,QOSDATA_TID6,1066
7.35405e+06,20,ACK,14
7.35409e+06,14,CTL,20
7.35419e+06,7,RTS,20
7.35419e+06,16,RTS,20
7.35419e+06,9,RTS,20
7.35425e+06,20,CTS,14
7.35431e+06,7,QOSDATA_TID6,1066
7.3545e+06,20,ACK,14
7.35454e+06,7,CTL,20
7.35463e+06,3,RTS,20
7.3547e+06,20,CTS,14
7.35476e+06,3,QOSDATA_TID6,1066
7.35494e+06,20,ACK,14
7.35498e+06,3,CTL,20
7.35507e+06,6,RTS,20
7.35514e+06,20,CTS,14
7.3552e+06,6,QOSDATA_TID6,1066
7.35538e+06,20,ACK,14
7.35543e+06,6,CTL,20
7.35551e+06,12,RTS,20
7.35551e+06,8,RTS,20
7.35561e+06,2,RTS,20
7.35561e+06,15,RTS,20
7.35571e+06,11,RTS,20
7.35578e+06,20,CTS,14
7.35584e+06,11,QOSDATA_TID6,1066
7.35602e+06,20,ACK,14
7.35606e+06,11,CTL,20
7.35615e+06,4,RTS,20
7.35622e+06,20,CTS,14
7.35628e+06,4,QOSDATA_TID6,1066
7.35646e+06,20,ACK,14
7.35651e+06,4,QOSDATA_TID6,1066
7.35669e+06,20,ACK,14
7.35674e+06,4,CTL,20
7.35682e+06,16,RTS,20
7.35682e+06,1,RTS,20
7.35682e+06,17,RTS,20
7.35682e+06,13,RTS,20
7.35682e+06,9,RTS,20
7.35694e+06,19,RTS,20
7.357e+06,20,CTS,14
7.35706e+06,19,QOSDATA_TID6,1066
7.35725e+06,20,ACK,14
7.35729e+06,19,QOSDATA_TID6,1066
7.35748e+06,20,ACK,14
7.35752e+06,19,CTL,20
7.35761e+06,12,RTS,20
7.35761e+06,2,RTS,20
7.35768e+06,20,CTS,14
7.35774e+06,12,QOSDATA_TID6,1066
7.35792e+06,20,ACK,14
7.35796e+06,12,CTL,20
7.35807e+06,8,RTS,20
7.35807e+06,16,RTS,20
7.35807e+06,4,RTS,20
7.35807e+06,15,RTS,20
7.35807e+06,2,RTS,20
7.35807e+06,10,RTS,20
7.3582e+06,2,RTS,20
7.3582e+06,13,RTS,20
7.35832e+06,16,RTS,20
7.35838e+06,20,CTS,14
7.35844e+06,16,QOSDATA_TID6,1066
7.35863e+06,20,ACK,14
7.35867e+06,16,CTL,20
7.35877e+06,13,RTS,20
7.35884e+06,20,CTS,14
7.3589e+06,13,QOSDATA_TID6,1066
7.35908e+06,20,ACK,14
7.35912e+06,13,QOSDATA_TID6,1066
7.35931e+06,20,ACK,14
7.35935e+06,13,CTL,20
7.35944e+06,2,RTS,20
7.35944e+06,18,RTS,20
7.35954e+06,15,RTS,20
7.35954e+06,14,RTS,20
7.35964e+06,4,RTS,20
7.35971e+06,20,CTS,14
7.35977e+06,4,QOSDATA_TID6,1066
7.35996e+06,20,ACK,14
7.36e+06,4,CTL,20
7.36008e+06,5,RTS,20
7.36015e+06,20,CTS,14
7.36021e+06,5,QOSDATA_TID6,1066
7.3604e+06,20,ACK,14
7.36044e+06,5,CTL,20
7.36053e+06,8,RTS,20
7.36053e+06,17,RTS,20
7.36053e+06,1,RTS,20
7.36053e+06,16,RTS,20
7.36062e+06,2,RTS,20
7.36062e+06,9,RTS,20
7.36069e+06,20,CTS,14
7.36075e+06,2,QOSDATA_TID6,1066
7.36094e+06,20,ACK,14
7.36098e+06,2,CTL,20
7.36108e+06,10,RTS,20
7.36108e+06,17,RTS,20
7.36108e+06,15,RTS,20
7.36114e+06,20,CTS,14
7.3612e+06,17,QOSDATA_TID6,1066
7.36139e+06,20,ACK,14
7.36143e+06,17,CTL,20
7.36153e+06,10,RTS,20
7.3616e+06,20,CTS,14
7.36166e+06,10,QOSDATA_TID6,1066
7.36184e+06,20,ACK,14
7.36188e+06,10,QOSDATA_TID6,1066
7.36207e+06,20,ACK,14
7.36211e+06,10,CTL,20
7.3622e+06,8,RTS,20
7.3622e+06,1,RTS,20
7.3622e+06,14,RTS,20
7.3622e+06,13,RTS,20
7.3623e+06,0,RTS,20
7.3623e+06,18,RTS,20
7.36239e+06,12,RTS,20
7.36239e+06,7,RTS,20
7.36246e+06,20,CTS,14
7.36252e+06,12,QOSDATA_TID6,1066
7.3627e+06,20,ACK,14
7.36275e+06,12,CTL,20
7.36284e+06,16,RTS,20
7.3629e+06,20,CTS,14
7.36296e+06,16,QOSDATA_TID6,1066
7.36315e+06,20,ACK,14
7.36319e+06,16,CTL,20
7.36328e+06,0,RTS,20
7.36328e+06,6,RTS,20
7.36338e+06,3,RTS,20
7.36338e+06,11,RTS,20
7.36348e+06,19,RTS,20
7.36348e+06,0,CTS,14
7.36358e+06,0,RTS,20
7.36365e+06,20,CTS,14
7.36371e+06,0,QOSDATA_TID6,1066
7.36389e+06,20,ACK,14
7.36393e+06,0,CTL,20
7.36402e+06,3,RTS,20
7.36402e+06,13,RTS,20
7.36412e+06,1,RTS,20
7.36419e+06,20,CTS,14
7.36425e+06,1,QOSDATA_TID6,1066
7.36443e+06,20,ACK,14
7.36447e+06,1,QOSDATA_TID6,1066
7.36466e+06,20,ACK,14
7.3647e+06,1,CTL,20
7.36479e+06,5,RTS,20
7.36479e+06,2,RTS,20
7.36486e+06,20,CTS,14
7.36492e+06,5,QOSDATA_TID6,1066
7.3651e+06,20,ACK,14
7.36514e+06,5,CTL,20
7.36524e+06,17,RTS,20
7.36524e+06,9,RTS,20
7.36524e+06,4,RTS,20
7.36524e+06,10,RTS,20
7.36524e+06,13,RTS,20
7.36531e+06,20,CTS,14
7.36537e+06,17,QOSDATA_TID6,1066
7.36555e+06,20,ACK,14
7.3656e+06,17,CTL,20
7.36568e+06,10,RTS,20
7.36575e+06,20,CTS,14
7.36581e+06,10,QOSDATA_TID6,1066
7.36599e+06,20,ACK,14
7.36604e+06,10,CTL,20
7.36613e+06,3,RTS,20
7.36613e+06,14,RTS,20
7.36613e+06,7,RTS,20
7.36613e+06,13,RTS,20
7.36613e+06,4,RTS,20
7.36623e+06,18,RTS,20
7.3663e+06,20,CTS,14
7.36636e+06,18,QOSDATA_TID6,1066
7.36654e+06,20,ACK,14
7.36659e+06,18,QOSDATA_TID6,1066
7.36677e+06,20,ACK,14
7.36681e+06,18,CTL,20
7.3669e+06,7,RTS,20
7.36697e+06,20,CTS,14
7.36703e+06,7,QOSDATA_TID6,1066
7.36721e+06,20,ACK,14
7.36726e+06,7,CTL,20
7.36734e+06,8,RTS,20
7.36734e+06,4,RTS,20
7.36734e+06,14,RTS,20
7.36741e+06,20,CTS,14
7.36747e+06,8,QOSDATA_TID6,1066
7.36765e+06,20,ACK,14
7.3677e+06,8,QOSDATA_TID6,1066
7.36788e+06,20,ACK,14
7.36793e+06,8,QOSDATA_TID6,1066
7.36811e+06,20,ACK,14
7.36815e+06,8,CTL,20
7.36825e+06,19,RTS,20
7.36825e+06,2,RTS,20
7.36825e+06,15,RTS,20
7.36836e+06,4,RTS,20
7.36842e+06,20,CTS,14
7.36848e+06,4,QOSDATA_TID6,1066
7.36867e+06,20,ACK,14
7.36871e+06,4,CTL,20
7.3688e+06,16,RTS,20
7.3688e+06,19,RTS,20
7.36887e+06,20,CTS,14
7.36893e+06,19,QOSDATA_TID6,1066
7.36911e+06,20,ACK,14
7.36915e+06,19,CTL,20
7.36925e+06,0,RTS,20
7.36925e+06,6,RTS,20
7.36936e+06,2,RTS,20
7.36936e+06,9,RTS,20
7.36936e+06,11,RTS,20
7.36945e+06,15,RTS,20
7.36952e+06,20,CTS,14
7.36958e+06,15,QOSDATA_TID6,1066
7.36977e+06,20,ACK,14
7.36981e+06,15,QOSDATA_TID6,1066
7.36999e+06,20,ACK,14
7.37004e+06,15,CTL,20
7.37013e+06,13,RTS,20
7.37013e+06,9,RTS,20
7.37025e+06,11,RTS,20
7.37025e+06,16,RTS,20
7.37035e+06,0,RTS,20
7.37035e+06,6,RTS,20
7.37045e+06,14,RTS,20
7.37045e+06,12,RTS,20
7.37045e+06,3,RTS,20
7.37045e+06,13,RTS,20
7.37052e+06,20,CTS,14
7.37058e+06,12,QOSDATA_TID6,1066
7.37077e+06,20,ACK,14
7.37081e+06,12,CTL,20
7.3709e+06,0,CTS,14
7.37102e+06,0,RTS,20
7.37109e+06,20,CTS,14
7.37115e+06,0,QOSDATA_TID6,1066
7.37133e+06,20,ACK,14
7.37138e+06,0,CTL,20
7.37146e+06,6,RTS,20
7.37146e+06,19,RTS,20
7.37157e+06,13,RTS,20
7.37164e+06,20,CTS,14
7.3717e+06,13,QOSDATA_TID6,1066
7.37188e+06,20,ACK,14
7.37192e+06,13,QOSDATA_TID6,1066
7.37211e+06,20,ACK,14
7.37215e+06,13,CTL,20
7.37225e+06,7,RTS,20
7.37225e+06,19,RTS,20
7.37225e+06,2,RTS,20
7.37236e+06,5,RTS,20
7.37242e+06,20,CTS,14
7.37248e+06,5,QOSDATA_TID6,1066
7.37267e+06,20,ACK,14
7.37271e+06,5,CTL,20
7.3728e+06,2,RTS,20
7.3728e+06,15,RTS,20
7.3729e+06,16,RTS,20
7.37296e+06,20,CTS,14
7.37302e+06,16,QOSDATA_TID6,1066
7.37321e+06,20,ACK,14
7.37325e+06,16,CTL,20
7.37334e+06,4,RTS,20
7.37334e+06,2,RTS,20
7.3734e+06,20,CTS,14
7.37346e+06,2,QOSDATA_TID6,1066
7.37365e+06,20,ACK,14
7.37369e+06,2,QOSDATA_TID6,1066
7.37388e+06,20,ACK,14
7.37392e+06,2,CTL,20
7.37402e+06,10,RTS,20
7.37402e+06,19,RTS,20
7.37408e+06,20,CTS,14
7.37414e+06,19,QOSDATA_TID6,1066
7.37433e+06,20,ACK,14
7.37437e+06,19,CTL,20
7.37446e+06,3,RTS,20
7.37446e+06,9,RTS,20
7.37446e+06,14,RTS,20
7.37456e+06,18,RTS,20
7.37456e+06,1,RTS,20
7.37456e+06,11,RTS,20
7.3747e+06,1,RTS,20
7.3747e+06,7,RTS,20
7.3747e+06,9,RTS,20
7.37482e+06,4,RTS,20
7.37489e+06,20,CTS,14
7.37495e+06,4,QOSDATA_TID6,1066
7.37514e+06,20,ACK,14
7.37518e+06,4,CTL,20
7.37527e+06,9,RTS,20
7.37527e+06,6,RTS,20
7.37527e+06,18,RTS,20
7.37537e+06,17,RTS,20
7.37537e+06,11,RTS,20
7.37544e+06,20,CTS,14
7.3755e+06,17,QOSDATA_TID6,1066
7.37568e+06,20,ACK,14
7.37573e+06,17,CTL,20
7.37582e+06,7,RTS,20
7.37588e+06,20,CTS,14
7.37594e+06,7,QOSDATA_TID6,1066
7.37613e+06,20,ACK,14
7.37617e+06,7,CTL,20
7.37626e+06,11,RTS,20
7.37632e+06,20,CTS,14
7.37638e+06,11,QOSDATA_TID6,1066
7.37657e+06,20,ACK,14
7.37661e+06,11,QOSDATA_TID6,1066
7.3768e+06,20,ACK,14
7.37684e+06,11,CTL,20
7.37693e+06,8,RTS,20
7.37693e+06,18,RTS,20
7.37693e+06,6,RTS,20
7.37693e+06,10,RTS,20
7.37693e+06,14,RTS,20
7.37706e+06,3,RTS,20
7.37713e+06,20,CTS,14
7.37719e+06,3,QOSDATA_TID6,1066
7.37737e+06,20,ACK,14
7.37742e+06,3,QOSDATA_TID6,1066
7.3776e+06,20,ACK,14
7.37764e+06,3,CTL,20
7.37773e+06,9,RTS,20
7.37773e+06,7,RTS,20
7.3778e+06,20,CTS,14
7.37786e+06,7,QOSDATA_TID6,1066
7.37804e+06,20,ACK,14
7.37809e+06,7,CTL,20
7.37818e+06,8,RTS,20
7.37818e+06,9,RTS,20
7.37825e+06,20,CTS,14
7.37831e+06,8,QOSDATA_TID6,1066
7.37849e+06,20,ACK,14
7.37854e+06,8,CTL,20
7.37863e+06,0,RTS,20
7.3787e+06,20,CTS,14
7.37876e+06,0,QOSDATA_TID6,1066
7.37895e+06,20,ACK,14
7.37899e+06,0,CTL,20
7.37908e+06,6,RTS,20
7.37908e+06,10,RTS,20
7.37908e+06,3,RTS,20
7.37908e+06,1,RTS,20
7.37908e+06,13,RTS,20
7.37908e+06,16,RTS,20
7.37918e+06,12,RTS,20
7.37925e+06,20,CTS,14
7.37931e+06,12,QOSDATA_TID6,1066
7.3795e+06,20,ACK,14
7.37954e+06,12,CTL,20
7.37962e+06,17,RTS,20
7.37962e+06,15,RTS,20
7.37962e+06,6,RTS,20
7.37974e+06,10,RTS,20
7.37981e+06,20,CTS,14
7.37987e+06,10,QOSDATA_TID6,1066
7.38005e+06,20,ACK,14
7.3801e+06,10,CTL,20
7.38018e+06,6,RTS,20
7.38025e+06,20,CTS,14
7.38031e+06,6,QOSDATA_TID6,1066
7.3805e+06,20,ACK,14
7.38054e+06,6,QOSDATA_TID6,1066
7.38072e+06,20,ACK,14
7.38077e+06,6,CTL,20
7.38085e+06,14,RTS,20
7.38085e+06,15,RTS,20
7.38085e+06,5,RTS,20
7.38085e+06,9,RTS,20
7.38085e+06,11,RTS,20
7.38085e+06,4,RTS,20
7.38092e+06,20,CTS,14
7.38098e+06,5,QOSDATA_TID6,1066
7.38116e+06,20,ACK,14
7.38121e+06,5,CTL,20
7.3813e+06,19,RTS,20
7.3813e+06,10,RTS,20
7.38136e+06,20,CTS,14
7.38142e+06,19,QOSDATA_TID6,1066
7.38161e+06,20,ACK,14
7.38165e+06,19,CTL,20
7.38175e+06,17,RTS,20
7.38175e+06,11,RTS,20
7.38175e+06,3,RTS,20
7.38181e+06,20,CTS,14
7.38187e+06,17,QOSDATA_TID6,1066
7.38206e+06,20,ACK,14
7.3821e+06,17,CTL,20
7.3822e+06,15,RTS,20
7.3822e+06,14,RTS,20
7.3823e+06,2,RTS,20
7.38237e+06,20,CTS,14
7.38243e+06,2,QOSDATA_TID6,1066
7.38262e+06,20,ACK,14
7.38266e+06,2,CTL,20
7.38275e+06,10,RTS,20
7.38275e+06,1,RTS,20
7.38275e+06,4,RTS,20
7.38281e+06,20,CTS,14
7.38287e+06,1,QOSDATA_TID6,1066
7.38306e+06,20,ACK,14
7.3831e+06,1,QOSDATA_TID6,1066
7.38329e+06,20,ACK,14
7.38333e+06,1,CTL,20
7.38342e+06,4,RTS,20
7.38348e+06,20,CTS,14
7.38354e+06,4,QOSDATA_TID6,1066
7.38373e+06,20,ACK,14
7.38377e+06,4,CTL,20
7.38386e+06,15,RTS,20
7.38386e+06,18,RTS,20
7.38396e+06,16,RTS,20
7.38402e+06,20,CTS,14
7.38408e+06,16,QOSDATA_TID6,1066
7.38427e+06,20,ACK,14
7.38431e+06,16,CTL,20
7.3844e+06,11,RTS,20
7.38447e+06,20,CTS,14
7.38453e+06,11,QOSDATA_TID6,1066
7.38471e+06,20,ACK,14
7.38475e+06,11,CTL,20
7.38484e+06,16,RTS,20
7.38484e+06,8,RTS,20
7.38484e+06,3,RTS,20
7.38491e+06,20,CTS,14
7.38497e+06,8,QOSDATA_TID6,1066
7.38515e+06,20,ACK,14
7.3852e+06,8,CTL,20
7.38528e+06,13,RTS,20
7.38535e+06,20,CTS,14
7.38541e+06,13,QOSDATA_TID6,1066
7.38559e+06,20,ACK,14
7.38564e+06,13,QOSDATA_TID6,1066
7.38582e+06,20,ACK,14
7.38587e+06,13,CTL,20
7.38595e+06,7,RTS,20
7.38595e+06,10,RTS,20
7.38595e+06,9,RTS,20
7.38602e+06,20,CTS,14
7.38608e+06,7,QOSDATA_TID6,1066
7.38626e+06,20,ACK,14
7.38631e+06,7,CTL,20
7.38639e+06,12,RTS,20
7.38639e+06,14,RTS,20
7.38646e+06,20,CTS,14
7.38652e+06,12,QOSDATA_TID6,1066
7.38671e+06,20,ACK,14
7.38675e+06,12,CTL,20
7.38684e+06,11,RTS,20
7.38684e+06,0,RTS,20
7.38684e+06,10,RTS,20
7.38698e+06,11,RTS,20
7.38698e+06,0,RTS,20
7.38705e+06,20,CTS,14
7.38711e+06,0,QOSDATA_TID6,1066
7.3873e+06,20,ACK,14
7.38734e+06,0,CTL,20
7.38743e+06,1,RTS,20
7.3875e+06,20,CTS,14
7.38756e+06,1,QOSDATA_TID6,1066
7.38774e+06,20,ACK,14
7.38778e+06,1,CTL,20
7.38788e+06,17,RTS,20
7.38788e+06,9,RTS,20
7.38795e+06,20,CTS,14
7.38801e+06,17,QOSDATA_TID6,1066
7.38819e+06,20,ACK,14
7.38824e+06,17,CTL,20
7.38832e+06,5,RTS,20
7.38832e+06,9,RTS,20
7.38832e+06,6,RTS,20
7.38839e+06,20,CTS,14
7.38845e+06,5,QOSDATA_TID6,1066
7.38863e+06,20,ACK,14
7.38868e+06,5,CTL,20
7.38875e+06,20,BEACON,152
7.38902e+06,9,RTS,20
7.38908e+06,20,CTS,14
7.38914e+06,9,QOSDATA_TID6,1066
7.38933e+06,20,ACK,14
7.38937e+06,9,QOSDATA_TID6,1066
7.38956e+06,20,ACK,14
7.3896e+06,9,QOSDATA_TID6,1066
7.38978e+06,20,ACK,14
7.38983e+06,9,CTL,20
7.38991e+06,6,RTS,20
7.38991e+06,14,RTS,20
7.39001e+06,19,RTS,20
7.39001e+06,4,RTS,20
7.39008e+06,20,CTS,14
7.39014e+06,19,QOSDATA_TID6,1066
7.39032e+06,20,ACK,14
7.39037e+06,19,CTL,20
7.39045e+06,4,RTS,20
7.39052e+06,20,CTS,14
7.39058e+06,4,QOSDATA_TID6,1066
7.39077e+06,20,ACK,14
7.39081e+06,4,CTL,20
7.3909e+06,16,RTS,20
7.3909e+06,14,RTS,20
7.3909e+06,18,RTS,20
7.39104e+06,6,RTS,20
7.39111e+06,20,CTS,14
7.39117e+06,6,QOSDATA_TID6,1066
7.39135e+06,20,ACK,14
7.3914e+06,6,CTL,20
7.39148e+06,16,RTS,20
7.39155e+06,20,CTS,14
7.39161e+06,16,QOSDATA_TID6,1066
7.39179e+06,20,ACK,14
7.39184e+06,16,CTL,20
7.39192e+06,2,RTS,20
7.39192e+06,10,RTS,20
7.39199e+06,20,CTS,14
7.39205e+06,2,QOSDATA_TID6,1066
7.39224e+06,20,ACK,14
7.39228e+06,2,CTL,20
7.39236e+06,15,RTS,20
7.39243e+06,20,CTS,14
7.39249e+06,15,QOSDATA_TID6,1066
7.39268e+06,20,ACK,14
7.39272e+06,15,QOSDATA_TID6,1066
7.3929e+06,20,ACK,14
7.39295e+06,15,QOSDATA_TID6,1066
7.39313e+06,20,ACK,14
7.39318e+06,15,CTL,20
7.39326e+06,18,RTS,20
7.39333e+06,20,CTS,14
7.39339e+06,18,QOSDATA_TID6,1066
7.39358e+06,20,ACK,14
7.39362e+06,18,QOSDATA_TID6,1066
7.3938e+06,20,ACK,14
7.39385e+06,18,QOSDATA_TID6,1066
7.39403e+06,20,ACK,14
7.39408e+06,18,CTL,20
7.39416e+06,0,RTS,20
7.39416e+06,3,RTS,20
7.39416e+06,8,RTS,20
7.39416e+06,14,RTS,20
7.39416e+06,11,RTS,20
7.39428e+06,7,RTS,20
7.39428e+06,13,RTS,20
7.39434e+06,20,CTS,14
7.3944e+06,7,QOSDATA_TID6,1066
7.39459e+06,20,ACK,14
7.39463e+06,7,CTL,20
7.39472e+06,11,RTS,20
7.39479e+06,20,CTS,14
7.39485e+06,11,QOSDATA_TID6,1066
7.39503e+06,20,ACK,14
7.39508e+06,11,QOSDATA_TID6,1066
7.39526e+06,20,ACK,14
7.3953e+06,11,CTL,20
7.39539e+06,16,RTS,20
7.39539e+06,17,RTS,20
7.39539e+06,6,RTS,20
7.39546e+06,20,CTS,14
7.39552e+06,17,QOSDATA_TID6,1066
7.3957e+06,20,ACK,14
7.39575e+06,17,CTL,20
7.39584e+06,8,RTS,20
7.39584e+06,1,RTS,20
7.39584e+06,12,RTS,20
7.39584e+06,0,RTS,20
7.39584e+06,10,RTS,20
7.39594e+06,13,RTS,20
7.39601e+06,20,CTS,14
7.39607e+06,13,QOSDATA_TID6,1066
7.39625e+06,20,ACK,14
7.3963e+06,13,CTL,20
7.39638e+06,12,RTS,20
7.39638e+06,5,RTS,20
7.39638e+06,0,CTS,14
7.39653e+06,0,RTS,20
7.3966e+06,20,CTS,14
7.39666e+06,0,QOSDATA_TID6,1066
7.39684e+06,20,ACK,14
7.39689e+06,0,CTL,20
7.39697e+06,5,RTS,20
7.39697e+06,12,RTS,20
7.39697e+06,9,RTS,20
7.39697e+06,16,RTS,20
7.39697e+06,4,RTS,20
7.39708e+06,19,RTS,20
7.39708e+06,2,RTS,20
7.3972e+06,15,RTS,20
7.39726e+06,20,CTS,14
7.39732e+06,15,QOSDATA_TID6,1066
7.39751e+06,20,ACK,14
7.39755e+06,15,CTL,20
7.39764e+06,12,RTS,20
7.3977e+06,20,CTS,14
7.39776e+06,12,QOSDATA_TID6,1066
7.39795e+06,20,ACK,14
7.39799e+06,12,CTL,20
7.39808e+06,14,RTS,20
7.39815e+06,20,CTS,14
7.39821e+06,14,QOSDATA_TID6,1066
7.39839e+06,20,ACK,14
7.39844e+06,14,QOSDATA_TID6,1066
7.39862e+06,20,ACK,14
7.39866e+06,14,QOSDATA_TID6,1066
7.39885e+06,20,ACK,14
7.39889e+06,14,QOSDATA_TID6,1066
7.39908e+06,20,ACK,14
7.39912e+06,14,CTL,20
7.3992e+06,6,RTS,20
7.3992e+06,9,RTS,20
7.39927e+06,20,CTS,14
7.39933e+06,6,QOSDATA_TID6,1066
7.39952e+06,20,ACK,14
7.39956e+06,6,CTL,20
7.39966e+06,14,RTS,20
7.39966e+06,1,RTS,20
7.39966e+06,4,RTS,20
7.39972e+06,20,CTS,14
7.39978e+06,1,QOSDATA_TID6,1066
7.39997e+06,20,ACK,14
7.40001e+06,1,CTL,20
7.4001e+06,4,RTS,20
7.40017e+06,20,CTS,14
7.40023e+06,4,QOSDATA_TID6,1066
7.40041e+06,20,ACK,14
7.40045e+06,4,CTL,20
7.40054e+06,18,RTS,20
7.40061e+06,20,CTS,14
7.40067e+06,18,QOSDATA_TID6,1066
7.40085e+06,20,ACK,14
7.4009e+06,18,CTL,20
7.40098e+06,3,RTS,20
7.40098e+06,14,RTS,20
7.4011e+06,16,RTS,20
7.40117e+06,20,CTS,14
7.40123e+06,16,QOSDATA_TID6,1066
7.40141e+06,20,ACK,14
7.40145e+06,16,QOSDATA_TID6,1066
7.40164e+06,20,ACK,14
7.40168e+06,16,CTL,20
7.40177e+06,3,RTS,20
7.40184e+06,20,CTS,14
7.4019e+06,3,QOSDATA_TID6,1066
7.40208e+06,20,ACK,14
7.40212e+06,3,QOSDATA_TID6,1066
7.40231e+06,20,ACK,14
7.40235e+06,3,QOSDATA_TID6,1066
7.40254e+06,20,ACK,14
7.40258e+06,3,CTL,20
7.40267e+06,3,RTS,20
7.40267e+06,10,RTS,20
7.40267e+06,5,RTS,20
7.40267e+06,13,RTS,20
7.40274e+06,20,CTS,14
7.4028e+06,5,QOSDATA_TID6,1066
7.40298e+06,20,ACK,14
7.40302e+06,5,CTL,20
7.40311e+06,2,RTS,20
7.40311e+06,6,RTS,20
7.40311e+06,10,RTS,20
7.40321e+06,8,RTS,20
7.40321e+06,1,RTS,20
7.40321e+06,12,RTS,20
7.40331e+06,11,RTS,20
7.40332e+06,0,RTS,20
7.40339e+06,20,CTS,14
7.40345e+06,0,QOSDATA_TID6,1066
7.40363e+06,20,ACK,14
7.40367e+06,0,CTL,20
7.40376e+06,17,RTS,20
7.40383e+06,20,CTS,14
7.40389e+06,17,QOSDATA_TID6,1066
7.40407e+06,20,ACK,14
7.40412e+06,17,CTL,20
7.4042e+06,8,RTS,20
7.4042e+06,12,RTS,20
7.4042e+06,7,RTS,20
7.4042e+06,13,RTS,20
7.4043e+06,3,RTS,20
7.4043e+06,10,RTS,20
7.4043e+06,9,RTS,20
7.4044e+06,2,RTS,20
7.40447e+06,20,CTS,14
7.40453e+06,2,QOSDATA_TID6,1066
7.40471e+06,20,ACK,14
7.40475e+06,2,QOSDATA_TID6,1066
7.40494e+06,20,ACK,14
7.40498e+06,2,CTL,20
7.40507e+06,19,RTS,20
7.40507e+06,15,RTS,20
7.40518e+06,10,RTS,20
7.40524e+06,20,CTS,14
7.4053e+06,10,QOSDATA_TID6,1066
7.40549e+06,20,ACK,14
7.40553e+06,10,QOSDATA_TID6,1066
7.40572e+06,20,ACK,14
7.40576e+06,10,QOSDATA_TID6,1066
7.40594e+06,20,ACK,14
7.40599e+06,10,CTL,20
7.40607e+06,7,RTS,20
7.40614e+06,20,CTS,14
7.4062e+06,7,QOSDATA_TID6,1066
7.40638e+06,20,ACK,14
7.40643e+06,7,CTL,20
7.40652e+06,12,RTS,20
7.40652e+06,1,RTS,20
7.40652e+06,18,RTS,20
7.40658e+06,20,CTS,14
7.40664e+06,12,QOSDATA_TID6,1066
7.40683e+06,20,ACK,14
7.40687e+06,12,CTL,20
7.40696e+06,4,RTS,20
7.40702e+06,20,CTS,14
7.40708e+06,4,QOSDATA_TID6,1066
7.40727e+06,20,ACK,14
7.40731e+06,4,CTL,20
7.4074e+06,11,RTS,20
7.4074e+06,5,RTS,20
7.4074e+06,14,RTS,20
7.40747e+06,20,CTS,14
7.40753e+06,5,QOSDATA_TID6,1066
7.40771e+06,20,ACK,14
7.40776e+06,5,CTL,20
7.40784e+06,11,RTS,20
7.40791e+06,20,CTS,14
7.40797e+06,11,QOSDATA_TID6,1066
7.40815e+06,20,ACK,14
7.4082e+06,11,CTL,20
7.40828e+06,15,RTS,20
7.40835e+06,20,CTS,14
7.40841e+06,15,QOSDATA_TID6,1066
7.4086e+06,20,ACK,14
7.40864e+06,15,CTL,20
7.40872e+06,6,RTS,20
7.40879e+06,20,CTS,14
7.40885e+06,6,QOSDATA_TID6,1066
7.40904e+06,20,ACK,14
7.40908e+06,6,CTL,20
7.40917e+06,0,RTS,20
7.40917e+06,14,RTS,20
7.40917e+06,18,RTS,20
7.40917e+06,9,RTS,20
7.40917e+06,13,RTS,20
7.40927e+06,8,RTS,20
7.40927e+06,19,RTS,20
7.40934e+06,20,CTS,14
7.4094e+06,8,QOSDATA_TID6,1066
7.40959e+06,20,ACK,14
7.40963e+06,8,QOSDATA_TID6,1066
7.40981e+06,20,ACK,14
7.40986e+06,8,QOSDATA_TID6,1066
7.41004e+06,20,ACK,14
7.41009e+06,8,CTL,20
7.41017e+06,16,RTS,20
7.41017e+06,7,RTS,20
7.41024e+06,20,CTS,14
7.4103e+06,7,QOSDATA_TID6,1066
7.41048e+06,20,ACK,14
7.41053e+06,7,CTL,20
7.41061e+06,1,RTS,20
7.41061e+06,19,RTS,20
7.41061e+06,3,RTS,20
7.41073e+06,0,RTS,20
7.4108e+06,20,CTS,14
7.41086e+06,0,QOSDATA_TID6,1066
7.41104e+06,20,ACK,14
7.41109e+06,0,CTL,20
7.41117e+06,1,RTS,20
7.41117e+06,11,RTS,20
7.41124e+06,20,CTS,14
7.4113e+06,1,QOSDATA_TID6,1066
7.41148e+06,20,ACK,14
7.41153e+06,1,QOSDATA_TID6,1066
7.41171e+06,20,ACK,14
7.41176e+06,1,CTL,20
7.41184e+06,12,RTS,20
7.41184e+06,6,RTS,20
7.41184e+06,14,RTS,20
7.41191e+06,20,CTS,14
7.41197e+06,12,QOSDATA_TID6,1066
7.41216e+06,20,ACK,14
7.4122e+06,12,CTL,20
7.41229e+06,5,RTS,20
7.41229e+06,13,RTS,20
7.41229e+06,9,RTS,20
7.41236e+06,20,CTS,14
7.41242e+06,5,QOSDATA_TID6,1066
7.41261e+06,20,ACK,14
7.41265e+06,5,CTL,20
7.41274e+06,2,RTS,20
7.41274e+06,16,RTS,20
7.41285e+06,15,RTS,20
7.41292e+06,20,CTS,14
7.41298e+06,15,QOSDATA_TID6,1066
7.41316e+06,20,ACK,14
7.41321e+06,15,CTL,20
7.41329e+06,17,RTS,20
7.41336e+06,20,CTS,14
7.41342e+06,17,QOSDATA_TID6,1066
7.41361e+06,20,ACK,14
7.41365e+06,17,CTL,20
7.41374e+06,14,RTS,20
7.4138e+06,20,CTS,14
7.41386e+06,14,QOSDATA_TID6,1066
7.41405e+06,20,ACK,14
7.41409e+06,14,QOSDATA_TID6,1066
7.41428e+06,20,ACK,14
7.41432e+06,14,CTL,20
7.41441e+06,18,RTS,20
7.41447e+06,20,CTS,14
7.41453e+06,18,QOSDATA_TID6,1066
7.41472e+06,20,ACK,14
7.41476e+06,18,QOSDATA_TID6,1066
7.41495e+06,20,ACK,14
7.41499e+06,18,CTL,20
7.41508e+06,10,RTS,20
7.41508e+06,4,RTS,20
7.41518e+06,19,RTS,20
7.41525e+06,20,CTS,14
7.41531e+06,19,QOSDATA_TID6,1066
7.4155e+06,20,ACK,14
7.41554e+06,19,QOSDATA_TID6,1066
7.41572e+06,20,ACK,14
7.41577e+06,19,QOSDATA_TID6,1066
7.41595e+06,20,ACK,14
7.416e+06,19,CTL,20
7.41608e+06,14,RTS,20
7.41615e+06,20,CTS,14
7.41621e+06,14,QOSDATA_TID6,1066
7.41639e+06,20,ACK,14
7.41644e+06,14,CTL,20
7.41652e+06,3,RTS,20
7.41659e+06,20,CTS,14
7.41665e+06,3,QOSDATA_TID6,1066
7.41684e+06,20,ACK,14
7.41688e+06,3,QOSDATA_TID6,1066
7.41706e+06,20,ACK,14
7.41711e+06,3,CTL,20
7.41719e+06,2,RTS,20
7.41719e+06,8,RTS,20
7.41719e+06,6,RTS,20
7.41719e+06,11,RTS,20
7.41719e+06,13,RTS,20
7.41733e+06,6,RTS,20
7.4174e+06,20,CTS,14
7.41746e+06,6,QOSDATA_TID6,1066
7.41764e+06,20,ACK,14
7.41769e+06,6,CTL,20
7.41778e+06,0,RTS,20
7.41778e+06,8,RTS,20
7.41778e+06,16,RTS,20
7.41778e+06,4,RTS,20
7.4179e+06,9,RTS,20
7.41797e+06,20,CTS,14
7.41803e+06,9,QOSDATA_TID6,1066
7.41821e+06,20,ACK,14
7.41826e+06,9,QOSDATA_TID6,1066
7.41844e+06,20,ACK,14
7.41848e+06,9,QOSDATA_TID6,1066
7.41867e+06,20,ACK,14
7.41871e+06,9,QOSDATA_TID6,1066
7.4189e+06,20,ACK,14
7.41894e+06,9,CTL,20
7.41903e+06,7,RTS,20
7.4191e+06,20,CTS,14
7.41916e+06,7,QOSDATA_TID6,1066
7.41934e+06,20,ACK,14
7.41938e+06,7,CTL,20
7.41947e+06,13,RTS,20
7.41947e+06,16,RTS,20
7.41947e+06,19,RTS,20
7.41947e+06,0,RTS,20
7.41947e+06,3,RTS,20
7.41958e+06,2,RTS,20
7.41958e+06,12,RTS,20
7.41964e+06,20,CTS,14
7.4197e+06,12,QOSDATA_TID6,1066
7.41989e+06,20,ACK,14
7.41993e+06,12,CTL,20
7.42004e+06,17,RTS,20
7.42004e+06,6,RTS,20
7.42004e+06,10,RTS,20
7.4201e+06,20,CTS,14
7.42016e+06,17,QOSDATA_TID6,1066
7.42035e+06,20,ACK,14
7.42039e+06,17,CTL,20
7.42048e+06,13,RTS,20
7.42055e+06,20,CTS,14
7.42061e+06,13,QOSDATA_TID6,1066
7.42079e+06,20,ACK,14
7.42083e+06,13,QOSDATA_TID6,1066
7.42102e+06,20,ACK,14
7.42106e+06,13,QOSDATA_TID6,1066
7.42125e+06,20,ACK,14
7.42129e+06,13,CTL,20
7.42138e+06,15,RTS,20
7.42145e+06,20,CTS,14
7.42151e+06,15,QOSDATA_TID6,1066
7.4217e+06,20,ACK,14
7.42174e+06,15,CTL,20
7.42183e+06,5,RTS,20
7.42183e+06,1,RTS,20
7.42183e+06,2,RTS,20
7.42183e+06,11,RTS,20
7.42183e+06,4,RTS,20
7.42183e+06,3,RTS,20
7.4219e+06,20,CTS,14
7.42196e+06,5,QOSDATA_TID6,1066
7.42214e+06,20,ACK,14
7.42218e+06,5,CTL,20
7.42227e+06,4,RTS,20
7.42234e+06,20,CTS,14
7.4224e+06,4,QOSDATA_TID6,1066
7.42258e+06,20,ACK,14
7.42262e+06,4,QOSDATA_TID6,1066
7.42281e+06,20,ACK,14
7.42285e+06,4,CTL,20
7.42294e+06,16,RTS,20
7.42294e+06,0,CTS,14
7.42294e+06,18,RTS,20
7.42308e+06,18,RTS,20
7.42308e+06,0,RTS,20
7.42318e+06,8,RTS,20
7.42318e+06,19,RTS,20
7.42324e+06,20,CTS,14
7.4233e+06,8,QOSDATA_TID6,1066
7.42349e+06,20,ACK,14
7.42353e+06,8,QOSDATA_TID6,1066
7.42372e+06,20,ACK,14
7.42376e+06,8,CTL,20
7.42385e+06,19,RTS,20
7.42392e+06,20,CTS,14
7.42398e+06,19,QOSDATA_TID6,1066
7.42416e+06,20,ACK,14
7.4242e+06,19,CTL,20
7.4243e+06,11,RTS,20
7.4243e+06,16,RTS,20
7.4243e+06,2,RTS,20
7.4243e+06,10,RTS,20
7.4244e+06,6,RTS,20
7.4244e+06,1,RTS,20
7.4244e+06,14,RTS,20
7.42449e+06,2,RTS,20
7.42456e+06,20,CTS,14
7.42462e+06,2,QOSDATA_TID6,1066
7.42481e+06,20,ACK,14
7.42485e+06,2,QOSDATA_TID6,1066
7.42503e+06,20,ACK,14
7.42508e+06,2,CTL,20
7.42516e+06,14,RTS,20
7.42516e+06,16,RTS,20
7.42527e+06,10,RTS,20
7.42534e+06,20,CTS,14
7.4254e+06,10,QOSDATA_TID6,1066
7.42558e+06,20,ACK,14
7.42563e+06,10,QOSDATA_TID6,1066
7.42581e+06,20,ACK,14
7.42586e+06,10,CTL,20
7.42594e+06,14,RTS,20
7.42594e+06,13,RTS,20
7.42604e+06,3,RTS,20
7.42604e+06,9,RTS,20
7.42616e+06,14,RTS,20
7.42616e+06,0,RTS,20
7.42616e+06,7,RTS,20
7.42616e+06,18,RTS,20
7.42616e+06,16,RTS,20
7.42627e+06,9,RTS,20
7.42633e+06,20,CTS,14
7.42639e+06,9,QOSDATA_TID6,1066
7.42658e+06,20,ACK,14
7.42662e+06,9,CTL,20
7.42672e+06,3,RTS,20
7.42672e+06,16,RTS,20
7.42682e+06,14,RTS,20
7.42688e+06,20,CTS,14
7.42694e+06,14,QOSDATA_TID6,1066
7.42713e+06,20,ACK,14
7.42717e+06,14,CTL,20
7.42726e+06,16,RTS,20
7.42733e+06,20,CTS,14
7.42739e+06,16,QOSDATA_TID6,1066
7.42757e+06,20,ACK,14
7.42761e+06,16,QOSDATA_TID6,1066
7.4278e+06,20,ACK,14
7.42784e+06,16,CTL,20
7.42793e+06,19,RTS,20
7.428e+06,20,CTS,14
7.42806e+06,19,QOSDATA_TID6,1066
7.42824e+06,20,ACK,14
7.42828e+06,19,CTL,20
7.42837e+06,1,RTS,20
7.42837e+06,17,RTS,20
7.42837e+06,12,RTS,20
7.42837e+06,6,RTS,20
7.42847e+06,5,RTS,20
7.42854e+06,20,CTS,14
7.4286e+06,5,QOSDATA_TID6,1066
7.42878e+06,20,ACK,14
7.42882e+06,5,CTL,20
7.42891e+06,3,RTS,20
7.42891e+06,15,RTS,20
7.42901e+06,17,RTS,20
7.42901e+06,11,RTS,20
7.42908e+06,20,CTS,14
7.42914e+06,17,QOSDATA_TID6,1066
7.42932e+06,20,ACK,14
7.42936e+06,17,CTL,20
7.42946e+06,3,RTS,20
7.42953e+06,20,CTS,14
7.42959e+06,3,QOSDATA_TID6,1066
7.42977e+06,20,ACK,14
7.42982e+06,3,QOSDATA_TID6,1066
7.43e+06,20,ACK,14
7.43004e+06,3,CTL,20
7.43013e+06,7,RTS,20
7.43013e+06,15,RTS,20
7.43013e+06,13,RTS,20
7.43023e+06,2,RTS,20
7.4303e+06,20,CTS,14
7.43036e+06,2,QOSDATA_TID6,1066
7.43054e+06,20,ACK,14
7.43058e+06,2,CTL,20
7.43067e+06,10,RTS,20
7.43067e+06,0,RTS,20
7.43067e+06,8,RTS,20
7.43078e+06,18,RTS,20
7.43084e+06,20,CTS,14
7.4309e+06,18,QOSDATA_TID6,1066
7.43109e+06,20,ACK,14
7.43113e+06,18,QOSDATA_TID6,1066
7.43132e+06,20,ACK,14
7.43136e+06,18,CTL,20
7.43145e+06,8,RTS,20
7.43145e+06,15,RTS,20
7.43151e+06,20,CTS,14
7.43157e+06,8,QOSDATA_TID6,1066
7.43176e+06,20,ACK,14
7.4318e+06,8,CTL,20
7.4319e+06,12,RTS,20
7.4319e+06,4,RTS,20
7.4319e+06,6,RTS,20
7.4319e+06,14,RTS,20
7.43196e+06,20,CTS,14
7.43202e+06,12,QOSDATA_TID6,1066
7.43221e+06,20,ACK,14
7.43225e+06,12,CTL,20
7.43234e+06,4,RTS,20
7.43241e+06,20,CTS,14
7.43247e+06,4,QOSDATA_TID6,1066
7.43265e+06,20,ACK,14
7.4327e+06,4,CTL,20
7.43279e+06,16,RTS,20
7.43279e+06,13,RTS,20
7.43279e+06,15,RTS,20
7.43291e+06,10,RTS,20
7.43297e+06,20,CTS,14
7.43303e+06,10,QOSDATA_TID6,1066
7.43322e+06,20,ACK,14
7.43326e+06,10,CTL,20
7.43335e+06,7,RTS,20
7.43342e+06,20,CTS,14
7.43348e+06,7,QOSDATA_TID6,1066
7.43366e+06,20,ACK,14
7.4337e+06,7,QOSDATA_TID6,1066
7.43389e+06,20,ACK,14
7.43393e+06,7,CTL,20
7.43402e+06,16,RTS,20
7.43402e+06,9,RTS,20
7.43412e+06,14,RTS,20
7.43418e+06,20,CTS,14
7.43424e+06,14,QOSDATA_TID6,1066
7.43443e+06,20,ACK,14
7.43447e+06,14,CTL,20
7.43456e+06,6,RTS,20
7.43456e+06,0,RTS,20
7.43466e+06,3,RTS,20
7.43472e+06,20,CTS,14
7.43478e+06,3,QOSDATA_TID6,1066
7.43497e+06,20,ACK,14
7.43501e+06,3,CTL,20
7.4351e+06,1,RTS,20
7.4351e+06,6,RTS,20
7.4351e+06,11,RTS,20
7.4351e+06,16,RTS,20
7.4351e+06,15,RTS,20
7.4352e+06,12,RTS,20
7.43526e+06,20,CTS,14
7.43532e+06,12,QOSDATA_TID6,1066
7.43551e+06,20,ACK,14
7.43555e+06,12,CTL,20
7.43565e+06,17,RTS,20
7.43565e+06,1,RTS,20
7.43565e+06,15,RTS,20
7.43565e+06,9,RTS,20
7.43576e+06,19,RTS,20
7.43583e+06,20,CTS,14
7.43589e+06,19,QOSDATA_TID6,1066
7.43608e+06,20,ACK,14
7.43612e+06,19,CTL,20
7.43621e+06,11,RTS,20
7.43621e+06,6,RTS,20
7.4363e+06,5,RTS,20
7.4363e+06,13,RTS,20
7.43637e+06,20,CTS,14
7.43643e+06,5,QOSDATA_TID6,1066
7.43662e+06,20,ACK,14
7.43666e+06,5,CTL,20
7.43675e+06,2,RTS,20
7.43675e+06,13,RTS,20
7.43687e+06,16,RTS,20
7.43694e+06,20,CTS,14
7.437e+06,16,QOSDATA_TID6,1066
7.43718e+06,20,ACK,14
7.43723e+06,16,CTL,20
7.43732e+06,15,RTS,20
7.43739e+06,20,CTS,14
7.43745e+06,15,QOSDATA_TID6,1066
7.43763e+06,20,ACK,14
7.43768e+06,15,QOSDATA_TID6,1066
7.43786e+06,20,ACK,14
7.43791e+06,15,CTL,20
7.43799e+06,13,RTS,20
7.43806e+06,20,CTS,14
7.43812e+06,13,QOSDATA_TID6,1066
7.4383e+06,20,ACK,14
7.43835e+06,13,QOSDATA_TID6,1066
7.43853e+06,20,ACK,14
7.43858e+06,13,CTL,20
7.43866e+06,4,RTS,20
7.43866e+06,11,RTS,20
7.43866e+06,8,RTS,20
7.43866e+06,6,RTS,20
7.43866e+06,18,RTS,20
7.43866e+06,10,RTS,20
7.43877e+06,9,RTS,20
7.43884e+06,20,CTS,14
7.4389e+06,9,QOSDATA_TID6,1066
7.43908e+06,20,ACK,14
7.43912e+06,9,CTL,20
7.43921e+06,2,RTS,20
7.43921e+06,11,RTS,20
7.43933e+06,14,RTS,20
7.4394e+06,20,CTS,14
7.43946e+06,14,QOSDATA_TID6,1066
7.43964e+06,20,ACK,14
7.43968e+06,14,CTL,20
7.43978e+06,6,RTS,20
7.43978e+06,0,RTS,20
7.43978e+06,2,RTS,20
7.43978e+06,1,RTS,20
7.4399e+06,10,RTS,20
7.43997e+06,20,CTS,14
7.44003e+06,10,QOSDATA_TID6,1066
7.44022e+06,20,ACK,14
7.44026e+06,10,CTL,20
7.44034e+06,0,RTS,20
7.44034e+06,6,RTS,20
7.44034e+06,1,RTS,20
7.44044e+06,18,RTS,20
7.44051e+06,20,CTS,14
7.44057e+06,18,QOSDATA_TID6,1066
7.44076e+06,20,ACK,14
7.4408e+06,18,CTL,20
7.4409e+06,16,RTS,20
7.44097e+06,20,CTS,14
7.44103e+06,16,QOSDATA_TID6,1066
7.44122e+06,20,ACK,14
7.44126e+06,16,CTL,20
7.44136e+06,8,RTS,20
7.44136e+06,17,RTS,20
7.44136e+06,2,RTS,20
7.44136e+06,6,RTS,20
7.44145e+06,1,RTS,20
7.44152e+06,20,CTS,14
7.44158e+06,1,QOSDATA_TID6,1066
7.44176e+06,20,ACK,14
7.44181e+06,1,QOSDATA_TID6,1066
7.44199e+06,20,ACK,14
7.44204e+06,1,CTL,20
7.44213e+06,17,RTS,20
7.44213e+06,7,RTS,20
7.44223e+06,11,RTS,20
7.4423e+06,20,CTS,14
7.44236e+06,11,QOSDATA_TID6,1066
7.44254e+06,20,ACK,14
7.44259e+06,11,QOSDATA_TID6,1066
7.44277e+06,20,ACK,14
7.44281e+06,11,QOSDATA_TID6,1066
7.443e+06,20,ACK,14
7.44304e+06,11,QOSDATA_TID6,1066
7.44323e+06,20,ACK,14
7.44327e+06,11,CTL,20
7.44336e+06,0,RTS,20
7.44336e+06,6,RTS,20
7.44345e+06,12,RTS,20
7.44345e+06,7,RTS,20
7.44345e+06,3,RTS,20
7.44345e+06,1,RTS,20
7.44345e+06,4,RTS,20
7.44355e+06,6,RTS,20
7.44362e+06,20,CTS,14
7.44368e+06,6,QOSDATA_TID6,1066
7.44386e+06,20,ACK,14
7.44391e+06,6,QOSDATA_TID6,1066
7.44409e+06,20,ACK,14
7.44414e+06,6,QOSDATA_TID6,1066
7.44432e+06,20,ACK,14
7.44436e+06,6,CTL,20
7.44445e+06,0,RTS,20
7.44445e+06,17,RTS,20
7.44445e+06,3,RTS,20
7.44445e+06,1,RTS,20
7.44445e+06,13,RTS,20
7.44456e+06,12,RTS,20
7.44456e+06,19,RTS,20
7.44456e+06,2,RTS,20
7.44462e+06,20,CTS,14
7.44468e+06,12,QOSDATA_TID6,1066
7.44487e+06,20,ACK,14
7.44491e+06,12,CTL,20
7.445e+06,4,RTS,20
7.445e+06,15,RTS,20
7.44507e+06,20,CTS,14
7.44513e+06,15,QOSDATA_TID6,1066
7.44531e+06,20,ACK,14
7.44536e+06,15,CTL,20
7.44545e+06,5,RTS,20
7.44545e+06,17,RTS,20
7.44552e+06,20,CTS,14
7.44558e+06,5,QOSDATA_TID6,1066
7.44576e+06,20,ACK,14
7.44581e+06,5,CTL,20
7.44589e+06,9,RTS,20
7.44596e+06,20,CTS,14
7.44602e+06,9,QOSDATA_TID6,1066
7.4462e+06,20,ACK,14
7.44625e+06,9,CTL,20
7.44633e+06,2,RTS,20
7.44633e+06,10,RTS,20
7.44633e+06,0,RTS,20
7.44644e+06,18,RTS,20
7.44644e+06,8,RTS,20
7.44651e+06,20,CTS,14
7.44657e+06,8,QOSDATA_TID6,1066
7.44675e+06,20,ACK,14
7.4468e+06,8,QOSDATA_TID6,1066
7.44698e+06,20,ACK,14
7.44702e+06,8,CTL,20
7.44713e+06,1,RTS,20
7.44713e+06,7,RTS,20
7.44713e+06,2,RTS,20
7.44713e+06,4,RTS,20
7.44713e+06,3,RTS,20
7.44713e+06,14,RTS,20
7.44724e+06,13,RTS,20
7.44731e+06,20,CTS,14
7.44737e+06,13,QOSDATA_TID6,1066
7.44756e+06,20,ACK,14
7.4476e+06,13,CTL,20
7.44769e+06,7,RTS,20
7.44769e+06,10,RTS,20
7.44776e+06,20,CTS,14
7.44782e+06,7,QOSDATA_TID6,1066
7.448e+06,20,ACK,14
7.44804e+06,7,CTL,20
7.44814e+06,1,RTS,20
7.44821e+06,20,CTS,14
7.44827e+06,1,QOSDATA_TID6,1066
7.44845e+06,20,ACK,14
7.44849e+06,1,CTL,20
7.44859e+06,17,RTS,20
7.44859e+06,4,RTS,20
7.44859e+06,0,RTS,20
7.44866e+06,20,CTS,14
7.44872e+06,17,QOSDATA_TID6,1066
7.4489e+06,20,ACK,14
7.44894e+06,17,QOSDATA_TID6,1066
7.44913e+06,20,ACK,14
7.44917e+06,17,CTL,20
7.44928e+06,16,RTS,20
7.44928e+06,2,RTS,20
7.44938e+06,19,RTS,20
7.44944e+06,20,CTS,14
7.4495e+06,19,QOSDATA_TID6,1066
7.44969e+06,20,ACK,14
7.44973e+06,19,CTL,20
7.44982e+06,14,RTS,20
7.44989e+06,20,CTS,14
7.44995e+06,14,QOSDATA_TID6,1066
7.45013e+06,20,ACK,14
7.45017e+06,14,CTL,20
7.45027e+06,13,RTS,20
7.45027e+06,2,RTS,20
7.45038e+06,12,RTS,20
7.45045e+06,20,CTS,14
7.45051e+06,12,QOSDATA_TID6,1066
7.4507e+06,20,ACK,14
7.45074e+06,12,CTL,20
7.45083e+06,16,RTS,20
7.4509e+06,20,CTS,14
7.45096e+06,16,QOSDATA_TID6,1066
7.45114e+06,20,ACK,14
7.45118e+06,16,CTL,20
7.45127e+06,6,RTS,20
7.45134e+06,20,CTS,14
7.4514e+06,6,QOSDATA_TID6,1066
7.45158e+06,20,ACK,14
7.45162e+06,6,CTL,20
7.45171e+06,18,RTS,20
7.45171e+06,7,RTS,20
7.45171e+06,3,RTS,20
7.45171e+06,9,RTS,20
7.45171e+06,13,RTS,20
7.45171e+06,19,RTS,20
7.45171e+06,11,RTS,20
7.45182e+06,17,RTS,20
7.45189e+06,20,CTS,14
7.45195e+06,17,QOSDATA_TID6,1066
7.45213e+06,20,ACK,14
7.45217e+06,17,CTL,20
7.45226e+06,7,RTS,20
7.45226e+06,18,RTS,20
7.45233e+06,20,CTS,14
7.45239e+06,7,QOSDATA_TID6,1066
7.45257e+06,20,ACK,14
7.45262e+06,7,CTL,20
7.4527e+06,18,RTS,20
7.45277e+06,20,CTS,14
7.45283e+06,18,QOSDATA_TID6,1066
7.45301e+06,20,ACK,14
7.45306e+06,18,CTL,20
7.45314e+06,10,RTS,20
7.45314e+06,5,RTS,20
7.45314e+06,19,RTS,20
7.45314e+06,1,RTS,20
7.45321e+06,20,CTS,14
7.45327e+06,5,QOSDATA_TID6,1066
7.45346e+06,20,ACK,14
7.4535e+06,5,CTL,20
7.45359e+06,2,RTS,20
7.45365e+06,20,CTS,14
7.45371e+06,2,QOSDATA_TID6,1066
7.4539e+06,20,ACK,14
7.45394e+06,2,QOSDATA_TID6,1066
7.45413e+06,20,ACK,14
7.45417e+06,2,CTL,20
7.45426e+06,0,RTS,20
7.45432e+06,20,CTS,14
7.45438e+06,0,QOSDATA_TID6,1066
7.45457e+06,20,ACK,14
7.45461e+06,0,QOSDATA_TID6,1066
7.4548e+06,20,ACK,14
7.45484e+06,0,QOSDATA_TID6,1066
7.45502e+06,20,ACK,14
7.45507e+06,0,QOSDATA_TID6,1066
7.45525e+06,20,ACK,14
7.4553e+06,0,CTL,20
7.45538e+06,18,RTS,20
7.45538e+06,15,RTS,20
7.45538e+06,8,RTS,20
7.45538e+06,4,RTS,20
7.45549e+06,13,RTS,20
7.45549e+06,3,RTS,20
7.45549e+06,9,RTS,20
7.45559e+06,18,RTS,20
7.45566e+06,20,CTS,14
7.45572e+06,18,QOSDATA_TID6,1066
7.4559e+06,20,ACK,14
7.45594e+06,18,CTL,20
7.45603e+06,10,RTS,20
7.45603e+06,19,RTS,20
7.45603e+06,1,RTS,20
7.45603e+06,11,RTS,20
7.45603e+06,13,RTS,20
7.45603e+06,4,RTS,20
7.45614e+06,9,RTS,20
7.4562e+06,20,CTS,14
7.45626e+06,9,QOSDATA_TID6,1066
7.45645e+06,20,ACK,14
7.45649e+06,9,CTL,20
7.45658e+06,19,RTS,20
7.45658e+06,8,RTS,20
7.45658e+06,14,RTS,20
7.45668e+06,10,RTS,20
7.45674e+06,20,CTS,14
7.4568e+06,10,QOSDATA_TID6,1066
7.45699e+06,20,ACK,14
7.45703e+06,10,QOSDATA_TID6,1066
7.45722e+06,20,ACK,14
7.45726e+06,10,CTL,20
7.45735e+06,8,RTS,20
7.45735e+06,13,RTS,20
7.45742e+06,20,CTS,14
7.45748e+06,8,QOSDATA_TID6,1066
7.45766e+06,20,ACK,14
7.4577e+06,8,CTL,20
7.45779e+06,13,RTS,20
7.45786e+06,20,CTS,14
7.45792e+06,13,QOSDATA_TID6,1066
7.4581e+06,20,ACK,14
7.45814e+06,13,QOSDATA_TID6,1066
7.45833e+06,20,ACK,14
7.45837e+06,13,CTL,20
7.45846e+06,4,RTS,20
7.45846e+06,9,RTS,20
7.45856e+06,1,RTS,20
7.45856e+06,15,RTS,20
7.45868e+06,7,RTS,20
7.45874e+06,20,CTS,14
7.4588e+06,7,QOSDATA_TID6,1066
7.45899e+06,20,ACK,14
7.45903e+06,7,CTL,20
7.45913e+06,1,RTS,20
7.45913e+06,11,RTS,20
7.45913e+06,16,RTS,20
7.45913e+06,4,RTS,20
7.45913e+06,0,RTS,20
7.45913e+06,6,RTS,20
7.45913e+06,3,RTS,20
7.45924e+06,12,RTS,20
7.45924e+06,14,RTS,20
7.4593e+06,20,CTS,14
7.45936e+06,12,QOSDATA_TID6,1066
7.45955e+06,20,ACK,14
7.45959e+06,12,CTL,20
7.45968e+06,17,RTS,20
7.45974e+06,20,CTS,14
7.4598e+06,17,QOSDATA_TID6,1066
7.45999e+06,20,ACK,14
7.46003e+06,17,CTL,20
7.46012e+06,4,RTS,20
7.46019e+06,20,CTS,14
7.46025e+06,4,QOSDATA_TID6,1066
7.46043e+06,20,ACK,14
7.46048e+06,4,QOSDATA_TID6,1066
7.46066e+06,20,ACK,14
7.4607e+06,4,CTL,20
7.46079e+06,19,RTS,20
7.46079e+06,2,RTS,20
7.46079e+06,0,RTS,20
7.46079e+06,6,RTS,20
7.46079e+06,10,RTS,20
7.4609e+06,5,RTS,20
7.4609e+06,9,RTS,20
7.4609e+06,15,RTS,20
7.46096e+06,20,CTS,14
7.46102e+06,5,QOSDATA_TID6,1066
7.46121e+06,20,ACK,14
7.46125e+06,5,CTL,20
7.46134e+06,4,RTS,20
7.46141e+06,20,CTS,14
7.46147e+06,4,QOSDATA_TID6,1066
7.46165e+06,20,ACK,14
7.46169e+06,4,CTL,20
7.46178e+06,11,RTS,20
7.46178e+06,1,RTS,20
7.46178e+06,0,CTS,14
7.46178e+06,10,RTS,20
7.46192e+06,0,RTS,20
7.46199e+06,20,CTS,14
7.46205e+06,0,QOSDATA_TID6,1066
7.46223e+06,20,ACK,14
7.46228e+06,0,CTL,20
7.46237e+06,2,RTS,20
7.46237e+06,10,RTS,20
7.46244e+06,20,CTS,14
7.4625e+06,2,QOSDATA_TID6,1066
7.46268e+06,20,ACK,14
7.46273e+06,2,CTL,20
7.46281e+06,18,RTS,20
7.46288e+06,20,CTS,14
7.46294e+06,18,QOSDATA_TID6,1066
7.46312e+06,20,ACK,14
7.46317e+06,18,CTL,20
7.46326e+06,14,RTS,20
7.46332e+06,20,CTS,14
7.46338e+06,14,QOSDATA_TID6,1066
7.46357e+06,20,ACK,14
7.46361e+06,14,QOSDATA_TID6,1066
7.4638e+06,20,ACK,14
7.46384e+06,14,CTL,20
7.46392e+06,15,RTS,20
7.46392e+06,8,RTS,20
7.46392e+06,3,RTS,20
7.46399e+06,20,CTS,14
7.46405e+06,8,QOSDATA_TID6,1066
7.46424e+06,20,ACK,14
7.46428e+06,8,CTL,20
7.46437e+06,3,RTS,20
7.46437e+06,6,RTS,20
7.46444e+06,20,CTS,14
7.4645e+06,6,QOSDATA_TID6,1066
7.46468e+06,20,ACK,14
7.46472e+06,6,CTL,20
7.46482e+06,11,RTS,20
7.46482e+06,16,RTS,20
7.46492e+06,1,RTS,20
7.46492e+06,10,RTS,20
7.46498e+06,20,CTS,14
7.46504e+06,1,QOSDATA_TID6,1066
7.46523e+06,20,ACK,14
7.46527e+06,1,QOSDATA_TID6,1066
7.46546e+06,20,ACK,14
7.4655e+06,1,CTL,20
7.46559e+06,16,RTS,20
7.46566e+06,20,CTS,14
7.46572e+06,16,QOSDATA_TID6,1066
7.4659e+06,20,ACK,14
7.46594e+06,16,QOSDATA_TID6,1066
7.46613e+06,20,ACK,14
7.46617e+06,16,CTL,20
7.46626e+06,3,RTS,20
7.46626e+06,0,RTS,20
7.46632e+06,20,CTS,14
7.46638e+06,0,QOSDATA_TID6,1066
7.46657e+06,20,ACK,14
7.46661e+06,0,CTL,20
7.4667e+06,10,RTS,20
7.46677e+06,20,CTS,14
7.46683e+06,10,QOSDATA_TID6,1066
7.46701e+06,20,ACK,14
7.46706e+06,10,CTL,20
7.46714e+06,9,RTS,20
7.46714e+06,6,RTS,20
7.46714e+06,19,RTS,20
7.46714e+06,7,RTS,20
7.46714e+06,11,RTS,20
7.46714e+06,13,RTS,20
7.46725e+06,15,RTS,20
7.46732e+06,20,CTS,14
7.46738e+06,15,QOSDATA_TID6,1066
7.46756e+06,20,ACK,14
7.4676e+06,15,QOSDATA_TID6,1066
7.46779e+06,20,ACK,14
7.46783e+06,15,CTL,20
7.46793e+06,7,RTS,20
7.46793e+06,11,RTS,20
7.468e+06,20,CTS,14
7.46806e+06,7,QOSDATA_TID6,1066
7.46824e+06,20,ACK,14
7.46828e+06,7,CTL,20
7.46839e+06,12,RTS,20
7.46839e+06,1,RTS,20
7.46839e+06,5,RTS,20
7.46839e+06,11,RTS,20
7.46839e+06,6,RTS,20
7.46839e+06,3,RTS,20
7.46849e+06,13,RTS,20
7.46856e+06,20,CTS,14
7.46862e+06,13,QOSDATA_TID6,1066
7.46881e+06,20,ACK,14
7.46885e+06,13,CTL,20
7.46894e+06,15,RTS,20
7.46894e+06,5,RTS,20
7.46894e+06,11,RTS,20
7.469e+06,20,CTS,14
7.46906e+06,5,QOSDATA_TID6,1066
7.46925e+06,20,ACK,14
7.46929e+06,5,CTL,20
7.46939e+06,17,RTS,20
7.46939e+06,1,RTS,20
7.46939e+06,12,RTS,20
7.46939e+06,11,RTS,20
7.46948e+06,2,RTS,20
7.46948e+06,10,RTS,20
7.46955e+06,20,CTS,14
7.46961e+06,2,QOSDATA_TID6,1066
7.4698e+06,20,ACK,14
7.46984e+06,2,CTL,20
7.46994e+06,17,RTS,20
7.46994e+06,6,RTS,20
7.47e+06,20,CTS,14
7.47006e+06,17,QOSDATA_TID6,1066
7.47025e+06,20,ACK,14
7.47029e+06,17,CTL,20
7.47038e+06,9,RTS,20
7.47045e+06,20,CTS,14
7.47051e+06,9,QOSDATA_TID6,1066
7.47069e+06,20,ACK,14
7.47073e+06,9,QOSDATA_TID6,1066
7.47092e+06,20,ACK,14
7.47096e+06,9,CTL,20
7.47106e+06,4,RTS,20
7.47112e+06,20,CTS,14
7.47118e+06,4,QOSDATA_TID6,1066
7.47137e+06,20,ACK,14
7.47141e+06,4,CTL,20
7.4715e+06,11,RTS,20
7.4715e+06,8,RTS,20
7.4715e+06,15,RTS,20
7.4715e+06,3,RTS,20
7.4715e+06,18,RTS,20
7.47161e+06,6,RTS,20
7.47167e+06,20,CTS,14
7.47173e+06,6,QOSDATA_TID6,1066
7.47192e+06,20,ACK,14
7.47196e+06,6,CTL,20
7.47206e+06,14,RTS,20
7.47206e+06,3,RTS,20
7.47206e+06,1,RTS,20
7.47219e+06,18,RTS,20
7.47226e+06,20,CTS,14
7.47232e+06,18,QOSDATA_TID6,1066
7.4725e+06,20,ACK,14
7.47255e+06,18,CTL,20
7.47263e+06,3,RTS,20
7.4727e+06,20,CTS,14
7.47276e+06,3,QOSDATA_TID6,1066
7.47295e+06,20,ACK,14
7.47299e+06,3,QOSDATA_TID6,1066
7.47317e+06,20,ACK,14
7.47322e+06,3,QOSDATA_TID6,1066
7.4734e+06,20,ACK,14
7.47345e+06,3,CTL,20
7.47353e+06,1,RTS,20
7.47353e+06,16,RTS,20
7.47353e+06,7,RTS,20
7.47363e+06,10,RTS,20
7.4737e+06,20,CTS,14
7.47376e+06,10,QOSDATA_TID6,1066
7.47394e+06,20,ACK,14
7.47399e+06,10,CTL,20
7.47407e+06,9,RTS,20
7.47407e+06,1,RTS,20
7.47414e+06,20,CTS,14
7.4742e+06,1,QOSDATA_TID6,1066
7.47438e+06,20,ACK,14
7.47443e+06,1,CTL,20
7.47451e+06,0,RTS,20
7.47458e+06,20,CTS,14
7.47464e+06,0,QOSDATA_TID6,1066
7.47483e+06,20,ACK,14
7.47487e+06,0,CTL,20
7.47496e+06,12,RTS,20
7.47502e+06,20,CTS,14
7.47508e+06,12,QOSDATA_TID6,1066
7.47527e+06,20,ACK,14
7.47531e+06,12,QOSDATA_TID6,1066
7.4755e+06,20,ACK,14
7.47554e+06,12,CTL,20
7.47563e+06,17,RTS,20
7.47563e+06,19,RTS,20
7.47563e+06,15,RTS,20
7.47563e+06,3,RTS,20
7.47563e+06,14,RTS,20
7.47563e+06,9,RTS,20
7.47572e+06,1,RTS,20
7.47579e+06,20,CTS,14
7.47585e+06,1,QOSDATA_TID6,1066
7.47604e+06,20,ACK,14
7.47608e+06,1,CTL,20
7.47617e+06,8,RTS,20
7.47617e+06,3,RTS,20
7.47617e+06,13,RTS,20
7.47617e+06,6,RTS,20
7.47629e+06,7,RTS,20
7.47636e+06,20,CTS,14
7.47642e+06,7,QOSDATA_TID6,1066
7.4766e+06,20,ACK,14
7.47665e+06,7,CTL,20
7.47673e+06,2,RTS,20
7.47673e+06,10,RTS,20
7.4768e+06,20,CTS,14
7.47686e+06,2,QOSDATA_TID6,1066
7.47704e+06,20,ACK,14
7.47709e+06,2,CTL,20
7.47718e+06,4,RTS,20
7.47724e+06,20,CTS,14
7.4773e+06,4,QOSDATA_TID6,1066
7.47749e+06,20,ACK,14
7.47753e+06,4,CTL,20
7.47762e+06,19,RTS,20
7.47762e+06,5,RTS,20
7.47762e+06,15,RTS,20
7.47762e+06,10,RTS,20
7.47768e+06,20,CTS,14
7.47774e+06,5,QOSDATA_TID6,1066
7.47793e+06,20,ACK,14
7.47797e+06,5,CTL,20
7.47806e+06,11,RTS,20
7.47806e+06,16,RTS,20
7.47806e+06,10,RTS,20
7.47816e+06,19,RTS,20
7.47816e+06,8,RTS,20
7.47822e+06,20,CTS,14
7.47828e+06,8,QOSDATA_TID6,1066
7.47847e+06,20,ACK,14
7.47851e+06,8,CTL,20
7.4786e+06,18,RTS,20
7.4786e+06,13,RTS,20
7.4786e+06,14,RTS,20
7.47871e+06,17,RTS,20
7.47877e+06,20,CTS,14
7.47883e+06,17,QOSDATA_TID6,1066
7.47902e+06,20,ACK,14
7.47906e+06,17,CTL,20
7.47915e+06,8,RTS,20
7.47915e+06,16,RTS,20
7.47915e+06,6,RTS,20
7.47922e+06,20,CTS,14
7.47928e+06,8,QOSDATA_TID6,1066
7.47946e+06,20,ACK,14
7.4795e+06,8,CTL,20
7.47959e+06,3,RTS,20
7.47966e+06,20,CTS,14
7.47972e+06,3,QOSDATA_TID6,1066
7.4799e+06,20,ACK,14
7.47995e+06,3,CTL,20
7.48003e+06,19,RTS,20
7.48003e+06,6,RTS,20
7.48017e+06,6,RTS,20
7.48024e+06,20,CTS,14
7.4803e+06,6,QOSDATA_TID6,1066
7.48048e+06,20,ACK,14
7.48053e+06,6,CTL,20
7.48062e+06,13,RTS,20
7.48062e+06,19,RTS,20
7.48076e+06,13,RTS,20
7.48082e+06,20,CTS,14
7.48088e+06,13,QOSDATA_TID6,1066
7.48107e+06,20,ACK,14
7.48111e+06,13,CTL,20
7.48121e+06,19,RTS,20
7.48121e+06,9,RTS,20
7.48127e+06,20,CTS,14
7.48133e+06,19,QOSDATA_TID6,1066
7.48152e+06,20,ACK,14
7.48156e+06,19,QOSDATA_TID6,1066
7.48175e+06,20,ACK,14
7.48179e+06,19,QOSDATA_TID6,1066
7.48197e+06,20,ACK,14
7.48202e+06,19,CTL,20
7.48211e+06,7,RTS,20
7.48211e+06,15,RTS,20
7.48221e+06,13,RTS,20
7.48228e+06,20,CTS,14
7.48234e+06,13,QOSDATA_TID6,1066
7.48252e+06,20,ACK,14
7.48257e+06,13,CTL,20
7.48265e+06,3,RTS,20
7.48272e+06,20,CTS,14
7.48278e+06,3,QOSDATA_TID6,1066
7.48296e+06,20,ACK,14
7.48301e+06,3,CTL,20
7.4831e+06,9,RTS,20
7.4831e+06,10,RTS,20
7.4831e+06,18,RTS,20
7.4831e+06,12,RTS,20
7.4831e+06,6,RTS,20
7.48316e+06,20,CTS,14
7.48322e+06,12,QOSDATA_TID6,1066
7.48341e+06,20,ACK,14
7.48345e+06,12,CTL,20
7.48354e+06,6,RTS,20
7.4836e+06,20,CTS,14
7.48366e+06,6,QOSDATA_TID6,1066
7.48385e+06,20,ACK,14
7.48389e+06,6,CTL,20
7.48398e+06,10,RTS,20
7.48398e+06,11,RTS,20
7.48409e+06,14,RTS,20
7.48415e+06,20,CTS,14
7.48421e+06,14,QOSDATA_TID6,1066
7.4844e+06,20,ACK,14
7.48444e+06,14,QOSDATA_TID6,1066
7.48463e+06,20,ACK,14
7.48467e+06,14,CTL,20
7.48476e+06,15,RTS,20
7.48476e+06,0,RTS,20
7.48476e+06,17,RTS,20
7.48476e+06,1,RTS,20
7.48486e+06,4,RTS,20
7.48493e+06,20,CTS,14
7.48499e+06,4,QOSDATA_TID6,1066
7.48518e+06,20,ACK,14
7.48522e+06,4,CTL,20
7.4853e+06,2,RTS,20
7.48537e+06,20,CTS,14
7.48543e+06,2,QOSDATA_TID6,1066
7.48562e+06,20,ACK,14
7.48566e+06,2,CTL,20
7.48575e+06,19,RTS,20
7.48582e+06,20,CTS,14
7.48588e+06,19,QOSDATA_TID6,1066
7.48606e+06,20,ACK,14
7.4861e+06,19,CTL,20
7.48619e+06,11,RTS,20
7.48619e+06,16,RTS,20
7.48629e+06,1,RTS,20
7.48629e+06,17,RTS,20
7.48629e+06,7,RTS,20
7.48629e+06,5,RTS,20
7.48629e+06,10,RTS,20
7.48638e+06,11,RTS,20
7.48645e+06,20,CTS,14
7.48651e+06,11,QOSDATA_TID6,1066
7.4867e+06,20,ACK,14
7.48674e+06,11,QOSDATA_TID6,1066
7.48692e+06,20,ACK,14
7.48697e+06,11,QOSDATA_TID6,1066
7.48715e+06,20,ACK,14
7.4872e+06,11,CTL,20
7.48728e+06,16,RTS,20
7.48728e+06,17,RTS,20
7.48728e+06,15,RTS,20
7.48735e+06,20,CTS,14
7.48741e+06,17,QOSDATA_TID6,1066
7.4876e+06,20,ACK,14
7.48764e+06,17,CTL,20
7.48773e+06,15,RTS,20
7.48779e+06,20,CTS,14
7.48785e+06,15,QOSDATA_TID6,1066
7.48804e+06,20,ACK,14
7.48808e+06,15,QOSDATA_TID6,1066
7.48827e+06,20,ACK,14
7.48831e+06,15,CTL,20
7.4884e+06,14,RTS,20
7.4884e+06,9,RTS,20
7.48851e+06,16,RTS,20
7.48858e+06,20,CTS,14
7.48864e+06,16,QOSDATA_TID6,1066
7.48882e+06,20,ACK,14
7.48887e+06,16,QOSDATA_TID6,1066
7.48905e+06,20,ACK,14
7.4891e+06,16,QOSDATA_TID6,1066
7.48928e+06,20,ACK,14
7.48932e+06,16,CTL,20
7.48941e+06,14,RTS,20
7.48948e+06,20,CTS,14
7.48954e+06,14,QOSDATA_TID6,1066
7.48972e+06,20,ACK,14
7.48977e+06,14,CTL,20
7.48985e+06,13,RTS,20
7.48985e+06,18,RTS,20
7.48985e+06,1,RTS,20
7.48995e+06,7,RTS,20
7.49002e+06,20,CTS,14
7.49008e+06,7,QOSDATA_TID6,1066
7.49026e+06,20,ACK,14
7.49031e+06,7,QOSDATA_TID6,1066
7.49049e+06,20,ACK,14
7.49053e+06,7,CTL,20
7.49062e+06,12,RTS,20
7.49062e+06,3,RTS,20
7.49062e+06,9,RTS,20
7.49069e+06,20,CTS,14
7.49075e+06,12,QOSDATA_TID6,1066
7.49093e+06,20,ACK,14
7.49098e+06,12,CTL,20
7.49105e+06,20,BEACON,152
7.49132e+06,0,RTS,20
7.49132e+06,19,RTS,20
7.49143e+06,13,RTS,20
7.4915e+06,20,CTS,14
7.49156e+06,13,QOSDATA_TID6,1066
7.49174e+06,20,ACK,14
7.49179e+06,13,CTL,20
7.49187e+06,17,RTS,20
7.49194e+06,20,CTS,14
7.492e+06,17,QOSDATA_TID6,1066
7.49218e+06,20,ACK,14
7.49223e+06,17,CTL,20
7.49232e+06,8,RTS,20
7.49232e+06,5,RTS,20
7.49232e+06,6,RTS,20
7.49232e+06,10,RTS,20
7.49241e+06,11,RTS,20
7.49248e+06,20,CTS,14
7.49254e+06,11,QOSDATA_TID6,1066
7.49272e+06,20,ACK,14
7.49277e+06,11,CTL,20
7.49286e+06,4,RTS,20
7.49292e+06,20,CTS,14
7.49298e+06,4,QOSDATA_TID6,1066
7.49317e+06,20,ACK,14
7.49321e+06,4,CTL,20
7.4933e+06,15,RTS,20
7.4933e+06,0,CTS,14
7.4933e+06,6,RTS,20
7.49344e+06,0,RTS,20
7.4935e+06,20,CTS,14
7.49356e+06,0,QOSDATA_TID6,1066
7.49375e+06,20,ACK,14
7.49379e+06,0,QOSDATA_TID6,1066
7.49398e+06,20,ACK,14
7.49402e+06,0,CTL,20
7.49412e+06,18,RTS,20
7.49412e+06,2,RTS,20
7.49412e+06,3,RTS,20
7.49412e+06,1,RTS,20
7.49412e+06,9,RTS,20
7.49422e+06,10,RTS,20
7.49429e+06,20,CTS,14
7.49435e+06,10,QOSDATA_TID6,1066
7.49454e+06,20,ACK,14
7.49458e+06,10,QOSDATA_TID6,1066
7.49476e+06,20,ACK,14
7.49481e+06,10,CTL,20
7.49489e+06,15,RTS,20
7.49496e+06,20,CTS,14
7.49502e+06,15,QOSDATA_TID6,1066
7.49521e+06,20,ACK,14
7.49525e+06,15,CTL,20
7.49534e+06,6,RTS,20
7.49534e+06,3,RTS,20
7.49534e+06,9,RTS,20
7.49544e+06,2,RTS,20
7.49544e+06,19,RTS,20
7.49544e+06,5,RTS,20
7.49551e+06,20,CTS,14
7.49557e+06,5,QOSDATA_TID6,1066
7.49576e+06,20,ACK,14
7.4958e+06,5,QOSDATA_TID6,1066
7.49598e+06,20,ACK,14
7.49603e+06,5,CTL,20
7.49611e+06,9,RTS,20
7.49618e+06,20,CTS,14
7.49624e+06,9,QOSDATA_TID6,1066
7.49642e+06,20,ACK,14
7.49647e+06,9,QOSDATA_TID6,1066
7.49665e+06,20,ACK,14
7.4967e+06,9,CTL,20
7.49678e+06,2,RTS,20
7.49685e+06,20,CTS,14
7.49691e+06,2,QOSDATA_TID6,1066
7.4971e+06,20,ACK,14
7.49714e+06,2,CTL,20
7.49722e+06,0,RTS,20
7.49722e+06,8,RTS,20
7.49722e+06,14,RTS,20
7.49722e+06,16,RTS,20
7.49733e+06,3,RTS,20
7.4974e+06,20,CTS,14
7.49746e+06,3,QOSDATA_TID6,1066
7.49764e+06,20,ACK,14
7.49769e+06,3,CTL,20
7.49777e+06,7,RTS,20
7.49784e+06,20,CTS,14
7.4979e+06,7,QOSDATA_TID6,1066
7.49809e+06,20,ACK,14
7.49813e+06,7,CTL,20
7.49822e+06,19,RTS,20
7.49828e+06,20,CTS,14
7.49834e+06,19,QOSDATA_TID6,1066
7.49853e+06,20,ACK,14
7.49857e+06,19,CTL,20
7.49866e+06,1,RTS,20
7.49866e+06,9,RTS,20
7.49866e+06,18,RTS,20
7.49866e+06,0,RTS,20
7.49876e+06,13,RTS,20
7.49882e+06,20,CTS,14
7.49888e+06,13,QOSDATA_TID6,1066
7.49907e+06,20,ACK,14
7.49911e+06,13,CTL,20
7.4992e+06,1,RTS,20
7.49927e+06,20,CTS,14
7.49933e+06,1,QOSDATA_TID6,1066
7.49951e+06,20,ACK,14
7.49955e+06,1,QOSDATA_TID6,1066
7.49974e+06,20,ACK,14
7.49978e+06,1,QOSDATA_TID6,1066
7.49997e+06,20,ACK,14
7.50001e+06,1,CTL,20
7.5001e+06,19,RTS,20
7.5001e+06,11,RTS,20
7.5001e+06,12,RTS,20
7.5001e+06,9,RTS,20
7.5001e+06,6,RTS,20
7.50021e+06,17,RTS,20
7.50028e+06,20,CTS,14
7.50034e+06,17,QOSDATA_TID6,1066
7.50052e+06,20,ACK,14
7.50057e+06,17,CTL,20
7.50065e+06,8,RTS,20
7.50065e+06,5,RTS,20
7.50065e+06,18,RTS,20
7.50065e+06,15,RTS,20
7.50076e+06,3,RTS,20
7.50083e+06,20,CTS,14
7.50089e+06,3,QOSDATA_TID6,1066
7.50107e+06,20,ACK,14
7.50112e+06,3,CTL,20
7.5012e+06,0,CTS,14
7.5012e+06,16,RTS,20
7.50132e+06,0,RTS,20
7.50138e+06,20,CTS,14
7.50144e+06,0,QOSDATA_TID6,1066
7.50163e+06,20,ACK,14
7.50167e+06,0,CTL,20
7.50176e+06,19,RTS,20
7.50176e+06,4,RTS,20
7.50183e+06,20,CTS,14
7.50189e+06,19,QOSDATA_TID6,1066
7.50207e+06,20,ACK,14
7.50211e+06,19,CTL,20
7.5022e+06,4,RTS,20
7.50227e+06,20,CTS,14
7.50233e+06,4,QOSDATA_TID6,1066
7.50251e+06,20,ACK,14
7.50256e+06,4,CTL,20
7.50264e+06,12,RTS,20
7.50264e+06,2,RTS,20
7.50271e+06,20,CTS,14
7.50277e+06,12,QOSDATA_TID6,1066
7.50296e+06,20,ACK,14
7.503e+06,12,CTL,20
7.50309e+06,11,RTS,20
7.50309e+06,15,RTS,20
7.50309e+06,2,RTS,20
7.50309e+06,6,RTS,20
7.50309e+06,14,RTS,20
7.50309e+06,18,RTS,20
7.5032e+06,8,RTS,20
7.50327e+06,20,CTS,14
7.50333e+06,8,QOSDATA_TID6,1066
7.50351e+06,20,ACK,14
7.50356e+06,8,QOSDATA_TID6,1066
7.50374e+06,20,ACK,14
7.50378e+06,8,QOSDATA_TID6,1066
7.50397e+06,20,ACK,14
7.50401e+06,8,CTL,20
7.50411e+06,5,RTS,20
7.50418e+06,20,CTS,14
7.50424e+06,5,QOSDATA_TID6,1066
7.50442e+06,20,ACK,14
7.50446e+06,5,CTL,20
7.50455e+06,10,RTS,20
7.50455e+06,14,RTS,20
7.50468e+06,11,RTS,20
7.50468e+06,16,RTS,20
7.50478e+06,9,RTS,20
7.50485e+06,20,CTS,14
7.50491e+06,9,QOSDATA_TID6,1066
7.50509e+06,20,ACK,14
7.50514e+06,9,CTL,20
7.50522e+06,10,RTS,20
7.50522e+06,6,RTS,20
7.50522e+06,11,RTS,20
7.50536e+06,6,RTS,20
7.50542e+06,20,CTS,14
7.50548e+06,6,QOSDATA_TID6,1066
7.50567e+06,20,ACK,14
7.50571e+06,6,QOSDATA_TID6,1066
7.5059e+06,20,ACK,14
7.50594e+06,6,CTL,20
7.50603e+06,0,RTS,20
7.50603e+06,14,RTS,20
7.50603e+06,11,RTS,20
7.50614e+06,9,RTS,20
7.50621e+06,20,CTS,14
7.50627e+06,9,QOSDATA_TID6,1066
7.50645e+06,20,ACK,14
7.5065e+06,9,CTL,20
7.50658e+06,11,RTS,20
7.50658e+06,13,RTS,20
7.50669e+06,2,RTS,20
7.50669e+06,18,RTS,20
7.50679e+06,7,RTS,20
7.50686e+06,20,CTS,14
7.50692e+06,7,QOSDATA_TID6,1066
7.5071e+06,20,ACK,14
7.50714e+06,7,CTL,20
7.50723e+06,12,RTS,20
7.50723e+06,19,RTS,20
7.50723e+06,3,RTS,20
7.5073e+06,20,CTS,14
7.50736e+06,12,QOSDATA_TID6,1066
7.50754e+06,20,ACK,14
7.50759e+06,12,CTL,20
7.50767e+06,15,RTS,20
7.50774e+06,20,CTS,14
7.5078e+06,15,QOSDATA_TID6,1066
7.50798e+06,20,ACK,14
7.50803e+06,15,CTL,20
7.50811e+06,6,RTS,20
7.50811e+06,2,RTS,20
7.50822e+06,13,RTS,20
7.50829e+06,20,CTS,14
7.50835e+06,13,QOSDATA_TID6,1066
7.50853e+06,20,ACK,14
7.50858e+06,13,CTL,20
7.50866e+06,2,RTS,20
7.50866e+06,18,RTS,20
7.50876e+06,14,RTS,20
7.50883e+06,20,CTS,14
7.50889e+06,14,QOSDATA_TID6,1066
7.50907e+06,20,ACK,14
7.50912e+06,14,QOSDATA_TID6,1066
7.5093e+06,20,ACK,14
7.50934e+06,14,CTL,20
7.50943e+06,18,RTS,20
7.50943e+06,11,RTS,20
7.50943e+06,16,RTS,20
7.50953e+06,1,RTS,20
7.50953e+06,15,RTS,20
7.50965e+06,10,RTS,20
7.50972e+06,20,CTS,14
7.50978e+06,10,QOSDATA_TID6,1066
7.50996e+06,20,ACK,14
7.51e+06,10,QOSDATA_TID6,1066
7.51019e+06,20,ACK,14
7.51023e+06,10,CTL,20
7.51032e+06,11,RTS,20
7.51039e+06,20,CTS,14
7.51045e+06,11,QOSDATA_TID6,1066
7.51063e+06,20,ACK,14
7.51068e+06,11,CTL,20
7.51076e+06,4,RTS,20
7.51076e+06,17,RTS,20
7.51083e+06,20,CTS,14
7.51089e+06,17,QOSDATA_TID6,1066
7.51107e+06,20,ACK,14
7.51112e+06,17,CTL,20
7.51121e+06,5,RTS,20
7.51121e+06,15,RTS,20
7.51128e+06,20,CTS,14
7.51134e+06,5,QOSDATA_TID6,1066
7.51152e+06,20,ACK,14
7.51157e+06,5,CTL,20
7.51167e+06,8,RTS,20
7.51167e+06,19,RTS,20
7.51167e+06,3,RTS,20
7.51167e+06,18,RTS,20
7.51167e+06,4,RTS,20
7.51167e+06,14,RTS,20
7.5118e+06,2,RTS,20
7.5118e+06,1,RTS,20
7.5118e+06,0,RTS,20
7.51193e+06,18,RTS,20
7.512e+06,20,CTS,14
7.51206e+06,18,QOSDATA_TID6,1066
7.51224e+06,20,ACK,14
7.51229e+06,18,QOSDATA_TID6,1066
7.51247e+06,20,ACK,14
7.51252e+06,18,QOSDATA_TID6,1066
7.5127e+06,20,ACK,14
7.51274e+06,18,QOSDATA_TID6,1066
7.51293e+06,20,ACK,14
7.51297e+06,18,CTL,20
7.51306e+06,8,RTS,20
7.51306e+06,14,RTS,20
7.51313e+06,20,CTS,14
7.51319e+06,8,QOSDATA_TID6,1066
7.51337e+06,20,ACK,14
7.51341e+06,8,CTL,20
7.51351e+06,19,RTS,20
7.51351e+06,15,RTS,20
7.51362e+06,7,RTS,20
7.51369e+06,20,CTS,14
7.51375e+06,7,QOSDATA_TID6,1066
7.51394e+06,20,ACK,14
7.51398e+06,7,CTL,20
7.51407e+06,19,RTS,20
7.51407e+06,9,RTS,20
7.51414e+06,20,CTS,14
7.5142e+06,19,QOSDATA_TID6,1066
7.51438e+06,20,ACK,14
7.51442e+06,19,CTL,20
7.51452e+06,12,RTS,20
7.51452e+06,14,RTS,20
7.51459e+06,20,CTS,14
7.51465e+06,12,QOSDATA_TID6,1066
7.51483e+06,20,ACK,14
7.51487e+06,12,CTL,20
7.51497e+06,19,RTS,20
7.51497e+06,13,RTS,20
7.51508e+06,4,RTS,20
7.51508e+06,0,CTS,14
7.51521e+06,0,RTS,20
7.51528e+06,20,CTS,14
7.51534e+06,0,QOSDATA_TID6,1066
7.51552e+06,20,ACK,14
7.51556e+06,0,QOSDATA_TID6,1066
7.51575e+06,20,ACK,14
7.51579e+06,0,CTL,20
7.51588e+06,17,RTS,20
7.51588e+06,13,RTS,20
7.51594e+06,20,CTS,14
7.516e+06,17,QOSDATA_TID6,1066
7.51619e+06,20,ACK,14
7.51623e+06,17,CTL,20
7.51632e+06,5,RTS,20
7.51639e+06,20,CTS,14
7.51645e+06,5,QOSDATA_TID6,1066
7.51663e+06,20,ACK,14
7.51668e+06,5,CTL,20
7.51677e+06,11,RTS,20
7.51677e+06,10,RTS,20
7.51677e+06,15,RTS,20
7.51688e+06,6,RTS,20
7.51694e+06,20,CTS,14
7.517e+06,6,QOSDATA_TID6,1066
7.51719e+06,20,ACK,14
7.51723e+06,6,QOSDATA_TID6,1066
7.51742e+06,20,ACK,14
7.51746e+06,6,CTL,20
7.51756e+06,15,RTS,20
7.51756e+06,10,RTS,20
7.51756e+06,11,RTS,20
7.5177e+06,11,RTS,20
7.51777e+06,20,CTS,14
7.51783e+06,11,QOSDATA_TID6,1066
7.51802e+06,20,ACK,14
7.51806e+06,11,CTL,20
7.51816e+06,15,RTS,20
7.51816e+06,10,RTS,20
7.51822e+06,20,CTS,14
7.51828e+06,15,QOSDATA_TID6,1066
7.51847e+06,20,ACK,14
7.51851e+06,15,QOSDATA_TID6,1066
7.5187e+06,20,ACK,14
7.51874e+06,15,CTL,20
7.51883e+06,8,RTS,20
7.51883e+06,18,RTS,20
7.51889e+06,20,CTS,14
7.51895e+06,8,QOSDATA_TID6,1066
7.51914e+06,20,ACK,14
7.51918e+06,8,CTL,20
7.51928e+06,4,RTS,20
7.51928e+06,10,RTS,20
7.5194e+06,19,RTS,20
7.5194e+06,14,RTS,20
7.51947e+06,20,CTS,14
7.51953e+06,19,QOSDATA_TID6,1066
7.51972e+06,20,ACK,14
7.51976e+06,19,CTL,20
7.51985e+06,4,RTS,20
7.51992e+06,20,CTS,14
7.51998e+06,4,QOSDATA_TID6,1066
7.52017e+06,20,ACK,14
7.52021e+06,4,QOSDATA_TID6,1066
7.52039e+06,20,ACK,14
7.52044e+06,4,CTL,20
7.52052e+06,16,RTS,20
7.52059e+06,20,CTS,14
7.52065e+06,16,QOSDATA_TID6,1066
7.52084e+06,20,ACK,14
7.52088e+06,16,QOSDATA_TID6,1066
7.52106e+06,20,ACK,14
7.52111e+06,16,QOSDATA_TID6,1066
7.52129e+06,20,ACK,14
7.52134e+06,16,QOSDATA_TID6,1066
7.52152e+06,20,ACK,14
7.52156e+06,16,CTL,20
7.52165e+06,1,RTS,20
7.52165e+06,7,RTS,20
7.52165e+06,3,RTS,20
7.52165e+06,9,RTS,20
7.52165e+06,0,RTS,20
7.52176e+06,2,RTS,20
7.52176e+06,10,RTS,20
7.52182e+06,20,CTS,14
7.52188e+06,2,QOSDATA_TID6,1066
7.52207e+06,20,ACK,14
7.52211e+06,2,QOSDATA_TID6,1066
7.5223e+06,20,ACK,14
7.52234e+06,2,QOSDATA_TID6,1066
7.52252e+06,20,ACK,14
7.52257e+06,2,CTL,20
7.52266e+06,18,RTS,20
7.52266e+06,12,RTS,20
7.52272e+06,20,CTS,14
7.52278e+06,12,QOSDATA_TID6,1066
7.52297e+06,20,ACK,14
7.52301e+06,12,CTL,20
7.5231e+06,6,RTS,20
7.5231e+06,14,RTS,20
7.5232e+06,11,RTS,20
7.52326e+06,20,CTS,14
7.52332e+06,11,QOSDATA_TID6,1066
7.52351e+06,20,ACK,14
7.52355e+06,11,CTL,20
7.52364e+06,19,RTS,20
7.5237e+06,20,CTS,14
7.52376e+06,19,QOSDATA_TID6,1066
7.52395e+06,20,ACK,14
7.52399e+06,19,CTL,20
7.52408e+06,9,RTS,20
7.52408e+06,13,RTS,20
7.52419e+06,17,RTS,20
7.52419e+06,1,RTS,20
7.52428e+06,13,RTS,20
7.52428e+06,6,RTS,20
7.52438e+06,17,RTS,20
7.52445e+06,20,CTS,14
7.52451e+06,17,QOSDATA_TID6,1066
7.52469e+06,20,ACK,14
7.52474e+06,17,CTL,20
7.52482e+06,15,RTS,20
7.52489e+06,20,CTS,14
7.52495e+06,15,QOSDATA_TID6,1066
7.52514e+06,20,ACK,14
7.52518e+06,15,CTL,20
7.52527e+06,6,RTS,20
7.52533e+06,20,CTS,14
7.52539e+06,6,QOSDATA_TID6,1066
7.52558e+06,20,ACK,14
7.52562e+06,6,CTL,20
7.52571e+06,0,RTS,20
7.52571e+06,10,RTS,20
7.52571e+06,5,RTS,20
7.52571e+06,1,RTS,20
7.52571e+06,4,RTS,20
7.52578e+06,20,CTS,14
7.52584e+06,5,QOSDATA_TID6,1066
7.52602e+06,20,ACK,14
7.52606e+06,5,CTL,20
7.52616e+06,2,RTS,20
7.52616e+06,18,RTS,20
7.52616e+06,9,RTS,20
7.52626e+06,13,RTS,20
7.52632e+06,20,CTS,14
7.52638e+06,13,QOSDATA_TID6,1066
7.52657e+06,20,ACK,14
7.52661e+06,13,QOSDATA_TID6,1066
7.5268e+06,20,ACK,14
7.52684e+06,13,CTL,20
7.52693e+06,7,RTS,20
7.52693e+06,8,RTS,20
7.52704e+06,4,RTS,20
7.52704e+06,10,RTS,20
7.52704e+06,14,RTS,20
7.52713e+06,8,RTS,20
7.5272e+06,20,CTS,14
7.52726e+06,8,QOSDATA_TID6,1066
7.52744e+06,20,ACK,14
7.52749e+06,8,CTL,20
7.52758e+06,4,RTS,20
7.52765e+06,20,CTS,14
7.52771e+06,4,QOSDATA_TID6,1066
7.5279e+06,20,ACK,14
7.52794e+06,4,CTL,20
7.52803e+06,1,RTS,20
7.52803e+06,10,RTS,20
7.52809e+06,20,CTS,14
7.52815e+06,1,QOSDATA_TID6,1066
7.52834e+06,20,ACK,14
7.52838e+06,1,QOSDATA_TID6,1066
7.52857e+06,20,ACK,14
7.52861e+06,1,QOSDATA_TID6,1066
7.52879e+06,20,ACK,14
7.52884e+06,1,CTL,20
7.52893e+06,16,RTS,20
7.52893e+06,3,RTS,20
7.52893e+06,10,RTS,20
7.52893e+06,14,RTS,20
7.52905e+06,2,RTS,20
7.52912e+06,20,CTS,14
7.52918e+06,2,QOSDATA_TID6,1066
7.52936e+06,20,ACK,14
7.5294e+06,2,CTL,20
7.52951e+06,3,RTS,20
7.52951e+06,18,RTS,20
7.52962e+06,7,RTS,20
7.52962e+06,16,RTS,20
7.52968e+06,20,CTS,14
7.52974e+06,7,QOSDATA_TID6,1066
7.52993e+06,20,ACK,14
7.52997e+06,7,QOSDATA_TID6,1066
7.53016e+06,20,ACK,14
7.5302e+06,7,CTL,20
7.53029e+06,13,RTS,20
7.53029e+06,18,RTS,20
7.53042e+06,13,RTS,20
7.53048e+06,20,CTS,14
7.53054e+06,13,QOSDATA_TID6,1066
7.53073e+06,20,ACK,14
7.53077e+06,13,CTL,20
7.53086e+06,14,RTS,20
7.53093e+06,20,CTS,14
7.53099e+06,14,QOSDATA_TID6,1066
7.53117e+06,20,ACK,14
7.53122e+06,14,QOSDATA_TID6,1066
7.5314e+06,20,ACK,14
7.53144e+06,14,CTL,20
7.53153e+06,1,RTS,20
7.53153e+06,11,RTS,20
7.5316e+06,20,CTS,14
7.53166e+06,1,QOSDATA_TID6,1066
7.53184e+06,20,ACK,14
7.53188e+06,1,CTL,20
7.53197e+06,11,RTS,20
7.53197e+06,12,RTS,20
7.53204e+06,20,CTS,14
7.5321e+06,12,QOSDATA_TID6,1066
7.53228e+06,20,ACK,14
7.53233e+06,12,CTL,20
7.53241e+06,10,RTS,20
7.53248e+06,20,CTS,14
7.53254e+06,10,QOSDATA_TID6,1066
7.53272e+06,20,ACK,14
7.53277e+06,10,QOSDATA_TID6,1066
7.53295e+06,20,ACK,14
7.533e+06,10,CTL,20
7.53308e+06,0,CTS,14
7.53308e+06,17,RTS,20
7.53308e+06,15,RTS,20
7.53318e+06,0,RTS,20
7.53325e+06,20,CTS,14
7.53331e+06,0,QOSDATA_TID6,1066
7.53349e+06,20,ACK,14
7.53353e+06,0,QOSDATA_TID6,1066
7.53372e+06,20,ACK,14
7.53376e+06,0,CTL,20
7.53385e+06,5,RTS,20
7.53385e+06,19,RTS,20
7.53392e+06,20,CTS,14
7.53398e+06,5,QOSDATA_TID6,1066
7.53416e+06,20,ACK,14
7.5342e+06,5,CTL,20
7.53429e+06,2,RTS,20
7.53429e+06,18,RTS,20
7.53439e+06,16,RTS,20
7.53439e+06,4,RTS,20
7.5345e+06,9,RTS,20
7.5345e+06,6,RTS,20
7.53457e+06,20,CTS,14
7.53463e+06,6,QOSDATA_TID6,1066
7.53481e+06,20,ACK,14
7.53486e+06,6,CTL,20
7.53496e+06,18,RTS,20
7.53496e+06,3,RTS,20
7.53496e+06,4,RTS,20
7.53506e+06,15,RTS,20
7.53512e+06,20,CTS,14
7.53518e+06,15,QOSDATA_TID6,1066
7.53537e+06,20,ACK,14
7.53541e+06,15,CTL,20
7.53551e+06,14,RTS,20
7.53551e+06,18,RTS,20
7.53562e+06,8,RTS,20
7.53569e+06,20,CTS,14
7.53575e+06,8,QOSDATA_TID6,1066
7.53594e+06,20,ACK,14
7.53598e+06,8,CTL,20
7.53607e+06,17,RTS,20
7.53607e+06,11,RTS,20
7.53607e+06,18,RTS,20
7.53614e+06,20,CTS,14
7.5362e+06,17,QOSDATA_TID6,1066
7.53638e+06,20,ACK,14
7.53642e+06,17,CTL,20
7.53653e+06,11,RTS,20
7.53653e+06,4,RTS,20
7.53662e+06,16,RTS,20
7.53662e+06,18,RTS,20
7.53676e+06,16,RTS,20
7.53683e+06,20,CTS,14
7.53689e+06,16,QOSDATA_TID6,1066
7.53708e+06,20,ACK,14
7.53712e+06,16,QOSDATA_TID6,1066
7.5373e+06,20,ACK,14
7.53735e+06,16,CTL,20
7.53744e+06,0,RTS,20
7.5375e+06,20,CTS,14
7.53756e+06,0,QOSDATA_TID6,1066
7.53775e+06,20,ACK,14
7.53779e+06,0,CTL,20
7.53788e+06,14,RTS,20
7.53788e+06,13,RTS,20
7.53798e+06,2,RTS,20
7.53798e+06,9,RTS,20
7.53804e+06,20,CTS,14
7.5381e+06,2,QOSDATA_TID6,1066
7.53829e+06,20,ACK,14
7.53833e+06,2,CTL,20
7.53842e+06,9,RTS,20
7.53848e+06,20,CTS,14
7.53854e+06,9,QOSDATA_TID6,1066
7.53873e+06,20,ACK,14
7.53877e+06,9,QOSDATA_TID6,1066
7.53896e+06,20,ACK,14
7.539e+06,9,QOSDATA_TID6,1066
7.53918e+06,20,ACK,14
7.53923e+06,9,QOSDATA_TID6,1066
7.53941e+06,20,ACK,14
7.53946e+06,9,CTL,20
7.53954e+06,3,RTS,20
7.53961e+06,20,CTS,14
7.53967e+06,3,QOSDATA_TID6,1066
7.53986e+06,20,ACK,14
7.5399e+06,3,QOSDATA_TID6,1066
7.54008e+06,20,ACK,14
7.54013e+06,3,QOSDATA_TID6,1066
7.54031e+06,20,ACK,14
7.54036e+06,3,QOSDATA_TID6,1066
7.54054e+06,20,ACK,14
7.54058e+06,3,QOSDATA_TID6,1066
7.54077e+06,20,ACK,14
7.54081e+06,3,CTL,20
7.5409e+06,19,RTS,20
7.5409e+06,17,RTS,20
7.5409e+06,12,RTS,20
7.5409e+06,6,RTS,20
7.541e+06,15,RTS,20
7.541e+06,1,RTS,20
7.54111e+06,7,RTS,20
7.54111e+06,18,RTS,20
7.54117e+06,20,CTS,14
7.54123e+06,7,QOSDATA_TID6,1066
7.54142e+06,20,ACK,14
7.54146e+06,7,CTL,20
7.54155e+06,6,RTS,20
7.54162e+06,20,CTS,14
7.54168e+06,6,QOSDATA_TID6,1066
7.54186e+06,20,ACK,14
7.5419e+06,6,CTL,20
7.54199e+06,15,RTS,20
7.54199e+06,2,RTS,20
7.54199e+06,12,RTS,20
7.54206e+06,20,CTS,14
7.54212e+06,12,QOSDATA_TID6,1066
7.5423e+06,20,ACK,14
7.54235e+06,12,CTL,20
7.54243e+06,13,RTS,20
7.5425e+06,20,CTS,14
7.54256e+06,13,QOSDATA_TID6,1066
7.54274e+06,20,ACK,14
7.54279e+06,13,CTL,20
7.54287e+06,5,RTS,20
7.54287e+06,8,RTS,20
7.54294e+06,20,CTS,14
7.543e+06,5,QOSDATA_TID6,1066
7.54319e+06,20,ACK,14
7.54323e+06,5,CTL,20
7.54332e+06,4,RTS,20
7.54332e+06,10,RTS,20
7.54332e+06,14,RTS,20
7.54341e+06,19,RTS,20
7.54348e+06,20,CTS,14
7.54354e+06,19,QOSDATA_TID6,1066
7.54373e+06,20,ACK,14
7.54377e+06,19,QOSDATA_TID6,1066
7.54396e+06,20,ACK,14
7.544e+06,19,CTL,20
7.54408e+06,17,RTS,20
7.54415e+06,20,CTS,14
7.54421e+06,17,QOSDATA_TID6,1066
7.5444e+06,20,ACK,14
7.54444e+06,17,CTL,20
7.54453e+06,8,RTS,20
7.54453e+06,11,RTS,20
7.54453e+06,16,RTS,20
7.5446e+06,20,CTS,14
7.54466e+06,8,QOSDATA_TID6,1066
7.54484e+06,20,ACK,14
7.54488e+06,8,CTL,20
7.54497e+06,18,RTS,20
7.54497e+06,15,RTS,20
7.54508e+06,4,RTS,20
7.54515e+06,20,CTS,14
7.54521e+06,4,QOSDATA_TID6,1066
7.5454e+06,20,ACK,14
7.54544e+06,4,QOSDATA_TID6,1066
7.54562e+06,20,ACK,14
7.54567e+06,4,CTL,20
7.54576e+06,1,RTS,20
7.54576e+06,9,RTS,20
7.54582e+06,20,CTS,14
7.54588e+06,1,QOSDATA_TID6,1066
7.54607e+06,20,ACK,14
7.54611e+06,1,CTL,20
7.54621e+06,11,RTS,20
7.54621e+06,0,RTS,20
7.54621e+06,13,RTS,20
7.54621e+06,15,RTS,20
7.54621e+06,10,RTS,20
7.54632e+06,2,RTS,20
7.54632e+06,18,RTS,20
7.54642e+06,12,RTS,20
7.54642e+06,7,RTS,20
7.54649e+06,20,CTS,14
7.54655e+06,12,QOSDATA_TID6,1066
7.54673e+06,20,ACK,14
7.54678e+06,12,CTL,20
7.54686e+06,7,RTS,20
7.54686e+06,11,RTS,20
7.54686e+06,3,RTS,20
7.54693e+06,20,CTS,14
7.54699e+06,7,QOSDATA_TID6,1066
7.54717e+06,20,ACK,14
7.54722e+06,7,CTL,20
7.5473e+06,11,RTS,20
7.54737e+06,20,CTS,14
7.54743e+06,11,QOSDATA_TID6,1066
7.54762e+06,20,ACK,14
7.54766e+06,11,QOSDATA_TID6,1066
7.54784e+06,20,ACK,14
7.54789e+06,11,CTL,20
7.54797e+06,16,RTS,20
7.54797e+06,14,RTS,20
7.54807e+06,3,RTS,20
7.54814e+06,20,CTS,14
7.5482e+06,3,QOSDATA_TID6,1066
7.54838e+06,20,ACK,14
7.54843e+06,3,CTL,20
7.54851e+06,2,RTS,20
7.54851e+06,16,RTS,20
7.54851e+06,14,RTS,20
7.54861e+06,5,RTS,20
7.54868e+06,20,CTS,14
7.54874e+06,5,QOSDATA_TID6,1066
7.54892e+06,20,ACK,14
7.54897e+06,5,CTL,20
7.54905e+06,19,RTS,20
7.54912e+06,20,CTS,14
7.54918e+06,19,QOSDATA_TID6,1066
7.54937e+06,20,ACK,14
7.54941e+06,19,CTL,20
7.5495e+06,2,RTS,20
7.5495e+06,4,RTS,20
7.5495e+06,10,RTS,20
7.54959e+06,17,RTS,20
7.54959e+06,6,RTS,20
7.54966e+06,20,CTS,14
7.54972e+06,17,QOSDATA_TID6,1066
7.54991e+06,20,ACK,14
7.54995e+06,17,CTL,20
7.55004e+06,2,RTS,20
7.55004e+06,13,RTS,20
7.55016e+06,14,RTS,20
7.55023e+06,20,CTS,14
7.55029e+06,14,QOSDATA_TID6,1066
7.55047e+06,20,ACK,14
7.55052e+06,14,QOSDATA_TID6,1066
7.5507e+06,20,ACK,14
7.55074e+06,14,CTL,20
7.55083e+06,16,RTS,20
7.5509e+06,20,CTS,14
7.55096e+06,16,QOSDATA_TID6,1066
7.55114e+06,20,ACK,14
7.55119e+06,16,CTL,20
7.55127e+06,1,RTS,20
7.55127e+06,8,RTS,20
7.55127e+06,18,RTS,20
7.55138e+06,14,RTS,20
7.55138e+06,4,RTS,20
7.5515e+06,9,RTS,20
7.55156e+06,20,CTS,14
7.55162e+06,9,QOSDATA_TID6,1066
7.55181e+06,20,ACK,14
7.55185e+06,9,CTL,20
7.55195e+06,0,RTS,20
7.55195e+06,4,RTS,20
7.55195e+06,13,RTS,20
7.55207e+06,8,RTS,20
7.55207e+06,15,RTS,20
7.55214e+06,20,CTS,14
7.5522e+06,8,QOSDATA_TID6,1066
7.55238e+06,20,ACK,14
7.55243e+06,8,CTL,20
7.55253e+06,16,RTS,20
7.55253e+06,2,RTS,20
7.55253e+06,18,RTS,20
7.55253e+06,10,RTS,20
7.55263e+06,6,RTS,20
7.55263e+06,13,RTS,20
7.55276e+06,15,RTS,20
7.55283e+06,20,CTS,14
7.55289e+06,15,QOSDATA_TID6,1066
7.55308e+06,20,ACK,14
7.55312e+06,15,QOSDATA_TID6,1066
7.5533e+06,20,ACK,14
7.55335e+06,15,CTL,20
7.55344e+06,1,RTS,20
7.5535e+06,20,CTS,14
7.55356e+06,1,QOSDATA_TID6,1066
7.55375e+06,20,ACK,14
7.55379e+06,1,CTL,20
7.5539e+06,7,RTS,20
7.5539e+06,0,CTS,14
7.5539e+06,13,RTS,20
7.5539e+06,18,RTS,20
7.5539e+06,6,RTS,20
7.5539e+06,10,RTS,20
7.55404e+06,7,RTS,20
7.55404e+06,0,RTS,20
7.55416e+06,9,RTS,20
7.55423e+06,20,CTS,14
7.55429e+06,9,QOSDATA_TID6,1066
7.55447e+06,20,ACK,14
7.55452e+06,9,CTL,20
7.5546e+06,7,RTS,20
7.55467e+06,20,CTS,14
7.55473e+06,7,QOSDATA_TID6,1066
7.55491e+06,20,ACK,14
7.55496e+06,7,CTL,20
7.55504e+06,0,RTS,20
7.55511e+06,20,CTS,14
7.55517e+06,0,QOSDATA_TID6,1066
7.55536e+06,20,ACK,14
7.5554e+06,0,QOSDATA_TID6,1066
7.55558e+06,20,ACK,14
7.55563e+06,0,CTL,20
7.55571e+06,2,RTS,20
7.55571e+06,12,RTS,20
7.55571e+06,17,RTS,20
7.55571e+06,1,RTS,20
7.55571e+06,16,RTS,20
7.55571e+06,4,RTS,20
7.55582e+06,13,RTS,20
7.55589e+06,20,CTS,14
7.55595e+06,13,QOSDATA_TID6,1066
7.55613e+06,20,ACK,14
7.55618e+06,13,QOSDATA_TID6,1066
7.55636e+06,20,ACK,14
7.5564e+06,13,CTL,20
7.55649e+06,11,RTS,20
7.55649e+06,6,RTS,20
7.55649e+06,19,RTS,20
7.55659e+06,12,RTS,20
7.55666e+06,20,CTS,14
7.55672e+06,12,QOSDATA_TID6,1066
7.5569e+06,20,ACK,14
7.55694e+06,12,CTL,20
7.55703e+06,2,RTS,20
7.55703e+06,6,RTS,20
7.55703e+06,10,RTS,20
7.55713e+06,17,RTS,20
7.55713e+06,1,RTS,20
7.55713e+06,16,RTS,20
7.55723e+06,2,RTS,20
7.55723e+06,18,RTS,20
7.55733e+06,14,RTS,20
7.55733e+06,15,RTS,20
7.55743e+06,17,RTS,20
7.55743e+06,4,RTS,20
7.5575e+06,20,CTS,14
7.55756e+06,17,QOSDATA_TID6,1066
7.55774e+06,20,ACK,14
7.55779e+06,17,CTL,20
7.55789e+06,1,RTS,20
7.55789e+06,5,RTS,20
7.55789e+06,11,RTS,20
7.55789e+06,3,RTS,20
7.55796e+06,20,CTS,14
7.55802e+06,5,QOSDATA_TID6,1066
7.5582e+06,20,ACK,14
7.55825e+06,5,CTL,20
7.55833e+06,1,RTS,20
7.55833e+06,3,RTS,20
7.5584e+06,20,CTS,14
7.55846e+06,1,QOSDATA_TID6,1066
7.55865e+06,20,ACK,14
7.55869e+06,1,CTL,20
7.55878e+06,14,RTS,20
7.55885e+06,20,CTS,14
7.55891e+06,14,QOSDATA_TID6,1066
7.5591e+06,20,ACK,14
7.55914e+06,14,QOSDATA_TID6,1066
7.55933e+06,20,ACK,14
7.55937e+06,14,CTL,20
7.55946e+06,15,RTS,20
7.55946e+06,8,RTS,20
7.55952e+06,20,CTS,14
7.55958e+06,8,QOSDATA_TID6,1066
7.55977e+06,20,ACK,14
7.55981e+06,8,CTL,20
7.55992e+06,19,RTS,20
7.55992e+06,11,RTS,20
7.55992e+06,16,RTS,20
7.55992e+06,2,RTS,20
7.55992e+06,6,RTS,20
7.56001e+06,18,RTS,20
7.56008e+06,20,CTS,14
7.56014e+06,18,QOSDATA_TID6,1066
7.56033e+06,20,ACK,14
7.56037e+06,18,QOSDATA_TID6,1066
7.56055e+06,20,ACK,14
7.5606e+06,18,QOSDATA_TID6,1066
7.56078e+06,20,ACK,14
7.56083e+06,18,QOSDATA_TID6,1066
7.56101e+06,20,ACK,14
7.56105e+06,18,CTL,20
7.56114e+06,2,RTS,20
7.56114e+06,6,RTS,20
7.56114e+06,4,RTS,20
7.56126e+06,19,RTS,20
7.56133e+06,20,CTS,14
7.56139e+06,19,QOSDATA_TID6,1066
7.56158e+06,20,ACK,14
7.56162e+06,19,CTL,20
7.56172e+06,16,RTS,20
7.56172e+06,9,RTS,20
7.56172e+06,0,RTS,20
7.56181e+06,13,RTS,20
7.56188e+06,20,CTS,14
7.56194e+06,13,QOSDATA_TID6,1066
7.56213e+06,20,ACK,14
7.56217e+06,13,CTL,20
7.56226e+06,10,RTS,20
7.56232e+06,20,CTS,14
7.56238e+06,10,QOSDATA_TID6,1066
7.56257e+06,20,ACK,14
7.56261e+06,10,QOSDATA_TID6,1066
7.5628e+06,20,ACK,14
7.56284e+06,10,QOSDATA_TID6,1066
7.56302e+06,20,ACK,14
7.56307e+06,10,CTL,20
7.56315e+06,12,RTS,20
7.56322e+06,20,CTS,14
7.56328e+06,12,QOSDATA_TID6,1066
7.56347e+06,20,ACK,14
7.56351e+06,12,CTL,20
7.5636e+06,1,RTS,20
7.5636e+06,16,RTS,20
7.5636e+06,15,RTS,20
7.56369e+06,7,RTS,20
7.56376e+06,20,CTS,14
7.56382e+06,7,QOSDATA_TID6,1066
7.56401e+06,20,ACK,14
7.56405e+06,7,CTL,20
7.56414e+06,15,RTS,20
7.56414e+06,2,RTS,20
7.56414e+06,3,RTS,20
7.56424e+06,19,RTS,20
7.56424e+06,16,RTS,20
7.56431e+06,20,CTS,14
7.56437e+06,19,QOSDATA_TID6,1066
7.56456e+06,20,ACK,14
7.5646e+06,19,CTL,20
7.56469e+06,16,RTS,20
7.56469e+06,3,RTS,20
7.56469e+06,0,RTS,20
7.56469e+06,10,RTS,20
7.56479e+06,17,RTS,20
7.56486e+06,20,CTS,14
7.56492e+06,17,QOSDATA_TID6,1066
7.5651e+06,20,ACK,14
7.56515e+06,17,CTL,20
7.56523e+06,5,RTS,20
7.5653e+06,20,CTS,14
7.56536e+06,5,QOSDATA_TID6,1066
7.56555e+06,20,ACK,14
7.56559e+06,5,CTL,20
7.56568e+06,10,RTS,20
7.56574e+06,20,CTS,14
7.5658e+06,10,QOSDATA_TID6,1066
7.56599e+06,20,ACK,14
7.56603e+06,10,CTL,20
7.56612e+06,0,CTS,14
7.56612e+06,6,RTS,20
7.56612e+06,16,RTS,20
7.56625e+06,0,RTS,20
7.56632e+06,20,CTS,14
7.56638e+06,0,QOSDATA_TID6,1066
7.56656e+06,20,ACK,14
7.5666e+06,0,CTL,20
7.56669e+06,6,RTS,20
7.56669e+06,2,RTS,20
7.56669e+06,8,RTS,20
7.56669e+06,9,RTS,20
7.56669e+06,4,RTS,20
7.56679e+06,15,RTS,20
7.56686e+06,20,CTS,14
7.56692e+06,15,QOSDATA_TID6,1066
7.5671e+06,20,ACK,14
7.56715e+06,15,QOSDATA_TID6,1066
7.56733e+06,20,ACK,14
7.56737e+06,15,CTL,20
7.56746e+06,14,RTS,20
7.56753e+06,20,CTS,14
7.56759e+06,14,QOSDATA_TID6,1066
7.56777e+06,20,ACK,14
7.56782e+06,14,CTL,20
7.56791e+06,18,RTS,20
7.56791e+06,2,RTS,20
7.56791e+06,11,RTS,20
7.56804e+06,11,RTS,20
7.56811e+06,20,CTS,14
7.56817e+06,11,QOSDATA_TID6,1066
7.56835e+06,20,ACK,14
7.5684e+06,11,QOSDATA_TID6,1066
7.56858e+06,20,ACK,14
7.56863e+06,11,CTL,20
7.56871e+06,8,RTS,20
7.56878e+06,20,CTS,14
7.56884e+06,8,QOSDATA_TID6,1066
7.56902e+06,20,ACK,14
7.56907e+06,8,CTL,20
7.56916e+06,1,RTS,20
7.56916e+06,4,RTS,20
7.56916e+06,3,RTS,20
7.56916e+06,6,RTS,20
7.56929e+06,18,RTS,20
7.56936e+06,20,CTS,14
7.56942e+06,18,QOSDATA_TID6,1066
7.5696e+06,20,ACK,14
7.56964e+06,18,CTL,20
7.56973e+06,6,RTS,20
7.56973e+06,3,RTS,20
7.5698e+06,20,CTS,14
7.56986e+06,6,QOSDATA_TID6,1066
7.57004e+06,20,ACK,14
7.57009e+06,6,QOSDATA_TID6,1066
7.57027e+06,20,ACK,14
7.57031e+06,6,CTL,20
7.5704e+06,12,RTS,20
7.57047e+06,20,CTS,14
7.57053e+06,12,QOSDATA_TID6,1066
7.57071e+06,20,ACK,14
7.57076e+06,12,CTL,20
7.57084e+06,7,RTS,20
7.57091e+06,20,CTS,14
7.57097e+06,7,QOSDATA_TID6,1066
7.57115e+06,20,ACK,14
7.5712e+06,7,CTL,20
7.57128e+06,13,RTS,20
7.57128e+06,2,RTS,20
7.57138e+06,11,RTS,20
7.57138e+06,16,RTS,20
7.57148e+06,13,RTS,20
7.57148e+06,17,RTS,20
7.57155e+06,20,CTS,14
7.57161e+06,17,QOSDATA_TID6,1066
7.5718e+06,20,ACK,14
7.57184e+06,17,CTL,20
7.57194e+06,4,RTS,20
7.57194e+06,0,RTS,20
7.57194e+06,9,RTS,20
7.572e+06,20,CTS,14
7.57206e+06,0,QOSDATA_TID6,1066
7.57225e+06,20,ACK,14
7.57229e+06,0,CTL,20
7.57238e+06,1,RTS,20
7.57238e+06,9,RTS,20
7.57244e+06,20,CTS,14
7.5725e+06,1,QOSDATA_TID6,1066
7.57269e+06,20,ACK,14
7.57273e+06,1,QOSDATA_TID6,1066
7.57292e+06,20,ACK,14
7.57296e+06,1,CTL,20
7.57305e+06,15,RTS,20
7.57312e+06,20,CTS,14
7.57318e+06,15,QOSDATA_TID6,1066
7.57336e+06,20,ACK,14
7.5734e+06,15,CTL,20
7.5735e+06,6,RTS,20
7.5735e+06,5,RTS,20
7.5735e+06,19,RTS,20
7.57357e+06,20,CTS,14
7.57363e+06,5,QOSDATA_TID6,1066
7.57381e+06,20,ACK,14
7.57385e+06,5,CTL,20
7.57394e+06,10,RTS,20
7.57401e+06,20,CTS,14
7.57407e+06,10,QOSDATA_TID6,1066
7.57425e+06,20,ACK,14
7.5743e+06,10,CTL,20
7.57439e+06,18,RTS,20
7.57439e+06,19,RTS,20
7.57439e+06,16,RTS,20
7.57451e+06,13,RTS,20
7.57451e+06,3,RTS,20
7.57451e+06,9,RTS,20
7.5746e+06,19,RTS,20
7.57467e+06,20,CTS,14
7.57473e+06,19,QOSDATA_TID6,1066
7.57492e+06,20,ACK,14
7.57496e+06,19,CTL,20
7.57505e+06,18,RTS,20
7.57512e+06,20,CTS,14
7.57518e+06,18,QOSDATA_TID6,1066
7.57536e+06,20,ACK,14
7.5754e+06,18,CTL,20
7.57549e+06,2,RTS,20
7.57549e+06,4,RTS,20
7.57556e+06,20,CTS,14
7.57562e+06,2,QOSDATA_TID6,1066
7.5758e+06,20,ACK,14
7.57585e+06,2,QOSDATA_TID6,1066
7.57603e+06,20,ACK,14
7.57607e+06,2,QOSDATA_TID6,1066
7.57626e+06,20,ACK,14
7.5763e+06,2,CTL,20
7.57639e+06,8,RTS,20
7.57646e+06,20,CTS,14
7.57652e+06,8,QOSDATA_TID6,1066
7.5767e+06,20,ACK,14
7.57674e+06,8,CTL,20
7.57683e+06,4,RTS,20
7.5769e+06,20,CTS,14
7.57696e+06,4,QOSDATA_TID6,1066
7.57714e+06,20,ACK,14
7.57719e+06,4,QOSDATA_TID6,1066
7.57737e+06,20,ACK,14
7.57741e+06,4,QOSDATA_TID6,1066
7.5776e+06,20,ACK,14
7.57764e+06,4,CTL,20
7.57773e+06,14,RTS,20
7.5778e+06,20,CTS,14
7.57786e+06,14,QOSDATA_TID6,1066
7.57804e+06,20,ACK,14
7.57808e+06,14,CTL,20
7.57817e+06,6,RTS,20
7.57817e+06,13,RTS,20
7.57817e+06,3,RTS,20
7.57817e+06,11,RTS,20
7.57817e+06,9,RTS,20
7.57827e+06,7,RTS,20
7.57834e+06,20,CTS,14
7.5784e+06,7,QOSDATA_TID6,1066
7.57858e+06,20,ACK,14
7.57862e+06,7,CTL,20
7.57872e+06,6,RTS,20
7.57879e+06,20,CTS,14
7.57885e+06,6,QOSDATA_TID6,1066
7.57903e+06,20,ACK,14
7.57908e+06,6,QOSDATA_TID6,1066
7.57926e+06,20,ACK,14
7.5793e+06,6,CTL,20
7.57939e+06,0,RTS,20
7.57939e+06,12,RTS,20
7.57939e+06,3,RTS,20
7.57939e+06,16,RTS,20
7.57946e+06,20,CTS,14
7.57952e+06,12,QOSDATA_TID6,1066
7.5797e+06,20,ACK,14
7.57974e+06,12,CTL,20
7.57984e+06,17,RTS,20
7.57984e+06,1,RTS,20
7.57994e+06,13,RTS,20
7.58001e+06,20,CTS,14
7.58007e+06,13,QOSDATA_TID6,1066
7.58025e+06,20,ACK,14
7.58029e+06,13,QOSDATA_TID6,1066
7.58048e+06,20,ACK,14
7.58052e+06,13,CTL,20
7.58061e+06,5,RTS,20
7.58061e+06,11,RTS,20
7.58061e+06,9,RTS,20
7.58068e+06,20,CTS,14
7.58074e+06,5,QOSDATA_TID6,1066
7.58092e+06,20,ACK,14
7.58096e+06,5,CTL,20
7.58105e+06,2,RTS,20
7.58105e+06,10,RTS,20
7.58105e+06,15,RTS,20
7.58115e+06,0,RTS,20
7.58115e+06,11,RTS,20
7.58122e+06,20,CTS,14
7.58128e+06,0,QOSDATA_TID6,1066
7.58146e+06,20,ACK,14
7.5815e+06,0,CTL,20
7.58159e+06,15,RTS,20
7.58166e+06,20,CTS,14
7.58172e+06,15,QOSDATA_TID6,1066
7.5819e+06,20,ACK,14
7.58195e+06,15,CTL,20
7.58203e+06,10,RTS,20
7.5821e+06,20,CTS,14
7.58216e+06,10,QOSDATA_TID6,1066
7.58234e+06,20,ACK,14
7.58239e+06,10,CTL,20
7.58247e+06,19,RTS,20
7.58247e+06,4,RTS,20
7.58254e+06,20,CTS,14
7.5826e+06,19,QOSDATA_TID6,1066
7.58279e+06,20,ACK,14
7.58283e+06,19,CTL,20
7.58292e+06,8,RTS,20
7.58298e+06,20,CTS,14
7.58304e+06,8,QOSDATA_TID6,1066
7.58323e+06,20,ACK,14
7.58327e+06,8,CTL,20
7.58336e+06,17,RTS,20
7.58336e+06,11,RTS,20
7.58336e+06,18,RTS,20
7.58336e+06,14,RTS,20
7.58343e+06,20,CTS,14
7.58349e+06,17,QOSDATA_TID6,1066
7.58367e+06,20,ACK,14
7.58372e+06,17,CTL,20
7.5838e+06,11,RTS,20
7.58387e+06,20,CTS,14
7.58393e+06,11,QOSDATA_TID6,1066
7.58411e+06,20,ACK,14
7.58416e+06,11,QOSDATA_TID6,1066
7.58434e+06,20,ACK,14
7.58438e+06,11,CTL,20
7.58447e+06,1,RTS,20
7.58447e+06,3,RTS,20
7.58447e+06,9,RTS,20
7.58454e+06,20,CTS,14
7.5846e+06,1,QOSDATA_TID6,1066
7.58478e+06,20,ACK,14
7.58483e+06,1,CTL,20
7.58492e+06,16,RTS,20
7.58492e+06,2,RTS,20
7.58492e+06,9,RTS,20
7.58505e+06,14,RTS,20
7.58512e+06,20,CTS,14
7.58518e+06,14,QOSDATA_TID6,1066
7.58536e+06,20,ACK,14
7.5854e+06,14,CTL,20
7.58549e+06,7,RTS,20
7.58549e+06,9,RTS,20
7.58556e+06,20,CTS,14
7.58562e+06,7,QOSDATA_TID6,1066
7.5858e+06,20,ACK,14
7.58584e+06,7,CTL,20
7.58593e+06,0,RTS,20
7.586e+06,20,CTS,14
7.58606e+06,0,QOSDATA_TID6,1066
7.58624e+06,20,ACK,14
7.58629e+06,0,CTL,20
7.58637e+06,9,RTS,20
7.58637e+06,13,RTS,20
7.58652e+06,16,RTS,20
7.58658e+06,20,CTS,14
7.58664e+06,16,QOSDATA_TID6,1066
7.58683e+06,20,ACK,14
7.58687e+06,16,QOSDATA_TID6,1066
7.58706e+06,20,ACK,14
7.5871e+06,16,QOSDATA_TID6,1066
7.58728e+06,20,ACK,14
7.58733e+06,16,QOSDATA_TID6,1066
7.58751e+06,20,ACK,14
7.58756e+06,16,CTL,20
7.58764e+06,1,RTS,20
7.58771e+06,20,CTS,14
7.58777e+06,1,QOSDATA_TID6,1066
7.58795e+06,20,ACK,14
7.588e+06,1,CTL,20
7.58808e+06,19,RTS,20
7.58808e+06,4,RTS,20
7.58815e+06,20,CTS,14
7.58821e+06,19,QOSDATA_TID6,1066
7.5884e+06,20,ACK,14
7.58844e+06,19,CTL,20
7.58853e+06,12,RTS,20
7.58853e+06,4,RTS,20
7.58859e+06,20,CTS,14
7.58865e+06,12,QOSDATA_TID6,1066
7.58884e+06,20,ACK,14
7.58888e+06,12,CTL,20
7.58898e+06,17,RTS,20
7.58898e+06,13,RTS,20
7.58898e+06,3,RTS,20
7.58904e+06,20,CTS,14
7.5891e+06,17,QOSDATA_TID6,1066
7.58929e+06,20,ACK,14
7.58933e+06,17,CTL,20
7.58942e+06,6,RTS,20
7.58949e+06,20,CTS,14
7.58955e+06,6,QOSDATA_TID6,1066
7.58973e+06,20,ACK,14
7.58978e+06,6,CTL,20
7.58987e+06,18,RTS,20
7.58987e+06,5,RTS,20
7.58987e+06,11,RTS,20
7.58994e+06,20,CTS,14
7.59e+06,5,QOSDATA_TID6,1066
7.59018e+06,20,ACK,14
7.59023e+06,5,CTL,20
7.59032e+06,2,RTS,20
7.59032e+06,9,RTS,20
7.59039e+06,20,CTS,14
7.59045e+06,2,QOSDATA_TID6,1066
7.59063e+06,20,ACK,14
7.59068e+06,2,QOSDATA_TID6,1066
7.59086e+06,20,ACK,14
7.5909e+06,2,CTL,20
7.59099e+06,9,RTS,20
7.59099e+06,10,RTS,20
7.59099e+06,15,RTS,20
7.59109e+06,8,RTS,20
7.59116e+06,20,CTS,14
7.59122e+06,8,QOSDATA_TID6,1066
7.5914e+06,20,ACK,14
7.59144e+06,8,CTL,20
7.59154e+06,11,RTS,20
7.59154e+06,4,RTS,20
7.59164e+06,15,RTS,20
7.59164e+06,14,RTS,20
7.59174e+06,3,RTS,20
7.5918e+06,20,CTS,14
7.59186e+06,3,QOSDATA_TID6,1066
7.59205e+06,20,ACK,14
7.59209e+06,3,QOSDATA_TID6,1066
7.59228e+06,20,ACK,14
7.59232e+06,3,QOSDATA_TID6,1066
7.5925e+06,20,ACK,14
7.59255e+06,3,QOSDATA_TID6,1066
7.59273e+06,20,ACK,14
7.59278e+06,3,CTL,20
7.59287e+06,16,RTS,20
7.59287e+06,15,RTS,20
7.59297e+06,9,RTS,20
7.59304e+06,20,CTS,14
7.5931e+06,9,QOSDATA_TID6,1066
7.59328e+06,20,ACK,14
7.59333e+06,9,QOSDATA_TID6,1066
7.59351e+06,20,ACK,14
7.59355e+06,9,QOSDATA_TID6,1066
7.59374e+06,20,ACK,14
7.59378e+06,9,QOSDATA_TID6,1066
7.59397e+06,20,ACK,14
7.59401e+06,9,CTL,20
7.59409e+06,20,BEACON,152
7.59435e+06,16,RTS,20
7.59442e+06,20,CTS,14
7.59448e+06,16,QOSDATA_TID6,1066
7.59466e+06,20,ACK,14
7.5947e+06,16,CTL,20
7.5948e+06,13,RTS,20
7.5948e+06,18,RTS,20
7.5948e+06,14,RTS,20
7.5948e+06,10,RTS,20
7.5949e+06,0,RTS,20
7.59497e+06,20,CTS,14
7.59503e+06,0,QOSDATA_TID6,1066
7.59521e+06,20,ACK,14
7.59525e+06,0,CTL,20
7.59534e+06,12,RTS,20
7.59534e+06,17,RTS,20
7.59544e+06,4,RTS,20
7.59551e+06,20,CTS,14
7.59557e+06,4,QOSDATA_TID6,1066
7.59575e+06,20,ACK,14
7.59579e+06,4,QOSDATA_TID6,1066
7.59598e+06,20,ACK,14
7.59602e+06,4,CTL,20
7.59611e+06,3,RTS,20
7.59618e+06,20,CTS,14
7.59624e+06,3,QOSDATA_TID6,1066
7.59642e+06,20,ACK,14
7.59646e+06,3,CTL,20
7.59655e+06,10,RTS,20
7.59655e+06,19,RTS,20
7.59655e+06,6,RTS,20
7.59655e+06,11,RTS,20
7.59665e+06,2,RTS,20
7.59672e+06,20,CTS,14
7.59678e+06,2,QOSDATA_TID6,1066
7.59696e+06,20,ACK,14
7.597e+06,2,CTL,20
7.59709e+06,12,RTS,20
7.59709e+06,7,RTS,20
7.59709e+06,13,RTS,20
7.59719e+06,11,RTS,20
7.59726e+06,20,CTS,14
7.59732e+06,11,QOSDATA_TID6,1066
7.5975e+06,20,ACK,14
7.59754e+06,11,QOSDATA_TID6,1066
7.59773e+06,20,ACK,14
7.59777e+06,11,CTL,20
7.59786e+06,4,RTS,20
7.59786e+06,7,RTS,20
7.59786e+06,10,RTS,20
7.59786e+06,14,RTS,20
7.59796e+06,5,RTS,20
7.59802e+06,20,CTS,14
7.59808e+06,5,QOSDATA_TID6,1066
7.59827e+06,20,ACK,14
7.59831e+06,5,CTL,20
7.59841e+06,1,RTS,20
7.59841e+06,19,RTS,20
7.59841e+06,18,RTS,20
7.59841e+06,15,RTS,20
7.5985e+06,6,RTS,20
7.59857e+06,20,CTS,14
7.59863e+06,6,QOSDATA_TID6,1066
7.59882e+06,20,ACK,14
7.59886e+06,6,CTL,20
7.59895e+06,12,RTS,20
7.59895e+06,17,RTS,20
7.59905e+06,4,RTS,20
7.59911e+06,20,CTS,14
7.59917e+06,4,QOSDATA_TID6,1066
7.59936e+06,20,ACK,14
7.5994e+06,4,CTL,20
7.59949e+06,15,RTS,20
7.59949e+06,14,RTS,20
7.59959e+06,12,RTS,20
7.59959e+06,17,RTS,20
7.59968e+06,14,RTS,20
7.59975e+06,20,CTS,14
7.59981e+06,14,QOSDATA_TID6,1066
7.6e+06,20,ACK,14
7.60004e+06,14,QOSDATA_TID6,1066
7.60022e+06,20,ACK,14
7.60027e+06,14,CTL,20
7.60036e+06,15,RTS,20
7.60036e+06,7,RTS,20
7.60046e+06,18,RTS,20
7.60046e+06,10,RTS,20
7.60058e+06,1,RTS,20
7.60058e+06,8,RTS,20
7.60058e+06,16,RTS,20
7.60068e+06,19,RTS,20
7.60075e+06,20,CTS,14
7.60081e+06,19,QOSDATA_TID6,1066
7.60099e+06,20,ACK,14
7.60104e+06,19,CTL,20
7.60112e+06,0,RTS,20
7.60119e+06,20,CTS,14
7.60125e+06,0,QOSDATA_TID6,1066
7.60143e+06,20,ACK,14
7.60148e+06,0,CTL,20
7.60156e+06,10,RTS,20
7.60156e+06,12,RTS,20
7.60163e+06,20,CTS,14
7.60169e+06,12,QOSDATA_TID6,1066
7.60188e+06,20,ACK,14
7.60192e+06,12,CTL,20
7.602e+06,9,RTS,20
7.60207e+06,20,CTS,14
7.60213e+06,9,QOSDATA_TID6,1066
7.60232e+06,20,ACK,14
7.60236e+06,9,CTL,20
7.60245e+06,1,RTS,20
7.60245e+06,17,RTS,20
7.60245e+06,12,RTS,20
7.60245e+06,7,RTS,20
7.60245e+06,15,RTS,20
7.60254e+06,18,RTS,20
7.60261e+06,20,CTS,14
7.60267e+06,18,QOSDATA_TID6,1066
7.60286e+06,20,ACK,14
7.6029e+06,18,QOSDATA_TID6,1066
7.60308e+06,20,ACK,14
7.60313e+06,18,QOSDATA_TID6,1066
7.60331e+06,20,ACK,14
7.60336e+06,18,CTL,20
7.60344e+06,19,RTS,20
7.60344e+06,16,RTS,20
7.60351e+06,20,CTS,14
7.60357e+06,19,QOSDATA_TID6,1066
7.60376e+06,20,ACK,14
7.6038e+06,19,CTL,20
7.60389e+06,1,RTS,20
7.60389e+06,8,RTS,20
7.60389e+06,11,RTS,20
7.60389e+06,7,RTS,20
7.60389e+06,6,RTS,20
7.60389e+06,13,RTS,20
7.60389e+06,15,RTS,20
7.604e+06,17,RTS,20
7.60407e+06,20,CTS,14
7.60413e+06,17,QOSDATA_TID6,1066
7.60431e+06,20,ACK,14
7.60436e+06,17,QOSDATA_TID6,1066
7.60454e+06,20,ACK,14
7.60458e+06,17,CTL,20
7.60467e+06,3,RTS,20
7.60474e+06,20,CTS,14
7.6048e+06,3,QOSDATA_TID6,1066
7.60498e+06,20,ACK,14
7.60503e+06,3,CTL,20
7.60511e+06,10,RTS,20
7.60511e+06,8,RTS,20
7.60511e+06,4,RTS,20
7.60518e+06,20,CTS,14
7.60524e+06,8,QOSDATA_TID6,1066
7.60542e+06,20,ACK,14
7.60547e+06,8,CTL,20
7.60556e+06,5,RTS,20
7.60556e+06,2,RTS,20
7.60556e+06,4,RTS,20
7.60556e+06,15,RTS,20
7.60563e+06,20,CTS,14
7.60569e+06,5,QOSDATA_TID6,1066
7.60588e+06,20,ACK,14
7.60592e+06,5,CTL,20
7.60601e+06,15,RTS,20
7.60607e+06,20,CTS,14
7.60613e+06,15,QOSDATA_TID6,1066
7.60632e+06,20,ACK,14
7.60636e+06,15,QOSDATA_TID6,1066
7.60655e+06,20,ACK,14
7.60659e+06,15,CTL,20
7.60668e+06,7,RTS,20
7.60668e+06,4,RTS,20
7.60674e+06,20,CTS,14
7.6068e+06,7,QOSDATA_TID6,1066
7.60699e+06,20,ACK,14
7.60703e+06,7,QOSDATA_TID6,1066
7.60722e+06,20,ACK,14
7.60726e+06,7,CTL,20
7.60735e+06,1,RTS,20
7.60735e+06,2,RTS,20
7.60744e+06,13,RTS,20
7.60751e+06,20,CTS,14
7.60757e+06,13,QOSDATA_TID6,1066
7.60776e+06,20,ACK,14
7.6078e+06,13,QOSDATA_TID6,1066
7.60798e+06,20,ACK,14
7.60803e+06,13,QOSDATA_TID6,1066
7.60821e+06,20,ACK,14
7.60826e+06,13,CTL,20
7.60836e+06,14,RTS,20
7.60836e+06,8,RTS,20
7.60836e+06,16,RTS,20
7.60836e+06,6,RTS,20
7.60836e+06,10,RTS,20
7.60849e+06,2,RTS,20
7.60855e+06,20,CTS,14
7.60861e+06,2,QOSDATA_TID6,1066
7.6088e+06,20,ACK,14
7.60884e+06,2,CTL,20
7.60894e+06,16,RTS,20
7.609e+06,20,CTS,14
7.60906e+06,16,QOSDATA_TID6,1066
7.60925e+06,20,ACK,14
7.60929e+06,16,QOSDATA_TID6,1066
7.60948e+06,20,ACK,14
7.60952e+06,16,CTL,20
7.60961e+06,6,RTS,20
7.60961e+06,10,RTS,20
7.60968e+06,20,CTS,14
7.60974e+06,6,QOSDATA_TID6,1066
7.60992e+06,20,ACK,14
7.60996e+06,6,CTL,20
7.61005e+06,12,RTS,20
7.61005e+06,7,RTS,20
7.61005e+06,13,RTS,20
7.61005e+06,11,RTS,20
7.61005e+06,4,RTS,20
7.61015e+06,0,RTS,20
7.61015e+06,18,RTS,20
7.61024e+06,12,RTS,20
7.61031e+06,20,CTS,14
7.61037e+06,12,QOSDATA_TID6,1066
7.61056e+06,20,ACK,14
7.6106e+06,12,QOSDATA_TID6,1066
7.61078e+06,20,ACK,14
7.61083e+06,12,CTL,20
7.61092e+06,8,RTS,20
7.61092e+06,1,RTS,20
7.61102e+06,9,RTS,20
7.61102e+06,13,RTS,20
7.61112e+06,11,RTS,20
7.61112e+06,0,RTS,20
7.61112e+06,6,RTS,20
7.61123e+06,3,RTS,20
7.61123e+06,14,RTS,20
7.61136e+06,11,RTS,20
7.61136e+06,4,RTS,20
7.61145e+06,7,RTS,20
7.61152e+06,20,CTS,14
7.61158e+06,7,QOSDATA_TID6,1066
7.61177e+06,20,ACK,14
7.61181e+06,7,CTL,20
7.6119e+06,4,RTS,20
7.61196e+06,20,CTS,14
7.61202e+06,4,QOSDATA_TID6,1066
7.61221e+06,20,ACK,14
7.61225e+06,4,CTL,20
7.61234e+06,8,RTS,20
7.61234e+06,17,RTS,20
7.61234e+06,19,RTS,20
7.61244e+06,1,RTS,20
7.61244e+06,5,RTS,20
7.6125e+06,20,CTS,14
7.61256e+06,5,QOSDATA_TID6,1066
7.61275e+06,20,ACK,14
7.61279e+06,5,CTL,20
7.61288e+06,8,RTS,20
7.61288e+06,2,RTS,20
7.61295e+06,20,CTS,14
7.61301e+06,8,QOSDATA_TID6,1066
7.61319e+06,20,ACK,14
7.61323e+06,8,CTL,20
7.61333e+06,0,CTS,14
7.61333e+06,6,RTS,20
7.61333e+06,15,RTS,20
7.61333e+06,10,RTS,20
7.61333e+06,14,RTS,20
7.61343e+06,0,RTS,20
7.6135e+06,20,CTS,14
7.61356e+06,0,QOSDATA_TID6,1066
7.61374e+06,20,ACK,14
7.61379e+06,0,CTL,20
7.61388e+06,18,RTS,20
7.61388e+06,9,RTS,20
7.61388e+06,19,RTS,20
7.61388e+06,13,RTS,20
7.61388e+06,4,RTS,20
7.61399e+06,2,RTS,20
7.61406e+06,20,CTS,14
7.61412e+06,2,QOSDATA_TID6,1066
7.6143e+06,20,ACK,14
7.61435e+06,2,CTL,20
7.61443e+06,14,RTS,20
7.6145e+06,20,CTS,14
7.61456e+06,14,QOSDATA_TID6,1066
7.61475e+06,20,ACK,14
7.61479e+06,14,CTL,20
7.61488e+06,9,RTS,20
7.61488e+06,4,RTS,20
7.61497e+06,8,RTS,20
7.61497e+06,15,RTS,20
7.61504e+06,20,CTS,14
7.6151e+06,8,QOSDATA_TID6,1066
7.61529e+06,20,ACK,14
7.61533e+06,8,CTL,20
7.61542e+06,4,RTS,20
7.61542e+06,15,RTS,20
7.61548e+06,20,CTS,14
7.61554e+06,15,QOSDATA_TID6,1066
7.61573e+06,20,ACK,14
7.61577e+06,15,CTL,20
7.61587e+06,14,RTS,20
7.61587e+06,1,RTS,20
7.61587e+06,3,RTS,20
7.61597e+06,13,RTS,20
7.61604e+06,20,CTS,14
7.6161e+06,13,QOSDATA_TID6,1066
7.61629e+06,20,ACK,14
7.61633e+06,13,CTL,20
7.61642e+06,18,RTS,20
7.61642e+06,3,RTS,20
7.61652e+06,16,RTS,20
7.61659e+06,20,CTS,14
7.61665e+06,16,QOSDATA_TID6,1066
7.61684e+06,20,ACK,14
7.61688e+06,16,CTL,20
7.61696e+06,1,RTS,20
7.61696e+06,17,RTS,20
7.61706e+06,11,RTS,20
7.61706e+06,4,RTS,20
7.61716e+06,3,RTS,20
7.61723e+06,20,CTS,14
7.61729e+06,3,QOSDATA_TID6,1066
7.61747e+06,20,ACK,14
7.61752e+06,3,CTL,20
7.61761e+06,19,RTS,20
7.61768e+06,20,CTS,14
7.61774e+06,19,QOSDATA_TID6,1066
7.61792e+06,20,ACK,14
7.61797e+06,19,CTL,20
7.61805e+06,17,RTS,20
7.61805e+06,11,RTS,20
7.61805e+06,9,RTS,20
7.61805e+06,0,RTS,20
7.61805e+06,6,RTS,20
7.61805e+06,13,RTS,20
7.61805e+06,14,RTS,20
7.61815e+06,10,RTS,20
7.61822e+06,20,CTS,14
7.61828e+06,10,QOSDATA_TID6,1066
7.61846e+06,20,ACK,14
7.61851e+06,10,QOSDATA_TID6,1066
7.61869e+06,20,ACK,14
7.61874e+06,10,QOSDATA_TID6,1066
7.61892e+06,20,ACK,14
7.61896e+06,10,CTL,20
7.61905e+06,3,RTS,20
7.61905e+06,12,RTS,20
7.61905e+06,7,RTS,20
7.61912e+06,20,CTS,14
7.61918e+06,12,QOSDATA_TID6,1066
7.61936e+06,20,ACK,14
7.61941e+06,12,CTL,20
7.61949e+06,18,RTS,20
7.61956e+06,20,CTS,14
7.61962e+06,18,QOSDATA_TID6,1066
7.6198e+06,20,ACK,14
7.61985e+06,18,QOSDATA_TID6,1066
7.62003e+06,20,ACK,14
7.62008e+06,18,CTL,20
7.62016e+06,0,RTS,20
7.62016e+06,19,RTS,20
7.62016e+06,1,RTS,20
7.62026e+06,4,RTS,20
7.62033e+06,20,CTS,14
7.62039e+06,4,QOSDATA_TID6,1066
7.62057e+06,20,ACK,14
7.62062e+06,4,CTL,20
7.6207e+06,7,RTS,20
7.6207e+06,13,RTS,20
7.62077e+06,20,CTS,14
7.62083e+06,7,QOSDATA_TID6,1066
7.62101e+06,20,ACK,14
7.62106e+06,7,CTL,20
7.62114e+06,6,RTS,20
7.62121e+06,20,CTS,14
7.62127e+06,6,QOSDATA_TID6,1066
7.62146e+06,20,ACK,14
7.6215e+06,6,QOSDATA_TID6,1066
7.62168e+06,20,ACK,14
7.62173e+06,6,CTL,20
7.62182e+06,9,RTS,20
7.62182e+06,13,RTS,20
7.62191e+06,5,RTS,20
7.62191e+06,17,RTS,20
7.62191e+06,1,RTS,20
7.62201e+06,11,RTS,20
7.62208e+06,20,CTS,14
7.62214e+06,11,QOSDATA_TID6,1066
7.62232e+06,20,ACK,14
7.62237e+06,11,QOSDATA_TID6,1066
7.62255e+06,20,ACK,14
7.6226e+06,11,QOSDATA_TID6,1066
7.62278e+06,20,ACK,14
7.62282e+06,11,CTL,20
7.62291e+06,1,RTS,20
7.62291e+06,8,RTS,20
7.62291e+06,2,RTS,20
7.62291e+06,3,RTS,20
7.62291e+06,15,RTS,20
7.62291e+06,18,RTS,20
7.62291e+06,10,RTS,20
7.62291e+06,14,RTS,20
7.62301e+06,17,RTS,20
7.62301e+06,4,RTS,20
7.62308e+06,20,CTS,14
7.62314e+06,17,QOSDATA_TID6,1066
7.62332e+06,20,ACK,14
7.62336e+06,17,QOSDATA_TID6,1066
7.62355e+06,20,ACK,14
7.62359e+06,17,CTL,20
7.62368e+06,8,RTS,20
7.62368e+06,2,RTS,20
7.62374e+06,20,CTS,14
7.6238e+06,8,QOSDATA_TID6,1066
7.62399e+06,20,ACK,14
7.62403e+06,8,CTL,20
7.62413e+06,1,RTS,20
7.62413e+06,19,RTS,20
7.62413e+06,0,CTS,14
7.62428e+06,0,RTS,20
7.62434e+06,20,CTS,14
7.6244e+06,0,QOSDATA_TID6,1066
7.62459e+06,20,ACK,14
7.62463e+06,0,CTL,20
7.62472e+06,13,RTS,20
7.62479e+06,20,CTS,14
7.62485e+06,13,QOSDATA_TID6,1066
7.62503e+06,20,ACK,14
7.62508e+06,13,CTL,20
7.62516e+06,16,RTS,20
7.62516e+06,1,RTS,20
7.62523e+06,20,CTS,14
7.62529e+06,1,QOSDATA_TID6,1066
7.62547e+06,20,ACK,14
7.62552e+06,1,QOSDATA_TID6,1066
7.6257e+06,20,ACK,14
7.62574e+06,1,QOSDATA_TID6,1066
7.62593e+06,20,ACK,14
7.62597e+06,1,CTL,20
7.62606e+06,7,RTS,20
7.62613e+06,20,CTS,14
7.62619e+06,7,QOSDATA_TID6,1066
7.62637e+06,20,ACK,14
7.62642e+06,7,CTL,20
7.6265e+06,13,RTS,20
7.6265e+06,15,RTS,20
7.6265e+06,0,RTS,20
7.6266e+06,12,RTS,20
7.6266e+06,9,RTS,20
7.62667e+06,20,CTS,14
7.62673e+06,12,QOSDATA_TID6,1066
7.62691e+06,20,ACK,14
7.62696e+06,12,CTL,20
7.62704e+06,15,RTS,20
7.62711e+06,20,CTS,14
7.62717e+06,15,QOSDATA_TID6,1066
7.62735e+06,20,ACK,14
7.6274e+06,15,CTL,20
7.62748e+06,13,RTS,20
7.62748e+06,17,RTS,20
7.62748e+06,3,RTS,20
7.62755e+06,20,CTS,14
7.62761e+06,17,QOSDATA_TID6,1066
7.6278e+06,20,ACK,14
7.62784e+06,17,CTL,20
7.62792e+06,13,RTS,20
7.62799e+06,20,CTS,14
7.62805e+06,13,QOSDATA_TID6,1066
7.62824e+06,20,ACK,14
7.62828e+06,13,CTL,20
7.62837e+06,14,RTS,20
7.62837e+06,4,RTS,20
7.62837e+06,5,RTS,20
7.62837e+06,0,RTS,20
7.62837e+06,6,RTS,20
7.62837e+06,19,RTS,20
7.62837e+06,18,RTS,20
7.62848e+06,2,RTS,20
7.62855e+06,20,CTS,14
7.62861e+06,2,QOSDATA_TID6,1066
7.6288e+06,20,ACK,14
7.62884e+06,2,QOSDATA_TID6,1066
7.62902e+06,20,ACK,14
7.62907e+06,2,CTL,20
7.62915e+06,3,RTS,20
7.62915e+06,9,RTS,20
7.62925e+06,6,RTS,20
7.62925e+06,11,RTS,20
7.62925e+06,14,RTS,20
7.62936e+06,9,RTS,20
7.62943e+06,20,CTS,14
7.62949e+06,9,QOSDATA_TID6,1066
7.62967e+06,20,ACK,14
7.62972e+06,9,QOSDATA_TID6,1066
7.6299e+06,20,ACK,14
7.62994e+06,9,CTL,20
7.63003e+06,6,RTS,20
7.6301e+06,20,CTS,14
7.63016e+06,6,QOSDATA_TID6,1066
7.63034e+06,20,ACK,14
7.63038e+06,6,CTL,20
7.63047e+06,0,CTS,14
7.63047e+06,15,RTS,20
7.63047e+06,5,RTS,20
7.63047e+06,1,RTS,20
7.63047e+06,16,RTS,20
7.63059e+06,0,RTS,20
7.63066e+06,20,CTS,14
7.63072e+06,0,QOSDATA_TID6,1066
7.6309e+06,20,ACK,14
7.63095e+06,0,CTL,20
7.63104e+06,14,RTS,20
7.63104e+06,10,RTS,20
7.63113e+06,5,RTS,20
7.63113e+06,4,RTS,20
7.6312e+06,20,CTS,14
7.63126e+06,5,QOSDATA_TID6,1066
7.63144e+06,20,ACK,14
7.63149e+06,5,QOSDATA_TID6,1066
7.63167e+06,20,ACK,14
7.63172e+06,5,CTL,20
7.63181e+06,8,RTS,20
7.63181e+06,14,RTS,20
7.63188e+06,20,CTS,14
7.63194e+06,8,QOSDATA_TID6,1066
7.63212e+06,20,ACK,14
7.63217e+06,8,CTL,20
7.63227e+06,19,RTS,20
7.63227e+06,11,RTS,20
7.63227e+06,16,RTS,20
7.63227e+06,3,RTS,20
7.63227e+06,14,RTS,20
7.6324e+06,18,RTS,20
7.6324e+06,4,RTS,20
7.63246e+06,20,CTS,14
7.63252e+06,18,QOSDATA_TID6,1066
7.63271e+06,20,ACK,14
7.63275e+06,18,QOSDATA_TID6,1066
7.63294e+06,20,ACK,14
7.63298e+06,18,CTL,20
7.63307e+06,14,RTS,20
7.63314e+06,20,CTS,14
7.6332e+06,14,QOSDATA_TID6,1066
7.63338e+06,20,ACK,14
7.63342e+06,14,QOSDATA_TID6,1066
7.63361e+06,20,ACK,14
7.63365e+06,14,CTL,20
7.63374e+06,9,RTS,20
7.6338e+06,20,CTS,14
7.63386e+06,9,QOSDATA_TID6,1066
7.63405e+06,20,ACK,14
7.63409e+06,9,CTL,20
7.63418e+06,11,RTS,20
7.63418e+06,16,RTS,20
7.63418e+06,7,RTS,20
7.63428e+06,1,RTS,20
7.63434e+06,20,CTS,14
7.6344e+06,1,QOSDATA_TID6,1066
7.63459e+06,20,ACK,14
7.63463e+06,1,CTL,20
7.63472e+06,4,RTS,20
7.63472e+06,3,RTS,20
7.63472e+06,0,RTS,20
7.63472e+06,10,RTS,20
7.63482e+06,13,RTS,20
7.63488e+06,20,CTS,14
7.63494e+06,13,QOSDATA_TID6,1066
7.63513e+06,20,ACK,14
7.63517e+06,13,CTL,20
7.63526e+06,1,RTS,20
7.63533e+06,20,CTS,14
7.63539e+06,1,QOSDATA_TID6,1066
7.63557e+06,20,ACK,14
7.63562e+06,1,CTL,20
7.6357e+06,19,RTS,20
7.6357e+06,12,RTS,20
7.6357e+06,3,RTS,20
7.6357e+06,10,RTS,20
7.63577e+06,20,CTS,14
7.63583e+06,12,QOSDATA_TID6,1066
7.63601e+06,20,ACK,14
7.63606e+06,12,CTL,20
7.63614e+06,17,RTS,20
7.63621e+06,20,CTS,14
7.63627e+06,17,QOSDATA_TID6,1066
7.63646e+06,20,ACK,14
7.6365e+06,17,CTL,20
7.63658e+06,4,RTS,20
7.63658e+06,6,RTS,20
7.63665e+06,20,CTS,14
7.63671e+06,6,QOSDATA_TID6,1066
7.6369e+06,20,ACK,14
7.63694e+06,6,CTL,20
7.63704e+06,7,RTS,20
7.63704e+06,11,RTS,20
7.6371e+06,20,CTS,14
7.63716e+06,7,QOSDATA_TID6,1066
7.63735e+06,20,ACK,14
7.63739e+06,7,CTL,20
7.63748e+06,0,RTS,20
7.63748e+06,2,RTS,20
7.6376e+06,11,RTS,20
7.6376e+06,16,RTS,20
7.63771e+06,5,RTS,20
7.63771e+06,2,RTS,20
7.63778e+06,20,CTS,14
7.63784e+06,5,QOSDATA_TID6,1066
7.63802e+06,20,ACK,14
7.63807e+06,5,CTL,20
7.63815e+06,15,RTS,20
7.63822e+06,20,CTS,14
7.63828e+06,15,QOSDATA_TID6,1066
7.63846e+06,20,ACK,14
7.63851e+06,15,QOSDATA_TID6,1066
7.63869e+06,20,ACK,14
7.63874e+06,15,CTL,20
7.63883e+06,8,RTS,20
7.6389e+06,20,CTS,14
7.63896e+06,8,QOSDATA_TID6,1066
7.63914e+06,20,ACK,14
7.63919e+06,8,CTL,20
7.63927e+06,18,RTS,20
7.63927e+06,10,RTS,20
7.63937e+06,2,RTS,20
7.63937e+06,16,RTS,20
7.63947e+06,14,RTS,20
7.63954e+06,20,CTS,14
7.6396e+06,14,QOSDATA_TID6,1066
7.63978e+06,20,ACK,14
7.63983e+06,14,CTL,20
7.63992e+06,0,CTS,14
7.63992e+06,2,RTS,20
7.63992e+06,19,RTS,20
7.63992e+06,4,RTS,20
7.64002e+06,0,RTS,20
7.64008e+06,20,CTS,14
7.64014e+06,0,QOSDATA_TID6,1066
7.64033e+06,20,ACK,14
7.64037e+06,0,CTL,20
7.64046e+06,3,RTS,20
7.64046e+06,11,RTS,20
7.64046e+06,16,RTS,20
7.64061e+06,4,RTS,20
7.64068e+06,20,CTS,14
7.64074e+06,4,QOSDATA_TID6,1066
7.64092e+06,20,ACK,14
7.64097e+06,4,QOSDATA_TID6,1066
7.64115e+06,20,ACK,14
7.64119e+06,4,CTL,20
7.64128e+06,16,RTS,20
7.64128e+06,11,RTS,20
7.64128e+06,19,RTS,20
7.64128e+06,3,RTS,20
7.64128e+06,0,RTS,20
7.6414e+06,2,RTS,20
7.6414e+06,10,RTS,20
7.64147e+06,20,CTS,14
7.64153e+06,2,QOSDATA_TID6,1066
7.64172e+06,20,ACK,14
7.64176e+06,2,CTL,20
7.64185e+06,10,RTS,20
7.64185e+06,19,RTS,20
7.64185e+06,7,RTS,20
7.64195e+06,11,RTS,20
7.64195e+06,9,RTS,20
7.64208e+06,11,RTS,20
7.64209e+06,0,RTS,20
7.64216e+06,20,CTS,14
7.64222e+06,0,QOSDATA_TID6,1066
7.6424e+06,20,ACK,14
7.64244e+06,0,CTL,20
7.64253e+06,12,RTS,20
7.6426e+06,20,CTS,14
7.64266e+06,12,QOSDATA_TID6,1066
7.64284e+06,20,ACK,14
7.64289e+06,12,CTL,20
7.64298e+06,7,RTS,20
7.64298e+06,16,RTS,20
7.64298e+06,19,RTS,20
7.64298e+06,3,RTS,20
7.64298e+06,18,RTS,20
7.64298e+06,9,RTS,20
7.64311e+06,19,RTS,20
7.64318e+06,20,CTS,14
7.64324e+06,19,QOSDATA_TID6,1066
7.64342e+06,20,ACK,14
7.64347e+06,19,QOSDATA_TID6,1066
7.64365e+06,20,ACK,14
7.6437e+06,19,QOSDATA_TID6,1066
7.64388e+06,20,ACK,14
7.64392e+06,19,CTL,20
7.64401e+06,17,RTS,20
7.64401e+06,9,RTS,20
7.64408e+06,20,CTS,14
7.64414e+06,17,QOSDATA_TID6,1066
7.64432e+06,20,ACK,14
7.64437e+06,17,CTL,20
7.64445e+06,5,RTS,20
7.64452e+06,20,CTS,14
7.64458e+06,5,QOSDATA_TID6,1066
7.64476e+06,20,ACK,14
7.64481e+06,5,CTL,20
7.64489e+06,1,RTS,20
7.64489e+06,6,RTS,20
7.64499e+06,13,RTS,20
7.64506e+06,20,CTS,14
7.64512e+06,13,QOSDATA_TID6,1066
7.6453e+06,20,ACK,14
7.64535e+06,13,CTL,20
7.64543e+06,1,RTS,20
7.64543e+06,2,RTS,20
7.64543e+06,9,RTS,20
7.64554e+06,15,RTS,20
7.64561e+06,20,CTS,14
7.64567e+06,15,QOSDATA_TID6,1066
7.64585e+06,20,ACK,14
7.6459e+06,15,CTL,20
7.64598e+06,2,RTS,20
7.64605e+06,20,CTS,14
7.64611e+06,2,QOSDATA_TID6,1066
7.6463e+06,20,ACK,14
7.64634e+06,2,CTL,20
7.64643e+06,10,RTS,20
7.64649e+06,20,CTS,14
7.64655e+06,10,QOSDATA_TID6,1066
7.64674e+06,20,ACK,14
7.64678e+06,10,QOSDATA_TID6,1066
7.64697e+06,20,ACK,14
7.64701e+06,10,QOSDATA_TID6,1066
7.64719e+06,20,ACK,14
7.64724e+06,10,CTL,20
7.64733e+06,9,RTS,20
7.64733e+06,1,RTS,20
7.64733e+06,16,RTS,20
7.64733e+06,4,RTS,20
7.64744e+06,7,RTS,20
7.64744e+06,18,RTS,20
7.64751e+06,20,CTS,14
7.64757e+06,7,QOSDATA_TID6,1066
7.64775e+06,20,ACK,14
7.6478e+06,7,CTL,20
7.6479e+06,1,RTS,20
7.6479e+06,8,RTS,20
7.6479e+06,11,RTS,20
7.648e+06,6,RTS,20
7.648e+06,14,RTS,20
7.6481e+06,1,RTS,20
7.64817e+06,20,CTS,14
7.64823e+06,1,QOSDATA_TID6,1066
7.64842e+06,20,ACK,14
7.64846e+06,1,CTL,20
7.64855e+06,11,RTS,20
7.64862e+06,20,CTS,14
7.64868e+06,11,QOSDATA_TID6,1066
7.64886e+06,20,ACK,14
7.6489e+06,11,QOSDATA_TID6,1066
7.64909e+06,20,ACK,14
7.64913e+06,11,CTL,20
7.64922e+06,0,RTS,20
7.64928e+06,20,CTS,14
7.64934e+06,0,QOSDATA_TID6,1066
7.64953e+06,20,ACK,14
7.64957e+06,0,CTL,20
7.64967e+06,8,RTS,20
7.64967e+06,3,RTS,20
7.64967e+06,7,RTS,20
7.64967e+06,4,RTS,20
7.64977e+06,18,RTS,20
7.64977e+06,14,RTS,20
7.64987e+06,7,RTS,20
7.64994e+06,20,CTS,14
7.65e+06,7,QOSDATA_TID6,1066
7.65018e+06,20,ACK,14
7.65023e+06,7,CTL,20
7.65032e+06,8,RTS,20
7.65032e+06,16,RTS,20
7.65032e+06,6,RTS,20
7.65038e+06,20,CTS,14
7.65044e+06,8,QOSDATA_TID6,1066
7.65063e+06,20,ACK,14
7.65067e+06,8,CTL,20
7.65076e+06,3,RTS,20
7.65082e+06,20,CTS,14
7.65088e+06,3,QOSDATA_TID6,1066
7.65107e+06,20,ACK,14
7.65111e+06,3,QOSDATA_TID6,1066
7.6513e+06,20,ACK,14
7.65134e+06,3,QOSDATA_TID6,1066
7.65152e+06,20,ACK,14
7.65157e+06,3,QOSDATA_TID6,1066
7.65175e+06,20,ACK,14
7.6518e+06,3,CTL,20
7.65188e+06,9,RTS,20
7.65188e+06,12,RTS,20
7.65195e+06,20,CTS,14
7.65201e+06,12,QOSDATA_TID6,1066
7.6522e+06,20,ACK,14
7.65224e+06,12,CTL,20
7.65233e+06,17,RTS,20
7.6524e+06,20,CTS,14
7.65246e+06,17,QOSDATA_TID6,1066
7.65265e+06,20,ACK,14
7.65269e+06,17,CTL,20
7.65278e+06,1,RTS,20
7.65278e+06,5,RTS,20
7.65278e+06,13,RTS,20
7.65284e+06,20,CTS,14
7.6529e+06,5,QOSDATA_TID6,1066
7.65309e+06,20,ACK,14
7.65313e+06,5,CTL,20
7.65322e+06,18,RTS,20
7.65329e+06,20,CTS,14
7.65335e+06,18,QOSDATA_TID6,1066
7.65353e+06,20,ACK,14
7.65358e+06,18,QOSDATA_TID6,1066
7.65376e+06,20,ACK,14
7.6538e+06,18,CTL,20
7.65389e+06,10,RTS,20
7.65389e+06,2,RTS,20
7.65389e+06,9,RTS,20
7.65389e+06,19,RTS,20
7.65389e+06,1,RTS,20
7.65389e+06,11,RTS,20
7.65389e+06,4,RTS,20
7.65399e+06,14,RTS,20
7.65406e+06,20,CTS,14
7.65412e+06,14,QOSDATA_TID6,1066
7.6543e+06,20,ACK,14
7.65434e+06,14,CTL,20
7.65443e+06,13,RTS,20
7.6545e+06,20,CTS,14
7.65456e+06,13,QOSDATA_TID6,1066
7.65474e+06,20,ACK,14
7.65478e+06,13,CTL,20
7.65487e+06,15,RTS,20
7.65487e+06,8,RTS,20
7.65487e+06,16,RTS,20
7.65487e+06,6,RTS,20
7.65487e+06,19,RTS,20
7.65499e+06,2,RTS,20
7.65499e+06,18,RTS,20
7.65509e+06,4,RTS,20
7.65516e+06,20,CTS,14
7.65522e+06,4,QOSDATA_TID6,1066
7.65541e+06,20,ACK,14
7.65545e+06,4,QOSDATA_TID6,1066
7.65563e+06,20,ACK,14
7.65568e+06,4,CTL,20
7.65576e+06,11,RTS,20
7.65576e+06,8,RTS,20
7.65576e+06,19,RTS,20
7.65576e+06,15,RTS,20
7.65589e+06,18,RTS,20
7.65589e+06,1,RTS,20
7.65589e+06,10,RTS,20
7.656e+06,2,RTS,20
7.656e+06,14,RTS,20
7.65607e+06,20,CTS,14
7.65613e+06,2,QOSDATA_TID6,1066
7.65632e+06,20,ACK,14
7.65636e+06,2,CTL,20
7.65645e+06,18,RTS,20
7.65645e+06,8,RTS,20
7.65652e+06,20,CTS,14
7.65658e+06,8,QOSDATA_TID6,1066
7.65676e+06,20,ACK,14
7.6568e+06,8,CTL,20
7.65689e+06,14,RTS,20
7.65696e+06,20,CTS,14
7.65702e+06,14,QOSDATA_TID6,1066
7.6572e+06,20,ACK,14
7.65724e+06,14,CTL,20
7.65733e+06,0,RTS,20
7.65733e+06,11,RTS,20
7.6574e+06,20,CTS,14
7.65746e+06,0,QOSDATA_TID6,1066
7.65764e+06,20,ACK,14
7.65769e+06,0,CTL,20
7.65778e+06,9,RTS,20
7.65778e+06,13,RTS,20
7.65778e+06,16,RTS,20
7.65789e+06,7,RTS,20
7.65796e+06,20,CTS,14
7.65802e+06,7,QOSDATA_TID6,1066
7.6582e+06,20,ACK,14
7.65824e+06,7,CTL,20
7.65833e+06,16,RTS,20
7.6584e+06,20,CTS,14
7.65846e+06,16,QOSDATA_TID6,1066
7.65864e+06,20,ACK,14
7.65869e+06,16,QOSDATA_TID6,1066
7.65887e+06,20,ACK,14
7.65892e+06,16,QOSDATA_TID6,1066
7.6591e+06,20,ACK,14
7.65914e+06,16,QOSDATA_TID6,1066
7.65933e+06,20,ACK,14
7.65937e+06,16,CTL,20
7.65946e+06,19,RTS,20
7.65946e+06,13,RTS,20
7.65956e+06,12,RTS,20
7.65962e+06,20,CTS,14
7.65968e+06,12,QOSDATA_TID6,1066
7.65987e+06,20,ACK,14
7.65991e+06,12,CTL,20
7.66e+06,6,RTS,20
7.66006e+06,20,CTS,14
7.66012e+06,6,QOSDATA_TID6,1066
7.66031e+06,20,ACK,14
7.66035e+06,6,QOSDATA_TID6,1066
7.66054e+06,20,ACK,14
7.66058e+06,6,QOSDATA_TID6,1066
7.66076e+06,20,ACK,14
7.66081e+06,6,CTL,20
7.6609e+06,2,RTS,20
7.6609e+06,5,RTS,20
7.6609e+06,13,RTS,20
7.6609e+06,19,RTS,20
7.66096e+06,20,CTS,14
7.66102e+06,5,QOSDATA_TID6,1066
7.66121e+06,20,ACK,14
7.66125e+06,5,CTL,20
7.66134e+06,15,RTS,20
7.66141e+06,20,CTS,14
7.66147e+06,15,QOSDATA_TID6,1066
7.66165e+06,20,ACK,14
7.66169e+06,15,QOSDATA_TID6,1066
7.66188e+06,20,ACK,14
7.66192e+06,15,CTL,20
7.66201e+06,17,RTS,20
7.66201e+06,3,RTS,20
7.66201e+06,9,RTS,20
7.66208e+06,20,CTS,14
7.66214e+06,17,QOSDATA_TID6,1066
7.66232e+06,20,ACK,14
7.66236e+06,17,CTL,20
7.66245e+06,3,RTS,20
7.66252e+06,20,CTS,14
7.66258e+06,3,QOSDATA_TID6,1066
7.66276e+06,20,ACK,14
7.66281e+06,3,CTL,20
7.66289e+06,19,RTS,20
7.66289e+06,8,RTS,20
7.66289e+06,4,RTS,20
7.66299e+06,2,RTS,20
7.66299e+06,10,RTS,20
7.66306e+06,20,CTS,14
7.66312e+06,2,QOSDATA_TID6,1066
7.6633e+06,20,ACK,14
7.66335e+06,2,CTL,20
7.66343e+06,8,RTS,20
7.6635e+06,20,CTS,14
7.66356e+06,8,QOSDATA_TID6,1066
7.66374e+06,20,ACK,14
7.66379e+06,8,CTL,20
7.66387e+06,1,RTS,20
7.66387e+06,13,RTS,20
7.66387e+06,10,RTS,20
7.66399e+06,14,RTS,20
7.66406e+06,20,CTS,14
7.66412e+06,14,QOSDATA_TID6,1066
7.6643e+06,20,ACK,14
7.66435e+06,14,CTL,20
7.66444e+06,18,RTS,20
7.66444e+06,9,RTS,20
7.66451e+06,20,CTS,14
7.66457e+06,18,QOSDATA_TID6,1066
7.66475e+06,20,ACK,14
7.6648e+06,18,QOSDATA_TID6,1066
7.66498e+06,20,ACK,14
7.66502e+06,18,CTL,20
7.66511e+06,0,RTS,20
7.66518e+06,20,CTS,14
7.66524e+06,0,QOSDATA_TID6,1066
7.66542e+06,20,ACK,14
7.66547e+06,0,CTL,20
7.66555e+06,7,RTS,20
7.66555e+06,13,RTS,20
7.66562e+06,20,CTS,14
7.66568e+06,7,QOSDATA_TID6,1066
7.66586e+06,20,ACK,14
7.66591e+06,7,CTL,20
7.666e+06,10,RTS,20
7.66606e+06,20,CTS,14
7.66612e+06,10,QOSDATA_TID6,1066
7.66631e+06,20,ACK,14
7.66635e+06,10,QOSDATA_TID6,1066
7.66654e+06,20,ACK,14
7.66658e+06,10,CTL,20
7.66666e+06,11,RTS,20
7.66666e+06,16,RTS,20
7.66666e+06,13,RTS,20
7.66676e+06,12,RTS,20
7.66676e+06,9,RTS,20
7.66683e+06,20,CTS,14
7.66689e+06,12,QOSDATA_TID6,1066
7.66708e+06,20,ACK,14
7.66712e+06,12,CTL,20
7.6672e+06,16,RTS,20
7.6672e+06,13,RTS,20
7.6673e+06,9,RTS,20
7.66737e+06,20,CTS,14
7.66743e+06,9,QOSDATA_TID6,1066
7.66762e+06,20,ACK,14
7.66766e+06,9,QOSDATA_TID6,1066
7.66784e+06,20,ACK,14
7.66789e+06,9,QOSDATA_TID6,1066
7.66807e+06,20,ACK,14
7.66812e+06,9,CTL,20
7.6682e+06,17,RTS,20
7.66827e+06,20,CTS,14
7.66833e+06,17,QOSDATA_TID6,1066
7.66851e+06,20,ACK,14
7.66856e+06,17,CTL,20
7.66864e+06,5,RTS,20
7.66864e+06,2,RTS,20
7.66864e+06,4,RTS,20
7.66864e+06,15,RTS,20
7.66864e+06,6,RTS,20
7.66864e+06,10,RTS,20
7.66871e+06,20,CTS,14
7.66877e+06,5,QOSDATA_TID6,1066
7.66896e+06,20,ACK,14
7.669e+06,5,CTL,20
7.6691e+06,1,RTS,20
7.6691e+06,19,RTS,20
7.6691e+06,3,RTS,20
7.6691e+06,16,RTS,20
7.6691e+06,6,RTS,20
7.66921e+06,15,RTS,20
7.66928e+06,20,CTS,14
7.66934e+06,15,QOSDATA_TID6,1066
7.66952e+06,20,ACK,14
7.66957e+06,15,CTL,20
7.66966e+06,13,RTS,20
7.66966e+06,1,RTS,20
7.66966e+06,10,RTS,20
7.6698e+06,6,RTS,20
7.66986e+06,20,CTS,14
7.66992e+06,6,QOSDATA_TID6,1066
7.67011e+06,20,ACK,14
7.67015e+06,6,CTL,20
7.67025e+06,13,RTS,20
7.67032e+06,20,CTS,14
7.67038e+06,13,QOSDATA_TID6,1066
7.67056e+06,20,ACK,14
7.6706e+06,13,CTL,20
7.67069e+06,8,RTS,20
7.67069e+06,11,RTS,20
7.67069e+06,1,RTS,20
7.67069e+06,3,RTS,20
7.6708e+06,19,RTS,20
7.67087e+06,20,CTS,14
7.67093e+06,19,QOSDATA_TID6,1066
7.67112e+06,20,ACK,14
7.67116e+06,19,QOSDATA_TID6,1066
7.67134e+06,20,ACK,14
7.67139e+06,19,CTL,20
7.67148e+06,18,RTS,20
7.67154e+06,20,CTS,14
7.6716e+06,18,QOSDATA_TID6,1066
7.67179e+06,20,ACK,14
7.67183e+06,18,CTL,20
7.67192e+06,2,RTS,20
7.67192e+06,8,RTS,20
7.67198e+06,20,CTS,14
7.67204e+06,8,QOSDATA_TID6,1066
7.67223e+06,20,ACK,14
7.67227e+06,8,CTL,20
7.67236e+06,14,RTS,20
7.67243e+06,20,CTS,14
7.67249e+06,14,QOSDATA_TID6,1066
7.67267e+06,20,ACK,14
7.67272e+06,14,CTL,20
7.6728e+06,2,RTS,20
7.6728e+06,10,RTS,20
7.6728e+06,16,RTS,20
7.67298e+06,10,RTS,20
7.67304e+06,20,CTS,14
7.6731e+06,10,QOSDATA_TID6,1066
7.67329e+06,20,ACK,14
7.67333e+06,10,CTL,20
7.67342e+06,2,RTS,20
7.67342e+06,16,RTS,20
7.67356e+06,2,RTS,20
7.67363e+06,20,CTS,14
7.67369e+06,2,QOSDATA_TID6,1066
7.67387e+06,20,ACK,14
7.67392e+06,2,CTL,20
7.674e+06,16,RTS,20
7.67407e+06,20,CTS,14
7.67413e+06,16,QOSDATA_TID6,1066
7.67431e+06,20,ACK,14
7.67436e+06,16,QOSDATA_TID6,1066
7.67454e+06,20,ACK,14
7.67458e+06,16,CTL,20
7.67467e+06,12,RTS,20
7.67467e+06,7,RTS,20
7.67474e+06,20,CTS,14
7.6748e+06,12,QOSDATA_TID6,1066
7.67498e+06,20,ACK,14
7.67503e+06,12,CTL,20
7.67511e+06,11,RTS,20
7.67518e+06,20,CTS,14
7.67524e+06,11,QOSDATA_TID6,1066
7.67542e+06,20,ACK,14
7.67547e+06,11,QOSDATA_TID6,1066
7.67565e+06,20,ACK,14
7.6757e+06,11,QOSDATA_TID6,1066
7.67588e+06,20,ACK,14
7.67592e+06,11,QOSDATA_TID6,1066
7.67611e+06,20,ACK,14
7.67615e+06,11,CTL,20
7.67624e+06,4,RTS,20
7.67624e+06,3,RTS,20
7.67624e+06,9,RTS,20
7.67624e+06,0,RTS,20
7.67624e+06,6,RTS,20
7.67634e+06,17,RTS,20
7.67634e+06,13,RTS,20
7.6764e+06,20,CTS,14
7.67646e+06,17,QOSDATA_TID6,1066
7.67665e+06,20,ACK,14
7.67669e+06,17,CTL,20
7.67678e+06,2,RTS,20
7.67678e+06,15,RTS,20
7.67688e+06,0,RTS,20
7.67695e+06,20,CTS,14
7.67701e+06,0,QOSDATA_TID6,1066
7.67719e+06,20,ACK,14
7.67723e+06,0,CTL,20
7.67733e+06,6,RTS,20
7.67733e+06,5,RTS,20
7.67733e+06,19,RTS,20
7.6774e+06,20,CTS,14
7.67746e+06,5,QOSDATA_TID6,1066
7.67764e+06,20,ACK,14
7.67768e+06,5,CTL,20
7.67777e+06,6,RTS,20
7.67784e+06,20,CTS,14
7.6779e+06,6,QOSDATA_TID6,1066
7.67808e+06,20,ACK,14
7.67813e+06,6,CTL,20
7.67821e+06,10,RTS,20
7.67828e+06,20,CTS,14
7.67834e+06,10,QOSDATA_TID6,1066
7.67852e+06,20,ACK,14
7.67857e+06,10,CTL,20
7.67866e+06,8,RTS,20
7.67866e+06,1,RTS,20
7.67866e+06,15,RTS,20
7.67875e+06,18,RTS,20
7.67882e+06,20,CTS,14
7.67888e+06,18,QOSDATA_TID6,1066
7.67906e+06,20,ACK,14
7.67911e+06,18,CTL,20
7.6792e+06,14,RTS,20
7.6792e+06,19,RTS,20
7.6792e+06,7,RTS,20
7.67931e+06,4,RTS,20
7.67938e+06,20,CTS,14
7.67944e+06,4,QOSDATA_TID6,1066
7.67962e+06,20,ACK,14
7.67967e+06,4,QOSDATA_TID6,1066
7.67985e+06,20,ACK,14
7.6799e+06,4,QOSDATA_TID6,1066
7.68008e+06,20,ACK,14
7.68012e+06,4,CTL,20
7.68022e+06,7,RTS,20
7.68022e+06,1,RTS,20
7.68022e+06,9,RTS,20
7.68036e+06,14,RTS,20
7.68043e+06,20,CTS,14
7.68049e+06,14,QOSDATA_TID6,1066
7.68067e+06,20,ACK,14
7.68072e+06,14,CTL,20
7.6808e+06,16,RTS,20
7.68087e+06,20,CTS,14
7.68093e+06,16,QOSDATA_TID6,1066
7.68112e+06,20,ACK,14
7.68116e+06,16,CTL,20
7.68125e+06,7,RTS,20
7.68125e+06,3,RTS,20
7.68132e+06,20,CTS,14
7.68138e+06,7,QOSDATA_TID6,1066
7.68157e+06,20,ACK,14
7.68161e+06,7,QOSDATA_TID6,1066
7.68179e+06,20,ACK,14
7.68184e+06,7,CTL,20
7.68192e+06,3,RTS,20
7.68199e+06,20,CTS,14
7.68205e+06,3,QOSDATA_TID6,1066
7.68224e+06,20,ACK,14
7.68228e+06,3,QOSDATA_TID6,1066
7.68246e+06,20,ACK,14
7.68251e+06,3,CTL,20
7.68259e+06,12,RTS,20
7.68266e+06,20,CTS,14
7.68272e+06,12,QOSDATA_TID6,1066
7.68291e+06,20,ACK,14
7.68295e+06,12,CTL,20
7.68304e+06,19,RTS,20
7.68304e+06,2,RTS,20
7.68314e+06,13,RTS,20
7.68321e+06,20,CTS,14
7.68327e+06,13,QOSDATA_TID6,1066
7.68346e+06,20,ACK,14
7.6835e+06,13,QOSDATA_TID6,1066
7.68368e+06,20,ACK,14
7.68373e+06,13,CTL,20
7.68381e+06,15,RTS,20
7.68381e+06,6,RTS,20
7.68392e+06,8,RTS,20
7.68392e+06,17,RTS,20
7.68392e+06,3,RTS,20
7.68392e+06,1,RTS,20
7.68392e+06,11,RTS,20
7.68403e+06,0,RTS,20
7.6841e+06,20,CTS,14
7.68416e+06,0,QOSDATA_TID6,1066
7.68434e+06,20,ACK,14
7.68438e+06,0,CTL,20
7.68447e+06,19,RTS,20
7.68454e+06,20,CTS,14
7.6846e+06,19,QOSDATA_TID6,1066
7.68478e+06,20,ACK,14
7.68483e+06,19,QOSDATA_TID6,1066
7.68501e+06,20,ACK,14
7.68505e+06,19,CTL,20
7.68514e+06,8,RTS,20
7.68514e+06,3,RTS,20
7.68514e+06,10,RTS,20
7.68521e+06,20,CTS,14
7.68527e+06,8,QOSDATA_TID6,1066
7.68545e+06,20,ACK,14
7.6855e+06,8,CTL,20
7.68559e+06,9,RTS,20
7.68566e+06,20,CTS,14
7.68572e+06,9,QOSDATA_TID6,1066
7.6859e+06,20,ACK,14
7.68595e+06,9,QOSDATA_TID6,1066
7.68613e+06,20,ACK,14
7.68618e+06,9,CTL,20
7.68626e+06,5,RTS,20
7.68626e+06,6,RTS,20
7.68626e+06,15,RTS,20
7.68633e+06,20,CTS,14
7.68639e+06,5,QOSDATA_TID6,1066
7.68657e+06,20,ACK,14
7.68662e+06,5,CTL,20
7.6867e+06,4,RTS,20
7.68677e+06,20,CTS,14
7.68683e+06,4,QOSDATA_TID6,1066
7.68702e+06,20,ACK,14
7.68706e+06,4,CTL,20
7.68714e+06,11,RTS,20
7.68714e+06,8,RTS,20
7.68714e+06,2,RTS,20
7.68714e+06,18,RTS,20
7.68714e+06,14,RTS,20
7.68728e+06,6,RTS,20
7.68735e+06,20,CTS,14
7.68741e+06,6,QOSDATA_TID6,1066
7.68759e+06,20,ACK,14
7.68764e+06,6,CTL,20
7.68772e+06,18,RTS,20
7.68779e+06,20,CTS,14
7.68785e+06,18,QOSDATA_TID6,1066
7.68803e+06,20,ACK,14
7.68808e+06,18,CTL,20
7.68816e+06,2,RTS,20
7.68816e+06,17,RTS,20
7.68823e+06,20,CTS,14
7.68829e+06,17,QOSDATA_TID6,1066
7.68848e+06,20,ACK,14
7.68852e+06,17,CTL,20
7.68861e+06,1,RTS,20
7.68861e+06,11,RTS,20
7.68861e+06,3,RTS,20
7.68871e+06,15,RTS,20
7.68871e+06,14,RTS,20
7.68881e+06,11,RTS,20
7.68888e+06,20,CTS,14
7.68894e+06,11,QOSDATA_TID6,1066
7.68912e+06,20,ACK,14
7.68917e+06,11,CTL,20
7.68926e+06,16,RTS,20
7.68933e+06,20,CTS,14
7.68939e+06,16,QOSDATA_TID6,1066
7.68957e+06,20,ACK,14
7.68962e+06,16,CTL,20
7.6897e+06,1,RTS,20
7.6897e+06,0,RTS,20
7.6897e+06,10,RTS,20
7.68981e+06,9,RTS,20
7.68981e+06,13,RTS,20
7.68992e+06,8,RTS,20
7.68998e+06,20,CTS,14
7.69004e+06,8,QOSDATA_TID6,1066
7.69023e+06,20,ACK,14
7.69027e+06,8,CTL,20
7.69036e+06,0,RTS,20
7.69043e+06,20,CTS,14
7.69049e+06,0,QOSDATA_TID6,1066
7.69067e+06,20,ACK,14
7.69072e+06,0,CTL,20
7.6908e+06,13,RTS,20
7.6908e+06,11,RTS,20
7.6909e+06,7,RTS,20
7.6909e+06,2,RTS,20
7.69101e+06,19,RTS,20
7.69108e+06,20,CTS,14
7.69114e+06,19,QOSDATA_TID6,1066
7.69132e+06,20,ACK,14
7.69137e+06,19,CTL,20
7.69145e+06,17,RTS,20
7.69152e+06,20,CTS,14
7.69158e+06,17,QOSDATA_TID6,1066
7.69176e+06,20,ACK,14
7.69181e+06,17,CTL,20
7.6919e+06,1,RTS,20
7.6919e+06,12,RTS,20
7.6919e+06,15,RTS,20
7.69199e+06,2,RTS,20
7.69206e+06,20,CTS,14
7.69212e+06,2,QOSDATA_TID6,1066
7.6923e+06,20,ACK,14
7.69235e+06,2,QOSDATA_TID6,1066
7.69253e+06,20,ACK,14
7.69258e+06,2,CTL,20
7.69266e+06,3,RTS,20
7.69266e+06,9,RTS,20
7.69276e+06,5,RTS,20
7.69276e+06,6,RTS,20
7.69276e+06,14,RTS,20
7.69283e+06,20,CTS,14
7.69289e+06,5,QOSDATA_TID6,1066
7.69307e+06,20,ACK,14
7.69312e+06,5,CTL,20
7.69321e+06,2,RTS,20
7.69321e+06,7,RTS,20
7.69321e+06,3,RTS,20
7.69321e+06,11,RTS,20
7.69321e+06,6,RTS,20
7.69321e+06,4,RTS,20
7.69321e+06,15,RTS,20
7.69321e+06,13,RTS,20
7.69332e+06,1,RTS,20
7.69332e+06,14,RTS,20
7.69332e+06,10,RTS,20
7.69344e+06,13,RTS,20
7.69351e+06,20,CTS,14
7.69357e+06,13,QOSDATA_TID6,1066
7.69376e+06,20,ACK,14
7.6938e+06,13,CTL,20
7.69389e+06,1,RTS,20
7.69389e+06,6,RTS,20
7.69402e+06,1,RTS,20
7.69402e+06,2,RTS,20
7.69414e+06,15,RTS,20
7.6942e+06,20,CTS,14
7.69426e+06,15,QOSDATA_TID6,1066
7.69445e+06,20,ACK,14
7.69449e+06,15,QOSDATA_TID6,1066
7.69468e+06,20,ACK,14
7.69472e+06,15,CTL,20
7.69482e+06,18,RTS,20
7.69488e+06,20,CTS,14
7.69494e+06,18,QOSDATA_TID6,1066
7.69513e+06,20,ACK,14
7.69517e+06,18,CTL,20
7.69526e+06,1,RTS,20
7.69532e+06,20,CTS,14
7.69538e+06,1,QOSDATA_TID6,1066
7.69557e+06,20,ACK,14
7.69561e+06,1,QOSDATA_TID6,1066
7.6958e+06,20,ACK,14
7.69584e+06,1,QOSDATA_TID6,1066
7.69602e+06,20,ACK,14
7.69607e+06,1,QOSDATA_TID6,1066
7.69625e+06,20,ACK,14
7.6963e+06,1,CTL,20
7.69637e+06,20,BEACON,152
7.69664e+06,12,RTS,20
7.69664e+06,8,RTS,20
7.69664e+06,2,RTS,20
7.69664e+06,11,RTS,20
7.69664e+06,14,RTS,20
7.69664e+06,3,RTS,20
7.69664e+06,10,RTS,20
7.69674e+06,6,RTS,20
7.69681e+06,20,CTS,14
7.69687e+06,6,QOSDATA_TID6,1066
7.69706e+06,20,ACK,14
7.6971e+06,6,CTL,20
7.69718e+06,8,RTS,20
7.69725e+06,20,CTS,14
7.69731e+06,8,QOSDATA_TID6,1066
7.6975e+06,20,ACK,14
7.69754e+06,8,CTL,20
7.69763e+06,16,RTS,20
7.69763e+06,0,RTS,20
7.69763e+06,13,RTS,20
7.69773e+06,3,RTS,20
7.69773e+06,9,RTS,20
7.69784e+06,10,RTS,20
7.69784e+06,12,RTS,20
7.69784e+06,16,RTS,20
7.69784e+06,7,RTS,20
7.69784e+06,14,RTS,20
7.69795e+06,3,RTS,20
7.69802e+06,20,CTS,14
7.69808e+06,3,QOSDATA_TID6,1066
7.69826e+06,20,ACK,14
7.6983e+06,3,CTL,20
7.69839e+06,0,RTS,20
7.69839e+06,14,RTS,20
7.69846e+06,20,CTS,14
7.69852e+06,0,QOSDATA_TID6,1066
7.6987e+06,20,ACK,14
7.69875e+06,0,CTL,20
7.69884e+06,4,RTS,20
7.69891e+06,20,CTS,14
7.69897e+06,4,QOSDATA_TID6,1066
7.69915e+06,20,ACK,14
7.6992e+06,4,CTL,20
7.69928e+06,16,RTS,20
7.69928e+06,7,RTS,20
7.69928e+06,12,RTS,20
7.69928e+06,3,RTS,20
7.69939e+06,1,RTS,20
7.69946e+06,20,CTS,14
7.69952e+06,1,QOSDATA_TID6,1066
7.6997e+06,20,ACK,14
7.69975e+06,1,CTL,20
7.69983e+06,3,RTS,20
7.69983e+06,13,RTS,20
7.69983e+06,6,RTS,20
7.69994e+06,11,RTS,20
7.70001e+06,20,CTS,14
7.70007e+06,11,QOSDATA_TID6,1066
7.70025e+06,20,ACK,14
7.7003e+06,11,QOSDATA_TID6,1066
7.70048e+06,20,ACK,14
7.70052e+06,11,CTL,20
7.70061e+06,17,RTS,20
7.70061e+06,10,RTS,20
7.70068e+06,20,CTS,14
7.70074e+06,17,QOSDATA_TID6,1066
7.70092e+06,20,ACK,14
7.70097e+06,17,CTL,20
7.70105e+06,15,RTS,20
7.70105e+06,10,RTS,20
7.70112e+06,20,CTS,14
7.70118e+06,15,QOSDATA_TID6,1066
7.70136e+06,20,ACK,14
7.70141e+06,15,CTL,20
7.70149e+06,19,RTS,20
7.70156e+06,20,CTS,14
7.70162e+06,19,QOSDATA_TID6,1066
7.70181e+06,20,ACK,14
7.70185e+06,19,CTL,20
7.70194e+06,2,RTS,20
7.70194e+06,6,RTS,20
7.70194e+06,14,RTS,20
7.70203e+06,4,RTS,20
7.7021e+06,20,CTS,14
7.70216e+06,4,QOSDATA_TID6,1066
7.70235e+06,20,ACK,14
7.70239e+06,4,CTL,20
7.70248e+06,16,RTS,20
7.70248e+06,12,RTS,20
7.70248e+06,14,RTS,20
7.70254e+06,20,CTS,14
7.7026e+06,12,QOSDATA_TID6,1066
7.70279e+06,20,ACK,14
7.70283e+06,12,QOSDATA_TID6,1066
7.70302e+06,20,ACK,14
7.70306e+06,12,CTL,20
7.70316e+06,3,RTS,20
7.70316e+06,18,RTS,20
7.70316e+06,10,RTS,20
7.70325e+06,5,RTS,20
7.70325e+06,8,RTS,20
7.70325e+06,16,RTS,20
7.70332e+06,20,CTS,14
7.70338e+06,5,QOSDATA_TID6,1066
7.70356e+06,20,ACK,14
7.70361e+06,5,CTL,20
7.7037e+06,2,RTS,20
7.7037e+06,16,RTS,20
7.7037e+06,18,RTS,20
7.7037e+06,14,RTS,20
7.70381e+06,7,RTS,20
7.70388e+06,20,CTS,14
7.70394e+06,7,QOSDATA_TID6,1066
7.70412e+06,20,ACK,14
7.70417e+06,7,QOSDATA_TID6,1066
7.70435e+06,20,ACK,14
7.7044e+06,7,CTL,20
7.70448e+06,14,RTS,20
7.70455e+06,20,CTS,14
7.70461e+06,14,QOSDATA_TID6,1066
7.70479e+06,20,ACK,14
7.70484e+06,14,QOSDATA_TID6,1066
7.70502e+06,20,ACK,14
7.70506e+06,14,CTL,20
7.70515e+06,0,RTS,20
7.70515e+06,13,RTS,20
7.70522e+06,20,CTS,14
7.70528e+06,0,QOSDATA_TID6,1066
7.70546e+06,20,ACK,14
7.70551e+06,0,CTL,20
7.7056e+06,2,RTS,20
7.7056e+06,8,RTS,20
7.7056e+06,7,RTS,20
7.7057e+06,6,RTS,20
7.70577e+06,20,CTS,14
7.70583e+06,6,QOSDATA_TID6,1066
7.70601e+06,20,ACK,14
7.70606e+06,6,CTL,20
7.70616e+06,2,RTS,20
7.70616e+06,10,RTS,20
7.70616e+06,13,RTS,20
7.70616e+06,16,RTS,20
7.70626e+06,9,RTS,20
7.70633e+06,20,CTS,14
7.70639e+06,9,QOSDATA_TID6,1066
7.70657e+06,20,ACK,14
7.70661e+06,9,QOSDATA_TID6,1066
7.7068e+06,20,ACK,14
7.70684e+06,9,QOSDATA_TID6,1066
7.70703e+06,20,ACK,14
7.70707e+06,9,CTL,20
7.70716e+06,10,RTS,20
7.70716e+06,7,RTS,20
7.70722e+06,20,CTS,14
7.70728e+06,7,QOSDATA_TID6,1066
7.70747e+06,20,ACK,14
7.70751e+06,7,CTL,20
7.70761e+06,12,RTS,20
7.70761e+06,18,RTS,20
7.70768e+06,20,CTS,14
7.70774e+06,12,QOSDATA_TID6,1066
7.70792e+06,20,ACK,14
7.70796e+06,12,CTL,20
7.70807e+06,1,RTS,20
7.70807e+06,11,RTS,20
7.70807e+06,16,RTS,20
7.70807e+06,19,RTS,20
7.70807e+06,6,RTS,20
7.70817e+06,17,RTS,20
7.70823e+06,20,CTS,14
7.70829e+06,17,QOSDATA_TID6,1066
7.70848e+06,20,ACK,14
7.70852e+06,17,CTL,20
7.70861e+06,16,RTS,20
7.70861e+06,6,RTS,20
7.70872e+06,5,RTS,20
7.70878e+06,20,CTS,14
7.70884e+06,5,QOSDATA_TID6,1066
7.70903e+06,20,ACK,14
7.70907e+06,5,CTL,20
7.70917e+06,8,RTS,20
7.70923e+06,20,CTS,14
7.70929e+06,8,QOSDATA_TID6,1066
7.70948e+06,20,ACK,14
7.70952e+06,8,CTL,20
7.70961e+06,15,RTS,20
7.70968e+06,20,CTS,14
7.70974e+06,15,QOSDATA_TID6,1066
7.70992e+06,20,ACK,14
7.70996e+06,15,CTL,20
7.71005e+06,13,RTS,20
7.71005e+06,11,RTS,20
7.71005e+06,4,RTS,20
7.71005e+06,3,RTS,20
7.71018e+06,16,RTS,20
7.71018e+06,6,RTS,20
7.7103e+06,3,RTS,20
7.71037e+06,20,CTS,14
7.71043e+06,3,QOSDATA_TID6,1066
7.71061e+06,20,ACK,14
7.71066e+06,3,QOSDATA_TID6,1066
7.71084e+06,20,ACK,14
7.71088e+06,3,CTL,20
7.71098e+06,2,RTS,20
7.71105e+06,20,CTS,14
7.71111e+06,2,QOSDATA_TID6,1066
7.71129e+06,20,ACK,14
7.71134e+06,2,QOSDATA_TID6,1066
7.71152e+06,20,ACK,14
7.71156e+06,2,CTL,20
7.71165e+06,18,RTS,20
7.71165e+06,10,RTS,20
7.71165e+06,1,RTS,20
7.71165e+06,6,RTS,20
7.71165e+06,4,RTS,20
7.71176e+06,13,RTS,20
7.71182e+06,20,CTS,14
7.71188e+06,13,QOSDATA_TID6,1066
7.71207e+06,20,ACK,14
7.71211e+06,13,QOSDATA_TID6,1066
7.7123e+06,20,ACK,14
7.71234e+06,13,CTL,20
7.71244e+06,4,RTS,20
7.71244e+06,8,RTS,20
7.71244e+06,6,RTS,20
7.7125e+06,20,CTS,14
7.71256e+06,8,QOSDATA_TID6,1066
7.71275e+06,20,ACK,14
7.71279e+06,8,CTL,20
7.7129e+06,19,RTS,20
7.71296e+06,20,CTS,14
7.71302e+06,19,QOSDATA_TID6,1066
7.71321e+06,20,ACK,14
7.71325e+06,19,CTL,20
7.71334e+06,11,RTS,20
7.71334e+06,14,RTS,20
7.71344e+06,10,RTS,20
7.71351e+06,20,CTS,14
7.71357e+06,10,QOSDATA_TID6,1066
7.71376e+06,20,ACK,14
7.7138e+06,10,QOSDATA_TID6,1066
7.71398e+06,20,ACK,14
7.71403e+06,10,QOSDATA_TID6,1066
7.71421e+06,20,ACK,14
7.71426e+06,10,CTL,20
7.71434e+06,13,RTS,20
7.71441e+06,20,CTS,14
7.71447e+06,13,QOSDATA_TID6,1066
7.71465e+06,20,ACK,14
7.7147e+06,13,CTL,20
7.71478e+06,12,RTS,20
7.71478e+06,18,RTS,20
7.71485e+06,20,CTS,14
7.71491e+06,12,QOSDATA_TID6,1066
7.7151e+06,20,ACK,14
7.71514e+06,12,CTL,20
7.71524e+06,7,RTS,20
7.71524e+06,1,RTS,20
7.71524e+06,16,RTS,20
7.71524e+06,19,RTS,20
7.71524e+06,0,RTS,20
7.71524e+06,14,RTS,20
7.71524e+06,18,RTS,20
7.71533e+06,17,RTS,20
7.7154e+06,20,CTS,14
7.71546e+06,17,QOSDATA_TID6,1066
7.71565e+06,20,ACK,14
7.71569e+06,17,CTL,20
7.71578e+06,1,RTS,20
7.71578e+06,16,RTS,20
7.71578e+06,0,RTS,20
7.71587e+06,3,RTS,20
7.71587e+06,9,RTS,20
7.71599e+06,19,RTS,20
7.71599e+06,6,RTS,20
7.71614e+06,6,RTS,20
7.71621e+06,20,CTS,14
7.71627e+06,6,QOSDATA_TID6,1066
7.71646e+06,20,ACK,14
7.7165e+06,6,QOSDATA_TID6,1066
7.71668e+06,20,ACK,14
7.71673e+06,6,CTL,20
7.71682e+06,2,RTS,20
7.71682e+06,10,RTS,20
7.71682e+06,5,RTS,20
7.71682e+06,3,RTS,20
7.71682e+06,19,RTS,20
7.71689e+06,20,CTS,14
7.71695e+06,5,QOSDATA_TID6,1066
7.71713e+06,20,ACK,14
7.71718e+06,5,CTL,20
7.71726e+06,15,RTS,20
7.71733e+06,20,CTS,14
7.71739e+06,15,QOSDATA_TID6,1066
7.71758e+06,20,ACK,14
7.71762e+06,15,CTL,20
7.71771e+06,0,CTS,14
7.71781e+06,0,RTS,20
7.71788e+06,20,CTS,14
7.71794e+06,0,QOSDATA_TID6,1066
7.71812e+06,20,ACK,14
7.71817e+06,0,CTL,20
7.71825e+06,10,RTS,20
7.71825e+06,7,RTS,20
7.71832e+06,20,CTS,14
7.71838e+06,7,QOSDATA_TID6,1066
7.71856e+06,20,ACK,14
7.71861e+06,7,CTL,20
7.7187e+06,4,RTS,20
7.7187e+06,18,RTS,20
7.71877e+06,20,CTS,14
7.71883e+06,18,QOSDATA_TID6,1066
7.71902e+06,20,ACK,14
7.71906e+06,18,QOSDATA_TID6,1066
7.71924e+06,20,ACK,14
7.71929e+06,18,QOSDATA_TID6,1066
7.71947e+06,20,ACK,14
7.71952e+06,18,CTL,20
7.7196e+06,19,RTS,20
7.71967e+06,20,CTS,14
7.71973e+06,19,QOSDATA_TID6,1066
7.71991e+06,20,ACK,14
7.71996e+06,19,CTL,20
7.72004e+06,8,RTS,20
7.72011e+06,20,CTS,14
7.72017e+06,8,QOSDATA_TID6,1066
7.72036e+06,20,ACK,14
7.7204e+06,8,CTL,20
7.72049e+06,2,RTS,20
7.72055e+06,20,CTS,14
7.72061e+06,2,QOSDATA_TID6,1066
7.7208e+06,20,ACK,14
7.72084e+06,2,CTL,20
7.72093e+06,11,RTS,20
7.721e+06,20,CTS,14
7.72106e+06,11,QOSDATA_TID6,1066
7.72124e+06,20,ACK,14
7.72128e+06,11,QOSDATA_TID6,1066
7.72147e+06,20,ACK,14
7.72151e+06,11,CTL,20
7.7216e+06,1,RTS,20
7.7216e+06,3,RTS,20
7.7216e+06,0,RTS,20
7.7216e+06,14,RTS,20
7.7217e+06,7,RTS,20
7.7217e+06,13,RTS,20
7.72177e+06,20,CTS,14
7.72183e+06,7,QOSDATA_TID6,1066
7.72202e+06,20,ACK,14
7.72206e+06,7,CTL,20
7.72215e+06,10,RTS,20
7.72222e+06,20,CTS,14
7.72228e+06,10,QOSDATA_TID6,1066
7.72246e+06,20,ACK,14
7.7225e+06,10,CTL,20
7.72259e+06,9,RTS,20
7.72259e+06,1,RTS,20
7.72259e+06,16,RTS,20
7.72259e+06,13,RTS,20
7.72259e+06,4,RTS,20
7.7227e+06,0,RTS,20
7.72276e+06,20,CTS,14
7.72282e+06,0,QOSDATA_TID6,1066
7.72301e+06,20,ACK,14
7.72305e+06,0,CTL,20
7.72314e+06,12,RTS,20
7.72321e+06,20,CTS,14
7.72327e+06,12,QOSDATA_TID6,1066
7.72345e+06,20,ACK,14
7.72349e+06,12,CTL,20
7.72358e+06,11,RTS,20
7.72358e+06,19,RTS,20
7.72358e+06,6,RTS,20
7.72358e+06,14,RTS,20
7.7237e+06,9,RTS,20
7.72376e+06,20,CTS,14
7.72382e+06,9,QOSDATA_TID6,1066
7.72401e+06,20,ACK,14
7.72405e+06,9,QOSDATA_TID6,1066
7.72424e+06,20,ACK,14
7.72428e+06,9,CTL,20
7.72437e+06,13,RTS,20
7.72444e+06,20,CTS,14
7.7245e+06,13,QOSDATA_TID6,1066
7.72468e+06,20,ACK,14
7.72472e+06,13,CTL,20
7.72481e+06,14,RTS,20
7.72481e+06,11,RTS,20
7.72481e+06,17,RTS,20
7.72481e+06,2,RTS,20
7.72481e+06,3,RTS,20
7.72491e+06,6,RTS,20
7.72498e+06,20,CTS,14
7.72504e+06,6,QOSDATA_TID6,1066
7.72522e+06,20,ACK,14
7.72526e+06,6,CTL,20
7.72535e+06,14,RTS,20
7.72535e+06,10,RTS,20
7.72545e+06,16,RTS,20
7.72552e+06,20,CTS,14
7.72558e+06,16,QOSDATA_TID6,1066
7.72576e+06,20,ACK,14
7.7258e+06,16,QOSDATA_TID6,1066
7.72599e+06,20,ACK,14
7.72603e+06,16,QOSDATA_TID6,1066
7.72622e+06,20,ACK,14
7.72626e+06,16,CTL,20
7.72634e+06,1,RTS,20
7.72634e+06,5,RTS,20
7.72641e+06,20,CTS,14
7.72647e+06,5,QOSDATA_TID6,1066
7.72666e+06,20,ACK,14
7.7267e+06,5,CTL,20
7.7268e+06,4,RTS,20
7.72686e+06,20,CTS,14
7.72692e+06,4,QOSDATA_TID6,1066
7.72711e+06,20,ACK,14
7.72715e+06,4,QOSDATA_TID6,1066
7.72734e+06,20,ACK,14
7.72738e+06,4,QOSDATA_TID6,1066
7.72756e+06,20,ACK,14
7.72761e+06,4,CTL,20
7.72769e+06,15,RTS,20
7.72776e+06,20,CTS,14
7.72782e+06,15,QOSDATA_TID6,1066
7.72801e+06,20,ACK,14
7.72805e+06,15,CTL,20
7.72814e+06,17,RTS,20
7.72814e+06,8,RTS,20
7.72814e+06,18,RTS,20
7.72814e+06,19,RTS,20
7.72823e+06,2,RTS,20
7.72823e+06,1,RTS,20
7.72835e+06,14,RTS,20
7.72842e+06,20,CTS,14
7.72848e+06,14,QOSDATA_TID6,1066
7.72866e+06,20,ACK,14
7.72871e+06,14,QOSDATA_TID6,1066
7.72889e+06,20,ACK,14
7.72893e+06,14,QOSDATA_TID6,1066
7.72912e+06,20,ACK,14
7.72916e+06,14,CTL,20
7.72925e+06,18,RTS,20
7.72932e+06,20,CTS,14
7.72938e+06,18,QOSDATA_TID6,1066
7.72956e+06,20,ACK,14
7.7296e+06,18,CTL,20
7.72969e+06,10,RTS,20
7.72969e+06,1,RTS,20
7.72969e+06,11,RTS,20
7.72969e+06,16,RTS,20
7.72979e+06,0,RTS,20
7.72986e+06,20,CTS,14
7.72992e+06,0,QOSDATA_TID6,1066
7.7301e+06,20,ACK,14
7.73014e+06,0,CTL,20
7.73023e+06,7,RTS,20
7.73023e+06,9,RTS,20
7.73023e+06,13,RTS,20
7.7303e+06,20,CTS,14
7.73036e+06,7,QOSDATA_TID6,1066
7.73054e+06,20,ACK,14
7.73059e+06,7,CTL,20
7.73067e+06,13,RTS,20
7.73067e+06,8,RTS,20
7.73074e+06,20,CTS,14
7.7308e+06,8,QOSDATA_TID6,1066
7.73098e+06,20,ACK,14
7.73103e+06,8,CTL,20
7.73112e+06,1,RTS,20
7.73112e+06,12,RTS,20
7.73112e+06,3,RTS,20
7.73112e+06,6,RTS,20
7.73123e+06,17,RTS,20
7.73123e+06,16,RTS,20
7.7313e+06,20,CTS,14
7.73136e+06,17,QOSDATA_TID6,1066
7.73154e+06,20,ACK,14
7.73159e+06,17,QOSDATA_TID6,1066
7.73177e+06,20,ACK,14
7.73182e+06,17,CTL,20
7.73191e+06,3,RTS,20
7.73198e+06,20,CTS,14
7.73204e+06,3,QOSDATA_TID6,1066
7.73222e+06,20,ACK,14
7.73227e+06,3,QOSDATA_TID6,1066
7.73245e+06,20,ACK,14
7.73249e+06,3,QOSDATA_TID6,1066
7.73268e+06,20,ACK,14
7.73272e+06,3,CTL,20
7.73281e+06,9,RTS,20
7.73281e+06,11,RTS,20
7.73281e+06,15,RTS,20
7.73281e+06,13,RTS,20
7.73292e+06,5,RTS,20
7.73298e+06,20,CTS,14
7.73304e+06,5,QOSDATA_TID6,1066
7.73323e+06,20,ACK,14
7.73327e+06,5,CTL,20
7.73336e+06,12,RTS,20
7.73336e+06,11,RTS,20
7.73342e+06,20,CTS,14
7.73348e+06,12,QOSDATA_TID6,1066
7.73367e+06,20,ACK,14
7.73371e+06,12,CTL,20
7.7338e+06,2,RTS,20
7.73387e+06,20,CTS,14
7.73393e+06,2,QOSDATA_TID6,1066
7.73411e+06,20,ACK,14
7.73416e+06,2,QOSDATA_TID6,1066
7.73434e+06,20,ACK,14
7.73438e+06,2,CTL,20
7.73447e+06,19,RTS,20
7.73454e+06,20,CTS,14
7.7346e+06,19,QOSDATA_TID6,1066
7.73478e+06,20,ACK,14
7.73482e+06,19,QOSDATA_TID6,1066
7.73501e+06,20,ACK,14
7.73505e+06,19,CTL,20
7.73514e+06,1,RTS,20
7.73514e+06,11,RTS,20
7.73514e+06,4,RTS,20
7.73514e+06,15,RTS,20
7.73514e+06,14,RTS,20
7.73525e+06,18,RTS,20
7.73525e+06,6,RTS,20
7.73525e+06,10,RTS,20
7.73525e+06,16,RTS,20
7.73536e+06,9,RTS,20
7.73543e+06,20,CTS,14
7.73549e+06,9,QOSDATA_TID6,1066
7.73567e+06,20,ACK,14
7.73572e+06,9,CTL,20
7.7358e+06,15,RTS,20
7.73587e+06,20,CTS,14
7.73593e+06,15,QOSDATA_TID6,1066
7.73612e+06,20,ACK,14
7.73616e+06,15,CTL,20
7.73625e+06,13,RTS,20
7.73625e+06,8,RTS,20
7.73631e+06,20,CTS,14
7.73637e+06,8,QOSDATA_TID6,1066
7.73656e+06,20,ACK,14
7.7366e+06,8,CTL,20
7.7367e+06,16,RTS,20
7.7367e+06,6,RTS,20
7.73682e+06,13,RTS,20
7.73689e+06,20,CTS,14
7.73695e+06,13,QOSDATA_TID6,1066
7.73713e+06,20,ACK,14
7.73718e+06,13,CTL,20
7.73726e+06,0,RTS,20
7.73733e+06,20,CTS,14
7.73739e+06,0,QOSDATA_TID6,1066
7.73758e+06,20,ACK,14
7.73762e+06,0,CTL,20
7.73771e+06,6,RTS,20
7.73777e+06,20,CTS,14
7.73783e+06,6,QOSDATA_TID6,1066
7.73802e+06,20,ACK,14
7.73806e+06,6,CTL,20
7.73815e+06,18,RTS,20
7.73815e+06,13,RTS,20
7.73826e+06,14,RTS,20
7.73826e+06,1,RTS,20
7.73833e+06,20,CTS,14
7.73839e+06,1,QOSDATA_TID6,1066
7.73858e+06,20,ACK,14
7.73862e+06,1,QOSDATA_TID6,1066
7.7388e+06,20,ACK,14
7.73885e+06,1,QOSDATA_TID6,1066
7.73903e+06,20,ACK,14
7.73908e+06,1,CTL,20
7.73916e+06,19,RTS,20
7.73916e+06,12,RTS,20
7.73916e+06,18,RTS,20
7.73916e+06,14,RTS,20
7.73923e+06,20,CTS,14
7.73929e+06,12,QOSDATA_TID6,1066
7.73948e+06,20,ACK,14
7.73952e+06,12,CTL,20
7.7396e+06,3,RTS,20
7.73967e+06,20,CTS,14
7.73973e+06,3,QOSDATA_TID6,1066
7.73992e+06,20,ACK,14
7.73996e+06,3,CTL,20
7.74005e+06,9,RTS,20
7.74005e+06,18,RTS,20
7.74005e+06,19,RTS,20
7.74005e+06,1,RTS,20
7.74005e+06,11,RTS,20
7.74005e+06,7,RTS,20
7.74016e+06,17,RTS,20
7.74023e+06,20,CTS,14
7.74029e+06,17,QOSDATA_TID6,1066
7.74048e+06,20,ACK,14
7.74052e+06,17,CTL,20
7.7406e+06,5,RTS,20
7.7406e+06,18,RTS,20
7.7406e+06,14,RTS,20
7.74067e+06,20,CTS,14
7.74073e+06,5,QOSDATA_TID6,1066
7.74092e+06,20,ACK,14
7.74096e+06,5,CTL,20
7.74106e+06,16,RTS,20
7.74106e+06,6,RTS,20
7.74106e+06,10,RTS,20
7.74118e+06,13,RTS,20
7.74125e+06,20,CTS,14
7.74131e+06,13,QOSDATA_TID6,1066
7.74149e+06,20,ACK,14
7.74154e+06,13,CTL,20
7.74164e+06,4,RTS,20
7.74164e+06,16,RTS,20
7.74164e+06,2,RTS,20
7.74174e+06,1,RTS,20
7.74181e+06,20,CTS,14
7.74187e+06,1,QOSDATA_TID6,1066
7.74205e+06,20,ACK,14
7.7421e+06,1,CTL,20
7.7422e+06,15,RTS,20
7.74227e+06,20,CTS,14
7.74233e+06,15,QOSDATA_TID6,1066
7.74251e+06,20,ACK,14
7.74256e+06,15,CTL,20
7.74264e+06,7,RTS,20
7.74264e+06,8,RTS,20
7.74264e+06,19,RTS,20
7.74264e+06,10,RTS,20
7.74275e+06,9,RTS,20
7.74275e+06,14,RTS,20
7.74275e+06,11,RTS,20
7.74285e+06,19,RTS,20
7.74291e+06,20,CTS,14
7.74297e+06,19,QOSDATA_TID6,1066
7.74316e+06,20,ACK,14
7.7432e+06,19,CTL,20
7.74329e+06,18,RTS,20
7.74336e+06,20,CTS,14
7.74342e+06,18,QOSDATA_TID6,1066
7.7436e+06,20,ACK,14
7.74364e+06,18,QOSDATA_TID6,1066
7.74383e+06,20,ACK,14
7.74387e+06,18,CTL,20
7.74396e+06,8,RTS,20
7.74403e+06,20,CTS,14
7.74409e+06,8,QOSDATA_TID6,1066
7.74427e+06,20,ACK,14
7.74431e+06,8,CTL,20
7.7444e+06,11,RTS,20
7.7444e+06,7,RTS,20
7.7444e+06,2,RTS,20
7.7444e+06,4,RTS,20
7.7444e+06,9,RTS,20
7.7444e+06,6,RTS,20
7.7445e+06,16,RTS,20
7.74457e+06,20,CTS,14
7.74463e+06,16,QOSDATA_TID6,1066
7.74481e+06,20,ACK,14
7.74485e+06,16,QOSDATA_TID6,1066
7.74504e+06,20,ACK,14
7.74508e+06,16,QOSDATA_TID6,1066
7.74527e+06,20,ACK,14
7.74531e+06,16,CTL,20
7.7454e+06,7,RTS,20
7.7454e+06,0,RTS,20
7.74554e+06,7,RTS,20
7.74554e+06,9,RTS,20
7.7456e+06,20,CTS,14
7.74566e+06,7,QOSDATA_TID6,1066
7.74585e+06,20,ACK,14
7.74589e+06,7,QOSDATA_TID6,1066
7.74608e+06,20,ACK,14
7.74612e+06,7,CTL,20
7.74622e+06,9,RTS,20
7.74628e+06,20,CTS,14
7.74634e+06,9,QOSDATA_TID6,1066
7.74653e+06,20,ACK,14
7.74657e+06,9,QOSDATA_TID6,1066
7.74676e+06,20,ACK,14
7.7468e+06,9,CTL,20
7.74689e+06,3,RTS,20
7.74689e+06,11,RTS,20
7.74689e+06,13,RTS,20
7.74698e+06,19,RTS,20
7.74705e+06,20,CTS,14
7.74711e+06,19,QOSDATA_TID6,1066
7.7473e+06,20,ACK,14
7.74734e+06,19,CTL,20
7.74743e+06,12,RTS,20
7.74743e+06,6,RTS,20
7.74749e+06,20,CTS,14
7.74755e+06,12,QOSDATA_TID6,1066
7.74774e+06,20,ACK,14
7.74778e+06,12,CTL,20
7.74787e+06,3,RTS,20
7.74794e+06,20,CTS,14
7.748e+06,3,QOSDATA_TID6,1066
7.74818e+06,20,ACK,14
7.74822e+06,3,CTL,20
7.74831e+06,10,RTS,20
7.74831e+06,5,RTS,20
7.74831e+06,0,RTS,20
7.74831e+06,11,RTS,20
7.74838e+06,20,CTS,14
7.74844e+06,5,QOSDATA_TID6,1066
7.74862e+06,20,ACK,14
7.74867e+06,5,CTL,20
7.74875e+06,1,RTS,20
7.74875e+06,2,RTS,20
7.74875e+06,10,RTS,20
7.74886e+06,6,RTS,20
7.74893e+06,20,CTS,14
7.74899e+06,6,QOSDATA_TID6,1066
7.74917e+06,20,ACK,14
7.74922e+06,6,QOSDATA_TID6,1066
7.7494e+06,20,ACK,14
7.74944e+06,6,CTL,20
7.74953e+06,14,RTS,20
7.74953e+06,15,RTS,20
7.74964e+06,17,RTS,20
7.74964e+06,2,RTS,20
7.74964e+06,1,RTS,20
7.74975e+06,4,RTS,20
7.74975e+06,14,RTS,20
7.74975e+06,13,RTS,20
7.74988e+06,17,RTS,20
7.74994e+06,20,CTS,14
7.75e+06,17,QOSDATA_TID6,1066
7.75019e+06,20,ACK,14
7.75023e+06,17,CTL,20
7.75032e+06,2,RTS,20
7.75032e+06,18,RTS,20
7.75043e+06,13,RTS,20
7.75049e+06,20,CTS,14
7.75055e+06,13,QOSDATA_TID6,1066
7.75074e+06,20,ACK,14
7.75078e+06,13,CTL,20
7.75088e+06,18,RTS,20
7.75094e+06,20,CTS,14
7.751e+06,18,QOSDATA_TID6,1066
7.75119e+06,20,ACK,14
7.75123e+06,18,CTL,20
7.75132e+06,10,RTS,20
7.75132e+06,2,RTS,20
7.75132e+06,8,RTS,20
7.75132e+06,1,RTS,20
7.75143e+06,11,RTS,20
7.75143e+06,4,RTS,20
7.75143e+06,14,RTS,20
7.75154e+06,10,RTS,20
7.75161e+06,20,CTS,14
7.75167e+06,10,QOSDATA_TID6,1066
7.75185e+06,20,ACK,14
7.7519e+06,10,QOSDATA_TID6,1066
7.75208e+06,20,ACK,14
7.75213e+06,10,QOSDATA_TID6,1066
7.75231e+06,20,ACK,14
7.75235e+06,10,CTL,20
7.75244e+06,2,RTS,20
7.75251e+06,20,CTS,14
7.75257e+06,2,QOSDATA_TID6,1066
7.75275e+06,20,ACK,14
7.7528e+06,2,QOSDATA_TID6,1066
7.75298e+06,20,ACK,14
7.75302e+06,2,CTL,20
7.75311e+06,4,RTS,20
7.75318e+06,20,CTS,14
7.75324e+06,4,QOSDATA_TID6,1066
7.75342e+06,20,ACK,14
7.75347e+06,4,QOSDATA_TID6,1066
7.75365e+06,20,ACK,14
7.75369e+06,4,QOSDATA_TID6,1066
7.75388e+06,20,ACK,14
7.75392e+06,4,CTL,20
7.75401e+06,7,RTS,20
7.75401e+06,15,RTS,20
7.75412e+06,13,RTS,20
7.75412e+06,9,RTS,20
7.75422e+06,8,RTS,20
7.75429e+06,20,CTS,14
7.75435e+06,8,QOSDATA_TID6,1066
7.75454e+06,20,ACK,14
7.75458e+06,8,CTL,20
7.75466e+06,1,RTS,20
7.75466e+06,11,RTS,20
7.75466e+06,16,RTS,20
7.75476e+06,0,CTS,14
7.75476e+06,14,RTS,20
7.75486e+06,0,RTS,20
7.75493e+06,20,CTS,14
7.75499e+06,0,QOSDATA_TID6,1066
7.75517e+06,20,ACK,14
7.75521e+06,0,QOSDATA_TID6,1066
7.7554e+06,20,ACK,14
7.75544e+06,0,CTL,20
7.75553e+06,7,RTS,20
7.7556e+06,20,CTS,14
7.75566e+06,7,QOSDATA_TID6,1066
7.75584e+06,20,ACK,14
7.75588e+06,7,CTL,20
7.75597e+06,12,RTS,20
7.75597e+06,15,RTS,20
7.75604e+06,20,CTS,14
7.7561e+06,12,QOSDATA_TID6,1066
7.75628e+06,20,ACK,14
7.75633e+06,12,CTL,20
7.75642e+06,3,RTS,20
7.75642e+06,9,RTS,20
7.75652e+06,19,RTS,20
7.75652e+06,17,RTS,20
7.75652e+06,6,RTS,20
7.75652e+06,14,RTS,20
7.75662e+06,2,RTS,20
7.75662e+06,10,RTS,20
7.75662e+06,1,RTS,20
7.75672e+06,9,RTS,20
7.75678e+06,20,CTS,14
7.75684e+06,9,QOSDATA_TID6,1066
7.75703e+06,20,ACK,14
7.75707e+06,9,CTL,20
7.75716e+06,10,RTS,20
7.75716e+06,15,RTS,20
7.75722e+06,20,CTS,14
7.75728e+06,15,QOSDATA_TID6,1066
7.75747e+06,20,ACK,14
7.75751e+06,15,QOSDATA_TID6,1066
7.7577e+06,20,ACK,14
7.75774e+06,15,CTL,20
7.75783e+06,5,RTS,20
7.75783e+06,19,RTS,20
7.7579e+06,20,CTS,14
7.75796e+06,5,QOSDATA_TID6,1066
7.75814e+06,20,ACK,14
7.75818e+06,5,CTL,20
7.75827e+06,17,RTS,20
7.75827e+06,13,RTS,20
7.75834e+06,20,CTS,14
7.7584e+06,17,QOSDATA_TID6,1066
7.75858e+06,20,ACK,14
7.75862e+06,17,CTL,20
7.75871e+06,4,RTS,20
7.75871e+06,18,RTS,20
7.75871e+06,13,RTS,20
7.75883e+06,8,RTS,20
7.75883e+06,1,RTS,20
7.75893e+06,16,RTS,20
7.75893e+06,18,RTS,20
7.75906e+06,18,RTS,20
7.75913e+06,20,CTS,14
7.75919e+06,18,QOSDATA_TID6,1066
7.75938e+06,20,ACK,14
7.75942e+06,18,CTL,20
7.75952e+06,16,RTS,20
7.75958e+06,20,CTS,14
7.75964e+06,16,QOSDATA_TID6,1066
7.75983e+06,20,ACK,14
7.75987e+06,16,CTL,20
7.75996e+06,8,RTS,20
7.75996e+06,2,RTS,20
7.75996e+06,14,RTS,20
7.7601e+06,13,RTS,20
7.76017e+06,20,CTS,14
7.76023e+06,13,QOSDATA_TID6,1066
7.76041e+06,20,ACK,14
7.76046e+06,13,CTL,20
7.76055e+06,6,RTS,20
7.76055e+06,3,RTS,20
7.76062e+06,20,CTS,14
7.76068e+06,6,QOSDATA_TID6,1066
7.76086e+06,20,ACK,14
7.76091e+06,6,CTL,20
7.76101e+06,19,RTS,20
7.76101e+06,11,RTS,20
7.76101e+06,16,RTS,20
7.76101e+06,4,RTS,20
7.76111e+06,2,RTS,20
7.76111e+06,0,RTS,20
7.76111e+06,14,RTS,20
7.76122e+06,16,RTS,20
7.76129e+06,20,CTS,14
7.76135e+06,16,QOSDATA_TID6,1066
7.76153e+06,20,ACK,14
7.76157e+06,16,CTL,20
7.76166e+06,19,RTS,20
7.76166e+06,14,RTS,20
7.76173e+06,20,CTS,14
7.76179e+06,19,QOSDATA_TID6,1066
7.76197e+06,20,ACK,14
7.76202e+06,19,CTL,20
7.7621e+06,10,RTS,20
7.76217e+06,20,CTS,14
7.76223e+06,10,QOSDATA_TID6,1066
7.76241e+06,20,ACK,14
7.76246e+06,10,CTL,20
7.76254e+06,3,RTS,20
7.76254e+06,7,RTS,20
7.76254e+06,13,RTS,20
7.76261e+06,20,CTS,14
7.76267e+06,7,QOSDATA_TID6,1066
7.76286e+06,20,ACK,14
7.7629e+06,7,CTL,20
7.76299e+06,13,RTS,20
7.76299e+06,3,RTS,20
7.76308e+06,6,RTS,20
7.76308e+06,11,RTS,20
7.76318e+06,3,RTS,20
7.76325e+06,20,CTS,14
7.76331e+06,3,QOSDATA_TID6,1066
7.76349e+06,20,ACK,14
7.76354e+06,3,QOSDATA_TID6,1066
7.76372e+06,20,ACK,14
7.76377e+06,3,CTL,20
7.76385e+06,11,RTS,20
7.76385e+06,13,RTS,20
7.76397e+06,6,RTS,20
7.76404e+06,20,CTS,14
7.7641e+06,6,QOSDATA_TID6,1066
7.76428e+06,20,ACK,14
7.76432e+06,6,CTL,20
7.76441e+06,11,RTS,20
7.76448e+06,20,CTS,14
7.76454e+06,11,QOSDATA_TID6,1066
7.76472e+06,20,ACK,14
7.76477e+06,11,QOSDATA_TID6,1066
7.76495e+06,20,ACK,14
7.76499e+06,11,QOSDATA_TID6,1066
7.76518e+06,20,ACK,14
7.76522e+06,11,QOSDATA_TID6,1066
7.76541e+06,20,ACK,14
7.76545e+06,11,CTL,20
7.76554e+06,1,RTS,20
7.76554e+06,17,RTS,20
7.76554e+06,9,RTS,20
7.76554e+06,0,RTS,20
7.76563e+06,8,RTS,20
7.7657e+06,20,CTS,14
7.76576e+06,8,QOSDATA_TID6,1066
7.76595e+06,20,ACK,14
7.76599e+06,8,CTL,20
7.76608e+06,19,RTS,20
7.76608e+06,12,RTS,20
7.76608e+06,2,RTS,20
7.76608e+06,0,CTS,14
7.76608e+06,13,RTS,20
7.7662e+06,0,RTS,20
7.76627e+06,20,CTS,14
7.76633e+06,0,QOSDATA_TID6,1066
7.76651e+06,20,ACK,14
7.76655e+06,0,CTL,20
7.76664e+06,18,RTS,20
7.76664e+06,13,RTS,20
7.76664e+06,4,RTS,20
7.76674e+06,5,RTS,20
7.76681e+06,20,CTS,14
7.76687e+06,5,QOSDATA_TID6,1066
7.76705e+06,20,ACK,14
7.76709e+06,5,CTL,20
7.76718e+06,17,RTS,20
7.76725e+06,20,CTS,14
7.76731e+06,17,QOSDATA_TID6,1066
7.76749e+06,20,ACK,14
7.76754e+06,17,CTL,20
7.76762e+06,19,RTS,20
7.76762e+06,18,RTS,20
7.76762e+06,15,RTS,20
7.76776e+06,12,RTS,20
7.76782e+06,20,CTS,14
7.76788e+06,12,QOSDATA_TID6,1066
7.76807e+06,20,ACK,14
7.76811e+06,12,CTL,20
7.7682e+06,9,RTS,20
7.76827e+06,20,CTS,14
7.76833e+06,9,QOSDATA_TID6,1066
7.76851e+06,20,ACK,14
7.76855e+06,9,CTL,20
7.76864e+06,10,RTS,20
7.76864e+06,8,RTS,20
7.76864e+06,14,RTS,20
7.76871e+06,20,CTS,14
7.76877e+06,8,QOSDATA_TID6,1066
7.76895e+06,20,ACK,14
7.769e+06,8,CTL,20
7.76908e+06,0,RTS,20
7.76915e+06,20,CTS,14
7.76921e+06,0,QOSDATA_TID6,1066
7.7694e+06,20,ACK,14
7.76944e+06,0,CTL,20
7.76952e+06,2,RTS,20
7.76952e+06,19,RTS,20
7.76962e+06,15,RTS,20
7.76962e+06,14,RTS,20
7.76973e+06,16,RTS,20
7.7698e+06,20,CTS,14
7.76986e+06,16,QOSDATA_TID6,1066
7.77005e+06,20,ACK,14
7.77009e+06,16,CTL,20
7.77018e+06,1,RTS,20
7.77018e+06,19,RTS,20
7.77018e+06,9,RTS,20
7.77018e+06,18,RTS,20
7.77027e+06,7,RTS,20
7.77027e+06,4,RTS,20
7.77034e+06,20,CTS,14
7.7704e+06,7,QOSDATA_TID6,1066
7.77059e+06,20,ACK,14
7.77063e+06,7,CTL,20
7.77072e+06,12,RTS,20
7.77078e+06,20,CTS,14
7.77084e+06,12,QOSDATA_TID6,1066
7.77103e+06,20,ACK,14
7.77107e+06,12,CTL,20
7.77116e+06,13,RTS,20
7.77116e+06,15,RTS,20
7.77116e+06,6,RTS,20
7.77116e+06,18,RTS,20
7.77126e+06,1,RTS,20
7.77126e+06,3,RTS,20
7.77126e+06,11,RTS,20
7.77136e+06,6,RTS,20
7.77143e+06,20,CTS,14
7.77149e+06,6,QOSDATA_TID6,1066
7.77168e+06,20,ACK,14
7.77172e+06,6,CTL,20
7.7718e+06,14,RTS,20
7.7718e+06,18,RTS,20
7.77191e+06,17,RTS,20
7.77198e+06,20,CTS,14
7.77204e+06,17,QOSDATA_TID6,1066
7.77222e+06,20,ACK,14
7.77227e+06,17,CTL,20
7.77235e+06,5,RTS,20
7.77242e+06,20,CTS,14
7.77248e+06,5,QOSDATA_TID6,1066
7.77267e+06,20,ACK,14
7.77271e+06,5,CTL,20
7.7728e+06,11,RTS,20
7.77286e+06,20,CTS,14
7.77292e+06,11,QOSDATA_TID6,1066
7.77311e+06,20,ACK,14
7.77315e+06,11,CTL,20
7.77324e+06,4,RTS,20
7.77324e+06,2,RTS,20
7.77324e+06,15,RTS,20
7.77324e+06,14,RTS,20
7.77334e+06,1,RTS,20
7.77341e+06,20,CTS,14
7.77347e+06,1,QOSDATA_TID6,1066
7.77366e+06,20,ACK,14
7.7737e+06,1,QOSDATA_TID6,1066
7.77388e+06,20,ACK,14
7.77393e+06,1,QOSDATA_TID6,1066
7.77411e+06,20,ACK,14
7.77416e+06,1,CTL,20
7.77424e+06,2,RTS,20
7.77431e+06,20,CTS,14
7.77437e+06,2,QOSDATA_TID6,1066
7.77456e+06,20,ACK,14
7.7746e+06,2,QOSDATA_TID6,1066
7.77478e+06,20,ACK,14
7.77483e+06,2,QOSDATA_TID6,1066
7.77501e+06,20,ACK,14
7.77506e+06,2,CTL,20
7.77514e+06,10,RTS,20
7.77514e+06,19,RTS,20
7.77514e+06,13,RTS,20
7.77524e+06,3,RTS,20
7.77524e+06,9,RTS,20
7.77536e+06,14,RTS,20
7.77536e+06,13,RTS,20
7.77536e+06,8,RTS,20
7.77543e+06,20,CTS,14
7.77549e+06,8,QOSDATA_TID6,1066
7.77567e+06,20,ACK,14
7.77572e+06,8,CTL,20
7.7758e+06,14,RTS,20
7.77587e+06,20,CTS,14
7.77593e+06,14,QOSDATA_TID6,1066
7.77611e+06,20,ACK,14
7.77616e+06,14,QOSDATA_TID6,1066
7.77634e+06,20,ACK,14
7.77638e+06,14,QOSDATA_TID6,1066
7.77657e+06,20,ACK,14
7.77661e+06,14,QOSDATA_TID6,1066
7.7768e+06,20,ACK,14
7.77684e+06,14,CTL,20
7.77694e+06,16,RTS,20
7.77694e+06,9,RTS,20
7.77704e+06,19,RTS,20
7.77711e+06,20,CTS,14
7.77717e+06,19,QOSDATA_TID6,1066
7.77736e+06,20,ACK,14
7.7774e+06,19,QOSDATA_TID6,1066
7.77758e+06,20,ACK,14
7.77763e+06,19,CTL,20
7.77771e+06,0,RTS,20
7.77778e+06,20,CTS,14
7.77784e+06,0,QOSDATA_TID6,1066
7.77803e+06,20,ACK,14
7.77807e+06,0,CTL,20
7.77816e+06,15,RTS,20
7.77816e+06,7,RTS,20
7.77816e+06,9,RTS,20
7.77826e+06,18,RTS,20
7.77826e+06,13,RTS,20
7.77839e+06,18,RTS,20
7.77846e+06,20,CTS,14
7.77852e+06,18,QOSDATA_TID6,1066
7.77871e+06,20,ACK,14
7.77875e+06,18,QOSDATA_TID6,1066
7.77893e+06,20,ACK,14
7.77898e+06,18,CTL,20
7.77906e+06,6,RTS,20
7.77906e+06,19,RTS,20
7.77906e+06,12,RTS,20
7.77906e+06,11,RTS,20
7.77916e+06,10,RTS,20
7.77923e+06,20,CTS,14
7.77929e+06,10,QOSDATA_TID6,1066
7.77947e+06,20,ACK,14
7.77952e+06,10,QOSDATA_TID6,1066
7.7797e+06,20,ACK,14
7.77975e+06,10,CTL,20
7.77983e+06,15,RTS,20
7.77983e+06,13,RTS,20
7.77995e+06,12,RTS,20
7.77995e+06,17,RTS,20
7.77995e+06,11,RTS,20
7.77995e+06,3,RTS,20
7.78006e+06,13,RTS,20
7.78013e+06,20,CTS,14
7.78019e+06,13,QOSDATA_TID6,1066
7.78038e+06,20,ACK,14
7.78042e+06,13,QOSDATA_TID6,1066
7.7806e+06,20,ACK,14
7.78065e+06,13,CTL,20
7.78073e+06,15,RTS,20
7.78073e+06,2,RTS,20
7.78084e+06,4,RTS,20
7.78091e+06,20,CTS,14
7.78097e+06,4,QOSDATA_TID6,1066
7.78115e+06,20,ACK,14
7.7812e+06,4,QOSDATA_TID6,1066
7.78138e+06,20,ACK,14
7.78142e+06,4,QOSDATA_TID6,1066
7.78161e+06,20,ACK,14
7.78165e+06,4,QOSDATA_TID6,1066
7.78184e+06,20,ACK,14
7.78188e+06,4,CTL,20
7.78198e+06,17,RTS,20
7.78198e+06,5,RTS,20
7.78198e+06,15,RTS,20
7.78198e+06,3,RTS,20
7.78198e+06,6,RTS,20
7.78198e+06,10,RTS,20
7.78207e+06,11,RTS,20
7.78207e+06,16,RTS,20
7.78217e+06,15,RTS,20
7.78224e+06,20,CTS,14
7.7823e+06,15,QOSDATA_TID6,1066
7.78248e+06,20,ACK,14
7.78253e+06,15,QOSDATA_TID6,1066
7.78271e+06,20,ACK,14
7.78276e+06,15,CTL,20
7.78284e+06,12,RTS,20
7.78284e+06,18,RTS,20
7.78284e+06,11,RTS,20
7.78291e+06,20,CTS,14
7.78297e+06,12,QOSDATA_TID6,1066
7.78315e+06,20,ACK,14
7.7832e+06,12,CTL,20
7.78329e+06,1,RTS,20
7.78336e+06,20,CTS,14
7.78342e+06,1,QOSDATA_TID6,1066
7.7836e+06,20,ACK,14
7.78365e+06,1,CTL,20
7.78374e+06,17,RTS,20
7.78374e+06,19,RTS,20
7.78374e+06,11,RTS,20
7.78374e+06,16,RTS,20
7.78374e+06,7,RTS,20
7.78383e+06,8,RTS,20
7.78383e+06,3,RTS,20
7.7839e+06,20,CTS,14
7.78396e+06,8,QOSDATA_TID6,1066
7.78414e+06,20,ACK,14
7.78419e+06,8,CTL,20
7.78428e+06,6,RTS,20
7.78428e+06,14,RTS,20
7.78438e+06,7,RTS,20
7.78438e+06,5,RTS,20
7.78445e+06,20,CTS,14
7.78451e+06,5,QOSDATA_TID6,1066
7.7847e+06,20,ACK,14
7.78474e+06,5,CTL,20
7.78482e+06,11,RTS,20
7.78489e+06,20,CTS,14
7.78495e+06,11,QOSDATA_TID6,1066
7.78514e+06,20,ACK,14
7.78518e+06,11,CTL,20
7.78527e+06,9,RTS,20
7.78534e+06,20,CTS,14
7.7854e+06,9,QOSDATA_TID6,1066
7.78558e+06,20,ACK,14
7.78562e+06,9,QOSDATA_TID6,1066
7.78581e+06,20,ACK,14
7.78585e+06,9,QOSDATA_TID6,1066
7.78604e+06,20,ACK,14
7.78608e+06,9,CTL,20
7.78616e+06,2,RTS,20
7.78616e+06,10,RTS,20
7.78616e+06,6,RTS,20
7.78616e+06,13,RTS,20
7.78627e+06,19,RTS,20
7.78627e+06,18,RTS,20
7.78639e+06,3,RTS,20
7.78639e+06,13,RTS,20
7.78649e+06,6,RTS,20
7.78655e+06,20,CTS,14
7.78661e+06,6,QOSDATA_TID6,1066
7.7868e+06,20,ACK,14
7.78684e+06,6,CTL,20
7.78694e+06,0,RTS,20
7.78694e+06,10,RTS,20
7.78694e+06,16,RTS,20
7.78705e+06,13,RTS,20
7.78712e+06,20,CTS,14
7.78718e+06,13,QOSDATA_TID6,1066
7.78736e+06,20,ACK,14
7.78741e+06,13,CTL,20
7.7875e+06,16,RTS,20
7.78756e+06,20,CTS,14
7.78762e+06,16,QOSDATA_TID6,1066
7.78781e+06,20,ACK,14
7.78785e+06,16,QOSDATA_TID6,1066
7.78804e+06,20,ACK,14
7.78808e+06,16,CTL,20
7.78816e+06,6,RTS,20
7.78823e+06,20,CTS,14
7.78829e+06,6,QOSDATA_TID6,1066
7.78848e+06,20,ACK,14
7.78852e+06,6,CTL,20
7.78861e+06,5,RTS,20
7.78861e+06,7,RTS,20
7.78861e+06,17,RTS,20
7.78861e+06,1,RTS,20
7.7887e+06,10,RTS,20
7.78877e+06,20,CTS,14
7.78883e+06,10,QOSDATA_TID6,1066
7.78902e+06,20,ACK,14
7.78906e+06,10,QOSDATA_TID6,1066
7.78924e+06,20,ACK,14
7.78929e+06,10,CTL,20
7.78938e+06,12,RTS,20
7.78938e+06,14,RTS,20
7.78938e+06,11,RTS,20
7.78938e+06,4,RTS,20
7.78944e+06,20,CTS,14
7.7895e+06,12,QOSDATA_TID6,1066
7.78969e+06,20,ACK,14
7.78973e+06,12,CTL,20
7.78982e+06,0,RTS,20
7.78988e+06,20,CTS,14
7.78994e+06,0,QOSDATA_TID6,1066
7.79013e+06,20,ACK,14
7.79017e+06,0,CTL,20
7.79026e+06,2,RTS,20
7.79026e+06,15,RTS,20
7.79026e+06,7,RTS,20
7.79036e+06,5,RTS,20
7.79036e+06,19,RTS,20
7.79042e+06,20,CTS,14
7.79048e+06,5,QOSDATA_TID6,1066
7.79067e+06,20,ACK,14
7.79071e+06,5,CTL,20
7.7908e+06,17,RTS,20
7.79087e+06,20,CTS,14
7.79093e+06,17,QOSDATA_TID6,1066
7.79111e+06,20,ACK,14
7.79116e+06,17,QOSDATA_TID6,1066
7.79134e+06,20,ACK,14
7.79138e+06,17,CTL,20
7.79147e+06,19,RTS,20
7.79147e+06,4,RTS,20
7.79147e+06,3,RTS,20
7.79147e+06,15,RTS,20
7.79158e+06,18,RTS,20
7.79164e+06,20,CTS,14
7.7917e+06,18,QOSDATA_TID6,1066
7.79189e+06,20,ACK,14
7.79193e+06,18,QOSDATA_TID6,1066
7.79212e+06,20,ACK,14
7.79216e+06,18,CTL,20
7.79225e+06,7,RTS,20
7.79232e+06,20,CTS,14
7.79238e+06,7,QOSDATA_TID6,1066
7.79256e+06,20,ACK,14
7.7926e+06,7,QOSDATA_TID6,1066
7.79279e+06,20,ACK,14
7.79283e+06,7,CTL,20
7.79292e+06,11,RTS,20
7.79298e+06,20,CTS,14
7.79304e+06,11,QOSDATA_TID6,1066
7.79323e+06,20,ACK,14
7.79327e+06,11,CTL,20
7.79336e+06,4,RTS,20
7.79336e+06,8,RTS,20
7.79336e+06,15,RTS,20
7.79343e+06,20,CTS,14
7.79349e+06,8,QOSDATA_TID6,1066
7.79367e+06,20,ACK,14
7.79372e+06,8,CTL,20
7.7938e+06,4,RTS,20
7.79387e+06,20,CTS,14
7.79393e+06,4,QOSDATA_TID6,1066
7.79411e+06,20,ACK,14
7.79416e+06,4,CTL,20
7.79424e+06,16,RTS,20
7.79424e+06,7,RTS,20
7.79424e+06,1,RTS,20
7.79424e+06,15,RTS,20
7.79424e+06,9,RTS,20
7.79435e+06,13,RTS,20
7.79442e+06,20,CTS,14
7.79448e+06,13,QOSDATA_TID6,1066
7.79466e+06,20,ACK,14
7.79471e+06,13,CTL,20
7.79479e+06,11,RTS,20
7.79479e+06,0,RTS,20
7.79486e+06,20,CTS,14
7.79492e+06,0,QOSDATA_TID6,1066
7.7951e+06,20,ACK,14
7.79515e+06,0,CTL,20
7.79524e+06,14,RTS,20
7.79524e+06,7,RTS,20
7.79531e+06,20,CTS,14
7.79537e+06,7,QOSDATA_TID6,1066
7.79556e+06,20,ACK,14
7.7956e+06,7,CTL,20
7.79568e+06,17,RTS,20
7.79575e+06,20,CTS,14
7.79581e+06,17,QOSDATA_TID6,1066
7.796e+06,20,ACK,14
7.79604e+06,17,CTL,20
7.79614e+06,3,RTS,20
7.79614e+06,6,RTS,20
7.7962e+06,20,CTS,14
7.79626e+06,6,QOSDATA_TID6,1066
7.79645e+06,20,ACK,14
7.79649e+06,6,CTL,20
7.79658e+06,5,RTS,20
7.79665e+06,20,CTS,14
7.79671e+06,5,QOSDATA_TID6,1066
7.79689e+06,20,ACK,14
7.79693e+06,5,CTL,20
7.79702e+06,10,RTS,20
7.79709e+06,20,CTS,14
7.79715e+06,10,QOSDATA_TID6,1066
7.79733e+06,20,ACK,14
7.79738e+06,10,CTL,20
7.79746e+06,2,RTS,20
7.79746e+06,3,RTS,20
7.79746e+06,19,RTS,20
7.79746e+06,12,RTS,20
7.79746e+06,11,RTS,20
7.79746e+06,16,RTS,20
7.79757e+06,14,RTS,20
7.79764e+06,20,CTS,14
7.7977e+06,14,QOSDATA_TID6,1066
7.79788e+06,20,ACK,14
7.79792e+06,14,QOSDATA_TID6,1066
7.79811e+06,20,ACK,14
7.79815e+06,14,CTL,20
7.79823e+06,20,BEACON,152
7.79849e+06,15,RTS,20
7.79849e+06,11,RTS,20
7.79849e+06,4,RTS,20
7.79859e+06,9,RTS,20
7.79859e+06,18,RTS,20
7.79866e+06,20,CTS,14
7.79872e+06,18,QOSDATA_TID6,1066
7.7989e+06,20,ACK,14
7.79895e+06,18,CTL,20
7.79903e+06,11,RTS,20
7.79903e+06,16,RTS,20
7.79903e+06,4,RTS,20
7.79913e+06,1,RTS,20
7.79913e+06,12,RTS,20
7.7992e+06,20,CTS,14
7.79926e+06,12,QOSDATA_TID6,1066
7.79944e+06,20,ACK,14
7.79949e+06,12,CTL,20
7.79957e+06,2,RTS,20
7.79957e+06,3,RTS,20
7.79957e+06,14,RTS,20
7.79967e+06,1,RTS,20
7.79967e+06,19,RTS,20
7.79977e+06,8,RTS,20
7.79984e+06,20,CTS,14
7.7999e+06,8,QOSDATA_TID6,1066
7.80008e+06,20,ACK,14
7.80012e+06,8,CTL,20
7.80022e+06,4,RTS,20
7.80029e+06,20,CTS,14
7.80035e+06,4,QOSDATA_TID6,1066
7.80053e+06,20,ACK,14
7.80058e+06,4,CTL,20
7.80066e+06,16,RTS,20
7.80066e+06,2,RTS,20
7.80066e+06,14,RTS,20
7.80076e+06,19,RTS,20
7.80083e+06,20,CTS,14
7.80089e+06,19,QOSDATA_TID6,1066
7.80107e+06,20,ACK,14
7.80112e+06,19,QOSDATA_TID6,1066
7.8013e+06,20,ACK,14
7.80134e+06,19,CTL,20
7.80143e+06,14,RTS,20
7.8015e+06,20,CTS,14
7.80156e+06,14,QOSDATA_TID6,1066
7.80174e+06,20,ACK,14
7.80179e+06,14,CTL,20
7.80187e+06,2,RTS,20
7.80187e+06,3,RTS,20
7.80194e+06,20,CTS,14
7.802e+06,2,QOSDATA_TID6,1066
7.80218e+06,20,ACK,14
7.80223e+06,2,QOSDATA_TID6,1066
7.80241e+06,20,ACK,14
7.80246e+06,2,QOSDATA_TID6,1066
7.80264e+06,20,ACK,14
7.80268e+06,2,CTL,20
7.80277e+06,3,RTS,20
7.80284e+06,20,CTS,14
7.8029e+06,3,QOSDATA_TID6,1066
7.80308e+06,20,ACK,14
7.80313e+06,3,QOSDATA_TID6,1066
7.80331e+06,20,ACK,14
7.80335e+06,3,QOSDATA_TID6,1066
7.80354e+06,20,ACK,14
7.80358e+06,3,QOSDATA_TID6,1066
7.80377e+06,20,ACK,14
7.80381e+06,3,CTL,20
7.8039e+06,9,RTS,20
7.8039e+06,0,RTS,20
7.8039e+06,12,RTS,20
7.8039e+06,6,RTS,20
7.8039e+06,11,RTS,20
7.8039e+06,15,RTS,20
7.804e+06,13,RTS,20
7.80407e+06,20,CTS,14
7.80413e+06,13,QOSDATA_TID6,1066
7.80432e+06,20,ACK,14
7.80436e+06,13,CTL,20
7.80444e+06,15,RTS,20
7.80444e+06,1,RTS,20
7.80444e+06,19,RTS,20
7.80454e+06,0,RTS,20
7.80461e+06,20,CTS,14
7.80467e+06,0,QOSDATA_TID6,1066
7.80486e+06,20,ACK,14
7.8049e+06,0,CTL,20
7.80498e+06,10,RTS,20
7.80498e+06,12,RTS,20
7.80498e+06,17,RTS,20
7.80498e+06,7,RTS,20
7.80498e+06,1,RTS,20
7.80498e+06,11,RTS,20
7.80508e+06,5,RTS,20
7.80508e+06,2,RTS,20
7.80508e+06,6,RTS,20
7.80515e+06,20,CTS,14
7.80521e+06,5,QOSDATA_TID6,1066
7.8054e+06,20,ACK,14
7.80544e+06,5,CTL,20
7.80552e+06,6,RTS,20
7.80552e+06,10,RTS,20
7.80559e+06,20,CTS,14
7.80565e+06,6,QOSDATA_TID6,1066
7.80584e+06,20,ACK,14
7.80588e+06,6,CTL,20
7.80597e+06,10,RTS,20
7.80597e+06,12,RTS,20
7.80597e+06,1,RTS,20
7.80597e+06,16,RTS,20
7.80604e+06,20,CTS,14
7.8061e+06,12,QOSDATA_TID6,1066
7.80628e+06,20,ACK,14
7.80632e+06,12,CTL,20
7.80641e+06,16,RTS,20
7.80641e+06,15,RTS,20
7.80641e+06,18,RTS,20
7.80651e+06,7,RTS,20
7.80658e+06,20,CTS,14
7.80664e+06,7,QOSDATA_TID6,1066
7.80682e+06,20,ACK,14
7.80686e+06,7,CTL,20
7.80695e+06,8,RTS,20
7.80695e+06,15,RTS,20
7.80702e+06,20,CTS,14
7.80708e+06,8,QOSDATA_TID6,1066
7.80726e+06,20,ACK,14
7.80731e+06,8,CTL,20
7.80739e+06,15,RTS,20
7.80746e+06,20,CTS,14
7.80752e+06,15,QOSDATA_TID6,1066
7.8077e+06,20,ACK,14
7.80775e+06,15,QOSDATA_TID6,1066
7.80793e+06,20,ACK,14
7.80798e+06,15,CTL,20
7.80806e+06,14,RTS,20
7.80806e+06,18,RTS,20
7.80816e+06,4,RTS,20
7.80823e+06,20,CTS,14
7.80829e+06,4,QOSDATA_TID6,1066
7.80847e+06,20,ACK,14
7.80852e+06,4,CTL,20
7.8086e+06,17,RTS,20
7.80867e+06,20,CTS,14
7.80873e+06,17,QOSDATA_TID6,1066
7.80891e+06,20,ACK,14
7.80896e+06,17,CTL,20
7.80904e+06,1,RTS,20
7.80904e+06,11,RTS,20
7.80904e+06,2,RTS,20
7.80915e+06,14,RTS,20
7.80922e+06,20,CTS,14
7.80928e+06,14,QOSDATA_TID6,1066
7.80946e+06,20,ACK,14
7.80951e+06,14,CTL,20
7.80959e+06,0,RTS,20
7.80966e+06,20,CTS,14
7.80972e+06,0,QOSDATA_TID6,1066
7.8099e+06,20,ACK,14
7.80995e+06,0,CTL,20
7.81004e+06,10,RTS,20
7.81004e+06,7,RTS,20
7.81004e+06,9,RTS,20
7.8101e+06,20,CTS,14
7.81016e+06,7,QOSDATA_TID6,1066
7.81035e+06,20,ACK,14
7.81039e+06,7,CTL,20
7.81049e+06,12,RTS,20
7.81049e+06,10,RTS,20
7.81055e+06,20,CTS,14
7.81061e+06,12,QOSDATA_TID6,1066
7.8108e+06,20,ACK,14
7.81084e+06,12,CTL,20
7.81093e+06,3,RTS,20
7.811e+06,20,CTS,14
7.81106e+06,3,QOSDATA_TID6,1066
7.81124e+06,20,ACK,14
7.81128e+06,3,CTL,20
7.81137e+06,6,RTS,20
7.81144e+06,20,CTS,14
7.8115e+06,6,QOSDATA_TID6,1066
7.81168e+06,20,ACK,14
7.81173e+06,6,CTL,20
7.81181e+06,18,RTS,20
7.81181e+06,17,RTS,20
7.81181e+06,1,RTS,20
7.81181e+06,19,RTS,20
7.81181e+06,16,RTS,20
7.81191e+06,2,RTS,20
7.81198e+06,20,CTS,14
7.81204e+06,2,QOSDATA_TID6,1066
7.81222e+06,20,ACK,14
7.81227e+06,2,CTL,20
7.81235e+06,13,RTS,20
7.81242e+06,20,CTS,14
7.81248e+06,13,QOSDATA_TID6,1066
7.81266e+06,20,ACK,14
7.81271e+06,13,CTL,20
7.81279e+06,10,RTS,20
7.81286e+06,20,CTS,14
7.81292e+06,10,QOSDATA_TID6,1066
7.81311e+06,20,ACK,14
7.81315e+06,10,QOSDATA_TID6,1066
7.81333e+06,20,ACK,14
7.81338e+06,10,CTL,20
7.81346e+06,2,RTS,20
7.81346e+06,9,RTS,20
7.81346e+06,5,RTS,20
7.81353e+06,20,CTS,14
7.81359e+06,5,QOSDATA_TID6,1066
7.81378e+06,20,ACK,14
7.81382e+06,5,CTL,20
7.81391e+06,2,RTS,20
7.81397e+06,20,CTS,14
7.81403e+06,2,QOSDATA_TID6,1066
7.81422e+06,20,ACK,14
7.81426e+06,2,CTL,20
7.81435e+06,19,RTS,20
7.81435e+06,1,RTS,20
7.81435e+06,11,RTS,20
7.81435e+06,16,RTS,20
7.81445e+06,18,RTS,20
7.81451e+06,20,CTS,14
7.81458e+06,18,QOSDATA_TID6,1066
7.81476e+06,20,ACK,14
7.8148e+06,18,QOSDATA_TID6,1066
7.81499e+06,20,ACK,14
7.81503e+06,18,CTL,20
7.81512e+06,8,RTS,20
7.81512e+06,15,RTS,20
7.81518e+06,20,CTS,14
7.81524e+06,8,QOSDATA_TID6,1066
7.81543e+06,20,ACK,14
7.81547e+06,8,CTL,20
7.81557e+06,11,RTS,20
7.81557e+06,4,RTS,20
7.81568e+06,16,RTS,20
7.81568e+06,14,RTS,20
7.81577e+06,9,RTS,20
7.81584e+06,20,CTS,14
7.8159e+06,9,QOSDATA_TID6,1066
7.81608e+06,20,ACK,14
7.81613e+06,9,QOSDATA_TID6,1066
7.81631e+06,20,ACK,14
7.81636e+06,9,QOSDATA_TID6,1066
7.81654e+06,20,ACK,14
7.81658e+06,9,CTL,20
7.81667e+06,14,RTS,20
7.81674e+06,20,CTS,14
7.8168e+06,14,QOSDATA_TID6,1066
7.81698e+06,20,ACK,14
7.81703e+06,14,CTL,20
7.81711e+06,0,RTS,20
7.81718e+06,20,CTS,14
7.81724e+06,0,QOSDATA_TID6,1066
7.81742e+06,20,ACK,14
7.81747e+06,0,CTL,20
7.81756e+06,1,RTS,20
7.81756e+06,19,RTS,20
7.81756e+06,16,RTS,20
7.81765e+06,17,RTS,20
7.81765e+06,13,RTS,20
7.81765e+06,15,RTS,20
7.81772e+06,20,CTS,14
7.81778e+06,17,QOSDATA_TID6,1066
7.81796e+06,20,ACK,14
7.81801e+06,17,CTL,20
7.8181e+06,9,RTS,20
7.81816e+06,20,CTS,14
7.81822e+06,9,QOSDATA_TID6,1066
7.81841e+06,20,ACK,14
7.81845e+06,9,CTL,20
7.81854e+06,16,RTS,20
7.8186e+06,20,CTS,14
7.81866e+06,16,QOSDATA_TID6,1066
7.81885e+06,20,ACK,14
7.81889e+06,16,QOSDATA_TID6,1066
7.81908e+06,20,ACK,14
7.81912e+06,16,QOSDATA_TID6,1066
7.8193e+06,20,ACK,14
7.81935e+06,16,CTL,20
7.81944e+06,1,RTS,20
7.81944e+06,7,RTS,20
7.81944e+06,6,RTS,20
7.81953e+06,3,RTS,20
7.8196e+06,20,CTS,14
7.81966e+06,3,QOSDATA_TID6,1066
7.81984e+06,20,ACK,14
7.81989e+06,3,CTL,20
7.81998e+06,15,RTS,20
7.82004e+06,20,CTS,14
7.8201e+06,15,QOSDATA_TID6,1066
7.82029e+06,20,ACK,14
7.82033e+06,15,CTL,20
7.82042e+06,12,RTS,20
7.82042e+06,11,RTS,20
7.82048e+06,20,CTS,14
7.82054e+06,12,QOSDATA_TID6,1066
7.82073e+06,20,ACK,14
7.82077e+06,12,CTL,20
7.82086e+06,2,RTS,20
7.82093e+06,20,CTS,14
7.82099e+06,2,QOSDATA_TID6,1066
7.82117e+06,20,ACK,14
7.82122e+06,2,CTL,20
7.8213e+06,4,RTS,20
7.8213e+06,13,RTS,20
7.8214e+06,17,RTS,20
7.82147e+06,20,CTS,14
7.82153e+06,17,QOSDATA_TID6,1066
7.82171e+06,20,ACK,14
7.82176e+06,17,CTL,20
7.82184e+06,5,RTS,20
7.82184e+06,10,RTS,20
7.82191e+06,20,CTS,14
7.82197e+06,5,QOSDATA_TID6,1066
7.82215e+06,20,ACK,14
7.8222e+06,5,CTL,20
7.82229e+06,18,RTS,20
7.82229e+06,6,RTS,20
7.82229e+06,15,RTS,20
7.82239e+06,1,RTS,20
7.82239e+06,4,RTS,20
7.82246e+06,20,CTS,14
7.82252e+06,1,QOSDATA_TID6,1066
7.8227e+06,20,ACK,14
7.82275e+06,1,QOSDATA_TID6,1066
7.82293e+06,20,ACK,14
7.82298e+06,1,QOSDATA_TID6,1066
7.82316e+06,20,ACK,14
7.8232e+06,1,QOSDATA_TID6,1066
7.82339e+06,20,ACK,14
7.82343e+06,1,CTL,20
7.82352e+06,7,RTS,20
7.82352e+06,18,RTS,20
7.82352e+06,14,RTS,20
7.82362e+06,19,RTS,20
7.82368e+06,20,CTS,14
7.82374e+06,19,QOSDATA_TID6,1066
7.82393e+06,20,ACK,14
7.82397e+06,19,QOSDATA_TID6,1066
7.82416e+06,20,ACK,14
7.8242e+06,19,QOSDATA_TID6,1066
7.82438e+06,20,ACK,14
7.82443e+06,19,CTL,20
7.82451e+06,7,RTS,20
7.82451e+06,18,RTS,20
7.82458e+06,20,CTS,14
7.82464e+06,7,QOSDATA_TID6,1066
7.82482e+06,20,ACK,14
7.82487e+06,7,CTL,20
7.82496e+06,16,RTS,20
7.82503e+06,20,CTS,14
7.82509e+06,16,QOSDATA_TID6,1066
7.82528e+06,20,ACK,14
7.82532e+06,16,CTL,20
7.82542e+06,8,RTS,20
7.82548e+06,20,CTS,14
7.82554e+06,8,QOSDATA_TID6,1066
7.82573e+06,20,ACK,14
7.82577e+06,8,CTL,20
7.82586e+06,11,RTS,20
7.82586e+06,4,RTS,20
7.82586e+06,15,RTS,20
7.82596e+06,7,RTS,20
7.82596e+06,9,RTS,20
7.82603e+06,20,CTS,14
7.82609e+06,7,QOSDATA_TID6,1066
7.82628e+06,20,ACK,14
7.82632e+06,7,CTL,20
7.82641e+06,12,RTS,20
7.82647e+06,20,CTS,14
7.82653e+06,12,QOSDATA_TID6,1066
7.82672e+06,20,ACK,14
7.82676e+06,12,CTL,20
7.82685e+06,0,RTS,20
7.82692e+06,20,CTS,14
7.82698e+06,0,QOSDATA_TID6,1066
7.82716e+06,20,ACK,14
7.8272e+06,0,CTL,20
7.82729e+06,6,RTS,20
7.82729e+06,18,RTS,20
7.82729e+06,10,RTS,20
7.82729e+06,11,RTS,20
7.82729e+06,4,RTS,20
7.8274e+06,17,RTS,20
7.8274e+06,13,RTS,20
7.8274e+06,3,RTS,20
7.82746e+06,20,CTS,14
7.82752e+06,17,QOSDATA_TID6,1066
7.82771e+06,20,ACK,14
7.82775e+06,17,CTL,20
7.82784e+06,3,RTS,20
7.82791e+06,20,CTS,14
7.82797e+06,3,QOSDATA_TID6,1066
7.82815e+06,20,ACK,14
7.8282e+06,3,CTL,20
7.82828e+06,14,RTS,20
7.82828e+06,13,RTS,20
7.82838e+06,5,RTS,20
7.82845e+06,20,CTS,14
7.82851e+06,5,QOSDATA_TID6,1066
7.82869e+06,20,ACK,14
7.82874e+06,5,CTL,20
7.82882e+06,1,RTS,20
7.82882e+06,19,RTS,20
7.82892e+06,9,RTS,20
7.82892e+06,6,RTS,20
7.82892e+06,15,RTS,20
7.82902e+06,10,RTS,20
7.82908e+06,20,CTS,14
7.82914e+06,10,QOSDATA_TID6,1066
7.82933e+06,20,ACK,14
7.82937e+06,10,QOSDATA_TID6,1066
7.82956e+06,20,ACK,14
7.8296e+06,10,CTL,20
7.82969e+06,15,RTS,20
7.82976e+06,20,CTS,14
7.82982e+06,15,QOSDATA_TID6,1066
7.83e+06,20,ACK,14
7.83004e+06,15,QOSDATA_TID6,1066
7.83023e+06,20,ACK,14
7.83027e+06,15,CTL,20
7.83036e+06,18,RTS,20
7.83036e+06,19,RTS,20
7.83048e+06,13,RTS,20
7.83055e+06,20,CTS,14
7.83061e+06,13,QOSDATA_TID6,1066
7.8308e+06,20,ACK,14
7.83084e+06,13,QOSDATA_TID6,1066
7.83102e+06,20,ACK,14
7.83107e+06,13,CTL,20
7.83115e+06,9,RTS,20
7.83122e+06,20,CTS,14
7.83128e+06,9,QOSDATA_TID6,1066
7.83146e+06,20,ACK,14
7.83151e+06,9,CTL,20
7.8316e+06,2,RTS,20
7.8316e+06,6,RTS,20
7.8316e+06,14,RTS,20
7.83169e+06,4,RTS,20
7.83176e+06,20,CTS,14
7.83182e+06,4,QOSDATA_TID6,1066
7.832e+06,20,ACK,14
7.83205e+06,4,QOSDATA_TID6,1066
7.83223e+06,20,ACK,14
7.83228e+06,4,QOSDATA_TID6,1066
7.83246e+06,20,ACK,14
7.8325e+06,4,CTL,20
7.8326e+06,16,RTS,20
7.8326e+06,11,RTS,20
7.8326e+06,1,RTS,20
7.8326e+06,8,RTS,20
7.8326e+06,19,RTS,20
7.8326e+06,6,RTS,20
7.83272e+06,18,RTS,20
7.83279e+06,20,CTS,14
7.83285e+06,18,QOSDATA_TID6,1066
7.83304e+06,20,ACK,14
7.83308e+06,18,QOSDATA_TID6,1066
7.83326e+06,20,ACK,14
7.83331e+06,18,CTL,20
7.8334e+06,0,RTS,20
7.8334e+06,1,RTS,20
7.83351e+06,2,RTS,20
7.83358e+06,20,CTS,14
7.83364e+06,2,QOSDATA_TID6,1066
7.83382e+06,20,ACK,14
7.83387e+06,2,CTL,20
7.83395e+06,7,RTS,20
7.83395e+06,13,RTS,20
7.83402e+06,20,CTS,14
7.83408e+06,7,QOSDATA_TID6,1066
7.83426e+06,20,ACK,14
7.83431e+06,7,CTL,20
7.8344e+06,12,RTS,20
7.8344e+06,6,RTS,20
7.83446e+06,20,CTS,14
7.83452e+06,12,QOSDATA_TID6,1066
7.83471e+06,20,ACK,14
7.83475e+06,12,CTL,20
7.83484e+06,9,RTS,20
7.8349e+06,20,CTS,14
7.83496e+06,9,QOSDATA_TID6,1066
7.83515e+06,20,ACK,14
7.83519e+06,9,CTL,20
7.83529e+06,3,RTS,20
7.83536e+06,20,CTS,14
7.83542e+06,3,QOSDATA_TID6,1066
7.8356e+06,20,ACK,14
7.83564e+06,3,CTL,20
7.83573e+06,8,RTS,20
7.83573e+06,6,RTS,20
7.8358e+06,20,CTS,14
7.83586e+06,8,QOSDATA_TID6,1066
7.83604e+06,20,ACK,14
7.83609e+06,8,CTL,20
7.83618e+06,17,RTS,20
7.83618e+06,19,RTS,20
7.83618e+06,16,RTS,20
7.83618e+06,6,RTS,20
7.83629e+06,13,RTS,20
7.83636e+06,20,CTS,14
7.83642e+06,13,QOSDATA_TID6,1066
7.8366e+06,20,ACK,14
7.83664e+06,13,CTL,20
7.83673e+06,15,RTS,20
7.83673e+06,1,RTS,20
7.83684e+06,10,RTS,20
7.8369e+06,20,CTS,14
7.83696e+06,10,QOSDATA_TID6,1066
7.83715e+06,20,ACK,14
7.83719e+06,10,CTL,20
7.83729e+06,4,RTS,20
7.83736e+06,20,CTS,14
7.83742e+06,4,QOSDATA_TID6,1066
7.8376e+06,20,ACK,14
7.83764e+06,4,CTL,20
7.83773e+06,11,RTS,20
7.83773e+06,17,RTS,20
7.83773e+06,5,RTS,20
7.83773e+06,2,RTS,20
7.83773e+06,0,RTS,20
7.83773e+06,14,RTS,20
7.83785e+06,1,RTS,20
7.83792e+06,20,CTS,14
7.83798e+06,1,QOSDATA_TID6,1066
7.83816e+06,20,ACK,14
7.8382e+06,1,QOSDATA_TID6,1066
7.83839e+06,20,ACK,14
7.83843e+06,1,CTL,20
7.83853e+06,19,RTS,20
7.83853e+06,2,RTS,20
7.83853e+06,6,RTS,20
7.83862e+06,18,RTS,20
7.83869e+06,20,CTS,14
7.83875e+06,18,QOSDATA_TID6,1066
7.83894e+06,20,ACK,14
7.83898e+06,18,CTL,20
7.83907e+06,2,RTS,20
7.83913e+06,20,CTS,14
7.83919e+06,2,QOSDATA_TID6,1066
7.83938e+06,20,ACK,14
7.83942e+06,2,CTL,20
7.83953e+06,8,RTS,20
7.83953e+06,15,RTS,20
7.83959e+06,20,CTS,14
7.83965e+06,8,QOSDATA_TID6,1066
7.83984e+06,20,ACK,14
7.83988e+06,8,CTL,20
7.84e+06,17,RTS,20
7.84006e+06,20,CTS,14
7.84012e+06,17,QOSDATA_TID6,1066
7.84031e+06,20,ACK,14
7.84035e+06,17,CTL,20
7.84044e+06,16,RTS,20
7.84044e+06,0,CTS,14
7.84044e+06,15,RTS,20
7.84044e+06,14,RTS,20
7.84053e+06,0,RTS,20
7.8406e+06,20,CTS,14
7.84066e+06,0,QOSDATA_TID6,1066
7.84084e+06,20,ACK,14
7.84089e+06,0,CTL,20
7.84097e+06,19,RTS,20
7.84104e+06,20,CTS,14
7.8411e+06,19,QOSDATA_TID6,1066
7.84129e+06,20,ACK,14
7.84133e+06,19,QOSDATA_TID6,1066
7.84151e+06,20,ACK,14
7.84156e+06,19,CTL,20
7.84164e+06,5,RTS,20
7.84164e+06,11,RTS,20
7.84164e+06,13,RTS,20
7.84171e+06,20,CTS,14
7.84177e+06,5,QOSDATA_TID6,1066
7.84196e+06,20,ACK,14
7.842e+06,5,CTL,20
7.84209e+06,0,RTS,20
7.84209e+06,6,RTS,20
7.84218e+06,9,RTS,20
7.84218e+06,16,RTS,20
7.84229e+06,6,RTS,20
7.84236e+06,20,CTS,14
7.84242e+06,6,QOSDATA_TID6,1066
7.8426e+06,20,ACK,14
7.84265e+06,6,QOSDATA_TID6,1066
7.84283e+06,20,ACK,14
7.84288e+06,6,CTL,20
7.84296e+06,15,RTS,20
7.84296e+06,12,RTS,20
7.84296e+06,9,RTS,20
7.84296e+06,19,RTS,20
7.84296e+06,16,RTS,20
7.84307e+06,0,RTS,20
7.84307e+06,6,RTS,20
7.84317e+06,15,RTS,20
7.84317e+06,9,RTS,20
7.84323e+06,20,CTS,14
7.84329e+06,15,QOSDATA_TID6,1066
7.84348e+06,20,ACK,14
7.84352e+06,15,CTL,20
7.84361e+06,1,RTS,20
7.84368e+06,20,CTS,14
7.84374e+06,1,QOSDATA_TID6,1066
7.84392e+06,20,ACK,14
7.84396e+06,1,CTL,20
7.84405e+06,9,RTS,20
7.84412e+06,20,CTS,14
7.84418e+06,9,QOSDATA_TID6,1066
7.84436e+06,20,ACK,14
7.84441e+06,9,CTL,20
7.84449e+06,3,RTS,20
7.84449e+06,19,RTS,20
7.84449e+06,6,RTS,20
7.84449e+06,7,RTS,20
7.84449e+06,14,RTS,20
7.84449e+06,13,RTS,20
7.8446e+06,5,RTS,20
7.8446e+06,16,RTS,20
7.84467e+06,20,CTS,14
7.84473e+06,5,QOSDATA_TID6,1066
7.84491e+06,20,ACK,14
7.84496e+06,5,CTL,20
7.84504e+06,10,RTS,20
7.84504e+06,14,RTS,20
7.84514e+06,17,RTS,20
7.84521e+06,20,CTS,14
7.84527e+06,17,QOSDATA_TID6,1066
7.84545e+06,20,ACK,14
7.8455e+06,17,CTL,20
7.84558e+06,19,RTS,20
7.84558e+06,12,RTS,20
7.84558e+06,0,CTS,14
7.84572e+06,0,RTS,20
7.84579e+06,20,CTS,14
7.84585e+06,0,QOSDATA_TID6,1066
7.84603e+06,20,ACK,14
7.84608e+06,0,CTL,20
7.84616e+06,4,RTS,20
7.84623e+06,20,CTS,14
7.84629e+06,4,QOSDATA_TID6,1066
7.84648e+06,20,ACK,14
7.84652e+06,4,CTL,20
7.84661e+06,11,RTS,20
7.84661e+06,13,RTS,20
7.84661e+06,15,RTS,20
7.8467e+06,12,RTS,20
7.8467e+06,2,RTS,20
7.84677e+06,20,CTS,14
7.84683e+06,12,QOSDATA_TID6,1066
7.84702e+06,20,ACK,14
7.84706e+06,12,CTL,20
7.84715e+06,8,RTS,20
7.84715e+06,2,RTS,20
7.84721e+06,20,CTS,14
7.84727e+06,8,QOSDATA_TID6,1066
7.84746e+06,20,ACK,14
7.8475e+06,8,CTL,20
7.84759e+06,15,RTS,20
7.84766e+06,20,CTS,14
7.84772e+06,15,QOSDATA_TID6,1066
7.8479e+06,20,ACK,14
7.84794e+06,15,CTL,20
7.84803e+06,13,RTS,20
7.84803e+06,6,RTS,20
7.84803e+06,18,RTS,20
7.84813e+06,11,RTS,20
7.8482e+06,20,CTS,14
7.84826e+06,11,QOSDATA_TID6,1066
7.84844e+06,20,ACK,14
7.84848e+06,11,QOSDATA_TID6,1066
7.84867e+06,20,ACK,14
7.84871e+06,11,QOSDATA_TID6,1066
7.8489e+06,20,ACK,14
7.84894e+06,11,QOSDATA_TID6,1066
7.84912e+06,20,ACK,14
7.84917e+06,11,QOSDATA_TID6,1066
7.84935e+06,20,ACK,14
7.8494e+06,11,CTL,20
7.84948e+06,13,RTS,20
7.84955e+06,20,CTS,14
7.84961e+06,13,QOSDATA_TID6,1066
7.84979e+06,20,ACK,14
7.84984e+06,13,QOSDATA_TID6,1066
7.85002e+06,20,ACK,14
7.85007e+06,13,CTL,20
7.85015e+06,0,RTS,20
7.85015e+06,19,RTS,20
7.85015e+06,10,RTS,20
7.85027e+06,9,RTS,20
7.85027e+06,3,RTS,20
7.85027e+06,7,RTS,20
7.85034e+06,20,CTS,14
7.8504e+06,7,QOSDATA_TID6,1066
7.85058e+06,20,ACK,14
7.85062e+06,7,QOSDATA_TID6,1066
7.85081e+06,20,ACK,14
7.85085e+06,7,CTL,20
7.85095e+06,11,RTS,20
7.85095e+06,16,RTS,20
7.85105e+06,12,RTS,20
7.85105e+06,19,RTS,20
7.85105e+06,2,RTS,20
7.85105e+06,0,RTS,20
7.85105e+06,18,RTS,20
7.85105e+06,14,RTS,20
7.85118e+06,9,RTS,20
7.85125e+06,20,CTS,14
7.85131e+06,9,QOSDATA_TID6,1066
7.85149e+06,20,ACK,14
7.85154e+06,9,CTL,20
7.85162e+06,10,RTS,20
7.85162e+06,16,RTS,20
7.85174e+06,14,RTS,20
7.8518e+06,20,CTS,14
7.85186e+06,14,QOSDATA_TID6,1066
7.85205e+06,20,ACK,14
7.85209e+06,14,QOSDATA_TID6,1066
7.85228e+06,20,ACK,14
7.85232e+06,14,QOSDATA_TID6,1066
7.8525e+06,20,ACK,14
7.85255e+06,14,CTL,20
7.85264e+06,15,RTS,20
7.85264e+06,5,RTS,20
7.8527e+06,20,CTS,14
7.85276e+06,5,QOSDATA_TID6,1066
7.85295e+06,20,ACK,14
7.85299e+06,5,CTL,20
7.85309e+06,19,RTS,20
7.85309e+06,3,RTS,20
7.85309e+06,11,RTS,20
7.85309e+06,4,RTS,20
7.85318e+06,16,RTS,20
7.85325e+06,20,CTS,14
7.85331e+06,16,QOSDATA_TID6,1066
7.8535e+06,20,ACK,14
7.85354e+06,16,QOSDATA_TID6,1066
7.85372e+06,20,ACK,14
7.85377e+06,16,CTL,20
7.85386e+06,11,RTS,20
7.85392e+06,20,CTS,14
7.85398e+06,11,QOSDATA_TID6,1066
7.85417e+06,20,ACK,14
7.85421e+06,11,CTL,20
7.8543e+06,12,RTS,20
7.8543e+06,18,RTS,20
7.85436e+06,20,CTS,14
7.85442e+06,12,QOSDATA_TID6,1066
7.85461e+06,20,ACK,14
7.85465e+06,12,CTL,20
7.85474e+06,15,RTS,20
7.85481e+06,20,CTS,14
7.85487e+06,15,QOSDATA_TID6,1066
7.85505e+06,20,ACK,14
7.8551e+06,15,CTL,20
7.85518e+06,6,RTS,20
7.85518e+06,0,CTS,14
7.85518e+06,3,RTS,20
7.85531e+06,0,RTS,20
7.85538e+06,20,CTS,14
7.85544e+06,0,QOSDATA_TID6,1066
7.85562e+06,20,ACK,14
7.85567e+06,0,CTL,20
7.85575e+06,8,RTS,20
7.85575e+06,17,RTS,20
7.85575e+06,1,RTS,20
7.85585e+06,3,RTS,20
7.85592e+06,20,CTS,14
7.85598e+06,3,QOSDATA_TID6,1066
7.85616e+06,20,ACK,14
7.85621e+06,3,QOSDATA_TID6,1066
7.85639e+06,20,ACK,14
7.85644e+06,3,CTL,20
7.85652e+06,10,RTS,20
7.85652e+06,1,RTS,20
7.85652e+06,14,RTS,20
7.85667e+06,14,RTS,20
7.85674e+06,20,CTS,14
7.8568e+06,14,QOSDATA_TID6,1066
7.85698e+06,20,ACK,14
7.85703e+06,14,CTL,20
7.85711e+06,0,RTS,20
7.85718e+06,20,CTS,14
7.85724e+06,0,QOSDATA_TID6,1066
7.85742e+06,20,ACK,14
7.85747e+06,0,CTL,20
7.85756e+06,17,RTS,20
7.85756e+06,4,RTS,20
7.85762e+06,20,CTS,14
7.85768e+06,17,QOSDATA_TID6,1066
7.85787e+06,20,ACK,14
7.85791e+06,17,CTL,20
7.858e+06,13,RTS,20
7.85806e+06,20,CTS,14
7.85812e+06,13,QOSDATA_TID6,1066
7.85831e+06,20,ACK,14
7.85835e+06,13,CTL,20
7.85844e+06,7,RTS,20
7.85844e+06,12,RTS,20
7.85844e+06,16,RTS,20
7.85844e+06,19,RTS,20
7.85844e+06,2,RTS,20
7.85856e+06,6,RTS,20
7.85862e+06,20,CTS,14
7.85868e+06,6,QOSDATA_TID6,1066
7.85887e+06,20,ACK,14
7.85891e+06,6,QOSDATA_TID6,1066
7.8591e+06,20,ACK,14
7.85914e+06,6,QOSDATA_TID6,1066
7.85932e+06,20,ACK,14
7.85937e+06,6,CTL,20
7.85945e+06,12,RTS,20
7.85945e+06,17,RTS,20
7.85945e+06,16,RTS,20
7.85955e+06,3,RTS,20
7.85955e+06,9,RTS,20
7.85965e+06,2,RTS,20
7.85965e+06,18,RTS,20
7.85965e+06,16,RTS,20
7.85976e+06,8,RTS,20
7.85982e+06,20,CTS,14
7.85988e+06,8,QOSDATA_TID6,1066
7.86007e+06,20,ACK,14
7.86011e+06,8,CTL,20
7.8602e+06,18,RTS,20
7.86027e+06,20,CTS,14
7.86033e+06,18,QOSDATA_TID6,1066
7.86051e+06,20,ACK,14
7.86056e+06,18,QOSDATA_TID6,1066
7.86074e+06,20,ACK,14
7.86078e+06,18,CTL,20
7.86087e+06,10,RTS,20
7.86087e+06,5,RTS,20
7.86087e+06,1,RTS,20
7.86087e+06,12,RTS,20
7.86087e+06,15,RTS,20
7.86098e+06,11,RTS,20
7.86098e+06,16,RTS,20
7.86098e+06,9,RTS,20
7.86107e+06,5,RTS,20
7.86107e+06,17,RTS,20
7.86114e+06,20,CTS,14
7.8612e+06,5,QOSDATA_TID6,1066
7.86139e+06,20,ACK,14
7.86143e+06,5,CTL,20
7.86153e+06,7,RTS,20
7.86153e+06,4,RTS,20
7.8616e+06,20,CTS,14
7.86166e+06,7,QOSDATA_TID6,1066
7.86185e+06,20,ACK,14
7.86189e+06,7,CTL,20
7.86198e+06,1,RTS,20
7.86198e+06,19,RTS,20
7.86198e+06,2,RTS,20
7.86209e+06,4,RTS,20
7.86216e+06,20,CTS,14
7.86222e+06,4,QOSDATA_TID6,1066
7.8624e+06,20,ACK,14
7.86245e+06,4,QOSDATA_TID6,1066
7.86263e+06,20,ACK,14
7.86268e+06,4,CTL,20
7.86277e+06,16,RTS,20
7.86277e+06,12,RTS,20
7.86277e+06,18,RTS,20
7.86284e+06,20,CTS,14
7.8629e+06,12,QOSDATA_TID6,1066
7.86308e+06,20,ACK,14
7.86313e+06,12,CTL,20
7.86321e+06,15,RTS,20
7.86328e+06,20,CTS,14
7.86334e+06,15,QOSDATA_TID6,1066
7.86352e+06,20,ACK,14
7.86357e+06,15,CTL,20
7.86366e+06,14,RTS,20
7.86366e+06,8,RTS,20
7.86366e+06,19,RTS,20
7.86366e+06,11,RTS,20
7.86366e+06,3,RTS,20
7.86376e+06,17,RTS,20
7.86383e+06,20,CTS,14
7.86389e+06,17,QOSDATA_TID6,1066
7.86407e+06,20,ACK,14
7.86412e+06,17,CTL,20
7.86421e+06,1,RTS,20
7.86421e+06,19,RTS,20
7.86421e+06,3,RTS,20
7.86421e+06,10,RTS,20
7.86421e+06,14,RTS,20
7.86431e+06,8,RTS,20
7.86438e+06,20,CTS,14
7.86444e+06,8,QOSDATA_TID6,1066
7.86462e+06,20,ACK,14
7.86467e+06,8,CTL,20
7.86476e+06,11,RTS,20
7.86483e+06,20,CTS,14
7.86489e+06,11,QOSDATA_TID6,1066
7.86507e+06,20,ACK,14
7.86512e+06,11,CTL,20
7.86521e+06,16,RTS,20
7.86521e+06,2,RTS,20
7.86521e+06,9,RTS,20
7.86532e+06,19,RTS,20
7.86539e+06,20,CTS,14
7.86545e+06,19,QOSDATA_TID6,1066
7.86563e+06,20,ACK,14
7.86568e+06,19,QOSDATA_TID6,1066
7.86586e+06,20,ACK,14
7.8659e+06,19,CTL,20
7.866e+06,10,RTS,20
7.866e+06,13,RTS,20
7.86612e+06,1,RTS,20
7.86619e+06,20,CTS,14
7.86625e+06,1,QOSDATA_TID6,1066
7.86644e+06,20,ACK,14
7.86648e+06,1,QOSDATA_TID6,1066
7.86666e+06,20,ACK,14
7.86671e+06,1,CTL,20
7.8668e+06,11,RTS,20
7.86687e+06,20,CTS,14
7.86693e+06,11,QOSDATA_TID6,1066
7.86712e+06,20,ACK,14
7.86716e+06,11,CTL,20
7.86724e+06,16,RTS,20
7.86724e+06,12,RTS,20
7.86724e+06,7,RTS,20
7.86724e+06,0,RTS,20
7.86724e+06,18,RTS,20
7.86734e+06,17,RTS,20
7.86741e+06,20,CTS,14
7.86747e+06,17,QOSDATA_TID6,1066
7.86766e+06,20,ACK,14
7.8677e+06,17,CTL,20
7.86778e+06,1,RTS,20
7.86778e+06,16,RTS,20
7.86778e+06,3,RTS,20
7.86778e+06,14,RTS,20
7.86789e+06,18,RTS,20
7.86796e+06,20,CTS,14
7.86802e+06,18,QOSDATA_TID6,1066
7.8682e+06,20,ACK,14
7.86825e+06,18,CTL,20
7.86833e+06,3,RTS,20
7.8684e+06,20,CTS,14
7.86846e+06,3,QOSDATA_TID6,1066
7.86865e+06,20,ACK,14
7.86869e+06,3,QOSDATA_TID6,1066
7.86888e+06,20,ACK,14
7.86892e+06,3,CTL,20
7.869e+06,5,RTS,20
7.869e+06,19,RTS,20
7.869e+06,0,RTS,20
7.869e+06,16,RTS,20
7.869e+06,4,RTS,20
7.869e+06,13,RTS,20
7.86907e+06,20,CTS,14
7.86913e+06,5,QOSDATA_TID6,1066
7.86932e+06,20,ACK,14
7.86936e+06,5,CTL,20
7.86945e+06,12,RTS,20
7.86945e+06,2,RTS,20
7.86945e+06,9,RTS,20
7.86952e+06,20,CTS,14
7.86958e+06,12,QOSDATA_TID6,1066
7.86976e+06,20,ACK,14
7.8698e+06,12,CTL,20
7.8699e+06,13,RTS,20
7.8699e+06,6,RTS,20
7.87e+06,15,RTS,20
7.87006e+06,20,CTS,14
7.87012e+06,15,QOSDATA_TID6,1066
7.87031e+06,20,ACK,14
7.87035e+06,15,CTL,20
7.87044e+06,1,RTS,20
7.87051e+06,20,CTS,14
7.87057e+06,1,QOSDATA_TID6,1066
7.87075e+06,20,ACK,14
7.87079e+06,1,CTL,20
7.87089e+06,4,RTS,20
7.87089e+06,10,RTS,20
7.87089e+06,14,RTS,20
7.87099e+06,8,RTS,20
7.87106e+06,20,CTS,14
7.87112e+06,8,QOSDATA_TID6,1066
7.8713e+06,20,ACK,14
7.87134e+06,8,CTL,20
7.87143e+06,19,RTS,20
7.87143e+06,0,CTS,14
7.87152e+06,0,RTS,20
7.87158e+06,20,CTS,14
7.87164e+06,0,QOSDATA_TID6,1066
7.87183e+06,20,ACK,14
7.87187e+06,0,CTL,20
7.87197e+06,2,RTS,20
7.87197e+06,7,RTS,20
7.87197e+06,9,RTS,20
7.87206e+06,6,RTS,20
7.87213e+06,20,CTS,14
7.87219e+06,6,QOSDATA_TID6,1066
7.87238e+06,20,ACK,14
7.87242e+06,6,CTL,20
7.87251e+06,10,RTS,20
7.87251e+06,9,RTS,20
7.87261e+06,13,RTS,20
7.87268e+06,20,CTS,14
7.87274e+06,13,QOSDATA_TID6,1066
7.87292e+06,20,ACK,14
7.87297e+06,13,CTL,20
7.87306e+06,7,RTS,20
7.87312e+06,20,CTS,14
7.87318e+06,7,QOSDATA_TID6,1066
7.87337e+06,20,ACK,14
7.87341e+06,7,CTL,20
7.8735e+06,2,RTS,20
7.87356e+06,20,CTS,14
7.87362e+06,2,QOSDATA_TID6,1066
7.87381e+06,20,ACK,14
7.87385e+06,2,QOSDATA_TID6,1066
7.87404e+06,20,ACK,14
7.87408e+06,2,QOSDATA_TID6,1066
7.87426e+06,20,ACK,14
7.87431e+06,2,CTL,20
7.8744e+06,18,RTS,20
7.8744e+06,9,RTS,20
7.8744e+06,12,RTS,20
7.8744e+06,14,RTS,20
7.8744e+06,4,RTS,20
7.8744e+06,13,RTS,20
7.87446e+06,20,CTS,14
7.87452e+06,12,QOSDATA_TID6,1066
7.87471e+06,20,ACK,14
7.87475e+06,12,CTL,20
7.87484e+06,13,RTS,20
7.87484e+06,18,RTS,20
7.87495e+06,19,RTS,20
7.87502e+06,20,CTS,14
7.87508e+06,19,QOSDATA_TID6,1066
7.87526e+06,20,ACK,14
7.87531e+06,19,QOSDATA_TID6,1066
7.87549e+06,20,ACK,14
7.87554e+06,19,CTL,20
7.87563e+06,1,RTS,20
7.87563e+06,17,RTS,20
7.87563e+06,11,RTS,20
7.87563e+06,16,RTS,20
7.87563e+06,9,RTS,20
7.87563e+06,0,RTS,20
7.87563e+06,6,RTS,20
7.87563e+06,14,RTS,20
7.87573e+06,10,RTS,20
7.8758e+06,20,CTS,14
7.87586e+06,10,QOSDATA_TID6,1066
7.87604e+06,20,ACK,14
7.87609e+06,10,QOSDATA_TID6,1066
7.87627e+06,20,ACK,14
7.87631e+06,10,QOSDATA_TID6,1066
7.8765e+06,20,ACK,14
7.87654e+06,10,CTL,20
7.87663e+06,2,RTS,20
7.87663e+06,15,RTS,20
7.87663e+06,11,RTS,20
7.87674e+06,7,RTS,20
7.87674e+06,5,RTS,20
7.8768e+06,20,CTS,14
7.87686e+06,5,QOSDATA_TID6,1066
7.87705e+06,20,ACK,14
7.87709e+06,5,CTL,20
7.87719e+06,2,RTS,20
7.87719e+06,11,RTS,20
7.87728e+06,15,RTS,20
7.87735e+06,20,CTS,14
7.87741e+06,15,QOSDATA_TID6,1066
7.8776e+06,20,ACK,14
7.87764e+06,15,CTL,20
7.87773e+06,11,RTS,20
7.8778e+06,20,CTS,14
7.87786e+06,11,QOSDATA_TID6,1066
7.87804e+06,20,ACK,14
7.87808e+06,11,CTL,20
7.87818e+06,16,RTS,20
7.87818e+06,18,RTS,20
7.87818e+06,6,RTS,20
7.87818e+06,10,RTS,20
7.87818e+06,14,RTS,20
7.87829e+06,2,RTS,20
7.87829e+06,7,RTS,20
7.87829e+06,3,RTS,20
7.87829e+06,9,RTS,20
7.87839e+06,10,RTS,20
7.87846e+06,20,CTS,14
7.87852e+06,10,QOSDATA_TID6,1066
7.8787e+06,20,ACK,14
7.87875e+06,10,CTL,20
7.87883e+06,9,RTS,20
7.8789e+06,20,CTS,14
7.87896e+06,9,QOSDATA_TID6,1066
7.87915e+06,20,ACK,14
7.87919e+06,9,QOSDATA_TID6,1066
7.87937e+06,20,ACK,14
7.87942e+06,9,CTL,20
7.8795e+06,1,RTS,20
7.8795e+06,7,RTS,20
7.8795e+06,14,RTS,20
7.8796e+06,16,RTS,20
7.87967e+06,20,CTS,14
7.87973e+06,16,QOSDATA_TID6,1066
7.87991e+06,20,ACK,14
7.87996e+06,16,QOSDATA_TID6,1066
7.88014e+06,20,ACK,14
7.88019e+06,16,CTL,20
7.88027e+06,7,RTS,20
7.88027e+06,2,RTS,20
7.88027e+06,3,RTS,20
7.88037e+06,8,RTS,20
7.88037e+06,17,RTS,20
7.88047e+06,7,RTS,20
7.88054e+06,20,CTS,14
7.8806e+06,7,QOSDATA_TID6,1066
7.88078e+06,20,ACK,14
7.88082e+06,7,CTL,20
7.88091e+06,4,RTS,20
7.88091e+06,0,RTS,20
7.88091e+06,18,RTS,20
7.88102e+06,1,RTS,20
7.88102e+06,13,RTS,20
7.88108e+06,20,CTS,14
7.88114e+06,1,QOSDATA_TID6,1066
7.88133e+06,20,ACK,14
7.88137e+06,1,CTL,20
7.88147e+06,16,RTS,20
7.88147e+06,7,RTS,20
7.88147e+06,14,RTS,20
7.88157e+06,8,RTS,20
7.88163e+06,20,CTS,14
7.88169e+06,8,QOSDATA_TID6,1066
7.88188e+06,20,ACK,14
7.88192e+06,8,CTL,20
7.88201e+06,9,RTS,20
7.88208e+06,20,CTS,14
7.88214e+06,9,QOSDATA_TID6,1066
7.88232e+06,20,ACK,14
7.88236e+06,9,CTL,20
7.88245e+06,3,RTS,20
7.88245e+06,12,RTS,20
7.88252e+06,20,CTS,14
7.88258e+06,12,QOSDATA_TID6,1066
7.88276e+06,20,ACK,14
7.88281e+06,12,CTL,20
7.88289e+06,3,RTS,20
7.88296e+06,20,CTS,14
7.88302e+06,3,QOSDATA_TID6,1066
7.8832e+06,20,ACK,14
7.88325e+06,3,QOSDATA_TID6,1066
7.88343e+06,20,ACK,14
7.88348e+06,3,CTL,20
7.88357e+06,18,RTS,20
7.88357e+06,6,RTS,20
7.88357e+06,11,RTS,20
7.88357e+06,13,RTS,20
7.88371e+06,13,RTS,20
7.88372e+06,7,RTS,20
7.88378e+06,20,CTS,14
7.88384e+06,7,QOSDATA_TID6,1066
7.88403e+06,20,ACK,14
7.88407e+06,7,CTL,20
7.88418e+06,16,RTS,20
7.88418e+06,6,RTS,20
7.88427e+06,13,RTS,20
7.88434e+06,20,CTS,14
7.8844e+06,13,QOSDATA_TID6,1066
7.88458e+06,20,ACK,14
7.88463e+06,13,QOSDATA_TID6,1066
7.88481e+06,20,ACK,14
7.88486e+06,13,CTL,20
7.88494e+06,16,RTS,20
7.88501e+06,20,CTS,14
7.88507e+06,16,QOSDATA_TID6,1066
7.88526e+06,20,ACK,14
7.8853e+06,16,CTL,20
7.8854e+06,1,RTS,20
7.8854e+06,17,RTS,20
7.8854e+06,19,RTS,20
7.8854e+06,5,RTS,20
7.8854e+06,2,RTS,20
7.8854e+06,15,RTS,20
7.8854e+06,0,CTS,14
7.8854e+06,14,RTS,20
7.8854e+06,10,RTS,20
7.88552e+06,0,RTS,20
7.88559e+06,20,CTS,14
7.88565e+06,0,QOSDATA_TID6,1066
7.88584e+06,20,ACK,14
7.88588e+06,0,QOSDATA_TID6,1066
7.88606e+06,20,ACK,14
7.88611e+06,0,CTL,20
7.8862e+06,10,RTS,20
7.8862e+06,5,RTS,20
7.8862e+06,11,RTS,20
7.8862e+06,4,RTS,20
7.88626e+06,20,CTS,14
7.88632e+06,5,QOSDATA_TID6,1066
7.88651e+06,20,ACK,14
7.88655e+06,5,CTL,20
7.88664e+06,8,RTS,20
7.8867e+06,20,CTS,14
7.88676e+06,8,QOSDATA_TID6,1066
7.88695e+06,20,ACK,14
7.88699e+06,8,CTL,20
7.88708e+06,2,RTS,20
7.88708e+06,10,RTS,20
7.88715e+06,20,CTS,14
7.88721e+06,2,QOSDATA_TID6,1066
7.88739e+06,20,ACK,14
7.88744e+06,2,QOSDATA_TID6,1066
7.88762e+06,20,ACK,14
7.88766e+06,2,CTL,20
7.88775e+06,10,RTS,20
7.88775e+06,6,RTS,20
7.88775e+06,14,RTS,20
7.88785e+06,19,RTS,20
7.88792e+06,20,CTS,14
7.88798e+06,19,QOSDATA_TID6,1066
7.88816e+06,20,ACK,14
7.8882e+06,19,CTL,20
7.88829e+06,11,RTS,20
7.88836e+06,20,CTS,14
7.88842e+06,11,QOSDATA_TID6,1066
7.8886e+06,20,ACK,14
7.88864e+06,11,CTL,20
7.88873e+06,1,RTS,20
7.8888e+06,20,CTS,14
7.88886e+06,1,QOSDATA_TID6,1066
7.88904e+06,20,ACK,14
7.88909e+06,1,CTL,20
7.88917e+06,18,RTS,20
7.88917e+06,15,RTS,20
7.88927e+06,17,RTS,20
7.88927e+06,16,RTS,20
7.88927e+06,4,RTS,20
7.88934e+06,20,CTS,14
7.8894e+06,17,QOSDATA_TID6,1066
7.88958e+06,20,ACK,14
7.88963e+06,17,QOSDATA_TID6,1066
7.88981e+06,20,ACK,14
7.88986e+06,17,CTL,20
7.88994e+06,18,RTS,20
7.89001e+06,20,CTS,14
7.89007e+06,18,QOSDATA_TID6,1066
7.89025e+06,20,ACK,14
7.8903e+06,18,QOSDATA_TID6,1066
7.89048e+06,20,ACK,14
7.89052e+06,18,QOSDATA_TID6,1066
7.89071e+06,20,ACK,14
7.89075e+06,18,CTL,20
7.89084e+06,0,RTS,20
7.89084e+06,9,RTS,20
7.89084e+06,12,RTS,20
7.89084e+06,7,RTS,20
7.89095e+06,14,RTS,20
7.89101e+06,20,CTS,14
7.89107e+06,14,QOSDATA_TID6,1066
7.89126e+06,20,ACK,14
7.8913e+06,14,QOSDATA_TID6,1066
7.89149e+06,20,ACK,14
7.89153e+06,14,QOSDATA_TID6,1066
7.89171e+06,20,ACK,14
7.89176e+06,14,CTL,20
7.89184e+06,0,RTS,20
7.89184e+06,13,RTS,20
7.89184e+06,7,RTS,20
7.89184e+06,19,RTS,20
7.89184e+06,11,RTS,20
7.89184e+06,16,RTS,20
7.89184e+06,9,RTS,20
7.89184e+06,4,RTS,20
7.89195e+06,10,RTS,20
7.89202e+06,20,CTS,14
7.89208e+06,10,QOSDATA_TID6,1066
7.89226e+06,20,ACK,14
7.89231e+06,10,CTL,20
7.8924e+06,0,CTS,14
7.8924e+06,6,RTS,20
7.8924e+06,17,RTS,20
7.8924e+06,15,RTS,20
7.8924e+06,11,RTS,20
7.89251e+06,0,RTS,20
7.89258e+06,20,CTS,14
7.89264e+06,0,QOSDATA_TID6,1066
7.89282e+06,20,ACK,14
7.89286e+06,0,CTL,20
7.89295e+06,6,RTS,20
7.89295e+06,17,RTS,20
7.89295e+06,1,RTS,20
7.89295e+06,9,RTS,20
7.89295e+06,19,RTS,20
7.89295e+06,13,RTS,20
7.89295e+06,11,RTS,20
7.89306e+06,5,RTS,20
7.89306e+06,2,RTS,20
7.89312e+06,20,CTS,14
7.89318e+06,5,QOSDATA_TID6,1066
7.89337e+06,20,ACK,14
7.89341e+06,5,CTL,20
7.89351e+06,17,RTS,20
7.89351e+06,19,RTS,20
7.89351e+06,3,RTS,20
7.89351e+06,9,RTS,20
7.89361e+06,15,RTS,20
7.89368e+06,20,CTS,14
7.89374e+06,15,QOSDATA_TID6,1066
7.89393e+06,20,ACK,14
7.89397e+06,15,QOSDATA_TID6,1066
7.89415e+06,20,ACK,14
7.8942e+06,15,CTL,20
7.89428e+06,1,RTS,20
7.89428e+06,2,RTS,20
7.89428e+06,19,RTS,20
7.89428e+06,10,RTS,20
7.89428e+06,3,RTS,20
7.89438e+06,18,RTS,20
7.89438e+06,11,RTS,20
7.89438e+06,16,RTS,20
7.89448e+06,1,RTS,20
7.89448e+06,19,RTS,20
7.89458e+06,16,RTS,20
7.89458e+06,7,RTS,20
7.89458e+06,13,RTS,20
7.89468e+06,8,RTS,20
7.89468e+06,1,RTS,20
7.89468e+06,6,RTS,20
7.89477e+06,17,RTS,20
7.89477e+06,16,RTS,20
7.89484e+06,20,CTS,14
7.8949e+06,17,QOSDATA_TID6,1066
7.89509e+06,20,ACK,14
7.89513e+06,17,CTL,20
7.89522e+06,2,RTS,20
7.89522e+06,4,RTS,20
7.89522e+06,9,RTS,20
7.89532e+06,12,RTS,20
7.89539e+06,20,CTS,14
7.89545e+06,12,QOSDATA_TID6,1066
7.89564e+06,20,ACK,14
7.89568e+06,12,CTL,20
7.89576e+06,2,RTS,20
7.89576e+06,14,RTS,20
7.89576e+06,10,RTS,20
7.89586e+06,13,RTS,20
7.89593e+06,20,CTS,14
7.89599e+06,13,QOSDATA_TID6,1066
7.89618e+06,20,ACK,14
7.89622e+06,13,CTL,20
7.8963e+06,4,RTS,20
7.8963e+06,16,RTS,20
7.8963e+06,6,RTS,20
7.89641e+06,8,RTS,20
7.89641e+06,2,RTS,20
7.89648e+06,20,CTS,14
7.89654e+06,8,QOSDATA_TID6,1066
7.89672e+06,20,ACK,14
7.89677e+06,8,CTL,20
7.89685e+06,16,RTS,20
7.89692e+06,20,CTS,14
7.89698e+06,16,QOSDATA_TID6,1066
7.89717e+06,20,ACK,14
7.89721e+06,16,QOSDATA_TID6,1066
7.89739e+06,20,ACK,14
7.89744e+06,16,CTL,20
7.89752e+06,11,RTS,20
7.89752e+06,2,RTS,20
7.89752e+06,18,RTS,20
7.89762e+06,13,RTS,20
7.89769e+06,20,CTS,14
7.89775e+06,13,QOSDATA_TID6,1066
7.89793e+06,20,ACK,14
7.89798e+06,13,CTL,20
7.89806e+06,11,RTS,20
7.89806e+06,19,RTS,20
7.89806e+06,2,RTS,20
7.89816e+06,7,RTS,20
7.89823e+06,20,CTS,14
7.89829e+06,7,QOSDATA_TID6,1066
7.89847e+06,20,ACK,14
7.89852e+06,7,QOSDATA_TID6,1066
7.8987e+06,20,ACK,14
7.89875e+06,7,CTL,20
7.89884e+06,12,RTS,20
7.89884e+06,14,RTS,20
7.89884e+06,10,RTS,20
7.89891e+06,20,CTS,14
7.89897e+06,12,QOSDATA_TID6,1066
7.89915e+06,20,ACK,14
7.8992e+06,12,CTL,20
7.89928e+06,14,RTS,20
7.89935e+06,20,CTS,14
7.89941e+06,14,QOSDATA_TID6,1066
7.8996e+06,20,ACK,14
7.89964e+06,14,CTL,20
7.89974e+06,6,RTS,20
7.89974e+06,0,RTS,20
7.89974e+06,1,RTS,20
7.89974e+06,19,RTS,20
7.89984e+06,17,RTS,20
7.89991e+06,20,CTS,14
7.89997e+06,17,QOSDATA_TID6,1066
7.90015e+06,20,ACK,14
7.9002e+06,17,CTL,20
7.90028e+06,4,RTS,20
7.90028e+06,9,RTS,20
7.90028e+06,10,RTS,20
7.90038e+06,5,RTS,20
7.90045e+06,20,CTS,14
7.90051e+06,5,QOSDATA_TID6,1066
7.90069e+06,20,ACK,14
7.90074e+06,5,CTL,20
7.90082e+06,20,BEACON,152
7.90108e+06,1,RTS,20
7.90108e+06,4,RTS,20
7.90114e+06,20,CTS,14
7.9012e+06,1,QOSDATA_TID6,1066
7.90139e+06,20,ACK,14
7.90143e+06,1,QOSDATA_TID6,1066
7.90162e+06,20,ACK,14
7.90166e+06,1,CTL,20
7.90176e+06,11,RTS,20
7.90176e+06,3,RTS,20
7.90176e+06,18,RTS,20
7.90176e+06,15,RTS,20
7.90185e+06,6,RTS,20
7.90192e+06,20,CTS,14
7.90198e+06,6,QOSDATA_TID6,1066
7.90217e+06,20,ACK,14
7.90221e+06,6,QOSDATA_TID6,1066
7.90239e+06,20,ACK,14
7.90244e+06,6,QOSDATA_TID6,1066
7.90262e+06,20,ACK,14
7.90267e+06,6,CTL,20
7.90275e+06,11,RTS,20
7.90282e+06,20,CTS,14
7.90288e+06,11,QOSDATA_TID6,1066
7.90306e+06,20,ACK,14
7.90311e+06,11,CTL,20
7.90319e+06,8,RTS,20
7.90319e+06,2,RTS,20
7.90319e+06,15,RTS,20
7.90332e+06,2,RTS,20
7.90333e+06,0,RTS,20
7.90344e+06,4,RTS,20
7.90351e+06,20,CTS,14
7.90357e+06,4,QOSDATA_TID6,1066
7.90376e+06,20,ACK,14
7.9038e+06,4,QOSDATA_TID6,1066
7.90398e+06,20,ACK,14
7.90403e+06,4,QOSDATA_TID6,1066
7.90421e+06,20,ACK,14
7.90426e+06,4,QOSDATA_TID6,1066
7.90444e+06,20,ACK,14
7.90448e+06,4,CTL,20
7.90457e+06,16,RTS,20
7.90464e+06,20,CTS,14
7.9047e+06,16,QOSDATA_TID6,1066
7.90488e+06,20,ACK,14
7.90493e+06,16,CTL,20
7.90501e+06,18,RTS,20
7.90508e+06,20,CTS,14
7.90514e+06,18,QOSDATA_TID6,1066
7.90532e+06,20,ACK,14
7.90537e+06,18,QOSDATA_TID6,1066
7.90555e+06,20,ACK,14
7.9056e+06,18,CTL,20
7.90568e+06,8,RTS,20
7.90568e+06,19,RTS,20
7.90575e+06,20,CTS,14
7.90581e+06,8,QOSDATA_TID6,1066
7.90599e+06,20,ACK,14
7.90604e+06,8,CTL,20
7.90612e+06,14,RTS,20
7.90619e+06,20,CTS,14
7.90625e+06,14,QOSDATA_TID6,1066
7.90644e+06,20,ACK,14
7.90648e+06,14,CTL,20
7.90657e+06,2,RTS,20
7.90657e+06,10,RTS,20
7.90663e+06,20,CTS,14
7.90669e+06,2,QOSDATA_TID6,1066
7.90688e+06,20,ACK,14
7.90692e+06,2,CTL,20
7.90701e+06,0,CTS,14
7.90701e+06,11,RTS,20
7.90701e+06,13,RTS,20
7.9071e+06,0,RTS,20
7.90717e+06,20,CTS,14
7.90723e+06,0,QOSDATA_TID6,1066
7.90742e+06,20,ACK,14
7.90746e+06,0,QOSDATA_TID6,1066
7.90764e+06,20,ACK,14
7.90769e+06,0,CTL,20
7.90777e+06,12,RTS,20
7.90777e+06,17,RTS,20
7.90777e+06,3,RTS,20
7.90777e+06,7,RTS,20
7.90777e+06,9,RTS,20
7.90777e+06,19,RTS,20
7.90788e+06,1,RTS,20
7.90788e+06,6,RTS,20
7.90788e+06,15,RTS,20
7.908e+06,10,RTS,20
7.90806e+06,20,CTS,14
7.90812e+06,10,QOSDATA_TID6,1066
7.90831e+06,20,ACK,14
7.90835e+06,10,QOSDATA_TID6,1066
7.90854e+06,20,ACK,14
7.90858e+06,10,CTL,20
7.90868e+06,6,RTS,20
7.90868e+06,5,RTS,20
7.90868e+06,12,RTS,20
7.90877e+06,10,RTS,20
7.90884e+06,20,CTS,14
7.9089e+06,10,QOSDATA_TID6,1066
7.90909e+06,20,ACK,14
7.90913e+06,10,CTL,20
7.90922e+06,2,RTS,20
7.90922e+06,3,RTS,20
7.90922e+06,1,RTS,20
7.90931e+06,6,RTS,20
7.90938e+06,20,CTS,14
7.90944e+06,6,QOSDATA_TID6,1066
7.90963e+06,20,ACK,14
7.90967e+06,6,CTL,20
7.90976e+06,15,RTS,20
7.90976e+06,9,RTS,20
7.90976e+06,13,RTS,20
7.90976e+06,4,RTS,20
7.90988e+06,17,RTS,20
7.90995e+06,20,CTS,14
7.91001e+06,17,QOSDATA_TID6,1066
7.91019e+06,20,ACK,14
7.91024e+06,17,CTL,20
7.91033e+06,19,RTS,20
7.91033e+06,7,RTS,20
7.91033e+06,9,RTS,20
7.91045e+06,18,RTS,20
7.91045e+06,11,RTS,20
7.91045e+06,4,RTS,20
7.91056e+06,19,RTS,20
7.91056e+06,13,RTS,20
7.91067e+06,12,RTS,20
7.91074e+06,20,CTS,14
7.9108e+06,12,QOSDATA_TID6,1066
7.91098e+06,20,ACK,14
7.91103e+06,12,CTL,20
7.91111e+06,19,RTS,20
7.91118e+06,20,CTS,14
7.91124e+06,19,QOSDATA_TID6,1066
7.91142e+06,20,ACK,14
7.91147e+06,19,QOSDATA_TID6,1066
7.91165e+06,20,ACK,14
7.9117e+06,19,CTL,20
7.91178e+06,14,RTS,20
7.91185e+06,20,CTS,14
7.91191e+06,14,QOSDATA_TID6,1066
7.9121e+06,20,ACK,14
7.91214e+06,14,CTL,20
7.91222e+06,2,RTS,20
7.91222e+06,1,RTS,20
7.91233e+06,15,RTS,20
7.9124e+06,20,CTS,14
7.91246e+06,15,QOSDATA_TID6,1066
7.91264e+06,20,ACK,14
7.91269e+06,15,QOSDATA_TID6,1066
7.91287e+06,20,ACK,14
7.91292e+06,15,CTL,20
7.913e+06,13,RTS,20
7.91307e+06,20,CTS,14
7.91313e+06,13,QOSDATA_TID6,1066
7.91331e+06,20,ACK,14
7.91336e+06,13,CTL,20
7.91344e+06,4,RTS,20
7.91344e+06,8,RTS,20
7.91344e+06,1,RTS,20
7.91354e+06,16,RTS,20
7.91354e+06,7,RTS,20
7.91354e+06,0,RTS,20
7.91354e+06,18,RTS,20
7.91364e+06,1,RTS,20
7.91371e+06,20,CTS,14
7.91377e+06,1,QOSDATA_TID6,1066
7.91395e+06,20,ACK,14
7.914e+06,1,CTL,20
7.91408e+06,5,RTS,20
7.91415e+06,20,CTS,14
7.91421e+06,5,QOSDATA_TID6,1066
7.9144e+06,20,ACK,14
7.91444e+06,5,CTL,20
7.91452e+06,7,RTS,20
7.91452e+06,3,RTS,20
7.91452e+06,11,RTS,20
7.91452e+06,9,RTS,20
7.91452e+06,4,RTS,20
7.91462e+06,16,RTS,20
7.91469e+06,20,CTS,14
7.91475e+06,16,QOSDATA_TID6,1066
7.91494e+06,20,ACK,14
7.91498e+06,16,CTL,20
7.91506e+06,6,RTS,20
7.91513e+06,20,CTS,14
7.91519e+06,6,QOSDATA_TID6,1066
7.91538e+06,20,ACK,14
7.91542e+06,6,CTL,20
7.91551e+06,0,RTS,20
7.91551e+06,18,RTS,20
7.91551e+06,7,RTS,20
7.91551e+06,1,RTS,20
7.91551e+06,9,RTS,20
7.91551e+06,19,RTS,20
7.9156e+06,4,RTS,20
7.91567e+06,20,CTS,14
7.91573e+06,4,QOSDATA_TID6,1066
7.91592e+06,20,ACK,14
7.91596e+06,4,CTL,20
7.91605e+06,11,RTS,20
7.91605e+06,2,RTS,20
7.91605e+06,0,CTS,14
7.91618e+06,0,RTS,20
7.91625e+06,20,CTS,14
7.91631e+06,0,QOSDATA_TID6,1066
7.91649e+06,20,ACK,14
7.91653e+06,0,CTL,20
7.91662e+06,10,RTS,20
7.91662e+06,15,RTS,20
7.91662e+06,8,RTS,20
7.91662e+06,13,RTS,20
7.91674e+06,3,RTS,20
7.9168e+06,20,CTS,14
7.91686e+06,3,QOSDATA_TID6,1066
7.91705e+06,20,ACK,14
7.91709e+06,3,QOSDATA_TID6,1066
7.91728e+06,20,ACK,14
7.91732e+06,3,QOSDATA_TID6,1066
7.9175e+06,20,ACK,14
7.91755e+06,3,QOSDATA_TID6,1066
7.91773e+06,20,ACK,14
7.91778e+06,3,CTL,20
7.91786e+06,4,RTS,20
7.91793e+06,20,CTS,14
7.91799e+06,4,QOSDATA_TID6,1066
7.91817e+06,20,ACK,14
7.91822e+06,4,CTL,20
7.9183e+06,17,RTS,20
7.9183e+06,9,RTS,20
7.9183e+06,18,RTS,20
7.91837e+06,20,CTS,14
7.91843e+06,17,QOSDATA_TID6,1066
7.91862e+06,20,ACK,14
7.91866e+06,17,CTL,20
7.91876e+06,5,RTS,20
7.91876e+06,12,RTS,20
7.91876e+06,11,RTS,20
7.91876e+06,13,RTS,20
7.91885e+06,19,RTS,20
7.91885e+06,9,RTS,20
7.91892e+06,20,CTS,14
7.91898e+06,19,QOSDATA_TID6,1066
7.91916e+06,20,ACK,14
7.91921e+06,19,CTL,20
7.9193e+06,12,RTS,20
7.91936e+06,20,CTS,14
7.91942e+06,12,QOSDATA_TID6,1066
7.91961e+06,20,ACK,14
7.91965e+06,12,CTL,20
7.91974e+06,1,RTS,20
7.91974e+06,13,RTS,20
7.91974e+06,14,RTS,20
7.91974e+06,9,RTS,20
7.91985e+06,18,RTS,20
7.91985e+06,7,RTS,20
7.91992e+06,20,CTS,14
7.91998e+06,7,QOSDATA_TID6,1066
7.92016e+06,20,ACK,14
7.92021e+06,7,QOSDATA_TID6,1066
7.92039e+06,20,ACK,14
7.92044e+06,7,CTL,20
7.92052e+06,14,RTS,20
7.92052e+06,9,RTS,20
7.92063e+06,16,RTS,20
7.9207e+06,20,CTS,14
7.92076e+06,16,QOSDATA_TID6,1066
7.92094e+06,20,ACK,14
7.92099e+06,16,CTL,20
7.92108e+06,0,RTS,20
7.92108e+06,10,RTS,20
7.92115e+06,20,CTS,14
7.92121e+06,0,QOSDATA_TID6,1066
7.92139e+06,20,ACK,14
7.92144e+06,0,CTL,20
7.92153e+06,11,RTS,20
7.9216e+06,20,CTS,14
7.92166e+06,11,QOSDATA_TID6,1066
7.92184e+06,20,ACK,14
7.92189e+06,11,QOSDATA_TID6,1066
7.92207e+06,20,ACK,14
7.92212e+06,11,CTL,20
7.9222e+06,1,RTS,20
7.9222e+06,8,RTS,20
7.9222e+06,9,RTS,20
7.9222e+06,15,RTS,20
7.9222e+06,18,RTS,20
7.92231e+06,7,RTS,20
7.92238e+06,20,CTS,14
7.92244e+06,7,QOSDATA_TID6,1066
7.92262e+06,20,ACK,14
7.92267e+06,7,CTL,20
7.92275e+06,2,RTS,20
7.92282e+06,20,CTS,14
7.92288e+06,2,QOSDATA_TID6,1066
7.92306e+06,20,ACK,14
7.92311e+06,2,QOSDATA_TID6,1066
7.92329e+06,20,ACK,14
7.92334e+06,2,CTL,20
7.92342e+06,3,RTS,20
7.92342e+06,8,RTS,20
7.92342e+06,6,RTS,20
7.92342e+06,12,RTS,20
7.92342e+06,11,RTS,20
7.92342e+06,15,RTS,20
7.92352e+06,10,RTS,20
7.92359e+06,20,CTS,14
7.92365e+06,10,QOSDATA_TID6,1066
7.92383e+06,20,ACK,14
7.92388e+06,10,CTL,20
7.92396e+06,3,RTS,20
7.92396e+06,12,RTS,20
7.92396e+06,11,RTS,20
7.92403e+06,20,CTS,14
7.92409e+06,12,QOSDATA_TID6,1066
7.92427e+06,20,ACK,14
7.92432e+06,12,CTL,20
7.92441e+06,17,RTS,20
7.92441e+06,5,RTS,20
7.92441e+06,19,RTS,20
7.92441e+06,13,RTS,20
7.92441e+06,15,RTS,20
7.92441e+06,9,RTS,20
7.92451e+06,11,RTS,20
7.92458e+06,20,CTS,14
7.92464e+06,11,QOSDATA_TID6,1066
7.92482e+06,20,ACK,14
7.92487e+06,11,CTL,20
7.92496e+06,4,RTS,20
7.92496e+06,1,RTS,20
7.92496e+06,17,RTS,20
7.92496e+06,19,RTS,20
7.92496e+06,5,RTS,20
7.92496e+06,18,RTS,20
7.92496e+06,10,RTS,20
7.92507e+06,8,RTS,20
7.92514e+06,20,CTS,14
7.9252e+06,8,QOSDATA_TID6,1066
7.92538e+06,20,ACK,14
7.92542e+06,8,QOSDATA_TID6,1066
7.92561e+06,20,ACK,14
7.92565e+06,8,CTL,20
7.92574e+06,17,RTS,20
7.92574e+06,3,RTS,20
7.92574e+06,10,RTS,20
7.92581e+06,20,CTS,14
7.92587e+06,17,QOSDATA_TID6,1066
7.92605e+06,20,ACK,14
7.9261e+06,17,CTL,20
7.92619e+06,19,RTS,20
7.92619e+06,2,RTS,20
7.92619e+06,6,RTS,20
7.92619e+06,14,RTS,20
7.92631e+06,4,RTS,20
7.92637e+06,20,CTS,14
7.92643e+06,4,QOSDATA_TID6,1066
7.92662e+06,20,ACK,14
7.92666e+06,4,CTL,20
7.92675e+06,13,RTS,20
7.92675e+06,18,RTS,20
7.92686e+06,8,RTS,20
7.92686e+06,14,RTS,20
7.92692e+06,20,CTS,14
7.92698e+06,8,QOSDATA_TID6,1066
7.92717e+06,20,ACK,14
7.92721e+06,8,CTL,20
7.9273e+06,18,RTS,20
7.92736e+06,20,CTS,14
7.92742e+06,18,QOSDATA_TID6,1066
7.92761e+06,20,ACK,14
7.92765e+06,18,QOSDATA_TID6,1066
7.92784e+06,20,ACK,14
7.92788e+06,18,CTL,20
7.92798e+06,3,RTS,20
7.92798e+06,14,RTS,20
7.92798e+06,15,RTS,20
7.92807e+06,5,RTS,20
7.92814e+06,20,CTS,14
7.9282e+06,5,QOSDATA_TID6,1066
7.92839e+06,20,ACK,14
7.92843e+06,5,QOSDATA_TID6,1066
7.92861e+06,20,ACK,14
7.92866e+06,5,CTL,20
7.92874e+06,14,RTS,20
7.92881e+06,20,CTS,14
7.92887e+06,14,QOSDATA_TID6,1066
7.92906e+06,20,ACK,14
7.9291e+06,14,QOSDATA_TID6,1066
7.92928e+06,20,ACK,14
7.92933e+06,14,CTL,20
7.92942e+06,15,RTS,20
7.92942e+06,3,RTS,20
7.92942e+06,16,RTS,20
7.92952e+06,7,RTS,20
7.92959e+06,20,CTS,14
7.92965e+06,7,QOSDATA_TID6,1066
7.92983e+06,20,ACK,14
7.92988e+06,7,CTL,20
7.92996e+06,16,RTS,20
7.92996e+06,0,RTS,20
7.93003e+06,20,CTS,14
7.93009e+06,0,QOSDATA_TID6,1066
7.93028e+06,20,ACK,14
7.93032e+06,0,CTL,20
7.93041e+06,12,RTS,20
7.93047e+06,20,CTS,14
7.93053e+06,12,QOSDATA_TID6,1066
7.93072e+06,20,ACK,14
7.93076e+06,12,CTL,20
7.93085e+06,1,RTS,20
7.93085e+06,6,RTS,20
7.93085e+06,9,RTS,20
7.93096e+06,10,RTS,20
7.93102e+06,20,CTS,14
7.93108e+06,10,QOSDATA_TID6,1066
7.93127e+06,20,ACK,14
7.93131e+06,10,CTL,20
7.9314e+06,13,RTS,20
7.93146e+06,20,CTS,14
7.93152e+06,13,QOSDATA_TID6,1066
7.93171e+06,20,ACK,14
7.93175e+06,13,QOSDATA_TID6,1066
7.93194e+06,20,ACK,14
7.93198e+06,13,QOSDATA_TID6,1066
7.93216e+06,20,ACK,14
7.93221e+06,13,CTL,20
7.9323e+06,5,RTS,20
7.93236e+06,20,CTS,14
7.93242e+06,5,QOSDATA_TID6,1066
7.93261e+06,20,ACK,14
7.93265e+06,5,CTL,20
7.93274e+06,17,RTS,20
7.93274e+06,19,RTS,20
7.9328e+06,20,CTS,14
7.93286e+06,17,QOSDATA_TID6,1066
7.93305e+06,20,ACK,14
7.93309e+06,17,CTL,20
7.93318e+06,11,RTS,20
7.93318e+06,15,RTS,20
7.93328e+06,2,RTS,20
7.93328e+06,9,RTS,20
7.93334e+06,20,CTS,14
7.9334e+06,2,QOSDATA_TID6,1066
7.93359e+06,20,ACK,14
7.93363e+06,2,QOSDATA_TID6,1066
7.93382e+06,20,ACK,14
7.93386e+06,2,CTL,20
7.93396e+06,6,RTS,20
7.93396e+06,16,RTS,20
7.93406e+06,3,RTS,20
7.93413e+06,20,CTS,14
7.93419e+06,3,QOSDATA_TID6,1066
7.93438e+06,20,ACK,14
7.93442e+06,3,QOSDATA_TID6,1066
7.9346e+06,20,ACK,14
7.93465e+06,3,CTL,20
7.93474e+06,9,RTS,20
7.93474e+06,18,RTS,20
7.93474e+06,8,RTS,20
7.93481e+06,20,CTS,14
7.93487e+06,8,QOSDATA_TID6,1066
7.93505e+06,20,ACK,14
7.9351e+06,8,CTL,20
7.93519e+06,9,RTS,20
7.93519e+06,14,RTS,20
7.9353e+06,4,RTS,20
7.93537e+06,20,CTS,14
7.93543e+06,4,QOSDATA_TID6,1066
7.93561e+06,20,ACK,14
7.93566e+06,4,CTL,20
7.93574e+06,16,RTS,20
7.93581e+06,20,CTS,14
7.93587e+06,16,QOSDATA_TID6,1066
7.93605e+06,20,ACK,14
7.9361e+06,16,CTL,20
7.93618e+06,11,RTS,20
7.93625e+06,20,CTS,14
7.93631e+06,11,QOSDATA_TID6,1066
7.9365e+06,20,ACK,14
7.93654e+06,11,CTL,20
7.93663e+06,6,RTS,20
7.93663e+06,10,RTS,20
7.9367e+06,20,CTS,14
7.93676e+06,6,QOSDATA_TID6,1066
7.93694e+06,20,ACK,14
7.93698e+06,6,QOSDATA_TID6,1066
7.93717e+06,20,ACK,14
7.93721e+06,6,CTL,20
7.9373e+06,1,RTS,20
7.93736e+06,20,CTS,14
7.93742e+06,1,QOSDATA_TID6,1066
7.93761e+06,20,ACK,14
7.93765e+06,1,QOSDATA_TID6,1066
7.93784e+06,20,ACK,14
7.93788e+06,1,QOSDATA_TID6,1066
7.93806e+06,20,ACK,14
7.93811e+06,1,CTL,20
7.9382e+06,0,RTS,20
7.9382e+06,15,RTS,20
7.9382e+06,14,RTS,20
7.93829e+06,16,RTS,20
7.93836e+06,20,CTS,14
7.93842e+06,16,QOSDATA_TID6,1066
7.9386e+06,20,ACK,14
7.93865e+06,16,CTL,20
7.93874e+06,7,RTS,20
7.93874e+06,19,RTS,20
7.93874e+06,13,RTS,20
7.93874e+06,15,RTS,20
7.93874e+06,0,RTS,20
7.93874e+06,18,RTS,20
7.93884e+06,3,RTS,20
7.93884e+06,11,RTS,20
7.93898e+06,0,CTS,14
7.93898e+06,14,RTS,20
7.9391e+06,0,RTS,20
7.9391e+06,12,RTS,20
7.93917e+06,20,CTS,14
7.93923e+06,12,QOSDATA_TID6,1066
7.93942e+06,20,ACK,14
7.93946e+06,12,CTL,20
7.93956e+06,17,RTS,20
7.93956e+06,19,RTS,20
7.93956e+06,14,RTS,20
7.93956e+06,18,RTS,20
7.93965e+06,1,RTS,20
7.93972e+06,20,CTS,14
7.93978e+06,1,QOSDATA_TID6,1066
7.93997e+06,20,ACK,14
7.94001e+06,1,CTL,20
7.9401e+06,14,RTS,20
7.94016e+06,20,CTS,14
7.94022e+06,14,QOSDATA_TID6,1066
7.94041e+06,20,ACK,14
7.94045e+06,14,CTL,20
7.94054e+06,6,RTS,20
7.94054e+06,0,RTS,20
7.94054e+06,9,RTS,20
7.94064e+06,15,RTS,20
7.9407e+06,20,CTS,14
7.94076e+06,15,QOSDATA_TID6,1066
7.94095e+06,20,ACK,14
7.94099e+06,15,QOSDATA_TID6,1066
7.94118e+06,20,ACK,14
7.94122e+06,15,QOSDATA_TID6,1066
7.9414e+06,20,ACK,14
7.94145e+06,15,CTL,20
7.94153e+06,17,RTS,20
7.94153e+06,2,RTS,20
7.9416e+06,20,CTS,14
7.94166e+06,17,QOSDATA_TID6,1066
7.94185e+06,20,ACK,14
7.94189e+06,17,CTL,20
7.94198e+06,19,RTS,20
7.94198e+06,11,RTS,20
7.94198e+06,6,RTS,20
7.94198e+06,10,RTS,20
7.9421e+06,2,RTS,20
7.9421e+06,7,RTS,20
7.9422e+06,19,RTS,20
7.94227e+06,20,CTS,14
7.94233e+06,19,QOSDATA_TID6,1066
7.94251e+06,20,ACK,14
7.94256e+06,19,QOSDATA_TID6,1066
7.94274e+06,20,ACK,14
7.94278e+06,19,CTL,20
7.94288e+06,5,RTS,20
7.94295e+06,20,CTS,14
7.94301e+06,5,QOSDATA_TID6,1066
7.94319e+06,20,ACK,14
7.94323e+06,5,CTL,20
7.94332e+06,0,RTS,20
7.94332e+06,18,RTS,20
7.94332e+06,6,RTS,20
7.94332e+06,4,RTS,20
7.94332e+06,14,RTS,20
7.94342e+06,3,RTS,20
7.94349e+06,20,CTS,14
7.94355e+06,3,QOSDATA_TID6,1066
7.94373e+06,20,ACK,14
7.94377e+06,3,CTL,20
7.94386e+06,18,RTS,20
7.94386e+06,8,RTS,20
7.94393e+06,20,CTS,14
7.94399e+06,8,QOSDATA_TID6,1066
7.94417e+06,20,ACK,14
7.94422e+06,8,CTL,20
7.9443e+06,9,RTS,20
7.94437e+06,20,CTS,14
7.94443e+06,9,QOSDATA_TID6,1066
7.94462e+06,20,ACK,14
7.94466e+06,9,QOSDATA_TID6,1066
7.94484e+06,20,ACK,14
7.94489e+06,9,QOSDATA_TID6,1066
7.94507e+06,20,ACK,14
7.94512e+06,9,QOSDATA_TID6,1066
7.9453e+06,20,ACK,14
7.94534e+06,9,CTL,20
7.94543e+06,10,RTS,20
7.94543e+06,0,RTS,20
7.94543e+06,13,RTS,20
7.94554e+06,16,RTS,20
7.94561e+06,20,CTS,14
7.94567e+06,16,QOSDATA_TID6,1066
7.94586e+06,20,ACK,14
7.9459e+06,16,CTL,20
7.94599e+06,11,RTS,20
7.94606e+06,20,CTS,14
7.94612e+06,11,QOSDATA_TID6,1066
7.9463e+06,20,ACK,14
7.94634e+06,11,CTL,20
7.94643e+06,12,RTS,20
7.94643e+06,7,RTS,20
7.94643e+06,13,RTS,20
7.94643e+06,0,RTS,20
7.94654e+06,4,RTS,20
7.9466e+06,20,CTS,14
7.94666e+06,4,QOSDATA_TID6,1066
7.94685e+06,20,ACK,14
7.94689e+06,4,CTL,20
7.94698e+06,19,RTS,20
7.94698e+06,2,RTS,20
7.94698e+06,3,RTS,20
7.94698e+06,9,RTS,20
7.94698e+06,14,RTS,20
7.94708e+06,10,RTS,20
7.94714e+06,20,CTS,14
7.9472e+06,10,QOSDATA_TID6,1066
7.94739e+06,20,ACK,14
7.94743e+06,10,QOSDATA_TID6,1066
7.94762e+06,20,ACK,14
7.94766e+06,10,CTL,20
7.94775e+06,17,RTS,20
7.94775e+06,7,RTS,20
7.94785e+06,11,RTS,20
7.94792e+06,20,CTS,14
7.94798e+06,11,QOSDATA_TID6,1066
7.94816e+06,20,ACK,14
7.94821e+06,11,CTL,20
7.9483e+06,5,RTS,20
7.9483e+06,0,RTS,20
7.9483e+06,18,RTS,20
7.9483e+06,14,RTS,20
7.94836e+06,20,CTS,14
7.94842e+06,5,QOSDATA_TID6,1066
7.94861e+06,20,ACK,14
7.94865e+06,5,CTL,20
7.94874e+06,15,RTS,20
7.9488e+06,20,CTS,14
7.94886e+06,15,QOSDATA_TID6,1066
7.94905e+06,20,ACK,14
7.94909e+06,15,CTL,20
7.94918e+06,6,RTS,20
7.94918e+06,12,RTS,20
7.94918e+06,1,RTS,20
7.94918e+06,2,RTS,20
7.94929e+06,18,RTS,20
7.94929e+06,13,RTS,20
7.9494e+06,17,RTS,20
7.94947e+06,20,CTS,14
7.94953e+06,17,QOSDATA_TID6,1066
7.94971e+06,20,ACK,14
7.94976e+06,17,CTL,20
7.94984e+06,18,RTS,20
7.94991e+06,20,CTS,14
7.94997e+06,18,QOSDATA_TID6,1066
7.95016e+06,20,ACK,14
7.9502e+06,18,CTL,20
7.95029e+06,6,RTS,20
7.95029e+06,19,RTS,20
7.9504e+06,2,RTS,20
7.95047e+06,20,CTS,14
7.95053e+06,2,QOSDATA_TID6,1066
7.95071e+06,20,ACK,14
7.95076e+06,2,QOSDATA_TID6,1066
7.95094e+06,20,ACK,14
7.95099e+06,2,CTL,20
7.95107e+06,18,RTS,20
7.95107e+06,13,RTS,20
7.95119e+06,14,RTS,20
7.95119e+06,8,RTS,20
7.95119e+06,1,RTS,20
7.9513e+06,10,RTS,20
7.9513e+06,4,RTS,20
7.9514e+06,14,RTS,20
7.95147e+06,20,CTS,14
7.95153e+06,14,QOSDATA_TID6,1066
7.95172e+06,20,ACK,14
7.95176e+06,14,QOSDATA_TID6,1066
7.95194e+06,20,ACK,14
7.95199e+06,14,CTL,20
7.95208e+06,4,RTS,20
7.95215e+06,20,CTS,14
7.95221e+06,4,QOSDATA_TID6,1066
7.95239e+06,20,ACK,14
7.95244e+06,4,CTL,20
7.95252e+06,7,RTS,20
7.95252e+06,6,RTS,20
7.95263e+06,3,RTS,20
7.9527e+06,20,CTS,14
7.95276e+06,3,QOSDATA_TID6,1066
7.95294e+06,20,ACK,14
7.95299e+06,3,CTL,20
7.95308e+06,9,RTS,20
7.95308e+06,16,RTS,20
7.95319e+06,0,RTS,20
7.95319e+06,6,RTS,20
7.95329e+06,19,RTS,20
7.95336e+06,20,CTS,14
7.95342e+06,19,QOSDATA_TID6,1066
7.9536e+06,20,ACK,14
7.95364e+06,19,CTL,20
7.95373e+06,16,RTS,20
7.9538e+06,20,CTS,14
7.95386e+06,16,QOSDATA_TID6,1066
7.95404e+06,20,ACK,14
7.95408e+06,16,CTL,20
7.95417e+06,13,RTS,20
7.95417e+06,9,RTS,20
7.95417e+06,0,RTS,20
7.95417e+06,6,RTS,20
7.95417e+06,10,RTS,20
7.95427e+06,12,RTS,20
7.95434e+06,20,CTS,14
7.9544e+06,12,QOSDATA_TID6,1066
7.95458e+06,20,ACK,14
7.95462e+06,12,QOSDATA_TID6,1066
7.95481e+06,20,ACK,14
7.95485e+06,12,CTL,20
7.95494e+06,11,RTS,20
7.95501e+06,20,CTS,14
7.95507e+06,11,QOSDATA_TID6,1066
7.95525e+06,20,ACK,14
7.9553e+06,11,CTL,20
7.95538e+06,17,RTS,20
7.95538e+06,19,RTS,20
7.95538e+06,3,RTS,20
7.95538e+06,9,RTS,20
7.95538e+06,6,RTS,20
7.95538e+06,10,RTS,20
7.95548e+06,8,RTS,20
7.95548e+06,1,RTS,20
7.95548e+06,7,RTS,20
7.95559e+06,19,RTS,20
7.95559e+06,6,RTS,20
7.95559e+06,3,RTS,20
7.95559e+06,9,RTS,20
7.95559e+06,0,RTS,20
7.95559e+06,18,RTS,20
7.95572e+06,19,RTS,20
7.95572e+06,3,RTS,20
7.95578e+06,20,CTS,14
7.95584e+06,19,QOSDATA_TID6,1066
7.95603e+06,20,ACK,14
7.95607e+06,19,CTL,20
7.95617e+06,18,RTS,20
7.95624e+06,20,CTS,14
7.9563e+06,18,QOSDATA_TID6,1066
7.95648e+06,20,ACK,14
7.95652e+06,18,CTL,20
7.95661e+06,2,RTS,20
7.95661e+06,3,RTS,20
7.95661e+06,8,RTS,20
7.95671e+06,0,RTS,20
7.95671e+06,15,RTS,20
7.95683e+06,17,RTS,20
7.9569e+06,20,CTS,14
7.95696e+06,17,QOSDATA_TID6,1066
7.95714e+06,20,ACK,14
7.95718e+06,17,CTL,20
7.95727e+06,5,RTS,20
7.95727e+06,4,RTS,20
7.95734e+06,20,CTS,14
7.9574e+06,5,QOSDATA_TID6,1066
7.95758e+06,20,ACK,14
7.95763e+06,5,CTL,20
7.95772e+06,7,RTS,20
7.95772e+06,3,RTS,20
7.95772e+06,10,RTS,20
7.95779e+06,20,CTS,14
7.95785e+06,7,QOSDATA_TID6,1066
7.95803e+06,20,ACK,14
7.95808e+06,7,QOSDATA_TID6,1066
7.95826e+06,20,ACK,14
7.9583e+06,7,QOSDATA_TID6,1066
7.95849e+06,20,ACK,14
7.95853e+06,7,CTL,20
7.95862e+06,1,RTS,20
7.95862e+06,2,RTS,20
7.95873e+06,13,RTS,20
7.95879e+06,20,CTS,14
7.95885e+06,13,QOSDATA_TID6,1066
7.95904e+06,20,ACK,14
7.95908e+06,13,QOSDATA_TID6,1066
7.95927e+06,20,ACK,14
7.95931e+06,13,QOSDATA_TID6,1066
7.9595e+06,20,ACK,14
7.95954e+06,13,CTL,20
7.95962e+06,15,RTS,20
7.95969e+06,20,CTS,14
7.95975e+06,15,QOSDATA_TID6,1066
7.95994e+06,20,ACK,14
7.95998e+06,15,CTL,20
7.96007e+06,14,RTS,20
7.96007e+06,8,RTS,20
7.96007e+06,18,RTS,20
7.96014e+06,20,CTS,14
7.9602e+06,8,QOSDATA_TID6,1066
7.96038e+06,20,ACK,14
7.96042e+06,8,QOSDATA_TID6,1066
7.96061e+06,20,ACK,14
7.96065e+06,8,CTL,20
7.96074e+06,3,RTS,20
7.9608e+06,20,CTS,14
7.96086e+06,3,QOSDATA_TID6,1066
7.96105e+06,20,ACK,14
7.96109e+06,3,CTL,20
7.96118e+06,18,RTS,20
7.96118e+06,6,RTS,20
7.96118e+06,14,RTS,20
7.96128e+06,1,RTS,20
7.96128e+06,16,RTS,20
7.96134e+06,20,CTS,14
7.9614e+06,1,QOSDATA_TID6,1066
7.96159e+06,20,ACK,14
7.96163e+06,1,QOSDATA_TID6,1066
7.96182e+06,20,ACK,14
7.96186e+06,1,CTL,20
7.96195e+06,7,RTS,20
7.96195e+06,13,RTS,20
7.96195e+06,6,RTS,20
7.96205e+06,9,RTS,20
7.96212e+06,20,CTS,14
7.96218e+06,9,QOSDATA_TID6,1066
7.96237e+06,20,ACK,14
7.96241e+06,9,QOSDATA_TID6,1066
7.96259e+06,20,ACK,14
7.96264e+06,9,QOSDATA_TID6,1066
7.96282e+06,20,ACK,14
7.96287e+06,9,CTL,20
7.96295e+06,19,RTS,20
7.96295e+06,11,RTS,20
7.96295e+06,7,RTS,20
7.96306e+06,6,RTS,20
7.96313e+06,20,CTS,14
7.96319e+06,6,QOSDATA_TID6,1066
7.96337e+06,20,ACK,14
7.96342e+06,6,QOSDATA_TID6,1066
7.9636e+06,20,ACK,14
7.96364e+06,6,QOSDATA_TID6,1066
7.96383e+06,20,ACK,14
7.96387e+06,6,CTL,20
7.96396e+06,18,RTS,20
7.96396e+06,7,RTS,20
7.96396e+06,1,RTS,20
7.96396e+06,11,RTS,20
7.96406e+06,3,RTS,20
7.96413e+06,20,CTS,14
7.96419e+06,3,QOSDATA_TID6,1066
7.96438e+06,20,ACK,14
7.96442e+06,3,CTL,20
7.96452e+06,10,RTS,20
7.96452e+06,5,RTS,20
7.96452e+06,0,RTS,20
7.96452e+06,16,RTS,20
7.96452e+06,14,RTS,20
7.96458e+06,20,CTS,14
7.96464e+06,5,QOSDATA_TID6,1066
7.96483e+06,20,ACK,14
7.96487e+06,5,CTL,20
7.96496e+06,12,RTS,20
7.96496e+06,16,RTS,20
7.96502e+06,20,CTS,14
7.96508e+06,12,QOSDATA_TID6,1066
7.96527e+06,20,ACK,14
7.96531e+06,12,CTL,20
7.9654e+06,2,RTS,20
7.96547e+06,20,CTS,14
7.96553e+06,2,QOSDATA_TID6,1066
7.96571e+06,20,ACK,14
7.96576e+06,2,QOSDATA_TID6,1066
7.96594e+06,20,ACK,14
7.96598e+06,2,CTL,20
7.96607e+06,19,RTS,20
7.96607e+06,0,RTS,20
7.9662e+06,7,RTS,20
7.96627e+06,20,CTS,14
7.96633e+06,7,QOSDATA_TID6,1066
7.96652e+06,20,ACK,14
7.96656e+06,7,CTL,20
7.96664e+06,13,RTS,20
7.96664e+06,8,RTS,20
7.96671e+06,20,CTS,14
7.96677e+06,8,QOSDATA_TID6,1066
7.96696e+06,20,ACK,14
7.967e+06,8,CTL,20
7.96709e+06,4,RTS,20
7.96716e+06,20,CTS,14
7.96722e+06,4,QOSDATA_TID6,1066
7.9674e+06,20,ACK,14
7.96744e+06,4,QOSDATA_TID6,1066
7.96763e+06,20,ACK,14
7.96767e+06,4,CTL,20
7.96777e+06,17,RTS,20
7.96777e+06,15,RTS,20
7.96777e+06,0,RTS,20
7.96777e+06,18,RTS,20
7.96789e+06,13,RTS,20
7.96796e+06,20,CTS,14
7.96802e+06,13,QOSDATA_TID6,1066
7.9682e+06,20,ACK,14
7.96825e+06,13,CTL,20
7.96833e+06,18,RTS,20
7.9684e+06,20,CTS,14
7.96846e+06,18,QOSDATA_TID6,1066
7.96865e+06,20,ACK,14
7.96869e+06,18,QOSDATA_TID6,1066
7.96887e+06,20,ACK,14
7.96892e+06,18,CTL,20
7.96901e+06,17,RTS,20
7.96901e+06,19,RTS,20
7.96901e+06,1,RTS,20
7.96912e+06,15,RTS,20
7.96912e+06,14,RTS,20
7.96922e+06,19,RTS,20
7.96929e+06,20,CTS,14
7.96935e+06,19,QOSDATA_TID6,1066
7.96953e+06,20,ACK,14
7.96957e+06,19,CTL,20
7.96967e+06,17,RTS,20
7.96967e+06,11,RTS,20
7.96967e+06,16,RTS,20
7.96967e+06,0,RTS,20
7.96967e+06,10,RTS,20
7.96977e+06,9,RTS,20
7.96977e+06,7,RTS,20
7.96977e+06,13,RTS,20
7.96984e+06,20,CTS,14
7.9699e+06,7,QOSDATA_TID6,1066
7.97008e+06,20,ACK,14
7.97012e+06,7,CTL,20
7.97022e+06,11,RTS,20
7.97029e+06,20,CTS,14
7.97035e+06,11,QOSDATA_TID6,1066
7.97053e+06,20,ACK,14
7.97057e+06,11,CTL,20
7.97066e+06,16,RTS,20
7.97066e+06,12,RTS,20
7.97073e+06,20,CTS,14
7.97079e+06,12,QOSDATA_TID6,1066
7.97097e+06,20,ACK,14
7.97102e+06,12,CTL,20
7.97111e+06,16,RTS,20
7.97111e+06,3,RTS,20
7.97121e+06,15,RTS,20
7.97128e+06,20,CTS,14
7.97134e+06,15,QOSDATA_TID6,1066
7.97152e+06,20,ACK,14
7.97156e+06,15,CTL,20
7.97165e+06,19,RTS,20
7.97172e+06,20,CTS,14
7.97178e+06,19,QOSDATA_TID6,1066
7.97196e+06,20,ACK,14
7.97201e+06,19,CTL,20
7.97209e+06,6,RTS,20
7.97216e+06,20,CTS,14
7.97222e+06,6,QOSDATA_TID6,1066
7.9724e+06,20,ACK,14
7.97245e+06,6,CTL,20
7.97254e+06,14,RTS,20
7.97254e+06,13,RTS,20
7.97254e+06,11,RTS,20
7.97263e+06,2,RTS,20
7.9727e+06,20,CTS,14
7.97276e+06,2,QOSDATA_TID6,1066
7.97294e+06,20,ACK,14
7.97299e+06,2,CTL,20
7.97308e+06,9,RTS,20
7.97308e+06,10,RTS,20
7.97308e+06,4,RTS,20
7.97317e+06,15,RTS,20
7.97317e+06,14,RTS,20
7.97327e+06,5,RTS,20
7.97334e+06,20,CTS,14
7.9734e+06,5,QOSDATA_TID6,1066
7.97358e+06,20,ACK,14
7.97363e+06,5,CTL,20
7.97371e+06,1,RTS,20
7.97371e+06,3,RTS,20
7.97378e+06,20,CTS,14
7.97384e+06,1,QOSDATA_TID6,1066
7.97402e+06,20,ACK,14
7.97407e+06,1,QOSDATA_TID6,1066
7.97425e+06,20,ACK,14
7.9743e+06,1,CTL,20
7.97438e+06,15,RTS,20
7.97445e+06,20,CTS,14
7.97451e+06,15,QOSDATA_TID6,1066
7.9747e+06,20,ACK,14
7.97474e+06,15,CTL,20
7.97483e+06,17,RTS,20
7.97483e+06,18,RTS,20
7.97483e+06,9,RTS,20
7.97489e+06,20,CTS,14
7.97495e+06,17,QOSDATA_TID6,1066
7.97514e+06,20,ACK,14
7.97518e+06,17,QOSDATA_TID6,1066
7.97537e+06,20,ACK,14
7.97541e+06,17,CTL,20
7.9755e+06,9,RTS,20
7.97556e+06,20,CTS,14
7.97562e+06,9,QOSDATA_TID6,1066
7.97581e+06,20,ACK,14
7.97585e+06,9,CTL,20
7.97594e+06,8,RTS,20
7.97594e+06,0,RTS,20
7.97594e+06,4,RTS,20
7.97594e+06,14,RTS,20
7.97594e+06,13,RTS,20
7.97606e+06,10,RTS,20
7.97613e+06,20,CTS,14
7.97619e+06,10,QOSDATA_TID6,1066
7.97638e+06,20,ACK,14
7.97642e+06,10,QOSDATA_TID6,1066
7.9766e+06,20,ACK,14
7.97665e+06,10,QOSDATA_TID6,1066
7.97683e+06,20,ACK,14
7.97688e+06,10,CTL,20
7.97696e+06,3,RTS,20
7.97703e+06,20,CTS,14
7.97709e+06,3,QOSDATA_TID6,1066
7.97727e+06,20,ACK,14
7.97732e+06,3,CTL,20
7.9774e+06,8,RTS,20
7.97747e+06,20,CTS,14
7.97753e+06,8,QOSDATA_TID6,1066
7.97772e+06,20,ACK,14
7.97776e+06,8,CTL,20
7.97784e+06,11,RTS,20
7.97784e+06,16,RTS,20
7.97784e+06,18,RTS,20
7.97784e+06,14,RTS,20
7.97794e+06,7,RTS,20
7.97801e+06,20,CTS,14
7.97807e+06,7,QOSDATA_TID6,1066
7.97826e+06,20,ACK,14
7.9783e+06,7,CTL,20
7.97838e+06,12,RTS,20
7.97838e+06,13,RTS,20
7.97845e+06,20,CTS,14
7.97851e+06,12,QOSDATA_TID6,1066
7.9787e+06,20,ACK,14
7.97874e+06,12,CTL,20
7.97884e+06,4,RTS,20
7.97884e+06,3,RTS,20
7.97884e+06,18,RTS,20
7.97884e+06,9,RTS,20
7.97893e+06,13,RTS,20
7.979e+06,20,CTS,14
7.97906e+06,13,QOSDATA_TID6,1066
7.97925e+06,20,ACK,14
7.97929e+06,13,QOSDATA_TID6,1066
7.97947e+06,20,ACK,14
7.97952e+06,13,CTL,20
7.9796e+06,14,RTS,20
7.9796e+06,17,RTS,20
7.97967e+06,20,CTS,14
7.97973e+06,17,QOSDATA_TID6,1066
7.97992e+06,20,ACK,14
7.97996e+06,17,CTL,20
7.98006e+06,9,RTS,20
7.98012e+06,20,CTS,14
7.98018e+06,9,QOSDATA_TID6,1066
7.98037e+06,20,ACK,14
7.98041e+06,9,CTL,20
7.9805e+06,19,RTS,20
7.9805e+06,1,RTS,20
7.9805e+06,6,RTS,20
7.9806e+06,3,RTS,20
7.98066e+06,20,CTS,14
7.98072e+06,3,QOSDATA_TID6,1066
7.98091e+06,20,ACK,14
7.98095e+06,3,CTL,20
7.98104e+06,2,RTS,20
7.98104e+06,5,RTS,20
7.9811e+06,20,CTS,14
7.98116e+06,5,QOSDATA_TID6,1066
7.98135e+06,20,ACK,14
7.98139e+06,5,CTL,20
7.98149e+06,1,RTS,20
7.98149e+06,0,RTS,20
7.98149e+06,10,RTS,20
7.9816e+06,2,RTS,20
7.98167e+06,20,CTS,14
7.98173e+06,2,QOSDATA_TID6,1066
7.98192e+06,20,ACK,14
7.98196e+06,2,CTL,20
7.98206e+06,10,RTS,20
7.98206e+06,0,RTS,20
7.98206e+06,1,RTS,20
7.9822e+06,10,RTS,20
7.98226e+06,20,CTS,14
7.98232e+06,10,QOSDATA_TID6,1066
7.98251e+06,20,ACK,14
7.98255e+06,10,CTL,20
7.98264e+06,8,RTS,20
7.98271e+06,20,CTS,14
7.98277e+06,8,QOSDATA_TID6,1066
7.98295e+06,20,ACK,14
7.98299e+06,8,CTL,20
7.9831e+06,1,RTS,20
7.9831e+06,11,RTS,20
7.9831e+06,4,RTS,20
7.9831e+06,15,RTS,20
7.9831e+06,14,RTS,20
7.98322e+06,0,RTS,20
7.98322e+06,16,RTS,20
7.98329e+06,20,CTS,14
7.98335e+06,0,QOSDATA_TID6,1066
7.98354e+06,20,ACK,14
7.98358e+06,0,QOSDATA_TID6,1066
7.98376e+06,20,ACK,14
7.98381e+06,0,QOSDATA_TID6,1066
7.98399e+06,20,ACK,14
7.98404e+06,0,QOSDATA_TID6,1066
7.98422e+06,20,ACK,14
7.98426e+06,0,CTL,20
7.98435e+06,16,RTS,20
7.98442e+06,20,CTS,14
7.98448e+06,16,QOSDATA_TID6,1066
7.98466e+06,20,ACK,14
7.9847e+06,16,QOSDATA_TID6,1066
7.98489e+06,20,ACK,14
7.98493e+06,16,QOSDATA_TID6,1066
7.98512e+06,20,ACK,14
7.98516e+06,16,CTL,20
7.98525e+06,11,RTS,20
7.98532e+06,20,CTS,14
7.98538e+06,11,QOSDATA_TID6,1066
7.98556e+06,20,ACK,14
7.9856e+06,11,QOSDATA_TID6,1066
7.98579e+06,20,ACK,14
7.98583e+06,11,CTL,20
7.98592e+06,9,RTS,20
7.98598e+06,20,CTS,14
7.98604e+06,9,QOSDATA_TID6,1066
7.98623e+06,20,ACK,14
7.98627e+06,9,CTL,20
7.98636e+06,19,RTS,20
7.98643e+06,20,CTS,14
7.98649e+06,19,QOSDATA_TID6,1066
7.98667e+06,20,ACK,14
7.98672e+06,19,CTL,20
7.9868e+06,1,RTS,20
7.9868e+06,18,RTS,20
7.9868e+06,0,RTS,20
7.9868e+06,13,RTS,20
7.98691e+06,7,RTS,20
7.98698e+06,20,CTS,14
7.98704e+06,7,QOSDATA_TID6,1066
7.98722e+06,20,ACK,14
7.98726e+06,7,CTL,20
7.98735e+06,17,RTS,20
7.98735e+06,4,RTS,20
7.98735e+06,15,RTS,20
7.98735e+06,3,RTS,20
7.98742e+06,20,CTS,14
7.98748e+06,17,QOSDATA_TID6,1066
7.98766e+06,20,ACK,14
7.98771e+06,17,CTL,20
7.98779e+06,6,RTS,20
7.98786e+06,20,CTS,14
7.98792e+06,6,QOSDATA_TID6,1066
7.9881e+06,20,ACK,14
7.98815e+06,6,QOSDATA_TID6,1066
7.98833e+06,20,ACK,14
7.98838e+06,6,CTL,20
7.98846e+06,14,RTS,20
7.98846e+06,12,RTS,20
7.98846e+06,11,RTS,20
7.98853e+06,20,CTS,14
7.98859e+06,12,QOSDATA_TID6,1066
7.98877e+06,20,ACK,14
7.98882e+06,12,CTL,20
7.98891e+06,19,RTS,20
7.98891e+06,15,RTS,20
7.98891e+06,2,RTS,20
7.98902e+06,4,RTS,20
7.98909e+06,20,CTS,14
7.98915e+06,4,QOSDATA_TID6,1066
7.98933e+06,20,ACK,14
7.98938e+06,4,QOSDATA_TID6,1066
7.98956e+06,20,ACK,14
7.9896e+06,4,QOSDATA_TID6,1066
7.98979e+06,20,ACK,14
7.98983e+06,4,CTL,20
7.98994e+06,5,RTS,20
7.98994e+06,10,RTS,20
7.99e+06,20,CTS,14
7.99006e+06,5,QOSDATA_TID6,1066
7.99025e+06,20,ACK,14
7.99029e+06,5,CTL,20
7.99041e+06,1,RTS,20
7.99041e+06,3,RTS,20
7.99041e+06,0,RTS,20
7.99051e+06,13,RTS,20
7.99058e+06,20,CTS,14
7.99064e+06,13,QOSDATA_TID6,1066
7.99082e+06,20,ACK,14
7.99087e+06,13,CTL,20
7.99096e+06,8,RTS,20
7.99096e+06,10,RTS,20
7.99102e+06,20,CTS,14
7.99108e+06,8,QOSDATA_TID6,1066
7.99127e+06,20,ACK,14
7.99131e+06,8,CTL,20
7.99142e+06,0,CTS,14
7.99149e+06,0,RTS,20
7.99156e+06,20,CTS,14
7.99162e+06,0,QOSDATA_TID6,1066
7.9918e+06,20,ACK,14
7.99185e+06,0,CTL,20
7.99194e+06,14,RTS,20
7.992e+06,20,CTS,14
7.99206e+06,14,QOSDATA_TID6,1066
7.99225e+06,20,ACK,14
7.99229e+06,14,QOSDATA_TID6,1066
7.99248e+06,20,ACK,14
7.99252e+06,14,QOSDATA_TID6,1066
7.9927e+06,20,ACK,14
7.99275e+06,14,QOSDATA_TID6,1066
7.99293e+06,20,ACK,14
7.99298e+06,14,CTL,20
7.99306e+06,18,RTS,20
7.99306e+06,19,RTS,20
7.99316e+06,15,RTS,20
7.99323e+06,20,CTS,14
7.99329e+06,15,QOSDATA_TID6,1066
7.99347e+06,20,ACK,14
7.99352e+06,15,QOSDATA_TID6,1066
7.9937e+06,20,ACK,14
7.99374e+06,15,CTL,20
7.99383e+06,13,RTS,20
7.9939e+06,20,CTS,14
7.99396e+06,13,QOSDATA_TID6,1066
7.99414e+06,20,ACK,14
7.99418e+06,13,CTL,20
7.99427e+06,16,RTS,20
7.99427e+06,18,RTS,20
7.99427e+06,3,RTS,20
7.99427e+06,9,RTS,20
7.99438e+06,2,RTS,20
7.99445e+06,20,CTS,14
7.99451e+06,2,QOSDATA_TID6,1066
7.99469e+06,20,ACK,14
7.99473e+06,2,CTL,20
7.99482e+06,16,RTS,20
7.99489e+06,20,CTS,14
7.99495e+06,16,QOSDATA_TID6,1066
7.99513e+06,20,ACK,14
7.99518e+06,16,CTL,20
7.99526e+06,7,RTS,20
7.99526e+06,19,RTS,20
7.99526e+06,3,RTS,20
7.99526e+06,0,RTS,20
7.99526e+06,10,RTS,20
7.99537e+06,18,RTS,20
7.99537e+06,11,RTS,20
7.99552e+06,18,RTS,20
7.99559e+06,20,CTS,14
7.99565e+06,18,QOSDATA_TID6,1066
7.99583e+06,20,ACK,14
7.99587e+06,18,QOSDATA_TID6,1066
7.99606e+06,20,ACK,14
7.9961e+06,18,CTL,20
7.99619e+06,3,RTS,20
7.99619e+06,11,RTS,20
7.99629e+06,6,RTS,20
7.99635e+06,20,CTS,14
7.99641e+06,6,QOSDATA_TID6,1066
7.9966e+06,20,ACK,14
7.99664e+06,6,CTL,20
7.99673e+06,5,RTS,20
7.9968e+06,20,CTS,14
7.99686e+06,5,QOSDATA_TID6,1066
7.99704e+06,20,ACK,14
7.99708e+06,5,CTL,20
7.99717e+06,1,RTS,20
7.99717e+06,10,RTS,20
7.99724e+06,20,CTS,14
7.9973e+06,1,QOSDATA_TID6,1066
7.99748e+06,20,ACK,14
7.99753e+06,1,QOSDATA_TID6,1066
7.99771e+06,20,ACK,14
7.99775e+06,1,QOSDATA_TID6,1066
7.99794e+06,20,ACK,14
7.99798e+06,1,CTL,20
7.99807e+06,15,RTS,20
7.99807e+06,10,RTS,20
7.99814e+06,20,CTS,14
7.9982e+06,15,QOSDATA_TID6,1066
7.99838e+06,20,ACK,14
7.99842e+06,15,CTL,20
7.99851e+06,17,RTS,20
7.99851e+06,4,RTS,20
7.99858e+06,20,CTS,14
7.99864e+06,17,QOSDATA_TID6,1066
7.99882e+06,20,ACK,14
7.99887e+06,17,CTL,20
7.99895e+06,8,RTS,20
7.99902e+06,20,CTS,14
7.99908e+06,8,QOSDATA_TID6,1066
7.99926e+06,20,ACK,14
7.99931e+06,8,CTL,20
7.9994e+06,12,RTS,20
7.9994e+06,0,RTS,20
7.99946e+06,20,CTS,14
7.99952e+06,12,QOSDATA_TID6,1066
7.99971e+06,20,ACK,14
7.99975e+06,12,CTL,20
7.99985e+06,2,RTS,20
7.99985e+06,10,RTS,20
7.99991e+06,20,CTS,14
7.99997e+06,2,QOSDATA_TID6,1066
8.00016e+06,20,ACK,14
8.0002e+06,2,CTL,20
8.00029e+06,14,RTS,20
8.00036e+06,20,CTS,14
8.00042e+06,14,QOSDATA_TID6,1066
8.0006e+06,20,ACK,14
8.00064e+06,14,CTL,20
8.00074e+06,18,RTS,20
8.00074e+06,7,RTS,20
8.00074e+06,19,RTS,20
8.00074e+06,11,RTS,20
8.00074e+06,16,RTS,20
8.00074e+06,9,RTS,20
8.00074e+06,4,RTS,20
8.00087e+06,19,RTS,20
8.00094e+06,20,CTS,14
8.001e+06,19,QOSDATA_TID6,1066
8.00118e+06,20,ACK,14
8.00123e+06,19,QOSDATA_TID6,1066
8.00141e+06,20,ACK,14
8.00145e+06,19,CTL,20
8.00155e+06,16,RTS,20
8.00155e+06,9,RTS,20
8.00169e+06,0,CTS,14
8.00182e+06,0,RTS,20
8.00188e+06,20,CTS,14
8.00194e+06,0,QOSDATA_TID6,1066
8.00213e+06,20,ACK,14
8.00217e+06,0,QOSDATA_TID6,1066
8.00236e+06,20,ACK,14
8.0024e+06,0,CTL,20
8.00248e+06,9,RTS,20
8.00255e+06,20,CTS,14
8.00261e+06,9,QOSDATA_TID6,1066
8.0028e+06,20,ACK,14
8.00284e+06,9,QOSDATA_TID6,1066
8.00302e+06,20,ACK,14
8.00307e+06,9,CTL,20
8.00315e+06,20,BEACON,152
8.00341e+06,13,RTS,20
8.00348e+06,20,CTS,14
8.00354e+06,13,QOSDATA_TID6,1066
8.00372e+06,20,ACK,14
8.00376e+06,13,CTL,20
8.00385e+06,7,RTS,20
8.00385e+06,4,RTS,20
8.00392e+06,20,CTS,14
8.00398e+06,7,QOSDATA_TID6,1066
8.00416e+06,20,ACK,14
8.00421e+06,7,QOSDATA_TID6,1066
8.00439e+06,20,ACK,14
8.00443e+06,7,CTL,20
8.00452e+06,1,RTS,20
8.00452e+06,19,RTS,20
8.00452e+06,3,RTS,20
8.00452e+06,10,RTS,20
8.00462e+06,2,RTS,20
8.00462e+06,17,RTS,20
8.00462e+06,12,RTS,20
8.00462e+06,15,RTS,20
8.00472e+06,16,RTS,20
8.00479e+06,20,CTS,14
8.00485e+06,16,QOSDATA_TID6,1066
8.00504e+06,20,ACK,14
8.00508e+06,16,CTL,20
8.00517e+06,11,RTS,20
8.00517e+06,19,RTS,20
8.00517e+06,6,RTS,20
8.00527e+06,10,RTS,20
8.00527e+06,12,RTS,20
8.00534e+06,20,CTS,14
8.0054e+06,12,QOSDATA_TID6,1066
8.00559e+06,20,ACK,14
8.00563e+06,12,CTL,20
8.00572e+06,10,RTS,20
8.00578e+06,20,CTS,14
8.00584e+06,10,QOSDATA_TID6,1066
8.00603e+06,20,ACK,14
8.00607e+06,10,QOSDATA_TID6,1066
8.00626e+06,20,ACK,14
8.0063e+06,10,CTL,20
8.00639e+06,6,RTS,20
8.00639e+06,5,RTS,20
8.00646e+06,20,CTS,14
8.00652e+06,5,QOSDATA_TID6,1066
8.0067e+06,20,ACK,14
8.00674e+06,5,CTL,20
8.00684e+06,17,RTS,20
8.00691e+06,20,CTS,14
8.00697e+06,17,QOSDATA_TID6,1066
8.00715e+06,20,ACK,14
8.00719e+06,17,CTL,20
8.00728e+06,8,RTS,20
8.00728e+06,1,RTS,20
8.00728e+06,2,RTS,20
8.00728e+06,18,RTS,20
8.00739e+06,4,RTS,20
8.00746e+06,20,CTS,14
8.00752e+06,4,QOSDATA_TID6,1066
8.0077e+06,20,ACK,14
8.00774e+06,4,QOSDATA_TID6,1066
8.00793e+06,20,ACK,14
8.00797e+06,4,CTL,20
8.00806e+06,19,RTS,20
8.00812e+06,20,CTS,14
8.00818e+06,19,QOSDATA_TID6,1066
8.00837e+06,20,ACK,14
8.00841e+06,19,CTL,20
8.0085e+06,1,RTS,20
8.0085e+06,11,RTS,20
8.0085e+06,6,RTS,20
8.0085e+06,15,RTS,20
8.0085e+06,14,RTS,20
8.0086e+06,3,RTS,20
8.00866e+06,20,CTS,14
8.00872e+06,3,QOSDATA_TID6,1066
8.00891e+06,20,ACK,14
8.00895e+06,3,QOSDATA_TID6,1066
8.00914e+06,20,ACK,14
8.00918e+06,3,QOSDATA_TID6,1066
8.00936e+06,20,ACK,14
8.00941e+06,3,CTL,20
8.0095e+06,14,RTS,20
8.0095e+06,15,RTS,20
8.00959e+06,16,RTS,20
8.00966e+06,20,CTS,14
8.00972e+06,16,QOSDATA_TID6,1066
8.0099e+06,20,ACK,14
8.00995e+06,16,CTL,20
8.01004e+06,1,RTS,20
8.01004e+06,2,RTS,20
8.01004e+06,0,RTS,20
8.01014e+06,13,RTS,20
8.01021e+06,20,CTS,14
8.01027e+06,13,QOSDATA_TID6,1066
8.01045e+06,20,ACK,14
8.0105e+06,13,CTL,20
8.01058e+06,2,RTS,20
8.01065e+06,20,CTS,14
8.01071e+06,2,QOSDATA_TID6,1066
8.0109e+06,20,ACK,14
8.01094e+06,2,CTL,20
8.01103e+06,18,RTS,20
8.01103e+06,9,RTS,20
8.01103e+06,8,RTS,20
8.01103e+06,6,RTS,20
8.01103e+06,11,RTS,20
8.01112e+06,7,RTS,20
8.01119e+06,20,CTS,14
8.01125e+06,7,QOSDATA_TID6,1066
8.01144e+06,20,ACK,14
8.01148e+06,7,CTL,20
8.01157e+06,6,RTS,20
8.01163e+06,20,CTS,14
8.01169e+06,6,QOSDATA_TID6,1066
8.01188e+06,20,ACK,14
8.01192e+06,6,QOSDATA_TID6,1066
8.01211e+06,20,ACK,14
8.01215e+06,6,CTL,20
8.01224e+06,12,RTS,20
8.01224e+06,17,RTS,20
8.01224e+06,3,RTS,20
8.01224e+06,9,RTS,20
8.01224e+06,19,RTS,20
8.01233e+06,5,RTS,20
8.01233e+06,14,RTS,20
8.01233e+06,15,RTS,20
8.0124e+06,20,CTS,14
8.01246e+06,5,QOSDATA_TID6,1066
8.01265e+06,20,ACK,14
8.01269e+06,5,CTL,20
8.01278e+06,2,RTS,20
8.01284e+06,20,CTS,14
8.0129e+06,2,QOSDATA_TID6,1066
8.01309e+06,20,ACK,14
8.01313e+06,2,CTL,20
8.01322e+06,11,RTS,20
8.01329e+06,20,CTS,14
8.01335e+06,11,QOSDATA_TID6,1066
8.01353e+06,20,ACK,14
8.01357e+06,11,QOSDATA_TID6,1066
8.01376e+06,20,ACK,14
8.0138e+06,11,QOSDATA_TID6,1066
8.01399e+06,20,ACK,14
8.01403e+06,11,CTL,20
8.01412e+06,1,RTS,20
8.01412e+06,8,RTS,20
8.01412e+06,17,RTS,20
8.01412e+06,19,RTS,20
8.01412e+06,0,RTS,20
8.01422e+06,4,RTS,20
8.01428e+06,20,CTS,14
8.01434e+06,4,QOSDATA_TID6,1066
8.01453e+06,20,ACK,14
8.01457e+06,4,CTL,20
8.01466e+06,9,RTS,20
8.01466e+06,10,RTS,20
8.01476e+06,17,RTS,20
8.01482e+06,20,CTS,14
8.01488e+06,17,QOSDATA_TID6,1066
8.01507e+06,20,ACK,14
8.01511e+06,17,CTL,20
8.0152e+06,8,RTS,20
8.0152e+06,12,RTS,20
8.0153e+06,0,CTS,14
8.0153e+06,18,RTS,20
8.0153e+06,10,RTS,20
8.01542e+06,0,RTS,20
8.01542e+06,1,RTS,20
8.01554e+06,9,RTS,20
8.0156e+06,20,CTS,14
8.01566e+06,9,QOSDATA_TID6,1066
8.01585e+06,20,ACK,14
8.01589e+06,9,CTL,20
8.01599e+06,3,RTS,20
8.01606e+06,20,CTS,14
8.01612e+06,3,QOSDATA_TID6,1066
8.0163e+06,20,ACK,14
8.01634e+06,3,CTL,20
8.01643e+06,10,RTS,20
8.01643e+06,15,RTS,20
8.0165e+06,20,CTS,14
8.01656e+06,15,QOSDATA_TID6,1066
8.01674e+06,20,ACK,14
8.01678e+06,15,QOSDATA_TID6,1066
8.01697e+06,20,ACK,14
8.01701e+06,15,CTL,20
8.01711e+06,14,RTS,20
8.01711e+06,12,RTS,20
8.01718e+06,20,CTS,14
8.01724e+06,12,QOSDATA_TID6,1066
8.01742e+06,20,ACK,14
8.01746e+06,12,CTL,20
8.01756e+06,7,RTS,20
8.01763e+06,20,CTS,14
8.01769e+06,7,QOSDATA_TID6,1066
8.01787e+06,20,ACK,14
8.01792e+06,7,CTL,20
8.018e+06,16,RTS,20
8.018e+06,0,RTS,20
8.018e+06,14,RTS,20
8.01812e+06,9,RTS,20
8.01818e+06,20,CTS,14
8.01824e+06,9,QOSDATA_TID6,1066
8.01843e+06,20,ACK,14
8.01847e+06,9,CTL,20
8.01856e+06,13,RTS,20
8.01863e+06,20,CTS,14
8.01869e+06,13,QOSDATA_TID6,1066
8.01887e+06,20,ACK,14
8.01892e+06,13,CTL,20
8.019e+06,12,RTS,20
8.019e+06,14,RTS,20
8.019e+06,8,RTS,20
8.019e+06,0,RTS,20
8.019e+06,18,RTS,20
8.019e+06,10,RTS,20
8.01912e+06,3,RTS,20
8.01912e+06,11,RTS,20
8.01922e+06,19,RTS,20
8.01929e+06,20,CTS,14
8.01935e+06,19,QOSDATA_TID6,1066
8.01954e+06,20,ACK,14
8.01958e+06,19,QOSDATA_TID6,1066
8.01976e+06,20,ACK,14
8.01981e+06,19,CTL,20
8.01989e+06,17,RTS,20
8.01989e+06,11,RTS,20
8.01989e+06,12,RTS,20
8.01989e+06,6,RTS,20
8.02e+06,10,RTS,20
8.02007e+06,20,CTS,14
8.02013e+06,10,QOSDATA_TID6,1066
8.02031e+06,20,ACK,14
8.02036e+06,10,CTL,20
8.02045e+06,5,RTS,20
8.02045e+06,8,RTS,20
8.02052e+06,20,CTS,14
8.02058e+06,5,QOSDATA_TID6,1066
8.02076e+06,20,ACK,14
8.02081e+06,5,CTL,20
8.0209e+06,3,RTS,20
8.0209e+06,4,RTS,20
8.0209e+06,15,RTS,20
8.02101e+06,12,RTS,20
8.02101e+06,1,RTS,20
8.02108e+06,20,CTS,14
8.02114e+06,12,QOSDATA_TID6,1066
8.02132e+06,20,ACK,14
8.02137e+06,12,CTL,20
8.02145e+06,4,RTS,20
8.02152e+06,20,CTS,14
8.02158e+06,4,QOSDATA_TID6,1066
8.02176e+06,20,ACK,14
8.02181e+06,4,CTL,20
8.0219e+06,15,RTS,20
8.0219e+06,0,RTS,20
8.0219e+06,6,RTS,20
8.0219e+06,10,RTS,20
8.02199e+06,3,RTS,20
8.02199e+06,11,RTS,20
8.0221e+06,14,RTS,20
8.02217e+06,20,CTS,14
8.02223e+06,14,QOSDATA_TID6,1066
8.02241e+06,20,ACK,14
8.02246e+06,14,QOSDATA_TID6,1066
8.02264e+06,20,ACK,14
8.02268e+06,14,CTL,20
8.02277e+06,15,RTS,20
8.02277e+06,10,RTS,20
8.02284e+06,20,CTS,14
8.0229e+06,15,QOSDATA_TID6,1066
8.02308e+06,20,ACK,14
8.02313e+06,15,CTL,20
8.02321e+06,14,RTS,20
8.02328e+06,20,CTS,14
8.02334e+06,14,QOSDATA_TID6,1066
8.02352e+06,20,ACK,14
8.02357e+06,14,CTL,20
8.02365e+06,17,RTS,20
8.02365e+06,1,RTS,20
8.02365e+06,3,RTS,20
8.02365e+06,11,RTS,20
8.02365e+06,16,RTS,20
8.02376e+06,8,RTS,20
8.02376e+06,18,RTS,20
8.02376e+06,0,RTS,20
8.02376e+06,6,RTS,20
8.02387e+06,2,RTS,20
8.02394e+06,20,CTS,14
8.024e+06,2,QOSDATA_TID6,1066
8.02418e+06,20,ACK,14
8.02422e+06,2,CTL,20
8.02433e+06,11,RTS,20
8.0244e+06,20,CTS,14
8.02446e+06,11,QOSDATA_TID6,1066
8.02464e+06,20,ACK,14
8.02468e+06,11,CTL,20
8.02477e+06,1,RTS,20
8.02477e+06,3,RTS,20
8.02477e+06,10,RTS,20
8.02484e+06,20,CTS,14
8.0249e+06,1,QOSDATA_TID6,1066
8.02508e+06,20,ACK,14
8.02513e+06,1,QOSDATA_TID6,1066
8.02531e+06,20,ACK,14
8.02535e+06,1,CTL,20
8.02544e+06,3,RTS,20
8.02551e+06,20,CTS,14
8.02557e+06,3,QOSDATA_TID6,1066
8.02575e+06,20,ACK,14
8.0258e+06,3,CTL,20
8.02588e+06,17,RTS,20
8.02595e+06,20,CTS,14
8.02601e+06,17,QOSDATA_TID6,1066
8.02619e+06,20,ACK,14
8.02624e+06,17,CTL,20
8.02632e+06,9,RTS,20
8.02632e+06,6,RTS,20
8.02632e+06,10,RTS,20
8.02642e+06,8,RTS,20
8.02642e+06,12,RTS,20
8.02642e+06,7,RTS,20
8.02642e+06,16,RTS,20
8.02642e+06,13,RTS,20
8.02652e+06,9,RTS,20
8.02659e+06,20,CTS,14
8.02665e+06,9,QOSDATA_TID6,1066
8.02683e+06,20,ACK,14
8.02688e+06,9,CTL,20
8.02696e+06,18,RTS,20
8.02696e+06,19,RTS,20
8.02696e+06,12,RTS,20
8.02696e+06,11,RTS,20
8.02703e+06,20,CTS,14
8.02709e+06,12,QOSDATA_TID6,1066
8.02727e+06,20,ACK,14
8.02732e+06,12,CTL,20
8.0274e+06,18,RTS,20
8.02747e+06,20,CTS,14
8.02753e+06,18,QOSDATA_TID6,1066
8.02772e+06,20,ACK,14
8.02776e+06,18,QOSDATA_TID6,1066
8.02794e+06,20,ACK,14
8.02799e+06,18,QOSDATA_TID6,1066
8.02817e+06,20,ACK,14
8.02822e+06,18,CTL,20
8.0283e+06,0,RTS,20
8.0283e+06,3,RTS,20
8.0283e+06,5,RTS,20
8.0283e+06,8,RTS,20
8.0284e+06,17,RTS,20
8.02847e+06,20,CTS,14
8.02853e+06,17,QOSDATA_TID6,1066
8.02871e+06,20,ACK,14
8.02876e+06,17,CTL,20
8.02884e+06,4,RTS,20
8.02884e+06,15,RTS,20
8.02891e+06,20,CTS,14
8.02897e+06,15,QOSDATA_TID6,1066
8.02916e+06,20,ACK,14
8.0292e+06,15,CTL,20
8.02929e+06,1,RTS,20
8.02929e+06,2,RTS,20
8.02929e+06,11,RTS,20
8.02929e+06,3,RTS,20
8.0294e+06,6,RTS,20
8.02947e+06,20,CTS,14
8.02953e+06,6,QOSDATA_TID6,1066
8.02971e+06,20,ACK,14
8.02976e+06,6,QOSDATA_TID6,1066
8.02994e+06,20,ACK,14
8.02998e+06,6,CTL,20
8.03007e+06,0,RTS,20
8.03007e+06,2,RTS,20
8.03007e+06,10,RTS,20
8.03007e+06,3,RTS,20
8.03007e+06,1,RTS,20
8.03018e+06,7,RTS,20
8.03018e+06,13,RTS,20
8.03025e+06,20,CTS,14
8.03031e+06,7,QOSDATA_TID6,1066
8.03049e+06,20,ACK,14
8.03053e+06,7,CTL,20
8.03062e+06,2,RTS,20
8.03062e+06,3,RTS,20
8.03069e+06,20,CTS,14
8.03075e+06,2,QOSDATA_TID6,1066
8.03093e+06,20,ACK,14
8.03098e+06,2,CTL,20
8.03107e+06,18,RTS,20
8.03107e+06,13,RTS,20
8.03117e+06,14,RTS,20
8.03124e+06,20,CTS,14
8.0313e+06,14,QOSDATA_TID6,1066
8.03148e+06,20,ACK,14
8.03152e+06,14,CTL,20
8.03161e+06,13,RTS,20
8.03161e+06,1,RTS,20
8.03168e+06,20,CTS,14
8.03174e+06,1,QOSDATA_TID6,1066
8.03192e+06,20,ACK,14
8.03197e+06,1,CTL,20
8.03205e+06,13,RTS,20
8.03212e+06,20,CTS,14
8.03218e+06,13,QOSDATA_TID6,1066
8.03236e+06,20,ACK,14
8.03241e+06,13,CTL,20
8.0325e+06,5,RTS,20
8.0325e+06,8,RTS,20
8.0325e+06,19,RTS,20
8.03259e+06,11,RTS,20
8.03259e+06,16,RTS,20
8.03269e+06,18,RTS,20
8.03269e+06,0,RTS,20
8.03269e+06,10,RTS,20
8.03279e+06,4,RTS,20
8.03286e+06,20,CTS,14
8.03292e+06,4,QOSDATA_TID6,1066
8.0331e+06,20,ACK,14
8.03314e+06,4,CTL,20
8.03323e+06,16,RTS,20
8.03323e+06,19,RTS,20
8.03323e+06,0,RTS,20
8.03334e+06,3,RTS,20
8.03341e+06,20,CTS,14
8.03347e+06,3,QOSDATA_TID6,1066
8.03365e+06,20,ACK,14
8.03369e+06,3,CTL,20
8.03378e+06,19,RTS,20
8.03378e+06,13,RTS,20
8.0339e+06,0,RTS,20
8.03396e+06,20,CTS,14
8.03402e+06,0,QOSDATA_TID6,1066
8.03421e+06,20,ACK,14
8.03425e+06,0,QOSDATA_TID6,1066
8.03444e+06,20,ACK,14
8.03448e+06,0,QOSDATA_TID6,1066
8.03466e+06,20,ACK,14
8.03471e+06,0,CTL,20
8.0348e+06,13,RTS,20
8.03486e+06,20,CTS,14
8.03492e+06,13,QOSDATA_TID6,1066
8.03511e+06,20,ACK,14
8.03515e+06,13,CTL,20
8.03524e+06,5,RTS,20
8.0353e+06,20,CTS,14
8.03536e+06,5,QOSDATA_TID6,1066
8.03555e+06,20,ACK,14
8.03559e+06,5,CTL,20
8.03568e+06,8,RTS,20
8.03568e+06,7,RTS,20
8.03568e+06,3,RTS,20
8.03568e+06,9,RTS,20
8.03579e+06,10,RTS,20
8.03579e+06,6,RTS,20
8.03585e+06,20,CTS,14
8.03591e+06,6,QOSDATA_TID6,1066
8.0361e+06,20,ACK,14
8.03614e+06,6,CTL,20
8.03624e+06,12,RTS,20
8.03624e+06,11,RTS,20
8.03624e+06,16,RTS,20
8.0363e+06,20,CTS,14
8.03636e+06,12,QOSDATA_TID6,1066
8.03655e+06,20,ACK,14
8.03659e+06,12,CTL,20
8.03668e+06,1,RTS,20
8.03675e+06,20,CTS,14
8.03681e+06,1,QOSDATA_TID6,1066
8.03699e+06,20,ACK,14
8.03704e+06,1,CTL,20
8.03712e+06,2,RTS,20
8.03719e+06,20,CTS,14
8.03725e+06,2,QOSDATA_TID6,1066
8.03743e+06,20,ACK,14
8.03748e+06,2,CTL,20
8.03756e+06,3,RTS,20
8.03756e+06,18,RTS,20
8.03756e+06,17,RTS,20
8.03756e+06,16,RTS,20
8.03763e+06,20,CTS,14
8.03769e+06,17,QOSDATA_TID6,1066
8.03788e+06,20,ACK,14
8.03792e+06,17,CTL,20
8.038e+06,18,RTS,20
8.03807e+06,20,CTS,14
8.03813e+06,18,QOSDATA_TID6,1066
8.03832e+06,20,ACK,14
8.03836e+06,18,QOSDATA_TID6,1066
8.03854e+06,20,ACK,14
8.03859e+06,18,CTL,20
8.03868e+06,10,RTS,20
8.03868e+06,5,RTS,20
8.03868e+06,15,RTS,20
8.03868e+06,7,RTS,20
8.03874e+06,20,CTS,14
8.0388e+06,5,QOSDATA_TID6,1066
8.03899e+06,20,ACK,14
8.03903e+06,5,CTL,20
8.03912e+06,9,RTS,20
8.03918e+06,20,CTS,14
8.03924e+06,9,QOSDATA_TID6,1066
8.03943e+06,20,ACK,14
8.03947e+06,9,CTL,20
8.03956e+06,3,RTS,20
8.03956e+06,19,RTS,20
8.03956e+06,11,RTS,20
8.03956e+06,7,RTS,20
8.03956e+06,4,RTS,20
8.03956e+06,15,RTS,20
8.03966e+06,10,RTS,20
8.03972e+06,20,CTS,14
8.03978e+06,10,QOSDATA_TID6,1066
8.03997e+06,20,ACK,14
8.04001e+06,10,QOSDATA_TID6,1066
8.0402e+06,20,ACK,14
8.04024e+06,10,CTL,20
8.04033e+06,15,RTS,20
8.04033e+06,11,RTS,20
8.04044e+06,7,RTS,20
8.04051e+06,20,CTS,14
8.04057e+06,7,QOSDATA_TID6,1066
8.04076e+06,20,ACK,14
8.0408e+06,7,CTL,20
8.04089e+06,8,RTS,20
8.04089e+06,15,RTS,20
8.04096e+06,20,CTS,14
8.04102e+06,8,QOSDATA_TID6,1066
8.04121e+06,20,ACK,14
8.04125e+06,8,QOSDATA_TID6,1066
8.04143e+06,20,ACK,14
8.04148e+06,8,QOSDATA_TID6,1066
8.04166e+06,20,ACK,14
8.04171e+06,8,QOSDATA_TID6,1066
8.04189e+06,20,ACK,14
8.04193e+06,8,CTL,20
8.04203e+06,7,RTS,20
8.0421e+06,20,CTS,14
8.04216e+06,7,QOSDATA_TID6,1066
8.04234e+06,20,ACK,14
8.04238e+06,7,CTL,20
8.04247e+06,13,RTS,20
8.04247e+06,0,RTS,20
8.04247e+06,14,RTS,20
8.04247e+06,3,RTS,20
8.04247e+06,9,RTS,20
8.04257e+06,12,RTS,20
8.04257e+06,11,RTS,20
8.04257e+06,16,RTS,20
8.04264e+06,20,CTS,14
8.0427e+06,12,QOSDATA_TID6,1066
8.04288e+06,20,ACK,14
8.04292e+06,12,CTL,20
8.04301e+06,16,RTS,20
8.04308e+06,20,CTS,14
8.04314e+06,16,QOSDATA_TID6,1066
8.04332e+06,20,ACK,14
8.04337e+06,16,QOSDATA_TID6,1066
8.04355e+06,20,ACK,14
8.0436e+06,16,QOSDATA_TID6,1066
8.04378e+06,20,ACK,14
8.04382e+06,16,CTL,20
8.04391e+06,19,RTS,20
8.04398e+06,20,CTS,14
8.04404e+06,19,QOSDATA_TID6,1066
8.04422e+06,20,ACK,14
8.04427e+06,19,QOSDATA_TID6,1066
8.04445e+06,20,ACK,14
8.04449e+06,19,QOSDATA_TID6,1066
8.04468e+06,20,ACK,14
8.04472e+06,19,CTL,20
8.04481e+06,1,RTS,20
8.04481e+06,4,RTS,20
8.04481e+06,10,RTS,20
8.04481e+06,6,RTS,20
8.04481e+06,13,RTS,20
8.04492e+06,15,RTS,20
8.04492e+06,3,RTS,20
8.04502e+06,5,RTS,20
8.04509e+06,20,CTS,14
8.04515e+06,5,QOSDATA_TID6,1066
8.04533e+06,20,ACK,14
8.04538e+06,5,CTL,20
8.04546e+06,17,RTS,20
8.04546e+06,6,RTS,20
8.04546e+06,10,RTS,20
8.04546e+06,15,RTS,20
8.04546e+06,13,RTS,20
8.04559e+06,2,RTS,20
8.04559e+06,4,RTS,20
8.04566e+06,20,CTS,14
8.04572e+06,2,QOSDATA_TID6,1066
8.0459e+06,20,ACK,14
8.04594e+06,2,CTL,20
8.04603e+06,10,RTS,20
8.0461e+06,20,CTS,14
8.04616e+06,10,QOSDATA_TID6,1066
8.04634e+06,20,ACK,14
8.04639e+06,10,CTL,20
8.04647e+06,17,RTS,20
8.04654e+06,20,CTS,14
8.0466e+06,17,QOSDATA_TID6,1066
8.04678e+06,20,ACK,14
8.04683e+06,17,CTL,20
8.04692e+06,11,RTS,20
8.04692e+06,18,RTS,20
8.04692e+06,13,RTS,20
8.04692e+06,14,RTS,20
8.04705e+06,6,RTS,20
8.04712e+06,20,CTS,14
8.04718e+06,6,QOSDATA_TID6,1066
8.04736e+06,20,ACK,14
8.0474e+06,6,CTL,20
8.04749e+06,18,RTS,20
8.04756e+06,20,CTS,14
8.04762e+06,18,QOSDATA_TID6,1066
8.0478e+06,20,ACK,14
8.04785e+06,18,CTL,20
8.04793e+06,1,RTS,20
8.048e+06,20,CTS,14
8.04806e+06,1,QOSDATA_TID6,1066
8.04824e+06,20,ACK,14
8.04829e+06,1,CTL,20
8.04838e+06,8,RTS,20
8.04838e+06,11,RTS,20
8.04838e+06,9,RTS,20
8.04838e+06,0,RTS,20
8.04838e+06,13,RTS,20
8.04838e+06,14,RTS,20
8.04851e+06,11,RTS,20
8.04857e+06,20,CTS,14
8.04863e+06,11,QOSDATA_TID6,1066
8.04882e+06,20,ACK,14
8.04886e+06,11,QOSDATA_TID6,1066
8.04905e+06,20,ACK,14
8.04909e+06,11,CTL,20
8.04918e+06,14,RTS,20
8.04924e+06,20,CTS,14
8.0493e+06,14,QOSDATA_TID6,1066
8.04949e+06,20,ACK,14
8.04953e+06,14,QOSDATA_TID6,1066
8.04972e+06,20,ACK,14
8.04976e+06,14,CTL,20
8.04985e+06,15,RTS,20
8.04985e+06,7,RTS,20
8.04985e+06,3,RTS,20
8.04997e+06,0,CTS,14
8.04997e+06,13,RTS,20
8.05006e+06,0,RTS,20
8.05012e+06,20,CTS,14
8.05018e+06,0,QOSDATA_TID6,1066
8.05037e+06,20,ACK,14
8.05041e+06,0,QOSDATA_TID6,1066
8.0506e+06,20,ACK,14
8.05064e+06,0,CTL,20
8.05073e+06,15,RTS,20
8.05073e+06,8,RTS,20
8.0508e+06,20,CTS,14
8.05086e+06,8,QOSDATA_TID6,1066
8.05104e+06,20,ACK,14
8.05108e+06,8,CTL,20
8.05118e+06,1,RTS,20
8.05118e+06,11,RTS,20
8.05118e+06,16,RTS,20
8.05118e+06,4,RTS,20
8.05118e+06,15,RTS,20
8.05128e+06,12,RTS,20
8.05128e+06,3,RTS,20
8.05128e+06,9,RTS,20
8.05135e+06,20,CTS,14
8.05141e+06,12,QOSDATA_TID6,1066
8.0516e+06,20,ACK,14
8.05164e+06,12,CTL,20
8.05174e+06,17,RTS,20
8.05174e+06,4,RTS,20
8.05174e+06,15,RTS,20
8.0518e+06,20,CTS,14
8.05186e+06,17,QOSDATA_TID6,1066
8.05205e+06,20,ACK,14
8.05209e+06,17,CTL,20
8.0522e+06,1,RTS,20
8.0522e+06,6,RTS,20
8.0523e+06,13,RTS,20
8.05236e+06,20,CTS,14
8.05242e+06,13,QOSDATA_TID6,1066
8.05261e+06,20,ACK,14
8.05265e+06,13,QOSDATA_TID6,1066
8.05284e+06,20,ACK,14
8.05288e+06,13,CTL,20
8.05296e+06,5,RTS,20
8.05296e+06,6,RTS,20
8.05303e+06,20,CTS,14
8.05309e+06,5,QOSDATA_TID6,1066
8.05328e+06,20,ACK,14
8.05332e+06,5,CTL,20
8.05342e+06,2,RTS,20
8.05348e+06,20,CTS,14
8.05354e+06,2,QOSDATA_TID6,1066
8.05373e+06,20,ACK,14
8.05377e+06,2,CTL,20
8.05386e+06,1,RTS,20
8.05393e+06,20,CTS,14
8.05399e+06,1,QOSDATA_TID6,1066
8.05417e+06,20,ACK,14
8.05421e+06,1,CTL,20
8.0543e+06,19,RTS,20
8.0543e+06,16,RTS,20
8.0543e+06,7,RTS,20
8.0543e+06,9,RTS,20
8.0543e+06,18,RTS,20
8.0543e+06,15,RTS,20
8.0543e+06,10,RTS,20
8.05443e+06,9,RTS,20
8.05443e+06,6,RTS,20
8.0545e+06,20,CTS,14
8.05456e+06,6,QOSDATA_TID6,1066
8.05475e+06,20,ACK,14
8.05479e+06,6,CTL,20
8.05488e+06,7,RTS,20
8.05488e+06,4,RTS,20
8.05495e+06,20,CTS,14
8.05501e+06,7,QOSDATA_TID6,1066
8.0552e+06,20,ACK,14
8.05524e+06,7,CTL,20
8.05534e+06,14,RTS,20
8.05534e+06,3,RTS,20
8.05534e+06,10,RTS,20
8.05544e+06,8,RTS,20
8.05544e+06,11,RTS,20
8.05551e+06,20,CTS,14
8.05557e+06,8,QOSDATA_TID6,1066
8.05576e+06,20,ACK,14
8.0558e+06,8,CTL,20
8.05588e+06,10,RTS,20
8.05588e+06,14,RTS,20
8.05599e+06,11,RTS,20
8.05606e+06,20,CTS,14
8.05612e+06,11,QOSDATA_TID6,1066
8.0563e+06,20,ACK,14
8.05635e+06,11,CTL,20
8.05644e+06,16,RTS,20
8.05651e+06,20,CTS,14
8.05657e+06,16,QOSDATA_TID6,1066
8.05676e+06,20,ACK,14
8.0568e+06,16,QOSDATA_TID6,1066
8.05698e+06,20,ACK,14
8.05703e+06,16,CTL,20
8.05711e+06,19,RTS,20
8.05711e+06,15,RTS,20
8.05711e+06,18,RTS,20
8.05711e+06,0,RTS,20
8.05721e+06,3,RTS,20
8.05728e+06,20,CTS,14
8.05734e+06,3,QOSDATA_TID6,1066
8.05752e+06,20,ACK,14
8.05757e+06,3,QOSDATA_TID6,1066
8.05775e+06,20,ACK,14
8.0578e+06,3,CTL,20
8.05788e+06,9,RTS,20
8.05788e+06,4,RTS,20
8.05801e+06,14,RTS,20
8.05807e+06,20,CTS,14
8.05813e+06,14,QOSDATA_TID6,1066
8.05832e+06,20,ACK,14
8.05836e+06,14,CTL,20
8.05846e+06,12,RTS,20
8.05846e+06,19,RTS,20
8.05852e+06,20,CTS,14
8.05858e+06,12,QOSDATA_TID6,1066
8.05877e+06,20,ACK,14
8.05881e+06,12,CTL,20
8.05892e+06,13,RTS,20
8.05892e+06,15,RTS,20
8.05892e+06,0,RTS,20
8.05902e+06,11,RTS,20
8.05902e+06,3,RTS,20
8.05902e+06,4,RTS,20
8.05912e+06,15,RTS,20
8.05919e+06,20,CTS,14
8.05925e+06,15,QOSDATA_TID6,1066
8.05944e+06,20,ACK,14
8.05948e+06,15,QOSDATA_TID6,1066
8.05966e+06,20,ACK,14
8.05971e+06,15,CTL,20
8.05979e+06,17,RTS,20
8.05979e+06,11,RTS,20
8.05986e+06,20,CTS,14
8.05992e+06,17,QOSDATA_TID6,1066
8.0601e+06,20,ACK,14
8.06015e+06,17,CTL,20
8.06024e+06,7,RTS,20
8.0603e+06,20,CTS,14
8.06036e+06,7,QOSDATA_TID6,1066
8.06055e+06,20,ACK,14
8.06059e+06,7,CTL,20
8.06068e+06,1,RTS,20
8.06068e+06,0,CTS,14
8.06068e+06,2,RTS,20
8.06068e+06,6,RTS,20
8.06081e+06,6,RTS,20
8.06088e+06,20,CTS,14
8.06094e+06,6,QOSDATA_TID6,1066
8.06112e+06,20,ACK,14
8.06116e+06,6,CTL,20
8.06126e+06,15,RTS,20
8.06126e+06,5,RTS,20
8.06126e+06,19,RTS,20
8.06126e+06,4,RTS,20
8.06133e+06,20,CTS,14
8.06139e+06,5,QOSDATA_TID6,1066
8.06157e+06,20,ACK,14
8.06162e+06,5,CTL,20
8.0617e+06,13,RTS,20
8.06177e+06,20,CTS,14
8.06183e+06,13,QOSDATA_TID6,1066
8.06201e+06,20,ACK,14
8.06206e+06,13,CTL,20
8.06214e+06,2,RTS,20
8.06214e+06,10,RTS,20
8.06221e+06,20,CTS,14
8.06227e+06,2,QOSDATA_TID6,1066
8.06246e+06,20,ACK,14
8.0625e+06,2,CTL,20
8.06259e+06,3,RTS,20
8.06259e+06,18,RTS,20
8.06259e+06,15,RTS,20
8.06269e+06,8,RTS,20
8.06269e+06,1,RTS,20
8.06279e+06,11,RTS,20
8.06286e+06,20,CTS,14
8.06292e+06,11,QOSDATA_TID6,1066
8.0631e+06,20,ACK,14
8.06315e+06,11,CTL,20
8.06323e+06,19,RTS,20
8.06323e+06,15,RTS,20
8.06334e+06,10,RTS,20
8.06341e+06,20,CTS,14
8.06347e+06,10,QOSDATA_TID6,1066
8.06365e+06,20,ACK,14
8.0637e+06,10,QOSDATA_TID6,1066
8.06388e+06,20,ACK,14
8.06392e+06,10,CTL,20
8.06401e+06,19,RTS,20
8.06408e+06,20,CTS,14
8.06414e+06,19,QOSDATA_TID6,1066
8.06432e+06,20,ACK,14
8.06436e+06,19,QOSDATA_TID6,1066
8.06455e+06,20,ACK,14
8.06459e+06,19,CTL,20
8.06468e+06,16,RTS,20
8.06468e+06,9,RTS,20
8.06468e+06,18,RTS,20
8.06478e+06,14,RTS,20
8.06484e+06,20,CTS,14
8.0649e+06,14,QOSDATA_TID6,1066
8.06509e+06,20,ACK,14
8.06513e+06,14,CTL,20
8.06522e+06,0,RTS,20
8.06529e+06,20,CTS,14
8.06535e+06,0,QOSDATA_TID6,1066
8.06553e+06,20,ACK,14
8.06558e+06,0,QOSDATA_TID6,1066
8.06576e+06,20,ACK,14
8.0658e+06,0,CTL,20
8.0659e+06,15,RTS,20
8.0659e+06,7,RTS,20
8.066e+06,18,RTS,20
8.06606e+06,20,CTS,14
8.06612e+06,18,QOSDATA_TID6,1066
8.06631e+06,20,ACK,14
8.06635e+06,18,QOSDATA_TID6,1066
8.06654e+06,20,ACK,14
8.06658e+06,18,CTL,20
8.06668e+06,3,RTS,20
8.06668e+06,12,RTS,20
8.06668e+06,13,RTS,20
8.06674e+06,20,CTS,14
8.0668e+06,12,QOSDATA_TID6,1066
8.06699e+06,20,ACK,14
8.06703e+06,12,CTL,20
8.06712e+06,4,RTS,20
8.06712e+06,3,RTS,20
8.06722e+06,19,RTS,20
8.06729e+06,20,CTS,14
8.06735e+06,19,QOSDATA_TID6,1066
8.06754e+06,20,ACK,14
8.06758e+06,19,CTL,20
8.06767e+06,1,RTS,20
8.06767e+06,4,RTS,20
8.06774e+06,20,CTS,14
8.0678e+06,1,QOSDATA_TID6,1066
8.06798e+06,20,ACK,14
8.06802e+06,1,QOSDATA_TID6,1066
8.06821e+06,20,ACK,14
8.06825e+06,1,CTL,20
8.06834e+06,5,RTS,20
8.0684e+06,20,CTS,14
8.06846e+06,5,QOSDATA_TID6,1066
8.06865e+06,20,ACK,14
8.06869e+06,5,CTL,20
8.06878e+06,2,RTS,20
8.06878e+06,11,RTS,20
8.06878e+06,6,RTS,20
8.06889e+06,8,RTS,20
8.06889e+06,17,RTS,20
8.06889e+06,13,RTS,20
8.069e+06,7,RTS,20
8.069e+06,16,RTS,20
8.069e+06,6,RTS,20
8.069e+06,3,RTS,20
8.069e+06,10,RTS,20
8.06912e+06,8,RTS,20
8.06912e+06,15,RTS,20
8.06919e+06,20,CTS,14
8.06925e+06,8,QOSDATA_TID6,1066
8.06943e+06,20,ACK,14
8.06947e+06,8,CTL,20
8.06958e+06,10,RTS,20
8.06965e+06,20,CTS,14
8.06971e+06,10,QOSDATA_TID6,1066
8.06989e+06,20,ACK,14
8.06993e+06,10,CTL,20
8.07002e+06,9,RTS,20
8.07002e+06,15,RTS,20
8.07002e+06,16,RTS,20
8.07002e+06,4,RTS,20
8.07013e+06,13,RTS,20
8.0702e+06,20,CTS,14
8.07026e+06,13,QOSDATA_TID6,1066
8.07044e+06,20,ACK,14
8.07048e+06,13,CTL,20
8.07057e+06,7,RTS,20
8.07057e+06,15,RTS,20
8.07057e+06,17,RTS,20
8.07057e+06,9,RTS,20
8.07067e+06,6,RTS,20
8.07074e+06,20,CTS,14
8.0708e+06,6,QOSDATA_TID6,1066
8.07098e+06,20,ACK,14
8.07102e+06,6,CTL,20
8.07111e+06,17,RTS,20
8.07118e+06,20,CTS,14
8.07124e+06,17,QOSDATA_TID6,1066
8.07142e+06,20,ACK,14
8.07146e+06,17,CTL,20
8.07155e+06,7,RTS,20
8.07155e+06,16,RTS,20
8.07155e+06,9,RTS,20
8.07155e+06,18,RTS,20
8.07165e+06,2,RTS,20
8.07172e+06,20,CTS,14
8.07178e+06,2,QOSDATA_TID6,1066
8.07196e+06,20,ACK,14
8.072e+06,2,CTL,20
8.07209e+06,18,RTS,20
8.07209e+06,8,RTS,20
8.07209e+06,14,RTS,20
8.07216e+06,20,CTS,14
8.07222e+06,8,QOSDATA_TID6,1066
8.0724e+06,20,ACK,14
8.07245e+06,8,CTL,20
8.07254e+06,11,RTS,20
8.07254e+06,16,RTS,20
8.07254e+06,3,RTS,20
8.07264e+06,4,RTS,20
8.07271e+06,20,CTS,14
8.07277e+06,4,QOSDATA_TID6,1066
8.07295e+06,20,ACK,14
8.073e+06,4,QOSDATA_TID6,1066
8.07318e+06,20,ACK,14
8.07322e+06,4,QOSDATA_TID6,1066
8.07341e+06,20,ACK,14
8.07345e+06,4,QOSDATA_TID6,1066
8.07364e+06,20,ACK,14
8.07368e+06,4,CTL,20
8.07377e+06,7,RTS,20
8.07377e+06,15,RTS,20
8.07388e+06,13,RTS,20
8.07388e+06,9,RTS,20
8.07399e+06,16,RTS,20
8.07406e+06,20,CTS,14
8.07412e+06,16,QOSDATA_TID6,1066
8.0743e+06,20,ACK,14
8.07434e+06,16,QOSDATA_TID6,1066
8.07453e+06,20,ACK,14
8.07457e+06,16,CTL,20
8.07466e+06,12,RTS,20
8.07466e+06,0,RTS,20
8.07473e+06,20,CTS,14
8.07479e+06,12,QOSDATA_TID6,1066
8.07497e+06,20,ACK,14
8.07502e+06,12,CTL,20
8.0751e+06,19,RTS,20
8.07517e+06,20,CTS,14
8.07523e+06,19,QOSDATA_TID6,1066
8.07541e+06,20,ACK,14
8.07546e+06,19,CTL,20
8.07554e+06,1,RTS,20
8.07554e+06,9,RTS,20
8.07561e+06,20,CTS,14
8.07567e+06,1,QOSDATA_TID6,1066
8.07586e+06,20,ACK,14
8.0759e+06,1,CTL,20
8.07599e+06,6,RTS,20
8.07599e+06,14,RTS,20
8.07609e+06,17,RTS,20
8.07609e+06,11,RTS,20
8.07616e+06,20,CTS,14
8.07622e+06,17,QOSDATA_TID6,1066
8.0764e+06,20,ACK,14
8.07645e+06,17,CTL,20
8.07654e+06,5,RTS,20
8.07654e+06,11,RTS,20
8.0766e+06,20,CTS,14
8.07666e+06,5,QOSDATA_TID6,1066
8.07685e+06,20,ACK,14
8.07689e+06,5,CTL,20
8.07699e+06,4,RTS,20
8.07699e+06,15,RTS,20
8.07705e+06,20,CTS,14
8.07711e+06,15,QOSDATA_TID6,1066
8.0773e+06,20,ACK,14
8.07734e+06,15,QOSDATA_TID6,1066
8.07753e+06,20,ACK,14
8.07757e+06,15,CTL,20
8.07766e+06,3,RTS,20
8.07772e+06,20,CTS,14
8.07778e+06,3,QOSDATA_TID6,1066
8.07797e+06,20,ACK,14
8.07801e+06,3,QOSDATA_TID6,1066
8.0782e+06,20,ACK,14
8.07824e+06,3,QOSDATA_TID6,1066
8.07842e+06,20,ACK,14
8.07847e+06,3,CTL,20
8.07855e+06,2,RTS,20
8.07855e+06,4,RTS,20
8.07862e+06,20,CTS,14
8.07868e+06,2,QOSDATA_TID6,1066
8.07887e+06,20,ACK,14
8.07891e+06,2,CTL,20
8.079e+06,8,RTS,20
8.07906e+06,20,CTS,14
8.07912e+06,8,QOSDATA_TID6,1066
8.07931e+06,20,ACK,14
8.07935e+06,8,CTL,20
8.07944e+06,7,RTS,20
8.07944e+06,9,RTS,20
8.07944e+06,18,RTS,20
8.07944e+06,10,RTS,20
8.07944e+06,14,RTS,20
8.07954e+06,0,RTS,20
8.0796e+06,20,CTS,14
8.07966e+06,0,QOSDATA_TID6,1066
8.07985e+06,20,ACK,14
8.07989e+06,0,CTL,20
8.07999e+06,7,RTS,20
8.07999e+06,13,RTS,20
8.08006e+06,20,CTS,14
8.08012e+06,7,QOSDATA_TID6,1066
8.0803e+06,20,ACK,14
8.08034e+06,7,QOSDATA_TID6,1066
8.08053e+06,20,ACK,14
8.08057e+06,7,CTL,20
8.08066e+06,16,RTS,20
8.08066e+06,6,RTS,20
8.08078e+06,13,RTS,20
8.08085e+06,20,CTS,14
8.08091e+06,13,QOSDATA_TID6,1066
8.08109e+06,20,ACK,14
8.08114e+06,13,CTL,20
8.08122e+06,16,RTS,20
8.08122e+06,0,RTS,20
8.08129e+06,20,CTS,14
8.08135e+06,0,QOSDATA_TID6,1066
8.08154e+06,20,ACK,14
8.08158e+06,0,CTL,20
8.08167e+06,9,RTS,20
8.08173e+06,20,CTS,14
8.08179e+06,9,QOSDATA_TID6,1066
8.08198e+06,20,ACK,14
8.08202e+06,9,QOSDATA_TID6,1066
8.08221e+06,20,ACK,14
8.08225e+06,9,QOSDATA_TID6,1066
8.08243e+06,20,ACK,14
8.08248e+06,9,QOSDATA_TID6,1066
8.08266e+06,20,ACK,14
8.08271e+06,9,QOSDATA_TID6,1066
8.08289e+06,20,ACK,14
8.08294e+06,9,CTL,20
8.08302e+06,3,RTS,20
8.08302e+06,18,RTS,20
8.08313e+06,12,RTS,20
8.08313e+06,7,RTS,20
8.08313e+06,13,RTS,20
8.08323e+06,11,RTS,20
8.08323e+06,16,RTS,20
8.08323e+06,18,RTS,20
8.08332e+06,14,RTS,20
8.08339e+06,20,CTS,14
8.08345e+06,14,QOSDATA_TID6,1066
8.08364e+06,20,ACK,14
8.08368e+06,14,QOSDATA_TID6,1066
8.08386e+06,20,ACK,14
8.08391e+06,14,CTL,20
8.08399e+06,11,RTS,20
8.08406e+06,20,CTS,14
8.08412e+06,11,QOSDATA_TID6,1066
8.08431e+06,20,ACK,14
8.08435e+06,11,QOSDATA_TID6,1066
8.08453e+06,20,ACK,14
8.08458e+06,11,QOSDATA_TID6,1066
8.08476e+06,20,ACK,14
8.08481e+06,11,CTL,20
8.08489e+06,4,RTS,20
8.08489e+06,19,RTS,20
8.08489e+06,15,RTS,20
8.08489e+06,6,RTS,20
8.085e+06,12,RTS,20
8.085e+06,2,RTS,20
8.08507e+06,20,CTS,14
8.08513e+06,12,QOSDATA_TID6,1066
8.08531e+06,20,ACK,14
8.08536e+06,12,CTL,20
8.08544e+06,19,RTS,20
8.08544e+06,6,RTS,20
8.08556e+06,2,RTS,20
8.08562e+06,20,CTS,14
8.08568e+06,2,QOSDATA_TID6,1066
8.08587e+06,20,ACK,14
8.08591e+06,2,CTL,20
8.086e+06,13,RTS,20
8.08607e+06,20,CTS,14
8.08613e+06,13,QOSDATA_TID6,1066
8.08631e+06,20,ACK,14
8.08636e+06,13,CTL,20
8.08644e+06,17,RTS,20
8.08644e+06,1,RTS,20
8.08654e+06,18,RTS,20
8.08654e+06,10,RTS,20
8.08664e+06,8,RTS,20
8.08664e+06,4,RTS,20
8.0867e+06,20,CTS,14
8.08676e+06,8,QOSDATA_TID6,1066
8.08695e+06,20,ACK,14
8.08699e+06,8,CTL,20
8.08708e+06,7,RTS,20
8.08708e+06,15,RTS,20
8.0872e+06,3,RTS,20
8.08726e+06,20,CTS,14
8.08732e+06,3,QOSDATA_TID6,1066
8.08751e+06,20,ACK,14
8.08755e+06,3,CTL,20
8.08764e+06,18,RTS,20
8.08764e+06,7,RTS,20
8.0877e+06,20,CTS,14
8.08776e+06,7,QOSDATA_TID6,1066
8.08795e+06,20,ACK,14
8.08799e+06,7,CTL,20
8.08808e+06,14,RTS,20
8.08815e+06,20,CTS,14
8.08821e+06,14,QOSDATA_TID6,1066
8.08839e+06,20,ACK,14
8.08844e+06,14,CTL,20
8.08852e+06,5,RTS,20
8.08859e+06,20,CTS,14
8.08865e+06,5,QOSDATA_TID6,1066
8.08883e+06,20,ACK,14
8.08888e+06,5,CTL,20
8.08896e+06,16,RTS,20
8.08896e+06,10,RTS,20
8.08909e+06,15,RTS,20
8.08916e+06,20,CTS,14
8.08922e+06,15,QOSDATA_TID6,1066
8.0894e+06,20,ACK,14
8.08944e+06,15,CTL,20
8.08954e+06,18,RTS,20
8.08954e+06,16,RTS,20
8.08967e+06,18,RTS,20
8.08974e+06,20,CTS,14
8.0898e+06,18,QOSDATA_TID6,1066
8.08998e+06,20,ACK,14
8.09003e+06,18,QOSDATA_TID6,1066
8.09021e+06,20,ACK,14
8.09026e+06,18,CTL,20
8.09035e+06,16,RTS,20
8.09042e+06,20,CTS,14
8.09048e+06,16,QOSDATA_TID6,1066
8.09066e+06,20,ACK,14
8.09071e+06,16,QOSDATA_TID6,1066
8.09089e+06,20,ACK,14
8.09093e+06,16,CTL,20
8.09102e+06,12,RTS,20
8.09102e+06,7,RTS,20
8.09102e+06,19,RTS,20
8.09102e+06,0,RTS,20
8.09112e+06,9,RTS,20
8.09112e+06,13,RTS,20
8.09122e+06,11,RTS,20
8.09128e+06,20,CTS,14
8.09134e+06,11,QOSDATA_TID6,1066
8.09153e+06,20,ACK,14
8.09157e+06,11,CTL,20
8.09166e+06,1,RTS,20
8.09166e+06,17,RTS,20
8.09166e+06,0,RTS,20
8.09166e+06,6,RTS,20
8.09176e+06,19,RTS,20
8.09182e+06,20,CTS,14
8.09188e+06,19,QOSDATA_TID6,1066
8.09207e+06,20,ACK,14
8.09211e+06,19,QOSDATA_TID6,1066
8.0923e+06,20,ACK,14
8.09234e+06,19,CTL,20
8.09243e+06,5,RTS,20
8.09243e+06,7,RTS,20
8.09249e+06,20,CTS,14
8.09255e+06,5,QOSDATA_TID6,1066
8.09274e+06,20,ACK,14
8.09278e+06,5,CTL,20
8.09287e+06,7,RTS,20
8.09287e+06,0,CTS,14
8.09296e+06,0,RTS,20
8.09303e+06,20,CTS,14
8.09309e+06,0,QOSDATA_TID6,1066
8.09328e+06,20,ACK,14
8.09332e+06,0,CTL,20
8.0934e+06,12,RTS,20
8.0934e+06,3,RTS,20
8.0934e+06,7,RTS,20
8.0934e+06,4,RTS,20
8.09351e+06,1,RTS,20
8.09358e+06,20,CTS,14
8.09364e+06,1,QOSDATA_TID6,1066
8.09382e+06,20,ACK,14
8.09387e+06,1,QOSDATA_TID6,1066
8.09405e+06,20,ACK,14
8.0941e+06,1,CTL,20
8.09418e+06,13,RTS,20
8.09418e+06,15,RTS,20
8.09428e+06,17,RTS,20
8.09435e+06,20,CTS,14
8.09441e+06,17,QOSDATA_TID6,1066
8.09459e+06,20,ACK,14
8.09464e+06,17,QOSDATA_TID6,1066
8.09482e+06,20,ACK,14
8.09486e+06,17,CTL,20
8.09496e+06,7,RTS,20
8.09496e+06,2,RTS,20
8.09496e+06,4,RTS,20
8.09496e+06,18,RTS,20
8.09496e+06,13,RTS,20
8.09496e+06,10,RTS,20
8.09506e+06,9,RTS,20
8.09512e+06,20,CTS,14
8.09518e+06,9,QOSDATA_TID6,1066
8.09537e+06,20,ACK,14
8.09541e+06,9,CTL,20
8.0955e+06,3,RTS,20
8.0955e+06,8,RTS,20
8.0955e+06,6,RTS,20
8.09557e+06,20,CTS,14
8.09563e+06,8,QOSDATA_TID6,1066
8.09581e+06,20,ACK,14
8.09586e+06,8,CTL,20
8.09595e+06,15,RTS,20
8.09602e+06,20,CTS,14
8.09608e+06,15,QOSDATA_TID6,1066
8.09626e+06,20,ACK,14
8.09631e+06,15,CTL,20
8.09639e+06,14,RTS,20
8.09639e+06,2,RTS,20
8.09646e+06,20,CTS,14
8.09652e+06,2,QOSDATA_TID6,1066
8.0967e+06,20,ACK,14
8.09675e+06,2,CTL,20
8.09683e+06,16,RTS,20
8.0969e+06,20,CTS,14
8.09696e+06,16,QOSDATA_TID6,1066
8.09715e+06,20,ACK,14
8.09719e+06,16,CTL,20
8.09728e+06,7,RTS,20
8.09734e+06,20,CTS,14
8.0974e+06,7,QOSDATA_TID6,1066
8.09759e+06,20,ACK,14
8.09763e+06,7,QOSDATA_TID6,1066
8.09782e+06,20,ACK,14
8.09786e+06,7,CTL,20
8.09795e+06,13,RTS,20
8.09795e+06,18,RTS,20
8.09806e+06,14,RTS,20
8.09813e+06,20,CTS,14
8.09819e+06,14,QOSDATA_TID6,1066
8.09838e+06,20,ACK,14
8.09842e+06,14,CTL,20
8.09851e+06,6,RTS,20
8.09851e+06,12,RTS,20
8.09851e+06,9,RTS,20
8.09858e+06,20,CTS,14
8.09864e+06,12,QOSDATA_TID6,1066
8.09883e+06,20,ACK,14
8.09887e+06,12,QOSDATA_TID6,1066
8.09905e+06,20,ACK,14
8.0991e+06,12,CTL,20
8.09918e+06,1,RTS,20
8.09925e+06,20,CTS,14
8.09931e+06,1,QOSDATA_TID6,1066
8.0995e+06,20,ACK,14
8.09954e+06,1,CTL,20
8.09964e+06,19,RTS,20
8.09964e+06,4,RTS,20
8.09964e+06,9,RTS,20
8.09964e+06,0,RTS,20
8.09964e+06,18,RTS,20
8.09964e+06,6,RTS,20
8.09964e+06,10,RTS,20
8.09977e+06,9,RTS,20
8.09983e+06,20,CTS,14
8.09989e+06,9,QOSDATA_TID6,1066
8.10008e+06,20,ACK,14
8.10012e+06,9,CTL,20
8.10021e+06,0,RTS,20
8.10021e+06,13,RTS,20
8.10028e+06,20,CTS,14
8.10034e+06,0,QOSDATA_TID6,1066
8.10052e+06,20,ACK,14
8.10056e+06,0,CTL,20
8.10065e+06,13,RTS,20
8.10072e+06,20,CTS,14
8.10078e+06,13,QOSDATA_TID6,1066
8.10096e+06,20,ACK,14
8.10101e+06,13,QOSDATA_TID6,1066
8.10119e+06,20,ACK,14
8.10123e+06,13,CTL,20
8.10132e+06,15,RTS,20
8.10132e+06,17,RTS,20
8.10132e+06,6,RTS,20
8.10142e+06,3,RTS,20
8.10149e+06,20,CTS,14
8.10155e+06,3,QOSDATA_TID6,1066
8.10173e+06,20,ACK,14
8.10177e+06,3,QOSDATA_TID6,1066
8.10196e+06,20,ACK,14
8.102e+06,3,CTL,20
8.10209e+06,2,RTS,20
8.10209e+06,6,RTS,20
8.10219e+06,11,RTS,20
8.10225e+06,20,CTS,14
8.10231e+06,11,QOSDATA_TID6,1066
8.1025e+06,20,ACK,14
8.10254e+06,11,CTL,20
8.10264e+06,17,RTS,20
8.10264e+06,8,RTS,20
8.10264e+06,19,RTS,20
8.10264e+06,18,RTS,20
8.10274e+06,5,RTS,20
8.1028e+06,20,CTS,14
8.10286e+06,5,QOSDATA_TID6,1066
8.10305e+06,20,ACK,14
8.10309e+06,5,CTL,20
8.10318e+06,4,RTS,20
8.10324e+06,20,CTS,14
8.1033e+06,4,QOSDATA_TID6,1066
8.10349e+06,20,ACK,14
8.10353e+06,4,QOSDATA_TID6,1066
8.10372e+06,20,ACK,14
8.10376e+06,4,QOSDATA_TID6,1066
8.10394e+06,20,ACK,14
8.10399e+06,4,CTL,20
8.10408e+06,8,RTS,20
8.10408e+06,2,RTS,20
8.10414e+06,20,CTS,14
8.1042e+06,8,QOSDATA_TID6,1066
8.10439e+06,20,ACK,14
8.10443e+06,8,CTL,20
8.10452e+06,16,RTS,20
8.10458e+06,20,CTS,14
8.10464e+06,16,QOSDATA_TID6,1066
8.10483e+06,20,ACK,14
8.10487e+06,16,CTL,20
8.10496e+06,14,RTS,20
8.10503e+06,20,CTS,14
8.10509e+06,14,QOSDATA_TID6,1066
8.10527e+06,20,ACK,14
8.10532e+06,14,CTL,20
8.10539e+06,20,BEACON,152
8.10566e+06,17,RTS,20
8.10566e+06,15,RTS,20
8.10566e+06,18,RTS,20
8.10572e+06,20,CTS,14
8.10578e+06,17,QOSDATA_TID6,1066
8.10597e+06,20,ACK,14
8.10601e+06,17,CTL,20
8.1061e+06,9,RTS,20
8.1061e+06,15,RTS,20
8.10616e+06,20,CTS,14
8.10622e+06,15,QOSDATA_TID6,1066
8.10641e+06,20,ACK,14
8.10645e+06,15,CTL,20
8.10655e+06,18,RTS,20
8.10655e+06,19,RTS,20
8.10655e+06,10,RTS,20
8.10665e+06,3,RTS,20
8.10665e+06,13,RTS,20
8.10677e+06,0,RTS,20
8.10683e+06,20,CTS,14
8.10689e+06,0,QOSDATA_TID6,1066
8.10708e+06,20,ACK,14
8.10712e+06,0,CTL,20
8.10721e+06,6,RTS,20
8.10728e+06,20,CTS,14
8.10734e+06,6,QOSDATA_TID6,1066
8.10752e+06,20,ACK,14
8.10756e+06,6,QOSDATA_TID6,1066
8.10775e+06,20,ACK,14
8.10779e+06,6,QOSDATA_TID6,1066
8.10798e+06,20,ACK,14
8.10802e+06,6,QOSDATA_TID6,1066
8.1082e+06,20,ACK,14
8.10825e+06,6,CTL,20
8.10833e+06,13,RTS,20
8.1084e+06,20,CTS,14
8.10846e+06,13,QOSDATA_TID6,1066
8.10865e+06,20,ACK,14
8.10869e+06,13,CTL,20
8.10878e+06,1,RTS,20
8.10878e+06,2,RTS,20
8.10888e+06,15,RTS,20
8.10895e+06,20,CTS,14
8.10901e+06,15,QOSDATA_TID6,1066
8.1092e+06,20,ACK,14
8.10924e+06,15,CTL,20
8.10933e+06,7,RTS,20
8.10933e+06,12,RTS,20
8.10933e+06,17,RTS,20
8.10933e+06,2,RTS,20
8.10933e+06,11,RTS,20
8.10946e+06,2,RTS,20
8.10946e+06,11,RTS,20
8.10958e+06,5,RTS,20
8.10965e+06,20,CTS,14
8.10971e+06,5,QOSDATA_TID6,1066
8.10989e+06,20,ACK,14
8.10994e+06,5,CTL,20
8.11003e+06,2,RTS,20
8.1101e+06,20,CTS,14
8.11016e+06,2,QOSDATA_TID6,1066
8.11034e+06,20,ACK,14
8.11039e+06,2,QOSDATA_TID6,1066
8.11057e+06,20,ACK,14
8.11062e+06,2,CTL,20
8.1107e+06,9,RTS,20
8.1107e+06,19,RTS,20
8.11077e+06,20,CTS,14
8.11083e+06,19,QOSDATA_TID6,1066
8.11101e+06,20,ACK,14
8.11106e+06,19,QOSDATA_TID6,1066
8.11124e+06,20,ACK,14
8.11129e+06,19,CTL,20
8.11138e+06,3,RTS,20
8.11138e+06,4,RTS,20
8.11149e+06,14,RTS,20
8.11156e+06,20,CTS,14
8.11162e+06,14,QOSDATA_TID6,1066
8.1118e+06,20,ACK,14
8.11184e+06,14,CTL,20
8.11193e+06,8,RTS,20
8.112e+06,20,CTS,14
8.11206e+06,8,QOSDATA_TID6,1066
8.11224e+06,20,ACK,14
8.11229e+06,8,CTL,20
8.11237e+06,17,RTS,20
8.11237e+06,4,RTS,20
8.11244e+06,20,CTS,14
8.1125e+06,17,QOSDATA_TID6,1066
8.11268e+06,20,ACK,14
8.11273e+06,17,CTL,20
8.11282e+06,3,RTS,20
8.11289e+06,20,CTS,14
8.11295e+06,3,QOSDATA_TID6,1066
8.11314e+06,20,ACK,14
8.11318e+06,3,CTL,20
8.11326e+06,10,RTS,20
8.11326e+06,18,RTS,20
8.11326e+06,1,RTS,20
8.11326e+06,11,RTS,20
8.11326e+06,16,RTS,20
8.11326e+06,7,RTS,20
8.11337e+06,4,RTS,20
8.11337e+06,9,RTS,20
8.11349e+06,1,RTS,20
8.11356e+06,20,CTS,14
8.11362e+06,1,QOSDATA_TID6,1066
8.1138e+06,20,ACK,14
8.11384e+06,1,CTL,20
8.11395e+06,12,RTS,20
8.11395e+06,13,RTS,20
8.11395e+06,10,RTS,20
8.11402e+06,20,CTS,14
8.11408e+06,12,QOSDATA_TID6,1066
8.11426e+06,20,ACK,14
8.1143e+06,12,CTL,20
8.1144e+06,13,RTS,20
8.11447e+06,20,CTS,14
8.11453e+06,13,QOSDATA_TID6,1066
8.11471e+06,20,ACK,14
8.11476e+06,13,CTL,20
8.11484e+06,12,RTS,20
8.11491e+06,20,CTS,14
8.11497e+06,12,QOSDATA_TID6,1066
8.11515e+06,20,ACK,14
8.1152e+06,12,CTL,20
8.11528e+06,16,RTS,20
8.11528e+06,0,RTS,20
8.11528e+06,3,RTS,20
8.11528e+06,18,RTS,20
8.11528e+06,10,RTS,20
8.11538e+06,17,RTS,20
8.11545e+06,20,CTS,14
8.11551e+06,17,QOSDATA_TID6,1066
8.11569e+06,20,ACK,14
8.11574e+06,17,CTL,20
8.11582e+06,19,RTS,20
8.11582e+06,7,RTS,20
8.11582e+06,16,RTS,20
8.11594e+06,18,RTS,20
8.11594e+06,6,RTS,20
8.11594e+06,10,RTS,20
8.11605e+06,1,RTS,20
8.11612e+06,20,CTS,14
8.11618e+06,1,QOSDATA_TID6,1066
8.11636e+06,20,ACK,14
8.1164e+06,1,CTL,20
8.11649e+06,11,RTS,20
8.11656e+06,20,CTS,14
8.11662e+06,11,QOSDATA_TID6,1066
8.1168e+06,20,ACK,14
8.11684e+06,11,QOSDATA_TID6,1066
8.11703e+06,20,ACK,14
8.11707e+06,11,CTL,20
8.11716e+06,16,RTS,20
8.11716e+06,9,RTS,20
8.11716e+06,15,RTS,20
8.11716e+06,18,RTS,20
8.11727e+06,5,RTS,20
8.11733e+06,20,CTS,14
8.11739e+06,5,QOSDATA_TID6,1066
8.11758e+06,20,ACK,14
8.11762e+06,5,CTL,20
8.11771e+06,7,RTS,20
8.11771e+06,6,RTS,20
8.11782e+06,3,RTS,20
8.11788e+06,20,CTS,14
8.11794e+06,3,QOSDATA_TID6,1066
8.11813e+06,20,ACK,14
8.11817e+06,3,CTL,20
8.11827e+06,2,RTS,20
8.11827e+06,19,RTS,20
8.11827e+06,4,RTS,20
8.11836e+06,15,RTS,20
8.11843e+06,20,CTS,14
8.11849e+06,15,QOSDATA_TID6,1066
8.11868e+06,20,ACK,14
8.11872e+06,15,CTL,20
8.11882e+06,4,RTS,20
8.11888e+06,20,CTS,14
8.11894e+06,4,QOSDATA_TID6,1066
8.11913e+06,20,ACK,14
8.11917e+06,4,QOSDATA_TID6,1066
8.11936e+06,20,ACK,14
8.1194e+06,4,CTL,20
8.11948e+06,8,RTS,20
8.11948e+06,9,RTS,20
8.11948e+06,6,RTS,20
8.11955e+06,20,CTS,14
8.11961e+06,8,QOSDATA_TID6,1066
8.1198e+06,20,ACK,14
8.11984e+06,8,CTL,20
8.11994e+06,19,RTS,20
8.11994e+06,10,RTS,20
8.12e+06,20,CTS,14
8.12006e+06,19,QOSDATA_TID6,1066
8.12025e+06,20,ACK,14
8.12029e+06,19,CTL,20
8.12039e+06,10,RTS,20
8.12046e+06,20,CTS,14
8.12052e+06,10,QOSDATA_TID6,1066
8.1207e+06,20,ACK,14
8.12074e+06,10,QOSDATA_TID6,1066
8.12093e+06,20,ACK,14
8.12097e+06,10,QOSDATA_TID6,1066
8.12116e+06,20,ACK,14
8.1212e+06,10,QOSDATA_TID6,1066
8.12138e+06,20,ACK,14
8.12143e+06,10,QOSDATA_TID6,1066
8.12161e+06,20,ACK,14
8.12166e+06,10,CTL,20
8.12174e+06,18,RTS,20
8.12181e+06,20,CTS,14
8.12187e+06,18,QOSDATA_TID6,1066
8.12205e+06,20,ACK,14
8.1221e+06,18,QOSDATA_TID6,1066
8.12228e+06,20,ACK,14
8.12233e+06,18,QOSDATA_TID6,1066
8.12251e+06,20,ACK,14
8.12255e+06,18,CTL,20
8.12264e+06,3,RTS,20
8.12264e+06,14,RTS,20
8.12275e+06,12,RTS,20
8.12275e+06,7,RTS,20
8.12275e+06,16,RTS,20
8.12284e+06,3,RTS,20
8.12284e+06,14,RTS,20
8.12295e+06,12,RTS,20
8.12296e+06,11,RTS,20
8.12302e+06,20,CTS,14
8.12308e+06,12,QOSDATA_TID6,1066
8.12326e+06,20,ACK,14
8.12331e+06,12,CTL,20
8.1234e+06,2,RTS,20
8.1234e+06,0,RTS,20
8.1235e+06,13,RTS,20
8.12357e+06,20,CTS,14
8.12363e+06,13,QOSDATA_TID6,1066
8.12381e+06,20,ACK,14
8.12386e+06,13,CTL,20
8.12394e+06,11,RTS,20
8.12401e+06,20,CTS,14
8.12407e+06,11,QOSDATA_TID6,1066
8.12426e+06,20,ACK,14
8.1243e+06,11,CTL,20
8.12439e+06,17,RTS,20
8.12439e+06,19,RTS,20
8.12439e+06,2,RTS,20
8.12449e+06,1,RTS,20
8.12449e+06,16,RTS,20
8.12456e+06,20,CTS,14
8.12462e+06,1,QOSDATA_TID6,1066
8.1248e+06,20,ACK,14
8.12485e+06,1,CTL,20
8.12494e+06,0,CTS,14
8.12507e+06,0,RTS,20
8.12513e+06,20,CTS,14
8.12519e+06,0,QOSDATA_TID6,1066
8.12538e+06,20,ACK,14
8.12542e+06,0,QOSDATA_TID6,1066
8.12561e+06,20,ACK,14
8.12565e+06,0,CTL,20
8.12574e+06,6,RTS,20
8.12574e+06,14,RTS,20
8.12574e+06,2,RTS,20
8.12574e+06,9,RTS,20
8.12574e+06,19,RTS,20
8.12584e+06,5,RTS,20
8.12584e+06,10,RTS,20
8.12584e+06,4,RTS,20
8.12591e+06,20,CTS,14
8.12597e+06,5,QOSDATA_TID6,1066
8.12616e+06,20,ACK,14
8.1262e+06,5,CTL,20
8.12628e+06,2,RTS,20
8.12628e+06,7,RTS,20
8.12639e+06,19,RTS,20
8.12639e+06,14,RTS,20
8.12646e+06,20,CTS,14
8.12652e+06,19,QOSDATA_TID6,1066
8.1267e+06,20,ACK,14
8.12675e+06,19,CTL,20
8.12683e+06,18,RTS,20
8.12683e+06,14,RTS,20
8.12694e+06,8,RTS,20
8.12701e+06,20,CTS,14
8.12707e+06,8,QOSDATA_TID6,1066
8.12725e+06,20,ACK,14
8.1273e+06,8,CTL,20
8.12738e+06,17,RTS,20
8.12745e+06,20,CTS,14
8.12751e+06,17,QOSDATA_TID6,1066
8.1277e+06,20,ACK,14
8.12774e+06,17,CTL,20
8.12782e+06,16,RTS,20
8.12782e+06,15,RTS,20
8.12792e+06,7,RTS,20
8.12799e+06,20,CTS,14
8.12805e+06,7,QOSDATA_TID6,1066
8.12824e+06,20,ACK,14
8.12828e+06,7,QOSDATA_TID6,1066
8.12846e+06,20,ACK,14
8.12851e+06,7,QOSDATA_TID6,1066
8.12869e+06,20,ACK,14
8.12874e+06,7,CTL,20
8.12883e+06,3,RTS,20
8.1289e+06,20,CTS,14
8.12896e+06,3,QOSDATA_TID6,1066
8.12914e+06,20,ACK,14
8.12919e+06,3,CTL,20
8.12928e+06,9,RTS,20
8.12928e+06,6,RTS,20
8.12928e+06,16,RTS,20
8.12928e+06,4,RTS,20
8.12928e+06,14,RTS,20
8.12939e+06,10,RTS,20
8.12946e+06,20,CTS,14
8.12952e+06,10,QOSDATA_TID6,1066
8.1297e+06,20,ACK,14
8.12974e+06,10,CTL,20
8.12983e+06,9,RTS,20
8.12983e+06,7,RTS,20
8.1299e+06,20,CTS,14
8.12996e+06,7,QOSDATA_TID6,1066
8.13014e+06,20,ACK,14
8.13019e+06,7,CTL,20
8.13027e+06,9,RTS,20
8.13034e+06,20,CTS,14
8.1304e+06,9,QOSDATA_TID6,1066
8.13058e+06,20,ACK,14
8.13063e+06,9,QOSDATA_TID6,1066
8.13081e+06,20,ACK,14
8.13086e+06,9,QOSDATA_TID6,1066
8.13104e+06,20,ACK,14
8.13108e+06,9,CTL,20
8.13117e+06,1,RTS,20
8.13117e+06,16,RTS,20
8.13124e+06,20,CTS,14
8.1313e+06,1,QOSDATA_TID6,1066
8.13148e+06,20,ACK,14
8.13153e+06,1,CTL,20
8.13161e+06,17,RTS,20
8.13168e+06,20,CTS,14
8.13174e+06,17,QOSDATA_TID6,1066
8.13192e+06,20,ACK,14
8.13197e+06,17,CTL,20
8.13206e+06,19,RTS,20
8.13206e+06,12,RTS,20
8.13206e+06,2,RTS,20
8.13206e+06,3,RTS,20
8.13206e+06,0,RTS,20
8.13206e+06,18,RTS,20
8.13206e+06,13,RTS,20
8.13215e+06,4,RTS,20
8.13222e+06,20,CTS,14
8.13228e+06,4,QOSDATA_TID6,1066
8.13246e+06,20,ACK,14
8.13251e+06,4,CTL,20
8.1326e+06,16,RTS,20
8.1326e+06,11,RTS,20
8.1326e+06,5,RTS,20
8.1326e+06,15,RTS,20
8.1326e+06,0,RTS,20
8.13266e+06,20,CTS,14
8.13272e+06,5,QOSDATA_TID6,1066
8.13291e+06,20,ACK,14
8.13295e+06,5,CTL,20
8.13304e+06,11,RTS,20
8.1331e+06,20,CTS,14
8.13316e+06,11,QOSDATA_TID6,1066
8.13335e+06,20,ACK,14
8.13339e+06,11,CTL,20
8.13349e+06,16,RTS,20
8.13349e+06,4,RTS,20
8.13349e+06,13,RTS,20
8.13359e+06,12,RTS,20
8.13359e+06,3,RTS,20
8.13359e+06,10,RTS,20
8.13365e+06,20,CTS,14
8.13371e+06,12,QOSDATA_TID6,1066
8.1339e+06,20,ACK,14
8.13394e+06,12,CTL,20
8.13403e+06,19,RTS,20
8.13403e+06,3,RTS,20
8.1341e+06,20,CTS,14
8.13416e+06,19,QOSDATA_TID6,1066
8.13434e+06,20,ACK,14
8.13438e+06,19,CTL,20
8.13448e+06,2,RTS,20
8.13448e+06,14,RTS,20
8.13455e+06,20,CTS,14
8.13461e+06,2,QOSDATA_TID6,1066
8.13479e+06,20,ACK,14
8.13484e+06,2,QOSDATA_TID6,1066
8.13502e+06,20,ACK,14
8.13506e+06,2,QOSDATA_TID6,1066
8.13525e+06,20,ACK,14
8.13529e+06,2,CTL,20
8.13539e+06,16,RTS,20
8.13545e+06,20,CTS,14
8.13551e+06,16,QOSDATA_TID6,1066
8.1357e+06,20,ACK,14
8.13574e+06,16,QOSDATA_TID6,1066
8.13593e+06,20,ACK,14
8.13597e+06,16,CTL,20
8.13606e+06,4,RTS,20
8.13606e+06,8,RTS,20
8.13606e+06,15,RTS,20
8.13612e+06,20,CTS,14
8.13618e+06,8,QOSDATA_TID6,1066
8.13637e+06,20,ACK,14
8.13641e+06,8,CTL,20
8.1365e+06,18,RTS,20
8.13657e+06,20,CTS,14
8.13663e+06,18,QOSDATA_TID6,1066
8.13681e+06,20,ACK,14
8.13685e+06,18,QOSDATA_TID6,1066
8.13704e+06,20,ACK,14
8.13708e+06,18,CTL,20
8.13717e+06,10,RTS,20
8.13717e+06,6,RTS,20
8.13717e+06,3,RTS,20
8.13717e+06,15,RTS,20
8.13717e+06,16,RTS,20
8.13728e+06,13,RTS,20
8.13735e+06,20,CTS,14
8.13741e+06,13,QOSDATA_TID6,1066
8.1376e+06,20,ACK,14
8.13764e+06,13,QOSDATA_TID6,1066
8.13782e+06,20,ACK,14
8.13787e+06,13,CTL,20
8.13795e+06,7,RTS,20
8.13802e+06,20,CTS,14
8.13808e+06,7,QOSDATA_TID6,1066
8.13827e+06,20,ACK,14
8.13831e+06,7,CTL,20
8.1384e+06,12,RTS,20
8.1384e+06,0,CTS,14
8.1384e+06,9,RTS,20
8.13848e+06,0,RTS,20
8.13855e+06,20,CTS,14
8.13861e+06,0,QOSDATA_TID6,1066
8.1388e+06,20,ACK,14
8.13884e+06,0,QOSDATA_TID6,1066
8.13902e+06,20,ACK,14
8.13907e+06,0,CTL,20
8.13915e+06,19,RTS,20
8.13922e+06,20,CTS,14
8.13928e+06,19,QOSDATA_TID6,1066
8.13946e+06,20,ACK,14
8.13951e+06,19,CTL,20
8.1396e+06,17,RTS,20
8.1396e+06,11,RTS,20
8.13966e+06,20,CTS,14
8.13972e+06,17,QOSDATA_TID6,1066
8.13991e+06,20,ACK,14
8.13995e+06,17,CTL,20
8.14004e+06,14,RTS,20
8.1401e+06,20,CTS,14
8.14016e+06,14,QOSDATA_TID6,1066
8.14035e+06,20,ACK,14
8.14039e+06,14,QOSDATA_TID6,1066
8.14058e+06,20,ACK,14
8.14062e+06,14,CTL,20
8.14071e+06,15,RTS,20
8.14071e+06,12,RTS,20
8.14071e+06,10,RTS,20
8.14071e+06,1,RTS,20
8.14071e+06,3,RTS,20
8.14081e+06,2,RTS,20
8.14081e+06,5,RTS,20
8.14081e+06,4,RTS,20
8.14088e+06,20,CTS,14
8.14094e+06,5,QOSDATA_TID6,1066
8.14113e+06,20,ACK,14
8.14117e+06,5,CTL,20
8.14126e+06,15,RTS,20
8.14132e+06,20,CTS,14
8.14138e+06,15,QOSDATA_TID6,1066
8.14157e+06,20,ACK,14
8.14161e+06,15,QOSDATA_TID6,1066
8.1418e+06,20,ACK,14
8.14184e+06,15,QOSDATA_TID6,1066
8.14202e+06,20,ACK,14
8.14207e+06,15,CTL,20
8.14215e+06,6,RTS,20
8.14215e+06,12,RTS,20
8.14215e+06,1,RTS,20
8.14215e+06,2,RTS,20
8.14215e+06,3,RTS,20
8.14227e+06,11,RTS,20
8.14227e+06,16,RTS,20
8.14238e+06,18,RTS,20
8.14244e+06,20,CTS,14
8.1425e+06,18,QOSDATA_TID6,1066
8.14269e+06,20,ACK,14
8.14273e+06,18,CTL,20
8.14282e+06,12,RTS,20
8.14289e+06,20,CTS,14
8.14295e+06,12,QOSDATA_TID6,1066
8.14313e+06,20,ACK,14
8.14318e+06,12,CTL,20
8.14326e+06,1,RTS,20
8.14326e+06,14,RTS,20
8.14326e+06,9,RTS,20
8.14326e+06,10,RTS,20
8.14337e+06,2,RTS,20
8.14344e+06,20,CTS,14
8.1435e+06,2,QOSDATA_TID6,1066
8.14368e+06,20,ACK,14
8.14372e+06,2,CTL,20
8.14381e+06,6,RTS,20
8.14388e+06,20,CTS,14
8.14394e+06,6,QOSDATA_TID6,1066
8.14412e+06,20,ACK,14
8.14417e+06,6,QOSDATA_TID6,1066
8.14435e+06,20,ACK,14
8.14439e+06,6,QOSDATA_TID6,1066
8.14458e+06,20,ACK,14
8.14462e+06,6,CTL,20
8.14471e+06,14,RTS,20
8.14478e+06,20,CTS,14
8.14484e+06,14,QOSDATA_TID6,1066
8.14502e+06,20,ACK,14
8.14506e+06,14,CTL,20
8.14515e+06,8,RTS,20
8.14515e+06,4,RTS,20
8.14522e+06,20,CTS,14
8.14528e+06,8,QOSDATA_TID6,1066
8.14546e+06,20,ACK,14
8.14551e+06,8,CTL,20
8.14559e+06,4,RTS,20
8.14566e+06,20,CTS,14
8.14572e+06,4,QOSDATA_TID6,1066
8.1459e+06,20,ACK,14
8.14595e+06,4,QOSDATA_TID6,1066
8.14613e+06,20,ACK,14
8.14618e+06,4,CTL,20
8.14626e+06,7,RTS,20
8.14626e+06,0,RTS,20
8.14637e+06,3,RTS,20
8.14644e+06,20,CTS,14
8.1465e+06,3,QOSDATA_TID6,1066
8.14668e+06,20,ACK,14
8.14673e+06,3,QOSDATA_TID6,1066
8.14691e+06,20,ACK,14
8.14695e+06,3,QOSDATA_TID6,1066
8.14714e+06,20,ACK,14
8.14718e+06,3,CTL,20
8.14728e+06,9,RTS,20
8.14728e+06,19,RTS,20
8.14728e+06,12,RTS,20
8.14728e+06,6,RTS,20
8.14728e+06,16,RTS,20
8.14738e+06,17,RTS,20
8.14744e+06,20,CTS,14
8.1475e+06,17,QOSDATA_TID6,1066
8.14769e+06,20,ACK,14
8.14773e+06,17,CTL,20
8.14782e+06,13,RTS,20
8.14788e+06,20,CTS,14
8.14794e+06,13,QOSDATA_TID6,1066
8.14813e+06,20,ACK,14
8.14817e+06,13,CTL,20
8.14826e+06,10,RTS,20
8.14833e+06,20,CTS,14
8.14839e+06,10,QOSDATA_TID6,1066
8.14857e+06,20,ACK,14
8.14862e+06,10,QOSDATA_TID6,1066
8.1488e+06,20,ACK,14
8.14884e+06,10,QOSDATA_TID6,1066
8.14903e+06,20,ACK,14
8.14907e+06,10,CTL,20
8.14916e+06,9,RTS,20
8.14916e+06,0,RTS,20
8.14922e+06,20,CTS,14
8.14928e+06,0,QOSDATA_TID6,1066
8.14947e+06,20,ACK,14
8.14951e+06,0,CTL,20
8.1496e+06,7,RTS,20
8.1496e+06,11,RTS,20
8.1496e+06,4,RTS,20
8.14967e+06,20,CTS,14
8.14973e+06,7,QOSDATA_TID6,1066
8.14991e+06,20,ACK,14
8.14996e+06,7,CTL,20
8.15005e+06,12,RTS,20
8.15005e+06,1,RTS,20
8.15005e+06,5,RTS,20
8.15005e+06,16,RTS,20
8.15005e+06,19,RTS,20
8.15005e+06,6,RTS,20
8.15015e+06,2,RTS,20
8.15022e+06,20,CTS,14
8.15028e+06,2,QOSDATA_TID6,1066
8.15046e+06,20,ACK,14
8.1505e+06,2,CTL,20
8.15059e+06,19,RTS,20
8.15066e+06,20,CTS,14
8.15072e+06,19,QOSDATA_TID6,1066
8.1509e+06,20,ACK,14
8.15095e+06,19,CTL,20
8.15103e+06,5,RTS,20
8.15103e+06,16,RTS,20
8.15103e+06,18,RTS,20
8.15103e+06,15,RTS,20
8.1511e+06,20,CTS,14
8.15116e+06,5,QOSDATA_TID6,1066
8.15134e+06,20,ACK,14
8.15139e+06,5,CTL,20
8.15147e+06,15,RTS,20
8.15154e+06,20,CTS,14
8.1516e+06,15,QOSDATA_TID6,1066
8.15179e+06,20,ACK,14
8.15183e+06,15,CTL,20
8.15192e+06,8,RTS,20
8.15199e+06,20,CTS,14
8.15205e+06,8,QOSDATA_TID6,1066
8.15224e+06,20,ACK,14
8.15228e+06,8,CTL,20
8.15237e+06,4,RTS,20
8.15237e+06,6,RTS,20
8.15237e+06,14,RTS,20
8.15247e+06,12,RTS,20
8.15247e+06,9,RTS,20
8.15254e+06,20,CTS,14
8.1526e+06,12,QOSDATA_TID6,1066
8.15279e+06,20,ACK,14
8.15283e+06,12,CTL,20
8.15292e+06,1,RTS,20
8.15292e+06,11,RTS,20
8.15299e+06,20,CTS,14
8.15305e+06,1,QOSDATA_TID6,1066
8.15324e+06,20,ACK,14
8.15328e+06,1,QOSDATA_TID6,1066
8.15346e+06,20,ACK,14
8.15351e+06,1,CTL,20
8.1536e+06,7,RTS,20
8.15366e+06,20,CTS,14
8.15372e+06,7,QOSDATA_TID6,1066
8.15391e+06,20,ACK,14
8.15395e+06,7,CTL,20
8.15405e+06,16,RTS,20
8.15405e+06,6,RTS,20
8.15405e+06,18,RTS,20
8.15415e+06,13,RTS,20
8.15422e+06,20,CTS,14
8.15428e+06,13,QOSDATA_TID6,1066
8.15447e+06,20,ACK,14
8.15451e+06,13,CTL,20
8.1546e+06,6,RTS,20
8.15466e+06,20,CTS,14
8.15472e+06,6,QOSDATA_TID6,1066
8.15491e+06,20,ACK,14
8.15495e+06,6,CTL,20
8.15505e+06,0,RTS,20
8.15505e+06,12,RTS,20
8.15505e+06,11,RTS,20
8.15512e+06,20,CTS,14
8.15518e+06,12,QOSDATA_TID6,1066
8.15536e+06,20,ACK,14
8.1554e+06,12,CTL,20
8.15549e+06,3,RTS,20
8.15556e+06,20,CTS,14
8.15562e+06,3,QOSDATA_TID6,1066
8.1558e+06,20,ACK,14
8.15584e+06,3,CTL,20
8.15593e+06,9,RTS,20
8.156e+06,20,CTS,14
8.15606e+06,9,QOSDATA_TID6,1066
8.15624e+06,20,ACK,14
8.15629e+06,9,QOSDATA_TID6,1066
8.15647e+06,20,ACK,14
8.15652e+06,9,QOSDATA_TID6,1066
8.1567e+06,20,ACK,14
8.15674e+06,9,CTL,20
8.15683e+06,10,RTS,20
8.15683e+06,18,RTS,20
8.15683e+06,19,RTS,20
8.15683e+06,1,RTS,20
8.15683e+06,17,RTS,20
8.15683e+06,6,RTS,20
8.15683e+06,14,RTS,20
8.15694e+06,5,RTS,20
8.15694e+06,4,RTS,20
8.157e+06,20,CTS,14
8.15706e+06,5,QOSDATA_TID6,1066
8.15725e+06,20,ACK,14
8.15729e+06,5,CTL,20
8.15739e+06,17,RTS,20
8.15739e+06,19,RTS,20
8.15739e+06,10,RTS,20
8.15746e+06,20,CTS,14
8.15752e+06,17,QOSDATA_TID6,1066
8.1577e+06,20,ACK,14
8.15774e+06,17,CTL,20
8.15784e+06,11,RTS,20
8.15784e+06,4,RTS,20
8.15784e+06,15,RTS,20
8.15784e+06,10,RTS,20
8.15794e+06,16,RTS,20
8.158e+06,20,CTS,14
8.15806e+06,16,QOSDATA_TID6,1066
8.15825e+06,20,ACK,14
8.15829e+06,16,QOSDATA_TID6,1066
8.15848e+06,20,ACK,14
8.15852e+06,16,QOSDATA_TID6,1066
8.1587e+06,20,ACK,14
8.15875e+06,16,CTL,20
8.15883e+06,4,RTS,20
8.15883e+06,19,RTS,20
8.1589e+06,20,CTS,14
8.15896e+06,19,QOSDATA_TID6,1066
8.15915e+06,20,ACK,14
8.15919e+06,19,CTL,20
8.15928e+06,8,RTS,20
8.15928e+06,0,RTS,20
8.15935e+06,20,CTS,14
8.15941e+06,8,QOSDATA_TID6,1066
8.1596e+06,20,ACK,14
8.15964e+06,8,CTL,20
8.15974e+06,2,RTS,20
8.1598e+06,20,CTS,14
8.15986e+06,2,QOSDATA_TID6,1066
8.16005e+06,20,ACK,14
8.16009e+06,2,CTL,20
8.16018e+06,10,RTS,20
8.16025e+06,20,CTS,14
8.16031e+06,10,QOSDATA_TID6,1066
8.16049e+06,20,ACK,14
8.16053e+06,10,CTL,20
8.16062e+06,6,RTS,20
8.16069e+06,20,CTS,14
8.16075e+06,6,QOSDATA_TID6,1066
8.16093e+06,20,ACK,14
8.16098e+06,6,CTL,20
8.16106e+06,14,RTS,20
8.16106e+06,16,RTS,20
8.16124e+06,16,RTS,20
8.16131e+06,20,CTS,14
8.16137e+06,16,QOSDATA_TID6,1066
8.16155e+06,20,ACK,14
8.16159e+06,16,CTL,20
8.16169e+06,11,RTS,20
8.16169e+06,4,RTS,20
8.16169e+06,1,RTS,20
8.16169e+06,7,RTS,20
8.16169e+06,14,RTS,20
8.1618e+06,9,RTS,20
8.16186e+06,20,CTS,14
8.16192e+06,9,QOSDATA_TID6,1066
8.16211e+06,20,ACK,14
8.16215e+06,9,CTL,20
8.16224e+06,13,RTS,20
8.16231e+06,20,CTS,14
8.16237e+06,13,QOSDATA_TID6,1066
8.16255e+06,20,ACK,14
8.1626e+06,13,CTL,20
8.16268e+06,12,RTS,20
8.16268e+06,14,RTS,20
8.16268e+06,0,CTS,14
8.16268e+06,18,RTS,20
8.16277e+06,0,RTS,20
8.16284e+06,20,CTS,14
8.1629e+06,0,QOSDATA_TID6,1066
8.16308e+06,20,ACK,14
8.16312e+06,0,QOSDATA_TID6,1066
8.16331e+06,20,ACK,14
8.16335e+06,0,CTL,20
8.16344e+06,14,RTS,20
8.1635e+06,20,CTS,14
8.16356e+06,14,QOSDATA_TID6,1066
8.16375e+06,20,ACK,14
8.16379e+06,14,QOSDATA_TID6,1066
8.16398e+06,20,ACK,14
8.16402e+06,14,CTL,20
8.16411e+06,6,RTS,20
8.16411e+06,17,RTS,20
8.16418e+06,20,CTS,14
8.16424e+06,17,QOSDATA_TID6,1066
8.16442e+06,20,ACK,14
8.16446e+06,17,CTL,20
8.16456e+06,19,RTS,20
8.16456e+06,3,RTS,20
8.16456e+06,15,RTS,20
8.16466e+06,12,RTS,20
8.16473e+06,20,CTS,14
8.16479e+06,12,QOSDATA_TID6,1066
8.16498e+06,20,ACK,14
8.16502e+06,12,CTL,20
8.16512e+06,4,RTS,20
8.16518e+06,20,CTS,14
8.16524e+06,4,QOSDATA_TID6,1066
8.16543e+06,20,ACK,14
8.16547e+06,4,QOSDATA_TID6,1066
8.16566e+06,20,ACK,14
8.1657e+06,4,QOSDATA_TID6,1066
8.16588e+06,20,ACK,14
8.16593e+06,4,CTL,20
8.16601e+06,7,RTS,20
8.16601e+06,10,RTS,20
8.16608e+06,20,CTS,14
8.16614e+06,7,QOSDATA_TID6,1066
8.16633e+06,20,ACK,14
8.16637e+06,7,CTL,20
8.16646e+06,5,RTS,20
8.16646e+06,2,RTS,20
8.16653e+06,20,CTS,14
8.16659e+06,5,QOSDATA_TID6,1066
8.16678e+06,20,ACK,14
8.16682e+06,5,CTL,20
8.16691e+06,8,RTS,20
8.16691e+06,2,RTS,20
8.16691e+06,15,RTS,20
8.16705e+06,2,RTS,20
8.16705e+06,6,RTS,20
8.16717e+06,18,RTS,20
8.16723e+06,20,CTS,14
8.16729e+06,18,QOSDATA_TID6,1066
8.16748e+06,20,ACK,14
8.16752e+06,18,QOSDATA_TID6,1066
8.16771e+06,20,ACK,14
8.16775e+06,18,QOSDATA_TID6,1066
8.16793e+06,20,ACK,14
8.16798e+06,18,CTL,20
8.16806e+06,11,RTS,20
8.16813e+06,20,CTS,14
8.16819e+06,11,QOSDATA_TID6,1066
8.16838e+06,20,ACK,14
8.16842e+06,11,QOSDATA_TID6,1066
8.1686e+06,20,ACK,14
8.16865e+06,11,QOSDATA_TID6,1066
8.16883e+06,20,ACK,14
8.16888e+06,11,CTL,20
8.16896e+06,16,RTS,20
8.16896e+06,14,RTS,20
8.16907e+06,3,RTS,20
8.16914e+06,20,CTS,14
8.1692e+06,3,QOSDATA_TID6,1066
8.16938e+06,20,ACK,14
8.16942e+06,3,CTL,20
8.16952e+06,10,RTS,20
8.16952e+06,19,RTS,20
8.16952e+06,1,RTS,20
8.16952e+06,7,RTS,20
8.16962e+06,2,RTS,20
8.16969e+06,20,CTS,14
8.16975e+06,2,QOSDATA_TID6,1066
8.16993e+06,20,ACK,14
8.16998e+06,2,CTL,20
8.17006e+06,9,RTS,20
8.17006e+06,0,RTS,20
8.17006e+06,13,RTS,20
8.17017e+06,19,RTS,20
8.17024e+06,20,CTS,14
8.1703e+06,19,QOSDATA_TID6,1066
8.17048e+06,20,ACK,14
8.17052e+06,19,CTL,20
8.17061e+06,8,RTS,20
8.17061e+06,10,RTS,20
8.17061e+06,15,RTS,20
8.17068e+06,20,CTS,14
8.17074e+06,8,QOSDATA_TID6,1066
8.17092e+06,20,ACK,14
8.17097e+06,8,CTL,20
8.17105e+06,19,RTS,20
8.17105e+06,3,RTS,20
8.17112e+06,20,CTS,14
8.17118e+06,19,QOSDATA_TID6,1066
8.17136e+06,20,ACK,14
8.17141e+06,19,CTL,20
8.17149e+06,17,RTS,20
8.17149e+06,3,RTS,20
8.17156e+06,20,CTS,14
8.17162e+06,17,QOSDATA_TID6,1066
8.17181e+06,20,ACK,14
8.17185e+06,17,CTL,20
8.17194e+06,0,RTS,20
8.172e+06,20,CTS,14
8.17206e+06,0,QOSDATA_TID6,1066
8.17225e+06,20,ACK,14
8.17229e+06,0,CTL,20
8.17238e+06,6,RTS,20
8.17238e+06,1,RTS,20
8.17238e+06,9,RTS,20
8.17238e+06,16,RTS,20
8.17248e+06,7,RTS,20
8.17255e+06,20,CTS,14
8.17261e+06,7,QOSDATA_TID6,1066
8.1728e+06,20,ACK,14
8.17284e+06,7,CTL,20
8.17293e+06,12,RTS,20
8.17293e+06,13,RTS,20
8.173e+06,20,CTS,14
8.17306e+06,12,QOSDATA_TID6,1066
8.17324e+06,20,ACK,14
8.17328e+06,12,CTL,20
8.17337e+06,13,RTS,20
8.17344e+06,20,CTS,14
8.1735e+06,13,QOSDATA_TID6,1066
8.17368e+06,20,ACK,14
8.17372e+06,13,CTL,20
8.17381e+06,11,RTS,20
8.17381e+06,2,RTS,20
8.17392e+06,5,RTS,20
8.17392e+06,14,RTS,20
8.17399e+06,20,CTS,14
8.17405e+06,5,QOSDATA_TID6,1066
8.17423e+06,20,ACK,14
8.17427e+06,5,CTL,20
8.17437e+06,4,RTS,20
8.17444e+06,20,CTS,14
8.1745e+06,4,QOSDATA_TID6,1066
8.17468e+06,20,ACK,14
8.17472e+06,4,CTL,20
8.17481e+06,3,RTS,20
8.17481e+06,9,RTS,20
8.17491e+06,2,RTS,20
8.17491e+06,18,RTS,20
8.17491e+06,6,RTS,20
8.17502e+06,8,RTS,20
8.17508e+06,20,CTS,14
8.17514e+06,8,QOSDATA_TID6,1066
8.17533e+06,20,ACK,14
8.17537e+06,8,CTL,20
8.17546e+06,1,RTS,20
8.17546e+06,16,RTS,20
8.17546e+06,6,RTS,20
8.17556e+06,3,RTS,20
8.17562e+06,20,CTS,14
8.17568e+06,3,QOSDATA_TID6,1066
8.17587e+06,20,ACK,14
8.17591e+06,3,CTL,20
8.176e+06,10,RTS,20
8.176e+06,1,RTS,20
8.17607e+06,20,CTS,14
8.17613e+06,1,QOSDATA_TID6,1066
8.17631e+06,20,ACK,14
8.17635e+06,1,QOSDATA_TID6,1066
8.17654e+06,20,ACK,14
8.17658e+06,1,QOSDATA_TID6,1066
8.17677e+06,20,ACK,14
8.17681e+06,1,CTL,20
8.1769e+06,15,RTS,20
8.1769e+06,14,RTS,20
8.17699e+06,11,RTS,20
8.17706e+06,20,CTS,14
8.17712e+06,11,QOSDATA_TID6,1066
8.17731e+06,20,ACK,14
8.17735e+06,11,CTL,20
8.17744e+06,16,RTS,20
8.17744e+06,2,RTS,20
8.17744e+06,9,RTS,20
8.17744e+06,18,RTS,20
8.17755e+06,15,RTS,20
8.17762e+06,20,CTS,14
8.17768e+06,15,QOSDATA_TID6,1066
8.17786e+06,20,ACK,14
8.17791e+06,15,QOSDATA_TID6,1066
8.17809e+06,20,ACK,14
8.17814e+06,15,QOSDATA_TID6,1066
8.17832e+06,20,ACK,14
8.17836e+06,15,CTL,20
8.17845e+06,14,RTS,20
8.17845e+06,13,RTS,20
8.17857e+06,9,RTS,20
8.17864e+06,20,CTS,14
8.1787e+06,9,QOSDATA_TID6,1066
8.17888e+06,20,ACK,14
8.17892e+06,9,QOSDATA_TID6,1066
8.17911e+06,20,ACK,14
8.17915e+06,9,CTL,20
8.17925e+06,3,RTS,20
8.17925e+06,0,RTS,20
8.17925e+06,11,RTS,20
8.17934e+06,10,RTS,20
8.17941e+06,20,CTS,14
8.17947e+06,10,QOSDATA_TID6,1066
8.17966e+06,20,ACK,14
8.1797e+06,10,QOSDATA_TID6,1066
8.17988e+06,20,ACK,14
8.17993e+06,10,CTL,20
8.18001e+06,17,RTS,20
8.18008e+06,20,CTS,14
8.18014e+06,17,QOSDATA_TID6,1066
8.18033e+06,20,ACK,14
8.18037e+06,17,CTL,20
8.18046e+06,0,RTS,20
8.18052e+06,20,CTS,14
8.18058e+06,0,QOSDATA_TID6,1066
8.18077e+06,20,ACK,14
8.18081e+06,0,CTL,20
8.1809e+06,2,RTS,20
8.1809e+06,7,RTS,20
8.1809e+06,1,RTS,20
8.1809e+06,19,RTS,20
8.1809e+06,13,RTS,20
8.1809e+06,16,RTS,20
8.1809e+06,4,RTS,20
8.181e+06,12,RTS,20
8.18106e+06,20,CTS,14
8.18112e+06,12,QOSDATA_TID6,1066
8.18131e+06,20,ACK,14
8.18135e+06,12,CTL,20
8.18144e+06,6,RTS,20
8.18151e+06,20,CTS,14
8.18157e+06,6,QOSDATA_TID6,1066
8.18175e+06,20,ACK,14
8.18179e+06,6,QOSDATA_TID6,1066
8.18198e+06,20,ACK,14
8.18202e+06,6,QOSDATA_TID6,1066
8.18221e+06,20,ACK,14
8.18225e+06,6,CTL,20
8.18234e+06,14,RTS,20
8.18234e+06,5,RTS,20
8.1824e+06,20,CTS,14
8.18246e+06,5,QOSDATA_TID6,1066
8.18265e+06,20,ACK,14
8.18269e+06,5,CTL,20
8.18279e+06,1,RTS,20
8.18279e+06,15,RTS,20
8.18288e+06,10,RTS,20
8.18295e+06,20,CTS,14
8.18301e+06,10,QOSDATA_TID6,1066
8.1832e+06,20,ACK,14
8.18324e+06,10,CTL,20
8.18334e+06,18,RTS,20
8.1834e+06,20,CTS,14
8.18346e+06,18,QOSDATA_TID6,1066
8.18365e+06,20,ACK,14
8.18369e+06,18,QOSDATA_TID6,1066
8.18388e+06,20,ACK,14
8.18392e+06,18,CTL,20
8.18401e+06,2,RTS,20
8.18401e+06,19,RTS,20
8.18401e+06,7,RTS,20
8.18411e+06,11,RTS,20
8.18411e+06,4,RTS,20
8.18411e+06,15,RTS,20
8.18422e+06,2,RTS,20
8.18422e+06,3,RTS,20
8.18429e+06,20,CTS,14
8.18435e+06,2,QOSDATA_TID6,1066
8.18453e+06,20,ACK,14
8.18458e+06,2,QOSDATA_TID6,1066
8.18476e+06,20,ACK,14
8.1848e+06,2,CTL,20
8.18489e+06,11,RTS,20
8.18489e+06,16,RTS,20
8.18489e+06,13,RTS,20
8.18499e+06,8,RTS,20
8.18499e+06,1,RTS,20
8.18499e+06,19,RTS,20
8.18509e+06,16,RTS,20
8.18509e+06,0,RTS,20
8.18516e+06,20,CTS,14
8.18522e+06,0,QOSDATA_TID6,1066
8.1854e+06,20,ACK,14
8.18544e+06,0,CTL,20
8.18554e+06,15,RTS,20
8.18554e+06,7,RTS,20
8.18554e+06,11,RTS,20
8.18566e+06,3,RTS,20
8.18573e+06,20,CTS,14
8.18579e+06,3,QOSDATA_TID6,1066
8.18598e+06,20,ACK,14
8.18602e+06,3,CTL,20
8.18611e+06,9,RTS,20
8.18618e+06,20,CTS,14
8.18624e+06,9,QOSDATA_TID6,1066
8.18643e+06,20,ACK,14
8.18647e+06,9,CTL,20
8.18656e+06,7,RTS,20
8.18656e+06,13,RTS,20
8.18662e+06,20,CTS,14
8.18668e+06,7,QOSDATA_TID6,1066
8.18687e+06,20,ACK,14
8.18691e+06,7,QOSDATA_TID6,1066
8.1871e+06,20,ACK,14
8.18714e+06,7,CTL,20
8.18723e+06,3,RTS,20
8.18729e+06,20,CTS,14
8.18735e+06,3,QOSDATA_TID6,1066
8.18754e+06,20,ACK,14
8.18758e+06,3,CTL,20
8.18767e+06,19,RTS,20
8.18767e+06,8,RTS,20
8.18767e+06,12,RTS,20
8.18767e+06,4,RTS,20
8.18767e+06,14,RTS,20
8.18778e+06,17,RTS,20
8.18784e+06,20,CTS,14
8.1879e+06,17,QOSDATA_TID6,1066
8.18809e+06,20,ACK,14
8.18813e+06,17,CTL,20
8.18822e+06,1,RTS,20
8.18828e+06,20,CTS,14
8.18834e+06,1,QOSDATA_TID6,1066
8.18853e+06,20,ACK,14
8.18857e+06,1,QOSDATA_TID6,1066
8.18876e+06,20,ACK,14
8.1888e+06,1,CTL,20
8.18889e+06,8,RTS,20
8.18889e+06,11,RTS,20
8.18889e+06,16,RTS,20
8.18896e+06,20,CTS,14
8.18902e+06,8,QOSDATA_TID6,1066
8.1892e+06,20,ACK,14
8.18924e+06,8,CTL,20
8.18933e+06,16,RTS,20
8.18933e+06,6,RTS,20
8.18933e+06,15,RTS,20
8.18943e+06,5,RTS,20
8.1895e+06,20,CTS,14
8.18956e+06,5,QOSDATA_TID6,1066
8.18974e+06,20,ACK,14
8.18978e+06,5,CTL,20
8.18988e+06,19,RTS,20
8.18988e+06,2,RTS,20
8.18988e+06,10,RTS,20
8.18998e+06,6,RTS,20
8.18998e+06,13,RTS,20
8.1901e+06,15,RTS,20
8.1901e+06,19,RTS,20
8.19026e+06,19,RTS,20
8.19026e+06,10,RTS,20
8.19033e+06,20,CTS,14
8.19039e+06,19,QOSDATA_TID6,1066
8.19057e+06,20,ACK,14
8.19062e+06,19,QOSDATA_TID6,1066
8.1908e+06,20,ACK,14
8.19084e+06,19,CTL,20
8.19094e+06,8,RTS,20
8.19094e+06,2,RTS,20
8.19094e+06,18,RTS,20
8.19094e+06,13,RTS,20
8.19094e+06,15,RTS,20
8.19094e+06,14,RTS,20
8.19105e+06,4,RTS,20
8.19112e+06,20,CTS,14
8.19118e+06,4,QOSDATA_TID6,1066
8.19137e+06,20,ACK,14
8.19141e+06,4,QOSDATA_TID6,1066
8.19159e+06,20,ACK,14
8.19164e+06,4,CTL,20
8.19172e+06,6,RTS,20
8.19179e+06,20,CTS,14
8.19185e+06,6,QOSDATA_TID6,1066
8.19204e+06,20,ACK,14
8.19208e+06,6,CTL,20
8.19218e+06,11,RTS,20
8.19218e+06,16,RTS,20
8.19227e+06,12,RTS,20
8.19234e+06,20,CTS,14
8.1924e+06,12,QOSDATA_TID6,1066
8.19258e+06,20,ACK,14
8.19263e+06,12,CTL,20
8.19272e+06,8,RTS,20
8.19272e+06,16,RTS,20
8.19272e+06,10,RTS,20
8.19278e+06,20,CTS,14
8.19284e+06,8,QOSDATA_TID6,1066
8.19303e+06,20,ACK,14
8.19307e+06,8,CTL,20
8.19316e+06,0,RTS,20
8.19316e+06,14,RTS,20
8.19323e+06,20,CTS,14
8.19329e+06,0,QOSDATA_TID6,1066
8.19347e+06,20,ACK,14
8.19351e+06,0,CTL,20
8.19361e+06,14,RTS,20
8.19368e+06,20,CTS,14
8.19374e+06,14,QOSDATA_TID6,1066
8.19392e+06,20,ACK,14
8.19396e+06,14,QOSDATA_TID6,1066
8.19415e+06,20,ACK,14
8.19419e+06,14,QOSDATA_TID6,1066
8.19438e+06,20,ACK,14
8.19442e+06,14,CTL,20
8.19451e+06,15,RTS,20
8.19451e+06,13,RTS,20
8.19451e+06,18,RTS,20
8.19451e+06,7,RTS,20
8.19464e+06,7,RTS,20
8.19471e+06,20,CTS,14
8.19477e+06,7,QOSDATA_TID6,1066
8.19495e+06,20,ACK,14
8.19499e+06,7,CTL,20
8.19508e+06,6,RTS,20
8.19515e+06,20,CTS,14
8.19521e+06,6,QOSDATA_TID6,1066
8.19539e+06,20,ACK,14
8.19544e+06,6,CTL,20
8.19552e+06,2,RTS,20
8.19552e+06,3,RTS,20
8.19552e+06,9,RTS,20
8.19552e+06,19,RTS,20
8.19552e+06,11,RTS,20
8.19562e+06,15,RTS,20
8.19569e+06,20,CTS,14
8.19575e+06,15,QOSDATA_TID6,1066
8.19593e+06,20,ACK,14
8.19598e+06,15,CTL,20
8.19606e+06,12,RTS,20
8.19606e+06,18,RTS,20
8.19606e+06,11,RTS,20
8.19613e+06,20,CTS,14
8.19619e+06,12,QOSDATA_TID6,1066
8.19637e+06,20,ACK,14
8.19642e+06,12,CTL,20
8.1965e+06,5,RTS,20
8.19657e+06,20,CTS,14
8.19663e+06,5,QOSDATA_TID6,1066
8.19682e+06,20,ACK,14
8.19686e+06,5,CTL,20
8.19695e+06,17,RTS,20
8.19695e+06,11,RTS,20
8.19695e+06,16,RTS,20
8.19695e+06,4,RTS,20
8.19695e+06,13,RTS,20
8.19701e+06,20,CTS,14
8.19707e+06,17,QOSDATA_TID6,1066
8.19726e+06,20,ACK,14
8.1973e+06,17,CTL,20
8.19739e+06,13,RTS,20
8.19739e+06,10,RTS,20
8.19749e+06,1,RTS,20
8.19755e+06,20,CTS,14
8.19761e+06,1,QOSDATA_TID6,1066
8.1978e+06,20,ACK,14
8.19784e+06,1,CTL,20
8.19794e+06,19,RTS,20
8.19794e+06,11,RTS,20
8.19794e+06,9,RTS,20
8.19794e+06,13,RTS,20
8.19794e+06,18,RTS,20
8.19794e+06,15,RTS,20
8.19806e+06,2,RTS,20
8.19813e+06,20,CTS,14
8.19819e+06,2,QOSDATA_TID6,1066
8.19837e+06,20,ACK,14
8.19842e+06,2,QOSDATA_TID6,1066
8.1986e+06,20,ACK,14
8.19865e+06,2,CTL,20
8.19873e+06,11,RTS,20
8.1988e+06,20,CTS,14
8.19886e+06,11,QOSDATA_TID6,1066
8.19904e+06,20,ACK,14
8.19909e+06,11,QOSDATA_TID6,1066
8.19927e+06,20,ACK,14
8.19932e+06,11,CTL,20
8.1994e+06,8,RTS,20
8.1994e+06,19,RTS,20
8.1994e+06,15,RTS,20
8.19951e+06,4,RTS,20
8.19951e+06,3,RTS,20
8.19962e+06,14,RTS,20
8.19968e+06,20,CTS,14
8.19974e+06,14,QOSDATA_TID6,1066
8.19993e+06,20,ACK,14
8.19997e+06,14,CTL,20
8.20006e+06,8,RTS,20
8.20013e+06,20,CTS,14
8.20019e+06,8,QOSDATA_TID6,1066
8.20037e+06,20,ACK,14
8.20041e+06,8,CTL,20
8.2005e+06,19,RTS,20
8.20057e+06,20,CTS,14
8.20063e+06,19,QOSDATA_TID6,1066
8.20081e+06,20,ACK,14
8.20086e+06,19,CTL,20
8.20095e+06,16,RTS,20
8.20095e+06,9,RTS,20
8.20095e+06,18,RTS,20
8.20095e+06,10,RTS,20
8.20095e+06,13,RTS,20
8.20108e+06,18,RTS,20
8.20115e+06,20,CTS,14
8.20121e+06,18,QOSDATA_TID6,1066
8.20139e+06,20,ACK,14
8.20144e+06,18,QOSDATA_TID6,1066
8.20162e+06,20,ACK,14
8.20167e+06,18,CTL,20
8.20175e+06,7,RTS,20
8.20182e+06,20,CTS,14
8.20188e+06,7,QOSDATA_TID6,1066
8.20206e+06,20,ACK,14
8.20211e+06,7,CTL,20
8.2022e+06,10,RTS,20
8.20226e+06,20,CTS,14
8.20232e+06,10,QOSDATA_TID6,1066
8.20251e+06,20,ACK,14
8.20255e+06,10,QOSDATA_TID6,1066
8.20274e+06,20,ACK,14
8.20278e+06,10,CTL,20
8.20286e+06,15,RTS,20
8.20286e+06,13,RTS,20
8.20296e+06,19,RTS,20
8.20296e+06,3,RTS,20
8.20303e+06,20,CTS,14
8.20309e+06,19,QOSDATA_TID6,1066
8.20328e+06,20,ACK,14
8.20332e+06,19,CTL,20
8.2034e+06,15,RTS,20
8.20347e+06,20,CTS,14
8.20353e+06,15,QOSDATA_TID6,1066
8.20372e+06,20,ACK,14
8.20376e+06,15,CTL,20
8.20385e+06,13,RTS,20
8.20385e+06,0,RTS,20
8.20385e+06,1,RTS,20
8.20385e+06,9,RTS,20
8.20396e+06,4,RTS,20
8.20403e+06,20,CTS,14
8.20409e+06,4,QOSDATA_TID6,1066
8.20428e+06,20,ACK,14
8.20432e+06,4,CTL,20
8.2044e+06,1,RTS,20
8.2044e+06,5,RTS,20
8.20447e+06,20,CTS,14
8.20453e+06,5,QOSDATA_TID6,1066
8.20472e+06,20,ACK,14
8.20476e+06,5,CTL,20
8.20485e+06,1,RTS,20
8.20485e+06,6,RTS,20
8.20494e+06,2,RTS,20
8.20494e+06,13,RTS,20
8.20506e+06,11,RTS,20
8.20506e+06,12,RTS,20
8.20512e+06,20,CTS,14
8.20518e+06,12,QOSDATA_TID6,1066
8.20537e+06,20,ACK,14
8.20541e+06,12,CTL,20
8.20551e+06,17,RTS,20
8.20551e+06,11,RTS,20
8.20551e+06,4,RTS,20
8.20551e+06,15,RTS,20
8.20551e+06,6,RTS,20
8.20551e+06,9,RTS,20
8.2056e+06,16,RTS,20
8.20567e+06,20,CTS,14
8.20573e+06,16,QOSDATA_TID6,1066
8.20592e+06,20,ACK,14
8.20596e+06,16,QOSDATA_TID6,1066
8.20614e+06,20,ACK,14
8.20619e+06,16,QOSDATA_TID6,1066
8.20637e+06,20,ACK,14
8.20642e+06,16,QOSDATA_TID6,1066
8.2066e+06,20,ACK,14
8.20664e+06,16,CTL,20
8.20673e+06,8,RTS,20
8.2068e+06,20,CTS,14
8.20686e+06,8,QOSDATA_TID6,1066
8.20704e+06,20,ACK,14
8.20709e+06,8,CTL,20
8.20717e+06,2,RTS,20
8.20717e+06,18,RTS,20
8.20717e+06,14,RTS,20
8.20728e+06,0,RTS,20
8.20728e+06,1,RTS,20
8.20739e+06,9,RTS,20
8.20746e+06,20,CTS,14
8.20752e+06,9,QOSDATA_TID6,1066
8.2077e+06,20,ACK,14
8.20774e+06,9,QOSDATA_TID6,1066
8.20793e+06,20,ACK,14
8.20797e+06,9,CTL,20
8.20805e+06,20,BEACON,152
8.20831e+06,13,RTS,20
8.20831e+06,14,RTS,20
8.20842e+06,17,RTS,20
8.20842e+06,3,RTS,20
8.20848e+06,20,CTS,14
8.20854e+06,17,QOSDATA_TID6,1066
8.20873e+06,20,ACK,14
8.20877e+06,17,CTL,20
8.20887e+06,16,RTS,20
8.20887e+06,18,RTS,20
8.20887e+06,13,RTS,20
8.20887e+06,10,RTS,20
8.20898e+06,2,RTS,20
8.20904e+06,20,CTS,14
8.2091e+06,2,QOSDATA_TID6,1066
8.20929e+06,20,ACK,14
8.20933e+06,2,CTL,20
8.20944e+06,3,RTS,20
8.20944e+06,4,RTS,20
8.20944e+06,13,RTS,20
8.20954e+06,6,RTS,20
8.20961e+06,20,CTS,14
8.20967e+06,6,QOSDATA_TID6,1066
8.20986e+06,20,ACK,14
8.2099e+06,6,CTL,20
8.20998e+06,0,CTS,14
8.20998e+06,7,RTS,20
8.21011e+06,0,RTS,20
8.21018e+06,20,CTS,14
8.21024e+06,0,QOSDATA_TID6,1066
8.21042e+06,20,ACK,14
8.21046e+06,0,QOSDATA_TID6,1066
8.21065e+06,20,ACK,14
8.21069e+06,0,CTL,20
8.21078e+06,3,RTS,20
8.21084e+06,20,CTS,14
8.2109e+06,3,QOSDATA_TID6,1066
8.21109e+06,20,ACK,14
8.21113e+06,3,QOSDATA_TID6,1066
8.21132e+06,20,ACK,14
8.21136e+06,3,QOSDATA_TID6,1066
8.21154e+06,20,ACK,14
8.21159e+06,3,CTL,20
8.21168e+06,9,RTS,20
8.21174e+06,20,CTS,14
8.2118e+06,9,QOSDATA_TID6,1066
8.21199e+06,20,ACK,14
8.21203e+06,9,CTL,20
8.21212e+06,17,RTS,20
8.21212e+06,6,RTS,20
8.21212e+06,12,RTS,20
8.21212e+06,11,RTS,20
8.21212e+06,7,RTS,20
8.21222e+06,10,RTS,20
8.21228e+06,20,CTS,14
8.21234e+06,10,QOSDATA_TID6,1066
8.21253e+06,20,ACK,14
8.21257e+06,10,CTL,20
8.21266e+06,7,RTS,20
8.21266e+06,13,RTS,20
8.21272e+06,20,CTS,14
8.21278e+06,7,QOSDATA_TID6,1066
8.21297e+06,20,ACK,14
8.21301e+06,7,CTL,20
8.21311e+06,13,RTS,20
8.21311e+06,1,RTS,20
8.21311e+06,15,RTS,20
8.21311e+06,19,RTS,20
8.21321e+06,6,RTS,20
8.21321e+06,4,RTS,20
8.21327e+06,20,CTS,14
8.21333e+06,6,QOSDATA_TID6,1066
8.21352e+06,20,ACK,14
8.21356e+06,6,CTL,20
8.21365e+06,5,RTS,20
8.21372e+06,20,CTS,14
8.21378e+06,5,QOSDATA_TID6,1066
8.21396e+06,20,ACK,14
8.214e+06,5,CTL,20
8.21409e+06,17,RTS,20
8.21409e+06,16,RTS,20
8.21416e+06,20,CTS,14
8.21422e+06,17,QOSDATA_TID6,1066
8.2144e+06,20,ACK,14
8.21445e+06,17,CTL,20
8.21454e+06,1,RTS,20
8.21454e+06,2,RTS,20
8.21454e+06,10,RTS,20
8.21454e+06,14,RTS,20
8.21467e+06,18,RTS,20
8.21467e+06,13,RTS,20
8.21476e+06,14,RTS,20
8.21476e+06,8,RTS,20
8.21483e+06,20,CTS,14
8.21489e+06,8,QOSDATA_TID6,1066
8.21508e+06,20,ACK,14
8.21512e+06,8,CTL,20
8.21521e+06,2,RTS,20
8.21521e+06,10,RTS,20
8.21527e+06,20,CTS,14
8.21533e+06,2,QOSDATA_TID6,1066
8.21552e+06,20,ACK,14
8.21556e+06,2,CTL,20
8.21565e+06,13,RTS,20
8.21572e+06,20,CTS,14
8.21578e+06,13,QOSDATA_TID6,1066
8.21596e+06,20,ACK,14
8.216e+06,13,QOSDATA_TID6,1066
8.21619e+06,20,ACK,14
8.21623e+06,13,QOSDATA_TID6,1066
8.21642e+06,20,ACK,14
8.21646e+06,13,CTL,20
8.21655e+06,1,RTS,20
8.21655e+06,10,RTS,20
8.21662e+06,20,CTS,14
8.21668e+06,1,QOSDATA_TID6,1066
8.21686e+06,20,ACK,14
8.2169e+06,1,QOSDATA_TID6,1066
8.21709e+06,20,ACK,14
8.21713e+06,1,CTL,20
8.21722e+06,0,RTS,20
8.21728e+06,20,CTS,14
8.21734e+06,0,QOSDATA_TID6,1066
8.21753e+06,20,ACK,14
8.21757e+06,0,CTL,20
8.21766e+06,18,RTS,20
8.21773e+06,20,CTS,14
8.21779e+06,18,QOSDATA_TID6,1066
8.21797e+06,20,ACK,14
8.21802e+06,18,QOSDATA_TID6,1066
8.2182e+06,20,ACK,14
8.21824e+06,18,CTL,20
8.21833e+06,14,RTS,20
8.21833e+06,19,RTS,20
8.21833e+06,12,RTS,20
8.21833e+06,15,RTS,20
8.21833e+06,7,RTS,20
8.21833e+06,13,RTS,20
8.21833e+06,4,RTS,20
8.21844e+06,11,RTS,20
8.21844e+06,9,RTS,20
8.21844e+06,10,RTS,20
8.21853e+06,19,RTS,20
8.2186e+06,20,CTS,14
8.21866e+06,19,QOSDATA_TID6,1066
8.21885e+06,20,ACK,14
8.21889e+06,19,CTL,20
8.21898e+06,19,RTS,20
8.21904e+06,20,CTS,14
8.2191e+06,19,QOSDATA_TID6,1066
8.21929e+06,20,ACK,14
8.21933e+06,19,CTL,20
8.21942e+06,17,RTS,20
8.21949e+06,20,CTS,14
8.21955e+06,17,QOSDATA_TID6,1066
8.21973e+06,20,ACK,14
8.21977e+06,17,CTL,20
8.21987e+06,1,RTS,20
8.21987e+06,16,RTS,20
8.21987e+06,3,RTS,20
8.21997e+06,12,RTS,20
8.21997e+06,7,RTS,20
8.22004e+06,20,CTS,14
8.2201e+06,12,QOSDATA_TID6,1066
8.22028e+06,20,ACK,14
8.22032e+06,12,QOSDATA_TID6,1066
8.22051e+06,20,ACK,14
8.22055e+06,12,CTL,20
8.22064e+06,2,RTS,20
8.2207e+06,20,CTS,14
8.22076e+06,2,QOSDATA_TID6,1066
8.22095e+06,20,ACK,14
8.22099e+06,2,CTL,20
8.22108e+06,6,RTS,20
8.22108e+06,7,RTS,20
8.22118e+06,15,RTS,20
8.22118e+06,3,RTS,20
8.22118e+06,9,RTS,20
8.2213e+06,5,RTS,20
8.2213e+06,4,RTS,20
8.22136e+06,20,CTS,14
8.22142e+06,5,QOSDATA_TID6,1066
8.22161e+06,20,ACK,14
8.22165e+06,5,CTL,20
8.22174e+06,4,RTS,20
8.22181e+06,20,CTS,14
8.22187e+06,4,QOSDATA_TID6,1066
8.22205e+06,20,ACK,14
8.2221e+06,4,QOSDATA_TID6,1066
8.22228e+06,20,ACK,14
8.22232e+06,4,QOSDATA_TID6,1066
8.22251e+06,20,ACK,14
8.22255e+06,4,CTL,20
8.22264e+06,7,RTS,20
8.22264e+06,8,RTS,20
8.22264e+06,6,RTS,20
8.22264e+06,14,RTS,20
8.22264e+06,18,RTS,20
8.22275e+06,9,RTS,20
8.22282e+06,20,CTS,14
8.22288e+06,9,QOSDATA_TID6,1066
8.22306e+06,20,ACK,14
8.22311e+06,9,CTL,20
8.2232e+06,18,RTS,20
8.2232e+06,11,RTS,20
8.22332e+06,15,RTS,20
8.22339e+06,20,CTS,14
8.22345e+06,15,QOSDATA_TID6,1066
8.22363e+06,20,ACK,14
8.22368e+06,15,QOSDATA_TID6,1066
8.22386e+06,20,ACK,14
8.2239e+06,15,QOSDATA_TID6,1066
8.22409e+06,20,ACK,14
8.22413e+06,15,CTL,20
8.22423e+06,18,RTS,20
8.22423e+06,11,RTS,20
8.22438e+06,18,RTS,20
8.22444e+06,20,CTS,14
8.2245e+06,18,QOSDATA_TID6,1066
8.22469e+06,20,ACK,14
8.22473e+06,18,CTL,20
8.22484e+06,10,RTS,20
8.22484e+06,3,RTS,20
8.22484e+06,1,RTS,20
8.22484e+06,11,RTS,20
8.22484e+06,16,RTS,20
8.22494e+06,6,RTS,20
8.22501e+06,20,CTS,14
8.22507e+06,6,QOSDATA_TID6,1066
8.22526e+06,20,ACK,14
8.2253e+06,6,CTL,20
8.22539e+06,14,RTS,20
8.22539e+06,3,RTS,20
8.22539e+06,1,RTS,20
8.22539e+06,16,RTS,20
8.22548e+06,13,RTS,20
8.22548e+06,0,RTS,20
8.22555e+06,20,CTS,14
8.22561e+06,0,QOSDATA_TID6,1066
8.2258e+06,20,ACK,14
8.22584e+06,0,CTL,20
8.22593e+06,1,RTS,20
8.22599e+06,20,CTS,14
8.22605e+06,1,QOSDATA_TID6,1066
8.22624e+06,20,ACK,14
8.22628e+06,1,CTL,20
8.22637e+06,9,RTS,20
8.22637e+06,14,RTS,20
8.22648e+06,11,RTS,20
8.22655e+06,20,CTS,14
8.22661e+06,11,QOSDATA_TID6,1066
8.2268e+06,20,ACK,14
8.22684e+06,11,QOSDATA_TID6,1066
8.22702e+06,20,ACK,14
8.22707e+06,11,QOSDATA_TID6,1066
8.22725e+06,20,ACK,14
8.2273e+06,11,CTL,20
8.22738e+06,12,RTS,20
8.22738e+06,17,RTS,20
8.22738e+06,7,RTS,20
8.22738e+06,6,RTS,20
8.22748e+06,3,RTS,20
8.22755e+06,20,CTS,14
8.22761e+06,3,QOSDATA_TID6,1066
8.22779e+06,20,ACK,14
8.22784e+06,3,QOSDATA_TID6,1066
8.22802e+06,20,ACK,14
8.22806e+06,3,CTL,20
8.22815e+06,16,RTS,20
8.22822e+06,20,CTS,14
8.22828e+06,16,QOSDATA_TID6,1066
8.22846e+06,20,ACK,14
8.22851e+06,16,QOSDATA_TID6,1066
8.22869e+06,20,ACK,14
8.22873e+06,16,QOSDATA_TID6,1066
8.22892e+06,20,ACK,14
8.22896e+06,16,CTL,20
8.22905e+06,4,RTS,20
8.22905e+06,19,RTS,20
8.22905e+06,5,RTS,20
8.22905e+06,2,RTS,20
8.22905e+06,14,RTS,20
8.22912e+06,20,CTS,14
8.22918e+06,5,QOSDATA_TID6,1066
8.22936e+06,20,ACK,14
8.2294e+06,5,CTL,20
8.22949e+06,2,RTS,20
8.22956e+06,20,CTS,14
8.22962e+06,2,QOSDATA_TID6,1066
8.2298e+06,20,ACK,14
8.22985e+06,2,CTL,20
8.22993e+06,12,RTS,20
8.22993e+06,7,RTS,20
8.22993e+06,4,RTS,20
8.23e+06,20,CTS,14
8.23006e+06,12,QOSDATA_TID6,1066
8.23024e+06,20,ACK,14
8.23029e+06,12,CTL,20
8.23037e+06,1,RTS,20
8.23037e+06,19,RTS,20
8.23037e+06,10,RTS,20
8.23047e+06,13,RTS,20
8.23054e+06,20,CTS,14
8.2306e+06,13,QOSDATA_TID6,1066
8.23078e+06,20,ACK,14
8.23083e+06,13,QOSDATA_TID6,1066
8.23101e+06,20,ACK,14
8.23106e+06,13,CTL,20
8.23114e+06,7,RTS,20
8.23114e+06,15,RTS,20
8.23114e+06,4,RTS,20
8.23114e+06,8,RTS,20
8.23114e+06,9,RTS,20
8.23124e+06,6,RTS,20
8.23131e+06,20,CTS,14
8.23137e+06,6,QOSDATA_TID6,1066
8.23155e+06,20,ACK,14
8.2316e+06,6,CTL,20
8.23168e+06,8,RTS,20
8.23175e+06,20,CTS,14
8.23181e+06,8,QOSDATA_TID6,1066
8.23199e+06,20,ACK,14
8.23204e+06,8,QOSDATA_TID6,1066
8.23222e+06,20,ACK,14
8.23227e+06,8,CTL,20
8.23236e+06,18,RTS,20
8.23236e+06,10,RTS,20
8.23246e+06,17,RTS,20
8.23246e+06,1,RTS,20
8.23246e+06,14,RTS,20
8.23257e+06,7,RTS,20
8.23264e+06,20,CTS,14
8.2327e+06,7,QOSDATA_TID6,1066
8.23288e+06,20,ACK,14
8.23292e+06,7,CTL,20
8.23301e+06,16,RTS,20
8.23308e+06,20,CTS,14
8.23314e+06,16,QOSDATA_TID6,1066
8.23332e+06,20,ACK,14
8.23336e+06,16,CTL,20
8.23345e+06,18,RTS,20
8.23345e+06,10,RTS,20
8.23355e+06,19,RTS,20
8.23355e+06,17,RTS,20
8.23355e+06,4,RTS,20
8.23362e+06,20,CTS,14
8.23368e+06,17,QOSDATA_TID6,1066
8.23386e+06,20,ACK,14
8.2339e+06,17,CTL,20
8.23399e+06,7,RTS,20
8.23399e+06,18,RTS,20
8.23399e+06,13,RTS,20
8.23399e+06,15,RTS,20
8.23409e+06,1,RTS,20
8.23409e+06,19,RTS,20
8.2342e+06,0,RTS,20
8.2342e+06,9,RTS,20
8.23427e+06,20,CTS,14
8.23433e+06,0,QOSDATA_TID6,1066
8.23451e+06,20,ACK,14
8.23456e+06,0,CTL,20
8.23464e+06,3,RTS,20
8.23471e+06,20,CTS,14
8.23477e+06,3,QOSDATA_TID6,1066
8.23495e+06,20,ACK,14
8.235e+06,3,CTL,20
8.23508e+06,6,RTS,20
8.23508e+06,11,RTS,20
8.23518e+06,9,RTS,20
8.23525e+06,20,CTS,14
8.23531e+06,9,QOSDATA_TID6,1066
8.23549e+06,20,ACK,14
8.23554e+06,9,QOSDATA_TID6,1066
8.23572e+06,20,ACK,14
8.23577e+06,9,CTL,20
8.23585e+06,17,RTS,20
8.23592e+06,20,CTS,14
8.23598e+06,17,QOSDATA_TID6,1066
8.23616e+06,20,ACK,14
8.23621e+06,17,CTL,20
8.23629e+06,5,RTS,20
8.23629e+06,12,RTS,20
8.23629e+06,7,RTS,20
8.23629e+06,11,RTS,20
8.23629e+06,14,RTS,20
8.23639e+06,18,RTS,20
8.23639e+06,10,RTS,20
8.23649e+06,13,RTS,20
8.23656e+06,20,CTS,14
8.23662e+06,13,QOSDATA_TID6,1066
8.2368e+06,20,ACK,14
8.23685e+06,13,CTL,20
8.23693e+06,12,RTS,20
8.23693e+06,4,RTS,20
8.237e+06,20,CTS,14
8.23706e+06,12,QOSDATA_TID6,1066
8.23724e+06,20,ACK,14
8.23729e+06,12,CTL,20
8.23738e+06,1,RTS,20
8.23738e+06,19,RTS,20
8.23738e+06,2,RTS,20
8.23748e+06,5,RTS,20
8.23748e+06,7,RTS,20
8.23755e+06,20,CTS,14
8.23761e+06,5,QOSDATA_TID6,1066
8.23779e+06,20,ACK,14
8.23784e+06,5,CTL,20
8.23792e+06,1,RTS,20
8.23799e+06,20,CTS,14
8.23805e+06,1,QOSDATA_TID6,1066
8.23824e+06,20,ACK,14
8.23828e+06,1,QOSDATA_TID6,1066
8.23846e+06,20,ACK,14
8.23851e+06,1,CTL,20
8.23859e+06,7,RTS,20
8.23859e+06,2,RTS,20
8.23859e+06,6,RTS,20
8.2387e+06,15,RTS,20
8.23877e+06,20,CTS,14
8.23883e+06,15,QOSDATA_TID6,1066
8.23901e+06,20,ACK,14
8.23906e+06,15,QOSDATA_TID6,1066
8.23924e+06,20,ACK,14
8.23928e+06,15,CTL,20
8.23938e+06,8,RTS,20
8.23938e+06,11,RTS,20
8.23938e+06,4,RTS,20
8.23945e+06,20,CTS,14
8.23951e+06,8,QOSDATA_TID6,1066
8.23969e+06,20,ACK,14
8.23974e+06,8,CTL,20
8.23982e+06,18,RTS,20
8.23982e+06,14,RTS,20
8.23992e+06,11,RTS,20
8.23999e+06,20,CTS,14
8.24005e+06,11,QOSDATA_TID6,1066
8.24023e+06,20,ACK,14
8.24028e+06,11,CTL,20
8.24037e+06,10,RTS,20
8.24044e+06,20,CTS,14
8.2405e+06,10,QOSDATA_TID6,1066
8.24068e+06,20,ACK,14
8.24073e+06,10,QOSDATA_TID6,1066
8.24091e+06,20,ACK,14
8.24096e+06,10,QOSDATA_TID6,1066
8.24114e+06,20,ACK,14
8.24118e+06,10,CTL,20
8.24127e+06,6,RTS,20
8.24127e+06,7,RTS,20
8.24141e+06,6,RTS,20
8.24148e+06,20,CTS,14
8.24154e+06,6,QOSDATA_TID6,1066
8.24172e+06,20,ACK,14
8.24176e+06,6,CTL,20
8.24186e+06,14,RTS,20
8.24186e+06,18,RTS,20
8.24186e+06,13,RTS,20
8.24186e+06,19,RTS,20
8.24196e+06,0,RTS,20
8.24203e+06,20,CTS,14
8.24209e+06,0,QOSDATA_TID6,1066
8.24227e+06,20,ACK,14
8.24231e+06,0,CTL,20
8.2424e+06,12,RTS,20
8.2424e+06,9,RTS,20
8.24247e+06,20,CTS,14
8.24253e+06,12,QOSDATA_TID6,1066
8.24271e+06,20,ACK,14
8.24276e+06,12,CTL,20
8.24285e+06,11,RTS,20
8.24285e+06,4,RTS,20
8.24285e+06,9,RTS,20
8.24296e+06,16,RTS,20
8.24303e+06,20,CTS,14
8.24309e+06,16,QOSDATA_TID6,1066
8.24327e+06,20,ACK,14
8.24331e+06,16,CTL,20
8.2434e+06,7,RTS,20
8.24347e+06,20,CTS,14
8.24353e+06,7,QOSDATA_TID6,1066
8.24371e+06,20,ACK,14
8.24376e+06,7,QOSDATA_TID6,1066
8.24394e+06,20,ACK,14
8.24398e+06,7,CTL,20
8.24407e+06,13,RTS,20
8.24407e+06,19,RTS,20
8.24407e+06,14,RTS,20
8.24419e+06,18,RTS,20
8.24419e+06,4,RTS,20
8.24425e+06,20,CTS,14
8.24431e+06,18,QOSDATA_TID6,1066
8.2445e+06,20,ACK,14
8.24454e+06,18,QOSDATA_TID6,1066
8.24473e+06,20,ACK,14
8.24477e+06,18,CTL,20
8.24486e+06,5,RTS,20
8.24486e+06,1,RTS,20
8.24486e+06,4,RTS,20
8.24493e+06,20,CTS,14
8.24499e+06,5,QOSDATA_TID6,1066
8.24518e+06,20,ACK,14
8.24522e+06,5,CTL,20
8.24531e+06,17,RTS,20
8.24531e+06,3,RTS,20
8.24531e+06,9,RTS,20
8.24531e+06,6,RTS,20
8.24531e+06,15,RTS,20
8.24541e+06,10,RTS,20
8.24541e+06,4,RTS,20
8.24554e+06,10,RTS,20
8.24561e+06,20,CTS,14
8.24567e+06,10,QOSDATA_TID6,1066
8.24586e+06,20,ACK,14
8.2459e+06,10,CTL,20
8.24599e+06,6,RTS,20
8.24599e+06,14,RTS,20
8.24608e+06,19,RTS,20
8.24615e+06,20,CTS,14
8.24621e+06,19,QOSDATA_TID6,1066
8.2464e+06,20,ACK,14
8.24644e+06,19,QOSDATA_TID6,1066
8.24662e+06,20,ACK,14
8.24667e+06,19,CTL,20
8.24676e+06,17,RTS,20
8.24676e+06,18,RTS,20
8.24682e+06,20,CTS,14
8.24688e+06,17,QOSDATA_TID6,1066
8.24707e+06,20,ACK,14
8.24711e+06,17,CTL,20
8.24721e+06,15,RTS,20
8.24721e+06,6,RTS,20
8.2473e+06,11,RTS,20
8.2473e+06,9,RTS,20
8.2474e+06,15,RTS,20
8.24747e+06,20,CTS,14
8.24753e+06,15,QOSDATA_TID6,1066
8.24771e+06,20,ACK,14
8.24776e+06,15,CTL,20
8.24785e+06,1,RTS,20
8.24792e+06,20,CTS,14
8.24798e+06,1,QOSDATA_TID6,1066
8.24817e+06,20,ACK,14
8.24821e+06,1,CTL,20
8.2483e+06,8,RTS,20
8.2483e+06,11,RTS,20
8.2483e+06,4,RTS,20
8.2483e+06,3,RTS,20
8.2483e+06,9,RTS,20
8.2483e+06,14,RTS,20
8.2484e+06,18,RTS,20
8.24847e+06,20,CTS,14
8.24853e+06,18,QOSDATA_TID6,1066
8.24872e+06,20,ACK,14
8.24876e+06,18,CTL,20
8.24884e+06,2,RTS,20
8.24884e+06,9,RTS,20
8.24884e+06,8,RTS,20
8.24884e+06,11,RTS,20
8.24895e+06,6,RTS,20
8.24895e+06,14,RTS,20
8.24905e+06,13,RTS,20
8.24905e+06,8,RTS,20
8.24912e+06,20,CTS,14
8.24918e+06,8,QOSDATA_TID6,1066
8.24936e+06,20,ACK,14
8.24941e+06,8,CTL,20
8.24949e+06,7,RTS,20
8.24956e+06,20,CTS,14
8.24962e+06,7,QOSDATA_TID6,1066
8.2498e+06,20,ACK,14
8.24985e+06,7,CTL,20
8.24993e+06,13,RTS,20
8.24993e+06,11,RTS,20
8.24993e+06,2,RTS,20
8.24993e+06,3,RTS,20
8.25004e+06,14,RTS,20
8.25011e+06,20,CTS,14
8.25017e+06,14,QOSDATA_TID6,1066
8.25035e+06,20,ACK,14
8.2504e+06,14,QOSDATA_TID6,1066
8.25058e+06,20,ACK,14
8.25062e+06,14,QOSDATA_TID6,1066
8.25081e+06,20,ACK,14
8.25085e+06,14,QOSDATA_TID6,1066
8.25104e+06,20,ACK,14
8.25108e+06,14,CTL,20
8.25117e+06,0,RTS,20
8.25117e+06,12,RTS,20
8.25117e+06,3,RTS,20
8.25124e+06,20,CTS,14
8.2513e+06,12,QOSDATA_TID6,1066
8.25148e+06,20,ACK,14
8.25152e+06,12,CTL,20
8.25161e+06,17,RTS,20
8.25161e+06,1,RTS,20
8.25171e+06,2,RTS,20
8.25171e+06,6,RTS,20
8.25181e+06,16,RTS,20
8.25181e+06,4,RTS,20
8.25192e+06,6,RTS,20
8.25199e+06,20,CTS,14
8.25205e+06,6,QOSDATA_TID6,1066
8.25223e+06,20,ACK,14
8.25228e+06,6,QOSDATA_TID6,1066
8.25246e+06,20,ACK,14
8.2525e+06,6,CTL,20
8.25259e+06,2,RTS,20
8.25259e+06,1,RTS,20
8.25259e+06,9,RTS,20
8.25259e+06,4,RTS,20
8.2527e+06,13,RTS,20
8.2527e+06,10,RTS,20
8.2528e+06,19,RTS,20
8.25287e+06,20,CTS,14
8.25293e+06,19,QOSDATA_TID6,1066
8.25312e+06,20,ACK,14
8.25316e+06,19,CTL,20
8.25325e+06,5,RTS,20
8.25332e+06,20,CTS,14
8.25338e+06,5,QOSDATA_TID6,1066
8.25356e+06,20,ACK,14
8.2536e+06,5,CTL,20
8.25369e+06,10,RTS,20
8.25369e+06,13,RTS,20
8.2538e+06,1,RTS,20
8.25387e+06,20,CTS,14
8.25393e+06,1,QOSDATA_TID6,1066
8.25412e+06,20,ACK,14
8.25416e+06,1,CTL,20
8.25425e+06,17,RTS,20
8.25432e+06,20,CTS,14
8.25438e+06,17,QOSDATA_TID6,1066
8.25456e+06,20,ACK,14
8.2546e+06,17,CTL,20
8.25469e+06,16,RTS,20
8.25469e+06,0,RTS,20
8.25469e+06,18,RTS,20
8.25479e+06,15,RTS,20
8.25486e+06,20,CTS,14
8.25492e+06,15,QOSDATA_TID6,1066
8.2551e+06,20,ACK,14
8.25514e+06,15,CTL,20
8.25523e+06,3,RTS,20
8.2553e+06,20,CTS,14
8.25536e+06,3,QOSDATA_TID6,1066
8.25554e+06,20,ACK,14
8.25559e+06,3,QOSDATA_TID6,1066
8.25577e+06,20,ACK,14
8.25581e+06,3,CTL,20
8.25591e+06,9,RTS,20
8.25591e+06,18,RTS,20
8.25591e+06,8,RTS,20
8.25591e+06,11,RTS,20
8.25591e+06,14,RTS,20
8.25602e+06,13,RTS,20
8.25609e+06,20,CTS,14
8.25615e+06,13,QOSDATA_TID6,1066
8.25634e+06,20,ACK,14
8.25638e+06,13,QOSDATA_TID6,1066
8.25656e+06,20,ACK,14
8.25661e+06,13,CTL,20
8.2567e+06,8,RTS,20
8.2567e+06,0,CTS,14
8.2567e+06,2,RTS,20
8.25684e+06,0,RTS,20
8.25691e+06,20,CTS,14
8.25697e+06,0,QOSDATA_TID6,1066
8.25716e+06,20,ACK,14
8.2572e+06,0,QOSDATA_TID6,1066
8.25738e+06,20,ACK,14
8.25743e+06,0,CTL,20
8.25751e+06,11,RTS,20
8.25758e+06,20,CTS,14
8.25764e+06,11,QOSDATA_TID6,1066
8.25783e+06,20,ACK,14
8.25787e+06,11,QOSDATA_TID6,1066
8.25805e+06,20,ACK,14
8.2581e+06,11,CTL,20
8.25818e+06,8,RTS,20
8.25825e+06,20,CTS,14
8.25831e+06,8,QOSDATA_TID6,1066
8.2585e+06,20,ACK,14
8.25854e+06,8,CTL,20
8.25863e+06,2,RTS,20
8.25863e+06,4,RTS,20
8.25863e+06,3,RTS,20
8.25863e+06,13,RTS,20
8.25863e+06,10,RTS,20
8.25873e+06,12,RTS,20
8.25873e+06,7,RTS,20
8.2588e+06,20,CTS,14
8.25886e+06,12,QOSDATA_TID6,1066
8.25904e+06,20,ACK,14
8.25909e+06,12,CTL,20
8.25918e+06,1,RTS,20
8.25918e+06,11,RTS,20
8.25918e+06,19,RTS,20
8.25918e+06,13,RTS,20
8.25918e+06,2,RTS,20
8.25918e+06,10,RTS,20
8.25928e+06,3,RTS,20
8.25928e+06,9,RTS,20
8.25928e+06,14,RTS,20
8.25928e+06,7,RTS,20
8.25938e+06,17,RTS,20
8.25938e+06,18,RTS,20
8.25938e+06,10,RTS,20
8.25945e+06,20,CTS,14
8.25951e+06,17,QOSDATA_TID6,1066
8.25969e+06,20,ACK,14
8.25974e+06,17,CTL,20
8.25983e+06,1,RTS,20
8.25983e+06,11,RTS,20
8.2599e+06,20,CTS,14
8.25996e+06,1,QOSDATA_TID6,1066
8.26014e+06,20,ACK,14
8.26019e+06,1,CTL,20
8.26027e+06,6,RTS,20
8.26034e+06,20,CTS,14
8.2604e+06,6,QOSDATA_TID6,1066
8.26058e+06,20,ACK,14
8.26063e+06,6,CTL,20
8.26072e+06,18,RTS,20
8.26078e+06,20,CTS,14
8.26084e+06,18,QOSDATA_TID6,1066
8.26103e+06,20,ACK,14
8.26107e+06,18,CTL,20
8.26116e+06,10,RTS,20
8.26116e+06,2,RTS,20
8.26116e+06,16,RTS,20
8.26126e+06,14,RTS,20
8.26132e+06,20,CTS,14
8.26138e+06,14,QOSDATA_TID6,1066
8.26157e+06,20,ACK,14
8.26161e+06,14,CTL,20
8.2617e+06,15,RTS,20
8.2617e+06,13,RTS,20
8.2617e+06,5,RTS,20
8.26176e+06,20,CTS,14
8.26182e+06,5,QOSDATA_TID6,1066
8.26201e+06,20,ACK,14
8.26205e+06,5,CTL,20
8.26215e+06,16,RTS,20
8.26222e+06,20,CTS,14
8.26228e+06,16,QOSDATA_TID6,1066
8.26246e+06,20,ACK,14
8.2625e+06,16,QOSDATA_TID6,1066
8.26269e+06,20,ACK,14
8.26273e+06,16,CTL,20
8.26282e+06,8,RTS,20
8.26289e+06,20,CTS,14
8.26295e+06,8,QOSDATA_TID6,1066
8.26313e+06,20,ACK,14
8.26317e+06,8,CTL,20
8.26326e+06,11,RTS,20
8.26326e+06,3,RTS,20
8.26336e+06,19,RTS,20
8.26336e+06,15,RTS,20
8.26347e+06,7,RTS,20
8.26354e+06,20,CTS,14
8.2636e+06,7,QOSDATA_TID6,1066
8.26378e+06,20,ACK,14
8.26383e+06,7,CTL,20
8.26391e+06,18,RTS,20
8.26398e+06,20,CTS,14
8.26404e+06,18,QOSDATA_TID6,1066
8.26422e+06,20,ACK,14
8.26427e+06,18,CTL,20
8.26435e+06,9,RTS,20
8.26435e+06,4,RTS,20
8.26445e+06,14,RTS,20
8.26452e+06,20,CTS,14
8.26458e+06,14,QOSDATA_TID6,1066
8.26476e+06,20,ACK,14
8.26481e+06,14,CTL,20
8.26489e+06,19,RTS,20
8.26496e+06,20,CTS,14
8.26502e+06,19,QOSDATA_TID6,1066
8.26521e+06,20,ACK,14
8.26525e+06,19,CTL,20
8.26534e+06,16,RTS,20
8.26534e+06,2,RTS,20
8.26534e+06,3,RTS,20
8.26534e+06,0,RTS,20
8.26534e+06,10,RTS,20
8.26544e+06,13,RTS,20
8.26551e+06,20,CTS,14
8.26557e+06,13,QOSDATA_TID6,1066
8.26576e+06,20,ACK,14
8.2658e+06,13,QOSDATA_TID6,1066
8.26598e+06,20,ACK,14
8.26603e+06,13,CTL,20
8.26611e+06,15,RTS,20
8.26611e+06,2,RTS,20
8.26623e+06,16,RTS,20
8.2663e+06,20,CTS,14
8.26636e+06,16,QOSDATA_TID6,1066
8.26654e+06,20,ACK,14
8.26658e+06,16,CTL,20
8.26668e+06,7,RTS,20
8.26675e+06,20,CTS,14
8.26681e+06,7,QOSDATA_TID6,1066
8.26699e+06,20,ACK,14
8.26704e+06,7,CTL,20
8.26712e+06,11,RTS,20
8.26712e+06,4,RTS,20
8.26712e+06,19,RTS,20
8.26722e+06,12,RTS,20
8.26722e+06,0,RTS,20
8.26729e+06,20,CTS,14
8.26735e+06,12,QOSDATA_TID6,1066
8.26753e+06,20,ACK,14
8.26758e+06,12,CTL,20
8.26766e+06,4,RTS,20
8.26773e+06,20,CTS,14
8.26779e+06,4,QOSDATA_TID6,1066
8.26797e+06,20,ACK,14
8.26802e+06,4,QOSDATA_TID6,1066
8.2682e+06,20,ACK,14
8.26825e+06,4,QOSDATA_TID6,1066
8.26843e+06,20,ACK,14
8.26847e+06,4,CTL,20
8.26856e+06,11,RTS,20
8.26856e+06,5,RTS,20
8.26856e+06,2,RTS,20
8.26856e+06,3,RTS,20
8.26856e+06,6,RTS,20
8.26856e+06,10,RTS,20
8.26863e+06,20,CTS,14
8.26869e+06,5,QOSDATA_TID6,1066
8.26887e+06,20,ACK,14
8.26892e+06,5,CTL,20
8.26901e+06,17,RTS,20
8.26901e+06,11,RTS,20
8.26908e+06,20,CTS,14
8.26914e+06,17,QOSDATA_TID6,1066
8.26932e+06,20,ACK,14
8.26937e+06,17,CTL,20
8.26946e+06,11,RTS,20
8.26953e+06,20,CTS,14
8.26959e+06,11,QOSDATA_TID6,1066
8.26977e+06,20,ACK,14
8.26982e+06,11,QOSDATA_TID6,1066
8.27e+06,20,ACK,14
8.27005e+06,11,CTL,20
8.27013e+06,1,RTS,20
8.27013e+06,15,RTS,20
8.27013e+06,0,CTS,14
8.27013e+06,10,RTS,20
8.27024e+06,0,RTS,20
8.27031e+06,20,CTS,14
8.27037e+06,0,QOSDATA_TID6,1066
8.27056e+06,20,ACK,14
8.2706e+06,0,CTL,20
8.2707e+06,2,RTS,20
8.2707e+06,3,RTS,20
8.2707e+06,9,RTS,20
8.2707e+06,4,RTS,20
8.27079e+06,8,RTS,20
8.27079e+06,19,RTS,20
8.27086e+06,20,CTS,14
8.27092e+06,8,QOSDATA_TID6,1066
8.27111e+06,20,ACK,14
8.27115e+06,8,CTL,20
8.27124e+06,6,RTS,20
8.2713e+06,20,CTS,14
8.27136e+06,6,QOSDATA_TID6,1066
8.27155e+06,20,ACK,14
8.27159e+06,6,CTL,20
8.27168e+06,3,RTS,20
8.27175e+06,20,CTS,14
8.27181e+06,3,QOSDATA_TID6,1066
8.27199e+06,20,ACK,14
8.27204e+06,3,QOSDATA_TID6,1066
8.27222e+06,20,ACK,14
8.27226e+06,3,CTL,20
8.27235e+06,2,RTS,20
8.27235e+06,18,RTS,20
8.27235e+06,14,RTS,20
8.27245e+06,1,RTS,20
8.27252e+06,20,CTS,14
8.27258e+06,1,QOSDATA_TID6,1066
8.27276e+06,20,ACK,14
8.2728e+06,1,CTL,20
8.27289e+06,4,RTS,20
8.27289e+06,2,RTS,20
8.27296e+06,20,CTS,14
8.27302e+06,2,QOSDATA_TID6,1066
8.2732e+06,20,ACK,14
8.27324e+06,2,QOSDATA_TID6,1066
8.27343e+06,20,ACK,14
8.27347e+06,2,QOSDATA_TID6,1066
8.27366e+06,20,ACK,14
8.2737e+06,2,CTL,20
8.2738e+06,10,RTS,20
8.2738e+06,7,RTS,20
8.2738e+06,15,RTS,20
8.2738e+06,4,RTS,20
8.2739e+06,13,RTS,20
8.27397e+06,20,CTS,14
8.27403e+06,13,QOSDATA_TID6,1066
8.27422e+06,20,ACK,14
8.27426e+06,13,CTL,20
8.27434e+06,0,RTS,20
8.27441e+06,20,CTS,14
8.27447e+06,0,QOSDATA_TID6,1066
8.27466e+06,20,ACK,14
8.2747e+06,0,CTL,20
8.27479e+06,11,RTS,20
8.27486e+06,20,CTS,14
8.27492e+06,11,QOSDATA_TID6,1066
8.2751e+06,20,ACK,14
8.27514e+06,11,CTL,20
8.27523e+06,4,RTS,20
8.27523e+06,12,RTS,20
8.27523e+06,19,RTS,20
8.27523e+06,3,RTS,20
8.27523e+06,10,RTS,20
8.27523e+06,14,RTS,20
8.2753e+06,20,CTS,14
8.27536e+06,12,QOSDATA_TID6,1066
8.27554e+06,20,ACK,14
8.27558e+06,12,CTL,20
8.27567e+06,3,RTS,20
8.27574e+06,20,CTS,14
8.2758e+06,3,QOSDATA_TID6,1066
8.27598e+06,20,ACK,14
8.27603e+06,3,CTL,20
8.27611e+06,9,RTS,20
8.27611e+06,1,RTS,20
8.27611e+06,6,RTS,20
8.27611e+06,16,RTS,20
8.27611e+06,15,RTS,20
8.27624e+06,7,RTS,20
8.27631e+06,20,CTS,14
8.27637e+06,7,QOSDATA_TID6,1066
8.27655e+06,20,ACK,14
8.27659e+06,7,CTL,20
8.27668e+06,5,RTS,20
8.27668e+06,18,RTS,20
8.27668e+06,10,RTS,20
8.27675e+06,20,CTS,14
8.27681e+06,5,QOSDATA_TID6,1066
8.27699e+06,20,ACK,14
8.27704e+06,5,CTL,20
8.27712e+06,10,RTS,20
8.27719e+06,20,CTS,14
8.27725e+06,10,QOSDATA_TID6,1066
8.27743e+06,20,ACK,14
8.27748e+06,10,QOSDATA_TID6,1066
8.27766e+06,20,ACK,14
8.27771e+06,10,QOSDATA_TID6,1066
8.27789e+06,20,ACK,14
8.27793e+06,10,CTL,20
8.27802e+06,2,RTS,20
8.27802e+06,17,RTS,20
8.27809e+06,20,CTS,14
8.27815e+06,17,QOSDATA_TID6,1066
8.27833e+06,20,ACK,14
8.27838e+06,17,CTL,20
8.27847e+06,19,RTS,20
8.27847e+06,16,RTS,20
8.27847e+06,18,RTS,20
8.27859e+06,9,RTS,20
8.27859e+06,15,RTS,20
8.27866e+06,20,CTS,14
8.27872e+06,15,QOSDATA_TID6,1066
8.2789e+06,20,ACK,14
8.27894e+06,15,QOSDATA_TID6,1066
8.27913e+06,20,ACK,14
8.27917e+06,15,QOSDATA_TID6,1066
8.27936e+06,20,ACK,14
8.2794e+06,15,CTL,20
8.27949e+06,18,RTS,20
8.27955e+06,20,CTS,14
8.27961e+06,18,QOSDATA_TID6,1066
8.2798e+06,20,ACK,14
8.27984e+06,18,QOSDATA_TID6,1066
8.28003e+06,20,ACK,14
8.28007e+06,18,CTL,20
8.28016e+06,9,RTS,20
8.28022e+06,20,CTS,14
8.28028e+06,9,QOSDATA_TID6,1066
8.28047e+06,20,ACK,14
8.28051e+06,9,QOSDATA_TID6,1066
8.2807e+06,20,ACK,14
8.28074e+06,9,QOSDATA_TID6,1066
8.28092e+06,20,ACK,14
8.28097e+06,9,QOSDATA_TID6,1066
8.28115e+06,20,ACK,14
8.2812e+06,9,CTL,20
8.28128e+06,19,RTS,20
8.28128e+06,6,RTS,20
8.28128e+06,16,RTS,20
8.28138e+06,2,RTS,20
8.28145e+06,20,CTS,14
8.28151e+06,2,QOSDATA_TID6,1066
8.28169e+06,20,ACK,14
8.28174e+06,2,CTL,20
8.28182e+06,7,RTS,20
8.28189e+06,20,CTS,14
8.28195e+06,7,QOSDATA_TID6,1066
8.28213e+06,20,ACK,14
8.28218e+06,7,CTL,20
8.28226e+06,1,RTS,20
8.28226e+06,8,RTS,20
8.28226e+06,0,RTS,20
8.28226e+06,9,RTS,20
8.28236e+06,4,RTS,20
8.28236e+06,13,RTS,20
8.28246e+06,12,RTS,20
8.28246e+06,8,RTS,20
8.28256e+06,4,RTS,20
8.28263e+06,20,CTS,14
8.28269e+06,4,QOSDATA_TID6,1066
8.28287e+06,20,ACK,14
8.28291e+06,4,QOSDATA_TID6,1066
8.2831e+06,20,ACK,14
8.28314e+06,4,CTL,20
8.28323e+06,1,RTS,20
8.28323e+06,14,RTS,20
8.2833e+06,20,CTS,14
8.28336e+06,1,QOSDATA_TID6,1066
8.28354e+06,20,ACK,14
8.28358e+06,1,QOSDATA_TID6,1066
8.28377e+06,20,ACK,14
8.28381e+06,1,CTL,20
8.2839e+06,17,RTS,20
8.28397e+06,20,CTS,14
8.28403e+06,17,QOSDATA_TID6,1066
8.28421e+06,20,ACK,14
8.28425e+06,17,CTL,20
8.28434e+06,16,RTS,20
8.28441e+06,20,CTS,14
8.28447e+06,16,QOSDATA_TID6,1066
8.28465e+06,20,ACK,14
8.2847e+06,16,QOSDATA_TID6,1066
8.28488e+06,20,ACK,14
8.28492e+06,16,CTL,20
8.28501e+06,3,RTS,20
8.28501e+06,9,RTS,20
8.28501e+06,0,RTS,20
8.28501e+06,10,RTS,20
8.28511e+06,2,RTS,20
8.28511e+06,5,RTS,20
8.28511e+06,11,RTS,20
8.28518e+06,20,CTS,14
8.28524e+06,5,QOSDATA_TID6,1066
8.28542e+06,20,ACK,14
8.28546e+06,5,CTL,20
8.28556e+06,11,RTS,20
8.28556e+06,15,RTS,20
8.28566e+06,2,RTS,20
8.28572e+06,20,CTS,14
8.28578e+06,2,QOSDATA_TID6,1066
8.28597e+06,20,ACK,14
8.28601e+06,2,CTL,20
8.2861e+06,15,RTS,20
8.28617e+06,20,CTS,14
8.28623e+06,15,QOSDATA_TID6,1066
8.28641e+06,20,ACK,14
8.28646e+06,15,CTL,20
8.28654e+06,18,RTS,20
8.28661e+06,20,CTS,14
8.28667e+06,18,QOSDATA_TID6,1066
8.28685e+06,20,ACK,14
8.2869e+06,18,CTL,20
8.28698e+06,10,RTS,20
8.28698e+06,6,RTS,20
8.28698e+06,19,RTS,20
8.28698e+06,13,RTS,20
8.28698e+06,4,RTS,20
8.28708e+06,3,RTS,20
8.28715e+06,20,CTS,14
8.28721e+06,3,QOSDATA_TID6,1066
8.28739e+06,20,ACK,14
8.28744e+06,3,CTL,20
8.28752e+06,9,RTS,20
8.28752e+06,19,RTS,20
8.28759e+06,20,CTS,14
8.28765e+06,19,QOSDATA_TID6,1066
8.28784e+06,20,ACK,14
8.28788e+06,19,QOSDATA_TID6,1066
8.28806e+06,20,ACK,14
8.28811e+06,19,QOSDATA_TID6,1066
8.28829e+06,20,ACK,14
8.28834e+06,19,CTL,20
8.28843e+06,8,RTS,20
8.28843e+06,12,RTS,20
8.28843e+06,4,RTS,20
8.28855e+06,13,RTS,20
8.28855e+06,0,CTS,14
8.28855e+06,14,RTS,20
8.28866e+06,16,RTS,20
8.28873e+06,20,CTS,14
8.28879e+06,16,QOSDATA_TID6,1066
8.28898e+06,20,ACK,14
8.28902e+06,16,CTL,20
8.2891e+06,11,RTS,20
8.2891e+06,13,RTS,20
8.28922e+06,10,RTS,20
8.28929e+06,20,CTS,14
8.28935e+06,10,QOSDATA_TID6,1066
8.28953e+06,20,ACK,14
8.28958e+06,10,CTL,20
8.28967e+06,7,RTS,20
8.28974e+06,20,CTS,14
8.2898e+06,7,QOSDATA_TID6,1066
8.28998e+06,20,ACK,14
8.29003e+06,7,CTL,20
8.29011e+06,9,RTS,20
8.29018e+06,20,CTS,14
8.29024e+06,9,QOSDATA_TID6,1066
8.29043e+06,20,ACK,14
8.29047e+06,9,QOSDATA_TID6,1066
8.29065e+06,20,ACK,14
8.2907e+06,9,CTL,20
8.29078e+06,6,RTS,20
8.29078e+06,12,RTS,20
8.29078e+06,4,RTS,20
8.29085e+06,20,CTS,14
8.29091e+06,12,QOSDATA_TID6,1066
8.2911e+06,20,ACK,14
8.29114e+06,12,QOSDATA_TID6,1066
8.29132e+06,20,ACK,14
8.29137e+06,12,CTL,20
8.29145e+06,6,RTS,20
8.29152e+06,20,CTS,14
8.29158e+06,6,QOSDATA_TID6,1066
8.29177e+06,20,ACK,14
8.29181e+06,6,QOSDATA_TID6,1066
8.29199e+06,20,ACK,14
8.29204e+06,6,QOSDATA_TID6,1066
8.29222e+06,20,ACK,14
8.29227e+06,6,CTL,20
8.29235e+06,14,RTS,20
8.29235e+06,3,RTS,20
8.29235e+06,1,RTS,20
8.29235e+06,13,RTS,20
8.29248e+06,4,RTS,20
8.29254e+06,20,CTS,14
8.2926e+06,4,QOSDATA_TID6,1066
8.29279e+06,20,ACK,14
8.29283e+06,4,CTL,20
8.29292e+06,4,RTS,20
8.29292e+06,3,RTS,20
8.29302e+06,15,RTS,20
8.29308e+06,20,CTS,14
8.29314e+06,15,QOSDATA_TID6,1066
8.29333e+06,20,ACK,14
8.29337e+06,15,CTL,20
8.29346e+06,14,RTS,20
8.29346e+06,5,RTS,20
8.29346e+06,17,RTS,20
8.29346e+06,8,RTS,20
8.29356e+06,2,RTS,20
8.29356e+06,11,RTS,20
8.29356e+06,4,RTS,20
8.29366e+06,14,RTS,20
8.29372e+06,20,CTS,14
8.29378e+06,14,QOSDATA_TID6,1066
8.29397e+06,20,ACK,14
8.29401e+06,14,QOSDATA_TID6,1066
8.2942e+06,20,ACK,14
8.29424e+06,14,QOSDATA_TID6,1066
8.29442e+06,20,ACK,14
8.29447e+06,14,CTL,20
8.29455e+06,19,RTS,20
8.29462e+06,20,CTS,14
8.29468e+06,19,QOSDATA_TID6,1066
8.29487e+06,20,ACK,14
8.29491e+06,19,CTL,20
8.295e+06,17,RTS,20
8.295e+06,13,RTS,20
8.29506e+06,20,CTS,14
8.29512e+06,17,QOSDATA_TID6,1066
8.29531e+06,20,ACK,14
8.29535e+06,17,CTL,20
8.29545e+06,10,RTS,20
8.29545e+06,14,RTS,20
8.29554e+06,5,RTS,20
8.29554e+06,8,RTS,20
8.29554e+06,1,RTS,20
8.29554e+06,4,RTS,20
8.29566e+06,11,RTS,20
8.29566e+06,18,RTS,20
8.29566e+06,13,RTS,20
8.29579e+06,14,RTS,20
8.29586e+06,20,CTS,14
8.29592e+06,14,QOSDATA_TID6,1066
8.2961e+06,20,ACK,14
8.29615e+06,14,CTL,20
8.29623e+06,5,RTS,20
8.29623e+06,11,RTS,20
8.2963e+06,20,CTS,14
8.29636e+06,5,QOSDATA_TID6,1066
8.29654e+06,20,ACK,14
8.29659e+06,5,CTL,20
8.29668e+06,13,RTS,20
8.29675e+06,20,CTS,14
8.29681e+06,13,QOSDATA_TID6,1066
8.297e+06,20,ACK,14
8.29704e+06,13,CTL,20
8.29712e+06,0,RTS,20
8.29719e+06,20,CTS,14
8.29725e+06,0,QOSDATA_TID6,1066
8.29744e+06,20,ACK,14
8.29748e+06,0,QOSDATA_TID6,1066
8.29766e+06,20,ACK,14
8.29771e+06,0,QOSDATA_TID6,1066
8.29789e+06,20,ACK,14
8.29794e+06,0,CTL,20
8.29802e+06,3,RTS,20
8.29802e+06,13,RTS,20
8.29802e+06,16,RTS,20
8.29813e+06,7,RTS,20
8.2982e+06,20,CTS,14
8.29826e+06,7,QOSDATA_TID6,1066
8.29844e+06,20,ACK,14
8.29849e+06,7,CTL,20
8.29857e+06,16,RTS,20
8.29864e+06,20,CTS,14
8.2987e+06,16,QOSDATA_TID6,1066
8.29888e+06,20,ACK,14
8.29893e+06,16,CTL,20
8.29901e+06,8,RTS,20
8.29901e+06,9,RTS,20
8.29908e+06,20,CTS,14
8.29914e+06,8,QOSDATA_TID6,1066
8.29933e+06,20,ACK,14
8.29937e+06,8,QOSDATA_TID6,1066
8.29955e+06,20,ACK,14
8.2996e+06,8,QOSDATA_TID6,1066
8.29978e+06,20,ACK,14
8.29983e+06,8,CTL,20
8.29991e+06,17,RTS,20
8.29991e+06,6,RTS,20
8.29998e+06,20,CTS,14
8.30004e+06,17,QOSDATA_TID6,1066
8.30022e+06,20,ACK,14
8.30027e+06,17,CTL,20
8.30035e+06,2,RTS,20
8.30042e+06,20,CTS,14
8.30048e+06,2,QOSDATA_TID6,1066
8.30067e+06,20,ACK,14
8.30071e+06,2,QOSDATA_TID6,1066
8.30089e+06,20,ACK,14
8.30094e+06,2,CTL,20
8.30102e+06,10,RTS,20
8.30109e+06,20,CTS,14
8.30115e+06,10,QOSDATA_TID6,1066
8.30134e+06,20,ACK,14
8.30138e+06,10,QOSDATA_TID6,1066
8.30156e+06,20,ACK,14
8.30161e+06,10,CTL,20
8.30169e+06,9,RTS,20
8.30169e+06,5,RTS,20
8.30169e+06,19,RTS,20
8.30169e+06,1,RTS,20
8.30169e+06,12,RTS,20
8.30169e+06,15,RTS,20
8.30169e+06,11,RTS,20
8.30169e+06,13,RTS,20
8.30169e+06,4,RTS,20
8.30179e+06,18,RTS,20
8.30186e+06,20,CTS,14
8.30192e+06,18,QOSDATA_TID6,1066
8.3021e+06,20,ACK,14
8.30215e+06,18,CTL,20
8.30224e+06,13,RTS,20
8.3023e+06,20,CTS,14
8.30236e+06,13,QOSDATA_TID6,1066
8.30255e+06,20,ACK,14
8.30259e+06,13,CTL,20
8.30268e+06,1,RTS,20
8.30268e+06,19,RTS,20
8.30268e+06,18,RTS,20
8.30278e+06,8,RTS,20
8.30284e+06,20,CTS,14
8.3029e+06,8,QOSDATA_TID6,1066
8.30309e+06,20,ACK,14
8.30313e+06,8,CTL,20
8.30322e+06,5,RTS,20
8.30322e+06,14,RTS,20
8.30328e+06,20,CTS,14
8.30334e+06,5,QOSDATA_TID6,1066
8.30353e+06,20,ACK,14
8.30357e+06,5,CTL,20
8.30367e+06,3,RTS,20
8.30374e+06,20,CTS,14
8.3038e+06,3,QOSDATA_TID6,1066
8.30398e+06,20,ACK,14
8.30402e+06,3,QOSDATA_TID6,1066
8.30421e+06,20,ACK,14
8.30425e+06,3,CTL,20
8.30434e+06,11,RTS,20
8.30441e+06,20,CTS,14
8.30447e+06,11,QOSDATA_TID6,1066
8.30465e+06,20,ACK,14
8.30469e+06,11,QOSDATA_TID6,1066
8.30488e+06,20,ACK,14
8.30492e+06,11,CTL,20
8.30501e+06,1,RTS,20
8.30501e+06,9,RTS,20
8.30501e+06,15,RTS,20
8.30501e+06,6,RTS,20
8.30512e+06,18,RTS,20
8.30518e+06,20,CTS,14
8.30524e+06,18,QOSDATA_TID6,1066
8.30543e+06,20,ACK,14
8.30547e+06,18,CTL,20
8.30557e+06,9,RTS,20
8.30557e+06,7,RTS,20
8.30557e+06,4,RTS,20
8.30563e+06,20,CTS,14
8.30569e+06,7,QOSDATA_TID6,1066
8.30588e+06,20,ACK,14
8.30592e+06,7,CTL,20
8.30602e+06,19,RTS,20
8.30608e+06,20,CTS,14
8.30614e+06,19,QOSDATA_TID6,1066
8.30633e+06,20,ACK,14
8.30637e+06,19,CTL,20
8.30646e+06,16,RTS,20
8.30646e+06,13,RTS,20
8.30646e+06,14,RTS,20
8.30656e+06,12,RTS,20
8.30662e+06,20,CTS,14
8.30668e+06,12,QOSDATA_TID6,1066
8.30687e+06,20,ACK,14
8.30691e+06,12,QOSDATA_TID6,1066
8.3071e+06,20,ACK,14
8.30714e+06,12,CTL,20
8.30724e+06,1,RTS,20
8.30724e+06,11,RTS,20
8.30724e+06,19,RTS,20
8.30724e+06,0,RTS,20
8.30724e+06,3,RTS,20
8.30724e+06,9,RTS,20
8.30733e+06,17,RTS,20
8.3074e+06,20,CTS,14
8.30746e+06,17,QOSDATA_TID6,1066
8.30765e+06,20,ACK,14
8.30769e+06,17,CTL,20
8.30778e+06,9,RTS,20
8.30784e+06,20,CTS,14
8.3079e+06,9,QOSDATA_TID6,1066
8.30809e+06,20,ACK,14
8.30813e+06,9,QOSDATA_TID6,1066
8.30832e+06,20,ACK,14
8.30836e+06,9,CTL,20
8.30845e+06,1,RTS,20
8.30851e+06,20,CTS,14
8.30857e+06,1,QOSDATA_TID6,1066
8.30876e+06,20,ACK,14
8.3088e+06,1,QOSDATA_TID6,1066
8.30899e+06,20,ACK,14
8.30903e+06,1,QOSDATA_TID6,1066
8.30921e+06,20,ACK,14
8.30926e+06,1,CTL,20
8.30934e+06,3,RTS,20
8.30941e+06,20,CTS,14
8.30947e+06,3,QOSDATA_TID6,1066
8.30966e+06,20,ACK,14
8.3097e+06,3,CTL,20
8.30979e+06,2,RTS,20
8.30979e+06,10,RTS,20
8.30979e+06,5,RTS,20
8.30979e+06,11,RTS,20
8.30979e+06,16,RTS,20
8.30979e+06,15,RTS,20
8.30986e+06,20,CTS,14
8.30992e+06,5,QOSDATA_TID6,1066
8.3101e+06,20,ACK,14
8.31014e+06,5,CTL,20
8.31022e+06,20,BEACON,152
8.31049e+06,0,RTS,20
8.31049e+06,18,RTS,20
8.31049e+06,13,RTS,20
8.31049e+06,4,RTS,20
8.31061e+06,19,RTS,20
8.31061e+06,14,RTS,20
8.31068e+06,20,CTS,14
8.31074e+06,19,QOSDATA_TID6,1066
8.31092e+06,20,ACK,14
8.31096e+06,19,CTL,20
8.31105e+06,18,RTS,20
8.31112e+06,20,CTS,14
8.31118e+06,18,QOSDATA_TID6,1066
8.31136e+06,20,ACK,14
8.3114e+06,18,CTL,20
8.31149e+06,8,RTS,20
8.31149e+06,4,RTS,20
8.31156e+06,20,CTS,14
8.31162e+06,8,QOSDATA_TID6,1066
8.3118e+06,20,ACK,14
8.31185e+06,8,CTL,20
8.31194e+06,2,RTS,20
8.31194e+06,6,RTS,20
8.31194e+06,10,RTS,20
8.31194e+06,14,RTS,20
8.31204e+06,16,RTS,20
8.31211e+06,20,CTS,14
8.31217e+06,16,QOSDATA_TID6,1066
8.31235e+06,20,ACK,14
8.3124e+06,16,CTL,20
8.31248e+06,16,RTS,20
8.31248e+06,11,RTS,20
8.31248e+06,2,RTS,20
8.31248e+06,6,RTS,20
8.31259e+06,13,RTS,20
8.31266e+06,20,CTS,14
8.31272e+06,13,QOSDATA_TID6,1066
8.3129e+06,20,ACK,14
8.31294e+06,13,CTL,20
8.31303e+06,4,RTS,20
8.3131e+06,20,CTS,14
8.31316e+06,4,QOSDATA_TID6,1066
8.31334e+06,20,ACK,14
8.31339e+06,4,QOSDATA_TID6,1066
8.31357e+06,20,ACK,14
8.31362e+06,4,CTL,20
8.3137e+06,7,RTS,20
8.3137e+06,15,RTS,20
8.3138e+06,13,RTS,20
8.3138e+06,2,RTS,20
8.31392e+06,11,RTS,20
8.31399e+06,20,CTS,14
8.31405e+06,11,QOSDATA_TID6,1066
8.31423e+06,20,ACK,14
8.31428e+06,11,CTL,20
8.31436e+06,2,RTS,20
8.31443e+06,20,CTS,14
8.31449e+06,2,QOSDATA_TID6,1066
8.31467e+06,20,ACK,14
8.31472e+06,2,CTL,20
8.3148e+06,11,RTS,20
8.3148e+06,14,RTS,20
8.3148e+06,15,RTS,20
8.3149e+06,0,CTS,14
8.3149e+06,10,RTS,20
8.3149e+06,9,RTS,20
8.315e+06,0,RTS,20
8.31506e+06,20,CTS,14
8.31512e+06,0,QOSDATA_TID6,1066
8.31531e+06,20,ACK,14
8.31535e+06,0,QOSDATA_TID6,1066
8.31554e+06,20,ACK,14
8.31558e+06,0,CTL,20
8.31567e+06,3,RTS,20
8.31567e+06,7,RTS,20
8.31567e+06,19,RTS,20
8.31576e+06,6,RTS,20
8.31576e+06,14,RTS,20
8.31587e+06,16,RTS,20
8.31588e+06,1,RTS,20
8.31588e+06,13,RTS,20
8.31597e+06,3,RTS,20
8.31604e+06,20,CTS,14
8.3161e+06,3,QOSDATA_TID6,1066
8.31628e+06,20,ACK,14
8.31633e+06,3,CTL,20
8.31642e+06,10,RTS,20
8.31642e+06,5,RTS,20
8.31642e+06,14,RTS,20
8.31648e+06,20,CTS,14
8.31654e+06,5,QOSDATA_TID6,1066
8.31673e+06,20,ACK,14
8.31677e+06,5,CTL,20
8.31686e+06,9,RTS,20
8.31686e+06,4,RTS,20
8.31696e+06,1,RTS,20
8.31702e+06,20,CTS,14
8.31708e+06,1,QOSDATA_TID6,1066
8.31727e+06,20,ACK,14
8.31731e+06,1,CTL,20
8.31741e+06,17,RTS,20
8.31741e+06,9,RTS,20
8.31748e+06,20,CTS,14
8.31754e+06,17,QOSDATA_TID6,1066
8.31772e+06,20,ACK,14
8.31776e+06,17,CTL,20
8.31785e+06,14,RTS,20
8.31792e+06,20,CTS,14
8.31798e+06,14,QOSDATA_TID6,1066
8.31816e+06,20,ACK,14
8.3182e+06,14,CTL,20
8.31829e+06,18,RTS,20
8.31836e+06,20,CTS,14
8.31842e+06,18,QOSDATA_TID6,1066
8.3186e+06,20,ACK,14
8.31865e+06,18,CTL,20
8.31873e+06,2,RTS,20
8.31873e+06,12,RTS,20
8.31873e+06,15,RTS,20
8.31873e+06,4,RTS,20
8.3188e+06,20,CTS,14
8.31886e+06,12,QOSDATA_TID6,1066
8.31904e+06,20,ACK,14
8.31909e+06,12,CTL,20
8.31918e+06,14,RTS,20
8.31924e+06,20,CTS,14
8.3193e+06,14,QOSDATA_TID6,1066
8.31949e+06,20,ACK,14
8.31953e+06,14,CTL,20
8.31962e+06,6,RTS,20
8.31962e+06,13,RTS,20
8.31962e+06,7,RTS,20
8.31962e+06,8,RTS,20
8.31962e+06,10,RTS,20
8.31962e+06,4,RTS,20
8.31973e+06,9,RTS,20
8.3198e+06,20,CTS,14
8.31986e+06,9,QOSDATA_TID6,1066
8.32004e+06,20,ACK,14
8.32009e+06,9,CTL,20
8.32018e+06,11,RTS,20
8.32018e+06,15,RTS,20
8.32028e+06,7,RTS,20
8.32028e+06,2,RTS,20
8.32039e+06,19,RTS,20
8.32039e+06,8,RTS,20
8.32046e+06,20,CTS,14
8.32052e+06,8,QOSDATA_TID6,1066
8.3207e+06,20,ACK,14
8.32074e+06,8,CTL,20
8.32083e+06,11,RTS,20
8.3209e+06,20,CTS,14
8.32096e+06,11,QOSDATA_TID6,1066
8.32114e+06,20,ACK,14
8.32119e+06,11,CTL,20
8.32128e+06,16,RTS,20
8.32128e+06,7,RTS,20
8.32135e+06,20,CTS,14
8.32141e+06,7,QOSDATA_TID6,1066
8.32159e+06,20,ACK,14
8.32164e+06,7,QOSDATA_TID6,1066
8.32182e+06,20,ACK,14
8.32187e+06,7,CTL,20
8.32195e+06,16,RTS,20
8.32195e+06,19,RTS,20
8.32195e+06,9,RTS,20
8.32207e+06,0,RTS,20
8.32214e+06,20,CTS,14
8.3222e+06,0,QOSDATA_TID6,1066
8.32238e+06,20,ACK,14
8.32242e+06,0,CTL,20
8.32251e+06,6,RTS,20
8.32251e+06,12,RTS,20
8.32251e+06,9,RTS,20
8.32251e+06,13,RTS,20
8.32258e+06,20,CTS,14
8.32264e+06,12,QOSDATA_TID6,1066
8.32282e+06,20,ACK,14
8.32287e+06,12,CTL,20
8.32296e+06,19,RTS,20
8.32296e+06,4,RTS,20
8.32296e+06,13,RTS,20
8.32296e+06,15,RTS,20
8.3231e+06,10,RTS,20
8.32316e+06,20,CTS,14
8.32322e+06,10,QOSDATA_TID6,1066
8.32341e+06,20,ACK,14
8.32345e+06,10,QOSDATA_TID6,1066
8.32364e+06,20,ACK,14
8.32368e+06,10,CTL,20
8.32376e+06,17,RTS,20
8.32376e+06,15,RTS,20
8.32383e+06,20,CTS,14
8.32389e+06,17,QOSDATA_TID6,1066
8.32408e+06,20,ACK,14
8.32412e+06,17,CTL,20
8.32422e+06,11,RTS,20
8.32422e+06,4,RTS,20
8.32432e+06,3,RTS,20
8.32432e+06,9,RTS,20
8.32442e+06,16,RTS,20
8.32442e+06,15,RTS,20
8.32453e+06,2,RTS,20
8.3246e+06,20,CTS,14
8.32466e+06,2,QOSDATA_TID6,1066
8.32484e+06,20,ACK,14
8.32488e+06,2,QOSDATA_TID6,1066
8.32507e+06,20,ACK,14
8.32511e+06,2,CTL,20
8.32521e+06,10,RTS,20
8.32521e+06,6,RTS,20
8.32528e+06,20,CTS,14
8.32534e+06,6,QOSDATA_TID6,1066
8.32552e+06,20,ACK,14
8.32556e+06,6,QOSDATA_TID6,1066
8.32575e+06,20,ACK,14
8.32579e+06,6,QOSDATA_TID6,1066
8.32598e+06,20,ACK,14
8.32602e+06,6,CTL,20
8.32611e+06,10,RTS,20
8.32617e+06,20,CTS,14
8.32623e+06,10,QOSDATA_TID6,1066
8.32642e+06,20,ACK,14
8.32646e+06,10,CTL,20
8.32655e+06,18,RTS,20
8.32655e+06,19,RTS,20
8.32666e+06,3,RTS,20
8.32666e+06,9,RTS,20
8.32675e+06,19,RTS,20
8.32675e+06,13,RTS,20
8.32688e+06,4,RTS,20
8.32695e+06,20,CTS,14
8.32701e+06,4,QOSDATA_TID6,1066
8.32719e+06,20,ACK,14
8.32723e+06,4,QOSDATA_TID6,1066
8.32742e+06,20,ACK,14
8.32746e+06,4,CTL,20
8.32756e+06,16,RTS,20
8.32756e+06,8,RTS,20
8.32756e+06,15,RTS,20
8.32756e+06,18,RTS,20
8.32768e+06,13,RTS,20
8.32775e+06,20,CTS,14
8.32781e+06,13,QOSDATA_TID6,1066
8.32799e+06,20,ACK,14
8.32804e+06,13,QOSDATA_TID6,1066
8.32822e+06,20,ACK,14
8.32827e+06,13,CTL,20
8.32836e+06,9,RTS,20
8.32843e+06,20,CTS,14
8.32849e+06,9,QOSDATA_TID6,1066
8.32867e+06,20,ACK,14
8.32872e+06,9,CTL,20
8.3288e+06,5,RTS,20
8.3288e+06,1,RTS,20
8.32887e+06,20,CTS,14
8.32893e+06,5,QOSDATA_TID6,1066
8.32912e+06,20,ACK,14
8.32916e+06,5,CTL,20
8.32924e+06,3,RTS,20
8.32924e+06,14,RTS,20
8.32937e+06,11,RTS,20
8.32937e+06,16,RTS,20
8.32947e+06,7,RTS,20
8.32954e+06,20,CTS,14
8.3296e+06,7,QOSDATA_TID6,1066
8.32978e+06,20,ACK,14
8.32982e+06,7,CTL,20
8.32991e+06,18,RTS,20
8.32998e+06,20,CTS,14
8.33004e+06,18,QOSDATA_TID6,1066
8.33022e+06,20,ACK,14
8.33027e+06,18,CTL,20
8.33036e+06,0,RTS,20
8.33036e+06,8,RTS,20
8.33036e+06,13,RTS,20
8.33048e+06,15,RTS,20
8.33048e+06,9,RTS,20
8.33054e+06,20,CTS,14
8.3306e+06,15,QOSDATA_TID6,1066
8.33079e+06,20,ACK,14
8.33083e+06,15,QOSDATA_TID6,1066
8.33102e+06,20,ACK,14
8.33106e+06,15,QOSDATA_TID6,1066
8.33124e+06,20,ACK,14
8.33129e+06,15,CTL,20
8.33138e+06,9,RTS,20
8.33144e+06,20,CTS,14
8.3315e+06,9,QOSDATA_TID6,1066
8.33169e+06,20,ACK,14
8.33173e+06,9,CTL,20
8.33182e+06,8,RTS,20
8.33189e+06,20,CTS,14
8.33195e+06,8,QOSDATA_TID6,1066
8.33213e+06,20,ACK,14
8.33217e+06,8,CTL,20
8.33226e+06,17,RTS,20
8.33226e+06,12,RTS,20
8.33226e+06,11,RTS,20
8.33236e+06,13,RTS,20
8.33243e+06,20,CTS,14
8.33249e+06,13,QOSDATA_TID6,1066
8.33267e+06,20,ACK,14
8.33271e+06,13,CTL,20
8.3328e+06,12,RTS,20
8.3328e+06,14,RTS,20
8.3328e+06,6,RTS,20
8.3328e+06,2,RTS,20
8.3328e+06,3,RTS,20
8.3329e+06,19,RTS,20
8.33297e+06,20,CTS,14
8.33303e+06,19,QOSDATA_TID6,1066
8.33321e+06,20,ACK,14
8.33325e+06,19,QOSDATA_TID6,1066
8.33344e+06,20,ACK,14
8.33348e+06,19,QOSDATA_TID6,1066
8.33367e+06,20,ACK,14
8.33371e+06,19,CTL,20
8.3338e+06,12,RTS,20
8.3338e+06,10,RTS,20
8.33386e+06,20,CTS,14
8.33392e+06,12,QOSDATA_TID6,1066
8.33411e+06,20,ACK,14
8.33415e+06,12,CTL,20
8.33425e+06,5,RTS,20
8.33425e+06,15,RTS,20
8.33425e+06,6,RTS,20
8.33432e+06,20,CTS,14
8.33438e+06,5,QOSDATA_TID6,1066
8.33456e+06,20,ACK,14
8.3346e+06,5,CTL,20
8.33469e+06,6,RTS,20
8.33476e+06,20,CTS,14
8.33482e+06,6,QOSDATA_TID6,1066
8.335e+06,20,ACK,14
8.33504e+06,6,CTL,20
8.33513e+06,4,RTS,20
8.3352e+06,20,CTS,14
8.33526e+06,4,QOSDATA_TID6,1066
8.33544e+06,20,ACK,14
8.33549e+06,4,CTL,20
8.33557e+06,16,RTS,20
8.33557e+06,1,RTS,20
8.33557e+06,2,RTS,20
8.33557e+06,0,RTS,20
8.33557e+06,18,RTS,20
8.33569e+06,14,RTS,20
8.33569e+06,15,RTS,20
8.3358e+06,18,RTS,20
8.3358e+06,8,RTS,20
8.3358e+06,10,RTS,20
8.3358e+06,16,RTS,20
8.3359e+06,15,RTS,20
8.33597e+06,20,CTS,14
8.33603e+06,15,QOSDATA_TID6,1066
8.33622e+06,20,ACK,14
8.33626e+06,15,CTL,20
8.33634e+06,8,RTS,20
8.33641e+06,20,CTS,14
8.33647e+06,8,QOSDATA_TID6,1066
8.33666e+06,20,ACK,14
8.3367e+06,8,CTL,20
8.33679e+06,2,RTS,20
8.33679e+06,14,RTS,20
8.33686e+06,20,CTS,14
8.33692e+06,2,QOSDATA_TID6,1066
8.3371e+06,20,ACK,14
8.33714e+06,2,CTL,20
8.33723e+06,14,RTS,20
8.33723e+06,16,RTS,20
8.33734e+06,3,RTS,20
8.33734e+06,10,RTS,20
8.33746e+06,17,RTS,20
8.33746e+06,7,RTS,20
8.33746e+06,11,RTS,20
8.33746e+06,16,RTS,20
8.3376e+06,3,RTS,20
8.33766e+06,20,CTS,14
8.33772e+06,3,QOSDATA_TID6,1066
8.33791e+06,20,ACK,14
8.33795e+06,3,QOSDATA_TID6,1066
8.33814e+06,20,ACK,14
8.33818e+06,3,CTL,20
8.33826e+06,0,CTS,14
8.33826e+06,13,RTS,20
8.3384e+06,0,RTS,20
8.33847e+06,20,CTS,14
8.33853e+06,0,QOSDATA_TID6,1066
8.33872e+06,20,ACK,14
8.33876e+06,0,QOSDATA_TID6,1066
8.33894e+06,20,ACK,14
8.33899e+06,0,CTL,20
8.33908e+06,6,RTS,20
8.33908e+06,12,RTS,20
8.33908e+06,3,RTS,20
8.33908e+06,13,RTS,20
8.33914e+06,20,CTS,14
8.3392e+06,12,QOSDATA_TID6,1066
8.33939e+06,20,ACK,14
8.33943e+06,12,CTL,20
8.33952e+06,6,RTS,20
8.33952e+06,18,RTS,20
8.33962e+06,13,RTS,20
8.33969e+06,20,CTS,14
8.33975e+06,13,QOSDATA_TID6,1066
8.33994e+06,20,ACK,14
8.33998e+06,13,CTL,20
8.34007e+06,7,RTS,20
8.34007e+06,16,RTS,20
8.34007e+06,17,RTS,20
8.34007e+06,1,RTS,20
8.34007e+06,19,RTS,20
8.34016e+06,14,RTS,20
8.34023e+06,20,CTS,14
8.34029e+06,14,QOSDATA_TID6,1066
8.34048e+06,20,ACK,14
8.34052e+06,14,QOSDATA_TID6,1066
8.3407e+06,20,ACK,14
8.34075e+06,14,CTL,20
8.34084e+06,10,RTS,20
8.3409e+06,20,CTS,14
8.34096e+06,10,QOSDATA_TID6,1066
8.34115e+06,20,ACK,14
8.34119e+06,10,QOSDATA_TID6,1066
8.34138e+06,20,ACK,14
8.34142e+06,10,CTL,20
8.3415e+06,2,RTS,20
8.3415e+06,19,RTS,20
8.3415e+06,17,RTS,20
8.3415e+06,11,RTS,20
8.3415e+06,4,RTS,20
8.34162e+06,15,RTS,20
8.34169e+06,20,CTS,14
8.34175e+06,15,QOSDATA_TID6,1066
8.34193e+06,20,ACK,14
8.34198e+06,15,CTL,20
8.34206e+06,4,RTS,20
8.34213e+06,20,CTS,14
8.34219e+06,4,QOSDATA_TID6,1066
8.34238e+06,20,ACK,14
8.34242e+06,4,CTL,20
8.3425e+06,16,RTS,20
8.3425e+06,7,RTS,20
8.3425e+06,9,RTS,20
8.3425e+06,6,RTS,20
8.34261e+06,5,RTS,20
8.34261e+06,1,RTS,20
8.34268e+06,20,CTS,14
8.34274e+06,5,QOSDATA_TID6,1066
8.34292e+06,20,ACK,14
8.34297e+06,5,CTL,20
8.34305e+06,17,RTS,20
8.34312e+06,20,CTS,14
8.34318e+06,17,QOSDATA_TID6,1066
8.34337e+06,20,ACK,14
8.34341e+06,17,QOSDATA_TID6,1066
8.34359e+06,20,ACK,14
8.34364e+06,17,CTL,20
8.34372e+06,3,RTS,20
8.34379e+06,20,CTS,14
8.34385e+06,3,QOSDATA_TID6,1066
8.34404e+06,20,ACK,14
8.34408e+06,3,CTL,20
8.34417e+06,18,RTS,20
8.34417e+06,6,RTS,20
8.34417e+06,11,RTS,20
8.34417e+06,14,RTS,20
8.34428e+06,9,RTS,20
8.34435e+06,20,CTS,14
8.34441e+06,9,QOSDATA_TID6,1066
8.34459e+06,20,ACK,14
8.34464e+06,9,CTL,20
8.34472e+06,11,RTS,20
8.34479e+06,20,CTS,14
8.34485e+06,11,QOSDATA_TID6,1066
8.34504e+06,20,ACK,14
8.34508e+06,11,QOSDATA_TID6,1066
8.34526e+06,20,ACK,14
8.34531e+06,11,QOSDATA_TID6,1066
8.34549e+06,20,ACK,14
8.34554e+06,11,CTL,20
8.34562e+06,1,RTS,20
8.34562e+06,8,RTS,20
8.34562e+06,7,RTS,20
8.34562e+06,13,RTS,20
8.34562e+06,6,RTS,20
8.34572e+06,19,RTS,20
8.34572e+06,9,RTS,20
8.34579e+06,20,CTS,14
8.34585e+06,19,QOSDATA_TID6,1066
8.34603e+06,20,ACK,14
8.34608e+06,19,CTL,20
8.34616e+06,9,RTS,20
8.34623e+06,20,CTS,14
8.34629e+06,9,QOSDATA_TID6,1066
8.34648e+06,20,ACK,14
8.34652e+06,9,CTL,20
8.3466e+06,8,RTS,20
8.3466e+06,1,RTS,20
8.3467e+06,2,RTS,20
8.3467e+06,13,RTS,20
8.3468e+06,11,RTS,20
8.34687e+06,20,CTS,14
8.34693e+06,11,QOSDATA_TID6,1066
8.34711e+06,20,ACK,14
8.34716e+06,11,CTL,20
8.34725e+06,16,RTS,20
8.34725e+06,12,RTS,20
8.34725e+06,19,RTS,20
8.34725e+06,3,RTS,20
8.34725e+06,0,RTS,20
8.34725e+06,14,RTS,20
8.34735e+06,17,RTS,20
8.34742e+06,20,CTS,14
8.34748e+06,17,QOSDATA_TID6,1066
8.34766e+06,20,ACK,14
8.34771e+06,17,CTL,20
8.34779e+06,12,RTS,20
8.34786e+06,20,CTS,14
8.34792e+06,12,QOSDATA_TID6,1066
8.3481e+06,20,ACK,14
8.34815e+06,12,CTL,20
8.34823e+06,0,RTS,20
8.3483e+06,20,CTS,14
8.34836e+06,0,QOSDATA_TID6,1066
8.34855e+06,20,ACK,14
8.34859e+06,0,CTL,20
8.34868e+06,6,RTS,20
8.34868e+06,16,RTS,20
8.34879e+06,5,RTS,20
8.34879e+06,13,RTS,20
8.34879e+06,3,RTS,20
8.34886e+06,20,CTS,14
8.34892e+06,5,QOSDATA_TID6,1066
8.3491e+06,20,ACK,14
8.34915e+06,5,CTL,20
8.34924e+06,8,RTS,20
8.34924e+06,7,RTS,20
8.34924e+06,18,RTS,20
8.34924e+06,15,RTS,20
8.34934e+06,13,RTS,20
8.34941e+06,20,CTS,14
8.34947e+06,13,QOSDATA_TID6,1066
8.34965e+06,20,ACK,14
8.3497e+06,13,CTL,20
8.34979e+06,7,RTS,20
8.34979e+06,3,RTS,20
8.34986e+06,20,CTS,14
8.34992e+06,7,QOSDATA_TID6,1066
8.3501e+06,20,ACK,14
8.35015e+06,7,QOSDATA_TID6,1066
8.35033e+06,20,ACK,14
8.35038e+06,7,CTL,20
8.35047e+06,3,RTS,20
8.35054e+06,20,CTS,14
8.3506e+06,3,QOSDATA_TID6,1066
8.35078e+06,20,ACK,14
8.35083e+06,3,CTL,20
8.35091e+06,10,RTS,20
8.35091e+06,18,RTS,20
8.35091e+06,6,RTS,20
8.35091e+06,4,RTS,20
8.35091e+06,15,RTS,20
8.35102e+06,2,RTS,20
8.35109e+06,20,CTS,14
8.35115e+06,2,QOSDATA_TID6,1066
8.35133e+06,20,ACK,14
8.35138e+06,2,QOSDATA_TID6,1066
8.35156e+06,20,ACK,14
8.3516e+06,2,CTL,20
8.35169e+06,19,RTS,20
8.35176e+06,20,CTS,14
8.35182e+06,19,QOSDATA_TID6,1066
8.352e+06,20,ACK,14
8.35205e+06,19,CTL,20
8.35213e+06,1,RTS,20
8.35213e+06,4,RTS,20
8.3522e+06,20,CTS,14
8.35226e+06,1,QOSDATA_TID6,1066
8.35244e+06,20,ACK,14
8.35249e+06,1,QOSDATA_TID6,1066
8.35267e+06,20,ACK,14
8.35272e+06,1,QOSDATA_TID6,1066
8.3529e+06,20,ACK,14
8.35294e+06,1,QOSDATA_TID6,1066
8.35313e+06,20,ACK,14
8.35317e+06,1,CTL,20
8.35326e+06,0,RTS,20
8.35326e+06,14,RTS,20
8.35333e+06,20,CTS,14
8.35339e+06,0,QOSDATA_TID6,1066
8.35357e+06,20,ACK,14
8.35361e+06,0,CTL,20
8.3537e+06,16,RTS,20
8.35377e+06,20,CTS,14
8.35383e+06,16,QOSDATA_TID6,1066
8.35401e+06,20,ACK,14
8.35406e+06,16,QOSDATA_TID6,1066
8.35424e+06,20,ACK,14
8.35428e+06,16,QOSDATA_TID6,1066
8.35447e+06,20,ACK,14
8.35451e+06,16,QOSDATA_TID6,1066
8.3547e+06,20,ACK,14
8.35474e+06,16,CTL,20
8.35483e+06,8,RTS,20
8.35483e+06,9,RTS,20
8.35483e+06,18,RTS,20
8.35483e+06,14,RTS,20
8.35483e+06,10,RTS,20
8.35493e+06,13,RTS,20
8.355e+06,20,CTS,14
8.35506e+06,13,QOSDATA_TID6,1066
8.35525e+06,20,ACK,14
8.35529e+06,13,CTL,20
8.35538e+06,14,RTS,20
8.35538e+06,1,RTS,20
8.35538e+06,6,RTS,20
8.35538e+06,19,RTS,20
8.35547e+06,8,RTS,20
8.35547e+06,17,RTS,20
8.35557e+06,7,RTS,20
8.35557e+06,6,RTS,20
8.35568e+06,3,RTS,20
8.35568e+06,9,RTS,20
8.35578e+06,15,RTS,20
8.35584e+06,20,CTS,14
8.3559e+06,15,QOSDATA_TID6,1066
8.35609e+06,20,ACK,14
8.35613e+06,15,CTL,20
8.35622e+06,12,RTS,20
8.35622e+06,8,RTS,20
8.35622e+06,1,RTS,20
8.35622e+06,11,RTS,20
8.35632e+06,5,RTS,20
8.35632e+06,9,RTS,20
8.35638e+06,20,CTS,14
8.35644e+06,5,QOSDATA_TID6,1066
8.35663e+06,20,ACK,14
8.35667e+06,5,CTL,20
8.35677e+06,15,RTS,20
8.35684e+06,20,CTS,14
8.3569e+06,15,QOSDATA_TID6,1066
8.35708e+06,20,ACK,14
8.35712e+06,15,CTL,20
8.35721e+06,14,RTS,20
8.35721e+06,6,RTS,20
8.35721e+06,8,RTS,20
8.35721e+06,11,RTS,20
8.35721e+06,4,RTS,20
8.35732e+06,2,RTS,20
8.35732e+06,10,RTS,20
8.35738e+06,20,CTS,14
8.35744e+06,2,QOSDATA_TID6,1066
8.35763e+06,20,ACK,14
8.35767e+06,2,CTL,20
8.35776e+06,7,RTS,20
8.35783e+06,20,CTS,14
8.35789e+06,7,QOSDATA_TID6,1066
8.35807e+06,20,ACK,14
8.35812e+06,7,CTL,20
8.3582e+06,4,RTS,20
8.35827e+06,20,CTS,14
8.35833e+06,4,QOSDATA_TID6,1066
8.35851e+06,20,ACK,14
8.35856e+06,4,QOSDATA_TID6,1066
8.35874e+06,20,ACK,14
8.35878e+06,4,CTL,20
8.35887e+06,1,RTS,20
8.35887e+06,19,RTS,20
8.35887e+06,6,RTS,20
8.35887e+06,10,RTS,20
8.35898e+06,17,RTS,20
8.35898e+06,12,RTS,20
8.35908e+06,11,RTS,20
8.35908e+06,3,RTS,20
8.35908e+06,18,RTS,20
8.35908e+06,9,RTS,20
8.35918e+06,17,RTS,20
8.35925e+06,20,CTS,14
8.35931e+06,17,QOSDATA_TID6,1066
8.3595e+06,20,ACK,14
8.35954e+06,17,CTL,20
8.35962e+06,3,RTS,20
8.35969e+06,20,CTS,14
8.35975e+06,3,QOSDATA_TID6,1066
8.35994e+06,20,ACK,14
8.35998e+06,3,CTL,20
8.36008e+06,10,RTS,20
8.36008e+06,8,RTS,20
8.36008e+06,11,RTS,20
8.36014e+06,20,CTS,14
8.3602e+06,8,QOSDATA_TID6,1066
8.36039e+06,20,ACK,14
8.36043e+06,8,QOSDATA_TID6,1066
8.36062e+06,20,ACK,14
8.36066e+06,8,CTL,20
8.36075e+06,16,RTS,20
8.36081e+06,20,CTS,14
8.36087e+06,16,QOSDATA_TID6,1066
8.36106e+06,20,ACK,14
8.3611e+06,16,CTL,20
8.36119e+06,6,RTS,20
8.36126e+06,20,CTS,14
8.36132e+06,6,QOSDATA_TID6,1066
8.3615e+06,20,ACK,14
8.36154e+06,6,QOSDATA_TID6,1066
8.36173e+06,20,ACK,14
8.36177e+06,6,CTL,20
8.36186e+06,18,RTS,20
8.36186e+06,10,RTS,20
8.36186e+06,12,RTS,20
8.36186e+06,9,RTS,20
8.36186e+06,13,RTS,20
8.36193e+06,20,CTS,14
8.36199e+06,12,QOSDATA_TID6,1066
8.36217e+06,20,ACK,14
8.36222e+06,12,CTL,20
8.36231e+06,19,RTS,20
8.36231e+06,0,RTS,20
8.36231e+06,14,RTS,20
8.36231e+06,18,RTS,20
8.36241e+06,7,RTS,20
8.36248e+06,20,CTS,14
8.36254e+06,7,QOSDATA_TID6,1066
8.36272e+06,20,ACK,14
8.36276e+06,7,CTL,20
8.36285e+06,12,RTS,20
8.36285e+06,3,RTS,20
8.36292e+06,20,CTS,14
8.36298e+06,12,QOSDATA_TID6,1066
8.36316e+06,20,ACK,14
8.36321e+06,12,CTL,20
8.3633e+06,13,RTS,20
8.3633e+06,0,RTS,20
8.3633e+06,18,RTS,20
8.3634e+06,14,RTS,20
8.36347e+06,20,CTS,14
8.36353e+06,14,QOSDATA_TID6,1066
8.36371e+06,20,ACK,14
8.36376e+06,14,QOSDATA_TID6,1066
8.36394e+06,20,ACK,14
8.36398e+06,14,CTL,20
8.36407e+06,11,RTS,20
8.36414e+06,20,CTS,14
8.3642e+06,11,QOSDATA_TID6,1066
8.36438e+06,20,ACK,14
8.36442e+06,11,QOSDATA_TID6,1066
8.36461e+06,20,ACK,14
8.36465e+06,11,CTL,20
8.36474e+06,1,RTS,20
8.36474e+06,17,RTS,20
8.36474e+06,13,RTS,20
8.36474e+06,15,RTS,20
8.36485e+06,6,RTS,20
8.36485e+06,4,RTS,20
8.36491e+06,20,CTS,14
8.36497e+06,6,QOSDATA_TID6,1066
8.36516e+06,20,ACK,14
8.3652e+06,6,CTL,20
8.36529e+06,15,RTS,20
8.36529e+06,13,RTS,20
8.3654e+06,2,RTS,20
8.3654e+06,3,RTS,20
8.36546e+06,20,CTS,14
8.36552e+06,2,QOSDATA_TID6,1066
8.36571e+06,20,ACK,14
8.36575e+06,2,CTL,20
8.36584e+06,19,RTS,20
8.36584e+06,1,RTS,20
8.36594e+06,4,RTS,20
8.366e+06,20,CTS,14
8.36606e+06,4,QOSDATA_TID6,1066
8.36625e+06,20,ACK,14
8.36629e+06,4,CTL,20
8.36638e+06,9,RTS,20
8.36644e+06,20,CTS,14
8.3665e+06,9,QOSDATA_TID6,1066
8.36669e+06,20,ACK,14
8.36673e+06,9,QOSDATA_TID6,1066
8.36692e+06,20,ACK,14
8.36696e+06,9,CTL,20
8.36705e+06,10,RTS,20
8.36705e+06,5,RTS,20
8.36712e+06,20,CTS,14
8.36718e+06,5,QOSDATA_TID6,1066
8.36736e+06,20,ACK,14
8.3674e+06,5,CTL,20
8.36749e+06,14,RTS,20
8.36756e+06,20,CTS,14
8.36762e+06,14,QOSDATA_TID6,1066
8.3678e+06,20,ACK,14
8.36784e+06,14,CTL,20
8.36793e+06,15,RTS,20
8.36793e+06,18,RTS,20
8.36805e+06,8,RTS,20
8.36805e+06,17,RTS,20
8.36815e+06,0,CTS,14
8.36815e+06,13,RTS,20
8.36829e+06,0,RTS,20
8.36836e+06,20,CTS,14
8.36842e+06,0,QOSDATA_TID6,1066
8.36861e+06,20,ACK,14
8.36865e+06,0,CTL,20
8.36874e+06,1,RTS,20
8.36874e+06,19,RTS,20
8.36874e+06,13,RTS,20
8.36884e+06,8,RTS,20
8.36884e+06,16,RTS,20
8.3689e+06,20,CTS,14
8.36896e+06,8,QOSDATA_TID6,1066
8.36915e+06,20,ACK,14
8.36919e+06,8,CTL,20
8.36928e+06,13,RTS,20
8.36934e+06,20,CTS,14
8.3694e+06,13,QOSDATA_TID6,1066
8.36959e+06,20,ACK,14
8.36963e+06,13,QOSDATA_TID6,1066
8.36982e+06,20,ACK,14
8.36986e+06,13,CTL,20
8.36995e+06,3,RTS,20
8.37002e+06,20,CTS,14
8.37008e+06,3,QOSDATA_TID6,1066
8.37026e+06,20,ACK,14
8.3703e+06,3,CTL,20
8.37039e+06,0,RTS,20
8.37039e+06,12,RTS,20
8.37046e+06,20,CTS,14
8.37052e+06,12,QOSDATA_TID6,1066
8.3707e+06,20,ACK,14
8.37074e+06,12,CTL,20
8.37084e+06,9,RTS,20
8.37084e+06,10,RTS,20
8.37094e+06,7,RTS,20
8.37094e+06,11,RTS,20
8.37094e+06,15,RTS,20
8.37104e+06,17,RTS,20
8.37104e+06,10,RTS,20
8.37111e+06,20,CTS,14
8.37117e+06,17,QOSDATA_TID6,1066
8.37136e+06,20,ACK,14
8.3714e+06,17,QOSDATA_TID6,1066
8.37158e+06,20,ACK,14
8.37163e+06,17,CTL,20
8.37172e+06,16,RTS,20
8.37172e+06,6,RTS,20
8.37185e+06,3,RTS,20
8.37192e+06,20,CTS,14
8.37198e+06,3,QOSDATA_TID6,1066
8.37216e+06,20,ACK,14
8.3722e+06,3,CTL,20
8.37229e+06,5,RTS,20
8.37236e+06,20,CTS,14
8.37242e+06,5,QOSDATA_TID6,1066
8.3726e+06,20,ACK,14
8.37265e+06,5,CTL,20
8.37274e+06,11,RTS,20
8.37274e+06,9,RTS,20
8.37284e+06,0,RTS,20
8.37284e+06,6,RTS,20
8.37294e+06,9,RTS,20
8.37301e+06,20,CTS,14
8.37307e+06,9,QOSDATA_TID6,1066
8.37325e+06,20,ACK,14
8.37329e+06,9,CTL,20
8.37338e+06,6,RTS,20
8.37345e+06,20,CTS,14
8.37351e+06,6,QOSDATA_TID6,1066
8.37369e+06,20,ACK,14
8.37374e+06,6,CTL,20
8.37382e+06,18,RTS,20
8.37382e+06,10,RTS,20
8.37382e+06,1,RTS,20
8.37382e+06,11,RTS,20
8.37382e+06,4,RTS,20
8.37392e+06,2,RTS,20
8.37399e+06,20,CTS,14
8.37405e+06,2,QOSDATA_TID6,1066
8.37423e+06,20,ACK,14
8.37428e+06,2,CTL,20
8.37436e+06,15,RTS,20
8.37436e+06,4,RTS,20
8.37443e+06,20,CTS,14
8.37449e+06,15,QOSDATA_TID6,1066
8.37467e+06,20,ACK,14
8.37472e+06,15,QOSDATA_TID6,1066
8.3749e+06,20,ACK,14
8.37495e+06,15,CTL,20
8.37504e+06,7,RTS,20
8.37504e+06,19,RTS,20
8.37504e+06,16,RTS,20
8.37504e+06,4,RTS,20
8.37514e+06,14,RTS,20
8.37521e+06,20,CTS,14
8.37527e+06,14,QOSDATA_TID6,1066
8.37545e+06,20,ACK,14
8.3755e+06,14,CTL,20
8.37558e+06,0,CTS,14
8.37558e+06,7,RTS,20
8.3757e+06,0,RTS,20
8.37577e+06,20,CTS,14
8.37583e+06,0,QOSDATA_TID6,1066
8.37602e+06,20,ACK,14
8.37606e+06,0,CTL,20
8.37616e+06,18,RTS,20
8.37616e+06,10,RTS,20
8.37616e+06,8,RTS,20
8.37616e+06,1,RTS,20
8.37628e+06,19,RTS,20
8.37635e+06,20,CTS,14
8.37641e+06,19,QOSDATA_TID6,1066
8.37659e+06,20,ACK,14
8.37664e+06,19,QOSDATA_TID6,1066
8.37682e+06,20,ACK,14
8.37686e+06,19,QOSDATA_TID6,1066
8.37705e+06,20,ACK,14
8.37709e+06,19,CTL,20
8.37718e+06,11,RTS,20
8.37718e+06,4,RTS,20
8.37728e+06,16,RTS,20
8.37728e+06,7,RTS,20
8.37734e+06,20,CTS,14
8.3774e+06,7,QOSDATA_TID6,1066
8.37759e+06,20,ACK,14
8.37763e+06,7,QOSDATA_TID6,1066
8.37782e+06,20,ACK,14
8.37786e+06,7,CTL,20
8.37795e+06,13,RTS,20
8.37795e+06,4,RTS,20
8.37804e+06,9,RTS,20
8.37811e+06,20,CTS,14
8.37817e+06,9,QOSDATA_TID6,1066
8.37836e+06,20,ACK,14
8.3784e+06,9,CTL,20
8.37849e+06,12,RTS,20
8.37855e+06,20,CTS,14
8.37861e+06,12,QOSDATA_TID6,1066
8.3788e+06,20,ACK,14
8.37884e+06,12,CTL,20
8.37893e+06,8,RTS,20
8.379e+06,20,CTS,14
8.37906e+06,8,QOSDATA_TID6,1066
8.37924e+06,20,ACK,14
8.37928e+06,8,CTL,20
8.37937e+06,0,RTS,20
8.37937e+06,18,RTS,20
8.37937e+06,6,RTS,20
8.37937e+06,10,RTS,20
8.37947e+06,17,RTS,20
8.37947e+06,19,RTS,20
8.37954e+06,20,CTS,14
8.3796e+06,17,QOSDATA_TID6,1066
8.37978e+06,20,ACK,14
8.37982e+06,17,CTL,20
8.37991e+06,1,RTS,20
8.37991e+06,18,RTS,20
8.37998e+06,20,CTS,14
8.38004e+06,1,QOSDATA_TID6,1066
8.38022e+06,20,ACK,14
8.38027e+06,1,QOSDATA_TID6,1066
8.38045e+06,20,ACK,14
8.38049e+06,1,QOSDATA_TID6,1066
8.38068e+06,20,ACK,14
8.38072e+06,1,CTL,20
8.38081e+06,18,RTS,20
8.38081e+06,15,RTS,20
8.38091e+06,19,RTS,20
8.38097e+06,20,CTS,14
8.38103e+06,19,QOSDATA_TID6,1066
8.38122e+06,20,ACK,14
8.38126e+06,19,CTL,20
8.38135e+06,11,RTS,20
8.38135e+06,16,RTS,20
8.38135e+06,4,RTS,20
8.38145e+06,5,RTS,20
8.38145e+06,3,RTS,20
8.38151e+06,20,CTS,14
8.38157e+06,5,QOSDATA_TID6,1066
8.38176e+06,20,ACK,14
8.3818e+06,5,CTL,20
8.38189e+06,0,RTS,20
8.38196e+06,20,CTS,14
8.38202e+06,0,QOSDATA_TID6,1066
8.3822e+06,20,ACK,14
8.38224e+06,0,CTL,20
8.38233e+06,15,RTS,20
8.38233e+06,13,RTS,20
8.38243e+06,2,RTS,20
8.3825e+06,20,CTS,14
8.38256e+06,2,QOSDATA_TID6,1066
8.38274e+06,20,ACK,14
8.38278e+06,2,CTL,20
8.38288e+06,10,RTS,20
8.38288e+06,8,RTS,20
8.38295e+06,20,CTS,14
8.38301e+06,8,QOSDATA_TID6,1066
8.38319e+06,20,ACK,14
8.38324e+06,8,CTL,20
8.38332e+06,6,RTS,20
8.38339e+06,20,CTS,14
8.38345e+06,6,QOSDATA_TID6,1066
8.38363e+06,20,ACK,14
8.38368e+06,6,CTL,20
8.38376e+06,14,RTS,20
8.38383e+06,20,CTS,14
8.38389e+06,14,QOSDATA_TID6,1066
8.38408e+06,20,ACK,14
8.38412e+06,14,CTL,20
8.3842e+06,3,RTS,20
8.38427e+06,20,CTS,14
8.38433e+06,3,QOSDATA_TID6,1066
8.38452e+06,20,ACK,14
8.38456e+06,3,CTL,20
8.38465e+06,18,RTS,20
8.38465e+06,16,RTS,20
8.38475e+06,15,RTS,20
8.38481e+06,20,CTS,14
8.38487e+06,15,QOSDATA_TID6,1066
8.38506e+06,20,ACK,14
8.3851e+06,15,CTL,20
8.3852e+06,0,RTS,20
8.3852e+06,18,RTS,20
8.3852e+06,11,RTS,20
8.3852e+06,10,RTS,20
8.38532e+06,13,RTS,20
8.38539e+06,20,CTS,14
8.38545e+06,13,QOSDATA_TID6,1066
8.38563e+06,20,ACK,14
8.38568e+06,13,QOSDATA_TID6,1066
8.38586e+06,20,ACK,14
8.38591e+06,13,CTL,20
8.38599e+06,0,RTS,20
8.38606e+06,20,CTS,14
8.38612e+06,0,QOSDATA_TID6,1066
8.3863e+06,20,ACK,14
8.38635e+06,0,CTL,20
8.38643e+06,7,RTS,20
8.38643e+06,11,RTS,20
8.3865e+06,20,CTS,14
8.38656e+06,7,QOSDATA_TID6,1066
8.38675e+06,20,ACK,14
8.38679e+06,7,CTL,20
8.38688e+06,16,RTS,20
8.38688e+06,4,RTS,20
8.38688e+06,3,RTS,20
8.38688e+06,9,RTS,20
8.38698e+06,19,RTS,20
8.38705e+06,20,CTS,14
8.38711e+06,19,QOSDATA_TID6,1066
8.3873e+06,20,ACK,14
8.38734e+06,19,CTL,20
8.38742e+06,1,RTS,20
8.38742e+06,12,RTS,20
8.38742e+06,16,RTS,20
8.38742e+06,9,RTS,20
8.38742e+06,4,RTS,20
8.38752e+06,17,RTS,20
8.38759e+06,20,CTS,14
8.38765e+06,17,QOSDATA_TID6,1066
8.38784e+06,20,ACK,14
8.38788e+06,17,CTL,20
8.38796e+06,1,RTS,20
8.38796e+06,16,RTS,20
8.38796e+06,9,RTS,20
8.38806e+06,6,RTS,20
8.38813e+06,20,CTS,14
8.38819e+06,6,QOSDATA_TID6,1066
8.38838e+06,20,ACK,14
8.38842e+06,6,CTL,20
8.3885e+06,18,RTS,20
8.3885e+06,12,RTS,20
8.3885e+06,1,RTS,20
8.38857e+06,20,CTS,14
8.38863e+06,12,QOSDATA_TID6,1066
8.38882e+06,20,ACK,14
8.38886e+06,12,CTL,20
8.38895e+06,3,RTS,20
8.38902e+06,20,CTS,14
8.38908e+06,3,QOSDATA_TID6,1066
8.38926e+06,20,ACK,14
8.3893e+06,3,CTL,20
8.38939e+06,9,RTS,20
8.38939e+06,4,RTS,20
8.38939e+06,15,RTS,20
8.3895e+06,5,RTS,20
8.38956e+06,20,CTS,14
8.38962e+06,5,QOSDATA_TID6,1066
8.38981e+06,20,ACK,14
8.38985e+06,5,CTL,20
8.38995e+06,2,RTS,20
8.39002e+06,20,CTS,14
8.39008e+06,2,QOSDATA_TID6,1066
8.39026e+06,20,ACK,14
8.3903e+06,2,CTL,20
8.39039e+06,10,RTS,20
8.39039e+06,15,RTS,20
8.39046e+06,20,CTS,14
8.39052e+06,15,QOSDATA_TID6,1066
8.3907e+06,20,ACK,14
8.39074e+06,15,CTL,20
8.39084e+06,16,RTS,20
8.39091e+06,20,CTS,14
8.39097e+06,16,QOSDATA_TID6,1066
8.39115e+06,20,ACK,14
8.3912e+06,16,QOSDATA_TID6,1066
8.39138e+06,20,ACK,14
8.39142e+06,16,CTL,20
8.39151e+06,1,RTS,20
8.39151e+06,9,RTS,20
8.39151e+06,18,RTS,20
8.39164e+06,14,RTS,20
8.3917e+06,20,CTS,14
8.39176e+06,14,QOSDATA_TID6,1066
8.39195e+06,20,ACK,14
8.39199e+06,14,CTL,20
8.39209e+06,8,RTS,20
8.39209e+06,1,RTS,20
8.39209e+06,11,RTS,20
8.39218e+06,10,RTS,20
8.39225e+06,20,CTS,14
8.39231e+06,10,QOSDATA_TID6,1066
8.3925e+06,20,ACK,14
8.39254e+06,10,QOSDATA_TID6,1066
8.39272e+06,20,ACK,14
8.39277e+06,10,QOSDATA_TID6,1066
8.39295e+06,20,ACK,14
8.393e+06,10,QOSDATA_TID6,1066
8.39318e+06,20,ACK,14
8.39322e+06,10,CTL,20
8.39331e+06,0,RTS,20
8.39338e+06,20,CTS,14
8.39344e+06,0,QOSDATA_TID6,1066
8.39362e+06,20,ACK,14
8.39367e+06,0,CTL,20
8.39375e+06,7,RTS,20
8.39375e+06,13,RTS,20
8.39375e+06,16,RTS,20
8.39386e+06,18,RTS,20
8.39393e+06,20,CTS,14
8.39399e+06,18,QOSDATA_TID6,1066
8.39417e+06,20,ACK,14
8.39422e+06,18,QOSDATA_TID6,1066
8.3944e+06,20,ACK,14
8.39444e+06,18,QOSDATA_TID6,1066
8.39463e+06,20,ACK,14
8.39467e+06,18,QOSDATA_TID6,1066
8.39486e+06,20,ACK,14
8.3949e+06,18,QOSDATA_TID6,1066
8.39508e+06,20,ACK,14
8.39513e+06,18,CTL,20
8.39521e+06,6,RTS,20
8.39521e+06,3,RTS,20
8.39521e+06,9,RTS,20
8.39531e+06,19,RTS,20
8.39531e+06,11,RTS,20
8.39531e+06,13,RTS,20
8.39543e+06,12,RTS,20
8.3955e+06,20,CTS,14
8.39556e+06,12,QOSDATA_TID6,1066
8.39574e+06,20,ACK,14
8.39578e+06,12,CTL,20
8.39587e+06,17,RTS,20
8.39594e+06,20,CTS,14
8.396e+06,17,QOSDATA_TID6,1066
8.39618e+06,20,ACK,14
8.39623e+06,17,CTL,20
8.39631e+06,8,RTS,20
8.39631e+06,1,RTS,20
8.39631e+06,5,RTS,20
8.39631e+06,7,RTS,20
8.39631e+06,9,RTS,20
8.39631e+06,13,RTS,20
8.39641e+06,6,RTS,20
8.39648e+06,20,CTS,14
8.39654e+06,6,QOSDATA_TID6,1066
8.39672e+06,20,ACK,14
8.39677e+06,6,CTL,20
8.39685e+06,2,RTS,20
8.39685e+06,9,RTS,20
8.39685e+06,19,RTS,20
8.39685e+06,11,RTS,20
8.39685e+06,16,RTS,20
8.39685e+06,4,RTS,20
8.39696e+06,15,RTS,20
8.39703e+06,20,CTS,14
8.39709e+06,15,QOSDATA_TID6,1066
8.39727e+06,20,ACK,14
8.39732e+06,15,CTL,20
8.3974e+06,2,RTS,20
8.3974e+06,10,RTS,20
8.39747e+06,20,CTS,14
8.39753e+06,2,QOSDATA_TID6,1066
8.39771e+06,20,ACK,14
8.39776e+06,2,CTL,20
8.39784e+06,7,RTS,20
8.39791e+06,20,CTS,14
8.39797e+06,7,QOSDATA_TID6,1066
8.39816e+06,20,ACK,14
8.3982e+06,7,CTL,20
8.39828e+06,1,RTS,20
8.39828e+06,11,RTS,20
8.39828e+06,19,RTS,20
8.39838e+06,18,RTS,20
8.39845e+06,20,CTS,14
8.39851e+06,18,QOSDATA_TID6,1066
8.3987e+06,20,ACK,14
8.39874e+06,18,CTL,20
8.39882e+06,9,RTS,20
8.39882e+06,13,RTS,20
8.39893e+06,5,RTS,20
8.39893e+06,8,RTS,20
8.399e+06,20,CTS,14
8.39906e+06,5,QOSDATA_TID6,1066
8.39924e+06,20,ACK,14
8.39929e+06,5,CTL,20
8.39938e+06,9,RTS,20
8.39938e+06,14,RTS,20
8.39948e+06,16,RTS,20
8.39948e+06,4,RTS,20
8.3996e+06,14,RTS,20
8.3996e+06,3,RTS,20
8.39971e+06,11,RTS,20
8.39971e+06,16,RTS,20
8.39984e+06,4,RTS,20
8.39984e+06,19,RTS,20
8.39991e+06,20,CTS,14
8.39997e+06,19,QOSDATA_TID6,1066
8.40016e+06,20,ACK,14
8.4002e+06,19,CTL,20
8.40029e+06,13,RTS,20
8.40036e+06,20,CTS,14
8.40042e+06,13,QOSDATA_TID6,1066
8.40061e+06,20,ACK,14
8.40065e+06,13,CTL,20
8.40074e+06,11,RTS,20
8.40081e+06,20,CTS,14
8.40087e+06,11,QOSDATA_TID6,1066
8.40106e+06,20,ACK,14
8.4011e+06,11,QOSDATA_TID6,1066
8.40128e+06,20,ACK,14
8.40133e+06,11,QOSDATA_TID6,1066
8.40151e+06,20,ACK,14
8.40156e+06,11,CTL,20
8.40164e+06,4,RTS,20
8.40164e+06,13,RTS,20
8.40174e+06,3,RTS,20
8.40174e+06,9,RTS,20
8.40184e+06,8,RTS,20
8.40191e+06,20,CTS,14
8.40197e+06,8,QOSDATA_TID6,1066
8.40215e+06,20,ACK,14
8.4022e+06,8,QOSDATA_TID6,1066
8.40238e+06,20,ACK,14
8.40242e+06,8,CTL,20
8.40251e+06,7,RTS,20
8.40251e+06,10,RTS,20
8.40258e+06,20,CTS,14
8.40264e+06,7,QOSDATA_TID6,1066
8.40282e+06,20,ACK,14
8.40286e+06,7,CTL,20
8.40295e+06,19,RTS,20
8.40295e+06,14,RTS,20
8.40302e+06,20,CTS,14
8.40308e+06,19,QOSDATA_TID6,1066
8.40326e+06,20,ACK,14
8.40331e+06,19,CTL,20
8.4034e+06,1,RTS,20
8.4034e+06,3,RTS,20
8.4034e+06,4,RTS,20
8.40347e+06,20,CTS,14
8.40353e+06,1,QOSDATA_TID6,1066
8.40371e+06,20,ACK,14
8.40376e+06,1,QOSDATA_TID6,1066
8.40394e+06,20,ACK,14
8.40399e+06,1,CTL,20
8.40407e+06,14,RTS,20
8.40414e+06,20,CTS,14
8.4042e+06,14,QOSDATA_TID6,1066
8.40438e+06,20,ACK,14
8.40443e+06,14,CTL,20
8.40451e+06,5,RTS,20
8.40458e+06,20,CTS,14
8.40464e+06,5,QOSDATA_TID6,1066
8.40483e+06,20,ACK,14
8.40487e+06,5,CTL,20
8.40496e+06,12,RTS,20
8.40496e+06,2,RTS,20
8.40496e+06,3,RTS,20
8.40496e+06,16,RTS,20
8.40496e+06,0,RTS,20
8.40496e+06,6,RTS,20
8.40496e+06,15,RTS,20
8.40506e+06,10,RTS,20
8.40506e+06,13,RTS,20
8.40517e+06,17,RTS,20
8.40524e+06,20,CTS,14
8.4053e+06,17,QOSDATA_TID6,1066
8.40548e+06,20,ACK,14
8.40553e+06,17,CTL,20
8.40561e+06,2,RTS,20
8.40568e+06,20,CTS,14
8.40574e+06,2,QOSDATA_TID6,1066
8.40592e+06,20,ACK,14
8.40597e+06,2,CTL,20
8.40605e+06,11,RTS,20
8.40612e+06,20,CTS,14
8.40618e+06,11,QOSDATA_TID6,1066
8.40637e+06,20,ACK,14
8.40641e+06,11,CTL,20
8.4065e+06,18,RTS,20
8.40656e+06,20,CTS,14
8.40662e+06,18,QOSDATA_TID6,1066
8.40681e+06,20,ACK,14
8.40685e+06,18,CTL,20
8.40695e+06,9,RTS,20
8.40695e+06,8,RTS,20
8.40695e+06,15,RTS,20
8.40702e+06,20,CTS,14
8.40708e+06,8,QOSDATA_TID6,1066
8.40726e+06,20,ACK,14
8.4073e+06,8,CTL,20
8.40739e+06,6,RTS,20
8.40739e+06,15,RTS,20
8.4075e+06,12,RTS,20
8.4075e+06,4,RTS,20
8.40756e+06,20,CTS,14
8.40762e+06,12,QOSDATA_TID6,1066
8.40781e+06,20,ACK,14
8.40785e+06,12,CTL,20
8.40796e+06,4,RTS,20
8.40796e+06,6,RTS,20
8.40802e+06,20,CTS,14
8.40808e+06,6,QOSDATA_TID6,1066
8.40827e+06,20,ACK,14
8.40831e+06,6,CTL,20
8.4084e+06,3,RTS,20
8.40847e+06,20,CTS,14
8.40853e+06,3,QOSDATA_TID6,1066
8.40871e+06,20,ACK,14
8.40876e+06,3,QOSDATA_TID6,1066
8.40894e+06,20,ACK,14
8.40898e+06,3,CTL,20
8.40907e+06,4,RTS,20
8.40907e+06,13,RTS,20
8.40918e+06,10,RTS,20
8.40925e+06,20,CTS,14
8.40931e+06,10,QOSDATA_TID6,1066
8.4095e+06,20,ACK,14
8.40954e+06,10,QOSDATA_TID6,1066
8.40972e+06,20,ACK,14
8.40977e+06,10,CTL,20
8.40986e+06,9,RTS,20
8.40993e+06,20,CTS,14
8.40999e+06,9,QOSDATA_TID6,1066
8.41018e+06,20,ACK,14
8.41022e+06,9,QOSDATA_TID6,1066
8.4104e+06,20,ACK,14
8.41045e+06,9,QOSDATA_TID6,1066
8.41063e+06,20,ACK,14
8.41068e+06,9,CTL,20
8.41076e+06,0,RTS,20
8.41076e+06,16,RTS,20
8.41076e+06,7,RTS,20
8.41076e+06,4,RTS,20
8.41076e+06,14,RTS,20
8.41086e+06,3,RTS,20
8.41093e+06,20,CTS,14
8.41099e+06,3,QOSDATA_TID6,1066
8.41117e+06,20,ACK,14
8.41122e+06,3,CTL,20
8.4113e+06,19,RTS,20
8.4113e+06,0,CTS,14
8.4113e+06,6,RTS,20
8.4113e+06,14,RTS,20
8.41145e+06,0,RTS,20
8.41152e+06,20,CTS,14
8.41158e+06,0,QOSDATA_TID6,1066
8.41176e+06,20,ACK,14
8.41181e+06,0,QOSDATA_TID6,1066
8.41199e+06,20,ACK,14
8.41204e+06,0,CTL,20
8.41212e+06,14,RTS,20
8.41212e+06,15,RTS,20
8.41212e+06,1,RTS,20
8.41212e+06,16,RTS,20
8.41223e+06,12,RTS,20
8.41223e+06,13,RTS,20
8.4123e+06,20,CTS,14
8.41236e+06,12,QOSDATA_TID6,1066
8.41254e+06,20,ACK,14
8.41258e+06,12,CTL,20
8.41266e+06,20,BEACON,152
8.41293e+06,5,RTS,20
8.41293e+06,2,RTS,20
8.41293e+06,6,RTS,20
8.41293e+06,11,RTS,20
8.41293e+06,16,RTS,20
8.413e+06,20,CTS,14
8.41306e+06,5,QOSDATA_TID6,1066
8.41324e+06,20,ACK,14
8.41329e+06,5,CTL,20
8.41337e+06,1,RTS,20
8.41337e+06,16,RTS,20
8.41344e+06,20,CTS,14
8.4135e+06,1,QOSDATA_TID6,1066
8.41369e+06,20,ACK,14
8.41373e+06,1,CTL,20
8.41382e+06,16,RTS,20
8.41382e+06,10,RTS,20
8.41394e+06,15,RTS,20
8.41401e+06,20,CTS,14
8.41407e+06,15,QOSDATA_TID6,1066
8.41425e+06,20,ACK,14
8.4143e+06,15,QOSDATA_TID6,1066
8.41448e+06,20,ACK,14
8.41452e+06,15,CTL,20
8.41462e+06,18,RTS,20
8.41462e+06,16,RTS,20
8.41462e+06,10,RTS,20
8.41472e+06,14,RTS,20
8.41479e+06,20,CTS,14
8.41485e+06,14,QOSDATA_TID6,1066
8.41503e+06,20,ACK,14
8.41507e+06,14,CTL,20
8.41516e+06,2,RTS,20
8.41516e+06,8,RTS,20
8.41523e+06,20,CTS,14
8.41529e+06,8,QOSDATA_TID6,1066
8.41547e+06,20,ACK,14
8.41552e+06,8,CTL,20
8.41562e+06,17,RTS,20
8.41562e+06,19,RTS,20
8.41562e+06,4,RTS,20
8.41562e+06,14,RTS,20
8.41572e+06,18,RTS,20
8.41579e+06,20,CTS,14
8.41585e+06,18,QOSDATA_TID6,1066
8.41603e+06,20,ACK,14
8.41608e+06,18,CTL,20
8.41616e+06,7,RTS,20
8.41623e+06,20,CTS,14
8.41629e+06,7,QOSDATA_TID6,1066
8.41647e+06,20,ACK,14
8.41652e+06,7,CTL,20
8.4166e+06,19,RTS,20
8.41667e+06,20,CTS,14
8.41673e+06,19,QOSDATA_TID6,1066
8.41692e+06,20,ACK,14
8.41696e+06,19,CTL,20
8.41704e+06,4,RTS,20
8.41711e+06,20,CTS,14
8.41717e+06,4,QOSDATA_TID6,1066
8.41736e+06,20,ACK,14
8.4174e+06,4,QOSDATA_TID6,1066
8.41758e+06,20,ACK,14
8.41763e+06,4,QOSDATA_TID6,1066
8.41781e+06,20,ACK,14
8.41786e+06,4,QOSDATA_TID6,1066
8.41804e+06,20,ACK,14
8.41808e+06,4,CTL,20
8.41817e+06,13,RTS,20
8.41817e+06,6,RTS,20
8.41817e+06,10,RTS,20
8.41828e+06,11,RTS,20
8.41835e+06,20,CTS,14
8.41841e+06,11,QOSDATA_TID6,1066
8.41859e+06,20,ACK,14
8.41863e+06,11,CTL,20
8.41872e+06,17,RTS,20
8.41872e+06,6,RTS,20
8.41879e+06,20,CTS,14
8.41885e+06,17,QOSDATA_TID6,1066
8.41903e+06,20,ACK,14
8.41908e+06,17,CTL,20
8.41916e+06,2,RTS,20
8.41916e+06,6,RTS,20
8.41926e+06,7,RTS,20
8.41926e+06,11,RTS,20
8.41926e+06,16,RTS,20
8.41937e+06,9,RTS,20
8.41937e+06,17,RTS,20
8.41944e+06,20,CTS,14
8.4195e+06,17,QOSDATA_TID6,1066
8.41968e+06,20,ACK,14
8.41973e+06,17,CTL,20
8.41981e+06,14,RTS,20
8.41988e+06,20,CTS,14
8.41994e+06,14,QOSDATA_TID6,1066
8.42012e+06,20,ACK,14
8.42017e+06,14,CTL,20
8.42026e+06,12,RTS,20
8.42032e+06,20,CTS,14
8.42038e+06,12,QOSDATA_TID6,1066
8.42057e+06,20,ACK,14
8.42061e+06,12,CTL,20
8.4207e+06,19,RTS,20
8.4207e+06,0,RTS,20
8.4207e+06,3,RTS,20
8.4208e+06,13,RTS,20
8.42087e+06,20,CTS,14
8.42093e+06,13,QOSDATA_TID6,1066
8.42112e+06,20,ACK,14
8.42116e+06,13,QOSDATA_TID6,1066
8.42134e+06,20,ACK,14
8.42139e+06,13,QOSDATA_TID6,1066
8.42157e+06,20,ACK,14
8.42162e+06,13,CTL,20
8.4217e+06,4,RTS,20
8.4217e+06,10,RTS,20
8.4218e+06,19,RTS,20
8.42187e+06,20,CTS,14
8.42193e+06,19,QOSDATA_TID6,1066
8.42211e+06,20,ACK,14
8.42216e+06,19,CTL,20
8.42224e+06,5,RTS,20
8.42224e+06,15,RTS,20
8.42231e+06,20,CTS,14
8.42237e+06,5,QOSDATA_TID6,1066
8.42255e+06,20,ACK,14
8.4226e+06,5,CTL,20
8.42268e+06,7,RTS,20
8.42275e+06,20,CTS,14
8.42281e+06,7,QOSDATA_TID6,1066
8.423e+06,20,ACK,14
8.42304e+06,7,CTL,20
8.42313e+06,1,RTS,20
8.42313e+06,4,RTS,20
8.42313e+06,2,RTS,20
8.42313e+06,14,RTS,20
8.42313e+06,9,RTS,20
8.42323e+06,0,RTS,20
8.42323e+06,6,RTS,20
8.42333e+06,1,RTS,20
8.42333e+06,11,RTS,20
8.4234e+06,20,CTS,14
8.42346e+06,1,QOSDATA_TID6,1066
8.42364e+06,20,ACK,14
8.42369e+06,1,CTL,20
8.42378e+06,8,RTS,20
8.42378e+06,4,RTS,20
8.42378e+06,0,CTS,14
8.42378e+06,18,RTS,20
8.42378e+06,10,RTS,20
8.42392e+06,0,RTS,20
8.42399e+06,20,CTS,14
8.42405e+06,0,QOSDATA_TID6,1066
8.42424e+06,20,ACK,14
8.42428e+06,0,CTL,20
8.42437e+06,4,RTS,20
8.42444e+06,20,CTS,14
8.4245e+06,4,QOSDATA_TID6,1066
8.42469e+06,20,ACK,14
8.42473e+06,4,CTL,20
8.42482e+06,9,RTS,20
8.42482e+06,6,RTS,20
8.42488e+06,20,CTS,14
8.42494e+06,6,QOSDATA_TID6,1066
8.42513e+06,20,ACK,14
8.42517e+06,6,QOSDATA_TID6,1066
8.42536e+06,20,ACK,14
8.4254e+06,6,CTL,20
8.42549e+06,7,RTS,20
8.42549e+06,16,RTS,20
8.42555e+06,20,CTS,14
8.42561e+06,7,QOSDATA_TID6,1066
8.4258e+06,20,ACK,14
8.42584e+06,7,CTL,20
8.42594e+06,11,RTS,20
8.42594e+06,0,RTS,20
8.42594e+06,2,RTS,20
8.42594e+06,14,RTS,20
8.42604e+06,8,RTS,20
8.4261e+06,20,CTS,14
8.42616e+06,8,QOSDATA_TID6,1066
8.42635e+06,20,ACK,14
8.42639e+06,8,CTL,20
8.42649e+06,12,RTS,20
8.42649e+06,18,RTS,20
8.42655e+06,20,CTS,14
8.42661e+06,12,QOSDATA_TID6,1066
8.4268e+06,20,ACK,14
8.42684e+06,12,CTL,20
8.42694e+06,15,RTS,20
8.427e+06,20,CTS,14
8.42706e+06,15,QOSDATA_TID6,1066
8.42725e+06,20,ACK,14
8.42729e+06,15,CTL,20
8.42738e+06,13,RTS,20
8.42738e+06,18,RTS,20
8.42738e+06,19,RTS,20
8.42738e+06,10,RTS,20
8.42748e+06,6,RTS,20
8.42754e+06,20,CTS,14
8.4276e+06,6,QOSDATA_TID6,1066
8.42779e+06,20,ACK,14
8.42783e+06,6,CTL,20
8.42792e+06,2,RTS,20
8.42792e+06,3,RTS,20
8.42792e+06,19,RTS,20
8.42802e+06,14,RTS,20
8.42808e+06,20,CTS,14
8.42814e+06,14,QOSDATA_TID6,1066
8.42833e+06,20,ACK,14
8.42837e+06,14,CTL,20
8.42846e+06,0,RTS,20
8.42846e+06,5,RTS,20
8.42846e+06,19,RTS,20
8.42853e+06,20,CTS,14
8.42859e+06,5,QOSDATA_TID6,1066
8.42877e+06,20,ACK,14
8.42882e+06,5,CTL,20
8.4289e+06,4,RTS,20
8.42897e+06,20,CTS,14
8.42903e+06,4,QOSDATA_TID6,1066
8.42921e+06,20,ACK,14
8.42926e+06,4,CTL,20
8.42934e+06,17,RTS,20
8.42941e+06,20,CTS,14
8.42947e+06,17,QOSDATA_TID6,1066
8.42966e+06,20,ACK,14
8.4297e+06,17,CTL,20
8.42978e+06,18,RTS,20
8.42985e+06,20,CTS,14
8.42991e+06,18,QOSDATA_TID6,1066
8.4301e+06,20,ACK,14
8.43014e+06,18,CTL,20
8.43023e+06,10,RTS,20
8.43023e+06,2,RTS,20
8.43023e+06,9,RTS,20
8.43023e+06,1,RTS,20
8.43023e+06,15,RTS,20
8.43023e+06,13,RTS,20
8.43034e+06,18,RTS,20
8.43041e+06,20,CTS,14
8.43047e+06,18,QOSDATA_TID6,1066
8.43066e+06,20,ACK,14
8.4307e+06,18,CTL,20
8.4308e+06,10,RTS,20
8.4308e+06,9,RTS,20
8.4308e+06,19,RTS,20
8.4308e+06,11,RTS,20
8.43091e+06,2,RTS,20
8.43091e+06,0,CTS,14
8.43101e+06,0,RTS,20
8.43107e+06,20,CTS,14
8.43113e+06,0,QOSDATA_TID6,1066
8.43132e+06,20,ACK,14
8.43136e+06,0,CTL,20
8.43146e+06,2,RTS,20
8.43146e+06,10,RTS,20
8.43146e+06,11,RTS,20
8.43146e+06,16,RTS,20
8.43156e+06,14,RTS,20
8.43163e+06,20,CTS,14
8.43169e+06,14,QOSDATA_TID6,1066
8.43188e+06,20,ACK,14
8.43192e+06,14,CTL,20
8.43201e+06,8,RTS,20
8.43207e+06,20,CTS,14
8.43213e+06,8,QOSDATA_TID6,1066
8.43232e+06,20,ACK,14
8.43236e+06,8,CTL,20
8.43246e+06,19,RTS,20
8.43246e+06,2,RTS,20
8.43246e+06,9,RTS,20
8.43246e+06,15,RTS,20
8.43257e+06,10,RTS,20
8.43264e+06,20,CTS,14
8.4327e+06,10,QOSDATA_TID6,1066
8.43288e+06,20,ACK,14
8.43293e+06,10,QOSDATA_TID6,1066
8.43311e+06,20,ACK,14
8.43316e+06,10,CTL,20
8.43324e+06,19,RTS,20
8.43331e+06,20,CTS,14
8.43337e+06,19,QOSDATA_TID6,1066
8.43356e+06,20,ACK,14
8.4336e+06,19,CTL,20
8.43369e+06,11,RTS,20
8.43369e+06,2,RTS,20
8.43369e+06,0,RTS,20
8.43379e+06,13,RTS,20
8.43386e+06,20,CTS,14
8.43392e+06,13,QOSDATA_TID6,1066
8.4341e+06,20,ACK,14
8.43415e+06,13,QOSDATA_TID6,1066
8.43433e+06,20,ACK,14
8.43438e+06,13,CTL,20
8.43447e+06,0,RTS,20
8.43454e+06,20,CTS,14
8.4346e+06,0,QOSDATA_TID6,1066
8.43478e+06,20,ACK,14
8.43483e+06,0,CTL,20
8.43491e+06,3,RTS,20
8.43491e+06,7,RTS,20
8.43491e+06,9,RTS,20
8.43498e+06,20,CTS,14
8.43504e+06,7,QOSDATA_TID6,1066
8.43522e+06,20,ACK,14
8.43527e+06,7,CTL,20
8.43536e+06,17,RTS,20
8.43536e+06,1,RTS,20
8.43536e+06,2,RTS,20
8.43536e+06,9,RTS,20
8.43545e+06,12,RTS,20
8.43545e+06,15,RTS,20
8.43552e+06,20,CTS,14
8.43558e+06,12,QOSDATA_TID6,1066
8.43576e+06,20,ACK,14
8.43581e+06,12,CTL,20
8.4359e+06,17,RTS,20
8.4359e+06,11,RTS,20
8.4359e+06,6,RTS,20
8.4359e+06,3,RTS,20
8.4359e+06,9,RTS,20
8.43603e+06,15,RTS,20
8.4361e+06,20,CTS,14
8.43616e+06,15,QOSDATA_TID6,1066
8.43634e+06,20,ACK,14
8.43638e+06,15,CTL,20
8.43647e+06,2,RTS,20
8.43654e+06,20,CTS,14
8.4366e+06,2,QOSDATA_TID6,1066
8.43678e+06,20,ACK,14
8.43683e+06,2,QOSDATA_TID6,1066
8.43701e+06,20,ACK,14
8.43706e+06,2,QOSDATA_TID6,1066
8.43724e+06,20,ACK,14
8.43728e+06,2,CTL,20
8.43737e+06,6,RTS,20
8.43744e+06,20,CTS,14
8.4375e+06,6,QOSDATA_TID6,1066
8.43768e+06,20,ACK,14
8.43773e+06,6,CTL,20
8.43781e+06,15,RTS,20
8.43781e+06,5,RTS,20
8.43781e+06,17,RTS,20
8.43781e+06,11,RTS,20
8.43781e+06,16,RTS,20
8.43791e+06,3,RTS,20
8.43791e+06,10,RTS,20
8.43801e+06,4,RTS,20
8.43808e+06,20,CTS,14
8.43814e+06,4,QOSDATA_TID6,1066
8.43832e+06,20,ACK,14
8.43836e+06,4,CTL,20
8.43845e+06,11,RTS,20
8.43852e+06,20,CTS,14
8.43858e+06,11,QOSDATA_TID6,1066
8.43876e+06,20,ACK,14
8.43881e+06,11,QOSDATA_TID6,1066
8.43899e+06,20,ACK,14
8.43903e+06,11,CTL,20
8.43912e+06,17,RTS,20
8.43912e+06,19,RTS,20
8.43912e+06,18,RTS,20
8.43922e+06,14,RTS,20
8.43929e+06,20,CTS,14
8.43935e+06,14,QOSDATA_TID6,1066
8.43953e+06,20,ACK,14
8.43957e+06,14,CTL,20
8.43966e+06,8,RTS,20
8.43973e+06,20,CTS,14
8.43979e+06,8,QOSDATA_TID6,1066
8.43997e+06,20,ACK,14
8.44002e+06,8,CTL,20
8.4401e+06,9,RTS,20
8.4401e+06,15,RTS,20
8.4401e+06,10,RTS,20
8.4402e+06,1,RTS,20
8.44027e+06,20,CTS,14
8.44033e+06,1,QOSDATA_TID6,1066
8.44051e+06,20,ACK,14
8.44056e+06,1,QOSDATA_TID6,1066
8.44074e+06,20,ACK,14
8.44078e+06,1,CTL,20
8.44087e+06,16,RTS,20
8.44094e+06,20,CTS,14
8.441e+06,16,QOSDATA_TID6,1066
8.44118e+06,20,ACK,14
8.44123e+06,16,QOSDATA_TID6,1066
8.44141e+06,20,ACK,14
8.44145e+06,16,QOSDATA_TID6,1066
8.44164e+06,20,ACK,14
8.44168e+06,16,QOSDATA_TID6,1066
8.44187e+06,20,ACK,14
8.44191e+06,16,QOSDATA_TID6,1066
8.44209e+06,20,ACK,14
8.44214e+06,16,CTL,20
8.44222e+06,17,RTS,20
8.44222e+06,13,RTS,20
8.44229e+06,20,CTS,14
8.44235e+06,17,QOSDATA_TID6,1066
8.44254e+06,20,ACK,14
8.44258e+06,17,CTL,20
8.44268e+06,5,RTS,20
8.44268e+06,19,RTS,20
8.44268e+06,7,RTS,20
8.44268e+06,9,RTS,20
8.44274e+06,20,CTS,14
8.4428e+06,5,QOSDATA_TID6,1066
8.44299e+06,20,ACK,14
8.44303e+06,5,CTL,20
8.44312e+06,7,RTS,20
8.44312e+06,11,RTS,20
8.44312e+06,0,RTS,20
8.44312e+06,9,RTS,20
8.44312e+06,6,RTS,20
8.44322e+06,1,RTS,20
8.44328e+06,20,CTS,14
8.44334e+06,1,QOSDATA_TID6,1066
8.44353e+06,20,ACK,14
8.44357e+06,1,CTL,20
8.44367e+06,19,RTS,20
8.44373e+06,20,CTS,14
8.44379e+06,19,QOSDATA_TID6,1066
8.44398e+06,20,ACK,14
8.44402e+06,19,QOSDATA_TID6,1066
8.44421e+06,20,ACK,14
8.44425e+06,19,CTL,20
8.44434e+06,17,RTS,20
8.44434e+06,3,RTS,20
8.44434e+06,6,RTS,20
8.44434e+06,13,RTS,20
8.44434e+06,15,RTS,20
8.44444e+06,18,RTS,20
8.44444e+06,10,RTS,20
8.44454e+06,3,RTS,20
8.44454e+06,7,RTS,20
8.44461e+06,20,CTS,14
8.44467e+06,7,QOSDATA_TID6,1066
8.44485e+06,20,ACK,14
8.4449e+06,7,CTL,20
8.44498e+06,10,RTS,20
8.44505e+06,20,CTS,14
8.44511e+06,10,QOSDATA_TID6,1066
8.4453e+06,20,ACK,14
8.44534e+06,10,QOSDATA_TID6,1066
8.44552e+06,20,ACK,14
8.44557e+06,10,CTL,20
8.44565e+06,2,RTS,20
8.44565e+06,5,RTS,20
8.44565e+06,12,RTS,20
8.44576e+06,11,RTS,20
8.44576e+06,13,RTS,20
8.44576e+06,6,RTS,20
8.44587e+06,2,RTS,20
8.44587e+06,9,RTS,20
8.44594e+06,20,CTS,14
8.446e+06,2,QOSDATA_TID6,1066
8.44618e+06,20,ACK,14
8.44622e+06,2,CTL,20
8.44632e+06,15,RTS,20
8.44632e+06,13,RTS,20
8.44642e+06,3,RTS,20
8.44648e+06,20,CTS,14
8.44654e+06,3,QOSDATA_TID6,1066
8.44673e+06,20,ACK,14
8.44677e+06,3,QOSDATA_TID6,1066
8.44696e+06,20,ACK,14
8.447e+06,3,QOSDATA_TID6,1066
8.44718e+06,20,ACK,14
8.44723e+06,3,CTL,20
8.44732e+06,9,RTS,20
8.44739e+06,20,CTS,14
8.44745e+06,9,QOSDATA_TID6,1066
8.44764e+06,20,ACK,14
8.44768e+06,9,QOSDATA_TID6,1066
8.44786e+06,20,ACK,14
8.44791e+06,9,QOSDATA_TID6,1066
8.44809e+06,20,ACK,14
8.44814e+06,9,CTL,20
8.44822e+06,8,RTS,20
8.44822e+06,17,RTS,20
8.44822e+06,0,RTS,20
8.44822e+06,11,RTS,20
8.44822e+06,4,RTS,20
8.44822e+06,14,RTS,20
8.44822e+06,13,RTS,20
8.44833e+06,12,RTS,20
8.44833e+06,5,RTS,20
8.44844e+06,15,RTS,20
8.4485e+06,20,CTS,14
8.44856e+06,15,QOSDATA_TID6,1066
8.44875e+06,20,ACK,14
8.44879e+06,15,QOSDATA_TID6,1066
8.44898e+06,20,ACK,14
8.44902e+06,15,CTL,20
8.44911e+06,17,RTS,20
8.44911e+06,8,RTS,20
8.4492e+06,5,RTS,20
8.4492e+06,16,RTS,20
8.4492e+06,14,RTS,20
8.44927e+06,20,CTS,14
8.44933e+06,5,QOSDATA_TID6,1066
8.44952e+06,20,ACK,14
8.44956e+06,5,CTL,20
8.44965e+06,7,RTS,20
8.44971e+06,20,CTS,14
8.44977e+06,7,QOSDATA_TID6,1066
8.44996e+06,20,ACK,14
8.45e+06,7,CTL,20
8.45009e+06,13,RTS,20
8.45009e+06,11,RTS,20
8.45009e+06,0,CTS,14
8.4502e+06,0,RTS,20
8.45027e+06,20,CTS,14
8.45033e+06,0,QOSDATA_TID6,1066
8.45051e+06,20,ACK,14
8.45056e+06,0,QOSDATA_TID6,1066
8.45074e+06,20,ACK,14
8.45078e+06,0,CTL,20
8.45087e+06,12,RTS,20
8.45094e+06,20,CTS,14
8.451e+06,12,QOSDATA_TID6,1066
8.45118e+06,20,ACK,14
8.45123e+06,12,QOSDATA_TID6,1066
8.45141e+06,20,ACK,14
8.45146e+06,12,CTL,20
8.45154e+06,13,RTS,20
8.45154e+06,6,RTS,20
8.45164e+06,8,RTS,20
8.45171e+06,20,CTS,14
8.45177e+06,8,QOSDATA_TID6,1066
8.45195e+06,20,ACK,14
8.452e+06,8,CTL,20
8.45208e+06,1,RTS,20
8.45215e+06,20,CTS,14
8.45221e+06,1,QOSDATA_TID6,1066
8.45239e+06,20,ACK,14
8.45244e+06,1,CTL,20
8.45252e+06,17,RTS,20
8.45252e+06,19,RTS,20
8.45252e+06,16,RTS,20
8.45252e+06,18,RTS,20
8.45262e+06,2,RTS,20
8.45262e+06,3,RTS,20
8.45262e+06,15,RTS,20
8.45272e+06,16,RTS,20
8.45272e+06,10,RTS,20
8.45284e+06,5,RTS,20
8.45284e+06,14,RTS,20
8.45291e+06,20,CTS,14
8.45297e+06,5,QOSDATA_TID6,1066
8.45315e+06,20,ACK,14
8.4532e+06,5,CTL,20
8.45328e+06,10,RTS,20
8.45335e+06,20,CTS,14
8.45341e+06,10,QOSDATA_TID6,1066
8.45359e+06,20,ACK,14
8.45364e+06,10,CTL,20
8.45372e+06,18,RTS,20
8.45372e+06,9,RTS,20
8.45372e+06,13,RTS,20
8.45383e+06,14,RTS,20
8.45383e+06,17,RTS,20
8.45383e+06,11,RTS,20
8.45383e+06,4,RTS,20
8.4539e+06,20,CTS,14
8.45396e+06,17,QOSDATA_TID6,1066
8.45414e+06,20,ACK,14
8.45419e+06,17,QOSDATA_TID6,1066
8.45437e+06,20,ACK,14
8.45442e+06,17,CTL,20
8.4545e+06,13,RTS,20
8.4545e+06,14,RTS,20
8.45462e+06,19,RTS,20
8.45462e+06,3,RTS,20
8.45468e+06,20,CTS,14
8.45474e+06,19,QOSDATA_TID6,1066
8.45493e+06,20,ACK,14
8.45497e+06,19,CTL,20
8.45506e+06,8,RTS,20
8.45506e+06,3,RTS,20
8.45513e+06,20,CTS,14
8.45519e+06,8,QOSDATA_TID6,1066
8.45537e+06,20,ACK,14
8.45542e+06,8,CTL,20
8.4555e+06,3,RTS,20
8.45557e+06,20,CTS,14
8.45563e+06,3,QOSDATA_TID6,1066
8.45581e+06,20,ACK,14
8.45586e+06,3,CTL,20
8.45596e+06,2,RTS,20
8.45596e+06,18,RTS,20
8.45596e+06,14,RTS,20
8.45596e+06,15,RTS,20
8.45606e+06,16,RTS,20
8.45613e+06,20,CTS,14
8.45619e+06,16,QOSDATA_TID6,1066
8.45637e+06,20,ACK,14
8.45642e+06,16,CTL,20
8.4565e+06,2,RTS,20
8.4565e+06,18,RTS,20
8.45661e+06,15,RTS,20
8.45661e+06,11,RTS,20
8.45673e+06,9,RTS,20
8.4568e+06,20,CTS,14
8.45686e+06,9,QOSDATA_TID6,1066
8.45704e+06,20,ACK,14
8.45709e+06,9,CTL,20
8.45718e+06,15,RTS,20
8.45724e+06,20,CTS,14
8.4573e+06,15,QOSDATA_TID6,1066
8.45749e+06,20,ACK,14
8.45753e+06,15,CTL,20
8.45763e+06,13,RTS,20
8.45763e+06,6,RTS,20
8.45763e+06,0,RTS,20
8.45763e+06,18,RTS,20
8.45763e+06,2,RTS,20
8.45763e+06,16,RTS,20
8.45773e+06,7,RTS,20
8.45773e+06,14,RTS,20
8.4578e+06,20,CTS,14
8.45786e+06,7,QOSDATA_TID6,1066
8.45804e+06,20,ACK,14
8.45809e+06,7,CTL,20
8.45818e+06,2,RTS,20
8.45824e+06,20,CTS,14
8.4583e+06,2,QOSDATA_TID6,1066
8.45849e+06,20,ACK,14
8.45853e+06,2,CTL,20
8.45862e+06,9,RTS,20
8.45862e+06,0,RTS,20
8.45862e+06,16,RTS,20
8.45862e+06,13,RTS,20
8.45873e+06,12,RTS,20
8.4588e+06,20,CTS,14
8.45886e+06,12,QOSDATA_TID6,1066
8.45904e+06,20,ACK,14
8.45909e+06,12,CTL,20
8.45918e+06,1,RTS,20
8.45918e+06,3,RTS,20
8.45924e+06,20,CTS,14
8.4593e+06,1,QOSDATA_TID6,1066
8.45949e+06,20,ACK,14
8.45953e+06,1,CTL,20
8.45963e+06,17,RTS,20
8.45963e+06,4,RTS,20
8.45963e+06,9,RTS,20
8.45963e+06,18,RTS,20
8.45963e+06,6,RTS,20
8.45963e+06,14,RTS,20
8.45974e+06,13,RTS,20
8.45981e+06,20,CTS,14
8.45987e+06,13,QOSDATA_TID6,1066
8.46005e+06,20,ACK,14
8.4601e+06,13,QOSDATA_TID6,1066
8.46028e+06,20,ACK,14
8.46033e+06,13,CTL,20
8.46041e+06,5,RTS,20
8.46048e+06,20,CTS,14
8.46054e+06,5,QOSDATA_TID6,1066
8.46072e+06,20,ACK,14
8.46077e+06,5,CTL,20
8.46085e+06,18,RTS,20
8.46085e+06,14,RTS,20
8.46095e+06,16,RTS,20
8.46102e+06,20,CTS,14
8.46108e+06,16,QOSDATA_TID6,1066
8.46126e+06,20,ACK,14
8.46131e+06,16,CTL,20
8.4614e+06,11,RTS,20
8.4614e+06,6,RTS,20
8.46151e+06,3,RTS,20
8.46158e+06,20,CTS,14
8.46164e+06,3,QOSDATA_TID6,1066
8.46182e+06,20,ACK,14
8.46187e+06,3,CTL,20
8.46195e+06,11,RTS,20
8.46202e+06,20,CTS,14
8.46208e+06,11,QOSDATA_TID6,1066
8.46226e+06,20,ACK,14
8.46231e+06,11,QOSDATA_TID6,1066
8.46249e+06,20,ACK,14
8.46254e+06,11,CTL,20
8.46262e+06,17,RTS,20
8.46262e+06,2,RTS,20
8.46262e+06,10,RTS,20
8.46269e+06,20,CTS,14
8.46275e+06,17,QOSDATA_TID6,1066
8.46294e+06,20,ACK,14
8.46298e+06,17,CTL,20
8.46306e+06,15,RTS,20
8.46313e+06,20,CTS,14
8.46319e+06,15,QOSDATA_TID6,1066
8.46338e+06,20,ACK,14
8.46342e+06,15,CTL,20
8.46351e+06,14,RTS,20
8.46351e+06,19,RTS,20
8.46351e+06,9,RTS,20
8.46361e+06,18,RTS,20
8.46368e+06,20,CTS,14
8.46374e+06,18,QOSDATA_TID6,1066
8.46393e+06,20,ACK,14
8.46397e+06,18,QOSDATA_TID6,1066
8.46415e+06,20,ACK,14
8.4642e+06,18,QOSDATA_TID6,1066
8.46438e+06,20,ACK,14
8.46443e+06,18,CTL,20
8.46451e+06,14,RTS,20
8.46458e+06,20,CTS,14
8.46464e+06,14,QOSDATA_TID6,1066
8.46482e+06,20,ACK,14
8.46487e+06,14,QOSDATA_TID6,1066
8.46505e+06,20,ACK,14
8.4651e+06,14,CTL,20
8.46518e+06,8,RTS,20
8.46518e+06,4,RTS,20
8.46525e+06,20,CTS,14
8.46531e+06,8,QOSDATA_TID6,1066
8.46549e+06,20,ACK,14
8.46554e+06,8,CTL,20
8.46562e+06,7,RTS,20
8.46562e+06,13,RTS,20
8.46569e+06,20,CTS,14
8.46575e+06,7,QOSDATA_TID6,1066
8.46594e+06,20,ACK,14
8.46598e+06,7,CTL,20
8.46607e+06,13,RTS,20
8.46607e+06,0,CTS,14
8.46607e+06,2,RTS,20
8.46607e+06,9,RTS,20
8.46619e+06,0,RTS,20
8.46626e+06,20,CTS,14
8.46632e+06,0,QOSDATA_TID6,1066
8.4665e+06,20,ACK,14
8.46654e+06,0,QOSDATA_TID6,1066
8.46673e+06,20,ACK,14
8.46677e+06,0,CTL,20
8.46686e+06,13,RTS,20
8.46686e+06,16,RTS,20
8.46686e+06,4,RTS,20
8.46696e+06,3,RTS,20
8.46702e+06,20,CTS,14
8.46708e+06,3,QOSDATA_TID6,1066
8.46727e+06,20,ACK,14
8.46731e+06,3,CTL,20
8.46741e+06,9,RTS,20
8.46741e+06,19,RTS,20
8.46741e+06,1,RTS,20
8.46741e+06,6,RTS,20
8.46741e+06,16,RTS,20
8.4675e+06,12,RTS,20
8.4675e+06,10,RTS,20
8.46757e+06,20,CTS,14
8.46763e+06,12,QOSDATA_TID6,1066
8.46782e+06,20,ACK,14
8.46786e+06,12,CTL,20
8.46796e+06,6,RTS,20
8.46796e+06,9,RTS,20
8.46802e+06,20,CTS,14
8.46808e+06,6,QOSDATA_TID6,1066
8.46827e+06,20,ACK,14
8.46831e+06,6,QOSDATA_TID6,1066
8.4685e+06,20,ACK,14
8.46854e+06,6,QOSDATA_TID6,1066
8.46872e+06,20,ACK,14
8.46877e+06,6,CTL,20
8.46886e+06,1,RTS,20
8.46892e+06,20,CTS,14
8.46898e+06,1,QOSDATA_TID6,1066
8.46917e+06,20,ACK,14
8.46921e+06,1,CTL,20
8.46931e+06,17,RTS,20
8.46931e+06,5,RTS,20
8.46931e+06,4,RTS,20
8.46931e+06,9,RTS,20
8.46931e+06,15,RTS,20
8.46942e+06,19,RTS,20
8.46942e+06,11,RTS,20
8.46952e+06,13,RTS,20
8.46959e+06,20,CTS,14
8.46965e+06,13,QOSDATA_TID6,1066
8.46983e+06,20,ACK,14
8.46988e+06,13,CTL,20
8.46996e+06,5,RTS,20
8.47003e+06,20,CTS,14
8.47009e+06,5,QOSDATA_TID6,1066
8.47027e+06,20,ACK,14
8.47032e+06,5,CTL,20
8.4704e+06,9,RTS,20
8.4704e+06,4,RTS,20
8.4705e+06,15,RTS,20
8.47057e+06,20,CTS,14
8.47063e+06,15,QOSDATA_TID6,1066
8.47081e+06,20,ACK,14
8.47086e+06,15,CTL,20
8.47094e+06,19,RTS,20
8.47101e+06,20,CTS,14
8.47107e+06,19,QOSDATA_TID6,1066
8.47126e+06,20,ACK,14
8.4713e+06,19,QOSDATA_TID6,1066
8.47148e+06,20,ACK,14
8.47153e+06,19,CTL,20
8.47161e+06,8,RTS,20
8.47168e+06,20,CTS,14
8.47174e+06,8,QOSDATA_TID6,1066
8.47193e+06,20,ACK,14
8.47197e+06,8,CTL,20
8.47206e+06,17,RTS,20
8.47206e+06,2,RTS,20
8.47206e+06,9,RTS,20
8.47206e+06,18,RTS,20
8.47206e+06,14,RTS,20
8.47217e+06,10,RTS,20
8.47217e+06,4,RTS,20
8.47231e+06,14,RTS,20
8.47237e+06,20,CTS,14
8.47243e+06,14,QOSDATA_TID6,1066
8.47262e+06,20,ACK,14
8.47266e+06,14,CTL,20
8.47276e+06,11,RTS,20
8.47276e+06,4,RTS,20
8.47286e+06,16,RTS,20
8.47286e+06,2,RTS,20
8.47286e+06,18,RTS,20
8.47301e+06,16,RTS,20
8.47308e+06,20,CTS,14
8.47314e+06,16,QOSDATA_TID6,1066
8.47332e+06,20,ACK,14
8.47337e+06,16,QOSDATA_TID6,1066
8.47355e+06,20,ACK,14
8.4736e+06,16,CTL,20
8.47368e+06,17,RTS,20
8.47375e+06,20,CTS,14
8.47381e+06,17,QOSDATA_TID6,1066
8.474e+06,20,ACK,14
8.47404e+06,17,CTL,20
8.47412e+06,7,RTS,20
8.47412e+06,2,RTS,20
8.47412e+06,13,RTS,20
8.47423e+06,0,RTS,20
8.4743e+06,20,CTS,14
8.47436e+06,0,QOSDATA_TID6,1066
8.47454e+06,20,ACK,14
8.47459e+06,0,CTL,20
8.47467e+06,12,RTS,20
8.47474e+06,20,CTS,14
8.4748e+06,12,QOSDATA_TID6,1066
8.47499e+06,20,ACK,14
8.47503e+06,12,CTL,20
8.47512e+06,6,RTS,20
8.47518e+06,20,CTS,14
8.47524e+06,6,QOSDATA_TID6,1066
8.47543e+06,20,ACK,14
8.47547e+06,6,CTL,20
8.47556e+06,18,RTS,20
8.47556e+06,17,RTS,20
8.47556e+06,1,RTS,20
8.47556e+06,19,RTS,20
8.47566e+06,2,RTS,20
8.47572e+06,20,CTS,14
8.47578e+06,2,QOSDATA_TID6,1066
8.47597e+06,20,ACK,14
8.47601e+06,2,QOSDATA_TID6,1066
8.4762e+06,20,ACK,14
8.47624e+06,2,CTL,20
8.47633e+06,3,RTS,20
8.47633e+06,9,RTS,20
8.47633e+06,7,RTS,20
8.47633e+06,4,RTS,20
8.47643e+06,5,RTS,20
8.47643e+06,10,RTS,20
8.4765e+06,20,CTS,14
8.47656e+06,5,QOSDATA_TID6,1066
8.47675e+06,20,ACK,14
8.47679e+06,5,CTL,20
8.47688e+06,3,RTS,20
8.47694e+06,20,CTS,14
8.477e+06,3,QOSDATA_TID6,1066
8.47719e+06,20,ACK,14
8.47723e+06,3,CTL,20
8.47732e+06,10,RTS,20
8.47732e+06,11,RTS,20
8.47732e+06,15,RTS,20
8.47743e+06,7,RTS,20
8.4775e+06,20,CTS,14
8.47756e+06,7,QOSDATA_TID6,1066
8.47775e+06,20,ACK,14
8.47779e+06,7,CTL,20
8.47788e+06,13,RTS,20
8.47788e+06,1,RTS,20
8.47788e+06,4,RTS,20
8.47799e+06,18,RTS,20
8.47806e+06,20,CTS,14
8.47812e+06,18,QOSDATA_TID6,1066
8.4783e+06,20,ACK,14
8.47835e+06,18,QOSDATA_TID6,1066
8.47853e+06,20,ACK,14
8.47858e+06,18,CTL,20
8.47866e+06,8,RTS,20
8.47866e+06,11,RTS,20
8.47873e+06,20,CTS,14
8.47879e+06,8,QOSDATA_TID6,1066
8.47897e+06,20,ACK,14
8.47902e+06,8,CTL,20
8.47912e+06,2,RTS,20
8.47912e+06,4,RTS,20
8.47912e+06,14,RTS,20
8.47924e+06,19,RTS,20
8.47931e+06,20,CTS,14
8.47937e+06,19,QOSDATA_TID6,1066
8.47955e+06,20,ACK,14
8.47959e+06,19,CTL,20
8.47968e+06,17,RTS,20
8.47968e+06,2,RTS,20
8.47968e+06,13,RTS,20
8.47975e+06,20,CTS,14
8.47981e+06,17,QOSDATA_TID6,1066
8.47999e+06,20,ACK,14
8.48004e+06,17,CTL,20
8.48013e+06,1,RTS,20
8.48013e+06,2,RTS,20
8.48013e+06,14,RTS,20
8.48026e+06,14,RTS,20
8.48033e+06,20,CTS,14
8.48039e+06,14,QOSDATA_TID6,1066
8.48057e+06,20,ACK,14
8.48062e+06,14,CTL,20
8.4807e+06,13,RTS,20
8.4807e+06,16,RTS,20
8.48083e+06,2,RTS,20
8.48083e+06,10,RTS,20
8.4809e+06,20,CTS,14
8.48096e+06,2,QOSDATA_TID6,1066
8.48114e+06,20,ACK,14
8.48118e+06,2,CTL,20
8.48127e+06,10,RTS,20
8.48134e+06,20,CTS,14
8.4814e+06,10,QOSDATA_TID6,1066
8.48158e+06,20,ACK,14
8.48163e+06,10,QOSDATA_TID6,1066
8.48181e+06,20,ACK,14
8.48186e+06,10,QOSDATA_TID6,1066
8.48204e+06,20,ACK,14
8.48208e+06,10,CTL,20
8.48217e+06,0,RTS,20
8.48224e+06,20,CTS,14
8.4823e+06,0,QOSDATA_TID6,1066
8.48248e+06,20,ACK,14
8.48252e+06,0,CTL,20
8.48261e+06,7,RTS,20
8.48261e+06,16,RTS,20
8.48268e+06,20,CTS,14
8.48274e+06,7,QOSDATA_TID6,1066
8.48292e+06,20,ACK,14
8.48297e+06,7,CTL,20
8.48306e+06,12,RTS,20
8.48306e+06,1,RTS,20
8.48306e+06,15,RTS,20
8.48316e+06,6,RTS,20
8.48323e+06,20,CTS,14
8.48329e+06,6,QOSDATA_TID6,1066
8.48347e+06,20,ACK,14
8.48352e+06,6,CTL,20
8.4836e+06,4,RTS,20
8.48367e+06,20,CTS,14
8.48373e+06,4,QOSDATA_TID6,1066
8.48391e+06,20,ACK,14
8.48396e+06,4,QOSDATA_TID6,1066
8.48414e+06,20,ACK,14
8.48419e+06,4,QOSDATA_TID6,1066
8.48437e+06,20,ACK,14
8.48442e+06,4,QOSDATA_TID6,1066
8.4846e+06,20,ACK,14
8.48464e+06,4,CTL,20
8.48473e+06,1,RTS,20
8.48473e+06,5,RTS,20
8.48473e+06,3,RTS,20
8.48473e+06,9,RTS,20
8.4848e+06,20,CTS,14
8.48486e+06,5,QOSDATA_TID6,1066
8.48504e+06,20,ACK,14
8.48508e+06,5,CTL,20
8.48517e+06,17,RTS,20
8.48517e+06,3,RTS,20
8.48524e+06,20,CTS,14
8.4853e+06,17,QOSDATA_TID6,1066
8.48548e+06,20,ACK,14
8.48553e+06,17,CTL,20
8.48562e+06,19,RTS,20
8.48562e+06,11,RTS,20
8.48562e+06,2,RTS,20
8.48562e+06,4,RTS,20
8.48562e+06,13,RTS,20
8.48573e+06,16,RTS,20
8.4858e+06,20,CTS,14
8.48586e+06,16,QOSDATA_TID6,1066
8.48604e+06,20,ACK,14
8.48608e+06,16,CTL,20
8.48619e+06,12,RTS,20
8.48619e+06,2,RTS,20
8.48626e+06,20,CTS,14
8.48632e+06,12,QOSDATA_TID6,1066
8.4865e+06,20,ACK,14
8.48654e+06,12,CTL,20
8.48664e+06,8,RTS,20
8.48664e+06,19,RTS,20
8.48671e+06,20,CTS,14
8.48677e+06,8,QOSDATA_TID6,1066
8.48695e+06,20,ACK,14
8.487e+06,8,CTL,20
8.48708e+06,18,RTS,20
8.48715e+06,20,CTS,14
8.48721e+06,18,QOSDATA_TID6,1066
8.48739e+06,20,ACK,14
8.48744e+06,18,CTL,20
8.48752e+06,13,RTS,20
8.48752e+06,4,RTS,20
8.48763e+06,3,RTS,20
8.48763e+06,10,RTS,20
8.48774e+06,14,RTS,20
8.48781e+06,20,CTS,14
8.48787e+06,14,QOSDATA_TID6,1066
8.48805e+06,20,ACK,14
8.48809e+06,14,CTL,20
8.48818e+06,13,RTS,20
8.48825e+06,20,CTS,14
8.48831e+06,13,QOSDATA_TID6,1066
8.48849e+06,20,ACK,14
8.48854e+06,13,QOSDATA_TID6,1066
8.48872e+06,20,ACK,14
8.48876e+06,13,CTL,20
8.48885e+06,15,RTS,20
8.48885e+06,4,RTS,20
8.48885e+06,11,RTS,20
8.48896e+06,16,RTS,20
8.48896e+06,2,RTS,20
8.48906e+06,15,RTS,20
8.48913e+06,20,CTS,14
8.48919e+06,15,QOSDATA_TID6,1066
8.48938e+06,20,ACK,14
8.48942e+06,15,QOSDATA_TID6,1066
8.4896e+06,20,ACK,14
8.48965e+06,15,CTL,20
8.48973e+06,7,RTS,20
8.4898e+06,20,CTS,14
8.48986e+06,7,QOSDATA_TID6,1066
8.49005e+06,20,ACK,14
8.49009e+06,7,CTL,20
8.49018e+06,19,RTS,20
8.49024e+06,20,CTS,14
8.4903e+06,19,QOSDATA_TID6,1066
8.49049e+06,20,ACK,14
8.49053e+06,19,CTL,20
8.49062e+06,12,RTS,20
8.49062e+06,13,RTS,20
8.49069e+06,20,CTS,14
8.49075e+06,12,QOSDATA_TID6,1066
8.49093e+06,20,ACK,14
8.49097e+06,12,CTL,20
8.49106e+06,0,RTS,20
8.49113e+06,20,CTS,14
8.49119e+06,0,QOSDATA_TID6,1066
8.49137e+06,20,ACK,14
8.49142e+06,0,CTL,20
8.4915e+06,6,RTS,20
8.4915e+06,10,RTS,20
8.4915e+06,1,RTS,20
8.4915e+06,9,RTS,20
8.49163e+06,13,RTS,20
8.4917e+06,20,CTS,14
8.49176e+06,13,QOSDATA_TID6,1066
8.49194e+06,20,ACK,14
8.49198e+06,13,CTL,20
8.49207e+06,2,RTS,20
8.49214e+06,20,CTS,14
8.4922e+06,2,QOSDATA_TID6,1066
8.49238e+06,20,ACK,14
8.49243e+06,2,CTL,20
8.49251e+06,3,RTS,20
8.49251e+06,10,RTS,20
8.49251e+06,6,RTS,20
8.49251e+06,16,RTS,20
8.49251e+06,4,RTS,20
8.49262e+06,19,RTS,20
8.49262e+06,15,RTS,20
8.49275e+06,15,RTS,20
8.49282e+06,20,CTS,14
8.49288e+06,15,QOSDATA_TID6,1066
8.49306e+06,20,ACK,14
8.49311e+06,15,CTL,20
8.49319e+06,19,RTS,20
8.49326e+06,20,CTS,14
8.49332e+06,19,QOSDATA_TID6,1066
8.4935e+06,20,ACK,14
8.49355e+06,19,CTL,20
8.49363e+06,2,RTS,20
8.49363e+06,9,RTS,20
8.4937e+06,20,CTS,14
8.49376e+06,2,QOSDATA_TID6,1066
8.49395e+06,20,ACK,14
8.49399e+06,2,CTL,20
8.49408e+06,10,RTS,20
8.49408e+06,17,RTS,20
8.49408e+06,11,RTS,20
8.49408e+06,4,RTS,20
8.49414e+06,20,CTS,14
8.4942e+06,17,QOSDATA_TID6,1066
8.49439e+06,20,ACK,14
8.49443e+06,17,CTL,20
8.49453e+06,5,RTS,20
8.49453e+06,16,RTS,20
8.4946e+06,20,CTS,14
8.49466e+06,5,QOSDATA_TID6,1066
8.49484e+06,20,ACK,14
8.49488e+06,5,CTL,20
8.49499e+06,8,RTS,20
8.49499e+06,1,RTS,20
8.49499e+06,3,RTS,20
8.49499e+06,16,RTS,20
8.49499e+06,18,RTS,20
8.49499e+06,6,RTS,20
8.49499e+06,4,RTS,20
8.49512e+06,1,RTS,20
8.49512e+06,4,RTS,20
8.49519e+06,20,CTS,14
8.49525e+06,1,QOSDATA_TID6,1066
8.49543e+06,20,ACK,14
8.49547e+06,1,QOSDATA_TID6,1066
8.49566e+06,20,ACK,14
8.4957e+06,1,CTL,20
8.49579e+06,4,RTS,20
8.49586e+06,20,CTS,14
8.49592e+06,4,QOSDATA_TID6,1066
8.4961e+06,20,ACK,14
8.49614e+06,4,CTL,20
8.49623e+06,6,RTS,20
8.4963e+06,20,CTS,14
8.49636e+06,6,QOSDATA_TID6,1066
8.49654e+06,20,ACK,14
8.49659e+06,6,CTL,20
8.49667e+06,14,RTS,20
8.49667e+06,8,RTS,20
8.49674e+06,20,CTS,14
8.4968e+06,8,QOSDATA_TID6,1066
8.49698e+06,20,ACK,14
8.49703e+06,8,CTL,20
8.49711e+06,0,RTS,20
8.49718e+06,20,CTS,14
8.49724e+06,0,QOSDATA_TID6,1066
8.49743e+06,20,ACK,14
8.49747e+06,0,CTL,20
8.49756e+06,3,RTS,20
8.49762e+06,20,CTS,14
8.49768e+06,3,QOSDATA_TID6,1066
8.49787e+06,20,ACK,14
8.49791e+06,3,QOSDATA_TID6,1066
8.4981e+06,20,ACK,14
8.49814e+06,3,CTL,20
8.49823e+06,7,RTS,20
8.49829e+06,20,CTS,14
8.49835e+06,7,QOSDATA_TID6,1066
8.49854e+06,20,ACK,14
8.49858e+06,7,CTL,20
8.49867e+06,11,RTS,20
8.49867e+06,3,RTS,20
8.49867e+06,10,RTS,20
8.49877e+06,13,RTS,20
8.49883e+06,20,CTS,14
8.49889e+06,13,QOSDATA_TID6,1066
8.49908e+06,20,ACK,14
8.49912e+06,13,CTL,20
8.49921e+06,14,RTS,20
8.49921e+06,11,RTS,20
8.49921e+06,1,RTS,20
8.49921e+06,19,RTS,20
8.49932e+06,12,RTS,20
8.49932e+06,9,RTS,20
8.49938e+06,20,CTS,14
8.49944e+06,12,QOSDATA_TID6,1066
8.49963e+06,20,ACK,14
8.49967e+06,12,CTL,20
8.49976e+06,17,RTS,20
8.49982e+06,20,CTS,14
8.49988e+06,17,QOSDATA_TID6,1066
8.50007e+06,20,ACK,14
8.50011e+06,17,CTL,20
8.5002e+06,11,RTS,20
8.5002e+06,9,RTS,20
8.5002e+06,6,RTS,20
8.5003e+06,18,RTS,20
8.5003e+06,5,RTS,20
8.5003e+06,19,RTS,20
8.50036e+06,20,CTS,14
8.50042e+06,5,QOSDATA_TID6,1066
8.50061e+06,20,ACK,14
8.50065e+06,5,CTL,20
8.50074e+06,15,RTS,20
8.50081e+06,20,CTS,14
8.50087e+06,15,QOSDATA_TID6,1066
8.50105e+06,20,ACK,14
8.5011e+06,15,CTL,20
8.50118e+06,14,RTS,20
8.50118e+06,16,RTS,20
8.50128e+06,10,RTS,20
8.50135e+06,20,CTS,14
8.50141e+06,10,QOSDATA_TID6,1066
8.50159e+06,20,ACK,14
8.50164e+06,10,QOSDATA_TID6,1066
8.50182e+06,20,ACK,14
8.50186e+06,10,QOSDATA_TID6,1066
8.50205e+06,20,ACK,14
8.50209e+06,10,CTL,20
8.50218e+06,2,RTS,20
8.50225e+06,20,CTS,14
8.50231e+06,2,QOSDATA_TID6,1066
8.50249e+06,20,ACK,14
8.50253e+06,2,CTL,20
8.50262e+06,18,RTS,20
8.50262e+06,19,RTS,20
8.50262e+06,6,RTS,20
8.50262e+06,4,RTS,20
8.50273e+06,3,RTS,20
8.5028e+06,20,CTS,14
8.50286e+06,3,QOSDATA_TID6,1066
8.50304e+06,20,ACK,14
8.50308e+06,3,CTL,20
8.50317e+06,9,RTS,20
8.50324e+06,20,CTS,14
8.5033e+06,9,QOSDATA_TID6,1066
8.50348e+06,20,ACK,14
8.50352e+06,9,QOSDATA_TID6,1066
8.50371e+06,20,ACK,14
8.50375e+06,9,QOSDATA_TID6,1066
8.50394e+06,20,ACK,14
8.50398e+06,9,QOSDATA_TID6,1066
8.50416e+06,20,ACK,14
8.50421e+06,9,CTL,20
8.5043e+06,11,RTS,20
8.5043e+06,4,RTS,20
8.50439e+06,16,RTS,20
8.50446e+06,20,CTS,14
8.50452e+06,16,QOSDATA_TID6,1066
8.5047e+06,20,ACK,14
8.50475e+06,16,QOSDATA_TID6,1066
8.50493e+06,20,ACK,14
8.50498e+06,16,QOSDATA_TID6,1066
8.50516e+06,20,ACK,14
8.5052e+06,16,CTL,20
8.50529e+06,4,RTS,20
8.50529e+06,0,RTS,20
8.50536e+06,20,CTS,14
8.50542e+06,0,QOSDATA_TID6,1066
8.5056e+06,20,ACK,14
8.50565e+06,0,CTL,20
8.50573e+06,8,RTS,20
8.50573e+06,19,RTS,20
8.5058e+06,20,CTS,14
8.50586e+06,8,QOSDATA_TID6,1066
8.50604e+06,20,ACK,14
8.50609e+06,8,CTL,20
8.50618e+06,13,RTS,20
8.50618e+06,6,RTS,20
8.50628e+06,1,RTS,20
8.50635e+06,20,CTS,14
8.50641e+06,1,QOSDATA_TID6,1066
8.50659e+06,20,ACK,14
8.50664e+06,1,CTL,20
8.50673e+06,11,RTS,20
8.50673e+06,12,RTS,20
8.50673e+06,9,RTS,20
8.50673e+06,13,RTS,20
8.50673e+06,14,RTS,20
8.5068e+06,20,CTS,14
8.50686e+06,12,QOSDATA_TID6,1066
8.50704e+06,20,ACK,14
8.50709e+06,12,CTL,20
8.50718e+06,19,RTS,20
8.50725e+06,20,CTS,14
8.50731e+06,19,QOSDATA_TID6,1066
8.5075e+06,20,ACK,14
8.50754e+06,19,QOSDATA_TID6,1066
8.50772e+06,20,ACK,14
8.50777e+06,19,CTL,20
8.50785e+06,1,RTS,20
8.50785e+06,7,RTS,20
8.50785e+06,9,RTS,20
8.50785e+06,18,RTS,20
8.50798e+06,9,RTS,20
8.50799e+06,4,RTS,20
8.50809e+06,14,RTS,20
8.50816e+06,20,CTS,14
8.50822e+06,14,QOSDATA_TID6,1066
8.5084e+06,20,ACK,14
8.50844e+06,14,QOSDATA_TID6,1066
8.50863e+06,20,ACK,14
8.50867e+06,14,CTL,20
8.50876e+06,15,RTS,20
8.50882e+06,20,CTS,14
8.50888e+06,15,QOSDATA_TID6,1066
8.50907e+06,20,ACK,14
8.50911e+06,15,CTL,20
8.5092e+06,17,RTS,20
8.5092e+06,10,RTS,20
8.5092e+06,3,RTS,20
8.50927e+06,20,CTS,14
8.50933e+06,17,QOSDATA_TID6,1066
8.50951e+06,20,ACK,14
8.50956e+06,17,CTL,20
8.50965e+06,1,RTS,20
8.50965e+06,5,RTS,20
8.50965e+06,2,RTS,20
8.50965e+06,18,RTS,20
8.50972e+06,20,CTS,14
8.50978e+06,5,QOSDATA_TID6,1066
8.50996e+06,20,ACK,14
8.51001e+06,5,CTL,20
8.51009e+06,4,RTS,20
8.51016e+06,20,CTS,14
8.51022e+06,4,QOSDATA_TID6,1066
8.5104e+06,20,ACK,14
8.51045e+06,4,QOSDATA_TID6,1066
8.51063e+06,20,ACK,14
8.51068e+06,4,CTL,20
8.51076e+06,7,RTS,20
8.51083e+06,20,CTS,14
8.51089e+06,7,QOSDATA_TID6,1066
8.51107e+06,20,ACK,14
8.51112e+06,7,CTL,20
8.5112e+06,1,RTS,20
8.5112e+06,14,RTS,20
8.5112e+06,10,RTS,20
8.51132e+06,13,RTS,20
8.51139e+06,20,CTS,14
8.51145e+06,13,QOSDATA_TID6,1066
8.51163e+06,20,ACK,14
8.51168e+06,13,CTL,20
8.51177e+06,14,RTS,20
8.51177e+06,8,RTS,20
8.51177e+06,18,RTS,20
8.51177e+06,9,RTS,20
8.51187e+06,6,RTS,20
8.51194e+06,20,CTS,14
8.512e+06,6,QOSDATA_TID6,1066
8.51218e+06,20,ACK,14
8.51222e+06,6,QOSDATA_TID6,1066
8.51241e+06,20,ACK,14
8.51245e+06,6,CTL,20
8.51255e+06,14,RTS,20
8.51255e+06,18,RTS,20
8.51255e+06,16,RTS,20
8.51268e+06,14,RTS,20
8.51275e+06,20,CTS,14
8.51281e+06,14,QOSDATA_TID6,1066
8.51299e+06,20,ACK,14
8.51304e+06,14,CTL,20
8.51312e+06,18,RTS,20
8.51319e+06,20,CTS,14
8.51325e+06,18,QOSDATA_TID6,1066
8.51343e+06,20,ACK,14
8.51348e+06,18,QOSDATA_TID6,1066
8.51366e+06,20,ACK,14
8.5137e+06,18,CTL,20
8.5138e+06,2,RTS,20
8.5138e+06,0,RTS,20
8.5138e+06,3,RTS,20
8.5138e+06,9,RTS,20
8.5138e+06,7,RTS,20
8.5138e+06,11,RTS,20
8.5138e+06,16,RTS,20
8.51392e+06,10,RTS,20
8.51398e+06,20,CTS,14
8.51404e+06,10,QOSDATA_TID6,1066
8.51423e+06,20,ACK,14
8.51427e+06,10,CTL,20
8.51437e+06,11,RTS,20
8.51437e+06,16,RTS,20
8.51446e+06,8,RTS,20
8.51446e+06,12,RTS,20
8.51446e+06,13,RTS,20
8.51456e+06,16,RTS,20
8.51456e+06,2,RTS,20
8.51466e+06,8,RTS,20
8.51473e+06,20,CTS,14
8.51479e+06,8,QOSDATA_TID6,1066
8.51497e+06,20,ACK,14
8.51502e+06,8,CTL,20
8.51509e+06,20,BEACON,152
8.51536e+06,17,RTS,20
8.51536e+06,19,RTS,20
8.51536e+06,2,RTS,20
8.51545e+06,1,RTS,20
8.51552e+06,20,CTS,14
8.51558e+06,1,QOSDATA_TID6,1066
8.51577e+06,20,ACK,14
8.51581e+06,1,QOSDATA_TID6,1066
8.516e+06,20,ACK,14
8.51604e+06,1,CTL,20
8.51612e+06,19,RTS,20
8.51612e+06,6,RTS,20
8.51625e+06,2,RTS,20
8.51625e+06,13,RTS,20
8.51637e+06,16,RTS,20
8.51643e+06,20,CTS,14
8.51649e+06,16,QOSDATA_TID6,1066
8.51668e+06,20,ACK,14
8.51672e+06,16,CTL,20
8.51681e+06,15,RTS,20
8.51681e+06,10,RTS,20
8.51688e+06,20,CTS,14
8.51694e+06,15,QOSDATA_TID6,1066
8.51712e+06,20,ACK,14
8.51716e+06,15,CTL,20
8.51725e+06,11,RTS,20
8.51732e+06,20,CTS,14
8.51738e+06,11,QOSDATA_TID6,1066
8.51756e+06,20,ACK,14
8.51761e+06,11,QOSDATA_TID6,1066
8.51779e+06,20,ACK,14
8.51783e+06,11,QOSDATA_TID6,1066
8.51802e+06,20,ACK,14
8.51806e+06,11,QOSDATA_TID6,1066
8.51825e+06,20,ACK,14
8.51829e+06,11,QOSDATA_TID6,1066
8.51847e+06,20,ACK,14
8.51852e+06,11,CTL,20
8.5186e+06,4,RTS,20
8.5186e+06,12,RTS,20
8.5186e+06,6,RTS,20
8.5186e+06,10,RTS,20
8.51867e+06,20,CTS,14
8.51873e+06,12,QOSDATA_TID6,1066
8.51892e+06,20,ACK,14
8.51896e+06,12,CTL,20
8.51905e+06,13,RTS,20
8.51905e+06,6,RTS,20
8.51915e+06,5,RTS,20
8.51922e+06,20,CTS,14
8.51928e+06,5,QOSDATA_TID6,1066
8.51946e+06,20,ACK,14
8.51951e+06,5,CTL,20
8.5196e+06,8,RTS,20
8.5196e+06,17,RTS,20
8.5196e+06,6,RTS,20
8.5196e+06,14,RTS,20
8.5197e+06,2,RTS,20
8.5197e+06,19,RTS,20
8.5197e+06,3,RTS,20
8.5197e+06,4,RTS,20
8.51981e+06,10,RTS,20
8.51988e+06,20,CTS,14
8.51994e+06,10,QOSDATA_TID6,1066
8.52012e+06,20,ACK,14
8.52016e+06,10,CTL,20
8.52025e+06,0,RTS,20
8.52025e+06,14,RTS,20
8.52025e+06,7,RTS,20
8.52036e+06,9,RTS,20
8.52043e+06,20,CTS,14
8.52049e+06,9,QOSDATA_TID6,1066
8.52067e+06,20,ACK,14
8.52071e+06,9,QOSDATA_TID6,1066
8.5209e+06,20,ACK,14
8.52094e+06,9,CTL,20
8.52104e+06,19,RTS,20
8.52104e+06,8,RTS,20
8.52104e+06,16,RTS,20
8.52114e+06,7,RTS,20
8.52114e+06,3,RTS,20
8.52114e+06,14,RTS,20
8.5212e+06,20,CTS,14
8.52126e+06,7,QOSDATA_TID6,1066
8.52145e+06,20,ACK,14
8.52149e+06,7,QOSDATA_TID6,1066
8.52168e+06,20,ACK,14
8.52172e+06,7,CTL,20
8.52182e+06,9,RTS,20
8.52189e+06,20,CTS,14
8.52195e+06,9,QOSDATA_TID6,1066
8.52214e+06,20,ACK,14
8.52218e+06,9,CTL,20
8.52226e+06,18,RTS,20
8.52226e+06,8,RTS,20
8.52233e+06,20,CTS,14
8.52239e+06,8,QOSDATA_TID6,1066
8.52258e+06,20,ACK,14
8.52262e+06,8,CTL,20
8.52271e+06,14,RTS,20
8.52278e+06,20,CTS,14
8.52284e+06,14,QOSDATA_TID6,1066
8.52302e+06,20,ACK,14
8.52306e+06,14,CTL,20
8.52315e+06,19,RTS,20
8.52315e+06,11,RTS,20
8.52315e+06,16,RTS,20
8.52315e+06,4,RTS,20
8.52325e+06,2,RTS,20
8.52325e+06,6,RTS,20
8.52335e+06,12,RTS,20
8.52341e+06,20,CTS,14
8.52347e+06,12,QOSDATA_TID6,1066
8.52366e+06,20,ACK,14
8.5237e+06,12,CTL,20
8.52379e+06,13,RTS,20
8.52386e+06,20,CTS,14
8.52392e+06,13,QOSDATA_TID6,1066
8.5241e+06,20,ACK,14
8.52414e+06,13,QOSDATA_TID6,1066
8.52433e+06,20,ACK,14
8.52437e+06,13,CTL,20
8.52446e+06,16,RTS,20
8.52446e+06,17,RTS,20
8.52446e+06,0,CTS,14
8.52446e+06,18,RTS,20
8.52446e+06,3,RTS,20
8.5246e+06,16,RTS,20
8.52467e+06,20,CTS,14
8.52473e+06,16,QOSDATA_TID6,1066
8.52491e+06,20,ACK,14
8.52495e+06,16,CTL,20
8.52505e+06,1,RTS,20
8.52505e+06,2,RTS,20
8.52505e+06,3,RTS,20
8.52515e+06,15,RTS,20
8.52522e+06,20,CTS,14
8.52528e+06,15,QOSDATA_TID6,1066
8.52546e+06,20,ACK,14
8.5255e+06,15,CTL,20
8.5256e+06,10,RTS,20
8.5256e+06,3,RTS,20
8.5257e+06,17,RTS,20
8.5257e+06,4,RTS,20
8.52576e+06,20,CTS,14
8.52582e+06,17,QOSDATA_TID6,1066
8.52601e+06,20,ACK,14
8.52605e+06,17,QOSDATA_TID6,1066
8.52624e+06,20,ACK,14
8.52628e+06,17,CTL,20
8.52637e+06,3,RTS,20
8.52643e+06,20,CTS,14
8.52649e+06,3,QOSDATA_TID6,1066
8.52668e+06,20,ACK,14
8.52672e+06,3,QOSDATA_TID6,1066
8.52691e+06,20,ACK,14
8.52695e+06,3,CTL,20
8.52704e+06,5,RTS,20
8.52704e+06,8,RTS,20
8.52704e+06,11,RTS,20
8.5271e+06,20,CTS,14
8.52716e+06,5,QOSDATA_TID6,1066
8.52735e+06,20,ACK,14
8.52739e+06,5,CTL,20
8.52748e+06,2,RTS,20
8.52748e+06,10,RTS,20
8.52755e+06,20,CTS,14
8.52761e+06,2,QOSDATA_TID6,1066
8.52779e+06,20,ACK,14
8.52783e+06,2,QOSDATA_TID6,1066
8.52802e+06,20,ACK,14
8.52806e+06,2,CTL,20
8.52815e+06,14,RTS,20
8.52822e+06,20,CTS,14
8.52828e+06,14,QOSDATA_TID6,1066
8.52846e+06,20,ACK,14
8.5285e+06,14,CTL,20
8.52859e+06,6,RTS,20
8.52859e+06,16,RTS,20
8.52872e+06,16,RTS,20
8.52879e+06,20,CTS,14
8.52885e+06,16,QOSDATA_TID6,1066
8.52903e+06,20,ACK,14
8.52908e+06,16,CTL,20
8.52916e+06,0,RTS,20
8.52923e+06,20,CTS,14
8.52929e+06,0,QOSDATA_TID6,1066
8.52948e+06,20,ACK,14
8.52952e+06,0,QOSDATA_TID6,1066
8.5297e+06,20,ACK,14
8.52975e+06,0,QOSDATA_TID6,1066
8.52993e+06,20,ACK,14
8.52998e+06,0,CTL,20
8.53006e+06,18,RTS,20
8.53013e+06,20,CTS,14
8.53019e+06,18,QOSDATA_TID6,1066
8.53037e+06,20,ACK,14
8.53042e+06,18,QOSDATA_TID6,1066
8.5306e+06,20,ACK,14
8.53064e+06,18,CTL,20
8.53074e+06,8,RTS,20
8.53074e+06,19,RTS,20
8.53074e+06,13,RTS,20
8.53084e+06,4,RTS,20
8.53084e+06,1,RTS,20
8.53084e+06,6,RTS,20
8.53084e+06,9,RTS,20
8.53095e+06,11,RTS,20
8.53101e+06,20,CTS,14
8.53107e+06,11,QOSDATA_TID6,1066
8.53126e+06,20,ACK,14
8.5313e+06,11,QOSDATA_TID6,1066
8.53149e+06,20,ACK,14
8.53153e+06,11,CTL,20
8.53162e+06,7,RTS,20
8.53168e+06,20,CTS,14
8.53174e+06,7,QOSDATA_TID6,1066
8.53193e+06,20,ACK,14
8.53197e+06,7,CTL,20
8.53206e+06,13,RTS,20
8.53206e+06,19,RTS,20
8.53206e+06,3,RTS,20
8.53206e+06,10,RTS,20
8.53217e+06,12,RTS,20
8.53217e+06,4,RTS,20
8.53224e+06,20,CTS,14
8.5323e+06,12,QOSDATA_TID6,1066
8.53249e+06,20,ACK,14
8.53253e+06,12,CTL,20
8.53262e+06,15,RTS,20
8.53262e+06,2,RTS,20
8.53272e+06,4,RTS,20
8.53279e+06,20,CTS,14
8.53285e+06,4,QOSDATA_TID6,1066
8.53304e+06,20,ACK,14
8.53308e+06,4,QOSDATA_TID6,1066
8.53326e+06,20,ACK,14
8.53331e+06,4,QOSDATA_TID6,1066
8.53349e+06,20,ACK,14
8.53354e+06,4,CTL,20
8.53362e+06,15,RTS,20
8.53362e+06,6,RTS,20
8.53372e+06,17,RTS,20
8.53379e+06,20,CTS,14
8.53385e+06,17,QOSDATA_TID6,1066
8.53403e+06,20,ACK,14
8.53408e+06,17,CTL,20
8.53416e+06,6,RTS,20
8.53423e+06,20,CTS,14
8.53429e+06,6,QOSDATA_TID6,1066
8.53447e+06,20,ACK,14
8.53452e+06,6,QOSDATA_TID6,1066
8.5347e+06,20,ACK,14
8.53474e+06,6,CTL,20
8.53483e+06,2,RTS,20
8.53483e+06,5,RTS,20
8.53483e+06,3,RTS,20
8.53483e+06,1,RTS,20
8.5349e+06,20,CTS,14
8.53496e+06,5,QOSDATA_TID6,1066
8.53514e+06,20,ACK,14
8.53519e+06,5,CTL,20
8.53527e+06,13,RTS,20
8.53534e+06,20,CTS,14
8.5354e+06,13,QOSDATA_TID6,1066
8.53558e+06,20,ACK,14
8.53563e+06,13,CTL,20
8.53572e+06,8,RTS,20
8.53578e+06,20,CTS,14
8.53584e+06,8,QOSDATA_TID6,1066
8.53603e+06,20,ACK,14
8.53607e+06,8,QOSDATA_TID6,1066
8.53626e+06,20,ACK,14
8.5363e+06,8,CTL,20
8.53638e+06,1,RTS,20
8.53638e+06,9,RTS,20
8.53638e+06,15,RTS,20
8.53638e+06,14,RTS,20
8.53649e+06,18,RTS,20
8.53656e+06,20,CTS,14
8.53662e+06,18,QOSDATA_TID6,1066
8.5368e+06,20,ACK,14
8.53685e+06,18,CTL,20
8.53693e+06,14,RTS,20
8.537e+06,20,CTS,14
8.53706e+06,14,QOSDATA_TID6,1066
8.53725e+06,20,ACK,14
8.53729e+06,14,CTL,20
8.53738e+06,19,RTS,20
8.53738e+06,16,RTS,20
8.53744e+06,20,CTS,14
8.5375e+06,19,QOSDATA_TID6,1066
8.53769e+06,20,ACK,14
8.53773e+06,19,QOSDATA_TID6,1066
8.53792e+06,20,ACK,14
8.53796e+06,19,CTL,20
8.53805e+06,15,RTS,20
8.53811e+06,20,CTS,14
8.53817e+06,15,QOSDATA_TID6,1066
8.53836e+06,20,ACK,14
8.5384e+06,15,CTL,20
8.53849e+06,13,RTS,20
8.53849e+06,0,RTS,20
8.53849e+06,7,RTS,20
8.53849e+06,10,RTS,20
8.5386e+06,2,RTS,20
8.53866e+06,20,CTS,14
8.53872e+06,2,QOSDATA_TID6,1066
8.53891e+06,20,ACK,14
8.53895e+06,2,CTL,20
8.53905e+06,11,RTS,20
8.53912e+06,20,CTS,14
8.53918e+06,11,QOSDATA_TID6,1066
8.53936e+06,20,ACK,14
8.5394e+06,11,CTL,20
8.53949e+06,1,RTS,20
8.53949e+06,3,RTS,20
8.53949e+06,9,RTS,20
8.53949e+06,6,RTS,20
8.53961e+06,13,RTS,20
8.53968e+06,20,CTS,14
8.53974e+06,13,QOSDATA_TID6,1066
8.53993e+06,20,ACK,14
8.53997e+06,13,CTL,20
8.54006e+06,10,RTS,20
8.54012e+06,20,CTS,14
8.54018e+06,10,QOSDATA_TID6,1066
8.54037e+06,20,ACK,14
8.54041e+06,10,QOSDATA_TID6,1066
8.5406e+06,20,ACK,14
8.54064e+06,10,QOSDATA_TID6,1066
8.54082e+06,20,ACK,14
8.54087e+06,10,CTL,20
8.54095e+06,19,RTS,20
8.54095e+06,12,RTS,20
8.54095e+06,15,RTS,20
8.54102e+06,20,CTS,14
8.54108e+06,12,QOSDATA_TID6,1066
8.54127e+06,20,ACK,14
8.54131e+06,12,CTL,20
8.5414e+06,15,RTS,20
8.5414e+06,2,RTS,20
8.5415e+06,0,RTS,20
8.5415e+06,4,RTS,20
8.54157e+06,20,CTS,14
8.54163e+06,0,QOSDATA_TID6,1066
8.54182e+06,20,ACK,14
8.54186e+06,0,CTL,20
8.54195e+06,5,RTS,20
8.54195e+06,17,RTS,20
8.54195e+06,7,RTS,20
8.54195e+06,19,RTS,20
8.54206e+06,2,RTS,20
8.54206e+06,6,RTS,20
8.54216e+06,16,RTS,20
8.54223e+06,20,CTS,14
8.54229e+06,16,QOSDATA_TID6,1066
8.54247e+06,20,ACK,14
8.54252e+06,16,CTL,20
8.5426e+06,5,RTS,20
8.5426e+06,18,RTS,20
8.54267e+06,20,CTS,14
8.54273e+06,5,QOSDATA_TID6,1066
8.54291e+06,20,ACK,14
8.54296e+06,5,CTL,20
8.54306e+06,8,RTS,20
8.54306e+06,18,RTS,20
8.54306e+06,6,RTS,20
8.54306e+06,4,RTS,20
8.54319e+06,7,RTS,20
8.54325e+06,20,CTS,14
8.54331e+06,7,QOSDATA_TID6,1066
8.5435e+06,20,ACK,14
8.54354e+06,7,CTL,20
8.54363e+06,18,RTS,20
8.54363e+06,9,RTS,20
8.5437e+06,20,CTS,14
8.54376e+06,18,QOSDATA_TID6,1066
8.54394e+06,20,ACK,14
8.54398e+06,18,CTL,20
8.54407e+06,9,RTS,20
8.54414e+06,20,CTS,14
8.5442e+06,9,QOSDATA_TID6,1066
8.54438e+06,20,ACK,14
8.54443e+06,9,QOSDATA_TID6,1066
8.54461e+06,20,ACK,14
8.54465e+06,9,CTL,20
8.54474e+06,3,RTS,20
8.54481e+06,20,CTS,14
8.54487e+06,3,QOSDATA_TID6,1066
8.54505e+06,20,ACK,14
8.5451e+06,3,QOSDATA_TID6,1066
8.54528e+06,20,ACK,14
8.54532e+06,3,CTL,20
8.54541e+06,16,RTS,20
8.54541e+06,14,RTS,20
8.54541e+06,15,RTS,20
8.54552e+06,0,RTS,20
8.54552e+06,6,RTS,20
8.54562e+06,2,RTS,20
8.54562e+06,7,RTS,20
8.54573e+06,19,RTS,20
8.54573e+06,14,RTS,20
8.5458e+06,20,CTS,14
8.54586e+06,19,QOSDATA_TID6,1066
8.54604e+06,20,ACK,14
8.54609e+06,19,CTL,20
8.54617e+06,13,RTS,20
8.54624e+06,20,CTS,14
8.5463e+06,13,QOSDATA_TID6,1066
8.54649e+06,20,ACK,14
8.54653e+06,13,CTL,20
8.54662e+06,2,RTS,20
8.54668e+06,20,CTS,14
8.54674e+06,2,QOSDATA_TID6,1066
8.54693e+06,20,ACK,14
8.54697e+06,2,CTL,20
8.54706e+06,3,RTS,20
8.54713e+06,20,CTS,14
8.54719e+06,3,QOSDATA_TID6,1066
8.54737e+06,20,ACK,14
8.54741e+06,3,CTL,20
8.5475e+06,9,RTS,20
8.5475e+06,19,RTS,20
8.5475e+06,8,RTS,20
8.5475e+06,17,RTS,20
8.5475e+06,0,RTS,20
8.5475e+06,6,RTS,20
8.5475e+06,11,RTS,20
8.5475e+06,7,RTS,20
8.5476e+06,1,RTS,20
8.54767e+06,20,CTS,14
8.54773e+06,1,QOSDATA_TID6,1066
8.54791e+06,20,ACK,14
8.54795e+06,1,QOSDATA_TID6,1066
8.54814e+06,20,ACK,14
8.54818e+06,1,QOSDATA_TID6,1066
8.54837e+06,20,ACK,14
8.54841e+06,1,QOSDATA_TID6,1066
8.54859e+06,20,ACK,14
8.54864e+06,1,CTL,20
8.54872e+06,8,RTS,20
8.54872e+06,12,RTS,20
8.54872e+06,9,RTS,20
8.54872e+06,15,RTS,20
8.54882e+06,17,RTS,20
8.54889e+06,20,CTS,14
8.54895e+06,17,QOSDATA_TID6,1066
8.54913e+06,20,ACK,14
8.54918e+06,17,QOSDATA_TID6,1066
8.54936e+06,20,ACK,14
8.54941e+06,17,CTL,20
8.54949e+06,8,RTS,20
8.54949e+06,16,RTS,20
8.54949e+06,4,RTS,20
8.54956e+06,20,CTS,14
8.54962e+06,8,QOSDATA_TID6,1066
8.5498e+06,20,ACK,14
8.54985e+06,8,CTL,20
8.54993e+06,15,RTS,20
8.55e+06,20,CTS,14
8.55006e+06,15,QOSDATA_TID6,1066
8.55025e+06,20,ACK,14
8.55029e+06,15,QOSDATA_TID6,1066
8.55047e+06,20,ACK,14
8.55052e+06,15,CTL,20
8.5506e+06,14,RTS,20
8.5506e+06,11,RTS,20
8.5507e+06,10,RTS,20
8.55077e+06,20,CTS,14
8.55083e+06,10,QOSDATA_TID6,1066
8.55101e+06,20,ACK,14
8.55106e+06,10,CTL,20
8.55114e+06,2,RTS,20
8.55114e+06,9,RTS,20
8.55121e+06,20,CTS,14
8.55127e+06,2,QOSDATA_TID6,1066
8.55146e+06,20,ACK,14
8.5515e+06,2,CTL,20
8.5516e+06,18,RTS,20
8.5516e+06,14,RTS,20
8.55169e+06,8,RTS,20
8.55176e+06,20,CTS,14
8.55182e+06,8,QOSDATA_TID6,1066
8.552e+06,20,ACK,14
8.55205e+06,8,CTL,20
8.55214e+06,12,RTS,20
8.55214e+06,16,RTS,20
8.55221e+06,20,CTS,14
8.55227e+06,12,QOSDATA_TID6,1066
8.55246e+06,20,ACK,14
8.5525e+06,12,CTL,20
8.5526e+06,19,RTS,20
8.55266e+06,20,CTS,14
8.55272e+06,19,QOSDATA_TID6,1066
8.55291e+06,20,ACK,14
8.55295e+06,19,CTL,20
8.55304e+06,5,RTS,20
8.55304e+06,11,RTS,20
8.55304e+06,18,RTS,20
8.55304e+06,14,RTS,20
8.5531e+06,20,CTS,14
8.55316e+06,5,QOSDATA_TID6,1066
8.55335e+06,20,ACK,14
8.55339e+06,5,CTL,20
8.55349e+06,7,RTS,20
8.55349e+06,9,RTS,20
8.55349e+06,6,RTS,20
8.55349e+06,4,RTS,20
8.55362e+06,7,RTS,20
8.55362e+06,18,RTS,20
8.55369e+06,20,CTS,14
8.55375e+06,7,QOSDATA_TID6,1066
8.55393e+06,20,ACK,14
8.55398e+06,7,QOSDATA_TID6,1066
8.55416e+06,20,ACK,14
8.5542e+06,7,CTL,20
8.5543e+06,18,RTS,20
8.55437e+06,20,CTS,14
8.55443e+06,18,QOSDATA_TID6,1066
8.55461e+06,20,ACK,14
8.55466e+06,18,CTL,20
8.55474e+06,0,CTS,14
8.55474e+06,6,RTS,20
8.55474e+06,14,RTS,20
8.55474e+06,12,RTS,20
8.55474e+06,13,RTS,20
8.55487e+06,6,RTS,20
8.55494e+06,20,CTS,14
8.555e+06,6,QOSDATA_TID6,1066
8.55518e+06,20,ACK,14
8.55523e+06,6,QOSDATA_TID6,1066
8.55541e+06,20,ACK,14
8.55546e+06,6,CTL,20
8.55554e+06,12,RTS,20
8.55554e+06,9,RTS,20
8.55561e+06,20,CTS,14
8.55567e+06,12,QOSDATA_TID6,1066
8.55585e+06,20,ACK,14
8.5559e+06,12,CTL,20
8.55598e+06,9,RTS,20
8.55605e+06,20,CTS,14
8.55611e+06,9,QOSDATA_TID6,1066
8.5563e+06,20,ACK,14
8.55634e+06,9,QOSDATA_TID6,1066
8.55652e+06,20,ACK,14
8.55657e+06,9,CTL,20
8.55665e+06,5,RTS,20
8.55665e+06,4,RTS,20
8.55672e+06,20,CTS,14
8.55678e+06,5,QOSDATA_TID6,1066
8.55697e+06,20,ACK,14
8.55701e+06,5,CTL,20
8.5571e+06,1,RTS,20
8.5571e+06,19,RTS,20
8.5571e+06,3,RTS,20
8.5571e+06,11,RTS,20
8.5571e+06,16,RTS,20
8.5571e+06,4,RTS,20
8.5571e+06,13,RTS,20
8.5571e+06,14,RTS,20
8.5572e+06,17,RTS,20
8.5572e+06,10,RTS,20
8.55727e+06,20,CTS,14
8.55733e+06,17,QOSDATA_TID6,1066
8.55752e+06,20,ACK,14
8.55756e+06,17,CTL,20
8.55764e+06,11,RTS,20
8.55771e+06,20,CTS,14
8.55777e+06,11,QOSDATA_TID6,1066
8.55796e+06,20,ACK,14
8.558e+06,11,QOSDATA_TID6,1066
8.55818e+06,20,ACK,14
8.55823e+06,11,CTL,20
8.55832e+06,18,RTS,20
8.55832e+06,10,RTS,20
8.55841e+06,4,RTS,20
8.55848e+06,20,CTS,14
8.55854e+06,4,QOSDATA_TID6,1066
8.55872e+06,20,ACK,14
8.55877e+06,4,QOSDATA_TID6,1066
8.55895e+06,20,ACK,14
8.559e+06,4,QOSDATA_TID6,1066
8.55918e+06,20,ACK,14
8.55922e+06,4,CTL,20
8.55931e+06,16,RTS,20
8.55931e+06,15,RTS,20
8.55931e+06,2,RTS,20
8.55941e+06,19,RTS,20
8.55948e+06,20,CTS,14
8.55954e+06,19,QOSDATA_TID6,1066
8.55972e+06,20,ACK,14
8.55976e+06,19,CTL,20
8.55986e+06,8,RTS,20
8.55986e+06,3,RTS,20
8.55993e+06,20,CTS,14
8.55999e+06,8,QOSDATA_TID6,1066
8.56017e+06,20,ACK,14
8.56022e+06,8,CTL,20
8.56032e+06,1,RTS,20
8.56032e+06,16,RTS,20
8.56032e+06,18,RTS,20
8.56032e+06,14,RTS,20
8.56045e+06,14,RTS,20
8.56045e+06,13,RTS,20
8.56056e+06,3,RTS,20
8.56063e+06,20,CTS,14
8.56069e+06,3,QOSDATA_TID6,1066
8.56087e+06,20,ACK,14
8.56092e+06,3,CTL,20
8.56101e+06,1,RTS,20
8.56108e+06,20,CTS,14
8.56114e+06,1,QOSDATA_TID6,1066
8.56132e+06,20,ACK,14
8.56137e+06,1,CTL,20
8.56145e+06,0,RTS,20
8.56152e+06,20,CTS,14
8.56158e+06,0,QOSDATA_TID6,1066
8.56177e+06,20,ACK,14
8.56181e+06,0,QOSDATA_TID6,1066
8.56199e+06,20,ACK,14
8.56204e+06,0,QOSDATA_TID6,1066
8.56222e+06,20,ACK,14
8.56227e+06,0,CTL,20
8.56236e+06,9,RTS,20
8.56236e+06,13,RTS,20
8.56236e+06,16,RTS,20
8.56247e+06,7,RTS,20
8.56254e+06,20,CTS,14
8.5626e+06,7,QOSDATA_TID6,1066
8.56278e+06,20,ACK,14
8.56282e+06,7,CTL,20
8.56292e+06,12,RTS,20
8.56292e+06,16,RTS,20
8.56299e+06,20,CTS,14
8.56305e+06,12,QOSDATA_TID6,1066
8.56323e+06,20,ACK,14
8.56328e+06,12,CTL,20
8.56336e+06,17,RTS,20
8.56336e+06,1,RTS,20
8.56336e+06,2,RTS,20
8.56347e+06,19,RTS,20
8.56347e+06,11,RTS,20
8.56357e+06,15,RTS,20
8.56357e+06,6,RTS,20
8.56366e+06,11,RTS,20
8.56373e+06,20,CTS,14
8.56379e+06,11,QOSDATA_TID6,1066
8.56398e+06,20,ACK,14
8.56402e+06,11,CTL,20
8.56411e+06,1,RTS,20
8.56411e+06,19,RTS,20
8.56411e+06,3,RTS,20
8.5642e+06,14,RTS,20
8.56427e+06,20,CTS,14
8.56433e+06,14,QOSDATA_TID6,1066
8.56452e+06,20,ACK,14
8.56456e+06,14,QOSDATA_TID6,1066
8.56474e+06,20,ACK,14
8.56479e+06,14,CTL,20
8.56488e+06,13,RTS,20
8.56488e+06,5,RTS,20
8.56488e+06,19,RTS,20
8.56488e+06,16,RTS,20
8.56488e+06,4,RTS,20
8.56494e+06,20,CTS,14
8.565e+06,5,QOSDATA_TID6,1066
8.56519e+06,20,ACK,14
8.56523e+06,5,CTL,20
8.56533e+06,17,RTS,20
8.56533e+06,18,RTS,20
8.56533e+06,9,RTS,20
8.56533e+06,6,RTS,20
8.56533e+06,4,RTS,20
8.56533e+06,10,RTS,20
8.56533e+06,15,RTS,20
8.56546e+06,6,RTS,20
8.56552e+06,20,CTS,14
8.56558e+06,6,QOSDATA_TID6,1066
8.56577e+06,20,ACK,14
8.56581e+06,6,CTL,20
8.5659e+06,18,RTS,20
8.5659e+06,2,RTS,20
8.5659e+06,13,RTS,20
8.56601e+06,17,RTS,20
8.56601e+06,4,RTS,20
8.56607e+06,20,CTS,14
8.56613e+06,17,QOSDATA_TID6,1066
8.56632e+06,20,ACK,14
8.56636e+06,17,CTL,20
8.56647e+06,9,RTS,20
8.56653e+06,20,CTS,14
8.56659e+06,9,QOSDATA_TID6,1066
8.56678e+06,20,ACK,14
8.56682e+06,9,CTL,20
8.56691e+06,18,RTS,20
8.56698e+06,20,CTS,14
8.56704e+06,18,QOSDATA_TID6,1066
8.56722e+06,20,ACK,14
8.56726e+06,18,QOSDATA_TID6,1066
8.56745e+06,20,ACK,14
8.56749e+06,18,CTL,20
8.56758e+06,10,RTS,20
8.56758e+06,3,RTS,20
8.56758e+06,8,RTS,20
8.56758e+06,1,RTS,20
8.56758e+06,15,RTS,20
8.56768e+06,2,RTS,20
8.56768e+06,19,RTS,20
8.56768e+06,16,RTS,20
8.56768e+06,4,RTS,20
8.56768e+06,13,RTS,20
8.5678e+06,14,RTS,20
8.56787e+06,20,CTS,14
8.56793e+06,14,QOSDATA_TID6,1066
8.56811e+06,20,ACK,14
8.56816e+06,14,CTL,20
8.56824e+06,8,RTS,20
8.56824e+06,4,RTS,20
8.56831e+06,20,CTS,14
8.56837e+06,8,QOSDATA_TID6,1066
8.56856e+06,20,ACK,14
8.5686e+06,8,CTL,20
8.56869e+06,4,RTS,20
8.56869e+06,13,RTS,20
8.56883e+06,2,RTS,20
8.5689e+06,20,CTS,14
8.56896e+06,2,QOSDATA_TID6,1066
8.56914e+06,20,ACK,14
8.56918e+06,2,QOSDATA_TID6,1066
8.56937e+06,20,ACK,14
8.56941e+06,2,CTL,20
8.5695e+06,3,RTS,20
8.5695e+06,10,RTS,20
8.5696e+06,13,RTS,20
8.56966e+06,20,CTS,14
8.56972e+06,13,QOSDATA_TID6,1066
8.56991e+06,20,ACK,14
8.56995e+06,13,QOSDATA_TID6,1066
8.57014e+06,20,ACK,14
8.57018e+06,13,CTL,20
8.57027e+06,7,RTS,20
8.57034e+06,20,CTS,14
8.5704e+06,7,QOSDATA_TID6,1066
8.57058e+06,20,ACK,14
8.57062e+06,7,CTL,20
8.57072e+06,12,RTS,20
8.57072e+06,1,RTS,20
8.57072e+06,15,RTS,20
8.57072e+06,9,RTS,20
8.57082e+06,11,RTS,20
8.57088e+06,20,CTS,14
8.57094e+06,11,QOSDATA_TID6,1066
8.57113e+06,20,ACK,14
8.57117e+06,11,CTL,20
8.57126e+06,4,RTS,20
8.57133e+06,20,CTS,14
8.57139e+06,4,QOSDATA_TID6,1066
8.57157e+06,20,ACK,14
8.57161e+06,4,CTL,20
8.5717e+06,0,RTS,20
8.57177e+06,20,CTS,14
8.57183e+06,0,QOSDATA_TID6,1066
8.57201e+06,20,ACK,14
8.57206e+06,0,CTL,20
8.57214e+06,6,RTS,20
8.57214e+06,10,RTS,20
8.57214e+06,15,RTS,20
8.57214e+06,17,RTS,20
8.57214e+06,3,RTS,20
8.57214e+06,1,RTS,20
8.57214e+06,19,RTS,20
8.57225e+06,16,RTS,20
8.57232e+06,20,CTS,14
8.57238e+06,16,QOSDATA_TID6,1066
8.57256e+06,20,ACK,14
8.5726e+06,16,QOSDATA_TID6,1066
8.57279e+06,20,ACK,14
8.57283e+06,16,QOSDATA_TID6,1066
8.57302e+06,20,ACK,14
8.57306e+06,16,CTL,20
8.57315e+06,4,RTS,20
8.57315e+06,17,RTS,20
8.57315e+06,5,RTS,20
8.57325e+06,9,RTS,20
8.57332e+06,20,CTS,14
8.57338e+06,9,QOSDATA_TID6,1066
8.57357e+06,20,ACK,14
8.57361e+06,9,CTL,20
8.5737e+06,2,RTS,20
8.5737e+06,12,RTS,20
8.5737e+06,4,RTS,20
8.57376e+06,20,CTS,14
8.57382e+06,12,QOSDATA_TID6,1066
8.57401e+06,20,ACK,14
8.57405e+06,12,CTL,20
8.57414e+06,4,RTS,20
8.57414e+06,2,RTS,20
8.57421e+06,20,CTS,14
8.57427e+06,2,QOSDATA_TID6,1066
8.57445e+06,20,ACK,14
8.57449e+06,2,CTL,20
8.57458e+06,18,RTS,20
8.57458e+06,19,RTS,20
8.57458e+06,4,RTS,20
8.57468e+06,15,RTS,20
8.57475e+06,20,CTS,14
8.57481e+06,15,QOSDATA_TID6,1066
8.57499e+06,20,ACK,14
8.57503e+06,15,QOSDATA_TID6,1066
8.57522e+06,20,ACK,14
8.57526e+06,15,QOSDATA_TID6,1066
8.57545e+06,20,ACK,14
8.57549e+06,15,CTL,20
8.57558e+06,8,RTS,20
8.57558e+06,3,RTS,20
8.57564e+06,20,CTS,14
8.5757e+06,8,QOSDATA_TID6,1066
8.57589e+06,20,ACK,14
8.57593e+06,8,CTL,20
8.57603e+06,1,RTS,20
8.57603e+06,5,RTS,20
8.57603e+06,6,RTS,20
8.57603e+06,14,RTS,20
8.5761e+06,20,CTS,14
8.57616e+06,5,QOSDATA_TID6,1066
8.57634e+06,20,ACK,14
8.57638e+06,5,CTL,20
8.57648e+06,17,RTS,20
8.57648e+06,16,RTS,20
8.57648e+06,4,RTS,20
8.57655e+06,20,CTS,14
8.57661e+06,17,QOSDATA_TID6,1066
8.57679e+06,20,ACK,14
8.57683e+06,17,CTL,20
8.57692e+06,4,RTS,20
8.57692e+06,3,RTS,20
8.57692e+06,14,RTS,20
8.57702e+06,18,RTS,20
8.57709e+06,20,CTS,14
8.57715e+06,18,QOSDATA_TID6,1066
8.57733e+06,20,ACK,14
8.57737e+06,18,CTL,20
8.57746e+06,3,RTS,20
8.57746e+06,7,RTS,20
8.57746e+06,4,RTS,20
8.57753e+06,20,CTS,14
8.57759e+06,7,QOSDATA_TID6,1066
8.57777e+06,20,ACK,14
8.57782e+06,7,CTL,20
8.5779e+06,13,RTS,20
8.5779e+06,0,RTS,20
8.57797e+06,20,CTS,14
8.57803e+06,0,QOSDATA_TID6,1066
8.57822e+06,20,ACK,14
8.57826e+06,0,CTL,20
8.57835e+06,10,RTS,20
8.57835e+06,19,RTS,20
8.57842e+06,20,CTS,14
8.57848e+06,19,QOSDATA_TID6,1066
8.57867e+06,20,ACK,14
8.57871e+06,19,QOSDATA_TID6,1066
8.57889e+06,20,ACK,14
8.57894e+06,19,CTL,20
8.57903e+06,9,RTS,20
8.5791e+06,20,CTS,14
8.57916e+06,9,QOSDATA_TID6,1066
8.57934e+06,20,ACK,14
8.57939e+06,9,CTL,20
8.57948e+06,10,RTS,20
8.57948e+06,19,RTS,20
8.57948e+06,17,RTS,20
8.57948e+06,12,RTS,20
8.57948e+06,11,RTS,20
8.57948e+06,14,RTS,20
8.57957e+06,3,RTS,20
8.57964e+06,20,CTS,14
8.5797e+06,3,QOSDATA_TID6,1066
8.57988e+06,20,ACK,14
8.57993e+06,3,QOSDATA_TID6,1066
8.58011e+06,20,ACK,14
8.58016e+06,3,CTL,20
8.58024e+06,1,RTS,20
8.58031e+06,20,CTS,14
8.58037e+06,1,QOSDATA_TID6,1066
8.58056e+06,20,ACK,14
8.5806e+06,1,QOSDATA_TID6,1066
8.58078e+06,20,ACK,14
8.58083e+06,1,QOSDATA_TID6,1066
8.58101e+06,20,ACK,14
8.58106e+06,1,CTL,20
8.58114e+06,12,RTS,20
8.58114e+06,15,RTS,20
8.58114e+06,6,RTS,20
8.58121e+06,20,CTS,14
8.58127e+06,12,QOSDATA_TID6,1066
8.58145e+06,20,ACK,14
8.5815e+06,12,CTL,20
8.58159e+06,5,RTS,20
8.58159e+06,13,RTS,20
8.58166e+06,20,CTS,14
8.58172e+06,5,QOSDATA_TID6,1066
8.5819e+06,20,ACK,14
8.58195e+06,5,CTL,20
8.58204e+06,4,RTS,20
8.58211e+06,20,CTS,14
8.58217e+06,4,QOSDATA_TID6,1066
8.58236e+06,20,ACK,14
8.5824e+06,4,CTL,20
8.58248e+06,14,RTS,20
8.58248e+06,10,RTS,20
8.58258e+06,19,RTS,20
8.58258e+06,11,RTS,20
8.5827e+06,13,RTS,20
8.58277e+06,20,CTS,14
8.58283e+06,13,QOSDATA_TID6,1066
8.58302e+06,20,ACK,14
8.58306e+06,13,CTL,20
8.58314e+06,6,RTS,20
8.58321e+06,20,CTS,14
8.58327e+06,6,QOSDATA_TID6,1066
8.58346e+06,20,ACK,14
8.5835e+06,6,QOSDATA_TID6,1066
8.58368e+06,20,ACK,14
8.58373e+06,6,CTL,20
8.58382e+06,2,RTS,20
8.58382e+06,17,RTS,20
8.58382e+06,19,RTS,20
8.58382e+06,16,RTS,20
8.58391e+06,8,RTS,20
8.58398e+06,20,CTS,14
8.58404e+06,8,QOSDATA_TID6,1066
8.58422e+06,20,ACK,14
8.58427e+06,8,CTL,20
8.58436e+06,15,RTS,20
8.58442e+06,20,CTS,14
8.58448e+06,15,QOSDATA_TID6,1066
8.58467e+06,20,ACK,14
8.58471e+06,15,CTL,20
8.5848e+06,14,RTS,20
8.5848e+06,2,RTS,20
8.58486e+06,20,CTS,14
8.58492e+06,2,QOSDATA_TID6,1066
8.58511e+06,20,ACK,14
8.58515e+06,2,CTL,20
8.58525e+06,18,RTS,20
8.58525e+06,11,RTS,20
8.5854e+06,18,RTS,20
8.58546e+06,20,CTS,14
8.58552e+06,18,QOSDATA_TID6,1066
8.58571e+06,20,ACK,14
8.58575e+06,18,CTL,20
8.58586e+06,10,RTS,20
8.58586e+06,0,RTS,20
8.58586e+06,9,RTS,20
8.58586e+06,7,RTS,20
8.58586e+06,13,RTS,20
8.58598e+06,14,RTS,20
8.58605e+06,20,CTS,14
8.58611e+06,14,QOSDATA_TID6,1066
8.5863e+06,20,ACK,14
8.58634e+06,14,QOSDATA_TID6,1066
8.58652e+06,20,ACK,14
8.58657e+06,14,CTL,20
8.58665e+06,0,RTS,20
8.58665e+06,13,RTS,20
8.58665e+06,12,RTS,20
8.58665e+06,3,RTS,20
8.58672e+06,20,CTS,14
8.58678e+06,12,QOSDATA_TID6,1066
8.58696e+06,20,ACK,14
8.58701e+06,12,CTL,20
8.5871e+06,6,RTS,20
8.58716e+06,20,CTS,14
8.58722e+06,6,QOSDATA_TID6,1066
8.58741e+06,20,ACK,14
8.58745e+06,6,CTL,20
8.58754e+06,1,RTS,20
8.58754e+06,13,RTS,20
8.58754e+06,19,RTS,20
8.58764e+06,17,RTS,20
8.58764e+06,9,RTS,20
8.5877e+06,20,CTS,14
8.58776e+06,17,QOSDATA_TID6,1066
8.58795e+06,20,ACK,14
8.58799e+06,17,QOSDATA_TID6,1066
8.58818e+06,20,ACK,14
8.58822e+06,17,CTL,20
8.5883e+06,5,RTS,20
8.5883e+06,13,RTS,20
8.58837e+06,20,CTS,14
8.58843e+06,5,QOSDATA_TID6,1066
8.58862e+06,20,ACK,14
8.58866e+06,5,CTL,20
8.58875e+06,15,RTS,20
8.58882e+06,20,CTS,14
8.58888e+06,15,QOSDATA_TID6,1066
8.58906e+06,20,ACK,14
8.5891e+06,15,CTL,20
8.58919e+06,13,RTS,20
8.58919e+06,0,CTS,14
8.58919e+06,7,RTS,20
8.58919e+06,4,RTS,20
8.58919e+06,10,RTS,20
8.58933e+06,4,RTS,20
8.5894e+06,20,CTS,14
8.58946e+06,4,QOSDATA_TID6,1066
8.58964e+06,20,ACK,14
8.58968e+06,4,CTL,20
8.58977e+06,2,RTS,20
8.58977e+06,3,RTS,20
8.58977e+06,9,RTS,20
8.58987e+06,11,RTS,20
8.58994e+06,20,CTS,14
8.59e+06,11,QOSDATA_TID6,1066
8.59018e+06,20,ACK,14
8.59022e+06,11,QOSDATA_TID6,1066
8.59041e+06,20,ACK,14
8.59045e+06,11,CTL,20
8.59054e+06,7,RTS,20
8.59054e+06,13,RTS,20
8.59054e+06,9,RTS,20
8.59054e+06,10,RTS,20
8.59064e+06,8,RTS,20
8.59064e+06,1,RTS,20
8.59074e+06,7,RTS,20
8.5908e+06,20,CTS,14
8.59086e+06,7,QOSDATA_TID6,1066
8.59105e+06,20,ACK,14
8.59109e+06,7,CTL,20
8.59118e+06,13,RTS,20
8.59118e+06,16,RTS,20
8.59118e+06,19,RTS,20
8.59118e+06,9,RTS,20
8.59118e+06,10,RTS,20
8.59129e+06,2,RTS,20
8.59129e+06,14,RTS,20
8.59136e+06,20,CTS,14
8.59142e+06,2,QOSDATA_TID6,1066
8.5916e+06,20,ACK,14
8.59165e+06,2,CTL,20
8.59174e+06,19,RTS,20
8.59181e+06,20,CTS,14
8.59187e+06,19,QOSDATA_TID6,1066
8.59206e+06,20,ACK,14
8.5921e+06,19,QOSDATA_TID6,1066
8.59228e+06,20,ACK,14
8.59233e+06,19,CTL,20
8.59241e+06,18,RTS,20
8.59241e+06,10,RTS,20
8.59241e+06,14,RTS,20
8.59251e+06,1,RTS,20
8.59258e+06,20,CTS,14
8.59264e+06,1,QOSDATA_TID6,1066
8.59282e+06,20,ACK,14
8.59287e+06,1,CTL,20
8.59295e+06,8,RTS,20
8.59295e+06,9,RTS,20
8.59295e+06,18,RTS,20
8.59295e+06,14,RTS,20
8.59308e+06,0,RTS,20
8.59315e+06,20,CTS,14
8.59321e+06,0,QOSDATA_TID6,1066
8.59339e+06,20,ACK,14
8.59344e+06,0,QOSDATA_TID6,1066
8.59362e+06,20,ACK,14
8.59366e+06,0,CTL,20
8.59375e+06,7,RTS,20
8.59382e+06,20,CTS,14
8.59388e+06,7,QOSDATA_TID6,1066
8.59406e+06,20,ACK,14
8.59411e+06,7,CTL,20
8.59419e+06,16,RTS,20
8.59419e+06,9,RTS,20
8.59431e+06,14,RTS,20
8.59438e+06,20,CTS,14
8.59444e+06,14,QOSDATA_TID6,1066
8.59462e+06,20,ACK,14
8.59466e+06,14,CTL,20
8.59475e+06,12,RTS,20
8.59482e+06,20,CTS,14
8.59488e+06,12,QOSDATA_TID6,1066
8.59506e+06,20,ACK,14
8.59511e+06,12,CTL,20
8.59519e+06,1,RTS,20
8.59519e+06,3,RTS,20
8.59526e+06,20,CTS,14
8.59532e+06,1,QOSDATA_TID6,1066
8.5955e+06,20,ACK,14
8.59555e+06,1,CTL,20
8.59564e+06,3,RTS,20
8.59564e+06,9,RTS,20
8.59564e+06,13,RTS,20
8.59574e+06,17,RTS,20
8.59574e+06,19,RTS,20
8.59574e+06,18,RTS,20
8.59585e+06,11,RTS,20
8.59592e+06,20,CTS,14
8.59598e+06,11,QOSDATA_TID6,1066
8.59616e+06,20,ACK,14
8.59621e+06,11,CTL,20
8.59629e+06,8,RTS,20
8.59629e+06,5,RTS,20
8.59629e+06,13,RTS,20
8.59636e+06,20,CTS,14
8.59642e+06,5,QOSDATA_TID6,1066
8.5966e+06,20,ACK,14
8.59665e+06,5,CTL,20
8.59673e+06,2,RTS,20
8.5968e+06,20,CTS,14
8.59686e+06,2,QOSDATA_TID6,1066
8.59705e+06,20,ACK,14
8.59709e+06,2,CTL,20
8.59718e+06,9,RTS,20
8.59718e+06,6,RTS,20
8.59718e+06,15,RTS,20
8.59718e+06,16,RTS,20
8.59728e+06,8,RTS,20
8.59728e+06,18,RTS,20
8.59728e+06,10,RTS,20
8.59735e+06,20,CTS,14
8.59741e+06,8,QOSDATA_TID6,1066
8.5976e+06,20,ACK,14
8.59764e+06,8,CTL,20
8.59772e+06,9,RTS,20
8.59772e+06,18,RTS,20
8.59772e+06,6,RTS,20
8.59783e+06,19,RTS,20
8.5979e+06,20,CTS,14
8.59796e+06,19,QOSDATA_TID6,1066
8.59814e+06,20,ACK,14
8.59819e+06,19,CTL,20
8.59827e+06,17,RTS,20
8.59827e+06,16,RTS,20
8.59827e+06,4,RTS,20
8.59827e+06,6,RTS,20
8.59827e+06,13,RTS,20
8.59838e+06,15,RTS,20
8.59845e+06,20,CTS,14
8.59851e+06,15,QOSDATA_TID6,1066
8.59869e+06,20,ACK,14
8.59874e+06,15,CTL,20
8.59882e+06,3,RTS,20
8.59882e+06,9,RTS,20
8.59892e+06,17,RTS,20
8.59892e+06,6,RTS,20
8.59899e+06,20,CTS,14
8.59905e+06,17,QOSDATA_TID6,1066
8.59923e+06,20,ACK,14
8.59928e+06,17,CTL,20
8.59936e+06,13,RTS,20
8.59943e+06,20,CTS,14
8.59949e+06,13,QOSDATA_TID6,1066
8.59968e+06,20,ACK,14
8.59972e+06,13,CTL,20
8.5998e+06,18,RTS,20
8.5998e+06,10,RTS,20
8.5999e+06,8,RTS,20
8.5999e+06,14,RTS,20
8.59997e+06,20,CTS,14
8.60003e+06,8,QOSDATA_TID6,1066
8.60022e+06,20,ACK,14
8.60026e+06,8,CTL,20
8.60035e+06,16,RTS,20
8.60035e+06,3,RTS,20
8.60046e+06,6,RTS,20
8.60053e+06,20,CTS,14
8.60059e+06,6,QOSDATA_TID6,1066
8.60077e+06,20,ACK,14
8.60082e+06,6,CTL,20
8.60092e+06,16,RTS,20
8.60092e+06,4,RTS,20
8.60102e+06,9,RTS,20
8.60102e+06,14,RTS,20
8.60102e+06,10,RTS,20
8.60112e+06,0,RTS,20
8.60112e+06,16,RTS,20
8.60118e+06,20,CTS,14
8.60124e+06,0,QOSDATA_TID6,1066
8.60143e+06,20,ACK,14
8.60147e+06,0,CTL,20
8.60156e+06,14,RTS,20
8.60163e+06,20,CTS,14
8.60169e+06,14,QOSDATA_TID6,1066
8.60187e+06,20,ACK,14
8.60192e+06,14,CTL,20
8.602e+06,13,RTS,20
8.602e+06,18,RTS,20
8.602e+06,7,RTS,20
8.60216e+06,18,RTS,20
8.60223e+06,20,CTS,14
8.60229e+06,18,QOSDATA_TID6,1066
8.60247e+06,20,ACK,14
8.60252e+06,18,CTL,20
8.60262e+06,12,RTS,20
8.60262e+06,7,RTS,20
8.60262e+06,13,RTS,20
8.60262e+06,4,RTS,20
8.60272e+06,3,RTS,20
8.60272e+06,9,RTS,20
8.60282e+06,11,RTS,20
8.60288e+06,20,CTS,14
8.60294e+06,11,QOSDATA_TID6,1066
8.60313e+06,20,ACK,14
8.60317e+06,11,CTL,20
8.60326e+06,4,RTS,20
8.60326e+06,1,RTS,20
8.60326e+06,19,RTS,20
8.60336e+06,17,RTS,20
8.60342e+06,20,CTS,14
8.60348e+06,17,QOSDATA_TID6,1066
8.60367e+06,20,ACK,14
8.60371e+06,17,CTL,20
8.6038e+06,19,RTS,20
8.6038e+06,12,RTS,20
8.6038e+06,7,RTS,20
8.6038e+06,6,RTS,20
8.6038e+06,10,RTS,20
8.60391e+06,4,RTS,20
8.60398e+06,20,CTS,14
8.60404e+06,4,QOSDATA_TID6,1066
8.60423e+06,20,ACK,14
8.60427e+06,4,CTL,20
8.60436e+06,6,RTS,20
8.60442e+06,20,CTS,14
8.60448e+06,6,QOSDATA_TID6,1066
8.60467e+06,20,ACK,14
8.60471e+06,6,CTL,20
8.6048e+06,15,RTS,20
8.6048e+06,2,RTS,20
8.6048e+06,9,RTS,20
8.6048e+06,13,RTS,20
8.6049e+06,5,RTS,20
8.6049e+06,16,RTS,20
8.6049e+06,10,RTS,20
8.60497e+06,20,CTS,14
8.60503e+06,5,QOSDATA_TID6,1066
8.60522e+06,20,ACK,14
8.60526e+06,5,CTL,20
8.60535e+06,10,RTS,20
8.60542e+06,20,CTS,14
8.60548e+06,10,QOSDATA_TID6,1066
8.60566e+06,20,ACK,14
8.6057e+06,10,QOSDATA_TID6,1066
8.60589e+06,20,ACK,14
8.60593e+06,10,QOSDATA_TID6,1066
8.60612e+06,20,ACK,14
8.60616e+06,10,QOSDATA_TID6,1066
8.60634e+06,20,ACK,14
8.60639e+06,10,QOSDATA_TID6,1066
8.60657e+06,20,ACK,14
8.60662e+06,10,CTL,20
8.6067e+06,18,RTS,20
8.60677e+06,20,CTS,14
8.60683e+06,18,QOSDATA_TID6,1066
8.60701e+06,20,ACK,14
8.60706e+06,18,CTL,20
8.60714e+06,3,RTS,20
8.60714e+06,14,RTS,20
8.60714e+06,15,RTS,20
8.60714e+06,4,RTS,20
8.60724e+06,19,RTS,20
8.60731e+06,20,CTS,14
8.60737e+06,19,QOSDATA_TID6,1066
8.60755e+06,20,ACK,14
8.6076e+06,19,CTL,20
8.60768e+06,3,RTS,20
8.60768e+06,7,RTS,20
8.60768e+06,4,RTS,20
8.60775e+06,20,CTS,14
8.60781e+06,7,QOSDATA_TID6,1066
8.608e+06,20,ACK,14
8.60804e+06,7,CTL,20
8.60812e+06,8,RTS,20
8.60819e+06,20,CTS,14
8.60825e+06,8,QOSDATA_TID6,1066
8.60844e+06,20,ACK,14
8.60848e+06,8,CTL,20
8.60857e+06,1,RTS,20
8.60857e+06,4,RTS,20
8.60864e+06,20,CTS,14
8.6087e+06,1,QOSDATA_TID6,1066
8.60888e+06,20,ACK,14
8.60892e+06,1,CTL,20
8.60901e+06,4,RTS,20
8.60901e+06,15,RTS,20
8.60908e+06,20,CTS,14
8.60914e+06,15,QOSDATA_TID6,1066
8.60932e+06,20,ACK,14
8.60936e+06,15,CTL,20
8.60945e+06,0,RTS,20
8.60952e+06,20,CTS,14
8.60958e+06,0,QOSDATA_TID6,1066
8.60976e+06,20,ACK,14
8.60981e+06,0,CTL,20
8.60989e+06,14,RTS,20
8.60989e+06,12,RTS,20
8.60989e+06,3,RTS,20
8.60989e+06,13,RTS,20
8.60996e+06,20,CTS,14
8.61002e+06,12,QOSDATA_TID6,1066
8.6102e+06,20,ACK,14
8.61025e+06,12,CTL,20
8.61034e+06,13,RTS,20
8.6104e+06,20,CTS,14
8.61046e+06,13,QOSDATA_TID6,1066
8.61065e+06,20,ACK,14
8.61069e+06,13,QOSDATA_TID6,1066
8.61088e+06,20,ACK,14
8.61092e+06,13,CTL,20
8.611e+06,12,RTS,20
8.611e+06,11,RTS,20
8.611e+06,16,RTS,20
8.611e+06,19,RTS,20
8.611e+06,9,RTS,20
8.61107e+06,20,CTS,14
8.61113e+06,12,QOSDATA_TID6,1066
8.61132e+06,20,ACK,14
8.61136e+06,12,CTL,20
8.61145e+06,17,RTS,20
8.61145e+06,16,RTS,20
8.61145e+06,6,RTS,20
8.61145e+06,14,RTS,20
8.61156e+06,7,RTS,20
8.61156e+06,2,RTS,20
8.61167e+06,1,RTS,20
8.61174e+06,20,CTS,14
8.6118e+06,1,QOSDATA_TID6,1066
8.61198e+06,20,ACK,14
8.61203e+06,1,CTL,20
8.61211e+06,16,RTS,20
8.61211e+06,7,RTS,20
8.61218e+06,20,CTS,14
8.61224e+06,7,QOSDATA_TID6,1066
8.61242e+06,20,ACK,14
8.61247e+06,7,CTL,20
8.61257e+06,19,RTS,20
8.61264e+06,20,CTS,14
8.6127e+06,19,QOSDATA_TID6,1066
8.61288e+06,20,ACK,14
8.61293e+06,19,CTL,20
8.61302e+06,17,RTS,20
8.61302e+06,5,RTS,20
8.61302e+06,3,RTS,20
8.61302e+06,4,RTS,20
8.61302e+06,14,RTS,20
8.61313e+06,2,RTS,20
8.61313e+06,11,RTS,20
8.61325e+06,5,RTS,20
8.61332e+06,20,CTS,14
8.61338e+06,5,QOSDATA_TID6,1066
8.61356e+06,20,ACK,14
8.6136e+06,5,CTL,20
8.61369e+06,17,RTS,20
8.61369e+06,2,RTS,20
8.61369e+06,3,RTS,20
8.61369e+06,4,RTS,20
8.61369e+06,15,RTS,20
8.61369e+06,14,RTS,20
8.6138e+06,10,RTS,20
8.61387e+06,20,CTS,14
8.61393e+06,10,QOSDATA_TID6,1066
8.61412e+06,20,ACK,14
8.61416e+06,10,CTL,20
8.61425e+06,2,RTS,20
8.61425e+06,3,RTS,20
8.61425e+06,6,RTS,20
8.61434e+06,18,RTS,20
8.61441e+06,20,CTS,14
8.61447e+06,18,QOSDATA_TID6,1066
8.61466e+06,20,ACK,14
8.6147e+06,18,CTL,20
8.61479e+06,2,RTS,20
8.61479e+06,8,RTS,20
8.61479e+06,17,RTS,20
8.6149e+06,16,RTS,20
8.6149e+06,15,RTS,20
8.61501e+06,2,RTS,20
8.61501e+06,3,RTS,20
8.61501e+06,9,RTS,20
8.61511e+06,16,RTS,20
8.61518e+06,20,CTS,14
8.61524e+06,16,QOSDATA_TID6,1066
8.61542e+06,20,ACK,14
8.61546e+06,16,QOSDATA_TID6,1066
8.61565e+06,20,ACK,14
8.61569e+06,16,QOSDATA_TID6,1066
8.61588e+06,20,ACK,14
8.61592e+06,16,CTL,20
8.61602e+06,11,RTS,20
8.61602e+06,4,RTS,20
8.61602e+06,9,RTS,20
8.61602e+06,6,RTS,20
8.61614e+06,17,RTS,20
8.61621e+06,20,CTS,14
8.61627e+06,17,QOSDATA_TID6,1066
8.61645e+06,20,ACK,14
8.6165e+06,17,CTL,20
8.61658e+06,8,RTS,20
8.61665e+06,20,CTS,14
8.61671e+06,8,QOSDATA_TID6,1066
8.61689e+06,20,ACK,14
8.61694e+06,8,CTL,20
8.61702e+06,11,RTS,20
8.61709e+06,20,CTS,14
8.61715e+06,11,QOSDATA_TID6,1066
8.61734e+06,20,ACK,14
8.61738e+06,11,CTL,20
8.61746e+06,20,BEACON,152
8.61772e+06,7,RTS,20
8.61779e+06,20,CTS,14
8.61785e+06,7,QOSDATA_TID6,1066
8.61803e+06,20,ACK,14
8.61808e+06,7,CTL,20
8.61816e+06,16,RTS,20
8.61816e+06,9,RTS,20
8.61826e+06,15,RTS,20
8.61826e+06,14,RTS,20
8.61836e+06,0,RTS,20
8.61842e+06,20,CTS,14
8.61848e+06,0,QOSDATA_TID6,1066
8.61867e+06,20,ACK,14
8.61871e+06,0,CTL,20
8.6188e+06,6,RTS,20
8.6188e+06,12,RTS,20
8.6188e+06,11,RTS,20
8.61887e+06,20,CTS,14
8.61893e+06,12,QOSDATA_TID6,1066
8.61911e+06,20,ACK,14
8.61916e+06,12,CTL,20
8.61924e+06,2,RTS,20
8.61924e+06,6,RTS,20
8.61935e+06,13,RTS,20
8.61935e+06,4,RTS,20
8.61945e+06,17,RTS,20
8.61951e+06,20,CTS,14
8.61957e+06,17,QOSDATA_TID6,1066
8.61976e+06,20,ACK,14
8.6198e+06,17,CTL,20
8.61989e+06,2,RTS,20
8.61989e+06,6,RTS,20
8.62e+06,13,RTS,20
8.62e+06,11,RTS,20
8.62e+06,16,RTS,20
8.62e+06,4,RTS,20
8.6201e+06,1,RTS,20
8.62017e+06,20,CTS,14
8.62023e+06,1,QOSDATA_TID6,1066
8.62042e+06,20,ACK,14
8.62046e+06,1,CTL,20
8.62054e+06,3,RTS,20
8.62054e+06,13,RTS,20
8.62068e+06,6,RTS,20
8.62075e+06,20,CTS,14
8.62081e+06,6,QOSDATA_TID6,1066
8.62099e+06,20,ACK,14
8.62104e+06,6,QOSDATA_TID6,1066
8.62122e+06,20,ACK,14
8.62126e+06,6,CTL,20
8.62135e+06,11,RTS,20
8.62142e+06,20,CTS,14
8.62148e+06,11,QOSDATA_TID6,1066
8.62166e+06,20,ACK,14
8.6217e+06,11,CTL,20
8.62179e+06,19,RTS,20
8.62186e+06,20,CTS,14
8.62192e+06,19,QOSDATA_TID6,1066
8.6221e+06,20,ACK,14
8.62215e+06,19,CTL,20
8.62223e+06,5,RTS,20
8.62223e+06,16,RTS,20
8.6223e+06,20,CTS,14
8.62236e+06,5,QOSDATA_TID6,1066
8.62254e+06,20,ACK,14
8.62259e+06,5,CTL,20
8.62268e+06,18,RTS,20
8.62274e+06,20,CTS,14
8.6228e+06,18,QOSDATA_TID6,1066
8.62299e+06,20,ACK,14
8.62303e+06,18,CTL,20
8.62312e+06,10,RTS,20
8.62312e+06,9,RTS,20
8.62312e+06,8,RTS,20
8.62312e+06,14,RTS,20
8.62312e+06,15,RTS,20
8.62322e+06,13,RTS,20
8.62322e+06,4,RTS,20
8.62332e+06,2,RTS,20
8.62333e+06,3,RTS,20
8.62339e+06,20,CTS,14
8.62345e+06,2,QOSDATA_TID6,1066
8.62363e+06,20,ACK,14
8.62368e+06,2,QOSDATA_TID6,1066
8.62386e+06,20,ACK,14
8.62391e+06,2,CTL,20
8.624e+06,13,RTS,20
8.62407e+06,20,CTS,14
8.62413e+06,13,QOSDATA_TID6,1066
8.62431e+06,20,ACK,14
8.62436e+06,13,CTL,20
8.62445e+06,8,RTS,20
8.62445e+06,3,RTS,20
8.62452e+06,20,CTS,14
8.62458e+06,8,QOSDATA_TID6,1066
8.62476e+06,20,ACK,14
8.62481e+06,8,CTL,20
8.62491e+06,16,RTS,20
8.62498e+06,20,CTS,14
8.62504e+06,16,QOSDATA_TID6,1066
8.62522e+06,20,ACK,14
8.62527e+06,16,QOSDATA_TID6,1066
8.62545e+06,20,ACK,14
8.6255e+06,16,CTL,20
8.62558e+06,4,RTS,20
8.62558e+06,14,RTS,20
8.62558e+06,10,RTS,20
8.62569e+06,13,RTS,20
8.62576e+06,20,CTS,14
8.62582e+06,13,QOSDATA_TID6,1066
8.626e+06,20,ACK,14
8.62604e+06,13,CTL,20
8.62613e+06,4,RTS,20
8.62613e+06,0,RTS,20
8.6262e+06,20,CTS,14
8.62626e+06,0,QOSDATA_TID6,1066
8.62644e+06,20,ACK,14
8.62649e+06,0,CTL,20
8.62658e+06,9,RTS,20
8.62665e+06,20,CTS,14
8.62671e+06,9,QOSDATA_TID6,1066
8.62689e+06,20,ACK,14
8.62694e+06,9,QOSDATA_TID6,1066
8.62712e+06,20,ACK,14
8.62717e+06,9,QOSDATA_TID6,1066
8.62735e+06,20,ACK,14
8.6274e+06,9,QOSDATA_TID6,1066
8.62758e+06,20,ACK,14
8.62762e+06,9,CTL,20
8.62771e+06,3,RTS,20
8.62771e+06,10,RTS,20
8.62771e+06,1,RTS,20
8.62771e+06,14,RTS,20
8.62771e+06,15,RTS,20
8.62782e+06,7,RTS,20
8.62788e+06,20,CTS,14
8.62794e+06,7,QOSDATA_TID6,1066
8.62813e+06,20,ACK,14
8.62817e+06,7,CTL,20
8.62826e+06,6,RTS,20
8.62833e+06,20,CTS,14
8.62839e+06,6,QOSDATA_TID6,1066
8.62857e+06,20,ACK,14
8.62861e+06,6,CTL,20
8.6287e+06,14,RTS,20
8.6287e+06,15,RTS,20
8.6287e+06,12,RTS,20
8.6287e+06,17,RTS,20
8.62881e+06,2,RTS,20
8.62881e+06,11,RTS,20
8.62891e+06,19,RTS,20
8.62891e+06,14,RTS,20
8.62898e+06,20,CTS,14
8.62904e+06,19,QOSDATA_TID6,1066
8.62923e+06,20,ACK,14
8.62927e+06,19,CTL,20
8.62936e+06,12,RTS,20
8.62942e+06,20,CTS,14
8.62948e+06,12,QOSDATA_TID6,1066
8.62967e+06,20,ACK,14
8.62971e+06,12,CTL,20
8.6298e+06,17,RTS,20
8.6298e+06,2,RTS,20
8.62987e+06,20,CTS,14
8.62993e+06,17,QOSDATA_TID6,1066
8.63011e+06,20,ACK,14
8.63015e+06,17,CTL,20
8.63025e+06,5,RTS,20
8.63025e+06,14,RTS,20
8.63032e+06,20,CTS,14
8.63038e+06,5,QOSDATA_TID6,1066
8.63056e+06,20,ACK,14
8.6306e+06,5,CTL,20
8.6307e+06,8,RTS,20
8.6307e+06,14,RTS,20
8.63077e+06,20,CTS,14
8.63083e+06,8,QOSDATA_TID6,1066
8.63101e+06,20,ACK,14
8.63106e+06,8,CTL,20
8.63114e+06,18,RTS,20
8.63121e+06,20,CTS,14
8.63127e+06,18,QOSDATA_TID6,1066
8.63145e+06,20,ACK,14
8.6315e+06,18,CTL,20
8.63159e+06,4,RTS,20
8.63166e+06,20,CTS,14
8.63172e+06,4,QOSDATA_TID6,1066
8.6319e+06,20,ACK,14
8.63195e+06,4,QOSDATA_TID6,1066
8.63213e+06,20,ACK,14
8.63218e+06,4,QOSDATA_TID6,1066
8.63236e+06,20,ACK,14
8.6324e+06,4,CTL,20
8.63249e+06,16,RTS,20
8.63249e+06,1,RTS,20
8.63249e+06,10,RTS,20
8.6326e+06,3,RTS,20
8.6326e+06,14,RTS,20
8.6326e+06,15,RTS,20
8.6327e+06,1,RTS,20
8.63276e+06,20,CTS,14
8.63282e+06,1,QOSDATA_TID6,1066
8.63301e+06,20,ACK,14
8.63305e+06,1,CTL,20
8.63314e+06,11,RTS,20
8.63321e+06,20,CTS,14
8.63327e+06,11,QOSDATA_TID6,1066
8.63345e+06,20,ACK,14
8.63349e+06,11,CTL,20
8.63358e+06,7,RTS,20
8.63358e+06,3,RTS,20
8.63358e+06,0,RTS,20
8.63369e+06,10,RTS,20
8.63376e+06,20,CTS,14
8.63382e+06,10,QOSDATA_TID6,1066
8.634e+06,20,ACK,14
8.63404e+06,10,QOSDATA_TID6,1066
8.63423e+06,20,ACK,14
8.63427e+06,10,CTL,20
8.63436e+06,9,RTS,20
8.63436e+06,0,RTS,20
8.63436e+06,13,RTS,20
8.63447e+06,15,RTS,20
8.63447e+06,12,RTS,20
8.63454e+06,20,CTS,14
8.6346e+06,12,QOSDATA_TID6,1066
8.63478e+06,20,ACK,14
8.63483e+06,12,CTL,20
8.63492e+06,15,RTS,20
8.63498e+06,20,CTS,14
8.63504e+06,15,QOSDATA_TID6,1066
8.63523e+06,20,ACK,14
8.63527e+06,15,QOSDATA_TID6,1066
8.63546e+06,20,ACK,14
8.6355e+06,15,CTL,20
8.63559e+06,6,RTS,20
8.63559e+06,7,RTS,20
8.63559e+06,1,RTS,20
8.63559e+06,2,RTS,20
8.63571e+06,16,RTS,20
8.63578e+06,20,CTS,14
8.63584e+06,16,QOSDATA_TID6,1066
8.63602e+06,20,ACK,14
8.63607e+06,16,CTL,20
8.63616e+06,11,RTS,20
8.63616e+06,17,RTS,20
8.63623e+06,20,CTS,14
8.63629e+06,17,QOSDATA_TID6,1066
8.63647e+06,20,ACK,14
8.63652e+06,17,CTL,20
8.63661e+06,15,RTS,20
8.63661e+06,10,RTS,20
8.63668e+06,20,CTS,14
8.63674e+06,15,QOSDATA_TID6,1066
8.63692e+06,20,ACK,14
8.63697e+06,15,CTL,20
8.63706e+06,19,RTS,20
8.63706e+06,11,RTS,20
8.63716e+06,13,RTS,20
8.63723e+06,20,CTS,14
8.63729e+06,13,QOSDATA_TID6,1066
8.63747e+06,20,ACK,14
8.63752e+06,13,CTL,20
8.6376e+06,0,CTS,14
8.63769e+06,0,RTS,20
8.63776e+06,20,CTS,14
8.63782e+06,0,QOSDATA_TID6,1066
8.638e+06,20,ACK,14
8.63805e+06,0,CTL,20
8.63813e+06,6,RTS,20
8.63813e+06,14,RTS,20
8.63823e+06,4,RTS,20
8.6383e+06,20,CTS,14
8.63836e+06,4,QOSDATA_TID6,1066
8.63854e+06,20,ACK,14
8.63859e+06,4,CTL,20
8.63867e+06,7,RTS,20
8.63867e+06,1,RTS,20
8.63867e+06,8,RTS,20
8.63867e+06,5,RTS,20
8.63867e+06,6,RTS,20
8.63878e+06,2,RTS,20
8.63885e+06,20,CTS,14
8.63891e+06,2,QOSDATA_TID6,1066
8.63909e+06,20,ACK,14
8.63914e+06,2,QOSDATA_TID6,1066
8.63932e+06,20,ACK,14
8.63936e+06,2,CTL,20
8.63945e+06,11,RTS,20
8.63952e+06,20,CTS,14
8.63958e+06,11,QOSDATA_TID6,1066
8.63976e+06,20,ACK,14
8.63981e+06,11,CTL,20
8.63989e+06,19,RTS,20
8.63989e+06,18,RTS,20
8.63999e+06,3,RTS,20
8.64006e+06,20,CTS,14
8.64012e+06,3,QOSDATA_TID6,1066
8.6403e+06,20,ACK,14
8.64035e+06,3,QOSDATA_TID6,1066
8.64053e+06,20,ACK,14
8.64057e+06,3,QOSDATA_TID6,1066
8.64076e+06,20,ACK,14
8.6408e+06,3,QOSDATA_TID6,1066
8.64099e+06,20,ACK,14
8.64103e+06,3,QOSDATA_TID6,1066
8.64121e+06,20,ACK,14
8.64126e+06,3,CTL,20
8.64134e+06,18,RTS,20
8.64141e+06,20,CTS,14
8.64147e+06,18,QOSDATA_TID6,1066
8.64166e+06,20,ACK,14
8.6417e+06,18,CTL,20
8.64179e+06,0,RTS,20
8.64179e+06,9,RTS,20
8.64179e+06,5,RTS,20
8.64179e+06,14,RTS,20
8.64179e+06,13,RTS,20
8.64185e+06,20,CTS,14
8.64191e+06,5,QOSDATA_TID6,1066
8.6421e+06,20,ACK,14
8.64214e+06,5,CTL,20
8.64224e+06,19,RTS,20
8.64224e+06,16,RTS,20
8.64224e+06,10,RTS,20
8.64224e+06,14,RTS,20
8.64236e+06,0,RTS,20
8.64236e+06,13,RTS,20
8.64243e+06,20,CTS,14
8.64249e+06,0,QOSDATA_TID6,1066
8.64268e+06,20,ACK,14
8.64272e+06,0,CTL,20
8.6428e+06,11,RTS,20
8.6428e+06,16,RTS,20
8.6429e+06,13,RTS,20
8.64297e+06,20,CTS,14
8.64303e+06,13,QOSDATA_TID6,1066
8.64322e+06,20,ACK,14
8.64326e+06,13,CTL,20
8.64334e+06,17,RTS,20
8.64334e+06,3,RTS,20
8.64341e+06,20,CTS,14
8.64347e+06,17,QOSDATA_TID6,1066
8.64366e+06,20,ACK,14
8.6437e+06,17,CTL,20
8.64379e+06,14,RTS,20
8.64386e+06,20,CTS,14
8.64392e+06,14,QOSDATA_TID6,1066
8.6441e+06,20,ACK,14
8.64414e+06,14,QOSDATA_TID6,1066
8.64433e+06,20,ACK,14
8.64437e+06,14,QOSDATA_TID6,1066
8.64456e+06,20,ACK,14
8.6446e+06,14,CTL,20
8.64468e+06,6,RTS,20
8.64468e+06,12,RTS,20
8.64475e+06,20,CTS,14
8.64481e+06,12,QOSDATA_TID6,1066
8.645e+06,20,ACK,14
8.64504e+06,12,CTL,20
8.64513e+06,15,RTS,20
8.6452e+06,20,CTS,14
8.64526e+06,15,QOSDATA_TID6,1066
8.64544e+06,20,ACK,14
8.64548e+06,15,CTL,20
8.64557e+06,7,RTS,20
8.64557e+06,2,RTS,20
8.64557e+06,19,RTS,20
8.64557e+06,4,RTS,20
8.64568e+06,5,RTS,20
8.64574e+06,20,CTS,14
8.6458e+06,5,QOSDATA_TID6,1066
8.64599e+06,20,ACK,14
8.64603e+06,5,CTL,20
8.64612e+06,2,RTS,20
8.64619e+06,20,CTS,14
8.64625e+06,2,QOSDATA_TID6,1066
8.64643e+06,20,ACK,14
8.64647e+06,2,CTL,20
8.64656e+06,8,RTS,20
8.64656e+06,1,RTS,20
8.64666e+06,9,RTS,20
8.64666e+06,10,RTS,20
8.64676e+06,4,RTS,20
8.64682e+06,20,CTS,14
8.64688e+06,4,QOSDATA_TID6,1066
8.64707e+06,20,ACK,14
8.64711e+06,4,CTL,20
8.6472e+06,11,RTS,20
8.6472e+06,7,RTS,20
8.6472e+06,1,RTS,20
8.6472e+06,8,RTS,20
8.6472e+06,14,RTS,20
8.6473e+06,18,RTS,20
8.64736e+06,20,CTS,14
8.64742e+06,18,QOSDATA_TID6,1066
8.64761e+06,20,ACK,14
8.64765e+06,18,CTL,20
8.64774e+06,8,RTS,20
8.64774e+06,19,RTS,20
8.64781e+06,20,CTS,14
8.64787e+06,8,QOSDATA_TID6,1066
8.64805e+06,20,ACK,14
8.64809e+06,8,QOSDATA_TID6,1066
8.64828e+06,20,ACK,14
8.64832e+06,8,CTL,20
8.64841e+06,11,RTS,20
8.64841e+06,16,RTS,20
8.64841e+06,3,RTS,20
8.64851e+06,19,RTS,20
8.64851e+06,6,RTS,20
8.64865e+06,19,RTS,20
8.64871e+06,20,CTS,14
8.64877e+06,19,QOSDATA_TID6,1066
8.64896e+06,20,ACK,14
8.649e+06,19,QOSDATA_TID6,1066
8.64919e+06,20,ACK,14
8.64923e+06,19,CTL,20
8.64932e+06,9,RTS,20
8.64939e+06,20,CTS,14
8.64945e+06,9,QOSDATA_TID6,1066
8.64964e+06,20,ACK,14
8.64968e+06,9,QOSDATA_TID6,1066
8.64986e+06,20,ACK,14
8.64991e+06,9,QOSDATA_TID6,1066
8.65009e+06,20,ACK,14
8.65014e+06,9,CTL,20
8.65022e+06,0,RTS,20
8.65022e+06,6,RTS,20
8.65022e+06,7,RTS,20
8.65033e+06,14,RTS,20
8.65033e+06,3,RTS,20
8.65043e+06,12,RTS,20
8.6505e+06,20,CTS,14
8.65056e+06,12,QOSDATA_TID6,1066
8.65074e+06,20,ACK,14
8.65078e+06,12,CTL,20
8.65087e+06,7,RTS,20
8.65087e+06,0,RTS,20
8.65098e+06,3,RTS,20
8.65105e+06,20,CTS,14
8.65111e+06,3,QOSDATA_TID6,1066
8.65129e+06,20,ACK,14
8.65133e+06,3,QOSDATA_TID6,1066
8.65152e+06,20,ACK,14
8.65156e+06,3,CTL,20
8.65166e+06,1,RTS,20
8.65166e+06,17,RTS,20
8.65166e+06,6,RTS,20
8.65166e+06,7,RTS,20
8.65166e+06,13,RTS,20
8.65176e+06,11,RTS,20
8.65176e+06,16,RTS,20
8.65176e+06,19,RTS,20
8.65186e+06,10,RTS,20
8.65193e+06,20,CTS,14
8.65199e+06,10,QOSDATA_TID6,1066
8.65217e+06,20,ACK,14
8.65222e+06,10,QOSDATA_TID6,1066
8.6524e+06,20,ACK,14
8.65245e+06,10,CTL,20
8.65253e+06,1,RTS,20
8.65253e+06,13,RTS,20
8.6526e+06,20,CTS,14
8.65266e+06,1,QOSDATA_TID6,1066
8.65284e+06,20,ACK,14
8.65289e+06,1,QOSDATA_TID6,1066
8.65307e+06,20,ACK,14
8.65312e+06,1,QOSDATA_TID6,1066
8.6533e+06,20,ACK,14
8.65334e+06,1,CTL,20
8.65343e+06,2,RTS,20
8.65343e+06,0,CTS,14
8.65343e+06,13,RTS,20
8.65343e+06,6,RTS,20
8.65356e+06,2,RTS,20
8.65356e+06,0,RTS,20
8.65367e+06,7,RTS,20
8.65367e+06,4,RTS,20
8.65374e+06,20,CTS,14
8.6538e+06,7,QOSDATA_TID6,1066
8.65398e+06,20,ACK,14
8.65402e+06,7,QOSDATA_TID6,1066
8.65421e+06,20,ACK,14
8.65425e+06,7,CTL,20
8.65434e+06,5,RTS,20
8.65434e+06,0,RTS,20
8.65441e+06,20,CTS,14
8.65447e+06,5,QOSDATA_TID6,1066
8.65465e+06,20,ACK,14
8.65469e+06,5,CTL,20
8.65478e+06,8,RTS,20
8.65478e+06,0,RTS,20
8.65485e+06,20,CTS,14
8.65491e+06,8,QOSDATA_TID6,1066
8.65509e+06,20,ACK,14
8.65514e+06,8,CTL,20
8.65523e+06,19,RTS,20
8.65523e+06,2,RTS,20
8.65523e+06,13,RTS,20
8.65523e+06,15,RTS,20
8.65533e+06,4,RTS,20
8.6554e+06,20,CTS,14
8.65546e+06,4,QOSDATA_TID6,1066
8.65564e+06,20,ACK,14
8.65568e+06,4,CTL,20
8.65578e+06,13,RTS,20
8.65578e+06,6,RTS,20
8.65589e+06,17,RTS,20
8.65596e+06,20,CTS,14
8.65602e+06,17,QOSDATA_TID6,1066
8.6562e+06,20,ACK,14
8.65624e+06,17,CTL,20
8.65633e+06,15,RTS,20
8.6564e+06,20,CTS,14
8.65646e+06,15,QOSDATA_TID6,1066
8.65664e+06,20,ACK,14
8.65668e+06,15,CTL,20
8.65677e+06,13,RTS,20
8.65677e+06,19,RTS,20
8.65688e+06,0,RTS,20
8.65695e+06,20,CTS,14
8.65701e+06,0,QOSDATA_TID6,1066
8.65719e+06,20,ACK,14
8.65723e+06,0,QOSDATA_TID6,1066
8.65742e+06,20,ACK,14
8.65746e+06,0,CTL,20
8.65756e+06,14,RTS,20
8.65756e+06,2,RTS,20
8.65756e+06,10,RTS,20
8.65756e+06,7,RTS,20
8.65756e+06,16,RTS,20
8.65766e+06,18,RTS,20
8.65766e+06,6,RTS,20
8.65776e+06,16,RTS,20
8.65783e+06,20,CTS,14
8.65789e+06,16,QOSDATA_TID6,1066
8.65808e+06,20,ACK,14
8.65812e+06,16,QOSDATA_TID6,1066
8.6583e+06,20,ACK,14
8.65835e+06,16,QOSDATA_TID6,1066
8.65853e+06,20,ACK,14
8.65858e+06,16,CTL,20
8.65866e+06,6,RTS,20
8.65873e+06,20,CTS,14
8.65879e+06,6,QOSDATA_TID6,1066
8.65897e+06,20,ACK,14
8.65902e+06,6,QOSDATA_TID6,1066
8.6592e+06,20,ACK,14
8.65924e+06,6,QOSDATA_TID6,1066
8.65943e+06,20,ACK,14
8.65947e+06,6,CTL,20
8.65956e+06,14,RTS,20
8.65956e+06,7,RTS,20
8.65956e+06,13,RTS,20
8.65966e+06,18,RTS,20
8.65972e+06,20,CTS,14
8.65978e+06,18,QOSDATA_TID6,1066
8.65997e+06,20,ACK,14
8.66001e+06,18,CTL,20
8.6601e+06,9,RTS,20
8.66017e+06,20,CTS,14
8.66023e+06,9,QOSDATA_TID6,1066
8.66041e+06,20,ACK,14
8.66046e+06,9,CTL,20
8.66054e+06,3,RTS,20
8.66054e+06,19,RTS,20
8.66054e+06,5,RTS,20
8.66054e+06,12,RTS,20
8.66054e+06,11,RTS,20
8.66064e+06,15,RTS,20
8.66071e+06,20,CTS,14
8.66077e+06,15,QOSDATA_TID6,1066
8.66095e+06,20,ACK,14
8.661e+06,15,CTL,20
8.66108e+06,12,RTS,20
8.66108e+06,17,RTS,20
8.66108e+06,1,RTS,20
8.66108e+06,2,RTS,20
8.66119e+06,14,RTS,20
8.66119e+06,4,RTS,20
8.6613e+06,13,RTS,20
8.66136e+06,20,CTS,14
8.66142e+06,13,QOSDATA_TID6,1066
8.66161e+06,20,ACK,14
8.66165e+06,13,CTL,20
8.66174e+06,1,RTS,20
8.6618e+06,20,CTS,14
8.66186e+06,1,QOSDATA_TID6,1066
8.66205e+06,20,ACK,14
8.66209e+06,1,CTL,20
8.66218e+06,10,RTS,20
8.66225e+06,20,CTS,14
8.66231e+06,10,QOSDATA_TID6,1066
8.66249e+06,20,ACK,14
8.66254e+06,10,QOSDATA_TID6,1066
8.66272e+06,20,ACK,14
8.66276e+06,10,CTL,20
8.66285e+06,18,RTS,20
8.66285e+06,5,RTS,20
8.66285e+06,8,RTS,20
8.66285e+06,7,RTS,20
8.66285e+06,4,RTS,20
8.66295e+06,2,RTS,20
8.66302e+06,20,CTS,14
8.66308e+06,2,QOSDATA_TID6,1066
8.66326e+06,20,ACK,14
8.6633e+06,2,QOSDATA_TID6,1066
8.66349e+06,20,ACK,14
8.66353e+06,2,CTL,20
8.66362e+06,3,RTS,20
8.66362e+06,17,RTS,20
8.66362e+06,11,RTS,20
8.66368e+06,20,CTS,14
8.66374e+06,17,QOSDATA_TID6,1066
8.66393e+06,20,ACK,14
8.66397e+06,17,CTL,20
8.66407e+06,5,RTS,20
8.66407e+06,19,RTS,20
8.66414e+06,20,CTS,14
8.6642e+06,5,QOSDATA_TID6,1066
8.66438e+06,20,ACK,14
8.66442e+06,5,CTL,20
8.66451e+06,7,RTS,20
8.66451e+06,14,RTS,20
8.66458e+06,20,CTS,14
8.66464e+06,7,QOSDATA_TID6,1066
8.66482e+06,20,ACK,14
8.66487e+06,7,CTL,20
8.66496e+06,18,RTS,20
8.66503e+06,20,CTS,14
8.66509e+06,18,QOSDATA_TID6,1066
8.66527e+06,20,ACK,14
8.66532e+06,18,CTL,20
8.6654e+06,8,RTS,20
8.66547e+06,20,CTS,14
8.66553e+06,8,QOSDATA_TID6,1066
8.66572e+06,20,ACK,14
8.66576e+06,8,CTL,20
8.66585e+06,12,RTS,20
8.66585e+06,16,RTS,20
8.66585e+06,4,RTS,20
8.66585e+06,0,RTS,20
8.66585e+06,13,RTS,20
8.66591e+06,20,CTS,14
8.66597e+06,12,QOSDATA_TID6,1066
8.66616e+06,20,ACK,14
8.6662e+06,12,CTL,20
8.66629e+06,19,RTS,20
8.66636e+06,20,CTS,14
8.66642e+06,19,QOSDATA_TID6,1066
8.6666e+06,20,ACK,14
8.66664e+06,19,QOSDATA_TID6,1066
8.66683e+06,20,ACK,14
8.66687e+06,19,CTL,20
8.66696e+06,19,RTS,20
8.66696e+06,9,RTS,20
8.66696e+06,4,RTS,20
8.66706e+06,12,RTS,20
8.66706e+06,13,RTS,20
8.66706e+06,6,RTS,20
8.66713e+06,20,CTS,14
8.66719e+06,12,QOSDATA_TID6,1066
8.66738e+06,20,ACK,14
8.66742e+06,12,CTL,20
8.66751e+06,4,RTS,20
8.66758e+06,20,CTS,14
8.66764e+06,4,QOSDATA_TID6,1066
8.66782e+06,20,ACK,14
8.66786e+06,4,CTL,20
8.66795e+06,11,RTS,20
8.66795e+06,1,RTS,20
8.66795e+06,17,RTS,20
8.66795e+06,19,RTS,20
8.66795e+06,3,RTS,20
8.66806e+06,7,RTS,20
8.66806e+06,14,RTS,20
8.66812e+06,20,CTS,14
8.66818e+06,7,QOSDATA_TID6,1066
8.66837e+06,20,ACK,14
8.66841e+06,7,CTL,20
8.6685e+06,1,RTS,20
8.6685e+06,5,RTS,20
8.66857e+06,20,CTS,14
8.66863e+06,5,QOSDATA_TID6,1066
8.66881e+06,20,ACK,14
8.66885e+06,5,CTL,20
8.66894e+06,17,RTS,20
8.66901e+06,20,CTS,14
8.66907e+06,17,QOSDATA_TID6,1066
8.66925e+06,20,ACK,14
8.6693e+06,17,CTL,20
8.66938e+06,19,RTS,20
8.66945e+06,20,CTS,14
8.66951e+06,19,QOSDATA_TID6,1066
8.66969e+06,20,ACK,14
8.66974e+06,19,CTL,20
8.66982e+06,11,RTS,20
8.66982e+06,2,RTS,20
8.66982e+06,9,RTS,20
8.66982e+06,4,RTS,20
8.66982e+06,10,RTS,20
8.66982e+06,15,RTS,20
8.66994e+06,1,RTS,20
8.66994e+06,0,RTS,20
8.66994e+06,6,RTS,20
8.66994e+06,16,RTS,20
8.66994e+06,13,RTS,20
8.67004e+06,9,RTS,20
8.67011e+06,20,CTS,14
8.67017e+06,9,QOSDATA_TID6,1066
8.67035e+06,20,ACK,14
8.67039e+06,9,CTL,20
8.67048e+06,14,RTS,20
8.67048e+06,15,RTS,20
8.67058e+06,6,RTS,20
8.67058e+06,16,RTS,20
8.67068e+06,3,RTS,20
8.67074e+06,20,CTS,14
8.6708e+06,3,QOSDATA_TID6,1066
8.67099e+06,20,ACK,14
8.67103e+06,3,QOSDATA_TID6,1066
8.67122e+06,20,ACK,14
8.67126e+06,3,CTL,20
8.67136e+06,11,RTS,20
8.67136e+06,14,RTS,20
8.67136e+06,13,RTS,20
8.67145e+06,18,RTS,20
8.67152e+06,20,CTS,14
8.67158e+06,18,QOSDATA_TID6,1066
8.67176e+06,20,ACK,14
8.67181e+06,18,CTL,20
8.6719e+06,10,RTS,20
8.67197e+06,20,CTS,14
8.67203e+06,10,QOSDATA_TID6,1066
8.67222e+06,20,ACK,14
8.67226e+06,10,CTL,20
8.67235e+06,8,RTS,20
8.67241e+06,20,CTS,14
8.67247e+06,8,QOSDATA_TID6,1066
8.67266e+06,20,ACK,14
8.6727e+06,8,CTL,20
8.67279e+06,2,RTS,20
8.67279e+06,6,RTS,20
8.67289e+06,11,RTS,20
8.67289e+06,16,RTS,20
8.67298e+06,13,RTS,20
8.67305e+06,20,CTS,14
8.67311e+06,13,QOSDATA_TID6,1066
8.6733e+06,20,ACK,14
8.67334e+06,13,CTL,20
8.67343e+06,4,RTS,20
8.67343e+06,16,RTS,20
8.67352e+06,15,RTS,20
8.67359e+06,20,CTS,14
8.67365e+06,15,QOSDATA_TID6,1066
8.67384e+06,20,ACK,14
8.67388e+06,15,CTL,20
8.67397e+06,0,CTS,14
8.67397e+06,7,RTS,20
8.67397e+06,9,RTS,20
8.6741e+06,0,RTS,20
8.67417e+06,20,CTS,14
8.67423e+06,0,QOSDATA_TID6,1066
8.67441e+06,20,ACK,14
8.67445e+06,0,QOSDATA_TID6,1066
8.67464e+06,20,ACK,14
8.67468e+06,0,CTL,20
8.67477e+06,16,RTS,20
8.67484e+06,20,CTS,14
8.6749e+06,16,QOSDATA_TID6,1066
8.67508e+06,20,ACK,14
8.67512e+06,16,QOSDATA_TID6,1066
8.67531e+06,20,ACK,14
8.67535e+06,16,CTL,20
8.67544e+06,1,RTS,20
8.67544e+06,13,RTS,20
8.67544e+06,2,RTS,20
8.67544e+06,3,RTS,20
8.67544e+06,6,RTS,20
8.67544e+06,14,RTS,20
8.67554e+06,7,RTS,20
8.67561e+06,20,CTS,14
8.67567e+06,7,QOSDATA_TID6,1066
8.67586e+06,20,ACK,14
8.6759e+06,7,CTL,20
8.67599e+06,1,RTS,20
8.67599e+06,2,RTS,20
8.67611e+06,14,RTS,20
8.67618e+06,20,CTS,14
8.67624e+06,14,QOSDATA_TID6,1066
8.67642e+06,20,ACK,14
8.67647e+06,14,QOSDATA_TID6,1066
8.67665e+06,20,ACK,14
8.6767e+06,14,QOSDATA_TID6,1066
8.67688e+06,20,ACK,14
8.67692e+06,14,CTL,20
8.67701e+06,13,RTS,20
8.67708e+06,20,CTS,14
8.67714e+06,13,QOSDATA_TID6,1066
8.67732e+06,20,ACK,14
8.67737e+06,13,CTL,20
8.67745e+06,12,RTS,20
8.67745e+06,4,RTS,20
8.67745e+06,5,RTS,20
8.67745e+06,17,RTS,20
8.67745e+06,10,RTS,20
8.67755e+06,15,RTS,20
8.67762e+06,20,CTS,14
8.67768e+06,15,QOSDATA_TID6,1066
8.67786e+06,20,ACK,14
8.67791e+06,15,CTL,20
8.678e+06,19,RTS,20
8.678e+06,3,RTS,20
8.678e+06,9,RTS,20
8.67812e+06,2,RTS,20
8.67812e+06,6,RTS,20
8.67824e+06,11,RTS,20
8.67831e+06,20,CTS,14
8.67837e+06,11,QOSDATA_TID6,1066
8.67855e+06,20,ACK,14
8.6786e+06,11,QOSDATA_TID6,1066
8.67878e+06,20,ACK,14
8.67883e+06,11,QOSDATA_TID6,1066
8.67901e+06,20,ACK,14
8.67905e+06,11,QOSDATA_TID6,1066
8.67924e+06,20,ACK,14
8.67928e+06,11,CTL,20
8.67937e+06,19,RTS,20
8.67937e+06,3,RTS,20
8.67937e+06,18,RTS,20
8.67949e+06,2,RTS,20
8.67949e+06,14,RTS,20
8.67956e+06,20,CTS,14
8.67962e+06,2,QOSDATA_TID6,1066
8.67981e+06,20,ACK,14
8.67985e+06,2,QOSDATA_TID6,1066
8.68003e+06,20,ACK,14
8.68008e+06,2,CTL,20
8.68017e+06,6,RTS,20
8.68017e+06,4,RTS,20
8.68024e+06,20,CTS,14
8.6803e+06,6,QOSDATA_TID6,1066
8.68048e+06,20,ACK,14
8.68053e+06,6,QOSDATA_TID6,1066
8.68071e+06,20,ACK,14
8.68076e+06,6,CTL,20
8.68084e+06,16,RTS,20
8.68091e+06,20,CTS,14
8.68097e+06,16,QOSDATA_TID6,1066
8.68116e+06,20,ACK,14
8.6812e+06,16,CTL,20
8.68129e+06,1,RTS,20
8.68129e+06,8,RTS,20
8.68129e+06,3,RTS,20
8.68139e+06,0,RTS,20
8.68146e+06,20,CTS,14
8.68152e+06,0,QOSDATA_TID6,1066
8.6817e+06,20,ACK,14
8.68175e+06,0,CTL,20
8.68183e+06,14,RTS,20
8.68183e+06,3,RTS,20
8.68183e+06,7,RTS,20
8.68183e+06,1,RTS,20
8.68183e+06,13,RTS,20
8.68194e+06,4,RTS,20
8.68201e+06,20,CTS,14
8.68207e+06,4,QOSDATA_TID6,1066
8.68225e+06,20,ACK,14
8.6823e+06,4,QOSDATA_TID6,1066
8.68248e+06,20,ACK,14
8.68252e+06,4,CTL,20
8.68262e+06,12,RTS,20
8.68262e+06,8,RTS,20
8.68262e+06,17,RTS,20
8.68262e+06,18,RTS,20
8.68272e+06,5,RTS,20
8.68272e+06,1,RTS,20
8.68279e+06,20,CTS,14
8.68285e+06,5,QOSDATA_TID6,1066
8.68303e+06,20,ACK,14
8.68307e+06,5,CTL,20
8.68316e+06,18,RTS,20
8.68323e+06,20,CTS,14
8.68329e+06,18,QOSDATA_TID6,1066
8.68347e+06,20,ACK,14
8.68352e+06,18,CTL,20
8.6836e+06,6,RTS,20
8.6836e+06,9,RTS,20
8.6836e+06,19,RTS,20
8.6836e+06,11,RTS,20
8.68371e+06,12,RTS,20
8.68378e+06,20,CTS,14
8.68384e+06,12,QOSDATA_TID6,1066
8.68402e+06,20,ACK,14
8.68406e+06,12,QOSDATA_TID6,1066
8.68425e+06,20,ACK,14
8.68429e+06,12,CTL,20
8.68438e+06,13,RTS,20
8.68445e+06,20,CTS,14
8.68451e+06,13,QOSDATA_TID6,1066
8.68469e+06,20,ACK,14
8.68474e+06,13,CTL,20
8.68482e+06,14,RTS,20
8.68482e+06,1,RTS,20
8.68482e+06,3,RTS,20
8.68495e+06,14,RTS,20
8.68502e+06,20,CTS,14
8.68508e+06,14,QOSDATA_TID6,1066
8.68526e+06,20,ACK,14
8.68531e+06,14,CTL,20
8.6854e+06,15,RTS,20
8.6854e+06,5,RTS,20
8.6854e+06,10,RTS,20
8.68547e+06,20,CTS,14
8.68553e+06,5,QOSDATA_TID6,1066
8.68572e+06,20,ACK,14
8.68576e+06,5,CTL,20
8.68586e+06,8,RTS,20
8.68586e+06,17,RTS,20
8.68586e+06,2,RTS,20
8.68586e+06,3,RTS,20
8.68586e+06,10,RTS,20
8.68596e+06,19,RTS,20
8.68596e+06,7,RTS,20
8.68609e+06,4,RTS,20
8.68615e+06,20,CTS,14
8.68621e+06,4,QOSDATA_TID6,1066
8.6864e+06,20,ACK,14
8.68644e+06,4,CTL,20
8.68653e+06,11,RTS,20
8.68653e+06,6,RTS,20
8.68664e+06,3,RTS,20
8.6867e+06,20,CTS,14
8.68676e+06,3,QOSDATA_TID6,1066
8.68695e+06,20,ACK,14
8.68699e+06,3,CTL,20
8.68709e+06,9,RTS,20
8.68709e+06,10,RTS,20
8.68709e+06,17,RTS,20
8.68709e+06,6,RTS,20
8.68715e+06,20,CTS,14
8.68722e+06,17,QOSDATA_TID6,1066
8.6874e+06,20,ACK,14
8.68744e+06,17,QOSDATA_TID6,1066
8.68763e+06,20,ACK,14
8.68767e+06,17,CTL,20
8.68776e+06,9,RTS,20
8.68782e+06,20,CTS,14
8.68788e+06,9,QOSDATA_TID6,1066
8.68807e+06,20,ACK,14
8.68811e+06,9,QOSDATA_TID6,1066
8.6883e+06,20,ACK,14
8.68834e+06,9,CTL,20
8.68843e+06,10,RTS,20
8.6885e+06,20,CTS,14
8.68856e+06,10,QOSDATA_TID6,1066
8.68874e+06,20,ACK,14
8.68878e+06,10,QOSDATA_TID6,1066
8.68897e+06,20,ACK,14
8.68901e+06,10,CTL,20
8.6891e+06,0,RTS,20
8.6891e+06,15,RTS,20
8.6891e+06,7,RTS,20
8.6891e+06,16,RTS,20
8.6892e+06,1,RTS,20
8.6892e+06,2,RTS,20
8.68931e+06,15,RTS,20
8.68931e+06,14,RTS,20
8.68941e+06,0,RTS,20
8.68948e+06,20,CTS,14
8.68954e+06,0,QOSDATA_TID6,1066
8.68972e+06,20,ACK,14
8.68976e+06,0,CTL,20
8.68985e+06,18,RTS,20
8.68992e+06,20,CTS,14
8.68998e+06,18,QOSDATA_TID6,1066
8.69016e+06,20,ACK,14
8.69021e+06,18,CTL,20
8.69029e+06,11,RTS,20
8.69029e+06,13,RTS,20
8.69039e+06,6,RTS,20
8.69046e+06,20,CTS,14
8.69052e+06,6,QOSDATA_TID6,1066
8.6907e+06,20,ACK,14
8.69075e+06,6,CTL,20
8.69083e+06,2,RTS,20
8.6909e+06,20,CTS,14
8.69096e+06,2,QOSDATA_TID6,1066
8.69114e+06,20,ACK,14
8.69119e+06,2,CTL,20
8.69128e+06,12,RTS,20
8.69128e+06,16,RTS,20
8.69128e+06,13,RTS,20
8.69134e+06,20,CTS,14
8.6914e+06,12,QOSDATA_TID6,1066
8.69159e+06,20,ACK,14
8.69163e+06,12,CTL,20
8.69172e+06,19,RTS,20
8.69172e+06,6,RTS,20
8.69172e+06,9,RTS,20
8.69183e+06,7,RTS,20
8.6919e+06,20,CTS,14
8.69196e+06,7,QOSDATA_TID6,1066
8.69214e+06,20,ACK,14
8.69219e+06,7,QOSDATA_TID6,1066
8.69237e+06,20,ACK,14
8.69242e+06,7,CTL,20
8.6925e+06,6,RTS,20
8.69257e+06,20,CTS,14
8.69263e+06,6,QOSDATA_TID6,1066
8.69282e+06,20,ACK,14
8.69286e+06,6,CTL,20
8.69294e+06,8,RTS,20
8.69294e+06,3,RTS,20
8.69294e+06,13,RTS,20
8.69301e+06,20,CTS,14
8.69307e+06,8,QOSDATA_TID6,1066
8.69326e+06,20,ACK,14
8.6933e+06,8,QOSDATA_TID6,1066
8.69348e+06,20,ACK,14
8.69353e+06,8,CTL,20
8.69362e+06,19,RTS,20
8.69362e+06,2,RTS,20
8.69362e+06,4,RTS,20
8.69362e+06,3,RTS,20
8.69362e+06,10,RTS,20
8.69372e+06,5,RTS,20
8.69379e+06,20,CTS,14
8.69385e+06,5,QOSDATA_TID6,1066
8.69403e+06,20,ACK,14
8.69408e+06,5,CTL,20
8.69417e+06,15,RTS,20
8.69424e+06,20,CTS,14
8.6943e+06,15,QOSDATA_TID6,1066
8.69448e+06,20,ACK,14
8.69453e+06,15,QOSDATA_TID6,1066
8.69471e+06,20,ACK,14
8.69476e+06,15,CTL,20
8.69484e+06,14,RTS,20
8.69484e+06,17,RTS,20
8.69484e+06,1,RTS,20
8.69484e+06,19,RTS,20
8.69495e+06,16,RTS,20
8.69495e+06,9,RTS,20
8.69495e+06,18,RTS,20
8.69505e+06,13,RTS,20
8.69512e+06,20,CTS,14
8.69518e+06,13,QOSDATA_TID6,1066
8.69536e+06,20,ACK,14
8.6954e+06,13,CTL,20
8.6955e+06,2,RTS,20
8.69557e+06,20,CTS,14
8.69563e+06,2,QOSDATA_TID6,1066
8.69581e+06,20,ACK,14
8.69586e+06,2,CTL,20
8.69594e+06,19,RTS,20
8.69594e+06,8,RTS,20
8.69594e+06,11,RTS,20
8.69594e+06,16,RTS,20
8.69604e+06,3,RTS,20
8.69611e+06,20,CTS,14
8.69617e+06,3,QOSDATA_TID6,1066
8.69635e+06,20,ACK,14
8.6964e+06,3,CTL,20
8.69648e+06,9,RTS,20
8.69648e+06,10,RTS,20
8.69658e+06,17,RTS,20
8.69658e+06,16,RTS,20
8.69658e+06,4,RTS,20
8.69665e+06,20,CTS,14
8.69671e+06,17,QOSDATA_TID6,1066
8.69689e+06,20,ACK,14
8.69694e+06,17,CTL,20
8.69702e+06,10,RTS,20
8.69709e+06,20,CTS,14
8.69715e+06,10,QOSDATA_TID6,1066
8.69733e+06,20,ACK,14
8.69738e+06,10,CTL,20
8.69746e+06,18,RTS,20
8.69746e+06,14,RTS,20
8.69746e+06,7,RTS,20
8.69757e+06,19,RTS,20
8.69764e+06,20,CTS,14
8.6977e+06,19,QOSDATA_TID6,1066
8.69788e+06,20,ACK,14
8.69793e+06,19,QOSDATA_TID6,1066
8.69811e+06,20,ACK,14
8.69816e+06,19,CTL,20
8.69825e+06,1,RTS,20
8.69825e+06,16,RTS,20
8.69825e+06,18,RTS,20
8.69825e+06,0,RTS,20
8.69838e+06,13,RTS,20
8.69844e+06,20,CTS,14
8.6985e+06,13,QOSDATA_TID6,1066
8.69869e+06,20,ACK,14
8.69873e+06,13,CTL,20
8.69882e+06,7,RTS,20
8.69882e+06,12,RTS,20
8.69888e+06,20,CTS,14
8.69894e+06,12,QOSDATA_TID6,1066
8.69913e+06,20,ACK,14
8.69917e+06,12,CTL,20
8.69928e+06,7,RTS,20
8.69928e+06,8,RTS,20
8.69928e+06,11,RTS,20
8.69928e+06,19,RTS,20
8.69928e+06,3,RTS,20
8.69928e+06,9,RTS,20
8.69938e+06,1,RTS,20
8.69938e+06,17,RTS,20
8.69938e+06,14,RTS,20
8.69948e+06,7,RTS,20
8.69948e+06,3,RTS,20
8.69955e+06,20,CTS,14
8.69961e+06,7,QOSDATA_TID6,1066
8.69979e+06,20,ACK,14
8.69984e+06,7,CTL,20
8.69995e+06,4,RTS,20
8.69995e+06,6,RTS,20
8.69995e+06,3,RTS,20
8.70006e+06,17,RTS,20
8.70006e+06,8,RTS,20
8.70016e+06,1,RTS,20
8.70023e+06,20,CTS,14
8.70029e+06,1,QOSDATA_TID6,1066
8.70048e+06,20,ACK,14
8.70052e+06,1,QOSDATA_TID6,1066
8.7007e+06,20,ACK,14
8.70075e+06,1,QOSDATA_TID6,1066
8.70093e+06,20,ACK,14
8.70098e+06,1,QOSDATA_TID6,1066
8.70116e+06,20,ACK,14
8.7012e+06,1,CTL,20
8.70129e+06,3,RTS,20
8.70136e+06,20,CTS,14
8.70142e+06,3,QOSDATA_TID6,1066
8.7016e+06,20,ACK,14
8.70165e+06,3,CTL,20
8.70173e+06,2,RTS,20
8.70173e+06,17,RTS,20
8.70173e+06,15,RTS,20
8.70185e+06,0,RTS,20
8.70192e+06,20,CTS,14
8.70198e+06,0,QOSDATA_TID6,1066
8.70216e+06,20,ACK,14
8.7022e+06,0,CTL,20
8.70229e+06,6,RTS,20
8.70236e+06,20,CTS,14
8.70242e+06,6,QOSDATA_TID6,1066
8.7026e+06,20,ACK,14
8.70265e+06,6,CTL,20
8.70273e+06,14,RTS,20
8.70273e+06,5,RTS,20
8.70273e+06,11,RTS,20
8.70273e+06,4,RTS,20
8.7028e+06,20,CTS,14
8.70286e+06,5,QOSDATA_TID6,1066
8.70305e+06,20,ACK,14
8.70309e+06,5,CTL,20
8.70318e+06,9,RTS,20
8.70324e+06,20,CTS,14
8.7033e+06,9,QOSDATA_TID6,1066
8.70349e+06,20,ACK,14
8.70353e+06,9,QOSDATA_TID6,1066
8.70372e+06,20,ACK,14
8.70376e+06,9,CTL,20
8.70385e+06,2,RTS,20
8.70385e+06,10,RTS,20
8.70385e+06,18,RTS,20
8.70385e+06,17,RTS,20
8.70399e+06,15,RTS,20
8.70406e+06,20,CTS,14
8.70412e+06,15,QOSDATA_TID6,1066
8.7043e+06,20,ACK,14
8.70434e+06,15,CTL,20
8.70443e+06,14,RTS,20
8.70443e+06,18,RTS,20
8.70443e+06,2,RTS,20
8.70454e+06,17,RTS,20
8.70461e+06,20,CTS,14
8.70467e+06,17,QOSDATA_TID6,1066
8.70485e+06,20,ACK,14
8.70489e+06,17,CTL,20
8.70498e+06,16,RTS,20
8.70498e+06,18,RTS,20
8.70498e+06,14,RTS,20
8.70514e+06,18,RTS,20
8.70521e+06,20,CTS,14
8.70527e+06,18,QOSDATA_TID6,1066
8.70545e+06,20,ACK,14
8.70549e+06,18,QOSDATA_TID6,1066
8.70568e+06,20,ACK,14
8.70572e+06,18,CTL,20
8.70581e+06,16,RTS,20
8.70588e+06,20,CTS,14
8.70594e+06,16,QOSDATA_TID6,1066
8.70612e+06,20,ACK,14
8.70616e+06,16,QOSDATA_TID6,1066
8.70635e+06,20,ACK,14
8.70639e+06,16,CTL,20
8.70648e+06,8,RTS,20
8.70648e+06,7,RTS,20
8.70648e+06,0,RTS,20
8.70648e+06,10,RTS,20
8.70658e+06,9,RTS,20
8.70658e+06,11,RTS,20
8.7067e+06,14,RTS,20
8.70677e+06,20,CTS,14
8.70683e+06,14,QOSDATA_TID6,1066
8.70701e+06,20,ACK,14
8.70706e+06,14,QOSDATA_TID6,1066
8.70724e+06,20,ACK,14
8.70728e+06,14,CTL,20
8.70737e+06,6,RTS,20
8.70737e+06,17,RTS,20
8.70737e+06,10,RTS,20
8.70744e+06,20,CTS,14
8.7075e+06,17,QOSDATA_TID6,1066
8.70768e+06,20,ACK,14
8.70773e+06,17,CTL,20
8.70782e+06,19,RTS,20
8.70782e+06,12,RTS,20
8.70782e+06,0,RTS,20
8.70782e+06,6,RTS,20
8.70792e+06,2,RTS,20
8.70792e+06,9,RTS,20
8.70792e+06,13,RTS,20
8.70792e+06,4,RTS,20
8.70802e+06,12,RTS,20
8.70802e+06,19,RTS,20
8.70809e+06,20,CTS,14
8.70815e+06,12,QOSDATA_TID6,1066
8.70833e+06,20,ACK,14
8.70837e+06,12,CTL,20
8.70846e+06,5,RTS,20
8.70846e+06,19,RTS,20
8.70853e+06,20,CTS,14
8.70859e+06,5,QOSDATA_TID6,1066
8.70877e+06,20,ACK,14
8.70882e+06,5,CTL,20
8.7089e+06,19,RTS,20
8.70897e+06,20,CTS,14
8.70903e+06,19,QOSDATA_TID6,1066
8.70921e+06,20,ACK,14
8.70926e+06,19,QOSDATA_TID6,1066
8.70944e+06,20,ACK,14
8.70949e+06,19,CTL,20
8.70957e+06,2,RTS,20
8.70957e+06,3,RTS,20
8.70957e+06,4,RTS,20
8.70957e+06,10,RTS,20
8.70957e+06,15,RTS,20
8.70969e+06,1,RTS,20
8.70969e+06,7,RTS,20
8.7098e+06,10,RTS,20
8.70987e+06,20,CTS,14
8.70993e+06,10,QOSDATA_TID6,1066
8.71012e+06,20,ACK,14
8.71016e+06,10,QOSDATA_TID6,1066
8.71034e+06,20,ACK,14
8.71039e+06,10,CTL,20
8.71047e+06,18,RTS,20
8.71047e+06,0,CTS,14
8.71056e+06,0,RTS,20
8.71063e+06,20,CTS,14
8.71069e+06,0,QOSDATA_TID6,1066
8.71087e+06,20,ACK,14
8.71092e+06,0,CTL,20
8.711e+06,18,RTS,20
8.711e+06,3,RTS,20
8.71111e+06,13,RTS,20
8.71118e+06,20,CTS,14
8.71124e+06,13,QOSDATA_TID6,1066
8.71142e+06,20,ACK,14
8.71147e+06,13,CTL,20
8.71155e+06,1,RTS,20
8.71162e+06,20,CTS,14
8.71168e+06,1,QOSDATA_TID6,1066
8.71186e+06,20,ACK,14
8.71191e+06,1,CTL,20
8.71199e+06,8,RTS,20
8.71199e+06,2,RTS,20
8.71206e+06,20,CTS,14
8.71212e+06,8,QOSDATA_TID6,1066
8.71231e+06,20,ACK,14
8.71235e+06,8,QOSDATA_TID6,1066
8.71253e+06,20,ACK,14
8.71258e+06,8,QOSDATA_TID6,1066
8.71276e+06,20,ACK,14
8.71281e+06,8,CTL,20
8.71289e+06,16,RTS,20
8.71296e+06,20,CTS,14
8.71302e+06,16,QOSDATA_TID6,1066
8.7132e+06,20,ACK,14
8.71325e+06,16,CTL,20
8.71333e+06,4,RTS,20
8.71333e+06,3,RTS,20
8.71333e+06,15,RTS,20
8.71333e+06,6,RTS,20
8.71333e+06,14,RTS,20
8.71343e+06,7,RTS,20
8.7135e+06,20,CTS,14
8.71356e+06,7,QOSDATA_TID6,1066
8.71374e+06,20,ACK,14
8.71379e+06,7,QOSDATA_TID6,1066
8.71397e+06,20,ACK,14
8.71402e+06,7,CTL,20
8.7141e+06,14,RTS,20
8.71417e+06,20,CTS,14
8.71423e+06,14,QOSDATA_TID6,1066
8.71441e+06,20,ACK,14
8.71446e+06,14,CTL,20
8.71454e+06,0,RTS,20
8.71454e+06,9,RTS,20
8.71454e+06,4,RTS,20
8.71461e+06,20,CTS,14
8.71467e+06,0,QOSDATA_TID6,1066
8.71486e+06,20,ACK,14
8.7149e+06,0,CTL,20
8.715e+06,15,RTS,20
8.715e+06,12,RTS,20
8.715e+06,13,RTS,20
8.715e+06,11,RTS,20
8.71506e+06,20,CTS,14
8.71512e+06,12,QOSDATA_TID6,1066
8.71531e+06,20,ACK,14
8.71535e+06,12,CTL,20
8.71544e+06,1,RTS,20
8.7155e+06,20,CTS,14
8.71556e+06,1,QOSDATA_TID6,1066
8.71575e+06,20,ACK,14
8.71579e+06,1,CTL,20
8.71588e+06,2,RTS,20
8.71588e+06,3,RTS,20
8.71595e+06,20,CTS,14
8.71601e+06,2,QOSDATA_TID6,1066
8.71619e+06,20,ACK,14
8.71624e+06,2,QOSDATA_TID6,1066
8.71642e+06,20,ACK,14
8.71646e+06,2,CTL,20
8.71655e+06,3,RTS,20
8.71655e+06,19,RTS,20
8.71655e+06,4,RTS,20
8.71665e+06,15,RTS,20
8.71665e+06,18,RTS,20
8.71665e+06,6,RTS,20
8.71675e+06,19,RTS,20
8.71676e+06,17,RTS,20
8.71676e+06,11,RTS,20
8.71683e+06,20,CTS,14
8.71689e+06,17,QOSDATA_TID6,1066
8.71707e+06,20,ACK,14
8.71711e+06,17,CTL,20
8.7172e+06,10,RTS,20
8.71727e+06,20,CTS,14
8.71733e+06,10,QOSDATA_TID6,1066
8.71751e+06,20,ACK,14
8.71756e+06,10,CTL,20
8.71764e+06,2,RTS,20
8.71764e+06,9,RTS,20
8.71764e+06,15,RTS,20
8.71774e+06,5,RTS,20
8.71781e+06,20,CTS,14
8.71787e+06,5,QOSDATA_TID6,1066
8.71805e+06,20,ACK,14
8.7181e+06,5,CTL,20
8.71818e+06,9,RTS,20
8.71825e+06,20,CTS,14
8.71831e+06,9,QOSDATA_TID6,1066
8.71849e+06,20,ACK,14
8.71854e+06,9,QOSDATA_TID6,1066
8.71872e+06,20,ACK,14
8.71877e+06,9,CTL,20
8.71885e+06,8,RTS,20
8.71885e+06,11,RTS,20
8.71885e+06,13,RTS,20
8.71892e+06,20,CTS,14
8.71898e+06,8,QOSDATA_TID6,1066
8.71916e+06,20,ACK,14
8.71921e+06,8,CTL,20
8.71929e+06,6,RTS,20
8.71936e+06,20,CTS,14
8.71942e+06,6,QOSDATA_TID6,1066
8.71961e+06,20,ACK,14
8.71965e+06,6,QOSDATA_TID6,1066
8.71984e+06,20,ACK,14
8.71988e+06,6,CTL,20
8.71996e+06,20,BEACON,152
8.72022e+06,2,RTS,20
8.72022e+06,19,RTS,20
8.72022e+06,3,RTS,20
8.72022e+06,4,RTS,20
8.72032e+06,15,RTS,20
8.72032e+06,14,RTS,20
8.72042e+06,3,RTS,20
8.72049e+06,20,CTS,14
8.72055e+06,3,QOSDATA_TID6,1066
8.72074e+06,20,ACK,14
8.72078e+06,3,QOSDATA_TID6,1066
8.72096e+06,20,ACK,14
8.72101e+06,3,CTL,20
8.72109e+06,0,RTS,20
8.72116e+06,20,CTS,14
8.72122e+06,0,QOSDATA_TID6,1066
8.7214e+06,20,ACK,14
8.72145e+06,0,CTL,20
8.72154e+06,7,RTS,20
8.72154e+06,11,RTS,20
8.72154e+06,16,RTS,20
8.72163e+06,18,RTS,20
8.72163e+06,14,RTS,20
8.72174e+06,16,RTS,20
8.72174e+06,4,RTS,20
8.72184e+06,9,RTS,20
8.72184e+06,18,RTS,20
8.72191e+06,20,CTS,14
8.72197e+06,18,QOSDATA_TID6,1066
8.72215e+06,20,ACK,14
8.72219e+06,18,QOSDATA_TID6,1066
8.72238e+06,20,ACK,14
8.72242e+06,18,CTL,20
8.72252e+06,19,RTS,20
8.72252e+06,12,RTS,20
8.72252e+06,7,RTS,20
8.72252e+06,13,RTS,20
8.72262e+06,2,RTS,20
8.72268e+06,20,CTS,14
8.72274e+06,2,QOSDATA_TID6,1066
8.72293e+06,20,ACK,14
8.72297e+06,2,CTL,20
8.72307e+06,6,RTS,20
8.72307e+06,7,RTS,20
8.72307e+06,15,RTS,20
8.72316e+06,3,RTS,20
8.72323e+06,20,CTS,14
8.72329e+06,3,QOSDATA_TID6,1066
8.72348e+06,20,ACK,14
8.72352e+06,3,CTL,20
8.72361e+06,9,RTS,20
8.72367e+06,20,CTS,14
8.72373e+06,9,QOSDATA_TID6,1066
8.72392e+06,20,ACK,14
8.72396e+06,9,CTL,20
8.72405e+06,1,RTS,20
8.72412e+06,20,CTS,14
8.72418e+06,1,QOSDATA_TID6,1066
8.72436e+06,20,ACK,14
8.7244e+06,1,CTL,20
8.72449e+06,17,RTS,20
8.72449e+06,5,RTS,20
8.72449e+06,16,RTS,20
8.72449e+06,15,RTS,20
8.72459e+06,12,RTS,20
8.72466e+06,20,CTS,14
8.72472e+06,12,QOSDATA_TID6,1066
8.7249e+06,20,ACK,14
8.72494e+06,12,CTL,20
8.72503e+06,19,RTS,20
8.7251e+06,20,CTS,14
8.72516e+06,19,QOSDATA_TID6,1066
8.72534e+06,20,ACK,14
8.72539e+06,19,QOSDATA_TID6,1066
8.72557e+06,20,ACK,14
8.72561e+06,19,CTL,20
8.7257e+06,17,RTS,20
8.7257e+06,2,RTS,20
8.7257e+06,7,RTS,20
8.7257e+06,4,RTS,20
8.7257e+06,6,RTS,20
8.7257e+06,13,RTS,20
8.72581e+06,15,RTS,20
8.72588e+06,20,CTS,14
8.72594e+06,15,QOSDATA_TID6,1066
8.72612e+06,20,ACK,14
8.72616e+06,15,QOSDATA_TID6,1066
8.72635e+06,20,ACK,14
8.72639e+06,15,CTL,20
8.72648e+06,18,RTS,20
8.72648e+06,11,RTS,20
8.72661e+06,18,RTS,20
8.72661e+06,5,RTS,20
8.72668e+06,20,CTS,14
8.72674e+06,5,QOSDATA_TID6,1066
8.72692e+06,20,ACK,14
8.72697e+06,5,CTL,20
8.72706e+06,17,RTS,20
8.72706e+06,18,RTS,20
8.72706e+06,13,RTS,20
8.72706e+06,14,RTS,20
8.72713e+06,20,CTS,14
8.72719e+06,17,QOSDATA_TID6,1066
8.72738e+06,20,ACK,14
8.72742e+06,17,CTL,20
8.7275e+06,18,RTS,20
8.7275e+06,13,RTS,20
8.72761e+06,8,RTS,20
8.72768e+06,20,CTS,14
8.72774e+06,8,QOSDATA_TID6,1066
8.72792e+06,20,ACK,14
8.72797e+06,8,CTL,20
8.72807e+06,7,RTS,20
8.72807e+06,10,RTS,20
8.72807e+06,14,RTS,20
8.72814e+06,20,CTS,14
8.7282e+06,7,QOSDATA_TID6,1066
8.72838e+06,20,ACK,14
8.72843e+06,7,CTL,20
8.72852e+06,14,RTS,20
8.72859e+06,20,CTS,14
8.72865e+06,14,QOSDATA_TID6,1066
8.72884e+06,20,ACK,14
8.72888e+06,14,QOSDATA_TID6,1066
8.72906e+06,20,ACK,14
8.72911e+06,14,CTL,20
8.72919e+06,10,RTS,20
8.72926e+06,20,CTS,14
8.72932e+06,10,QOSDATA_TID6,1066
8.7295e+06,20,ACK,14
8.72955e+06,10,CTL,20
8.72964e+06,16,RTS,20
8.72964e+06,13,RTS,20
8.72973e+06,6,RTS,20
8.72973e+06,2,RTS,20
8.72973e+06,9,RTS,20
8.72984e+06,7,RTS,20
8.72984e+06,4,RTS,20
8.72991e+06,20,CTS,14
8.72997e+06,7,QOSDATA_TID6,1066
8.73015e+06,20,ACK,14
8.7302e+06,7,CTL,20
8.73029e+06,0,RTS,20
8.73036e+06,20,CTS,14
8.73042e+06,0,QOSDATA_TID6,1066
8.7306e+06,20,ACK,14
8.73065e+06,0,CTL,20
8.73073e+06,18,RTS,20
8.73073e+06,12,RTS,20
8.73073e+06,9,RTS,20
8.73073e+06,11,RTS,20
8.7308e+06,20,CTS,14
8.73086e+06,12,QOSDATA_TID6,1066
8.73104e+06,20,ACK,14
8.73109e+06,12,CTL,20
8.73118e+06,1,RTS,20
8.73118e+06,9,RTS,20
8.73124e+06,20,CTS,14
8.7313e+06,1,QOSDATA_TID6,1066
8.73149e+06,20,ACK,14
8.73153e+06,1,CTL,20
8.73162e+06,9,RTS,20
8.73168e+06,20,CTS,14
8.73174e+06,9,QOSDATA_TID6,1066
8.73193e+06,20,ACK,14
8.73197e+06,9,CTL,20
8.73206e+06,13,RTS,20
8.73213e+06,20,CTS,14
8.73219e+06,13,QOSDATA_TID6,1066
8.73237e+06,20,ACK,14
8.73242e+06,13,QOSDATA_TID6,1066
8.7326e+06,20,ACK,14
8.73264e+06,13,CTL,20
8.73273e+06,16,RTS,20
8.73273e+06,6,RTS,20
8.73273e+06,19,RTS,20
8.73273e+06,10,RTS,20
8.73284e+06,2,RTS,20
8.73284e+06,3,RTS,20
8.7329e+06,20,CTS,14
8.73296e+06,2,QOSDATA_TID6,1066
8.73315e+06,20,ACK,14
8.73319e+06,2,QOSDATA_TID6,1066
8.73338e+06,20,ACK,14
8.73342e+06,2,CTL,20
8.73351e+06,10,RTS,20
8.73351e+06,19,RTS,20
8.73357e+06,20,CTS,14
8.73363e+06,19,QOSDATA_TID6,1066
8.73382e+06,20,ACK,14
8.73386e+06,19,CTL,20
8.73396e+06,17,RTS,20
8.73396e+06,18,RTS,20
8.73396e+06,15,RTS,20
8.73402e+06,20,CTS,14
8.73408e+06,17,QOSDATA_TID6,1066
8.73427e+06,20,ACK,14
8.73431e+06,17,CTL,20
8.73442e+06,5,RTS,20
8.73442e+06,16,RTS,20
8.73442e+06,6,RTS,20
8.73448e+06,20,CTS,14
8.73454e+06,5,QOSDATA_TID6,1066
8.73473e+06,20,ACK,14
8.73477e+06,5,CTL,20
8.73486e+06,8,RTS,20
8.73486e+06,3,RTS,20
8.73486e+06,16,RTS,20
8.73493e+06,20,CTS,14
8.73499e+06,8,QOSDATA_TID6,1066
8.73517e+06,20,ACK,14
8.73522e+06,8,CTL,20
8.7353e+06,3,RTS,20
8.7353e+06,6,RTS,20
8.73537e+06,20,CTS,14
8.73543e+06,6,QOSDATA_TID6,1066
8.73561e+06,20,ACK,14
8.73566e+06,6,QOSDATA_TID6,1066
8.73584e+06,20,ACK,14
8.73589e+06,6,CTL,20
8.73598e+06,14,RTS,20
8.73605e+06,20,CTS,14
8.73611e+06,14,QOSDATA_TID6,1066
8.73629e+06,20,ACK,14
8.73634e+06,14,CTL,20
8.73642e+06,4,RTS,20
8.73649e+06,20,CTS,14
8.73655e+06,4,QOSDATA_TID6,1066
8.73674e+06,20,ACK,14
8.73678e+06,4,QOSDATA_TID6,1066
8.73696e+06,20,ACK,14
8.73701e+06,4,QOSDATA_TID6,1066
8.73719e+06,20,ACK,14
8.73724e+06,4,QOSDATA_TID6,1066
8.73742e+06,20,ACK,14
8.73746e+06,4,QOSDATA_TID6,1066
8.73765e+06,20,ACK,14
8.73769e+06,4,CTL,20
8.73778e+06,11,RTS,20
8.73778e+06,7,RTS,20
8.73778e+06,18,RTS,20
8.73788e+06,15,RTS,20
8.73794e+06,20,CTS,14
8.738e+06,15,QOSDATA_TID6,1066
8.73819e+06,20,ACK,14
8.73823e+06,15,CTL,20
8.73833e+06,0,RTS,20
8.73833e+06,10,RTS,20
8.73839e+06,20,CTS,14
8.73845e+06,0,QOSDATA_TID6,1066
8.73864e+06,20,ACK,14
8.73868e+06,0,CTL,20
8.73877e+06,10,RTS,20
8.73877e+06,16,RTS,20
8.7389e+06,10,RTS,20
8.73897e+06,20,CTS,14
8.73903e+06,10,QOSDATA_TID6,1066
8.73921e+06,20,ACK,14
8.73926e+06,10,CTL,20
8.73934e+06,17,RTS,20
8.73941e+06,20,CTS,14
8.73947e+06,17,QOSDATA_TID6,1066
8.73965e+06,20,ACK,14
8.7397e+06,17,CTL,20
8.73978e+06,12,RTS,20
8.73978e+06,16,RTS,20
8.73978e+06,6,RTS,20
8.73985e+06,20,CTS,14
8.73991e+06,12,QOSDATA_TID6,1066
8.7401e+06,20,ACK,14
8.74014e+06,12,CTL,20
8.74022e+06,16,RTS,20
8.74022e+06,9,RTS,20
8.74032e+06,19,RTS,20
8.74032e+06,5,RTS,20
8.74039e+06,20,CTS,14
8.74045e+06,5,QOSDATA_TID6,1066
8.74064e+06,20,ACK,14
8.74068e+06,5,CTL,20
8.74076e+06,16,RTS,20
8.74083e+06,20,CTS,14
8.74089e+06,16,QOSDATA_TID6,1066
8.74108e+06,20,ACK,14
8.74112e+06,16,QOSDATA_TID6,1066
8.7413e+06,20,ACK,14
8.74135e+06,16,CTL,20
8.74144e+06,1,RTS,20
8.74144e+06,13,RTS,20
8.74144e+06,2,RTS,20
8.74144e+06,3,RTS,20
8.74144e+06,15,RTS,20
8.74144e+06,10,RTS,20
8.74154e+06,7,RTS,20
8.74161e+06,20,CTS,14
8.74167e+06,7,QOSDATA_TID6,1066
8.74185e+06,20,ACK,14
8.7419e+06,7,CTL,20
8.74198e+06,4,RTS,20
8.74205e+06,20,CTS,14
8.74211e+06,4,QOSDATA_TID6,1066
8.7423e+06,20,ACK,14
8.74234e+06,4,CTL,20
8.74243e+06,19,RTS,20
8.74243e+06,9,RTS,20
8.74249e+06,20,CTS,14
8.74255e+06,19,QOSDATA_TID6,1066
8.74274e+06,20,ACK,14
8.74278e+06,19,CTL,20
8.74287e+06,8,RTS,20
8.74294e+06,20,CTS,14
8.743e+06,8,QOSDATA_TID6,1066
8.74318e+06,20,ACK,14
8.74322e+06,8,CTL,20
8.74331e+06,6,RTS,20
8.74338e+06,20,CTS,14
8.74344e+06,6,QOSDATA_TID6,1066
8.74362e+06,20,ACK,14
8.74367e+06,6,CTL,20
8.74375e+06,18,RTS,20
8.74375e+06,13,RTS,20
8.74375e+06,11,RTS,20
8.74386e+06,14,RTS,20
8.74393e+06,20,CTS,14
8.74399e+06,14,QOSDATA_TID6,1066
8.74417e+06,20,ACK,14
8.74422e+06,14,CTL,20
8.74431e+06,15,RTS,20
8.74431e+06,1,RTS,20
8.74431e+06,3,RTS,20
8.74443e+06,18,RTS,20
8.7445e+06,20,CTS,14
8.74456e+06,18,QOSDATA_TID6,1066
8.74474e+06,20,ACK,14
8.74478e+06,18,QOSDATA_TID6,1066
8.74497e+06,20,ACK,14
8.74501e+06,18,CTL,20
8.7451e+06,0,RTS,20
8.7451e+06,16,RTS,20
8.74516e+06,20,CTS,14
8.74522e+06,0,QOSDATA_TID6,1066
8.74541e+06,20,ACK,14
8.74545e+06,0,CTL,20
8.74556e+06,2,RTS,20
8.74562e+06,20,CTS,14
8.74568e+06,2,QOSDATA_TID6,1066
8.74587e+06,20,ACK,14
8.74591e+06,2,CTL,20
8.746e+06,3,RTS,20
8.746e+06,9,RTS,20
8.746e+06,7,RTS,20
8.74607e+06,20,CTS,14
8.74613e+06,7,QOSDATA_TID6,1066
8.74631e+06,20,ACK,14
8.74636e+06,7,CTL,20
8.74644e+06,12,RTS,20
8.74651e+06,20,CTS,14
8.74657e+06,12,QOSDATA_TID6,1066
8.74675e+06,20,ACK,14
8.7468e+06,12,CTL,20
8.74688e+06,13,RTS,20
8.74688e+06,10,RTS,20
8.74698e+06,19,RTS,20
8.74705e+06,20,CTS,14
8.74711e+06,19,QOSDATA_TID6,1066
8.74729e+06,20,ACK,14
8.74734e+06,19,CTL,20
8.74742e+06,1,RTS,20
8.74742e+06,13,RTS,20
8.74749e+06,20,CTS,14
8.74755e+06,1,QOSDATA_TID6,1066
8.74774e+06,20,ACK,14
8.74778e+06,1,QOSDATA_TID6,1066
8.74796e+06,20,ACK,14
8.74801e+06,1,CTL,20
8.7481e+06,11,RTS,20
8.7481e+06,16,RTS,20
8.7482e+06,13,RTS,20
8.7482e+06,15,RTS,20
8.7482e+06,6,RTS,20
8.7483e+06,5,RTS,20
8.7483e+06,17,RTS,20
8.7483e+06,3,RTS,20
8.7484e+06,16,RTS,20
8.7484e+06,15,RTS,20
8.74852e+06,3,RTS,20
8.74859e+06,20,CTS,14
8.74865e+06,3,QOSDATA_TID6,1066
8.74883e+06,20,ACK,14
8.74888e+06,3,QOSDATA_TID6,1066
8.74906e+06,20,ACK,14
8.7491e+06,3,CTL,20
8.74919e+06,9,RTS,20
8.74919e+06,2,RTS,20
8.74919e+06,10,RTS,20
8.74919e+06,17,RTS,20
8.74919e+06,4,RTS,20
8.7493e+06,15,RTS,20
8.74937e+06,20,CTS,14
8.74943e+06,15,QOSDATA_TID6,1066
8.74961e+06,20,ACK,14
8.74965e+06,15,QOSDATA_TID6,1066
8.74984e+06,20,ACK,14
8.74988e+06,15,CTL,20
8.74997e+06,6,RTS,20
8.75004e+06,20,CTS,14
8.7501e+06,6,QOSDATA_TID6,1066
8.75028e+06,20,ACK,14
8.75032e+06,6,CTL,20
8.75041e+06,18,RTS,20
8.75041e+06,5,RTS,20
8.75041e+06,17,RTS,20
8.75052e+06,2,RTS,20
8.75052e+06,9,RTS,20
8.75052e+06,13,RTS,20
8.75062e+06,4,RTS,20
8.75068e+06,20,CTS,14
8.75074e+06,4,QOSDATA_TID6,1066
8.75093e+06,20,ACK,14
8.75097e+06,4,CTL,20
8.75106e+06,11,RTS,20
8.75106e+06,17,RTS,20
8.75106e+06,2,RTS,20
8.75113e+06,20,CTS,14
8.75119e+06,17,QOSDATA_TID6,1066
8.75137e+06,20,ACK,14
8.75141e+06,17,CTL,20
8.7515e+06,14,RTS,20
8.75157e+06,20,CTS,14
8.75163e+06,14,QOSDATA_TID6,1066
8.75181e+06,20,ACK,14
8.75186e+06,14,CTL,20
8.75194e+06,18,RTS,20
8.75194e+06,5,RTS,20
8.75201e+06,20,CTS,14
8.75207e+06,5,QOSDATA_TID6,1066
8.75225e+06,20,ACK,14
8.7523e+06,5,CTL,20
8.75239e+06,8,RTS,20
8.75246e+06,20,CTS,14
8.75252e+06,8,QOSDATA_TID6,1066
8.7527e+06,20,ACK,14
8.75275e+06,8,CTL,20
8.75284e+06,2,RTS,20
8.75284e+06,9,RTS,20
8.75284e+06,10,RTS,20
8.75294e+06,11,RTS,20
8.75294e+06,16,RTS,20
8.75294e+06,13,RTS,20
8.75304e+06,18,RTS,20
8.75311e+06,20,CTS,14
8.75317e+06,18,QOSDATA_TID6,1066
8.75335e+06,20,ACK,14
8.7534e+06,18,CTL,20
8.75348e+06,7,RTS,20
8.75355e+06,20,CTS,14
8.75361e+06,7,QOSDATA_TID6,1066
8.75379e+06,20,ACK,14
8.75384e+06,7,CTL,20
8.75392e+06,16,RTS,20
8.75399e+06,20,CTS,14
8.75405e+06,16,QOSDATA_TID6,1066
8.75424e+06,20,ACK,14
8.75428e+06,16,QOSDATA_TID6,1066
8.75446e+06,20,ACK,14
8.75451e+06,16,CTL,20
8.75459e+06,12,RTS,20
8.75459e+06,0,RTS,20
8.75466e+06,20,CTS,14
8.75472e+06,12,QOSDATA_TID6,1066
8.75491e+06,20,ACK,14
8.75495e+06,12,CTL,20
8.75504e+06,3,RTS,20
8.7551e+06,20,CTS,14
8.75516e+06,3,QOSDATA_TID6,1066
8.75535e+06,20,ACK,14
8.75539e+06,3,CTL,20
8.75548e+06,9,RTS,20
8.75548e+06,17,RTS,20
8.75548e+06,11,RTS,20
8.75555e+06,20,CTS,14
8.75561e+06,17,QOSDATA_TID6,1066
8.75579e+06,20,ACK,14
8.75583e+06,17,CTL,20
8.75593e+06,19,RTS,20
8.756e+06,20,CTS,14
8.75606e+06,19,QOSDATA_TID6,1066
8.75624e+06,20,ACK,14
8.75628e+06,19,CTL,20
8.75637e+06,1,RTS,20
8.75637e+06,5,RTS,20
8.75637e+06,0,RTS,20
8.75637e+06,6,RTS,20
8.75644e+06,20,CTS,14
8.7565e+06,5,QOSDATA_TID6,1066
8.75668e+06,20,ACK,14
8.75673e+06,5,CTL,20
8.75681e+06,2,RTS,20
8.75688e+06,20,CTS,14
8.75694e+06,2,QOSDATA_TID6,1066
8.75712e+06,20,ACK,14
8.75717e+06,2,QOSDATA_TID6,1066
8.75735e+06,20,ACK,14
8.7574e+06,2,CTL,20
8.75748e+06,10,RTS,20
8.75748e+06,13,RTS,20
8.75761e+06,10,RTS,20
8.75768e+06,20,CTS,14
8.75774e+06,10,QOSDATA_TID6,1066
8.75793e+06,20,ACK,14
8.75797e+06,10,QOSDATA_TID6,1066
8.75815e+06,20,ACK,14
8.7582e+06,10,QOSDATA_TID6,1066
8.75838e+06,20,ACK,14
8.75843e+06,10,CTL,20
8.75851e+06,0,CTS,14
8.75851e+06,1,RTS,20
8.75851e+06,13,RTS,20
8.75862e+06,0,RTS,20
8.75868e+06,20,CTS,14
8.75874e+06,0,QOSDATA_TID6,1066
8.75893e+06,20,ACK,14
8.75897e+06,0,CTL,20
8.75906e+06,15,RTS,20
8.75906e+06,11,RTS,20
8.75917e+06,9,RTS,20
8.75917e+06,18,RTS,20
8.75923e+06,20,CTS,14
8.75929e+06,18,QOSDATA_TID6,1066
8.75948e+06,20,ACK,14
8.75952e+06,18,CTL,20
8.75962e+06,9,RTS,20
8.75962e+06,1,RTS,20
8.75962e+06,13,RTS,20
8.75972e+06,4,RTS,20
8.75978e+06,20,CTS,14
8.75984e+06,4,QOSDATA_TID6,1066
8.76003e+06,20,ACK,14
8.76007e+06,4,CTL,20
8.76017e+06,14,RTS,20
8.76023e+06,20,CTS,14
8.76029e+06,14,QOSDATA_TID6,1066
8.76048e+06,20,ACK,14
8.76052e+06,14,CTL,20
8.76061e+06,8,RTS,20
8.76061e+06,11,RTS,20
8.76068e+06,20,CTS,14
8.76074e+06,8,QOSDATA_TID6,1066
8.76092e+06,20,ACK,14
8.76096e+06,8,CTL,20
8.76106e+06,9,RTS,20
8.76106e+06,15,RTS,20
8.76113e+06,20,CTS,14
8.76119e+06,15,QOSDATA_TID6,1066
8.76137e+06,20,ACK,14
8.76142e+06,15,CTL,20
8.7615e+06,0,RTS,20
8.76157e+06,20,CTS,14
8.76163e+06,0,QOSDATA_TID6,1066
8.76181e+06,20,ACK,14
8.76186e+06,0,CTL,20
8.76194e+06,11,RTS,20
8.76201e+06,20,CTS,14
8.76207e+06,11,QOSDATA_TID6,1066
8.76226e+06,20,ACK,14
8.7623e+06,11,QOSDATA_TID6,1066
8.76248e+06,20,ACK,14
8.76253e+06,11,QOSDATA_TID6,1066
8.76271e+06,20,ACK,14
8.76276e+06,11,QOSDATA_TID6,1066
8.76294e+06,20,ACK,14
8.76298e+06,11,QOSDATA_TID6,1066
8.76317e+06,20,ACK,14
8.76321e+06,11,QOSDATA_TID6,1066
8.7634e+06,20,ACK,14
8.76344e+06,11,QOSDATA_TID6,1066
8.76362e+06,20,ACK,14
8.76367e+06,11,QOSDATA_TID6,1066
8.76385e+06,20,ACK,14
8.7639e+06,11,CTL,20
8.76398e+06,16,RTS,20
8.76398e+06,1,RTS,20
8.76398e+06,12,RTS,20
8.76398e+06,6,RTS,20
8.76409e+06,3,RTS,20
8.76416e+06,20,CTS,14
8.76422e+06,3,QOSDATA_TID6,1066
8.7644e+06,20,ACK,14
8.76444e+06,3,CTL,20
8.76453e+06,5,RTS,20
8.76453e+06,1,RTS,20
8.76453e+06,17,RTS,20
8.76453e+06,13,RTS,20
8.76463e+06,15,RTS,20
8.76463e+06,2,RTS,20
8.76463e+06,10,RTS,20
8.76463e+06,9,RTS,20
8.76473e+06,17,RTS,20
8.76473e+06,7,RTS,20
8.76484e+06,4,RTS,20
8.76491e+06,20,CTS,14
8.76497e+06,4,QOSDATA_TID6,1066
8.76515e+06,20,ACK,14
8.7652e+06,4,CTL,20
8.76528e+06,16,RTS,20
8.76528e+06,2,RTS,20
8.76528e+06,6,RTS,20
8.76538e+06,19,RTS,20
8.76545e+06,20,CTS,14
8.76551e+06,19,QOSDATA_TID6,1066
8.7657e+06,20,ACK,14
8.76574e+06,19,CTL,20
8.76583e+06,17,RTS,20
8.76583e+06,12,RTS,20
8.76583e+06,13,RTS,20
8.76583e+06,15,RTS,20
8.76593e+06,16,RTS,20
8.76593e+06,9,RTS,20
8.76605e+06,15,RTS,20
8.76612e+06,20,CTS,14
8.76618e+06,15,QOSDATA_TID6,1066
8.76636e+06,20,ACK,14
8.7664e+06,15,CTL,20
8.76649e+06,5,RTS,20
8.76649e+06,17,RTS,20
8.76656e+06,20,CTS,14
8.76662e+06,5,QOSDATA_TID6,1066
8.7668e+06,20,ACK,14
8.76685e+06,5,CTL,20
8.76693e+06,17,RTS,20
8.76693e+06,9,RTS,20
8.76693e+06,10,RTS,20
8.767e+06,20,CTS,14
8.76706e+06,17,QOSDATA_TID6,1066
8.76724e+06,20,ACK,14
8.76729e+06,17,CTL,20
8.76737e+06,14,RTS,20
8.76744e+06,20,CTS,14
8.7675e+06,14,QOSDATA_TID6,1066
8.76769e+06,20,ACK,14
8.76773e+06,14,CTL,20
8.76782e+06,12,RTS,20
8.76782e+06,2,RTS,20
8.76782e+06,16,RTS,20
8.76788e+06,20,CTS,14
8.76794e+06,12,QOSDATA_TID6,1066
8.76813e+06,20,ACK,14
8.76817e+06,12,CTL,20
8.76826e+06,6,RTS,20
8.76833e+06,20,CTS,14
8.76839e+06,6,QOSDATA_TID6,1066
8.76857e+06,20,ACK,14
8.76861e+06,6,QOSDATA_TID6,1066
8.7688e+06,20,ACK,14
8.76884e+06,6,CTL,20
8.76893e+06,18,RTS,20
8.76893e+06,10,RTS,20
8.76903e+06,8,RTS,20
8.76909e+06,20,CTS,14
8.76915e+06,8,QOSDATA_TID6,1066
8.76934e+06,20,ACK,14
8.76938e+06,8,CTL,20
8.76948e+06,7,RTS,20
8.76948e+06,9,RTS,20
8.76948e+06,18,RTS,20
8.76958e+06,1,RTS,20
8.76964e+06,20,CTS,14
8.7697e+06,1,QOSDATA_TID6,1066
8.76989e+06,20,ACK,14
8.76993e+06,1,QOSDATA_TID6,1066
8.77012e+06,20,ACK,14
8.77016e+06,1,CTL,20
8.77024e+06,7,RTS,20
8.77024e+06,18,RTS,20
8.77031e+06,20,CTS,14
8.77037e+06,7,QOSDATA_TID6,1066
8.77056e+06,20,ACK,14
8.7706e+06,7,QOSDATA_TID6,1066
8.77078e+06,20,ACK,14
8.77083e+06,7,CTL,20
8.77092e+06,3,RTS,20
8.77099e+06,20,CTS,14
8.77105e+06,3,QOSDATA_TID6,1066
8.77124e+06,20,ACK,14
8.77128e+06,3,CTL,20
8.77137e+06,2,RTS,20
8.77137e+06,17,RTS,20
8.77137e+06,6,RTS,20
8.77137e+06,11,RTS,20
8.77137e+06,13,RTS,20
8.77148e+06,18,RTS,20
8.77155e+06,20,CTS,14
8.77161e+06,18,QOSDATA_TID6,1066
8.77179e+06,20,ACK,14
8.77184e+06,18,CTL,20
8.77193e+06,10,RTS,20
8.77193e+06,0,RTS,20
8.77193e+06,1,RTS,20
8.77193e+06,12,RTS,20
8.77193e+06,16,RTS,20
8.77205e+06,13,RTS,20
8.77205e+06,2,RTS,20
8.77205e+06,9,RTS,20
8.77216e+06,0,RTS,20
8.77222e+06,20,CTS,14
8.77228e+06,0,QOSDATA_TID6,1066
8.77247e+06,20,ACK,14
8.77251e+06,0,CTL,20
8.7726e+06,17,RTS,20
8.77267e+06,20,CTS,14
8.77273e+06,17,QOSDATA_TID6,1066
8.77291e+06,20,ACK,14
8.77295e+06,17,CTL,20
8.77304e+06,5,RTS,20
8.77304e+06,19,RTS,20
8.77304e+06,12,RTS,20
8.77304e+06,11,RTS,20
8.77304e+06,2,RTS,20
8.77304e+06,13,RTS,20
8.77304e+06,15,RTS,20
8.77314e+06,1,RTS,20
8.77321e+06,20,CTS,14
8.77327e+06,1,QOSDATA_TID6,1066
8.77345e+06,20,ACK,14
8.7735e+06,1,CTL,20
8.77358e+06,12,RTS,20
8.77358e+06,6,RTS,20
8.77365e+06,20,CTS,14
8.77371e+06,12,QOSDATA_TID6,1066
8.77389e+06,20,ACK,14
8.77394e+06,12,CTL,20
8.77402e+06,9,RTS,20
8.77409e+06,20,CTS,14
8.77415e+06,9,QOSDATA_TID6,1066
8.77434e+06,20,ACK,14
8.77438e+06,9,QOSDATA_TID6,1066
8.77456e+06,20,ACK,14
8.77461e+06,9,QOSDATA_TID6,1066
8.77479e+06,20,ACK,14
8.77484e+06,9,CTL,20
8.77492e+06,10,RTS,20
8.77492e+06,13,RTS,20
8.77505e+06,8,RTS,20
8.77505e+06,19,RTS,20
8.77511e+06,20,CTS,14
8.77517e+06,8,QOSDATA_TID6,1066
8.77536e+06,20,ACK,14
8.7754e+06,8,CTL,20
8.7755e+06,11,RTS,20
8.7755e+06,16,RTS,20
8.7755e+06,4,RTS,20
8.7755e+06,6,RTS,20
8.7755e+06,10,RTS,20
8.77561e+06,5,RTS,20
8.77568e+06,20,CTS,14
8.77574e+06,5,QOSDATA_TID6,1066
8.77592e+06,20,ACK,14
8.77597e+06,5,CTL,20
8.77606e+06,10,RTS,20
8.77606e+06,13,RTS,20
8.77616e+06,19,RTS,20
8.77623e+06,20,CTS,14
8.77629e+06,19,QOSDATA_TID6,1066
8.77647e+06,20,ACK,14
8.77652e+06,19,CTL,20
8.77661e+06,4,RTS,20
8.77661e+06,15,RTS,20
8.77668e+06,20,CTS,14
8.77674e+06,15,QOSDATA_TID6,1066
8.77692e+06,20,ACK,14
8.77697e+06,15,CTL,20
8.77707e+06,14,RTS,20
8.77707e+06,11,RTS,20
8.77707e+06,16,RTS,20
8.77717e+06,18,RTS,20
8.77724e+06,20,CTS,14
8.7773e+06,18,QOSDATA_TID6,1066
8.77748e+06,20,ACK,14
8.77753e+06,18,CTL,20
8.77762e+06,10,RTS,20
8.77762e+06,14,RTS,20
8.77762e+06,7,RTS,20
8.77762e+06,4,RTS,20
8.77774e+06,0,RTS,20
8.77781e+06,20,CTS,14
8.77787e+06,0,QOSDATA_TID6,1066
8.77805e+06,20,ACK,14
8.77809e+06,0,CTL,20
8.77818e+06,10,RTS,20
8.77825e+06,20,CTS,14
8.77831e+06,10,QOSDATA_TID6,1066
8.77849e+06,20,ACK,14
8.77854e+06,10,CTL,20
8.77862e+06,3,RTS,20
8.77869e+06,20,CTS,14
8.77875e+06,3,QOSDATA_TID6,1066
8.77893e+06,20,ACK,14
8.77898e+06,3,CTL,20
8.77906e+06,9,RTS,20
8.77906e+06,12,RTS,20
8.77906e+06,16,RTS,20
8.77906e+06,4,RTS,20
8.77906e+06,13,RTS,20
8.77913e+06,20,CTS,14
8.77919e+06,12,QOSDATA_TID6,1066
8.77938e+06,20,ACK,14
8.77942e+06,12,CTL,20
8.77951e+06,16,RTS,20
8.77951e+06,4,RTS,20
8.77951e+06,13,RTS,20
8.7796e+06,17,RTS,20
8.7796e+06,2,RTS,20
8.7796e+06,9,RTS,20
8.77967e+06,20,CTS,14
8.77973e+06,17,QOSDATA_TID6,1066
8.77992e+06,20,ACK,14
8.77996e+06,17,CTL,20
8.78006e+06,19,RTS,20
8.78006e+06,7,RTS,20
8.78006e+06,11,RTS,20
8.78006e+06,16,RTS,20
8.78016e+06,4,RTS,20
8.78016e+06,14,RTS,20
8.78026e+06,9,RTS,20
8.78033e+06,20,CTS,14
8.78039e+06,9,QOSDATA_TID6,1066
8.78057e+06,20,ACK,14
8.78062e+06,9,CTL,20
8.7807e+06,15,RTS,20
8.78077e+06,20,CTS,14
8.78083e+06,15,QOSDATA_TID6,1066
8.78102e+06,20,ACK,14
8.78106e+06,15,CTL,20
8.78114e+06,14,RTS,20
8.78114e+06,11,RTS,20
8.78114e+06,10,RTS,20
8.78125e+06,13,RTS,20
8.78132e+06,20,CTS,14
8.78138e+06,13,QOSDATA_TID6,1066
8.78156e+06,20,ACK,14
8.78161e+06,13,QOSDATA_TID6,1066
8.78179e+06,20,ACK,14
8.78184e+06,13,QOSDATA_TID6,1066
8.78202e+06,20,ACK,14
8.78206e+06,13,QOSDATA_TID6,1066
8.78225e+06,20,ACK,14
8.78229e+06,13,CTL,20
8.78238e+06,5,RTS,20
8.78245e+06,20,CTS,14
8.78251e+06,5,QOSDATA_TID6,1066
8.78269e+06,20,ACK,14
8.78273e+06,5,CTL,20
8.78282e+06,8,RTS,20
8.78282e+06,7,RTS,20
8.78292e+06,11,RTS,20
8.78292e+06,6,RTS,20
8.78292e+06,18,RTS,20
8.78305e+06,18,RTS,20
8.78312e+06,20,CTS,14
8.78318e+06,18,QOSDATA_TID6,1066
8.78336e+06,20,ACK,14
8.7834e+06,18,CTL,20
8.78349e+06,7,RTS,20
8.78356e+06,20,CTS,14
8.78362e+06,7,QOSDATA_TID6,1066
8.7838e+06,20,ACK,14
8.78385e+06,7,CTL,20
8.78393e+06,1,RTS,20
8.78393e+06,2,RTS,20
8.78393e+06,10,RTS,20
8.78404e+06,6,RTS,20
8.78411e+06,20,CTS,14
8.78417e+06,6,QOSDATA_TID6,1066
8.78435e+06,20,ACK,14
8.7844e+06,6,QOSDATA_TID6,1066
8.78458e+06,20,ACK,14
8.78462e+06,6,CTL,20
8.78471e+06,2,RTS,20
8.78478e+06,20,CTS,14
8.78484e+06,2,QOSDATA_TID6,1066
8.78502e+06,20,ACK,14
8.78507e+06,2,QOSDATA_TID6,1066
8.78525e+06,20,ACK,14
8.78529e+06,2,CTL,20
8.78538e+06,8,RTS,20
8.78538e+06,1,RTS,20
8.78538e+06,11,RTS,20
8.78538e+06,14,RTS,20
8.78548e+06,7,RTS,20
8.78548e+06,10,RTS,20
8.78555e+06,20,CTS,14
8.78561e+06,7,QOSDATA_TID6,1066
8.78579e+06,20,ACK,14
8.78583e+06,7,CTL,20
8.78593e+06,16,RTS,20
8.78593e+06,9,RTS,20
8.78604e+06,19,RTS,20
8.78604e+06,14,RTS,20
8.7861e+06,20,CTS,14
8.78616e+06,19,QOSDATA_TID6,1066
8.78635e+06,20,ACK,14
8.78639e+06,19,CTL,20
8.78649e+06,12,RTS,20
8.78649e+06,16,RTS,20
8.78656e+06,20,CTS,14
8.78662e+06,12,QOSDATA_TID6,1066
8.7868e+06,20,ACK,14
8.78684e+06,12,CTL,20
8.78693e+06,16,RTS,20
8.787e+06,20,CTS,14
8.78706e+06,16,QOSDATA_TID6,1066
8.78724e+06,20,ACK,14
8.78728e+06,16,QOSDATA_TID6,1066
8.78747e+06,20,ACK,14
8.78751e+06,16,QOSDATA_TID6,1066
8.7877e+06,20,ACK,14
8.78774e+06,16,CTL,20
8.78783e+06,3,RTS,20
8.78783e+06,6,RTS,20
8.7879e+06,20,CTS,14
8.78796e+06,6,QOSDATA_TID6,1066
8.78814e+06,20,ACK,14
8.78818e+06,6,CTL,20
8.78828e+06,0,RTS,20
8.78828e+06,11,RTS,20
8.78828e+06,4,RTS,20
8.78838e+06,3,RTS,20
8.78844e+06,20,CTS,14
8.7885e+06,3,QOSDATA_TID6,1066
8.78869e+06,20,ACK,14
8.78873e+06,3,CTL,20
8.78882e+06,9,RTS,20
8.78889e+06,20,CTS,14
8.78895e+06,9,QOSDATA_TID6,1066
8.78913e+06,20,ACK,14
8.78918e+06,9,CTL,20
8.78926e+06,5,RTS,20
8.78926e+06,4,RTS,20
8.78926e+06,13,RTS,20
8.78933e+06,20,CTS,14
8.78939e+06,5,QOSDATA_TID6,1066
8.78957e+06,20,ACK,14
8.78962e+06,5,CTL,20
8.78971e+06,17,RTS,20
8.78971e+06,1,RTS,20
8.78971e+06,10,RTS,20
8.78971e+06,15,RTS,20
8.78971e+06,14,RTS,20
8.78982e+06,8,RTS,20
8.78989e+06,20,CTS,14
8.78995e+06,8,QOSDATA_TID6,1066
8.79013e+06,20,ACK,14
8.79018e+06,8,CTL,20
8.79026e+06,17,RTS,20
8.79026e+06,19,RTS,20
8.79026e+06,2,RTS,20
8.79026e+06,0,RTS,20
8.79026e+06,13,RTS,20
8.79026e+06,14,RTS,20
8.79036e+06,4,RTS,20
8.79043e+06,20,CTS,14
8.79049e+06,4,QOSDATA_TID6,1066
8.79067e+06,20,ACK,14
8.79072e+06,4,QOSDATA_TID6,1066
8.7909e+06,20,ACK,14
8.79094e+06,4,CTL,20
8.79103e+06,11,RTS,20
8.79103e+06,1,RTS,20
8.79103e+06,19,RTS,20
8.79103e+06,0,CTS,14
8.79103e+06,14,RTS,20
8.79118e+06,19,RTS,20
8.79118e+06,0,RTS,20
8.7913e+06,2,RTS,20
8.79137e+06,20,CTS,14
8.79143e+06,2,QOSDATA_TID6,1066
8.79162e+06,20,ACK,14
8.79166e+06,2,CTL,20
8.79175e+06,10,RTS,20
8.79175e+06,0,RTS,20
8.79175e+06,13,RTS,20
8.79188e+06,8,RTS,20
8.79188e+06,11,RTS,20
8.79195e+06,20,CTS,14
8.79201e+06,8,QOSDATA_TID6,1066
8.79219e+06,20,ACK,14
8.79224e+06,8,CTL,20
8.79232e+06,0,RTS,20
8.79232e+06,15,RTS,20
8.79244e+06,11,RTS,20
8.7925e+06,20,CTS,14
8.79256e+06,11,QOSDATA_TID6,1066
8.79275e+06,20,ACK,14
8.79279e+06,11,QOSDATA_TID6,1066
8.79298e+06,20,ACK,14
8.79302e+06,11,CTL,20
8.79312e+06,16,RTS,20
8.79312e+06,19,RTS,20
8.79312e+06,13,RTS,20
8.79312e+06,10,RTS,20
8.79327e+06,0,RTS,20
8.79327e+06,14,RTS,20
8.79334e+06,20,CTS,14
8.7934e+06,0,QOSDATA_TID6,1066
8.79358e+06,20,ACK,14
8.79362e+06,0,QOSDATA_TID6,1066
8.79381e+06,20,ACK,14
8.79385e+06,0,CTL,20
8.79395e+06,9,RTS,20
8.79395e+06,19,RTS,20
8.79402e+06,20,CTS,14
8.79408e+06,19,QOSDATA_TID6,1066
8.79426e+06,20,ACK,14
8.7943e+06,19,CTL,20
8.79439e+06,12,RTS,20
8.79439e+06,15,RTS,20
8.79446e+06,20,CTS,14
8.79452e+06,12,QOSDATA_TID6,1066
8.7947e+06,20,ACK,14
8.79474e+06,12,CTL,20
8.79484e+06,11,RTS,20
8.79484e+06,14,RTS,20
8.79484e+06,18,RTS,20
8.79496e+06,13,RTS,20
8.79503e+06,20,CTS,14
8.79509e+06,13,QOSDATA_TID6,1066
8.79528e+06,20,ACK,14
8.79532e+06,13,QOSDATA_TID6,1066
8.7955e+06,20,ACK,14
8.79555e+06,13,CTL,20
8.79564e+06,18,RTS,20
8.7957e+06,20,CTS,14
8.79576e+06,18,QOSDATA_TID6,1066
8.79595e+06,20,ACK,14
8.79599e+06,18,CTL,20
8.79608e+06,14,RTS,20
8.79608e+06,19,RTS,20
8.79615e+06,20,CTS,14
8.79621e+06,19,QOSDATA_TID6,1066
8.79639e+06,20,ACK,14
8.79643e+06,19,CTL,20
8.79652e+06,10,RTS,20
8.79659e+06,20,CTS,14
8.79665e+06,10,QOSDATA_TID6,1066
8.79683e+06,20,ACK,14
8.79688e+06,10,QOSDATA_TID6,1066
8.79706e+06,20,ACK,14
8.7971e+06,10,QOSDATA_TID6,1066
8.79729e+06,20,ACK,14
8.79733e+06,10,CTL,20
8.79742e+06,5,RTS,20
8.79742e+06,11,RTS,20
8.79742e+06,16,RTS,20
8.79742e+06,4,RTS,20
8.79749e+06,20,CTS,14
8.79755e+06,5,QOSDATA_TID6,1066
8.79773e+06,20,ACK,14
8.79777e+06,5,CTL,20
8.79786e+06,1,RTS,20
8.79786e+06,3,RTS,20
8.79786e+06,6,RTS,20
8.798e+06,1,RTS,20
8.79807e+06,20,CTS,14
8.79813e+06,1,QOSDATA_TID6,1066
8.79831e+06,20,ACK,14
8.79836e+06,1,QOSDATA_TID6,1066
8.79854e+06,20,ACK,14
8.79858e+06,1,QOSDATA_TID6,1066
8.79877e+06,20,ACK,14
8.79881e+06,1,CTL,20
8.79891e+06,17,RTS,20
8.79891e+06,7,RTS,20
8.79891e+06,9,RTS,20
8.79891e+06,14,RTS,20
8.799e+06,11,RTS,20
8.79907e+06,20,CTS,14
8.79913e+06,11,QOSDATA_TID6,1066
8.79932e+06,20,ACK,14
8.79936e+06,11,CTL,20
8.79945e+06,7,RTS,20
8.79952e+06,20,CTS,14
8.79958e+06,7,QOSDATA_TID6,1066
8.79976e+06,20,ACK,14
8.7998e+06,7,CTL,20
8.79989e+06,16,RTS,20
8.79989e+06,18,RTS,20
8.8e+06,15,RTS,20
8.80006e+06,20,CTS,14
8.80012e+06,15,QOSDATA_TID6,1066
8.80031e+06,20,ACK,14
8.80035e+06,15,QOSDATA_TID6,1066
8.80054e+06,20,ACK,14
8.80058e+06,15,CTL,20
8.80067e+06,18,RTS,20
8.80073e+06,20,CTS,14
8.80079e+06,18,QOSDATA_TID6,1066
8.80098e+06,20,ACK,14
8.80102e+06,18,CTL,20
8.80111e+06,2,RTS,20
8.80111e+06,0,RTS,20
8.80111e+06,3,RTS,20
8.80111e+06,14,RTS,20
8.80121e+06,8,RTS,20
8.80127e+06,20,CTS,14
8.80133e+06,8,QOSDATA_TID6,1066
8.80152e+06,20,ACK,14
8.80156e+06,8,CTL,20
8.80165e+06,17,RTS,20
8.80165e+06,16,RTS,20
8.80165e+06,13,RTS,20
8.80172e+06,20,CTS,14
8.80178e+06,17,QOSDATA_TID6,1066
8.80196e+06,20,ACK,14
8.802e+06,17,QOSDATA_TID6,1066
8.80219e+06,20,ACK,14
8.80223e+06,17,CTL,20
8.80232e+06,6,RTS,20
8.80239e+06,20,CTS,14
8.80245e+06,6,QOSDATA_TID6,1066
8.80263e+06,20,ACK,14
8.80267e+06,6,CTL,20
8.80276e+06,7,RTS,20
8.80276e+06,13,RTS,20
8.80283e+06,20,CTS,14
8.80289e+06,7,QOSDATA_TID6,1066
8.80307e+06,20,ACK,14
8.80312e+06,7,CTL,20
8.8032e+06,1,RTS,20
8.8032e+06,19,RTS,20
8.8032e+06,9,RTS,20
8.8033e+06,6,RTS,20
8.8033e+06,11,RTS,20
8.8033e+06,4,RTS,20
8.8034e+06,9,RTS,20
8.80347e+06,20,CTS,14
8.80353e+06,9,QOSDATA_TID6,1066
8.80371e+06,20,ACK,14
8.80375e+06,9,QOSDATA_TID6,1066
8.80394e+06,20,ACK,14
8.80398e+06,9,CTL,20
8.80408e+06,2,RTS,20
8.80408e+06,17,RTS,20
8.80408e+06,12,RTS,20
8.80408e+06,16,RTS,20
8.80418e+06,0,RTS,20
8.80424e+06,20,CTS,14
8.8043e+06,0,QOSDATA_TID6,1066
8.80449e+06,20,ACK,14
8.80453e+06,0,CTL,20
8.80462e+06,10,RTS,20
8.80462e+06,15,RTS,20
8.80469e+06,20,CTS,14
8.80475e+06,15,QOSDATA_TID6,1066
8.80493e+06,20,ACK,14
8.80497e+06,15,CTL,20
8.80506e+06,5,RTS,20
8.80513e+06,20,CTS,14
8.80519e+06,5,QOSDATA_TID6,1066
8.80537e+06,20,ACK,14
8.80542e+06,5,CTL,20
8.8055e+06,2,RTS,20
8.8055e+06,16,RTS,20
8.8055e+06,14,RTS,20
8.80562e+06,13,RTS,20
8.80562e+06,17,RTS,20
8.80569e+06,20,CTS,14
8.80575e+06,17,QOSDATA_TID6,1066
8.80593e+06,20,ACK,14
8.80597e+06,17,CTL,20
8.80606e+06,13,RTS,20
8.80613e+06,20,CTS,14
8.80619e+06,13,QOSDATA_TID6,1066
8.80637e+06,20,ACK,14
8.80642e+06,13,CTL,20
8.8065e+06,11,RTS,20
8.8065e+06,16,RTS,20
8.8065e+06,6,RTS,20
8.8066e+06,2,RTS,20
8.80667e+06,20,CTS,14
8.80673e+06,2,QOSDATA_TID6,1066
8.80691e+06,20,ACK,14
8.80696e+06,2,QOSDATA_TID6,1066
8.80714e+06,20,ACK,14
8.80718e+06,2,CTL,20
8.80727e+06,3,RTS,20
8.80727e+06,4,RTS,20
8.80738e+06,1,RTS,20
8.80738e+06,8,RTS,20
8.80738e+06,19,RTS,20
8.80748e+06,14,RTS,20
8.80754e+06,20,CTS,14
8.8076e+06,14,QOSDATA_TID6,1066
8.80779e+06,20,ACK,14
8.80783e+06,14,QOSDATA_TID6,1066
8.80802e+06,20,ACK,14
8.80806e+06,14,QOSDATA_TID6,1066
8.80824e+06,20,ACK,14
8.80829e+06,14,CTL,20
8.80837e+06,18,RTS,20
8.80837e+06,1,RTS,20
8.80837e+06,11,RTS,20
8.80847e+06,12,RTS,20
8.80854e+06,20,CTS,14
8.8086e+06,12,QOSDATA_TID6,1066
8.80878e+06,20,ACK,14
8.80883e+06,12,CTL,20
8.80892e+06,16,RTS,20
8.80899e+06,20,CTS,14
8.80905e+06,16,QOSDATA_TID6,1066
8.80923e+06,20,ACK,14
8.80928e+06,16,QOSDATA_TID6,1066
8.80946e+06,20,ACK,14
8.80951e+06,16,CTL,20
8.8096e+06,7,RTS,20
8.8096e+06,0,RTS,20
8.80972e+06,3,RTS,20
8.80972e+06,9,RTS,20
8.80982e+06,7,RTS,20
8.80988e+06,20,CTS,14
8.80994e+06,7,QOSDATA_TID6,1066
8.81013e+06,20,ACK,14
8.81017e+06,7,CTL,20
8.81027e+06,8,RTS,20
8.81027e+06,19,RTS,20
8.81027e+06,0,RTS,20
8.81027e+06,18,RTS,20
8.81027e+06,10,RTS,20
8.81036e+06,13,RTS,20
8.81043e+06,20,CTS,14
8.81049e+06,13,QOSDATA_TID6,1066
8.81068e+06,20,ACK,14
8.81072e+06,13,CTL,20
8.81081e+06,4,RTS,20
8.81081e+06,11,RTS,20
8.81081e+06,1,RTS,20
8.81081e+06,18,RTS,20
8.81091e+06,12,RTS,20
8.81098e+06,20,CTS,14
8.81104e+06,12,QOSDATA_TID6,1066
8.81122e+06,20,ACK,14
8.81127e+06,12,CTL,20
8.81136e+06,17,RTS,20
8.81136e+06,9,RTS,20
8.81142e+06,20,CTS,14
8.81148e+06,17,QOSDATA_TID6,1066
8.81167e+06,20,ACK,14
8.81171e+06,17,CTL,20
8.8118e+06,0,CTS,14
8.81191e+06,0,RTS,20
8.81198e+06,20,CTS,14
8.81204e+06,0,QOSDATA_TID6,1066
8.81222e+06,20,ACK,14
8.81227e+06,0,CTL,20
8.81235e+06,6,RTS,20
8.81235e+06,8,RTS,20
8.81235e+06,9,RTS,20
8.81242e+06,20,CTS,14
8.81248e+06,8,QOSDATA_TID6,1066
8.81267e+06,20,ACK,14
8.81271e+06,8,CTL,20
8.8128e+06,5,RTS,20
8.8128e+06,11,RTS,20
8.8128e+06,2,RTS,20
8.8128e+06,4,RTS,20
8.8128e+06,3,RTS,20
8.8128e+06,6,RTS,20
8.81287e+06,20,CTS,14
8.81293e+06,5,QOSDATA_TID6,1066
8.81312e+06,20,ACK,14
8.81316e+06,5,CTL,20
8.81326e+06,11,RTS,20
8.81332e+06,20,CTS,14
8.81338e+06,11,QOSDATA_TID6,1066
8.81357e+06,20,ACK,14
8.81361e+06,11,QOSDATA_TID6,1066
8.8138e+06,20,ACK,14
8.81384e+06,11,CTL,20
8.81393e+06,1,RTS,20
8.81393e+06,19,RTS,20
8.81393e+06,18,RTS,20
8.81403e+06,15,RTS,20
8.8141e+06,20,CTS,14
8.81416e+06,15,QOSDATA_TID6,1066
8.81434e+06,20,ACK,14
8.81439e+06,15,CTL,20
8.81448e+06,3,RTS,20
8.81454e+06,20,CTS,14
8.8146e+06,3,QOSDATA_TID6,1066
8.81479e+06,20,ACK,14
8.81483e+06,3,QOSDATA_TID6,1066
8.81502e+06,20,ACK,14
8.81506e+06,3,QOSDATA_TID6,1066
8.81524e+06,20,ACK,14
8.81529e+06,3,CTL,20
8.81537e+06,8,RTS,20
8.81537e+06,4,RTS,20
8.81544e+06,20,CTS,14
8.8155e+06,8,QOSDATA_TID6,1066
8.81568e+06,20,ACK,14
8.81573e+06,8,CTL,20
8.81582e+06,19,RTS,20
8.81582e+06,14,RTS,20
8.81589e+06,20,CTS,14
8.81595e+06,19,QOSDATA_TID6,1066
8.81614e+06,20,ACK,14
8.81618e+06,19,QOSDATA_TID6,1066
8.81636e+06,20,ACK,14
8.81641e+06,19,CTL,20
8.81649e+06,16,RTS,20
8.81649e+06,10,RTS,20
8.81661e+06,14,RTS,20
8.81668e+06,20,CTS,14
8.81674e+06,14,QOSDATA_TID6,1066
8.81692e+06,20,ACK,14
8.81697e+06,14,CTL,20
8.81707e+06,6,RTS,20
8.81707e+06,9,RTS,20
8.81714e+06,20,CTS,14
8.8172e+06,6,QOSDATA_TID6,1066
8.81738e+06,20,ACK,14
8.81743e+06,6,QOSDATA_TID6,1066
8.81761e+06,20,ACK,14
8.81765e+06,6,CTL,20
8.81775e+06,0,RTS,20
8.81775e+06,7,RTS,20
8.81775e+06,9,RTS,20
8.81775e+06,13,RTS,20
8.81788e+06,7,RTS,20
8.81788e+06,1,RTS,20
8.81798e+06,4,RTS,20
8.81805e+06,20,CTS,14
8.81811e+06,4,QOSDATA_TID6,1066
8.81829e+06,20,ACK,14
8.81834e+06,4,QOSDATA_TID6,1066
8.81852e+06,20,ACK,14
8.81856e+06,4,QOSDATA_TID6,1066
8.81875e+06,20,ACK,14
8.81879e+06,4,CTL,20
8.81889e+06,9,RTS,20
8.81896e+06,20,CTS,14
8.81902e+06,9,QOSDATA_TID6,1066
8.8192e+06,20,ACK,14
8.81924e+06,9,QOSDATA_TID6,1066
8.81943e+06,20,ACK,14
8.81947e+06,9,CTL,20
8.81956e+06,18,RTS,20
8.81956e+06,12,RTS,20
8.81956e+06,11,RTS,20
8.81963e+06,20,CTS,14
8.81969e+06,12,QOSDATA_TID6,1066
8.81987e+06,20,ACK,14
8.81992e+06,12,CTL,20
8.82e+06,3,RTS,20
8.82007e+06,20,CTS,14
8.82013e+06,3,QOSDATA_TID6,1066
8.82031e+06,20,ACK,14
8.82036e+06,3,CTL,20
8.82044e+06,2,RTS,20
8.82044e+06,18,RTS,20
8.82044e+06,0,RTS,20
8.82044e+06,6,RTS,20
8.82054e+06,19,RTS,20
8.82054e+06,11,RTS,20
8.82064e+06,15,RTS,20
8.82071e+06,20,CTS,14
8.82077e+06,15,QOSDATA_TID6,1066
8.82095e+06,20,ACK,14
8.821e+06,15,CTL,20
8.82108e+06,13,RTS,20
8.82108e+06,6,RTS,20
8.82108e+06,4,RTS,20
8.82118e+06,7,RTS,20
8.82125e+06,20,CTS,14
8.82131e+06,7,QOSDATA_TID6,1066
8.82149e+06,20,ACK,14
8.82154e+06,7,CTL,20
8.82162e+06,17,RTS,20
8.82162e+06,5,RTS,20
8.82169e+06,20,CTS,14
8.82175e+06,5,QOSDATA_TID6,1066
8.82193e+06,20,ACK,14
8.82198e+06,5,CTL,20
8.82206e+06,19,RTS,20
8.82206e+06,4,RTS,20
8.82213e+06,20,CTS,14
8.82219e+06,19,QOSDATA_TID6,1066
8.82238e+06,20,ACK,14
8.82242e+06,19,CTL,20
8.8225e+06,20,BEACON,152
8.82277e+06,17,RTS,20
8.82277e+06,1,RTS,20
8.82277e+06,18,RTS,20
8.82277e+06,11,RTS,20
8.82277e+06,10,RTS,20
8.82287e+06,8,RTS,20
8.82287e+06,6,RTS,20
8.82287e+06,13,RTS,20
8.82294e+06,20,CTS,14
8.823e+06,8,QOSDATA_TID6,1066
8.82319e+06,20,ACK,14
8.82323e+06,8,CTL,20
8.82332e+06,1,RTS,20
8.82332e+06,13,RTS,20
8.82338e+06,20,CTS,14
8.82344e+06,1,QOSDATA_TID6,1066
8.82363e+06,20,ACK,14
8.82367e+06,1,QOSDATA_TID6,1066
8.82386e+06,20,ACK,14
8.8239e+06,1,CTL,20
8.82399e+06,6,RTS,20
8.82405e+06,20,CTS,14
8.82411e+06,6,QOSDATA_TID6,1066
8.8243e+06,20,ACK,14
8.82434e+06,6,CTL,20
8.82443e+06,14,RTS,20
8.82443e+06,13,RTS,20
8.82453e+06,2,RTS,20
8.82459e+06,20,CTS,14
8.82465e+06,2,QOSDATA_TID6,1066
8.82484e+06,20,ACK,14
8.82488e+06,2,QOSDATA_TID6,1066
8.82507e+06,20,ACK,14
8.82511e+06,2,CTL,20
8.8252e+06,4,RTS,20
8.82527e+06,20,CTS,14
8.82533e+06,4,QOSDATA_TID6,1066
8.82552e+06,20,ACK,14
8.82556e+06,4,CTL,20
8.82565e+06,16,RTS,20
8.82565e+06,17,RTS,20
8.82565e+06,13,RTS,20
8.82565e+06,14,RTS,20
8.82572e+06,20,CTS,14
8.82578e+06,17,QOSDATA_TID6,1066
8.82596e+06,20,ACK,14
8.826e+06,17,CTL,20
8.82609e+06,9,RTS,20
8.82616e+06,20,CTS,14
8.82622e+06,9,QOSDATA_TID6,1066
8.8264e+06,20,ACK,14
8.82644e+06,9,CTL,20
8.82653e+06,10,RTS,20
8.82653e+06,0,CTS,14
8.82653e+06,12,RTS,20
8.82664e+06,0,RTS,20
8.82671e+06,20,CTS,14
8.82677e+06,0,QOSDATA_TID6,1066
8.82696e+06,20,ACK,14
8.827e+06,0,QOSDATA_TID6,1066
8.82718e+06,20,ACK,14
8.82723e+06,0,CTL,20
8.82731e+06,19,RTS,20
8.82738e+06,20,CTS,14
8.82744e+06,19,QOSDATA_TID6,1066
8.82763e+06,20,ACK,14
8.82767e+06,19,CTL,20
8.82776e+06,14,RTS,20
8.82782e+06,20,CTS,14
8.82788e+06,14,QOSDATA_TID6,1066
8.82807e+06,20,ACK,14
8.82811e+06,14,CTL,20
8.8282e+06,6,RTS,20
8.8282e+06,18,RTS,20
8.8282e+06,7,RTS,20
8.8282e+06,1,RTS,20
8.8282e+06,3,RTS,20
8.8282e+06,11,RTS,20
8.8283e+06,5,RTS,20
8.82836e+06,20,CTS,14
8.82842e+06,5,QOSDATA_TID6,1066
8.82861e+06,20,ACK,14
8.82865e+06,5,CTL,20
8.82874e+06,2,RTS,20
8.82874e+06,3,RTS,20
8.82874e+06,15,RTS,20
8.82885e+06,17,RTS,20
8.82885e+06,11,RTS,20
8.82885e+06,4,RTS,20
8.82891e+06,20,CTS,14
8.82897e+06,17,QOSDATA_TID6,1066
8.82916e+06,20,ACK,14
8.8292e+06,17,CTL,20
8.82929e+06,16,RTS,20
8.82936e+06,20,CTS,14
8.82942e+06,16,QOSDATA_TID6,1066
8.8296e+06,20,ACK,14
8.82964e+06,16,QOSDATA_TID6,1066
8.82983e+06,20,ACK,14
8.82987e+06,16,CTL,20
8.82996e+06,13,RTS,20
8.82996e+06,15,RTS,20
8.82996e+06,10,RTS,20
8.83006e+06,6,RTS,20
8.83006e+06,1,RTS,20
8.83006e+06,4,RTS,20
8.83016e+06,11,RTS,20
8.83023e+06,20,CTS,14
8.83029e+06,11,QOSDATA_TID6,1066
8.83048e+06,20,ACK,14
8.83052e+06,11,QOSDATA_TID6,1066
8.8307e+06,20,ACK,14
8.83075e+06,11,CTL,20
8.83083e+06,7,RTS,20
8.83083e+06,2,RTS,20
8.83094e+06,8,RTS,20
8.83094e+06,1,RTS,20
8.83105e+06,13,RTS,20
8.83105e+06,18,RTS,20
8.83114e+06,14,RTS,20
8.83121e+06,20,CTS,14
8.83127e+06,14,QOSDATA_TID6,1066
8.83146e+06,20,ACK,14
8.8315e+06,14,CTL,20
8.83159e+06,13,RTS,20
8.83166e+06,20,CTS,14
8.83172e+06,13,QOSDATA_TID6,1066
8.8319e+06,20,ACK,14
8.83194e+06,13,CTL,20
8.83203e+06,1,RTS,20
8.8321e+06,20,CTS,14
8.83216e+06,1,QOSDATA_TID6,1066
8.83234e+06,20,ACK,14
8.83238e+06,1,CTL,20
8.83247e+06,16,RTS,20
8.83247e+06,18,RTS,20
8.83247e+06,15,RTS,20
8.83247e+06,10,RTS,20
8.83257e+06,12,RTS,20
8.83264e+06,20,CTS,14
8.8327e+06,12,QOSDATA_TID6,1066
8.83288e+06,20,ACK,14
8.83292e+06,12,CTL,20
8.83302e+06,7,RTS,20
8.83302e+06,3,RTS,20
8.83302e+06,18,RTS,20
8.83312e+06,8,RTS,20
8.83319e+06,20,CTS,14
8.83325e+06,8,QOSDATA_TID6,1066
8.83343e+06,20,ACK,14
8.83347e+06,8,CTL,20
8.83357e+06,2,RTS,20
8.83357e+06,18,RTS,20
8.83368e+06,13,RTS,20
8.83368e+06,4,RTS,20
8.83377e+06,7,RTS,20
8.83377e+06,9,RTS,20
8.83384e+06,20,CTS,14
8.8339e+06,7,QOSDATA_TID6,1066
8.83409e+06,20,ACK,14
8.83413e+06,7,QOSDATA_TID6,1066
8.83431e+06,20,ACK,14
8.83436e+06,7,CTL,20
8.83445e+06,12,RTS,20
8.83445e+06,2,RTS,20
8.83445e+06,18,RTS,20
8.83452e+06,20,CTS,14
8.83458e+06,12,QOSDATA_TID6,1066
8.83476e+06,20,ACK,14
8.83481e+06,12,CTL,20
8.83491e+06,4,RTS,20
8.83491e+06,15,RTS,20
8.83491e+06,2,RTS,20
8.83491e+06,0,RTS,20
8.83491e+06,6,RTS,20
8.83491e+06,9,RTS,20
8.83501e+06,10,RTS,20
8.83508e+06,20,CTS,14
8.83514e+06,10,QOSDATA_TID6,1066
8.83532e+06,20,ACK,14
8.83537e+06,10,QOSDATA_TID6,1066
8.83555e+06,20,ACK,14
8.8356e+06,10,QOSDATA_TID6,1066
8.83578e+06,20,ACK,14
8.83582e+06,10,CTL,20
8.83591e+06,9,RTS,20
8.83591e+06,19,RTS,20
8.83591e+06,15,RTS,20
8.83602e+06,18,RTS,20
8.83608e+06,20,CTS,14
8.83614e+06,18,QOSDATA_TID6,1066
8.83633e+06,20,ACK,14
8.83637e+06,18,QOSDATA_TID6,1066
8.83656e+06,20,ACK,14
8.8366e+06,18,QOSDATA_TID6,1066
8.83678e+06,20,ACK,14
8.83683e+06,18,CTL,20
8.83692e+06,0,RTS,20
8.83692e+06,15,RTS,20
8.83701e+06,5,RTS,20
8.83701e+06,17,RTS,20
8.83708e+06,20,CTS,14
8.83714e+06,5,QOSDATA_TID6,1066
8.83732e+06,20,ACK,14
8.83737e+06,5,CTL,20
8.83746e+06,1,RTS,20
8.83746e+06,15,RTS,20
8.83756e+06,10,RTS,20
8.83763e+06,20,CTS,14
8.83769e+06,10,QOSDATA_TID6,1066
8.83787e+06,20,ACK,14
8.83792e+06,10,CTL,20
8.83802e+06,0,CTS,14
8.83802e+06,15,RTS,20
8.83802e+06,13,RTS,20
8.83815e+06,15,RTS,20
8.83822e+06,20,CTS,14
8.83828e+06,15,QOSDATA_TID6,1066
8.83846e+06,20,ACK,14
8.83851e+06,15,CTL,20
8.8386e+06,13,RTS,20
8.8386e+06,1,RTS,20
8.8386e+06,11,RTS,20
8.83871e+06,2,RTS,20
8.83878e+06,20,CTS,14
8.83884e+06,2,QOSDATA_TID6,1066
8.83902e+06,20,ACK,14
8.83907e+06,2,QOSDATA_TID6,1066
8.83925e+06,20,ACK,14
8.8393e+06,2,CTL,20
8.83938e+06,3,RTS,20
8.83938e+06,18,RTS,20
8.83938e+06,9,RTS,20
8.83938e+06,13,RTS,20
8.83949e+06,14,RTS,20
8.83956e+06,20,CTS,14
8.83962e+06,14,QOSDATA_TID6,1066
8.8398e+06,20,ACK,14
8.83984e+06,14,CTL,20
8.83993e+06,8,RTS,20
8.83993e+06,17,RTS,20
8.83993e+06,1,RTS,20
8.83993e+06,19,RTS,20
8.83993e+06,11,RTS,20
8.83993e+06,16,RTS,20
8.84003e+06,4,RTS,20
8.8401e+06,20,CTS,14
8.84016e+06,4,QOSDATA_TID6,1066
8.84034e+06,20,ACK,14
8.84038e+06,4,QOSDATA_TID6,1066
8.84057e+06,20,ACK,14
8.84061e+06,4,CTL,20
8.8407e+06,3,RTS,20
8.84077e+06,20,CTS,14
8.84083e+06,3,QOSDATA_TID6,1066
8.84101e+06,20,ACK,14
8.84105e+06,3,QOSDATA_TID6,1066
8.84124e+06,20,ACK,14
8.84128e+06,3,CTL,20
8.84137e+06,1,RTS,20
8.84137e+06,0,RTS,20
8.84137e+06,13,RTS,20
8.84147e+06,7,RTS,20
8.84153e+06,20,CTS,14
8.84159e+06,7,QOSDATA_TID6,1066
8.84178e+06,20,ACK,14
8.84182e+06,7,CTL,20
8.84192e+06,0,RTS,20
8.84192e+06,6,RTS,20
8.84202e+06,17,RTS,20
8.84202e+06,1,RTS,20
8.84202e+06,19,RTS,20
8.84211e+06,9,RTS,20
8.84218e+06,20,CTS,14
8.84224e+06,9,QOSDATA_TID6,1066
8.84243e+06,20,ACK,14
8.84247e+06,9,QOSDATA_TID6,1066
8.84265e+06,20,ACK,14
8.8427e+06,9,CTL,20
8.84278e+06,18,RTS,20
8.84278e+06,12,RTS,20
8.84285e+06,20,CTS,14
8.84291e+06,12,QOSDATA_TID6,1066
8.8431e+06,20,ACK,14
8.84314e+06,12,CTL,20
8.84324e+06,18,RTS,20
8.8433e+06,20,CTS,14
8.84336e+06,18,QOSDATA_TID6,1066
8.84355e+06,20,ACK,14
8.84359e+06,18,CTL,20
8.84368e+06,6,RTS,20
8.84368e+06,8,RTS,20
8.84368e+06,17,RTS,20
8.84368e+06,11,RTS,20
8.84378e+06,1,RTS,20
8.84378e+06,13,RTS,20
8.84378e+06,3,RTS,20
8.8439e+06,6,RTS,20
8.84397e+06,20,CTS,14
8.84403e+06,6,QOSDATA_TID6,1066
8.84421e+06,20,ACK,14
8.84426e+06,6,QOSDATA_TID6,1066
8.84444e+06,20,ACK,14
8.84448e+06,6,QOSDATA_TID6,1066
8.84467e+06,20,ACK,14
8.84471e+06,6,CTL,20
8.8448e+06,0,RTS,20
8.8448e+06,8,RTS,20
8.84487e+06,20,CTS,14
8.84493e+06,8,QOSDATA_TID6,1066
8.84511e+06,20,ACK,14
8.84515e+06,8,CTL,20
8.84525e+06,5,RTS,20
8.84525e+06,16,RTS,20
8.84525e+06,15,RTS,20
8.84532e+06,20,CTS,14
8.84538e+06,5,QOSDATA_TID6,1066
8.84556e+06,20,ACK,14
8.8456e+06,5,CTL,20
8.8457e+06,10,RTS,20
8.84577e+06,20,CTS,14
8.84583e+06,10,QOSDATA_TID6,1066
8.84601e+06,20,ACK,14
8.84606e+06,10,CTL,20
8.84614e+06,2,RTS,20
8.84614e+06,19,RTS,20
8.84614e+06,1,RTS,20
8.84614e+06,15,RTS,20
8.84614e+06,4,RTS,20
8.84625e+06,0,RTS,20
8.84632e+06,20,CTS,14
8.84638e+06,0,QOSDATA_TID6,1066
8.84656e+06,20,ACK,14
8.8466e+06,0,QOSDATA_TID6,1066
8.84679e+06,20,ACK,14
8.84683e+06,0,CTL,20
8.84692e+06,15,RTS,20
8.84699e+06,20,CTS,14
8.84705e+06,15,QOSDATA_TID6,1066
8.84723e+06,20,ACK,14
8.84728e+06,15,CTL,20
8.84736e+06,14,RTS,20
8.84736e+06,13,RTS,20
8.84736e+06,1,RTS,20
8.84736e+06,19,RTS,20
8.84736e+06,4,RTS,20
8.84746e+06,17,RTS,20
8.84746e+06,8,RTS,20
8.84756e+06,1,RTS,20
8.84756e+06,11,RTS,20
8.84762e+06,20,CTS,14
8.84768e+06,1,QOSDATA_TID6,1066
8.84787e+06,20,ACK,14
8.84791e+06,1,CTL,20
8.848e+06,17,RTS,20
8.848e+06,18,RTS,20
8.84807e+06,20,CTS,14
8.84813e+06,17,QOSDATA_TID6,1066
8.84831e+06,20,ACK,14
8.84836e+06,17,QOSDATA_TID6,1066
8.84854e+06,20,ACK,14
8.84858e+06,17,CTL,20
8.84868e+06,11,RTS,20
8.84868e+06,16,RTS,20
8.84868e+06,4,RTS,20
8.84868e+06,14,RTS,20
8.84878e+06,2,RTS,20
8.84885e+06,20,CTS,14
8.84891e+06,2,QOSDATA_TID6,1066
8.8491e+06,20,ACK,14
8.84914e+06,2,CTL,20
8.84923e+06,3,RTS,20
8.84923e+06,13,RTS,20
8.84933e+06,0,RTS,20
8.8494e+06,20,CTS,14
8.84946e+06,0,QOSDATA_TID6,1066
8.84965e+06,20,ACK,14
8.84969e+06,0,CTL,20
8.84978e+06,8,RTS,20
8.84978e+06,7,RTS,20
8.84987e+06,16,RTS,20
8.84987e+06,14,RTS,20
8.84987e+06,18,RTS,20
8.84999e+06,13,RTS,20
8.85006e+06,20,CTS,14
8.85012e+06,13,QOSDATA_TID6,1066
8.85031e+06,20,ACK,14
8.85035e+06,13,QOSDATA_TID6,1066
8.85054e+06,20,ACK,14
8.85058e+06,13,CTL,20
8.85067e+06,4,RTS,20
8.85067e+06,19,RTS,20
8.85067e+06,18,RTS,20
8.85067e+06,9,RTS,20
8.8508e+06,12,RTS,20
8.8508e+06,14,RTS,20
8.85087e+06,20,CTS,14
8.85093e+06,12,QOSDATA_TID6,1066
8.85111e+06,20,ACK,14
8.85116e+06,12,CTL,20
8.85125e+06,9,RTS,20
8.85132e+06,20,CTS,14
8.85138e+06,9,QOSDATA_TID6,1066
8.85156e+06,20,ACK,14
8.85161e+06,9,CTL,20
8.85169e+06,19,RTS,20
8.85169e+06,17,RTS,20
8.85169e+06,6,RTS,20
8.85169e+06,16,RTS,20
8.85169e+06,14,RTS,20
8.85179e+06,1,RTS,20
8.85186e+06,20,CTS,14
8.85192e+06,1,QOSDATA_TID6,1066
8.8521e+06,20,ACK,14
8.85215e+06,1,CTL,20
8.85223e+06,8,RTS,20
8.85223e+06,18,RTS,20
8.8523e+06,20,CTS,14
8.85236e+06,8,QOSDATA_TID6,1066
8.85254e+06,20,ACK,14
8.85259e+06,8,CTL,20
8.85267e+06,15,RTS,20
8.85267e+06,10,RTS,20
8.85274e+06,20,CTS,14
8.8528e+06,15,QOSDATA_TID6,1066
8.85299e+06,20,ACK,14
8.85303e+06,15,CTL,20
8.85312e+06,11,RTS,20
8.85312e+06,16,RTS,20
8.85321e+06,7,RTS,20
8.85321e+06,5,RTS,20
8.85321e+06,2,RTS,20
8.85321e+06,3,RTS,20
8.85328e+06,20,CTS,14
8.85334e+06,5,QOSDATA_TID6,1066
8.85353e+06,20,ACK,14
8.85357e+06,5,CTL,20
8.85367e+06,4,RTS,20
8.85374e+06,20,CTS,14
8.8538e+06,4,QOSDATA_TID6,1066
8.85399e+06,20,ACK,14
8.85403e+06,4,QOSDATA_TID6,1066
8.85421e+06,20,ACK,14
8.85426e+06,4,CTL,20
8.85434e+06,16,RTS,20
8.85434e+06,11,RTS,20
8.85434e+06,17,RTS,20
8.85441e+06,20,CTS,14
8.85447e+06,17,QOSDATA_TID6,1066
8.85466e+06,20,ACK,14
8.8547e+06,17,CTL,20
8.8548e+06,2,RTS,20
8.8548e+06,18,RTS,20
8.8548e+06,14,RTS,20
8.85489e+06,16,RTS,20
8.85496e+06,20,CTS,14
8.85502e+06,16,QOSDATA_TID6,1066
8.8552e+06,20,ACK,14
8.85525e+06,16,QOSDATA_TID6,1066
8.85543e+06,20,ACK,14
8.85548e+06,16,CTL,20
8.85556e+06,8,RTS,20
8.85563e+06,20,CTS,14
8.85569e+06,8,QOSDATA_TID6,1066
8.85588e+06,20,ACK,14
8.85592e+06,8,CTL,20
8.856e+06,7,RTS,20
8.856e+06,2,RTS,20
8.856e+06,6,RTS,20
8.85611e+06,18,RTS,20
8.85611e+06,19,RTS,20
8.85624e+06,3,RTS,20
8.8563e+06,20,CTS,14
8.85636e+06,3,QOSDATA_TID6,1066
8.85655e+06,20,ACK,14
8.85659e+06,3,QOSDATA_TID6,1066
8.85678e+06,20,ACK,14
8.85682e+06,3,CTL,20
8.85691e+06,7,RTS,20
8.85698e+06,20,CTS,14
8.85704e+06,7,QOSDATA_TID6,1066
8.85722e+06,20,ACK,14
8.85726e+06,7,CTL,20
8.85735e+06,16,RTS,20
8.85735e+06,19,RTS,20
8.85735e+06,2,RTS,20
8.85746e+06,7,RTS,20
8.85753e+06,20,CTS,14
8.85759e+06,7,QOSDATA_TID6,1066
8.85778e+06,20,ACK,14
8.85782e+06,7,CTL,20
8.85791e+06,13,RTS,20
8.85791e+06,6,RTS,20
8.85791e+06,14,RTS,20
8.85801e+06,11,RTS,20
8.85801e+06,9,RTS,20
8.85811e+06,14,RTS,20
8.85818e+06,20,CTS,14
8.85824e+06,14,QOSDATA_TID6,1066
8.85842e+06,20,ACK,14
8.85847e+06,14,CTL,20
8.85856e+06,0,RTS,20
8.85856e+06,12,RTS,20
8.85856e+06,10,RTS,20
8.85863e+06,20,CTS,14
8.85869e+06,12,QOSDATA_TID6,1066
8.85888e+06,20,ACK,14
8.85892e+06,12,CTL,20
8.85902e+06,11,RTS,20
8.85902e+06,10,RTS,20
8.85918e+06,11,RTS,20
8.85925e+06,20,CTS,14
8.85931e+06,11,QOSDATA_TID6,1066
8.85949e+06,20,ACK,14
8.85954e+06,11,QOSDATA_TID6,1066
8.85972e+06,20,ACK,14
8.85977e+06,11,QOSDATA_TID6,1066
8.85995e+06,20,ACK,14
8.85999e+06,11,CTL,20
8.86009e+06,17,RTS,20
8.86016e+06,20,CTS,14
8.86022e+06,17,QOSDATA_TID6,1066
8.8604e+06,20,ACK,14
8.86044e+06,17,CTL,20
8.86053e+06,10,RTS,20
8.8606e+06,20,CTS,14
8.86066e+06,10,QOSDATA_TID6,1066
8.86084e+06,20,ACK,14
8.86089e+06,10,QOSDATA_TID6,1066
8.86107e+06,20,ACK,14
8.86112e+06,10,CTL,20
8.8612e+06,9,RTS,20
8.8612e+06,3,RTS,20
8.8612e+06,6,RTS,20
8.8612e+06,1,RTS,20
8.86131e+06,2,RTS,20
8.86131e+06,13,RTS,20
8.86143e+06,16,RTS,20
8.8615e+06,20,CTS,14
8.86156e+06,16,QOSDATA_TID6,1066
8.86174e+06,20,ACK,14
8.86179e+06,16,CTL,20
8.86188e+06,1,RTS,20
8.86194e+06,20,CTS,14
8.862e+06,1,QOSDATA_TID6,1066
8.86219e+06,20,ACK,14
8.86223e+06,1,CTL,20
8.86232e+06,4,RTS,20
8.86232e+06,13,RTS,20
8.86242e+06,5,RTS,20
8.86242e+06,2,RTS,20
8.86248e+06,20,CTS,14
8.86254e+06,5,QOSDATA_TID6,1066
8.86273e+06,20,ACK,14
8.86277e+06,5,CTL,20
8.86287e+06,18,RTS,20
8.86293e+06,20,CTS,14
8.86299e+06,18,QOSDATA_TID6,1066
8.86318e+06,20,ACK,14
8.86322e+06,18,QOSDATA_TID6,1066
8.86341e+06,20,ACK,14
8.86345e+06,18,QOSDATA_TID6,1066
8.86363e+06,20,ACK,14
8.86368e+06,18,CTL,20
8.86376e+06,2,RTS,20
8.86376e+06,9,RTS,20
8.86376e+06,19,RTS,20
8.86376e+06,15,RTS,20
8.86376e+06,4,RTS,20
8.86386e+06,0,RTS,20
8.86393e+06,20,CTS,14
8.86399e+06,0,QOSDATA_TID6,1066
8.86417e+06,20,ACK,14
8.86422e+06,0,CTL,20
8.8643e+06,2,RTS,20
8.8643e+06,9,RTS,20
8.8643e+06,4,RTS,20
8.8644e+06,8,RTS,20
8.8644e+06,14,RTS,20
8.86447e+06,20,CTS,14
8.86453e+06,8,QOSDATA_TID6,1066
8.86471e+06,20,ACK,14
8.86476e+06,8,CTL,20
8.86484e+06,16,RTS,20
8.86484e+06,2,RTS,20
8.86497e+06,19,RTS,20
8.86497e+06,14,RTS,20
8.86504e+06,20,CTS,14
8.8651e+06,19,QOSDATA_TID6,1066
8.86528e+06,20,ACK,14
8.86532e+06,19,QOSDATA_TID6,1066
8.86551e+06,20,ACK,14
8.86555e+06,19,QOSDATA_TID6,1066
8.86574e+06,20,ACK,14
8.86578e+06,19,CTL,20
8.86587e+06,16,RTS,20
8.86587e+06,7,RTS,20
8.86594e+06,20,CTS,14
8.866e+06,7,QOSDATA_TID6,1066
8.86618e+06,20,ACK,14
8.86622e+06,7,CTL,20
8.86632e+06,13,RTS,20
8.86632e+06,6,RTS,20
8.86644e+06,15,RTS,20
8.8665e+06,20,CTS,14
8.86656e+06,15,QOSDATA_TID6,1066
8.86675e+06,20,ACK,14
8.86679e+06,15,CTL,20
8.86688e+06,11,RTS,20
8.86694e+06,20,CTS,14
8.867e+06,11,QOSDATA_TID6,1066
8.86719e+06,20,ACK,14
8.86723e+06,11,CTL,20
8.86733e+06,1,RTS,20
8.86733e+06,3,RTS,20
8.86733e+06,0,RTS,20
8.86745e+06,13,RTS,20
8.86752e+06,20,CTS,14
8.86758e+06,13,QOSDATA_TID6,1066
8.86776e+06,20,ACK,14
8.86781e+06,13,QOSDATA_TID6,1066
8.86799e+06,20,ACK,14
8.86804e+06,13,CTL,20
8.86812e+06,17,RTS,20
8.86819e+06,20,CTS,14
8.86825e+06,17,QOSDATA_TID6,1066
8.86844e+06,20,ACK,14
8.86848e+06,17,CTL,20
8.86857e+06,12,RTS,20
8.86857e+06,16,RTS,20
8.86864e+06,20,CTS,14
8.8687e+06,12,QOSDATA_TID6,1066
8.86889e+06,20,ACK,14
8.86893e+06,12,CTL,20
8.86902e+06,19,RTS,20
8.86908e+06,20,CTS,14
8.86914e+06,19,QOSDATA_TID6,1066
8.86933e+06,20,ACK,14
8.86937e+06,19,CTL,20
8.86946e+06,1,RTS,20
8.86946e+06,3,RTS,20
8.86946e+06,9,RTS,20
8.86946e+06,10,RTS,20
8.86956e+06,15,RTS,20
8.86963e+06,20,CTS,14
8.86969e+06,15,QOSDATA_TID6,1066
8.86988e+06,20,ACK,14
8.86992e+06,15,CTL,20
8.87001e+06,0,RTS,20
8.87001e+06,2,RTS,20
8.87001e+06,10,RTS,20
8.87012e+06,5,RTS,20
8.87012e+06,1,RTS,20
8.87019e+06,20,CTS,14
8.87025e+06,5,QOSDATA_TID6,1066
8.87044e+06,20,ACK,14
8.87048e+06,5,CTL,20
8.87056e+06,18,RTS,20
8.87056e+06,9,RTS,20
8.87063e+06,20,CTS,14
8.87069e+06,18,QOSDATA_TID6,1066
8.87088e+06,20,ACK,14
8.87092e+06,18,CTL,20
8.87101e+06,8,RTS,20
8.87108e+06,20,CTS,14
8.87114e+06,8,QOSDATA_TID6,1066
8.87132e+06,20,ACK,14
8.87136e+06,8,CTL,20
8.87145e+06,1,RTS,20
8.87145e+06,9,RTS,20
8.87145e+06,6,RTS,20
8.87159e+06,10,RTS,20
8.87166e+06,20,CTS,14
8.87172e+06,10,QOSDATA_TID6,1066
8.8719e+06,20,ACK,14
8.87195e+06,10,CTL,20
8.87204e+06,1,RTS,20
8.87204e+06,14,RTS,20
8.87211e+06,20,CTS,14
8.87217e+06,1,QOSDATA_TID6,1066
8.87236e+06,20,ACK,14
8.8724e+06,1,CTL,20
8.8725e+06,4,RTS,20
8.8725e+06,14,RTS,20
8.8726e+06,3,RTS,20
8.8726e+06,9,RTS,20
8.87272e+06,2,RTS,20
8.87278e+06,20,CTS,14
8.87284e+06,2,QOSDATA_TID6,1066
8.87303e+06,20,ACK,14
8.87307e+06,2,QOSDATA_TID6,1066
8.87326e+06,20,ACK,14
8.8733e+06,2,CTL,20
8.87339e+06,14,RTS,20
8.87339e+06,16,RTS,20
8.87348e+06,3,RTS,20
8.87355e+06,20,CTS,14
8.87361e+06,3,QOSDATA_TID6,1066
8.8738e+06,20,ACK,14
8.87384e+06,3,QOSDATA_TID6,1066
8.87402e+06,20,ACK,14
8.87407e+06,3,CTL,20
8.87416e+06,9,RTS,20
8.87422e+06,20,CTS,14
8.87428e+06,9,QOSDATA_TID6,1066
8.87447e+06,20,ACK,14
8.87451e+06,9,QOSDATA_TID6,1066
8.8747e+06,20,ACK,14
8.87474e+06,9,CTL,20
8.87483e+06,6,RTS,20
8.87483e+06,12,RTS,20
8.87483e+06,7,RTS,20
8.87492e+06,16,RTS,20
8.87499e+06,20,CTS,14
8.87505e+06,16,QOSDATA_TID6,1066
8.87524e+06,20,ACK,14
8.87528e+06,16,QOSDATA_TID6,1066
8.87546e+06,20,ACK,14
8.87551e+06,16,CTL,20
8.87559e+06,3,RTS,20
8.87566e+06,20,CTS,14
8.87572e+06,3,QOSDATA_TID6,1066
8.87591e+06,20,ACK,14
8.87595e+06,3,CTL,20
8.87604e+06,1,RTS,20
8.87604e+06,0,CTS,14
8.87604e+06,11,RTS,20
8.87604e+06,13,RTS,20
8.87618e+06,13,RTS,20
8.87618e+06,0,RTS,20
8.87624e+06,20,CTS,14
8.8763e+06,0,QOSDATA_TID6,1066
8.87649e+06,20,ACK,14
8.87653e+06,0,QOSDATA_TID6,1066
8.87672e+06,20,ACK,14
8.87676e+06,0,CTL,20
8.87685e+06,14,RTS,20
8.87685e+06,5,RTS,20
8.87685e+06,17,RTS,20
8.87685e+06,19,RTS,20
8.87694e+06,2,RTS,20
8.87694e+06,10,RTS,20
8.87701e+06,20,CTS,14
8.87707e+06,2,QOSDATA_TID6,1066
8.87726e+06,20,ACK,14
8.8773e+06,2,CTL,20
8.87739e+06,4,RTS,20
8.87745e+06,20,CTS,14
8.87751e+06,4,QOSDATA_TID6,1066
8.8777e+06,20,ACK,14
8.87774e+06,4,QOSDATA_TID6,1066
8.87793e+06,20,ACK,14
8.87797e+06,4,QOSDATA_TID6,1066
8.87815e+06,20,ACK,14
8.8782e+06,4,CTL,20
8.87828e+06,12,RTS,20
8.87828e+06,19,RTS,20
8.87828e+06,15,RTS,20
8.87828e+06,6,RTS,20
8.87838e+06,11,RTS,20
8.87845e+06,20,CTS,14
8.87851e+06,11,QOSDATA_TID6,1066
8.87869e+06,20,ACK,14
8.87874e+06,11,CTL,20
8.87882e+06,15,RTS,20
8.87882e+06,18,RTS,20
8.87882e+06,6,RTS,20
8.87892e+06,5,RTS,20
8.87899e+06,20,CTS,14
8.87905e+06,5,QOSDATA_TID6,1066
8.87923e+06,20,ACK,14
8.87928e+06,5,CTL,20
8.87936e+06,1,RTS,20
8.87943e+06,20,CTS,14
8.87949e+06,1,QOSDATA_TID6,1066
8.87968e+06,20,ACK,14
8.87972e+06,1,CTL,20
8.87981e+06,8,RTS,20
8.87987e+06,20,CTS,14
8.87993e+06,8,QOSDATA_TID6,1066
8.88012e+06,20,ACK,14
8.88016e+06,8,CTL,20
8.88025e+06,19,RTS,20
8.88025e+06,7,RTS,20
8.88025e+06,13,RTS,20
8.88035e+06,10,RTS,20
8.88041e+06,20,CTS,14
8.88047e+06,10,QOSDATA_TID6,1066
8.88066e+06,20,ACK,14
8.8807e+06,10,CTL,20
8.88079e+06,18,RTS,20
8.88086e+06,20,CTS,14
8.88092e+06,18,QOSDATA_TID6,1066
8.8811e+06,20,ACK,14
8.88114e+06,18,CTL,20
8.88123e+06,0,RTS,20
8.88123e+06,17,RTS,20
8.88123e+06,14,RTS,20
8.88123e+06,19,RTS,20
8.88123e+06,13,RTS,20
8.88133e+06,16,RTS,20
8.8814e+06,20,CTS,14
8.88146e+06,16,QOSDATA_TID6,1066
8.88164e+06,20,ACK,14
8.88168e+06,16,CTL,20
8.88178e+06,15,RTS,20
8.88178e+06,14,RTS,20
8.88188e+06,12,RTS,20
8.88188e+06,17,RTS,20
8.88198e+06,9,RTS,20
8.88204e+06,20,CTS,14
8.8821e+06,9,QOSDATA_TID6,1066
8.88229e+06,20,ACK,14
8.88233e+06,9,CTL,20
8.88242e+06,6,RTS,20
8.88242e+06,15,RTS,20
8.88252e+06,19,RTS,20
8.88258e+06,20,CTS,14
8.88264e+06,19,QOSDATA_TID6,1066
8.88283e+06,20,ACK,14
8.88287e+06,19,CTL,20
8.88296e+06,19,RTS,20
8.88296e+06,11,RTS,20
8.88306e+06,15,RTS,20
8.88312e+06,20,CTS,14
8.88318e+06,15,QOSDATA_TID6,1066
8.88337e+06,20,ACK,14
8.88341e+06,15,CTL,20
8.8835e+06,14,RTS,20
8.8835e+06,1,RTS,20
8.8835e+06,19,RTS,20
8.88361e+06,3,RTS,20
8.88361e+06,13,RTS,20
8.88371e+06,17,RTS,20
8.88371e+06,1,RTS,20
8.88381e+06,0,RTS,20
8.88381e+06,6,RTS,20
8.88392e+06,12,RTS,20
8.88398e+06,20,CTS,14
8.88404e+06,12,QOSDATA_TID6,1066
8.88423e+06,20,ACK,14
8.88427e+06,12,QOSDATA_TID6,1066
8.88446e+06,20,ACK,14
8.8845e+06,12,CTL,20
8.88459e+06,3,RTS,20
8.88466e+06,20,CTS,14
8.88472e+06,3,QOSDATA_TID6,1066
8.8849e+06,20,ACK,14
8.88494e+06,3,CTL,20
8.88503e+06,17,RTS,20
8.88503e+06,7,RTS,20
8.88503e+06,15,RTS,20
8.88513e+06,11,RTS,20
8.8852e+06,20,CTS,14
8.88526e+06,11,QOSDATA_TID6,1066
8.88544e+06,20,ACK,14
8.88548e+06,11,CTL,20
8.88557e+06,15,RTS,20
8.88557e+06,0,CTS,14
8.88557e+06,6,RTS,20
8.88557e+06,10,RTS,20
8.88567e+06,0,RTS,20
8.88574e+06,20,CTS,14
8.8858e+06,0,QOSDATA_TID6,1066
8.88598e+06,20,ACK,14
8.88603e+06,0,CTL,20
8.88612e+06,14,RTS,20
8.88612e+06,2,RTS,20
8.88612e+06,7,RTS,20
8.88612e+06,19,RTS,20
8.88612e+06,4,RTS,20
8.88622e+06,5,RTS,20
8.88622e+06,6,RTS,20
8.88629e+06,20,CTS,14
8.88635e+06,5,QOSDATA_TID6,1066
8.88653e+06,20,ACK,14
8.88658e+06,5,CTL,20
8.88666e+06,8,RTS,20
8.88666e+06,19,RTS,20
8.88666e+06,18,RTS,20
8.88676e+06,13,RTS,20
8.88683e+06,20,CTS,14
8.88689e+06,13,QOSDATA_TID6,1066
8.88707e+06,20,ACK,14
8.88712e+06,13,QOSDATA_TID6,1066
8.8873e+06,20,ACK,14
8.88735e+06,13,CTL,20
8.88743e+06,7,RTS,20
8.88743e+06,15,RTS,20
8.88743e+06,17,RTS,20
8.88753e+06,4,RTS,20
8.8876e+06,20,CTS,14
8.88766e+06,4,QOSDATA_TID6,1066
8.88784e+06,20,ACK,14
8.88789e+06,4,CTL,20
8.88798e+06,19,RTS,20
8.88798e+06,6,RTS,20
8.88798e+06,14,RTS,20
8.88808e+06,7,RTS,20
8.88815e+06,20,CTS,14
8.88821e+06,7,QOSDATA_TID6,1066
8.88839e+06,20,ACK,14
8.88844e+06,7,QOSDATA_TID6,1066
8.88862e+06,20,ACK,14
8.88866e+06,7,CTL,20
8.88875e+06,16,RTS,20
8.88882e+06,20,CTS,14
8.88888e+06,16,QOSDATA_TID6,1066
8.88906e+06,20,ACK,14
8.88911e+06,16,CTL,20
8.8892e+06,1,RTS,20
8.8892e+06,8,RTS,20
8.8892e+06,2,RTS,20
8.8892e+06,15,RTS,20
8.8892e+06,14,RTS,20
8.8892e+06,10,RTS,20
8.8893e+06,17,RTS,20
8.88937e+06,20,CTS,14
8.88943e+06,17,QOSDATA_TID6,1066
8.88961e+06,20,ACK,14
8.88966e+06,17,QOSDATA_TID6,1066
8.88984e+06,20,ACK,14
8.88988e+06,17,CTL,20
8.88997e+06,19,RTS,20
8.88997e+06,13,RTS,20
8.89007e+06,0,RTS,20
8.89014e+06,20,CTS,14
8.8902e+06,0,QOSDATA_TID6,1066
8.89038e+06,20,ACK,14
8.89042e+06,0,CTL,20
8.89051e+06,13,RTS,20
8.89058e+06,20,CTS,14
8.89064e+06,13,QOSDATA_TID6,1066
8.89082e+06,20,ACK,14
8.89086e+06,13,CTL,20
8.89095e+06,7,RTS,20
8.89095e+06,18,RTS,20
8.89095e+06,9,RTS,20
8.89107e+06,19,RTS,20
8.89107e+06,1,RTS,20
8.89118e+06,2,RTS,20
8.89118e+06,10,RTS,20
8.89125e+06,20,CTS,14
8.89131e+06,2,QOSDATA_TID6,1066
8.8915e+06,20,ACK,14
8.89154e+06,2,CTL,20
8.89162e+06,6,RTS,20
8.89162e+06,14,RTS,20
8.89172e+06,12,RTS,20
8.89179e+06,20,CTS,14
8.89185e+06,12,QOSDATA_TID6,1066
8.89204e+06,20,ACK,14
8.89208e+06,12,CTL,20
8.89216e+06,7,RTS,20
8.89216e+06,11,RTS,20
8.89216e+06,19,RTS,20
8.89226e+06,15,RTS,20
8.89233e+06,20,CTS,14
8.89239e+06,15,QOSDATA_TID6,1066
8.89258e+06,20,ACK,14
8.89262e+06,15,QOSDATA_TID6,1066
8.8928e+06,20,ACK,14
8.89285e+06,15,CTL,20
8.89294e+06,7,RTS,20
8.89294e+06,5,RTS,20
8.89294e+06,17,RTS,20
8.89294e+06,2,RTS,20
8.89294e+06,19,RTS,20
8.89294e+06,4,RTS,20
8.89294e+06,10,RTS,20
8.89304e+06,14,RTS,20
8.89311e+06,20,CTS,14
8.89317e+06,14,QOSDATA_TID6,1066
8.89335e+06,20,ACK,14
8.8934e+06,14,QOSDATA_TID6,1066
8.89358e+06,20,ACK,14
8.89362e+06,14,QOSDATA_TID6,1066
8.89381e+06,20,ACK,14
8.89385e+06,14,CTL,20
8.89394e+06,1,RTS,20
8.89394e+06,3,RTS,20
8.89401e+06,20,CTS,14
8.89407e+06,1,QOSDATA_TID6,1066
8.89425e+06,20,ACK,14
8.89429e+06,1,QOSDATA_TID6,1066
8.89448e+06,20,ACK,14
8.89452e+06,1,CTL,20
8.89461e+06,3,RTS,20
8.89468e+06,20,CTS,14
8.89474e+06,3,QOSDATA_TID6,1066
8.89492e+06,20,ACK,14
8.89496e+06,3,CTL,20
8.89505e+06,9,RTS,20
8.89505e+06,19,RTS,20
8.89505e+06,8,RTS,20
8.89515e+06,7,RTS,20
8.89515e+06,14,RTS,20
8.89522e+06,20,CTS,14
8.89528e+06,7,QOSDATA_TID6,1066
8.89546e+06,20,ACK,14
8.8955e+06,7,CTL,20
8.8956e+06,17,RTS,20
8.8956e+06,11,RTS,20
8.8956e+06,6,RTS,20
8.89567e+06,20,CTS,14
8.89573e+06,17,QOSDATA_TID6,1066
8.89591e+06,20,ACK,14
8.89596e+06,17,CTL,20
8.89605e+06,6,RTS,20
8.89612e+06,20,CTS,14
8.89618e+06,6,QOSDATA_TID6,1066
8.89636e+06,20,ACK,14
8.89641e+06,6,QOSDATA_TID6,1066
8.89659e+06,20,ACK,14
8.89664e+06,6,QOSDATA_TID6,1066
8.89682e+06,20,ACK,14
8.89686e+06,6,QOSDATA_TID6,1066
8.89705e+06,20,ACK,14
8.89709e+06,6,CTL,20
8.89718e+06,2,RTS,20
8.89718e+06,9,RTS,20
8.89724e+06,20,CTS,14
8.8973e+06,2,QOSDATA_TID6,1066
8.89749e+06,20,ACK,14
8.89753e+06,2,CTL,20
8.89762e+06,9,RTS,20
8.89762e+06,11,RTS,20
8.89772e+06,0,RTS,20
8.89778e+06,20,CTS,14
8.89784e+06,0,QOSDATA_TID6,1066
8.89803e+06,20,ACK,14
8.89807e+06,0,CTL,20
8.89816e+06,5,RTS,20
8.89816e+06,9,RTS,20
8.89816e+06,13,RTS,20
8.89823e+06,20,CTS,14
8.89829e+06,5,QOSDATA_TID6,1066
8.89847e+06,20,ACK,14
8.89852e+06,5,CTL,20
8.89861e+06,19,RTS,20
8.89861e+06,16,RTS,20
8.89861e+06,18,RTS,20
8.89861e+06,4,RTS,20
8.89861e+06,10,RTS,20
8.89873e+06,7,RTS,20
8.89873e+06,9,RTS,20
8.89879e+06,20,CTS,14
8.89885e+06,7,QOSDATA_TID6,1066
8.89904e+06,20,ACK,14
8.89908e+06,7,CTL,20
8.89917e+06,10,RTS,20
8.89924e+06,20,CTS,14
8.8993e+06,10,QOSDATA_TID6,1066
8.89948e+06,20,ACK,14
8.89952e+06,10,QOSDATA_TID6,1066
8.89971e+06,20,ACK,14
8.89975e+06,10,CTL,20
8.89984e+06,18,RTS,20
8.89984e+06,9,RTS,20
8.89984e+06,19,RTS,20
8.89984e+06,17,RTS,20
8.89984e+06,1,RTS,20
8.89994e+06,8,RTS,20
8.9e+06,20,CTS,14
8.90006e+06,8,QOSDATA_TID6,1066
8.90025e+06,20,ACK,14
8.90029e+06,8,QOSDATA_TID6,1066
8.90048e+06,20,ACK,14
8.90052e+06,8,CTL,20
8.90061e+06,1,RTS,20
8.90061e+06,16,RTS,20
8.90061e+06,4,RTS,20
8.90061e+06,14,RTS,20
8.9007e+06,12,RTS,20
8.9007e+06,2,RTS,20
8.90077e+06,20,CTS,14
8.90083e+06,12,QOSDATA_TID6,1066
8.90102e+06,20,ACK,14
8.90106e+06,12,CTL,20
8.90115e+06,1,RTS,20
8.90121e+06,20,CTS,14
8.90127e+06,1,QOSDATA_TID6,1066
8.90146e+06,20,ACK,14
8.9015e+06,1,CTL,20
8.90159e+06,5,RTS,20
8.90159e+06,4,RTS,20
8.90159e+06,3,RTS,20
8.90166e+06,20,CTS,14
8.90172e+06,5,QOSDATA_TID6,1066
8.9019e+06,20,ACK,14
8.90194e+06,5,CTL,20
8.90203e+06,6,RTS,20
8.9021e+06,20,CTS,14
8.90216e+06,6,QOSDATA_TID6,1066
8.90234e+06,20,ACK,14
8.90239e+06,6,CTL,20
8.90247e+06,18,RTS,20
8.90247e+06,15,RTS,20
8.90247e+06,2,RTS,20
8.90247e+06,10,RTS,20
8.90247e+06,19,RTS,20
8.90259e+06,9,RTS,20
8.90266e+06,20,CTS,14
8.90272e+06,9,QOSDATA_TID6,1066
8.9029e+06,20,ACK,14
8.90294e+06,9,CTL,20
8.90303e+06,8,RTS,20
8.9031e+06,20,CTS,14
8.90316e+06,8,QOSDATA_TID6,1066
8.90334e+06,20,ACK,14
8.90339e+06,8,CTL,20
8.90347e+06,11,RTS,20
8.90347e+06,16,RTS,20
8.90347e+06,4,RTS,20
8.90347e+06,3,RTS,20
8.90347e+06,18,RTS,20
8.90357e+06,17,RTS,20
8.90364e+06,20,CTS,14
8.9037e+06,17,QOSDATA_TID6,1066
8.90388e+06,20,ACK,14
8.90393e+06,17,CTL,20
8.90401e+06,19,RTS,20
8.90401e+06,13,RTS,20
8.90401e+06,15,RTS,20
8.90413e+06,10,RTS,20
8.9042e+06,20,CTS,14
8.90426e+06,10,QOSDATA_TID6,1066
8.90444e+06,20,ACK,14
8.90448e+06,10,CTL,20
8.90458e+06,14,RTS,20
8.90458e+06,15,RTS,20
8.90458e+06,11,RTS,20
8.90469e+06,18,RTS,20
8.90476e+06,20,CTS,14
8.90482e+06,18,QOSDATA_TID6,1066
8.905e+06,20,ACK,14
8.90504e+06,18,QOSDATA_TID6,1066
8.90523e+06,20,ACK,14
8.90527e+06,18,QOSDATA_TID6,1066
8.90546e+06,20,ACK,14
8.9055e+06,18,CTL,20
8.90558e+06,3,RTS,20
8.90558e+06,7,RTS,20
8.90565e+06,20,CTS,14
8.90571e+06,7,QOSDATA_TID6,1066
8.9059e+06,20,ACK,14
8.90594e+06,7,CTL,20
8.90604e+06,2,RTS,20
8.90604e+06,9,RTS,20
8.9061e+06,20,CTS,14
8.90616e+06,2,QOSDATA_TID6,1066
8.90635e+06,20,ACK,14
8.90639e+06,2,CTL,20
8.90648e+06,11,RTS,20
8.90648e+06,4,RTS,20
8.90658e+06,14,RTS,20
8.90664e+06,20,CTS,14
8.9067e+06,14,QOSDATA_TID6,1066
8.90689e+06,20,ACK,14
8.90693e+06,14,QOSDATA_TID6,1066
8.90712e+06,20,ACK,14
8.90716e+06,14,CTL,20
8.90725e+06,0,RTS,20
8.90725e+06,13,RTS,20
8.90731e+06,20,CTS,14
8.90737e+06,0,QOSDATA_TID6,1066
8.90756e+06,20,ACK,14
8.9076e+06,0,CTL,20
8.9077e+06,1,RTS,20
8.9077e+06,9,RTS,20
8.9077e+06,19,RTS,20
8.9077e+06,16,RTS,20
8.9078e+06,17,RTS,20
8.9078e+06,12,RTS,20
8.9078e+06,15,RTS,20
8.9078e+06,6,RTS,20
8.90789e+06,16,RTS,20
8.90796e+06,20,CTS,14
8.90802e+06,16,QOSDATA_TID6,1066
8.9082e+06,20,ACK,14
8.90825e+06,16,QOSDATA_TID6,1066
8.90843e+06,20,ACK,14
8.90848e+06,16,CTL,20
8.90857e+06,11,RTS,20
8.90857e+06,3,RTS,20
8.90868e+06,5,RTS,20
8.90875e+06,20,CTS,14
8.90881e+06,5,QOSDATA_TID6,1066
8.90899e+06,20,ACK,14
8.90904e+06,5,CTL,20
8.90914e+06,17,RTS,20
8.90914e+06,2,RTS,20
8.90914e+06,11,RTS,20
8.90914e+06,10,RTS,20
8.90924e+06,15,RTS,20
8.9093e+06,20,CTS,14
8.90936e+06,15,QOSDATA_TID6,1066
8.90955e+06,20,ACK,14
8.90959e+06,15,QOSDATA_TID6,1066
8.90978e+06,20,ACK,14
8.90982e+06,15,CTL,20
8.90991e+06,13,RTS,20
8.90991e+06,11,RTS,20
8.90991e+06,9,RTS,20
8.91002e+06,6,RTS,20
8.91009e+06,20,CTS,14
8.91015e+06,6,QOSDATA_TID6,1066
8.91034e+06,20,ACK,14
8.91038e+06,6,CTL,20
8.91046e+06,19,RTS,20
8.91053e+06,20,CTS,14
8.91059e+06,19,QOSDATA_TID6,1066
8.91078e+06,20,ACK,14
8.91082e+06,19,QOSDATA_TID6,1066
8.911e+06,20,ACK,14
8.91105e+06,19,CTL,20
8.91114e+06,14,RTS,20
8.9112e+06,20,CTS,14
8.91126e+06,14,QOSDATA_TID6,1066
8.91145e+06,20,ACK,14
8.91149e+06,14,CTL,20
8.91158e+06,13,RTS,20
8.91158e+06,12,RTS,20
8.91158e+06,9,RTS,20
8.91165e+06,20,CTS,14
8.91171e+06,12,QOSDATA_TID6,1066
8.91189e+06,20,ACK,14
8.91193e+06,12,CTL,20
8.91203e+06,1,RTS,20
8.91203e+06,11,RTS,20
8.91203e+06,18,RTS,20
8.91215e+06,9,RTS,20
8.91222e+06,20,CTS,14
8.91228e+06,9,QOSDATA_TID6,1066
8.91247e+06,20,ACK,14
8.91251e+06,9,CTL,20
8.9126e+06,3,RTS,20
8.9126e+06,16,RTS,20
8.9126e+06,13,RTS,20
8.91272e+06,8,RTS,20
8.91279e+06,20,CTS,14
8.91285e+06,8,QOSDATA_TID6,1066
8.91303e+06,20,ACK,14
8.91308e+06,8,CTL,20
8.91317e+06,16,RTS,20
8.91317e+06,0,RTS,20
8.91324e+06,20,CTS,14
8.9133e+06,0,QOSDATA_TID6,1066
8.91348e+06,20,ACK,14
8.91353e+06,0,CTL,20
8.91362e+06,13,RTS,20
8.91369e+06,20,CTS,14
8.91375e+06,13,QOSDATA_TID6,1066
8.91394e+06,20,ACK,14
8.91398e+06,13,QOSDATA_TID6,1066
8.91416e+06,20,ACK,14
8.91421e+06,13,QOSDATA_TID6,1066
8.91439e+06,20,ACK,14
8.91444e+06,13,CTL,20
8.91452e+06,7,RTS,20
8.91452e+06,4,RTS,20
8.91452e+06,2,RTS,20
8.91463e+06,17,RTS,20
8.91463e+06,1,RTS,20
8.91473e+06,2,RTS,20
8.91479e+06,20,CTS,14
8.91485e+06,2,QOSDATA_TID6,1066
8.91504e+06,20,ACK,14
8.91508e+06,2,CTL,20
8.91517e+06,6,RTS,20
8.91517e+06,11,RTS,20
8.91528e+06,3,RTS,20
8.91528e+06,9,RTS,20
8.91538e+06,10,RTS,20
8.91538e+06,12,RTS,20
8.91538e+06,4,RTS,20
8.91545e+06,20,CTS,14
8.91551e+06,12,QOSDATA_TID6,1066
8.91569e+06,20,ACK,14
8.91574e+06,12,CTL,20
8.91582e+06,4,RTS,20
8.91582e+06,3,RTS,20
8.91594e+06,19,RTS,20
8.91601e+06,20,CTS,14
8.91607e+06,19,QOSDATA_TID6,1066
8.91625e+06,20,ACK,14
8.9163e+06,19,CTL,20
8.91638e+06,5,RTS,20
8.91645e+06,20,CTS,14
8.91651e+06,5,QOSDATA_TID6,1066
8.91669e+06,20,ACK,14
8.91674e+06,5,CTL,20
8.91682e+06,17,RTS,20
8.91682e+06,15,RTS,20
8.91689e+06,20,CTS,14
8.91695e+06,17,QOSDATA_TID6,1066
8.91714e+06,20,ACK,14
8.91718e+06,17,QOSDATA_TID6,1066
8.91736e+06,20,ACK,14
8.91741e+06,17,CTL,20
8.91749e+06,10,RTS,20
8.91756e+06,20,CTS,14
8.91762e+06,10,QOSDATA_TID6,1066
8.91781e+06,20,ACK,14
8.91785e+06,10,QOSDATA_TID6,1066
8.91803e+06,20,ACK,14
8.91808e+06,10,CTL,20
8.91816e+06,18,RTS,20
8.91816e+06,1,RTS,20
8.91823e+06,20,CTS,14
8.91829e+06,1,QOSDATA_TID6,1066
8.91848e+06,20,ACK,14
8.91852e+06,1,QOSDATA_TID6,1066
8.9187e+06,20,ACK,14
8.91875e+06,1,CTL,20
8.91883e+06,9,RTS,20
8.91883e+06,15,RTS,20
8.9189e+06,20,CTS,14
8.91896e+06,15,QOSDATA_TID6,1066
8.91915e+06,20,ACK,14
8.91919e+06,15,CTL,20
8.91928e+06,9,RTS,20
8.91934e+06,20,CTS,14
8.9194e+06,9,QOSDATA_TID6,1066
8.91959e+06,20,ACK,14
8.91963e+06,9,CTL,20
8.91972e+06,8,RTS,20
8.91972e+06,16,RTS,20
8.91972e+06,14,RTS,20
8.91979e+06,20,CTS,14
8.91985e+06,8,QOSDATA_TID6,1066
8.92003e+06,20,ACK,14
8.92008e+06,8,CTL,20
8.92016e+06,18,RTS,20
8.92023e+06,20,CTS,14
8.92029e+06,18,QOSDATA_TID6,1066
8.92047e+06,20,ACK,14
8.92052e+06,18,QOSDATA_TID6,1066
8.9207e+06,20,ACK,14
8.92074e+06,18,CTL,20
8.92083e+06,2,RTS,20
8.92083e+06,4,RTS,20
8.9209e+06,20,CTS,14
8.92096e+06,2,QOSDATA_TID6,1066
8.92114e+06,20,ACK,14
8.92119e+06,2,CTL,20
8.92128e+06,3,RTS,20
8.92128e+06,0,RTS,20
8.92128e+06,6,RTS,20
8.92128e+06,7,RTS,20
8.92128e+06,4,RTS,20
8.92142e+06,3,RTS,20
8.92142e+06,7,RTS,20
8.92149e+06,20,CTS,14
8.92155e+06,7,QOSDATA_TID6,1066
8.92173e+06,20,ACK,14
8.92178e+06,7,QOSDATA_TID6,1066
8.92196e+06,20,ACK,14
8.92201e+06,7,CTL,20
8.92209e+06,3,RTS,20
8.92216e+06,20,CTS,14
8.92222e+06,3,QOSDATA_TID6,1066
8.9224e+06,20,ACK,14
8.92245e+06,3,QOSDATA_TID6,1066
8.92263e+06,20,ACK,14
8.92268e+06,3,QOSDATA_TID6,1066
8.92286e+06,20,ACK,14
8.9229e+06,3,CTL,20
8.92299e+06,9,RTS,20
8.92299e+06,19,RTS,20
8.92299e+06,12,RTS,20
8.92306e+06,20,CTS,14
8.92312e+06,12,QOSDATA_TID6,1066
8.9233e+06,20,ACK,14
8.92335e+06,12,CTL,20
8.92343e+06,17,RTS,20
8.9235e+06,20,CTS,14
8.92356e+06,17,QOSDATA_TID6,1066
8.92374e+06,20,ACK,14
8.92379e+06,17,CTL,20
8.92387e+06,11,RTS,20
8.92394e+06,20,CTS,14
8.924e+06,11,QOSDATA_TID6,1066
8.92419e+06,20,ACK,14
8.92423e+06,11,QOSDATA_TID6,1066
8.92441e+06,20,ACK,14
8.92446e+06,11,QOSDATA_TID6,1066
8.92464e+06,20,ACK,14
8.92469e+06,11,QOSDATA_TID6,1066
8.92487e+06,20,ACK,14
8.92491e+06,11,CTL,20
8.92499e+06,20,BEACON,152
8.92525e+06,5,RTS,20
8.92525e+06,1,RTS,20
8.92525e+06,6,RTS,20
8.92525e+06,16,RTS,20
8.92525e+06,13,RTS,20
8.92532e+06,20,CTS,14
8.92538e+06,5,QOSDATA_TID6,1066
8.92556e+06,20,ACK,14
8.92561e+06,5,CTL,20
8.9257e+06,1,RTS,20
8.9257e+06,2,RTS,20
8.9257e+06,9,RTS,20
8.92579e+06,10,RTS,20
8.92579e+06,0,RTS,20
8.92586e+06,20,CTS,14
8.92592e+06,0,QOSDATA_TID6,1066
8.9261e+06,20,ACK,14
8.92615e+06,0,CTL,20
8.92624e+06,9,RTS,20
8.9263e+06,20,CTS,14
8.92636e+06,9,QOSDATA_TID6,1066
8.92655e+06,20,ACK,14
8.92659e+06,9,CTL,20
8.92668e+06,8,RTS,20
8.92668e+06,16,RTS,20
8.92674e+06,20,CTS,14
8.9268e+06,8,QOSDATA_TID6,1066
8.92699e+06,20,ACK,14
8.92703e+06,8,CTL,20
8.92712e+06,15,RTS,20
8.92719e+06,20,CTS,14
8.92725e+06,15,QOSDATA_TID6,1066
8.92743e+06,20,ACK,14
8.92748e+06,15,CTL,20
8.92756e+06,14,RTS,20
8.92756e+06,18,RTS,20
8.92756e+06,19,RTS,20
8.92756e+06,10,RTS,20
8.92766e+06,13,RTS,20
8.92773e+06,20,CTS,14
8.92779e+06,13,QOSDATA_TID6,1066
8.92797e+06,20,ACK,14
8.92802e+06,13,CTL,20
8.92811e+06,4,RTS,20
8.92811e+06,16,RTS,20
8.92811e+06,1,RTS,20
8.92811e+06,6,RTS,20
8.92811e+06,10,RTS,20
8.92824e+06,2,RTS,20
8.9283e+06,20,CTS,14
8.92836e+06,2,QOSDATA_TID6,1066
8.92855e+06,20,ACK,14
8.92859e+06,2,CTL,20
8.9287e+06,1,RTS,20
8.9287e+06,4,RTS,20
8.92877e+06,20,CTS,14
8.92883e+06,1,QOSDATA_TID6,1066
8.92902e+06,20,ACK,14
8.92906e+06,1,CTL,20
8.92916e+06,0,RTS,20
8.92916e+06,14,RTS,20
8.92922e+06,20,CTS,14
8.92928e+06,0,QOSDATA_TID6,1066
8.92947e+06,20,ACK,14
8.92951e+06,0,CTL,20
8.92962e+06,7,RTS,20
8.92968e+06,20,CTS,14
8.92974e+06,7,QOSDATA_TID6,1066
8.92993e+06,20,ACK,14
8.92997e+06,7,CTL,20
8.93006e+06,13,RTS,20
8.93013e+06,20,CTS,14
8.93019e+06,13,QOSDATA_TID6,1066
8.93037e+06,20,ACK,14
8.93041e+06,13,CTL,20
8.9305e+06,4,RTS,20
8.9305e+06,16,RTS,20
8.9305e+06,10,RTS,20
8.9306e+06,19,RTS,20
8.93067e+06,20,CTS,14
8.93073e+06,19,QOSDATA_TID6,1066
8.93091e+06,20,ACK,14
8.93095e+06,19,QOSDATA_TID6,1066
8.93114e+06,20,ACK,14
8.93118e+06,19,CTL,20
8.93127e+06,1,RTS,20
8.93127e+06,11,RTS,20
8.93127e+06,10,RTS,20
8.93137e+06,12,RTS,20
8.93143e+06,20,CTS,14
8.93149e+06,12,QOSDATA_TID6,1066
8.93168e+06,20,ACK,14
8.93172e+06,12,CTL,20
8.93181e+06,3,RTS,20
8.93181e+06,14,RTS,20
8.93192e+06,16,RTS,20
8.93192e+06,4,RTS,20
8.93203e+06,9,RTS,20
8.93203e+06,14,RTS,20
8.93203e+06,18,RTS,20
8.93213e+06,6,RTS,20
8.9322e+06,20,CTS,14
8.93226e+06,6,QOSDATA_TID6,1066
8.93244e+06,20,ACK,14
8.93248e+06,6,QOSDATA_TID6,1066
8.93267e+06,20,ACK,14
8.93271e+06,6,QOSDATA_TID6,1066
8.9329e+06,20,ACK,14
8.93294e+06,6,CTL,20
8.93304e+06,18,RTS,20
8.93304e+06,2,RTS,20
8.93304e+06,17,RTS,20
8.93304e+06,4,RTS,20
8.93315e+06,15,RTS,20
8.93322e+06,20,CTS,14
8.93328e+06,15,QOSDATA_TID6,1066
8.93346e+06,20,ACK,14
8.93351e+06,15,CTL,20
8.93359e+06,2,RTS,20
8.93366e+06,20,CTS,14
8.93372e+06,2,QOSDATA_TID6,1066
8.93391e+06,20,ACK,14
8.93395e+06,2,CTL,20
8.93404e+06,14,RTS,20
8.9341e+06,20,CTS,14
8.93416e+06,14,QOSDATA_TID6,1066
8.93435e+06,20,ACK,14
8.93439e+06,14,QOSDATA_TID6,1066
8.93458e+06,20,ACK,14
8.93462e+06,14,CTL,20
8.93471e+06,3,RTS,20
8.93471e+06,16,RTS,20
8.93471e+06,4,RTS,20
8.93481e+06,5,RTS,20
8.93488e+06,20,CTS,14
8.93494e+06,5,QOSDATA_TID6,1066
8.93513e+06,20,ACK,14
8.93517e+06,5,CTL,20
8.93526e+06,8,RTS,20
8.93532e+06,20,CTS,14
8.93538e+06,8,QOSDATA_TID6,1066
8.93557e+06,20,ACK,14
8.93561e+06,8,CTL,20
8.9357e+06,17,RTS,20
8.9357e+06,1,RTS,20
8.9357e+06,11,RTS,20
8.9357e+06,18,RTS,20
8.9358e+06,9,RTS,20
8.93587e+06,20,CTS,14
8.93593e+06,9,QOSDATA_TID6,1066
8.93612e+06,20,ACK,14
8.93616e+06,9,CTL,20
8.93625e+06,18,RTS,20
8.93625e+06,14,RTS,20
8.93635e+06,11,RTS,20
8.93642e+06,20,CTS,14
8.93648e+06,11,QOSDATA_TID6,1066
8.93667e+06,20,ACK,14
8.93671e+06,11,CTL,20
8.9368e+06,16,RTS,20
8.9368e+06,10,RTS,20
8.93692e+06,14,RTS,20
8.93699e+06,20,CTS,14
8.93705e+06,14,QOSDATA_TID6,1066
8.93723e+06,20,ACK,14
8.93728e+06,14,CTL,20
8.93737e+06,0,RTS,20
8.93744e+06,20,CTS,14
8.9375e+06,0,QOSDATA_TID6,1066
8.93768e+06,20,ACK,14
8.93773e+06,0,CTL,20
8.93781e+06,17,RTS,20
8.93788e+06,20,CTS,14
8.93794e+06,17,QOSDATA_TID6,1066
8.93813e+06,20,ACK,14
8.93817e+06,17,CTL,20
8.93826e+06,1,RTS,20
8.93826e+06,7,RTS,20
8.93826e+06,3,RTS,20
8.93826e+06,9,RTS,20
8.93826e+06,18,RTS,20
8.93835e+06,16,RTS,20
8.93842e+06,20,CTS,14
8.93848e+06,16,QOSDATA_TID6,1066
8.93867e+06,20,ACK,14
8.93871e+06,16,QOSDATA_TID6,1066
8.93889e+06,20,ACK,14
8.93894e+06,16,QOSDATA_TID6,1066
8.93912e+06,20,ACK,14
8.93917e+06,16,CTL,20
8.93925e+06,11,RTS,20
8.93925e+06,4,RTS,20
8.93925e+06,1,RTS,20
8.93936e+06,13,RTS,20
8.93936e+06,6,RTS,20
8.93936e+06,10,RTS,20
8.93946e+06,12,RTS,20
8.93946e+06,11,RTS,20
8.93952e+06,20,CTS,14
8.93958e+06,12,QOSDATA_TID6,1066
8.93977e+06,20,ACK,14
8.93981e+06,12,CTL,20
8.9399e+06,1,RTS,20
8.9399e+06,13,RTS,20
8.93997e+06,20,CTS,14
8.94003e+06,1,QOSDATA_TID6,1066
8.94021e+06,20,ACK,14
8.94026e+06,1,QOSDATA_TID6,1066
8.94044e+06,20,ACK,14
8.94048e+06,1,CTL,20
8.94058e+06,17,RTS,20
8.94065e+06,20,CTS,14
8.94071e+06,17,QOSDATA_TID6,1066
8.94089e+06,20,ACK,14
8.94093e+06,17,CTL,20
8.94102e+06,19,RTS,20
8.94102e+06,7,RTS,20
8.94102e+06,9,RTS,20
8.94102e+06,6,RTS,20
8.94113e+06,11,RTS,20
8.9412e+06,20,CTS,14
8.94126e+06,11,QOSDATA_TID6,1066
8.94144e+06,20,ACK,14
8.94148e+06,11,CTL,20
8.94157e+06,9,RTS,20
8.94157e+06,15,RTS,20
8.94157e+06,10,RTS,20
8.94167e+06,5,RTS,20
8.94167e+06,2,RTS,20
8.94167e+06,19,RTS,20
8.94174e+06,20,CTS,14
8.9418e+06,5,QOSDATA_TID6,1066
8.94198e+06,20,ACK,14
8.94202e+06,5,CTL,20
8.94211e+06,9,RTS,20
8.94211e+06,10,RTS,20
8.94211e+06,15,RTS,20
8.94221e+06,6,RTS,20
8.94228e+06,20,CTS,14
8.94234e+06,6,QOSDATA_TID6,1066
8.94252e+06,20,ACK,14
8.94256e+06,6,CTL,20
8.94265e+06,15,RTS,20
8.94265e+06,10,RTS,20
8.94265e+06,8,RTS,20
8.94265e+06,4,RTS,20
8.94275e+06,13,RTS,20
8.94275e+06,2,RTS,20
8.94275e+06,3,RTS,20
8.94286e+06,8,RTS,20
8.94286e+06,4,RTS,20
8.94286e+06,19,RTS,20
8.94296e+06,2,RTS,20
8.94302e+06,20,CTS,14
8.94308e+06,2,QOSDATA_TID6,1066
8.94327e+06,20,ACK,14
8.94331e+06,2,CTL,20
8.94342e+06,18,RTS,20
8.94342e+06,14,RTS,20
8.94354e+06,4,RTS,20
8.94361e+06,20,CTS,14
8.94367e+06,4,QOSDATA_TID6,1066
8.94385e+06,20,ACK,14
8.9439e+06,4,QOSDATA_TID6,1066
8.94408e+06,20,ACK,14
8.94413e+06,4,QOSDATA_TID6,1066
8.94431e+06,20,ACK,14
8.94435e+06,4,QOSDATA_TID6,1066
8.94454e+06,20,ACK,14
8.94458e+06,4,QOSDATA_TID6,1066
8.94477e+06,20,ACK,14
8.94481e+06,4,CTL,20
8.9449e+06,8,RTS,20
8.94496e+06,20,CTS,14
8.94502e+06,8,QOSDATA_TID6,1066
8.94521e+06,20,ACK,14
8.94525e+06,8,CTL,20
8.94534e+06,0,RTS,20
8.94541e+06,20,CTS,14
8.94547e+06,0,QOSDATA_TID6,1066
8.94565e+06,20,ACK,14
8.94569e+06,0,CTL,20
8.94578e+06,7,RTS,20
8.94578e+06,16,RTS,20
8.94585e+06,20,CTS,14
8.94591e+06,7,QOSDATA_TID6,1066
8.94609e+06,20,ACK,14
8.94614e+06,7,QOSDATA_TID6,1066
8.94632e+06,20,ACK,14
8.94636e+06,7,CTL,20
8.94645e+06,10,RTS,20
8.94652e+06,20,CTS,14
8.94658e+06,10,QOSDATA_TID6,1066
8.94676e+06,20,ACK,14
8.94681e+06,10,QOSDATA_TID6,1066
8.94699e+06,20,ACK,14
8.94703e+06,10,CTL,20
8.94712e+06,13,RTS,20
8.94719e+06,20,CTS,14
8.94725e+06,13,QOSDATA_TID6,1066
8.94743e+06,20,ACK,14
8.94748e+06,13,QOSDATA_TID6,1066
8.94766e+06,20,ACK,14
8.9477e+06,13,CTL,20
8.94779e+06,12,RTS,20
8.94779e+06,6,RTS,20
8.94786e+06,20,CTS,14
8.94792e+06,12,QOSDATA_TID6,1066
8.9481e+06,20,ACK,14
8.94815e+06,12,CTL,20
8.94823e+06,9,RTS,20
8.9483e+06,20,CTS,14
8.94836e+06,9,QOSDATA_TID6,1066
8.94854e+06,20,ACK,14
8.94859e+06,9,QOSDATA_TID6,1066
8.94877e+06,20,ACK,14
8.94882e+06,9,CTL,20
8.9489e+06,3,RTS,20
8.9489e+06,18,RTS,20
8.9489e+06,19,RTS,20
8.9489e+06,11,RTS,20
8.9489e+06,4,RTS,20
8.949e+06,2,RTS,20
8.94907e+06,20,CTS,14
8.94913e+06,2,QOSDATA_TID6,1066
8.94931e+06,20,ACK,14
8.94936e+06,2,CTL,20
8.94944e+06,14,RTS,20
8.94944e+06,15,RTS,20
8.94944e+06,16,RTS,20
8.94944e+06,4,RTS,20
8.94954e+06,5,RTS,20
8.94954e+06,17,RTS,20
8.94954e+06,3,RTS,20
8.94965e+06,10,RTS,20
8.94965e+06,11,RTS,20
8.94977e+06,14,RTS,20
8.94984e+06,20,CTS,14
8.9499e+06,14,QOSDATA_TID6,1066
8.95008e+06,20,ACK,14
8.95012e+06,14,CTL,20
8.95022e+06,1,RTS,20
8.95022e+06,11,RTS,20
8.95029e+06,20,CTS,14
8.95035e+06,1,QOSDATA_TID6,1066
8.95053e+06,20,ACK,14
8.95058e+06,1,CTL,20
8.95066e+06,8,RTS,20
8.95066e+06,18,RTS,20
8.95073e+06,20,CTS,14
8.95079e+06,8,QOSDATA_TID6,1066
8.95097e+06,20,ACK,14
8.95102e+06,8,CTL,20
8.9511e+06,15,RTS,20
8.95117e+06,20,CTS,14
8.95123e+06,15,QOSDATA_TID6,1066
8.95142e+06,20,ACK,14
8.95146e+06,15,QOSDATA_TID6,1066
8.95164e+06,20,ACK,14
8.95169e+06,15,CTL,20
8.95178e+06,6,RTS,20
8.95185e+06,20,CTS,14
8.95191e+06,6,QOSDATA_TID6,1066
8.95209e+06,20,ACK,14
8.95214e+06,6,CTL,20
8.95222e+06,3,RTS,20
8.95222e+06,11,RTS,20
8.95233e+06,19,RTS,20
8.95233e+06,14,RTS,20
8.9524e+06,20,CTS,14
8.95246e+06,19,QOSDATA_TID6,1066
8.95264e+06,20,ACK,14
8.95269e+06,19,QOSDATA_TID6,1066
8.95287e+06,20,ACK,14
8.95292e+06,19,CTL,20
8.95301e+06,16,RTS,20
8.95301e+06,10,RTS,20
8.95312e+06,5,RTS,20
8.95318e+06,20,CTS,14
8.95324e+06,5,QOSDATA_TID6,1066
8.95343e+06,20,ACK,14
8.95347e+06,5,CTL,20
8.95357e+06,7,RTS,20
8.95364e+06,20,CTS,14
8.9537e+06,7,QOSDATA_TID6,1066
8.95388e+06,20,ACK,14
8.95392e+06,7,CTL,20
8.95401e+06,4,RTS,20
8.95401e+06,0,RTS,20
8.95401e+06,18,RTS,20
8.95401e+06,10,RTS,20
8.95411e+06,17,RTS,20
8.95418e+06,20,CTS,14
8.95424e+06,17,QOSDATA_TID6,1066
8.95442e+06,20,ACK,14
8.95446e+06,17,CTL,20
8.95455e+06,13,RTS,20
8.95462e+06,20,CTS,14
8.95468e+06,13,QOSDATA_TID6,1066
8.95486e+06,20,ACK,14
8.95491e+06,13,CTL,20
8.95499e+06,12,RTS,20
8.95499e+06,18,RTS,20
8.95506e+06,20,CTS,14
8.95512e+06,12,QOSDATA_TID6,1066
8.9553e+06,20,ACK,14
8.95535e+06,12,CTL,20
8.95543e+06,6,RTS,20
8.9555e+06,20,CTS,14
8.95556e+06,6,QOSDATA_TID6,1066
8.95575e+06,20,ACK,14
8.95579e+06,6,CTL,20
8.95588e+06,17,RTS,20
8.95588e+06,1,RTS,20
8.95588e+06,9,RTS,20
8.95597e+06,14,RTS,20
8.95604e+06,20,CTS,14
8.9561e+06,14,QOSDATA_TID6,1066
8.95629e+06,20,ACK,14
8.95633e+06,14,CTL,20
8.95642e+06,0,RTS,20
8.95642e+06,18,RTS,20
8.95642e+06,19,RTS,20
8.95652e+06,3,RTS,20
8.95659e+06,20,CTS,14
8.95665e+06,3,QOSDATA_TID6,1066
8.95684e+06,20,ACK,14
8.95688e+06,3,QOSDATA_TID6,1066
8.95706e+06,20,ACK,14
8.95711e+06,3,QOSDATA_TID6,1066
8.95729e+06,20,ACK,14
8.95734e+06,3,CTL,20
8.95742e+06,2,RTS,20
8.95749e+06,20,CTS,14
8.95755e+06,2,QOSDATA_TID6,1066
8.95773e+06,20,ACK,14
8.95778e+06,2,CTL,20
8.95786e+06,19,RTS,20
8.95793e+06,20,CTS,14
8.95799e+06,19,QOSDATA_TID6,1066
8.95818e+06,20,ACK,14
8.95822e+06,19,CTL,20
8.9583e+06,1,RTS,20
8.9583e+06,17,RTS,20
8.9583e+06,11,RTS,20
8.9583e+06,16,RTS,20
8.9583e+06,9,RTS,20
8.9583e+06,10,RTS,20
8.9584e+06,5,RTS,20
8.9584e+06,15,RTS,20
8.9584e+06,4,RTS,20
8.95847e+06,20,CTS,14
8.95853e+06,5,QOSDATA_TID6,1066
8.95872e+06,20,ACK,14
8.95876e+06,5,CTL,20
8.95886e+06,17,RTS,20
8.95892e+06,20,CTS,14
8.95898e+06,17,QOSDATA_TID6,1066
8.95917e+06,20,ACK,14
8.95921e+06,17,CTL,20
8.95931e+06,8,RTS,20
8.95931e+06,18,RTS,20
8.95931e+06,10,RTS,20
8.95937e+06,20,CTS,14
8.95943e+06,8,QOSDATA_TID6,1066
8.95962e+06,20,ACK,14
8.95966e+06,8,CTL,20
8.95975e+06,10,RTS,20
8.95982e+06,20,CTS,14
8.95988e+06,10,QOSDATA_TID6,1066
8.96006e+06,20,ACK,14
8.9601e+06,10,QOSDATA_TID6,1066
8.96029e+06,20,ACK,14
8.96033e+06,10,CTL,20
8.96042e+06,18,RTS,20
8.96042e+06,15,RTS,20
8.96052e+06,1,RTS,20
8.96058e+06,20,CTS,14
8.96064e+06,1,QOSDATA_TID6,1066
8.96083e+06,20,ACK,14
8.96087e+06,1,CTL,20
8.96097e+06,0,CTS,14
8.96097e+06,14,RTS,20
8.96109e+06,0,RTS,20
8.96116e+06,20,CTS,14
8.96122e+06,0,QOSDATA_TID6,1066
8.9614e+06,20,ACK,14
8.96144e+06,0,QOSDATA_TID6,1066
8.96163e+06,20,ACK,14
8.96167e+06,0,CTL,20
8.96176e+06,11,RTS,20
8.96183e+06,20,CTS,14
8.96189e+06,11,QOSDATA_TID6,1066
8.96207e+06,20,ACK,14
8.96212e+06,11,QOSDATA_TID6,1066
8.9623e+06,20,ACK,14
8.96234e+06,11,CTL,20
8.96243e+06,16,RTS,20
8.96243e+06,4,RTS,20
8.96243e+06,7,RTS,20
8.9625e+06,20,CTS,14
8.96256e+06,7,QOSDATA_TID6,1066
8.96274e+06,20,ACK,14
8.96278e+06,7,CTL,20
8.96289e+06,13,RTS,20
8.96289e+06,16,RTS,20
8.96289e+06,4,RTS,20
8.96289e+06,18,RTS,20
8.96289e+06,9,RTS,20
8.96299e+06,19,RTS,20
8.96299e+06,12,RTS,20
8.96306e+06,20,CTS,14
8.96312e+06,12,QOSDATA_TID6,1066
8.9633e+06,20,ACK,14
8.96334e+06,12,CTL,20
8.96343e+06,19,RTS,20
8.96343e+06,6,RTS,20
8.96356e+06,13,RTS,20
8.96363e+06,20,CTS,14
8.96369e+06,13,QOSDATA_TID6,1066
8.96388e+06,20,ACK,14
8.96392e+06,13,CTL,20
8.96401e+06,17,RTS,20
8.96401e+06,18,RTS,20
8.96408e+06,20,CTS,14
8.96414e+06,17,QOSDATA_TID6,1066
8.96433e+06,20,ACK,14
8.96437e+06,17,CTL,20
8.96447e+06,1,RTS,20
8.96447e+06,5,RTS,20
8.96447e+06,16,RTS,20
8.96447e+06,4,RTS,20
8.96447e+06,18,RTS,20
8.96447e+06,15,RTS,20
8.96447e+06,14,RTS,20
8.96454e+06,20,CTS,14
8.9646e+06,5,QOSDATA_TID6,1066
8.96479e+06,20,ACK,14
8.96483e+06,5,CTL,20
8.96492e+06,10,RTS,20
8.96499e+06,20,CTS,14
8.96505e+06,10,QOSDATA_TID6,1066
8.96524e+06,20,ACK,14
8.96528e+06,10,CTL,20
8.96537e+06,18,RTS,20
8.96537e+06,1,RTS,20
8.96537e+06,14,RTS,20
8.96546e+06,3,RTS,20
8.96553e+06,20,CTS,14
8.96559e+06,3,QOSDATA_TID6,1066
8.96578e+06,20,ACK,14
8.96582e+06,3,CTL,20
8.96592e+06,2,RTS,20
8.96592e+06,18,RTS,20
8.96592e+06,19,RTS,20
8.96592e+06,11,RTS,20
8.96592e+06,16,RTS,20
8.96601e+06,9,RTS,20
8.96608e+06,20,CTS,14
8.96614e+06,9,QOSDATA_TID6,1066
8.96633e+06,20,ACK,14
8.96637e+06,9,QOSDATA_TID6,1066
8.96656e+06,20,ACK,14
8.9666e+06,9,CTL,20
8.96669e+06,2,RTS,20
8.96669e+06,8,RTS,20
8.96669e+06,11,RTS,20
8.96669e+06,16,RTS,20
8.96669e+06,15,RTS,20
8.96679e+06,4,RTS,20
8.96686e+06,20,CTS,14
8.96692e+06,4,QOSDATA_TID6,1066
8.9671e+06,20,ACK,14
8.96715e+06,4,QOSDATA_TID6,1066
8.96733e+06,20,ACK,14
8.96738e+06,4,CTL,20
8.96746e+06,2,RTS,20
8.96753e+06,20,CTS,14
8.96759e+06,2,QOSDATA_TID6,1066
8.96777e+06,20,ACK,14
8.96782e+06,2,CTL,20
8.9679e+06,8,RTS,20
8.9679e+06,6,RTS,20
8.9679e+06,15,RTS,20
8.96804e+06,8,RTS,20
8.96811e+06,20,CTS,14
8.96817e+06,8,QOSDATA_TID6,1066
8.96836e+06,20,ACK,14
8.9684e+06,8,CTL,20
8.9685e+06,18,RTS,20
8.9685e+06,6,RTS,20
8.9685e+06,15,RTS,20
8.9685e+06,14,RTS,20
8.96861e+06,1,RTS,20
8.96868e+06,20,CTS,14
8.96874e+06,1,QOSDATA_TID6,1066
8.96892e+06,20,ACK,14
8.96897e+06,1,CTL,20
8.96905e+06,14,RTS,20
8.96912e+06,20,CTS,14
8.96918e+06,14,QOSDATA_TID6,1066
8.96936e+06,20,ACK,14
8.96941e+06,14,QOSDATA_TID6,1066
8.96959e+06,20,ACK,14
8.96964e+06,14,CTL,20
8.96972e+06,7,RTS,20
8.96972e+06,19,RTS,20
8.96972e+06,9,RTS,20
8.96982e+06,6,RTS,20
8.96989e+06,20,CTS,14
8.96995e+06,6,QOSDATA_TID6,1066
8.97013e+06,20,ACK,14
8.97018e+06,6,CTL,20
8.97026e+06,18,RTS,20
8.97026e+06,19,RTS,20
8.97036e+06,15,RTS,20
8.97043e+06,20,CTS,14
8.97049e+06,15,QOSDATA_TID6,1066
8.97067e+06,20,ACK,14
8.97072e+06,15,QOSDATA_TID6,1066
8.9709e+06,20,ACK,14
8.97094e+06,15,CTL,20
8.97103e+06,12,RTS,20
8.97103e+06,3,RTS,20
8.97103e+06,9,RTS,20
8.9711e+06,20,CTS,14
8.97116e+06,12,QOSDATA_TID6,1066
8.97134e+06,20,ACK,14
8.97139e+06,12,CTL,20
8.97147e+06,17,RTS,20
8.97147e+06,1,RTS,20
8.97147e+06,0,RTS,20
8.97147e+06,6,RTS,20
8.97157e+06,11,RTS,20
8.97164e+06,20,CTS,14
8.9717e+06,11,QOSDATA_TID6,1066
8.97188e+06,20,ACK,14
8.97193e+06,11,QOSDATA_TID6,1066
8.97211e+06,20,ACK,14
8.97216e+06,11,CTL,20
8.97224e+06,13,RTS,20
8.97231e+06,20,CTS,14
8.97237e+06,13,QOSDATA_TID6,1066
8.97255e+06,20,ACK,14
8.9726e+06,13,CTL,20
8.97268e+06,16,RTS,20
8.97268e+06,19,RTS,20
8.97275e+06,20,CTS,14
8.97281e+06,19,QOSDATA_TID6,1066
8.973e+06,20,ACK,14
8.97304e+06,19,QOSDATA_TID6,1066
8.97322e+06,20,ACK,14
8.97327e+06,19,CTL,20
8.97335e+06,7,RTS,20
8.97335e+06,4,RTS,20
8.97342e+06,20,CTS,14
8.97348e+06,7,QOSDATA_TID6,1066
8.97366e+06,20,ACK,14
8.97371e+06,7,CTL,20
8.9738e+06,17,RTS,20
8.9738e+06,5,RTS,20
8.9738e+06,0,RTS,20
8.9738e+06,2,RTS,20
8.9738e+06,3,RTS,20
8.97392e+06,10,RTS,20
8.97392e+06,15,RTS,20
8.97399e+06,20,CTS,14
8.97405e+06,15,QOSDATA_TID6,1066
8.97423e+06,20,ACK,14
8.97428e+06,15,CTL,20
8.97439e+06,6,RTS,20
8.97439e+06,5,RTS,20
8.97439e+06,2,RTS,20
8.97439e+06,16,RTS,20
8.97439e+06,4,RTS,20
8.97439e+06,10,RTS,20
8.97439e+06,9,RTS,20
8.97446e+06,20,CTS,14
8.97452e+06,5,QOSDATA_TID6,1066
8.9747e+06,20,ACK,14
8.97475e+06,5,CTL,20
8.97483e+06,8,RTS,20
8.97483e+06,1,RTS,20
8.97494e+06,16,RTS,20
8.97501e+06,20,CTS,14
8.97507e+06,16,QOSDATA_TID6,1066
8.97525e+06,20,ACK,14
8.9753e+06,16,QOSDATA_TID6,1066
8.97548e+06,20,ACK,14
8.97552e+06,16,QOSDATA_TID6,1066
8.97571e+06,20,ACK,14
8.97575e+06,16,CTL,20
8.97584e+06,6,RTS,20
8.97584e+06,10,RTS,20
8.9759e+06,20,CTS,14
8.97596e+06,6,QOSDATA_TID6,1066
8.97615e+06,20,ACK,14
8.97619e+06,6,CTL,20
8.97629e+06,18,RTS,20
8.97636e+06,20,CTS,14
8.97642e+06,18,QOSDATA_TID6,1066
8.9766e+06,20,ACK,14
8.97664e+06,18,QOSDATA_TID6,1066
8.97683e+06,20,ACK,14
8.97687e+06,18,QOSDATA_TID6,1066
8.97706e+06,20,ACK,14
8.9771e+06,18,QOSDATA_TID6,1066
8.97728e+06,20,ACK,14
8.97733e+06,18,CTL,20
8.97741e+06,2,RTS,20
8.97741e+06,9,RTS,20
8.97741e+06,14,RTS,20
8.97741e+06,1,RTS,20
8.97752e+06,0,CTS,14
8.97764e+06,0,RTS,20
8.97771e+06,20,CTS,14
8.97777e+06,0,QOSDATA_TID6,1066
8.97796e+06,20,ACK,14
8.978e+06,0,QOSDATA_TID6,1066
8.97818e+06,20,ACK,14
8.97823e+06,0,CTL,20
8.97831e+06,13,RTS,20
8.97838e+06,20,CTS,14
8.97844e+06,13,QOSDATA_TID6,1066
8.97863e+06,20,ACK,14
8.97867e+06,13,CTL,20
8.97876e+06,7,RTS,20
8.97876e+06,4,RTS,20
8.97876e+06,17,RTS,20
8.97876e+06,10,RTS,20
8.97876e+06,9,RTS,20
8.97885e+06,11,RTS,20
8.97885e+06,14,RTS,20
8.97896e+06,3,RTS,20
8.97903e+06,20,CTS,14
8.97909e+06,3,QOSDATA_TID6,1066
8.97928e+06,20,ACK,14
8.97932e+06,3,QOSDATA_TID6,1066
8.9795e+06,20,ACK,14
8.97955e+06,3,CTL,20
8.97964e+06,9,RTS,20
8.97964e+06,19,RTS,20
8.9797e+06,20,CTS,14
8.97976e+06,19,QOSDATA_TID6,1066
8.97995e+06,20,ACK,14
8.97999e+06,19,CTL,20
8.98009e+06,12,RTS,20
8.98009e+06,16,RTS,20
8.98009e+06,7,RTS,20
8.98009e+06,9,RTS,20
8.98009e+06,14,RTS,20
8.98018e+06,8,RTS,20
8.98025e+06,20,CTS,14
8.98031e+06,8,QOSDATA_TID6,1066
8.9805e+06,20,ACK,14
8.98054e+06,8,CTL,20
8.98063e+06,16,RTS,20
8.98063e+06,15,RTS,20
8.98072e+06,9,RTS,20
8.98079e+06,20,CTS,14
8.98085e+06,9,QOSDATA_TID6,1066
8.98104e+06,20,ACK,14
8.98108e+06,9,CTL,20
8.98118e+06,2,RTS,20
8.98118e+06,5,RTS,20
8.98124e+06,20,CTS,14
8.9813e+06,5,QOSDATA_TID6,1066
8.98149e+06,20,ACK,14
8.98153e+06,5,CTL,20
8.98162e+06,6,RTS,20
8.98169e+06,20,CTS,14
8.98175e+06,6,QOSDATA_TID6,1066
8.98193e+06,20,ACK,14
8.98197e+06,6,CTL,20
8.98207e+06,2,RTS,20
8.98207e+06,7,RTS,20
8.98207e+06,17,RTS,20
8.98207e+06,16,RTS,20
8.98218e+06,12,RTS,20
8.98224e+06,20,CTS,14
8.9823e+06,12,QOSDATA_TID6,1066
8.98249e+06,20,ACK,14
8.98253e+06,12,CTL,20
8.98262e+06,17,RTS,20
8.98269e+06,20,CTS,14
8.98275e+06,17,QOSDATA_TID6,1066
8.98293e+06,20,ACK,14
8.98297e+06,17,QOSDATA_TID6,1066
8.98316e+06,20,ACK,14
8.9832e+06,17,CTL,20
8.98329e+06,18,RTS,20
8.98336e+06,20,CTS,14
8.98342e+06,18,QOSDATA_TID6,1066
8.9836e+06,20,ACK,14
8.98364e+06,18,CTL,20
8.98373e+06,1,RTS,20
8.98373e+06,15,RTS,20
8.98373e+06,11,RTS,20
8.98373e+06,16,RTS,20
8.98383e+06,4,RTS,20
8.98383e+06,2,RTS,20
8.98383e+06,10,RTS,20
8.98394e+06,8,RTS,20
8.98394e+06,14,RTS,20
8.98401e+06,20,CTS,14
8.98407e+06,8,QOSDATA_TID6,1066
8.98425e+06,20,ACK,14
8.9843e+06,8,CTL,20
8.98438e+06,11,RTS,20
8.98445e+06,20,CTS,14
8.98451e+06,11,QOSDATA_TID6,1066
8.98469e+06,20,ACK,14
8.98474e+06,11,CTL,20
8.98485e+06,16,RTS,20
8.98485e+06,7,RTS,20
8.98485e+06,2,RTS,20
8.98485e+06,15,RTS,20
8.98497e+06,1,RTS,20
8.98503e+06,20,CTS,14
8.98509e+06,1,QOSDATA_TID6,1066
8.98528e+06,20,ACK,14
8.98532e+06,1,QOSDATA_TID6,1066
8.98551e+06,20,ACK,14
8.98555e+06,1,CTL,20
8.98564e+06,16,RTS,20
8.98564e+06,13,RTS,20
8.98573e+06,2,RTS,20
8.98573e+06,9,RTS,20
8.9858e+06,20,CTS,14
8.98586e+06,2,QOSDATA_TID6,1066
8.98605e+06,20,ACK,14
8.98609e+06,2,CTL,20
8.98618e+06,9,RTS,20
8.98618e+06,13,RTS,20
8.98628e+06,0,RTS,20
8.98635e+06,20,CTS,14
8.98641e+06,0,QOSDATA_TID6,1066
8.9866e+06,20,ACK,14
8.98664e+06,0,CTL,20
8.98672e+06,12,RTS,20
8.98672e+06,3,RTS,20
8.98679e+06,20,CTS,14
8.98685e+06,12,QOSDATA_TID6,1066
8.98704e+06,20,ACK,14
8.98708e+06,12,CTL,20
8.98717e+06,19,RTS,20
8.98717e+06,6,RTS,20
8.98729e+06,13,RTS,20
8.98736e+06,20,CTS,14
8.98742e+06,13,QOSDATA_TID6,1066
8.9876e+06,20,ACK,14
8.98765e+06,13,CTL,20
8.98773e+06,1,RTS,20
8.98773e+06,19,RTS,20
8.98784e+06,16,RTS,20
8.98791e+06,20,CTS,14
8.98797e+06,16,QOSDATA_TID6,1066
8.98815e+06,20,ACK,14
8.9882e+06,16,QOSDATA_TID6,1066
8.98838e+06,20,ACK,14
8.98842e+06,16,CTL,20
8.98851e+06,17,RTS,20
8.98851e+06,7,RTS,20
8.98861e+06,11,RTS,20
8.98861e+06,14,RTS,20
8.98861e+06,10,RTS,20
8.98873e+06,5,RTS,20
8.9888e+06,20,CTS,14
8.98886e+06,5,QOSDATA_TID6,1066
8.98904e+06,20,ACK,14
8.98908e+06,5,CTL,20
8.98917e+06,2,RTS,20
8.98917e+06,7,RTS,20
8.98917e+06,10,RTS,20
8.98927e+06,1,RTS,20
8.98934e+06,20,CTS,14
8.9894e+06,1,QOSDATA_TID6,1066
8.98958e+06,20,ACK,14
8.98962e+06,1,CTL,20
8.98971e+06,17,RTS,20
8.98971e+06,15,RTS,20
8.98978e+06,20,CTS,14
8.98984e+06,17,QOSDATA_TID6,1066
8.99002e+06,20,ACK,14
8.99007e+06,17,CTL,20
8.99015e+06,15,RTS,20
8.99022e+06,20,CTS,14
8.99028e+06,15,QOSDATA_TID6,1066
8.99046e+06,20,ACK,14
8.99051e+06,15,QOSDATA_TID6,1066
8.99069e+06,20,ACK,14
8.99074e+06,15,CTL,20
8.99082e+06,6,RTS,20
8.99082e+06,18,RTS,20
8.99082e+06,4,RTS,20
8.99095e+06,8,RTS,20
8.99102e+06,20,CTS,14
8.99108e+06,8,QOSDATA_TID6,1066
8.99126e+06,20,ACK,14
8.9913e+06,8,CTL,20
8.99139e+06,19,RTS,20
8.99146e+06,20,CTS,14
8.99152e+06,19,QOSDATA_TID6,1066
8.9917e+06,20,ACK,14
8.99175e+06,19,CTL,20
8.99183e+06,2,RTS,20
8.99183e+06,10,RTS,20
8.9919e+06,20,CTS,14
8.99196e+06,2,QOSDATA_TID6,1066
8.99214e+06,20,ACK,14
8.99219e+06,2,CTL,20
8.99228e+06,10,RTS,20
8.99228e+06,7,RTS,20
8.99234e+06,20,CTS,14
8.9924e+06,7,QOSDATA_TID6,1066
8.99259e+06,20,ACK,14
8.99263e+06,7,QOSDATA_TID6,1066
8.99282e+06,20,ACK,14
8.99286e+06,7,CTL,20
8.99295e+06,11,RTS,20
8.99295e+06,4,RTS,20
8.99295e+06,6,RTS,20
8.99295e+06,3,RTS,20
8.99295e+06,9,RTS,20
8.99305e+06,16,RTS,20
8.99312e+06,20,CTS,14
8.99318e+06,16,QOSDATA_TID6,1066
8.99336e+06,20,ACK,14
8.99341e+06,16,CTL,20
8.99349e+06,7,RTS,20
8.99356e+06,20,CTS,14
8.99362e+06,7,QOSDATA_TID6,1066
8.99381e+06,20,ACK,14
8.99385e+06,7,CTL,20
8.99394e+06,0,RTS,20
8.99394e+06,9,RTS,20
8.994e+06,20,CTS,14
8.99406e+06,0,QOSDATA_TID6,1066
8.99425e+06,20,ACK,14
8.99429e+06,0,CTL,20
8.99438e+06,12,RTS,20
8.99445e+06,20,CTS,14
8.99451e+06,12,QOSDATA_TID6,1066
8.99469e+06,20,ACK,14
8.99473e+06,12,CTL,20
8.99482e+06,6,RTS,20
8.99482e+06,3,RTS,20
8.99482e+06,14,RTS,20
8.99482e+06,9,RTS,20
8.99482e+06,10,RTS,20
8.99493e+06,13,RTS,20
8.99493e+06,4,RTS,20
8.99502e+06,9,RTS,20
8.99509e+06,20,CTS,14
8.99515e+06,9,QOSDATA_TID6,1066
8.99534e+06,20,ACK,14
8.99538e+06,9,QOSDATA_TID6,1066
8.99556e+06,20,ACK,14
8.99561e+06,9,CTL,20
8.9957e+06,18,RTS,20
8.9957e+06,19,RTS,20
8.9957e+06,1,RTS,20
8.9957e+06,4,RTS,20
8.9957e+06,14,RTS,20
8.9958e+06,17,RTS,20
8.99587e+06,20,CTS,14
8.99593e+06,17,QOSDATA_TID6,1066
8.99611e+06,20,ACK,14
8.99616e+06,17,CTL,20
8.99625e+06,4,RTS,20
8.99625e+06,18,RTS,20
8.99632e+06,20,CTS,14
8.99638e+06,18,QOSDATA_TID6,1066
8.99656e+06,20,ACK,14
8.99661e+06,18,CTL,20
8.9967e+06,5,RTS,20
8.99676e+06,20,CTS,14
8.99682e+06,5,QOSDATA_TID6,1066
8.99701e+06,20,ACK,14
8.99705e+06,5,CTL,20
8.99714e+06,19,RTS,20
8.99714e+06,15,RTS,20
8.99725e+06,10,RTS,20
8.99732e+06,20,CTS,14
8.99738e+06,10,QOSDATA_TID6,1066
8.99756e+06,20,ACK,14
8.99761e+06,10,QOSDATA_TID6,1066
8.99779e+06,20,ACK,14
8.99784e+06,10,QOSDATA_TID6,1066
8.99802e+06,20,ACK,14
8.99806e+06,10,CTL,20
8.99816e+06,2,RTS,20
8.99816e+06,11,RTS,20
8.99828e+06,19,RTS,20
8.99834e+06,20,CTS,14
8.9984e+06,19,QOSDATA_TID6,1066
8.99859e+06,20,ACK,14
8.99863e+06,19,CTL,20
8.99872e+06,15,RTS,20
8.99872e+06,14,RTS,20
8.99882e+06,8,RTS,20
8.99888e+06,20,CTS,14
8.99894e+06,8,QOSDATA_TID6,1066
8.99913e+06,20,ACK,14
8.99917e+06,8,CTL,20
8.99926e+06,2,RTS,20
8.99926e+06,18,RTS,20
8.99937e+06,13,RTS,20
8.99943e+06,20,CTS,14
8.99949e+06,13,QOSDATA_TID6,1066
8.99968e+06,20,ACK,14
8.99972e+06,13,CTL,20
8.99981e+06,15,RTS,20
8.99988e+06,20,CTS,14
8.99994e+06,15,QOSDATA_TID6,1066
9.00012e+06,20,ACK,14
9.00016e+06,15,CTL,20
9.00025e+06,14,RTS,20
9.00025e+06,18,RTS,20
9.00025e+06,4,RTS,20
9.00025e+06,3,RTS,20
9.00035e+06,6,RTS,20
9.00042e+06,20,CTS,14
9.00048e+06,6,QOSDATA_TID6,1066
9.00066e+06,20,ACK,14
9.0007e+06,6,QOSDATA_TID6,1066
9.00089e+06,20,ACK,14
9.00093e+06,6,CTL,20
9.00102e+06,2,RTS,20
9.00102e+06,1,RTS,20
9.00102e+06,16,RTS,20
9.00115e+06,16,RTS,20
9.00122e+06,20,CTS,14
9.00128e+06,16,QOSDATA_TID6,1066
9.00146e+06,20,ACK,14
9.0015e+06,16,CTL,20
9.00159e+06,2,RTS,20
9.00159e+06,0,RTS,20
9.00169e+06,11,RTS,20
9.00176e+06,20,CTS,14
9.00182e+06,11,QOSDATA_TID6,1066
9.002e+06,20,ACK,14
9.00204e+06,11,QOSDATA_TID6,1066
9.00223e+06,20,ACK,14
9.00227e+06,11,CTL,20
9.00236e+06,13,RTS,20
9.00243e+06,20,CTS,14
9.00249e+06,13,QOSDATA_TID6,1066
9.00267e+06,20,ACK,14
9.00272e+06,13,CTL,20
9.0028e+06,14,RTS,20
9.0028e+06,4,RTS,20
9.0028e+06,1,RTS,20
9.0028e+06,18,RTS,20
9.00291e+06,7,RTS,20
9.00291e+06,11,RTS,20
9.00298e+06,20,CTS,14
9.00304e+06,7,QOSDATA_TID6,1066
9.00322e+06,20,ACK,14
9.00326e+06,7,CTL,20
9.00335e+06,17,RTS,20
9.00335e+06,11,RTS,20
9.00335e+06,6,RTS,20
9.00342e+06,20,CTS,14
9.00348e+06,17,QOSDATA_TID6,1066
9.00366e+06,20,ACK,14
9.00371e+06,17,CTL,20
9.0038e+06,11,RTS,20
9.0038e+06,2,RTS,20
9.0038e+06,9,RTS,20
9.0039e+06,19,RTS,20
9.0039e+06,6,RTS,20
9.00402e+06,2,RTS,20
9.00408e+06,20,CTS,14
9.00414e+06,2,QOSDATA_TID6,1066
9.00433e+06,20,ACK,14
9.00437e+06,2,CTL,20
9.00448e+06,19,RTS,20
9.00448e+06,12,RTS,20
9.00448e+06,14,RTS,20
9.00454e+06,20,CTS,14
9.0046e+06,12,QOSDATA_TID6,1066
9.00479e+06,20,ACK,14
9.00483e+06,12,CTL,20
9.00492e+06,5,RTS,20
9.00492e+06,15,RTS,20
9.00492e+06,10,RTS,20
9.00498e+06,20,CTS,14
9.00504e+06,5,QOSDATA_TID6,1066
9.00523e+06,20,ACK,14
9.00527e+06,5,CTL,20
9.00538e+06,15,RTS,20
9.00544e+06,20,CTS,14
9.0055e+06,15,QOSDATA_TID6,1066
9.00569e+06,20,ACK,14
9.00573e+06,15,CTL,20
9.00582e+06,0,RTS,20
9.00582e+06,1,RTS,20
9.00582e+06,2,RTS,20
9.00582e+06,19,RTS,20
9.00582e+06,11,RTS,20
9.00593e+06,18,RTS,20
9.00599e+06,20,CTS,14
9.00605e+06,18,QOSDATA_TID6,1066
9.00624e+06,20,ACK,14
9.00628e+06,18,CTL,20
9.00637e+06,10,RTS,20
9.00637e+06,19,RTS,20
9.00644e+06,20,CTS,14
9.0065e+06,19,QOSDATA_TID6,1066
9.00668e+06,20,ACK,14
9.00672e+06,19,CTL,20
9.00681e+06,8,RTS,20
9.00681e+06,3,RTS,20
9.00681e+06,9,RTS,20
9.00681e+06,14,RTS,20
9.00688e+06,20,CTS,14
9.00694e+06,8,QOSDATA_TID6,1066
9.00712e+06,20,ACK,14
9.00717e+06,8,CTL,20
9.00726e+06,11,RTS,20
9.00726e+06,4,RTS,20
9.00736e+06,9,RTS,20
9.00736e+06,18,RTS,20
9.00743e+06,20,CTS,14
9.00749e+06,18,QOSDATA_TID6,1066
9.00767e+06,20,ACK,14
9.00772e+06,18,CTL,20
9.00781e+06,6,RTS,20
9.00781e+06,14,RTS,20
9.00791e+06,4,RTS,20
9.00798e+06,20,CTS,14
9.00804e+06,4,QOSDATA_TID6,1066
9.00822e+06,20,ACK,14
9.00826e+06,4,QOSDATA_TID6,1066
9.00845e+06,20,ACK,14
9.00849e+06,4,QOSDATA_TID6,1066
9.00868e+06,20,ACK,14
9.00872e+06,4,QOSDATA_TID6,1066
9.0089e+06,20,ACK,14
9.00895e+06,4,CTL,20
9.00904e+06,16,RTS,20
9.00904e+06,6,RTS,20
9.00904e+06,14,RTS,20
9.00917e+06,2,RTS,20
9.00924e+06,20,CTS,14
9.0093e+06,2,QOSDATA_TID6,1066
9.00948e+06,20,ACK,14
9.00952e+06,2,CTL,20
9.00962e+06,3,RTS,20
9.00962e+06,9,RTS,20
9.00962e+06,6,RTS,20
9.00962e+06,13,RTS,20
9.00974e+06,1,RTS,20
9.0098e+06,20,CTS,14
9.00986e+06,1,QOSDATA_TID6,1066
9.01005e+06,20,ACK,14
9.01009e+06,1,QOSDATA_TID6,1066
9.01028e+06,20,ACK,14
9.01032e+06,1,CTL,20
9.01041e+06,11,RTS,20
9.01041e+06,12,RTS,20
9.01041e+06,9,RTS,20
9.01047e+06,20,CTS,14
9.01053e+06,12,QOSDATA_TID6,1066
9.01072e+06,20,ACK,14
9.01076e+06,12,CTL,20
9.01086e+06,14,RTS,20
9.01086e+06,10,RTS,20
9.01096e+06,0,CTS,14
9.01096e+06,19,RTS,20
9.01096e+06,16,RTS,20
9.01104e+06,0,RTS,20
9.01111e+06,20,CTS,14
9.01117e+06,0,QOSDATA_TID6,1066
9.01135e+06,20,ACK,14
9.0114e+06,0,QOSDATA_TID6,1066
9.01158e+06,20,ACK,14
9.01162e+06,0,CTL,20
9.01172e+06,10,RTS,20
9.01172e+06,17,RTS,20
9.01172e+06,16,RTS,20
9.01179e+06,20,CTS,14
9.01185e+06,17,QOSDATA_TID6,1066
9.01203e+06,20,ACK,14
9.01208e+06,17,CTL,20
9.01217e+06,7,RTS,20
9.01217e+06,6,RTS,20
9.0123e+06,7,RTS,20
9.01237e+06,20,CTS,14
9.01243e+06,7,QOSDATA_TID6,1066
9.01261e+06,20,ACK,14
9.01266e+06,7,CTL,20
9.01274e+06,15,RTS,20
9.01274e+06,6,RTS,20
9.01274e+06,3,RTS,20
9.01284e+06,4,RTS,20
9.01291e+06,20,CTS,14
9.01297e+06,4,QOSDATA_TID6,1066
9.01315e+06,20,ACK,14
9.0132e+06,4,CTL,20
9.01328e+06,15,RTS,20
9.01335e+06,20,CTS,14
9.01341e+06,15,QOSDATA_TID6,1066
9.0136e+06,20,ACK,14
9.01364e+06,15,CTL,20
9.01373e+06,5,RTS,20
9.01373e+06,10,RTS,20
9.01373e+06,9,RTS,20
9.0138e+06,20,CTS,14
9.01386e+06,5,QOSDATA_TID6,1066
9.01404e+06,20,ACK,14
9.01408e+06,5,CTL,20
9.01418e+06,1,RTS,20
9.01418e+06,3,RTS,20
9.01418e+06,11,RTS,20
9.01418e+06,16,RTS,20
9.01428e+06,14,RTS,20
9.01434e+06,20,CTS,14
9.0144e+06,14,QOSDATA_TID6,1066
9.01459e+06,20,ACK,14
9.01463e+06,14,QOSDATA_TID6,1066
9.01482e+06,20,ACK,14
9.01486e+06,14,QOSDATA_TID6,1066
9.01504e+06,20,ACK,14
9.01509e+06,14,CTL,20
9.01517e+06,8,RTS,20
9.01524e+06,20,CTS,14
9.0153e+06,8,QOSDATA_TID6,1066
9.01549e+06,20,ACK,14
9.01553e+06,8,CTL,20
9.01562e+06,3,RTS,20
9.01562e+06,18,RTS,20
9.01562e+06,6,RTS,20
9.01571e+06,2,RTS,20
9.01571e+06,13,RTS,20
9.01582e+06,14,RTS,20
9.01589e+06,20,CTS,14
9.01595e+06,14,QOSDATA_TID6,1066
9.01614e+06,20,ACK,14
9.01618e+06,14,CTL,20
9.01627e+06,16,RTS,20
9.01634e+06,20,CTS,14
9.0164e+06,16,QOSDATA_TID6,1066
9.01658e+06,20,ACK,14
9.01662e+06,16,QOSDATA_TID6,1066
9.01681e+06,20,ACK,14
9.01685e+06,16,CTL,20
9.01694e+06,9,RTS,20
9.017e+06,20,CTS,14
9.01706e+06,9,QOSDATA_TID6,1066
9.01725e+06,20,ACK,14
9.01729e+06,9,QOSDATA_TID6,1066
9.01748e+06,20,ACK,14
9.01752e+06,9,CTL,20
9.01761e+06,18,RTS,20
9.01761e+06,6,RTS,20
9.0177e+06,19,RTS,20
9.0177e+06,1,RTS,20
9.0177e+06,11,RTS,20
9.01782e+06,3,RTS,20
9.01788e+06,20,CTS,14
9.01794e+06,3,QOSDATA_TID6,1066
9.01813e+06,20,ACK,14
9.01817e+06,3,QOSDATA_TID6,1066
9.01836e+06,20,ACK,14
9.0184e+06,3,QOSDATA_TID6,1066
9.01858e+06,20,ACK,14
9.01863e+06,3,QOSDATA_TID6,1066
9.01881e+06,20,ACK,14
9.01886e+06,3,CTL,20
9.01894e+06,9,RTS,20
9.01894e+06,10,RTS,20
9.01894e+06,18,RTS,20
9.01894e+06,12,RTS,20
9.01894e+06,7,RTS,20
9.01904e+06,0,RTS,20
9.01911e+06,20,CTS,14
9.01917e+06,0,QOSDATA_TID6,1066
9.01935e+06,20,ACK,14
9.0194e+06,0,CTL,20
9.01948e+06,18,RTS,20
9.01948e+06,17,RTS,20
9.01948e+06,1,RTS,20
9.01959e+06,12,RTS,20
9.01959e+06,13,RTS,20
9.01966e+06,20,CTS,14
9.01972e+06,12,QOSDATA_TID6,1066
9.0199e+06,20,ACK,14
9.01994e+06,12,CTL,20
9.02003e+06,1,RTS,20
9.0201e+06,20,CTS,14
9.02016e+06,1,QOSDATA_TID6,1066
9.02034e+06,20,ACK,14
9.02039e+06,1,QOSDATA_TID6,1066
9.02057e+06,20,ACK,14
9.02062e+06,1,CTL,20
9.0207e+06,17,RTS,20
9.0207e+06,15,RTS,20
9.0207e+06,6,RTS,20
9.0208e+06,7,RTS,20
9.0208e+06,2,RTS,20
9.02092e+06,5,RTS,20
9.02092e+06,19,RTS,20
9.02099e+06,20,CTS,14
9.02105e+06,5,QOSDATA_TID6,1066
9.02123e+06,20,ACK,14
9.02128e+06,5,CTL,20
9.02136e+06,4,RTS,20
9.02143e+06,20,CTS,14
9.02149e+06,4,QOSDATA_TID6,1066
9.02167e+06,20,ACK,14
9.02172e+06,4,CTL,20
9.0218e+06,11,RTS,20
9.0218e+06,19,RTS,20
9.0218e+06,13,RTS,20
9.0218e+06,15,RTS,20
9.02191e+06,10,RTS,20
9.02198e+06,20,CTS,14
9.02204e+06,10,QOSDATA_TID6,1066
9.02222e+06,20,ACK,14
9.02227e+06,10,QOSDATA_TID6,1066
9.02245e+06,20,ACK,14
9.0225e+06,10,QOSDATA_TID6,1066
9.02268e+06,20,ACK,14
9.02272e+06,10,CTL,20
9.02281e+06,8,RTS,20
9.02281e+06,13,RTS,20
9.02288e+06,20,CTS,14
9.02294e+06,8,QOSDATA_TID6,1066
9.02312e+06,20,ACK,14
9.02316e+06,8,CTL,20
9.02325e+06,6,RTS,20
9.02325e+06,14,RTS,20
9.02335e+06,17,RTS,20
9.02335e+06,11,RTS,20
9.02342e+06,20,CTS,14
9.02348e+06,17,QOSDATA_TID6,1066
9.02366e+06,20,ACK,14
9.0237e+06,17,CTL,20
9.0238e+06,7,RTS,20
9.0238e+06,11,RTS,20
9.0238e+06,9,RTS,20
9.0238e+06,13,RTS,20
9.0239e+06,18,RTS,20
9.02397e+06,20,CTS,14
9.02403e+06,18,QOSDATA_TID6,1066
9.02421e+06,20,ACK,14
9.02425e+06,18,QOSDATA_TID6,1066
9.02444e+06,20,ACK,14
9.02448e+06,18,CTL,20
9.02458e+06,9,RTS,20
9.02464e+06,20,CTS,14
9.0247e+06,9,QOSDATA_TID6,1066
9.02489e+06,20,ACK,14
9.02493e+06,9,CTL,20
9.02502e+06,19,RTS,20
9.02502e+06,16,RTS,20
9.02502e+06,14,RTS,20
9.02502e+06,15,RTS,20
9.02512e+06,0,RTS,20
9.02518e+06,20,CTS,14
9.02524e+06,0,QOSDATA_TID6,1066
9.02543e+06,20,ACK,14
9.02547e+06,0,CTL,20
9.02556e+06,2,RTS,20
9.02556e+06,15,RTS,20
9.02566e+06,6,RTS,20
9.02572e+06,20,CTS,14
9.02578e+06,6,QOSDATA_TID6,1066
9.02597e+06,20,ACK,14
9.02601e+06,6,QOSDATA_TID6,1066
9.0262e+06,20,ACK,14
9.02624e+06,6,CTL,20
9.02634e+06,11,RTS,20
9.0264e+06,20,CTS,14
9.02646e+06,11,QOSDATA_TID6,1066
9.02665e+06,20,ACK,14
9.02669e+06,11,QOSDATA_TID6,1066
9.02688e+06,20,ACK,14
9.02692e+06,11,QOSDATA_TID6,1066
9.0271e+06,20,ACK,14
9.02715e+06,11,CTL,20
9.02722e+06,20,BEACON,152
9.02749e+06,16,RTS,20
9.02749e+06,9,RTS,20
9.02758e+06,15,RTS,20
9.02758e+06,14,RTS,20
9.02768e+06,6,RTS,20
9.02768e+06,19,RTS,20
9.02768e+06,9,RTS,20
9.02779e+06,2,RTS,20
9.02779e+06,13,RTS,20
9.02791e+06,12,RTS,20
9.02798e+06,20,CTS,14
9.02804e+06,12,QOSDATA_TID6,1066
9.02822e+06,20,ACK,14
9.02827e+06,12,CTL,20
9.02835e+06,5,RTS,20
9.02835e+06,14,RTS,20
9.02842e+06,20,CTS,14
9.02848e+06,5,QOSDATA_TID6,1066
9.02866e+06,20,ACK,14
9.02871e+06,5,CTL,20
9.0288e+06,2,RTS,20
9.0288e+06,15,RTS,20
9.0289e+06,4,RTS,20
9.02897e+06,20,CTS,14
9.02903e+06,4,QOSDATA_TID6,1066
9.02921e+06,20,ACK,14
9.02926e+06,4,CTL,20
9.02935e+06,16,RTS,20
9.02935e+06,15,RTS,20
9.02935e+06,2,RTS,20
9.02945e+06,7,RTS,20
9.02952e+06,20,CTS,14
9.02958e+06,7,QOSDATA_TID6,1066
9.02976e+06,20,ACK,14
9.02981e+06,7,QOSDATA_TID6,1066
9.02999e+06,20,ACK,14
9.03004e+06,7,CTL,20
9.03012e+06,17,RTS,20
9.03019e+06,20,CTS,14
9.03025e+06,17,QOSDATA_TID6,1066
9.03043e+06,20,ACK,14
9.03048e+06,17,CTL,20
9.03056e+06,2,RTS,20
9.03063e+06,20,CTS,14
9.03069e+06,2,QOSDATA_TID6,1066
9.03088e+06,20,ACK,14
9.03092e+06,2,QOSDATA_TID6,1066
9.0311e+06,20,ACK,14
9.03115e+06,2,QOSDATA_TID6,1066
9.03133e+06,20,ACK,14
9.03138e+06,2,CTL,20
9.03146e+06,3,RTS,20
9.03146e+06,18,RTS,20
9.03146e+06,10,RTS,20
9.03146e+06,8,RTS,20
9.03146e+06,1,RTS,20
9.03146e+06,6,RTS,20
9.03157e+06,15,RTS,20
9.03157e+06,19,RTS,20
9.03157e+06,16,RTS,20
9.03168e+06,10,RTS,20
9.03175e+06,20,CTS,14
9.03181e+06,10,QOSDATA_TID6,1066
9.032e+06,20,ACK,14
9.03204e+06,10,CTL,20
9.03213e+06,8,RTS,20
9.03213e+06,1,RTS,20
9.03222e+06,9,RTS,20
9.03229e+06,20,CTS,14
9.03235e+06,9,QOSDATA_TID6,1066
9.03254e+06,20,ACK,14
9.03258e+06,9,CTL,20
9.03267e+06,15,RTS,20
9.03273e+06,20,CTS,14
9.03279e+06,15,QOSDATA_TID6,1066
9.03298e+06,20,ACK,14
9.03302e+06,15,CTL,20
9.03311e+06,0,RTS,20
9.03311e+06,18,RTS,20
9.03311e+06,16,RTS,20
9.03322e+06,13,RTS,20
9.03322e+06,3,RTS,20
9.03334e+06,0,RTS,20
9.03341e+06,20,CTS,14
9.03347e+06,0,QOSDATA_TID6,1066
9.03365e+06,20,ACK,14
9.0337e+06,0,CTL,20
9.03378e+06,6,RTS,20
9.03378e+06,8,RTS,20
9.03385e+06,20,CTS,14
9.03391e+06,8,QOSDATA_TID6,1066
9.03409e+06,20,ACK,14
9.03414e+06,8,CTL,20
9.03423e+06,16,RTS,20
9.03423e+06,9,RTS,20
9.03433e+06,14,RTS,20
9.0344e+06,20,CTS,14
9.03446e+06,14,QOSDATA_TID6,1066
9.03464e+06,20,ACK,14
9.03469e+06,14,QOSDATA_TID6,1066
9.03487e+06,20,ACK,14
9.03492e+06,14,CTL,20
9.035e+06,12,RTS,20
9.035e+06,9,RTS,20
9.03507e+06,20,CTS,14
9.03513e+06,12,QOSDATA_TID6,1066
9.03531e+06,20,ACK,14
9.03536e+06,12,CTL,20
9.03544e+06,17,RTS,20
9.03551e+06,20,CTS,14
9.03557e+06,17,QOSDATA_TID6,1066
9.03576e+06,20,ACK,14
9.0358e+06,17,CTL,20
9.03589e+06,1,RTS,20
9.03589e+06,19,RTS,20
9.03589e+06,11,RTS,20
9.03589e+06,3,RTS,20
9.03589e+06,13,RTS,20
9.03601e+06,7,RTS,20
9.03608e+06,20,CTS,14
9.03614e+06,7,QOSDATA_TID6,1066
9.03632e+06,20,ACK,14
9.03637e+06,7,CTL,20
9.03645e+06,13,RTS,20
9.03645e+06,6,RTS,20
9.03645e+06,18,RTS,20
9.03656e+06,19,RTS,20
9.03656e+06,11,RTS,20
9.03666e+06,15,RTS,20
9.03672e+06,20,CTS,14
9.03678e+06,15,QOSDATA_TID6,1066
9.03697e+06,20,ACK,14
9.03701e+06,15,CTL,20
9.0371e+06,18,RTS,20
9.03717e+06,20,CTS,14
9.03723e+06,18,QOSDATA_TID6,1066
9.03741e+06,20,ACK,14
9.03746e+06,18,CTL,20
9.03755e+06,2,RTS,20
9.03755e+06,3,RTS,20
9.03755e+06,4,RTS,20
9.03765e+06,5,RTS,20
9.03765e+06,10,RTS,20
9.03772e+06,20,CTS,14
9.03778e+06,5,QOSDATA_TID6,1066
9.03796e+06,20,ACK,14
9.038e+06,5,CTL,20
9.0381e+06,3,RTS,20
9.03817e+06,20,CTS,14
9.03823e+06,3,QOSDATA_TID6,1066
9.03841e+06,20,ACK,14
9.03846e+06,3,QOSDATA_TID6,1066
9.03864e+06,20,ACK,14
9.03868e+06,3,CTL,20
9.03877e+06,9,RTS,20
9.03877e+06,6,RTS,20
9.03884e+06,20,CTS,14
9.0389e+06,6,QOSDATA_TID6,1066
9.03908e+06,20,ACK,14
9.03913e+06,6,QOSDATA_TID6,1066
9.03931e+06,20,ACK,14
9.03935e+06,6,CTL,20
9.03944e+06,14,RTS,20
9.03951e+06,20,CTS,14
9.03957e+06,14,QOSDATA_TID6,1066
9.03975e+06,20,ACK,14
9.0398e+06,14,CTL,20
9.03988e+06,18,RTS,20
9.03988e+06,8,RTS,20
9.03988e+06,16,RTS,20
9.03988e+06,9,RTS,20
9.03988e+06,4,RTS,20
9.04e+06,2,RTS,20
9.04e+06,13,RTS,20
9.04011e+06,11,RTS,20
9.04018e+06,20,CTS,14
9.04024e+06,11,QOSDATA_TID6,1066
9.04043e+06,20,ACK,14
9.04047e+06,11,CTL,20
9.04056e+06,16,RTS,20
9.04056e+06,9,RTS,20
9.04065e+06,19,RTS,20
9.04072e+06,20,CTS,14
9.04078e+06,19,QOSDATA_TID6,1066
9.04097e+06,20,ACK,14
9.04101e+06,19,QOSDATA_TID6,1066
9.04119e+06,20,ACK,14
9.04124e+06,19,QOSDATA_TID6,1066
9.04142e+06,20,ACK,14
9.04147e+06,19,CTL,20
9.04155e+06,9,RTS,20
9.04162e+06,20,CTS,14
9.04168e+06,9,QOSDATA_TID6,1066
9.04186e+06,20,ACK,14
9.04191e+06,9,QOSDATA_TID6,1066
9.04209e+06,20,ACK,14
9.04214e+06,9,CTL,20
9.04222e+06,1,RTS,20
9.04222e+06,0,RTS,20
9.04222e+06,7,RTS,20
9.04222e+06,4,RTS,20
9.04235e+06,7,RTS,20
9.04242e+06,20,CTS,14
9.04248e+06,7,QOSDATA_TID6,1066
9.04266e+06,20,ACK,14
9.04271e+06,7,CTL,20
9.0428e+06,11,RTS,20
9.0428e+06,4,RTS,20
9.0428e+06,0,RTS,20
9.0428e+06,2,RTS,20
9.0428e+06,3,RTS,20
9.04289e+06,1,RTS,20
9.04289e+06,10,RTS,20
9.04296e+06,20,CTS,14
9.04302e+06,1,QOSDATA_TID6,1066
9.0432e+06,20,ACK,14
9.04325e+06,1,QOSDATA_TID6,1066
9.04343e+06,20,ACK,14
9.04348e+06,1,QOSDATA_TID6,1066
9.04366e+06,20,ACK,14
9.0437e+06,1,CTL,20
9.04379e+06,3,RTS,20
9.04386e+06,20,CTS,14
9.04392e+06,3,QOSDATA_TID6,1066
9.0441e+06,20,ACK,14
9.04415e+06,3,CTL,20
9.04423e+06,2,RTS,20
9.04423e+06,8,RTS,20
9.04423e+06,6,RTS,20
9.04423e+06,16,RTS,20
9.04435e+06,18,RTS,20
9.04442e+06,20,CTS,14
9.04448e+06,18,QOSDATA_TID6,1066
9.04466e+06,20,ACK,14
9.04471e+06,18,CTL,20
9.04479e+06,15,RTS,20
9.04486e+06,20,CTS,14
9.04492e+06,15,QOSDATA_TID6,1066
9.0451e+06,20,ACK,14
9.04515e+06,15,CTL,20
9.04523e+06,13,RTS,20
9.04523e+06,12,RTS,20
9.04523e+06,2,RTS,20
9.04523e+06,11,RTS,20
9.04523e+06,10,RTS,20
9.0453e+06,20,CTS,14
9.04536e+06,12,QOSDATA_TID6,1066
9.04555e+06,20,ACK,14
9.04559e+06,12,CTL,20
9.04568e+06,5,RTS,20
9.04568e+06,2,RTS,20
9.04574e+06,20,CTS,14
9.0458e+06,5,QOSDATA_TID6,1066
9.04599e+06,20,ACK,14
9.04603e+06,5,CTL,20
9.04613e+06,17,RTS,20
9.04613e+06,19,RTS,20
9.04613e+06,2,RTS,20
9.04613e+06,6,RTS,20
9.04613e+06,13,RTS,20
9.04623e+06,11,RTS,20
9.0463e+06,20,CTS,14
9.04636e+06,11,QOSDATA_TID6,1066
9.04655e+06,20,ACK,14
9.04659e+06,11,CTL,20
9.04668e+06,16,RTS,20
9.04668e+06,4,RTS,20
9.04668e+06,8,RTS,20
9.04674e+06,20,CTS,14
9.0468e+06,8,QOSDATA_TID6,1066
9.04699e+06,20,ACK,14
9.04703e+06,8,QOSDATA_TID6,1066
9.04722e+06,20,ACK,14
9.04726e+06,8,CTL,20
9.04735e+06,18,RTS,20
9.04735e+06,14,RTS,20
9.04747e+06,6,RTS,20
9.04747e+06,16,RTS,20
9.0476e+06,13,RTS,20
9.04767e+06,20,CTS,14
9.04773e+06,13,QOSDATA_TID6,1066
9.04792e+06,20,ACK,14
9.04796e+06,13,QOSDATA_TID6,1066
9.04814e+06,20,ACK,14
9.04819e+06,13,QOSDATA_TID6,1066
9.04837e+06,20,ACK,14
9.04842e+06,13,QOSDATA_TID6,1066
9.0486e+06,20,ACK,14
9.04864e+06,13,CTL,20
9.04873e+06,16,RTS,20
9.0488e+06,20,CTS,14
9.04886e+06,16,QOSDATA_TID6,1066
9.04904e+06,20,ACK,14
9.04909e+06,16,QOSDATA_TID6,1066
9.04927e+06,20,ACK,14
9.04932e+06,16,QOSDATA_TID6,1066
9.0495e+06,20,ACK,14
9.04954e+06,16,CTL,20
9.04963e+06,0,CTS,14
9.04963e+06,10,RTS,20
9.04975e+06,0,RTS,20
9.04982e+06,20,CTS,14
9.04988e+06,0,QOSDATA_TID6,1066
9.05006e+06,20,ACK,14
9.05011e+06,0,QOSDATA_TID6,1066
9.05029e+06,20,ACK,14
9.05034e+06,0,CTL,20
9.05042e+06,10,RTS,20
9.05049e+06,20,CTS,14
9.05055e+06,10,QOSDATA_TID6,1066
9.05073e+06,20,ACK,14
9.05078e+06,10,QOSDATA_TID6,1066
9.05096e+06,20,ACK,14
9.051e+06,10,CTL,20
9.05109e+06,6,RTS,20
9.05109e+06,12,RTS,20
9.05109e+06,14,RTS,20
9.05109e+06,7,RTS,20
9.05119e+06,2,RTS,20
9.05119e+06,19,RTS,20
9.05119e+06,11,RTS,20
9.05129e+06,12,RTS,20
9.05129e+06,13,RTS,20
9.05136e+06,20,CTS,14
9.05142e+06,12,QOSDATA_TID6,1066
9.0516e+06,20,ACK,14
9.05164e+06,12,CTL,20
9.05173e+06,2,RTS,20
9.0518e+06,20,CTS,14
9.05186e+06,2,QOSDATA_TID6,1066
9.05204e+06,20,ACK,14
9.05208e+06,2,CTL,20
9.05217e+06,3,RTS,20
9.05217e+06,18,RTS,20
9.05227e+06,17,RTS,20
9.05227e+06,1,RTS,20
9.05238e+06,4,RTS,20
9.05238e+06,9,RTS,20
9.05248e+06,5,RTS,20
9.05255e+06,20,CTS,14
9.05261e+06,5,QOSDATA_TID6,1066
9.05279e+06,20,ACK,14
9.05283e+06,5,CTL,20
9.05293e+06,10,RTS,20
9.053e+06,20,CTS,14
9.05306e+06,10,QOSDATA_TID6,1066
9.05324e+06,20,ACK,14
9.05329e+06,10,CTL,20
9.05337e+06,6,RTS,20
9.05337e+06,1,RTS,20
9.05337e+06,15,RTS,20
9.05337e+06,7,RTS,20
9.05337e+06,13,RTS,20
9.05348e+06,4,RTS,20
9.05348e+06,2,RTS,20
9.05355e+06,20,CTS,14
9.05361e+06,2,QOSDATA_TID6,1066
9.05379e+06,20,ACK,14
9.05384e+06,2,CTL,20
9.05393e+06,18,RTS,20
9.05393e+06,19,RTS,20
9.05393e+06,17,RTS,20
9.05403e+06,1,RTS,20
9.05403e+06,9,RTS,20
9.05403e+06,14,RTS,20
9.05416e+06,14,RTS,20
9.05416e+06,18,RTS,20
9.05428e+06,11,RTS,20
9.05435e+06,20,CTS,14
9.05441e+06,11,QOSDATA_TID6,1066
9.05459e+06,20,ACK,14
9.05463e+06,11,CTL,20
9.05473e+06,4,RTS,20
9.05473e+06,19,RTS,20
9.05473e+06,6,RTS,20
9.05483e+06,7,RTS,20
9.0549e+06,20,CTS,14
9.05496e+06,7,QOSDATA_TID6,1066
9.05514e+06,20,ACK,14
9.05518e+06,7,CTL,20
9.05527e+06,19,RTS,20
9.05534e+06,20,CTS,14
9.0554e+06,19,QOSDATA_TID6,1066
9.05558e+06,20,ACK,14
9.05562e+06,19,QOSDATA_TID6,1066
9.05581e+06,20,ACK,14
9.05585e+06,19,CTL,20
9.05595e+06,8,RTS,20
9.05595e+06,13,RTS,20
9.05602e+06,20,CTS,14
9.05608e+06,8,QOSDATA_TID6,1066
9.05626e+06,20,ACK,14
9.0563e+06,8,CTL,20
9.05639e+06,4,RTS,20
9.05639e+06,6,RTS,20
9.05646e+06,20,CTS,14
9.05652e+06,6,QOSDATA_TID6,1066
9.0567e+06,20,ACK,14
9.05675e+06,6,QOSDATA_TID6,1066
9.05693e+06,20,ACK,14
9.05697e+06,6,CTL,20
9.05707e+06,3,RTS,20
9.05707e+06,16,RTS,20
9.0572e+06,16,RTS,20
9.0572e+06,14,RTS,20
9.05732e+06,9,RTS,20
9.05739e+06,20,CTS,14
9.05745e+06,9,QOSDATA_TID6,1066
9.05763e+06,20,ACK,14
9.05768e+06,9,CTL,20
9.05776e+06,0,RTS,20
9.05776e+06,13,RTS,20
9.05783e+06,20,CTS,14
9.05789e+06,0,QOSDATA_TID6,1066
9.05807e+06,20,ACK,14
9.05812e+06,0,CTL,20
9.05821e+06,17,RTS,20
9.05821e+06,9,RTS,20
9.05828e+06,20,CTS,14
9.05834e+06,17,QOSDATA_TID6,1066
9.05852e+06,20,ACK,14
9.05857e+06,17,QOSDATA_TID6,1066
9.05875e+06,20,ACK,14
9.0588e+06,17,CTL,20
9.05888e+06,12,RTS,20
9.05895e+06,20,CTS,14
9.05901e+06,12,QOSDATA_TID6,1066
9.05919e+06,20,ACK,14
9.05924e+06,12,CTL,20
9.05932e+06,11,RTS,20
9.05939e+06,20,CTS,14
9.05945e+06,11,QOSDATA_TID6,1066
9.05964e+06,20,ACK,14
9.05968e+06,11,CTL,20
9.05977e+06,7,RTS,20
9.05983e+06,20,CTS,14
9.05989e+06,7,QOSDATA_TID6,1066
9.06008e+06,20,ACK,14
9.06012e+06,7,CTL,20
9.06021e+06,17,RTS,20
9.06021e+06,1,RTS,20
9.06021e+06,18,RTS,20
9.06021e+06,3,RTS,20
9.06021e+06,9,RTS,20
9.06032e+06,19,RTS,20
9.06032e+06,15,RTS,20
9.06047e+06,15,RTS,20
9.06048e+06,18,RTS,20
9.06058e+06,6,RTS,20
9.06065e+06,20,CTS,14
9.06071e+06,6,QOSDATA_TID6,1066
9.0609e+06,20,ACK,14
9.06094e+06,6,CTL,20
9.06103e+06,5,RTS,20
9.06103e+06,17,RTS,20
9.06103e+06,3,RTS,20
9.06103e+06,16,RTS,20
9.06112e+06,10,RTS,20
9.06119e+06,20,CTS,14
9.06125e+06,10,QOSDATA_TID6,1066
9.06144e+06,20,ACK,14
9.06148e+06,10,CTL,20
9.06157e+06,14,RTS,20
9.06157e+06,16,RTS,20
9.06166e+06,13,RTS,20
9.06173e+06,20,CTS,14
9.06179e+06,13,QOSDATA_TID6,1066
9.06198e+06,20,ACK,14
9.06202e+06,13,QOSDATA_TID6,1066
9.0622e+06,20,ACK,14
9.06225e+06,13,CTL,20
9.06233e+06,16,RTS,20
9.0624e+06,20,CTS,14
9.06246e+06,16,QOSDATA_TID6,1066
9.06265e+06,20,ACK,14
9.06269e+06,16,CTL,20
9.06278e+06,1,RTS,20
9.06278e+06,19,RTS,20
9.06278e+06,2,RTS,20
9.06278e+06,3,RTS,20
9.06287e+06,8,RTS,20
9.06287e+06,17,RTS,20
9.06287e+06,4,RTS,20
9.06297e+06,15,RTS,20
9.06297e+06,3,RTS,20
9.06308e+06,5,RTS,20
9.06308e+06,17,RTS,20
9.06315e+06,20,CTS,14
9.06321e+06,5,QOSDATA_TID6,1066
9.06339e+06,20,ACK,14
9.06344e+06,5,CTL,20
9.06354e+06,19,RTS,20
9.06361e+06,20,CTS,14
9.06367e+06,19,QOSDATA_TID6,1066
9.06385e+06,20,ACK,14
9.0639e+06,19,CTL,20
9.06398e+06,17,RTS,20
9.06398e+06,9,RTS,20
9.06398e+06,14,RTS,20
9.06405e+06,20,CTS,14
9.06411e+06,17,QOSDATA_TID6,1066
9.06429e+06,20,ACK,14
9.06434e+06,17,CTL,20
9.06443e+06,2,RTS,20
9.06443e+06,4,RTS,20
9.06443e+06,14,RTS,20
9.06453e+06,8,RTS,20
9.0646e+06,20,CTS,14
9.06466e+06,8,QOSDATA_TID6,1066
9.06484e+06,20,ACK,14
9.06489e+06,8,CTL,20
9.06497e+06,16,RTS,20
9.06504e+06,20,CTS,14
9.0651e+06,16,QOSDATA_TID6,1066
9.06528e+06,20,ACK,14
9.06533e+06,16,CTL,20
9.06541e+06,1,RTS,20
9.06541e+06,0,RTS,20
9.06553e+06,3,RTS,20
9.0656e+06,20,CTS,14
9.06566e+06,3,QOSDATA_TID6,1066
9.06584e+06,20,ACK,14
9.06589e+06,3,QOSDATA_TID6,1066
9.06607e+06,20,ACK,14
9.06611e+06,3,CTL,20
9.06621e+06,9,RTS,20
9.06621e+06,2,RTS,20
9.06621e+06,18,RTS,20
9.06621e+06,14,RTS,20
9.06632e+06,4,RTS,20
9.06639e+06,20,CTS,14
9.06645e+06,4,QOSDATA_TID6,1066
9.06664e+06,20,ACK,14
9.06668e+06,4,QOSDATA_TID6,1066
9.06686e+06,20,ACK,14
9.06691e+06,4,QOSDATA_TID6,1066
9.06709e+06,20,ACK,14
9.06714e+06,4,CTL,20
9.06722e+06,7,RTS,20
9.06722e+06,1,RTS,20
9.06722e+06,12,RTS,20
9.06722e+06,13,RTS,20
9.06722e+06,0,RTS,20
9.06722e+06,14,RTS,20
9.06732e+06,11,RTS,20
9.06739e+06,20,CTS,14
9.06745e+06,11,QOSDATA_TID6,1066
9.06763e+06,20,ACK,14
9.06768e+06,11,CTL,20
9.06776e+06,2,RTS,20
9.06776e+06,3,RTS,20
9.06776e+06,9,RTS,20
9.06786e+06,17,RTS,20
9.06793e+06,20,CTS,14
9.06799e+06,17,QOSDATA_TID6,1066
9.06817e+06,20,ACK,14
9.06822e+06,17,CTL,20
9.0683e+06,5,RTS,20
9.0683e+06,19,RTS,20
9.0683e+06,15,RTS,20
9.0683e+06,6,RTS,20
9.06837e+06,20,CTS,14
9.06843e+06,5,QOSDATA_TID6,1066
9.06862e+06,20,ACK,14
9.06866e+06,5,CTL,20
9.06875e+06,10,RTS,20
9.06881e+06,20,CTS,14
9.06887e+06,10,QOSDATA_TID6,1066
9.06906e+06,20,ACK,14
9.0691e+06,10,CTL,20
9.06919e+06,2,RTS,20
9.06919e+06,6,RTS,20
9.06919e+06,19,RTS,20
9.06919e+06,15,RTS,20
9.06919e+06,13,RTS,20
9.06919e+06,4,RTS,20
9.0693e+06,7,RTS,20
9.06936e+06,20,CTS,14
9.06942e+06,7,QOSDATA_TID6,1066
9.06961e+06,20,ACK,14
9.06965e+06,7,CTL,20
9.06974e+06,12,RTS,20
9.06974e+06,6,RTS,20
9.0698e+06,20,CTS,14
9.06986e+06,12,QOSDATA_TID6,1066
9.07005e+06,20,ACK,14
9.07009e+06,12,CTL,20
9.07018e+06,6,RTS,20
9.07025e+06,20,CTS,14
9.07031e+06,6,QOSDATA_TID6,1066
9.07049e+06,20,ACK,14
9.07054e+06,6,CTL,20
9.07062e+06,1,RTS,20
9.07062e+06,9,RTS,20
9.07069e+06,20,CTS,14
9.07075e+06,1,QOSDATA_TID6,1066
9.07093e+06,20,ACK,14
9.07098e+06,1,QOSDATA_TID6,1066
9.07116e+06,20,ACK,14
9.0712e+06,1,CTL,20
9.0713e+06,2,RTS,20
9.0713e+06,18,RTS,20
9.0714e+06,13,RTS,20
9.07147e+06,20,CTS,14
9.07153e+06,13,QOSDATA_TID6,1066
9.07171e+06,20,ACK,14
9.07175e+06,13,CTL,20
9.07185e+06,14,RTS,20
9.07185e+06,4,RTS,20
9.07196e+06,2,RTS,20
9.07203e+06,20,CTS,14
9.07209e+06,2,QOSDATA_TID6,1066
9.07228e+06,20,ACK,14
9.07232e+06,2,QOSDATA_TID6,1066
9.0725e+06,20,ACK,14
9.07255e+06,2,CTL,20
9.07264e+06,3,RTS,20
9.07264e+06,9,RTS,20
9.07274e+06,0,CTS,14
9.07286e+06,0,RTS,20
9.07292e+06,20,CTS,14
9.07298e+06,0,QOSDATA_TID6,1066
9.07317e+06,20,ACK,14
9.07321e+06,0,QOSDATA_TID6,1066
9.0734e+06,20,ACK,14
9.07344e+06,0,CTL,20
9.07353e+06,18,RTS,20
9.07353e+06,8,RTS,20
9.07353e+06,16,RTS,20
9.07359e+06,20,CTS,14
9.07365e+06,8,QOSDATA_TID6,1066
9.07384e+06,20,ACK,14
9.07388e+06,8,CTL,20
9.07398e+06,7,RTS,20
9.07398e+06,18,RTS,20
9.07398e+06,14,RTS,20
9.07408e+06,19,RTS,20
9.07415e+06,20,CTS,14
9.07421e+06,19,QOSDATA_TID6,1066
9.0744e+06,20,ACK,14
9.07444e+06,19,CTL,20
9.07454e+06,14,RTS,20
9.0746e+06,20,CTS,14
9.07466e+06,14,QOSDATA_TID6,1066
9.07485e+06,20,ACK,14
9.07489e+06,14,QOSDATA_TID6,1066
9.07508e+06,20,ACK,14
9.07512e+06,14,QOSDATA_TID6,1066
9.0753e+06,20,ACK,14
9.07535e+06,14,CTL,20
9.07543e+06,15,RTS,20
9.07543e+06,13,RTS,20
9.07543e+06,1,RTS,20
9.07543e+06,11,RTS,20
9.07543e+06,16,RTS,20
9.07543e+06,4,RTS,20
9.07554e+06,12,RTS,20
9.07561e+06,20,CTS,14
9.07567e+06,12,QOSDATA_TID6,1066
9.07585e+06,20,ACK,14
9.0759e+06,12,CTL,20
9.07598e+06,13,RTS,20
9.07598e+06,6,RTS,20
9.07598e+06,9,RTS,20
9.07609e+06,17,RTS,20
9.07609e+06,1,RTS,20
9.07609e+06,19,RTS,20
9.0762e+06,11,RTS,20
9.0762e+06,7,RTS,20
9.0762e+06,3,RTS,20
9.0762e+06,9,RTS,20
9.0763e+06,5,RTS,20
9.0763e+06,18,RTS,20
9.07636e+06,20,CTS,14
9.07642e+06,5,QOSDATA_TID6,1066
9.07661e+06,20,ACK,14
9.07665e+06,5,CTL,20
9.07674e+06,7,RTS,20
9.07674e+06,15,RTS,20
9.07685e+06,2,RTS,20
9.07685e+06,10,RTS,20
9.07692e+06,20,CTS,14
9.07698e+06,2,QOSDATA_TID6,1066
9.07716e+06,20,ACK,14
9.07721e+06,2,CTL,20
9.0773e+06,13,RTS,20
9.07736e+06,20,CTS,14
9.07742e+06,13,QOSDATA_TID6,1066
9.07761e+06,20,ACK,14
9.07765e+06,13,CTL,20
9.07774e+06,7,RTS,20
9.07774e+06,15,RTS,20
9.07784e+06,9,RTS,20
9.07791e+06,20,CTS,14
9.07797e+06,9,QOSDATA_TID6,1066
9.07816e+06,20,ACK,14
9.0782e+06,9,QOSDATA_TID6,1066
9.07838e+06,20,ACK,14
9.07843e+06,9,CTL,20
9.07851e+06,3,RTS,20
9.07851e+06,18,RTS,20
9.07851e+06,15,RTS,20
9.07861e+06,6,RTS,20
9.07868e+06,20,CTS,14
9.07874e+06,6,QOSDATA_TID6,1066
9.07892e+06,20,ACK,14
9.07897e+06,6,CTL,20
9.07906e+06,8,RTS,20
9.07906e+06,17,RTS,20
9.07906e+06,1,RTS,20
9.07906e+06,19,RTS,20
9.07916e+06,15,RTS,20
9.07916e+06,14,RTS,20
9.07927e+06,11,RTS,20
9.07927e+06,4,RTS,20
9.07937e+06,16,RTS,20
9.07943e+06,20,CTS,14
9.07949e+06,16,QOSDATA_TID6,1066
9.07968e+06,20,ACK,14
9.07972e+06,16,CTL,20
9.07981e+06,10,RTS,20
9.07988e+06,20,CTS,14
9.07994e+06,10,QOSDATA_TID6,1066
9.08012e+06,20,ACK,14
9.08016e+06,10,CTL,20
9.08025e+06,18,RTS,20
9.08025e+06,3,RTS,20
9.08036e+06,8,RTS,20
9.08036e+06,11,RTS,20
9.08036e+06,7,RTS,20
9.08046e+06,3,RTS,20
9.08052e+06,20,CTS,14
9.08058e+06,3,QOSDATA_TID6,1066
9.08077e+06,20,ACK,14
9.08081e+06,3,QOSDATA_TID6,1066
9.081e+06,20,ACK,14
9.08104e+06,3,CTL,20
9.08112e+06,0,RTS,20
9.08112e+06,11,RTS,20
9.08119e+06,20,CTS,14
9.08125e+06,0,QOSDATA_TID6,1066
9.08144e+06,20,ACK,14
9.08148e+06,0,CTL,20
9.08158e+06,18,RTS,20
9.08158e+06,7,RTS,20
9.08164e+06,20,CTS,14
9.0817e+06,7,QOSDATA_TID6,1066
9.08189e+06,20,ACK,14
9.08193e+06,7,QOSDATA_TID6,1066
9.08212e+06,20,ACK,14
9.08216e+06,7,CTL,20
9.08226e+06,9,RTS,20
9.08232e+06,20,CTS,14
9.08238e+06,9,QOSDATA_TID6,1066
9.08257e+06,20,ACK,14
9.08261e+06,9,CTL,20
9.0827e+06,11,RTS,20
9.0827e+06,16,RTS,20
9.0827e+06,4,RTS,20
9.0827e+06,14,RTS,20
9.0828e+06,17,RTS,20
9.08286e+06,20,CTS,14
9.08292e+06,17,QOSDATA_TID6,1066
9.08311e+06,20,ACK,14
9.08315e+06,17,CTL,20
9.08324e+06,13,RTS,20
9.08331e+06,20,CTS,14
9.08337e+06,13,QOSDATA_TID6,1066
9.08355e+06,20,ACK,14
9.08359e+06,13,CTL,20
9.08368e+06,12,RTS,20
9.08368e+06,8,RTS,20
9.08368e+06,1,RTS,20
9.08368e+06,3,RTS,20
9.08378e+06,6,RTS,20
9.08378e+06,15,RTS,20
9.08388e+06,19,RTS,20
9.08388e+06,3,RTS,20
9.08394e+06,20,CTS,14
9.084e+06,19,QOSDATA_TID6,1066
9.08419e+06,20,ACK,14
9.08423e+06,19,QOSDATA_TID6,1066
9.08442e+06,20,ACK,14
9.08446e+06,19,CTL,20
9.08456e+06,6,RTS,20
9.08456e+06,15,RTS,20
9.08465e+06,5,RTS,20
9.08472e+06,20,CTS,14
9.08478e+06,5,QOSDATA_TID6,1066
9.08496e+06,20,ACK,14
9.08501e+06,5,CTL,20
9.0851e+06,12,RTS,20
9.0851e+06,11,RTS,20
9.0851e+06,16,RTS,20
9.0851e+06,4,RTS,20
9.08516e+06,20,CTS,14
9.08522e+06,12,QOSDATA_TID6,1066
9.08541e+06,20,ACK,14
9.08545e+06,12,CTL,20
9.08554e+06,17,RTS,20
9.08554e+06,2,RTS,20
9.0856e+06,20,CTS,14
9.08566e+06,17,QOSDATA_TID6,1066
9.08585e+06,20,ACK,14
9.08589e+06,17,CTL,20
9.08599e+06,18,RTS,20
9.08599e+06,6,RTS,20
9.0861e+06,8,RTS,20
9.0861e+06,1,RTS,20
9.0861e+06,11,RTS,20
9.08619e+06,6,RTS,20
9.08626e+06,20,CTS,14
9.08632e+06,6,QOSDATA_TID6,1066
9.0865e+06,20,ACK,14
9.08655e+06,6,CTL,20
9.08664e+06,10,RTS,20
9.08664e+06,11,RTS,20
9.08675e+06,14,RTS,20
9.08682e+06,20,CTS,14
9.08688e+06,14,QOSDATA_TID6,1066
9.08706e+06,20,ACK,14
9.08711e+06,14,CTL,20
9.08719e+06,14,RTS,20
9.08726e+06,20,CTS,14
9.08732e+06,14,QOSDATA_TID6,1066
9.0875e+06,20,ACK,14
9.08755e+06,14,CTL,20
9.08764e+06,15,RTS,20
9.08764e+06,10,RTS,20
9.0877e+06,20,CTS,14
9.08776e+06,15,QOSDATA_TID6,1066
9.08795e+06,20,ACK,14
9.08799e+06,15,QOSDATA_TID6,1066
9.08818e+06,20,ACK,14
9.08822e+06,15,QOSDATA_TID6,1066
9.0884e+06,20,ACK,14
9.08845e+06,15,QOSDATA_TID6,1066
9.08863e+06,20,ACK,14
9.08868e+06,15,CTL,20
9.08876e+06,8,RTS,20
9.08883e+06,20,CTS,14
9.08889e+06,8,QOSDATA_TID6,1066
9.08907e+06,20,ACK,14
9.08912e+06,8,QOSDATA_TID6,1066
9.0893e+06,20,ACK,14
9.08934e+06,8,CTL,20
9.08943e+06,1,RTS,20
9.08943e+06,3,RTS,20
9.0895e+06,20,CTS,14
9.08956e+06,1,QOSDATA_TID6,1066
9.08974e+06,20,ACK,14
9.08979e+06,1,QOSDATA_TID6,1066
9.08997e+06,20,ACK,14
9.09002e+06,1,CTL,20
9.0901e+06,9,RTS,20
9.0901e+06,13,RTS,20
9.09021e+06,16,RTS,20
9.09021e+06,0,RTS,20
9.09028e+06,20,CTS,14
9.09034e+06,0,QOSDATA_TID6,1066
9.09052e+06,20,ACK,14
9.09056e+06,0,CTL,20
9.09066e+06,9,RTS,20
9.09066e+06,16,RTS,20
9.09082e+06,9,RTS,20
9.09088e+06,20,CTS,14
9.09094e+06,9,QOSDATA_TID6,1066
9.09113e+06,20,ACK,14
9.09117e+06,9,CTL,20
9.09126e+06,19,RTS,20
9.09133e+06,20,CTS,14
9.09139e+06,19,QOSDATA_TID6,1066
9.09157e+06,20,ACK,14
9.09162e+06,19,CTL,20
9.0917e+06,1,RTS,20
9.0917e+06,16,RTS,20
9.0917e+06,6,RTS,20
9.0918e+06,12,RTS,20
9.0918e+06,7,RTS,20
9.09187e+06,20,CTS,14
9.09193e+06,12,QOSDATA_TID6,1066
9.09211e+06,20,ACK,14
9.09216e+06,12,CTL,20
9.09224e+06,1,RTS,20
9.09231e+06,20,CTS,14
9.09237e+06,1,QOSDATA_TID6,1066
9.09255e+06,20,ACK,14
9.0926e+06,1,CTL,20
9.09268e+06,17,RTS,20
9.09268e+06,5,RTS,20
9.09268e+06,11,RTS,20
9.09268e+06,16,RTS,20
9.09268e+06,4,RTS,20
9.09268e+06,2,RTS,20
9.09281e+06,15,RTS,20
9.09288e+06,20,CTS,14
9.09294e+06,15,QOSDATA_TID6,1066
9.09312e+06,20,ACK,14
9.09316e+06,15,CTL,20
9.09325e+06,13,RTS,20
9.09325e+06,7,RTS,20
9.09332e+06,20,CTS,14
9.09338e+06,7,QOSDATA_TID6,1066
9.09356e+06,20,ACK,14
9.09361e+06,7,CTL,20
9.09369e+06,10,RTS,20
9.09376e+06,20,CTS,14
9.09382e+06,10,QOSDATA_TID6,1066
9.094e+06,20,ACK,14
9.09405e+06,10,QOSDATA_TID6,1066
9.09423e+06,20,ACK,14
9.09428e+06,10,CTL,20
9.09436e+06,18,RTS,20
9.09443e+06,20,CTS,14
9.09449e+06,18,QOSDATA_TID6,1066
9.09468e+06,20,ACK,14
9.09472e+06,18,QOSDATA_TID6,1066
9.0949e+06,20,ACK,14
9.09495e+06,18,QOSDATA_TID6,1066
9.09513e+06,20,ACK,14
9.09518e+06,18,QOSDATA_TID6,1066
9.09536e+06,20,ACK,14
9.0954e+06,18,QOSDATA_TID6,1066
9.09559e+06,20,ACK,14
9.09563e+06,18,CTL,20
9.09572e+06,2,RTS,20
9.09572e+06,6,RTS,20
9.09572e+06,3,RTS,20
9.09572e+06,17,RTS,20
9.09572e+06,14,RTS,20
9.09582e+06,4,RTS,20
9.09588e+06,20,CTS,14
9.09594e+06,4,QOSDATA_TID6,1066
9.09613e+06,20,ACK,14
9.09617e+06,4,QOSDATA_TID6,1066
9.09636e+06,20,ACK,14
9.0964e+06,4,QOSDATA_TID6,1066
9.09658e+06,20,ACK,14
9.09663e+06,4,CTL,20
9.09672e+06,11,RTS,20
9.09672e+06,3,RTS,20
9.09684e+06,5,RTS,20
9.09684e+06,14,RTS,20
9.09691e+06,20,CTS,14
9.09697e+06,5,QOSDATA_TID6,1066
9.09715e+06,20,ACK,14
9.09719e+06,5,CTL,20
9.0973e+06,13,RTS,20
9.09737e+06,20,CTS,14
9.09743e+06,13,QOSDATA_TID6,1066
9.09761e+06,20,ACK,14
9.09765e+06,13,QOSDATA_TID6,1066
9.09784e+06,20,ACK,14
9.09788e+06,13,CTL,20
9.09797e+06,8,RTS,20
9.09797e+06,0,RTS,20
9.09797e+06,3,RTS,20
9.09812e+06,8,RTS,20
9.09812e+06,3,RTS,20
9.09818e+06,20,CTS,14
9.09824e+06,8,QOSDATA_TID6,1066
9.09843e+06,20,ACK,14
9.09847e+06,8,CTL,20
9.09856e+06,0,RTS,20
9.09863e+06,20,CTS,14
9.09869e+06,0,QOSDATA_TID6,1066
9.09887e+06,20,ACK,14
9.09892e+06,0,CTL,20
9.099e+06,14,RTS,20
9.099e+06,7,RTS,20
9.09907e+06,20,CTS,14
9.09913e+06,7,QOSDATA_TID6,1066
9.09931e+06,20,ACK,14
9.09936e+06,7,CTL,20
9.09945e+06,12,RTS,20
9.09945e+06,16,RTS,20
9.09945e+06,19,RTS,20
9.09945e+06,2,RTS,20
9.09956e+06,14,RTS,20
9.09963e+06,20,CTS,14
9.09969e+06,14,QOSDATA_TID6,1066
9.09987e+06,20,ACK,14
9.09992e+06,14,CTL,20
9.1e+06,6,RTS,20
9.1e+06,17,RTS,20
9.10007e+06,20,CTS,14
9.10013e+06,17,QOSDATA_TID6,1066
9.10031e+06,20,ACK,14
9.10036e+06,17,QOSDATA_TID6,1066
9.10054e+06,20,ACK,14
9.10059e+06,17,CTL,20
9.10067e+06,5,RTS,20
9.10067e+06,15,RTS,20
9.10067e+06,10,RTS,20
9.10074e+06,20,CTS,14
9.1008e+06,5,QOSDATA_TID6,1066
9.10098e+06,20,ACK,14
9.10103e+06,5,CTL,20
9.10111e+06,4,RTS,20
9.10118e+06,20,CTS,14
9.10124e+06,4,QOSDATA_TID6,1066
9.10143e+06,20,ACK,14
9.10147e+06,4,CTL,20
9.10156e+06,15,RTS,20
9.10162e+06,20,CTS,14
9.10168e+06,15,QOSDATA_TID6,1066
9.10187e+06,20,ACK,14
9.10191e+06,15,CTL,20
9.102e+06,6,RTS,20
9.102e+06,9,RTS,20
9.10207e+06,20,CTS,14
9.10213e+06,6,QOSDATA_TID6,1066
9.10231e+06,20,ACK,14
9.10235e+06,6,QOSDATA_TID6,1066
9.10254e+06,20,ACK,14
9.10258e+06,6,CTL,20
9.10267e+06,8,RTS,20
9.10274e+06,20,CTS,14
9.1028e+06,8,QOSDATA_TID6,1066
9.10298e+06,20,ACK,14
9.10302e+06,8,CTL,20
9.10311e+06,1,RTS,20
9.10311e+06,19,RTS,20
9.10311e+06,11,RTS,20
9.10311e+06,3,RTS,20
9.10311e+06,18,RTS,20
9.10321e+06,14,RTS,20
9.10328e+06,20,CTS,14
9.10334e+06,14,QOSDATA_TID6,1066
9.10352e+06,20,ACK,14
9.10356e+06,14,CTL,20
9.10365e+06,12,RTS,20
9.10365e+06,19,RTS,20
9.10372e+06,20,CTS,14
9.10378e+06,12,QOSDATA_TID6,1066
9.10396e+06,20,ACK,14
9.10401e+06,12,CTL,20
9.1041e+06,11,RTS,20
9.1041e+06,19,RTS,20
9.1041e+06,10,RTS,20
9.10422e+06,3,RTS,20
9.10428e+06,20,CTS,14
9.10434e+06,3,QOSDATA_TID6,1066
9.10453e+06,20,ACK,14
9.10457e+06,3,QOSDATA_TID6,1066
9.10476e+06,20,ACK,14
9.1048e+06,3,CTL,20
9.1049e+06,9,RTS,20
9.1049e+06,2,RTS,20
9.1049e+06,16,RTS,20
9.10504e+06,19,RTS,20
9.10511e+06,20,CTS,14
9.10517e+06,19,QOSDATA_TID6,1066
9.10535e+06,20,ACK,14
9.1054e+06,19,CTL,20
9.10548e+06,16,RTS,20
9.10548e+06,7,RTS,20
9.10555e+06,20,CTS,14
9.10561e+06,7,QOSDATA_TID6,1066
9.10579e+06,20,ACK,14
9.10584e+06,7,CTL,20
9.10593e+06,13,RTS,20
9.106e+06,20,CTS,14
9.10606e+06,13,QOSDATA_TID6,1066
9.10624e+06,20,ACK,14
9.10629e+06,13,CTL,20
9.10637e+06,0,RTS,20
9.10637e+06,2,RTS,20
9.10637e+06,10,RTS,20
9.10637e+06,9,RTS,20
9.10647e+06,1,RTS,20
9.10647e+06,12,RTS,20
9.10654e+06,20,CTS,14
9.1066e+06,12,QOSDATA_TID6,1066
9.10678e+06,20,ACK,14
9.10683e+06,12,CTL,20
9.10691e+06,3,RTS,20
9.10691e+06,18,RTS,20
9.10701e+06,11,RTS,20
9.10701e+06,16,RTS,20
9.10712e+06,19,RTS,20
9.10719e+06,20,CTS,14
9.10725e+06,19,QOSDATA_TID6,1066
9.10744e+06,20,ACK,14
9.10748e+06,19,CTL,20
9.10757e+06,1,RTS,20
9.10757e+06,17,RTS,20
9.10757e+06,3,RTS,20
9.10757e+06,9,RTS,20
9.10757e+06,10,RTS,20
9.10757e+06,6,RTS,20
9.10768e+06,2,RTS,20
9.10775e+06,20,CTS,14
9.10781e+06,2,QOSDATA_TID6,1066
9.10799e+06,20,ACK,14
9.10804e+06,2,QOSDATA_TID6,1066
9.10822e+06,20,ACK,14
9.10827e+06,2,QOSDATA_TID6,1066
9.10845e+06,20,ACK,14
9.10849e+06,2,CTL,20
9.10858e+06,17,RTS,20
9.10858e+06,1,RTS,20
9.10869e+06,11,RTS,20
9.10869e+06,2,RTS,20
9.10869e+06,0,RTS,20
9.10869e+06,15,RTS,20
9.10879e+06,18,RTS,20
9.10886e+06,20,CTS,14
9.10892e+06,18,QOSDATA_TID6,1066
9.10911e+06,20,ACK,14
9.10915e+06,18,CTL,20
9.10924e+06,5,RTS,20
9.1093e+06,20,CTS,14
9.10936e+06,5,QOSDATA_TID6,1066
9.10955e+06,20,ACK,14
9.10959e+06,5,CTL,20
9.10968e+06,4,RTS,20
9.10968e+06,15,RTS,20
9.10975e+06,20,CTS,14
9.10981e+06,15,QOSDATA_TID6,1066
9.10999e+06,20,ACK,14
9.11003e+06,15,CTL,20
9.11012e+06,2,RTS,20
9.11019e+06,20,CTS,14
9.11025e+06,2,QOSDATA_TID6,1066
9.11043e+06,20,ACK,14
9.11048e+06,2,CTL,20
9.11056e+06,0,CTS,14
9.11056e+06,1,RTS,20
9.11056e+06,16,RTS,20
9.11067e+06,0,RTS,20
9.11073e+06,20,CTS,14
9.11079e+06,0,QOSDATA_TID6,1066
9.11098e+06,20,ACK,14
9.11102e+06,0,CTL,20
9.11111e+06,9,RTS,20
9.11118e+06,20,CTS,14
9.11124e+06,9,QOSDATA_TID6,1066
9.11142e+06,20,ACK,14
9.11146e+06,9,QOSDATA_TID6,1066
9.11165e+06,20,ACK,14
9.11169e+06,9,CTL,20
9.11178e+06,3,RTS,20
9.11178e+06,18,RTS,20
9.11178e+06,6,RTS,20
9.11178e+06,14,RTS,20
9.11188e+06,17,RTS,20
9.11188e+06,1,RTS,20
9.11188e+06,16,RTS,20
9.11197e+06,8,RTS,20
9.11204e+06,20,CTS,14
9.1121e+06,8,QOSDATA_TID6,1066
9.11229e+06,20,ACK,14
9.11233e+06,8,CTL,20
9.11242e+06,17,RTS,20
9.11242e+06,4,RTS,20
9.11242e+06,18,RTS,20
9.11249e+06,20,CTS,14
9.11255e+06,17,QOSDATA_TID6,1066
9.11274e+06,20,ACK,14
9.11278e+06,17,CTL,20
9.11288e+06,3,RTS,20
9.11288e+06,10,RTS,20
9.11298e+06,11,RTS,20
9.11305e+06,20,CTS,14
9.11311e+06,11,QOSDATA_TID6,1066
9.1133e+06,20,ACK,14
9.11334e+06,11,QOSDATA_TID6,1066
9.11352e+06,20,ACK,14
9.11357e+06,11,QOSDATA_TID6,1066
9.11375e+06,20,ACK,14
9.1138e+06,11,CTL,20
9.11388e+06,13,RTS,20
9.11395e+06,20,CTS,14
9.11401e+06,13,QOSDATA_TID6,1066
9.11419e+06,20,ACK,14
9.11424e+06,13,CTL,20
9.11432e+06,9,RTS,20
9.11439e+06,20,CTS,14
9.11445e+06,9,QOSDATA_TID6,1066
9.11464e+06,20,ACK,14
9.11468e+06,9,CTL,20
9.11478e+06,18,RTS,20
9.11478e+06,0,RTS,20
9.11478e+06,16,RTS,20
9.11478e+06,11,RTS,20
9.11478e+06,7,RTS,20
9.11478e+06,4,RTS,20
9.11487e+06,1,RTS,20
9.11494e+06,20,CTS,14
9.115e+06,1,QOSDATA_TID6,1066
9.11518e+06,20,ACK,14
9.11523e+06,1,QOSDATA_TID6,1066
9.11541e+06,20,ACK,14
9.11546e+06,1,QOSDATA_TID6,1066
9.11564e+06,20,ACK,14
9.11568e+06,1,CTL,20
9.11577e+06,19,RTS,20
9.11584e+06,20,CTS,14
9.1159e+06,19,QOSDATA_TID6,1066
9.11608e+06,20,ACK,14
9.11613e+06,19,CTL,20
9.11621e+06,17,RTS,20
9.11621e+06,11,RTS,20
9.11621e+06,3,RTS,20
9.11621e+06,14,RTS,20
9.11628e+06,20,CTS,14
9.11634e+06,17,QOSDATA_TID6,1066
9.11652e+06,20,ACK,14
9.11657e+06,17,CTL,20
9.11666e+06,5,RTS,20
9.11666e+06,7,RTS,20
9.11672e+06,20,CTS,14
9.11678e+06,5,QOSDATA_TID6,1066
9.11697e+06,20,ACK,14
9.11701e+06,5,CTL,20
9.11711e+06,2,RTS,20
9.11711e+06,0,RTS,20
9.11711e+06,6,RTS,20
9.1172e+06,12,RTS,20
9.1172e+06,16,RTS,20
9.11727e+06,20,CTS,14
9.11733e+06,12,QOSDATA_TID6,1066
9.11752e+06,20,ACK,14
9.11756e+06,12,CTL,20
9.11765e+06,16,RTS,20
9.11765e+06,2,RTS,20
9.11765e+06,0,CTS,14
9.11765e+06,6,RTS,20
9.11765e+06,10,RTS,20
9.11773e+06,0,RTS,20
9.1178e+06,20,CTS,14
9.11786e+06,0,QOSDATA_TID6,1066
9.11804e+06,20,ACK,14
9.11809e+06,0,CTL,20
9.11817e+06,10,RTS,20
9.11824e+06,20,CTS,14
9.1183e+06,10,QOSDATA_TID6,1066
9.11849e+06,20,ACK,14
9.11853e+06,10,QOSDATA_TID6,1066
9.11871e+06,20,ACK,14
9.11876e+06,10,QOSDATA_TID6,1066
9.11894e+06,20,ACK,14
9.11899e+06,10,CTL,20
9.11907e+06,15,RTS,20
9.11907e+06,7,RTS,20
9.11917e+06,18,RTS,20
9.11924e+06,20,CTS,14
9.1193e+06,18,QOSDATA_TID6,1066
9.11948e+06,20,ACK,14
9.11953e+06,18,QOSDATA_TID6,1066
9.11971e+06,20,ACK,14
9.11975e+06,18,CTL,20
9.11985e+06,4,RTS,20
9.11992e+06,20,CTS,14
9.11998e+06,4,QOSDATA_TID6,1066
9.12016e+06,20,ACK,14
9.1202e+06,4,QOSDATA_TID6,1066
9.12039e+06,20,ACK,14
9.12043e+06,4,CTL,20
9.12052e+06,15,RTS,20
9.12052e+06,14,RTS,20
9.12062e+06,8,RTS,20
9.12068e+06,20,CTS,14
9.12074e+06,8,QOSDATA_TID6,1066
9.12093e+06,20,ACK,14
9.12097e+06,8,CTL,20
9.12106e+06,11,RTS,20
9.12106e+06,2,RTS,20
9.12106e+06,3,RTS,20
9.12106e+06,14,RTS,20
9.12116e+06,0,RTS,20
9.12122e+06,20,CTS,14
9.12128e+06,0,QOSDATA_TID6,1066
9.12147e+06,20,ACK,14
9.12151e+06,0,CTL,20
9.1216e+06,14,RTS,20
9.1216e+06,11,RTS,20
9.12171e+06,13,RTS,20
9.12177e+06,20,CTS,14
9.12183e+06,13,QOSDATA_TID6,1066
9.12202e+06,20,ACK,14
9.12206e+06,13,CTL,20
9.12216e+06,15,RTS,20
9.12216e+06,6,RTS,20
9.12226e+06,16,RTS,20
9.12232e+06,20,CTS,14
9.12238e+06,16,QOSDATA_TID6,1066
9.12257e+06,20,ACK,14
9.12261e+06,16,QOSDATA_TID6,1066
9.1228e+06,20,ACK,14
9.12284e+06,16,QOSDATA_TID6,1066
9.12302e+06,20,ACK,14
9.12307e+06,16,QOSDATA_TID6,1066
9.12325e+06,20,ACK,14
9.1233e+06,16,CTL,20
9.12338e+06,1,RTS,20
9.12338e+06,17,RTS,20
9.12348e+06,11,RTS,20
9.12355e+06,20,CTS,14
9.12361e+06,11,QOSDATA_TID6,1066
9.12379e+06,20,ACK,14
9.12384e+06,11,QOSDATA_TID6,1066
9.12402e+06,20,ACK,14
9.12406e+06,11,CTL,20
9.12415e+06,9,RTS,20
9.12415e+06,15,RTS,20
9.12422e+06,20,CTS,14
9.12428e+06,15,QOSDATA_TID6,1066
9.12446e+06,20,ACK,14
9.12451e+06,15,CTL,20
9.12459e+06,17,RTS,20
9.12466e+06,20,CTS,14
9.12472e+06,17,QOSDATA_TID6,1066
9.1249e+06,20,ACK,14
9.12495e+06,17,CTL,20
9.12503e+06,19,RTS,20
9.12503e+06,2,RTS,20
9.12503e+06,3,RTS,20
9.12503e+06,9,RTS,20
9.12503e+06,10,RTS,20
9.12513e+06,12,RTS,20
9.12513e+06,7,RTS,20
9.1252e+06,20,CTS,14
9.12526e+06,12,QOSDATA_TID6,1066
9.12544e+06,20,ACK,14
9.12549e+06,12,CTL,20
9.12558e+06,1,RTS,20
9.12558e+06,5,RTS,20
9.12558e+06,6,RTS,20
9.12565e+06,20,CTS,14
9.12571e+06,5,QOSDATA_TID6,1066
9.1259e+06,20,ACK,14
9.12594e+06,5,CTL,20
9.12602e+06,3,RTS,20
9.12602e+06,4,RTS,20
9.12613e+06,14,RTS,20
9.1262e+06,20,CTS,14
9.12626e+06,14,QOSDATA_TID6,1066
9.12644e+06,20,ACK,14
9.12649e+06,14,QOSDATA_TID6,1066
9.12667e+06,20,ACK,14
9.12672e+06,14,CTL,20
9.1268e+06,15,RTS,20
9.1268e+06,18,RTS,20
9.1268e+06,8,RTS,20
9.1269e+06,3,RTS,20
9.12697e+06,20,CTS,14
9.12703e+06,3,QOSDATA_TID6,1066
9.12721e+06,20,ACK,14
9.12726e+06,3,QOSDATA_TID6,1066
9.12744e+06,20,ACK,14
9.12748e+06,3,CTL,20
9.12757e+06,8,RTS,20
9.12757e+06,6,RTS,20
9.12764e+06,20,CTS,14
9.1277e+06,8,QOSDATA_TID6,1066
9.12788e+06,20,ACK,14
9.12793e+06,8,CTL,20
9.12802e+06,1,RTS,20
9.12802e+06,14,RTS,20
9.12809e+06,20,CTS,14
9.12815e+06,1,QOSDATA_TID6,1066
9.12833e+06,20,ACK,14
9.12838e+06,1,CTL,20
9.12846e+06,10,RTS,20
9.12853e+06,20,CTS,14
9.12859e+06,10,QOSDATA_TID6,1066
9.12878e+06,20,ACK,14
9.12882e+06,10,CTL,20
9.1289e+06,16,RTS,20
9.12897e+06,20,CTS,14
9.12903e+06,16,QOSDATA_TID6,1066
9.12922e+06,20,ACK,14
9.12926e+06,16,CTL,20
9.12935e+06,4,RTS,20
9.12935e+06,7,RTS,20
9.12935e+06,9,RTS,20
9.12942e+06,20,CTS,14
9.12948e+06,7,QOSDATA_TID6,1066
9.12966e+06,20,ACK,14
9.1297e+06,7,QOSDATA_TID6,1066
9.12989e+06,20,ACK,14
9.12993e+06,7,QOSDATA_TID6,1066
9.13012e+06,20,ACK,14
9.13016e+06,7,CTL,20
9.13024e+06,20,BEACON,152
9.13051e+06,12,RTS,20
9.13051e+06,0,RTS,20
9.13051e+06,2,RTS,20
9.13051e+06,15,RTS,20
9.1306e+06,19,RTS,20
9.13067e+06,20,CTS,14
9.13073e+06,19,QOSDATA_TID6,1066
9.13092e+06,20,ACK,14
9.13096e+06,19,QOSDATA_TID6,1066
9.13115e+06,20,ACK,14
9.13119e+06,19,CTL,20
9.13128e+06,1,RTS,20
9.13128e+06,3,RTS,20
9.13128e+06,18,RTS,20
9.13138e+06,13,RTS,20
9.13145e+06,20,CTS,14
9.13151e+06,13,QOSDATA_TID6,1066
9.1317e+06,20,ACK,14
9.13174e+06,13,CTL,20
9.13184e+06,12,RTS,20
9.13184e+06,11,RTS,20
9.13184e+06,1,RTS,20
9.13191e+06,20,CTS,14
9.13197e+06,12,QOSDATA_TID6,1066
9.13216e+06,20,ACK,14
9.1322e+06,12,CTL,20
9.13228e+06,15,RTS,20
9.13228e+06,14,RTS,20
9.13238e+06,5,RTS,20
9.13238e+06,1,RTS,20
9.13245e+06,20,CTS,14
9.13251e+06,5,QOSDATA_TID6,1066
9.1327e+06,20,ACK,14
9.13274e+06,5,CTL,20
9.13282e+06,6,RTS,20
9.13282e+06,15,RTS,20
9.13292e+06,9,RTS,20
9.13299e+06,20,CTS,14
9.13305e+06,9,QOSDATA_TID6,1066
9.13324e+06,20,ACK,14
9.13328e+06,9,QOSDATA_TID6,1066
9.13346e+06,20,ACK,14
9.13351e+06,9,CTL,20
9.13359e+06,17,RTS,20
9.13359e+06,4,RTS,20
9.13366e+06,20,CTS,14
9.13372e+06,17,QOSDATA_TID6,1066
9.1339e+06,20,ACK,14
9.13395e+06,17,CTL,20
9.13404e+06,15,RTS,20
9.13404e+06,6,RTS,20
9.13414e+06,11,RTS,20
9.13414e+06,3,RTS,20
9.13425e+06,6,RTS,20
9.13432e+06,20,CTS,14
9.13438e+06,6,QOSDATA_TID6,1066
9.13456e+06,20,ACK,14
9.1346e+06,6,QOSDATA_TID6,1066
9.13479e+06,20,ACK,14
9.13483e+06,6,QOSDATA_TID6,1066
9.13502e+06,20,ACK,14
9.13506e+06,6,CTL,20
9.13515e+06,8,RTS,20
9.13522e+06,20,CTS,14
9.13528e+06,8,QOSDATA_TID6,1066
9.13546e+06,20,ACK,14
9.1355e+06,8,CTL,20
9.13559e+06,1,RTS,20
9.13566e+06,20,CTS,14
9.13572e+06,1,QOSDATA_TID6,1066
9.1359e+06,20,ACK,14
9.13594e+06,1,CTL,20
9.13603e+06,0,RTS,20
9.13603e+06,10,RTS,20
9.13603e+06,14,RTS,20
9.13614e+06,11,RTS,20
9.13621e+06,20,CTS,14
9.13627e+06,11,QOSDATA_TID6,1066
9.13645e+06,20,ACK,14
9.13649e+06,11,CTL,20
9.13658e+06,4,RTS,20
9.13665e+06,20,CTS,14
9.13671e+06,4,QOSDATA_TID6,1066
9.13689e+06,20,ACK,14
9.13694e+06,4,QOSDATA_TID6,1066
9.13712e+06,20,ACK,14
9.13716e+06,4,CTL,20
9.13725e+06,16,RTS,20
9.13725e+06,15,RTS,20
9.13725e+06,2,RTS,20
9.13725e+06,18,RTS,20
9.1374e+06,15,RTS,20
9.1374e+06,2,RTS,20
9.1374e+06,0,CTS,14
9.13752e+06,0,RTS,20
9.13759e+06,20,CTS,14
9.13765e+06,0,QOSDATA_TID6,1066
9.13783e+06,20,ACK,14
9.13788e+06,0,QOSDATA_TID6,1066
9.13806e+06,20,ACK,14
9.1381e+06,0,CTL,20
9.1382e+06,18,RTS,20
9.1382e+06,13,RTS,20
9.1382e+06,16,RTS,20
9.13832e+06,14,RTS,20
9.13838e+06,20,CTS,14
9.13844e+06,14,QOSDATA_TID6,1066
9.13863e+06,20,ACK,14
9.13867e+06,14,QOSDATA_TID6,1066
9.13886e+06,20,ACK,14
9.1389e+06,14,CTL,20
9.13899e+06,18,RTS,20
9.13899e+06,7,RTS,20
9.13899e+06,19,RTS,20
9.1391e+06,11,RTS,20
9.1391e+06,16,RTS,20
9.1391e+06,9,RTS,20
9.1392e+06,1,RTS,20
9.1392e+06,6,RTS,20
9.1392e+06,15,RTS,20
9.1393e+06,7,RTS,20
9.13937e+06,20,CTS,14
9.13943e+06,7,QOSDATA_TID6,1066
9.13961e+06,20,ACK,14
9.13966e+06,7,CTL,20
9.13974e+06,17,RTS,20
9.13974e+06,11,RTS,20
9.13974e+06,9,RTS,20
9.13981e+06,20,CTS,14
9.13987e+06,17,QOSDATA_TID6,1066
9.14005e+06,20,ACK,14
9.1401e+06,17,CTL,20
9.14018e+06,11,RTS,20
9.14018e+06,6,RTS,20
9.14028e+06,13,RTS,20
9.14035e+06,20,CTS,14
9.14041e+06,13,QOSDATA_TID6,1066
9.14059e+06,20,ACK,14
9.14064e+06,13,CTL,20
9.14073e+06,15,RTS,20
9.14073e+06,5,RTS,20
9.14073e+06,3,RTS,20
9.14073e+06,10,RTS,20
9.1408e+06,20,CTS,14
9.14086e+06,5,QOSDATA_TID6,1066
9.14104e+06,20,ACK,14
9.14109e+06,5,CTL,20
9.14117e+06,4,RTS,20
9.14124e+06,20,CTS,14
9.1413e+06,4,QOSDATA_TID6,1066
9.14149e+06,20,ACK,14
9.14153e+06,4,CTL,20
9.14162e+06,6,RTS,20
9.14168e+06,20,CTS,14
9.14174e+06,6,QOSDATA_TID6,1066
9.14193e+06,20,ACK,14
9.14197e+06,6,CTL,20
9.14206e+06,3,RTS,20
9.14213e+06,20,CTS,14
9.14219e+06,3,QOSDATA_TID6,1066
9.14237e+06,20,ACK,14
9.14241e+06,3,QOSDATA_TID6,1066
9.1426e+06,20,ACK,14
9.14264e+06,3,CTL,20
9.14273e+06,1,RTS,20
9.14273e+06,8,RTS,20
9.14273e+06,12,RTS,20
9.14284e+06,16,RTS,20
9.14284e+06,19,RTS,20
9.14284e+06,9,RTS,20
9.14296e+06,18,RTS,20
9.14303e+06,20,CTS,14
9.14309e+06,18,QOSDATA_TID6,1066
9.14327e+06,20,ACK,14
9.14332e+06,18,QOSDATA_TID6,1066
9.1435e+06,20,ACK,14
9.14354e+06,18,QOSDATA_TID6,1066
9.14373e+06,20,ACK,14
9.14377e+06,18,CTL,20
9.14386e+06,15,RTS,20
9.14393e+06,20,CTS,14
9.14399e+06,15,QOSDATA_TID6,1066
9.14417e+06,20,ACK,14
9.14421e+06,15,QOSDATA_TID6,1066
9.1444e+06,20,ACK,14
9.14444e+06,15,CTL,20
9.14453e+06,12,RTS,20
9.14453e+06,1,RTS,20
9.1446e+06,20,CTS,14
9.14466e+06,12,QOSDATA_TID6,1066
9.14484e+06,20,ACK,14
9.14488e+06,12,CTL,20
9.14498e+06,2,RTS,20
9.14498e+06,14,RTS,20
9.14498e+06,10,RTS,20
9.14508e+06,1,RTS,20
9.14508e+06,11,RTS,20
9.14508e+06,16,RTS,20
9.14518e+06,2,RTS,20
9.14518e+06,0,RTS,20
9.14528e+06,11,RTS,20
9.14535e+06,20,CTS,14
9.14541e+06,11,QOSDATA_TID6,1066
9.14559e+06,20,ACK,14
9.14564e+06,11,CTL,20
9.14573e+06,2,RTS,20
9.1458e+06,20,CTS,14
9.14586e+06,2,QOSDATA_TID6,1066
9.14605e+06,20,ACK,14
9.14609e+06,2,QOSDATA_TID6,1066
9.14627e+06,20,ACK,14
9.14632e+06,2,QOSDATA_TID6,1066
9.1465e+06,20,ACK,14
9.14655e+06,2,CTL,20
9.14663e+06,3,RTS,20
9.14663e+06,7,RTS,20
9.14663e+06,14,RTS,20
9.14663e+06,16,RTS,20
9.14675e+06,8,RTS,20
9.14682e+06,20,CTS,14
9.14688e+06,8,QOSDATA_TID6,1066
9.14706e+06,20,ACK,14
9.1471e+06,8,CTL,20
9.14719e+06,1,RTS,20
9.14719e+06,19,RTS,20
9.14729e+06,0,RTS,20
9.14729e+06,6,RTS,20
9.14729e+06,13,RTS,20
9.14729e+06,14,RTS,20
9.14739e+06,1,RTS,20
9.14739e+06,10,RTS,20
9.14739e+06,9,RTS,20
9.14745e+06,20,CTS,14
9.14751e+06,1,QOSDATA_TID6,1066
9.1477e+06,20,ACK,14
9.14774e+06,1,QOSDATA_TID6,1066
9.14793e+06,20,ACK,14
9.14797e+06,1,CTL,20
9.14806e+06,17,RTS,20
9.14806e+06,19,RTS,20
9.14806e+06,11,RTS,20
9.14806e+06,12,RTS,20
9.14817e+06,9,RTS,20
9.14824e+06,20,CTS,14
9.1483e+06,9,QOSDATA_TID6,1066
9.14848e+06,20,ACK,14
9.14853e+06,9,QOSDATA_TID6,1066
9.14871e+06,20,ACK,14
9.14876e+06,9,CTL,20
9.14884e+06,2,RTS,20
9.14884e+06,17,RTS,20
9.14884e+06,6,RTS,20
9.14884e+06,4,RTS,20
9.14895e+06,13,RTS,20
9.14895e+06,15,RTS,20
9.14906e+06,5,RTS,20
9.14906e+06,19,RTS,20
9.14906e+06,11,RTS,20
9.14906e+06,3,RTS,20
9.14912e+06,20,CTS,14
9.14918e+06,5,QOSDATA_TID6,1066
9.14937e+06,20,ACK,14
9.14941e+06,5,CTL,20
9.14951e+06,12,RTS,20
9.14958e+06,20,CTS,14
9.14964e+06,12,QOSDATA_TID6,1066
9.14982e+06,20,ACK,14
9.14986e+06,12,CTL,20
9.14995e+06,16,RTS,20
9.14995e+06,0,CTS,14
9.15009e+06,0,RTS,20
9.15016e+06,20,CTS,14
9.15022e+06,0,QOSDATA_TID6,1066
9.1504e+06,20,ACK,14
9.15044e+06,0,CTL,20
9.15053e+06,17,RTS,20
9.15053e+06,13,RTS,20
9.15053e+06,11,RTS,20
9.1506e+06,20,CTS,14
9.15066e+06,17,QOSDATA_TID6,1066
9.15084e+06,20,ACK,14
9.15089e+06,17,CTL,20
9.15097e+06,18,RTS,20
9.15104e+06,20,CTS,14
9.1511e+06,18,QOSDATA_TID6,1066
9.15128e+06,20,ACK,14
9.15133e+06,18,CTL,20
9.15142e+06,2,RTS,20
9.15142e+06,3,RTS,20
9.15142e+06,15,RTS,20
9.15142e+06,7,RTS,20
9.15151e+06,10,RTS,20
9.15158e+06,20,CTS,14
9.15164e+06,10,QOSDATA_TID6,1066
9.15182e+06,20,ACK,14
9.15187e+06,10,QOSDATA_TID6,1066
9.15205e+06,20,ACK,14
9.1521e+06,10,QOSDATA_TID6,1066
9.15228e+06,20,ACK,14
9.15232e+06,10,CTL,20
9.15241e+06,8,RTS,20
9.15241e+06,15,RTS,20
9.15248e+06,20,CTS,14
9.15254e+06,8,QOSDATA_TID6,1066
9.15272e+06,20,ACK,14
9.15277e+06,8,CTL,20
9.15286e+06,19,RTS,20
9.15286e+06,6,RTS,20
9.15286e+06,14,RTS,20
9.15296e+06,7,RTS,20
9.15303e+06,20,CTS,14
9.15309e+06,7,QOSDATA_TID6,1066
9.15327e+06,20,ACK,14
9.15332e+06,7,CTL,20
9.15342e+06,19,RTS,20
9.15342e+06,0,RTS,20
9.15353e+06,2,RTS,20
9.1536e+06,20,CTS,14
9.15366e+06,2,QOSDATA_TID6,1066
9.15384e+06,20,ACK,14
9.15388e+06,2,CTL,20
9.15398e+06,9,RTS,20
9.15398e+06,7,RTS,20
9.15405e+06,20,CTS,14
9.15411e+06,7,QOSDATA_TID6,1066
9.15429e+06,20,ACK,14
9.15434e+06,7,CTL,20
9.15444e+06,13,RTS,20
9.15444e+06,0,RTS,20
9.15451e+06,20,CTS,14
9.15457e+06,0,QOSDATA_TID6,1066
9.15475e+06,20,ACK,14
9.1548e+06,0,CTL,20
9.15488e+06,12,RTS,20
9.15495e+06,20,CTS,14
9.15501e+06,12,QOSDATA_TID6,1066
9.15519e+06,20,ACK,14
9.15524e+06,12,CTL,20
9.15533e+06,17,RTS,20
9.1554e+06,20,CTS,14
9.15546e+06,17,QOSDATA_TID6,1066
9.15564e+06,20,ACK,14
9.15569e+06,17,CTL,20
9.15577e+06,1,RTS,20
9.15577e+06,11,RTS,20
9.15577e+06,4,RTS,20
9.15577e+06,9,RTS,20
9.15577e+06,13,RTS,20
9.15577e+06,15,RTS,20
9.15588e+06,16,RTS,20
9.15595e+06,20,CTS,14
9.15601e+06,16,QOSDATA_TID6,1066
9.15619e+06,20,ACK,14
9.15624e+06,16,QOSDATA_TID6,1066
9.15642e+06,20,ACK,14
9.15646e+06,16,CTL,20
9.15655e+06,13,RTS,20
9.15662e+06,20,CTS,14
9.15668e+06,13,QOSDATA_TID6,1066
9.15686e+06,20,ACK,14
9.15691e+06,13,QOSDATA_TID6,1066
9.15709e+06,20,ACK,14
9.15714e+06,13,CTL,20
9.15722e+06,6,RTS,20
9.15722e+06,10,RTS,20
9.15729e+06,20,CTS,14
9.15735e+06,6,QOSDATA_TID6,1066
9.15753e+06,20,ACK,14
9.15758e+06,6,QOSDATA_TID6,1066
9.15776e+06,20,ACK,14
9.1578e+06,6,CTL,20
9.15789e+06,10,RTS,20
9.15796e+06,20,CTS,14
9.15802e+06,10,QOSDATA_TID6,1066
9.1582e+06,20,ACK,14
9.15825e+06,10,CTL,20
9.15833e+06,5,RTS,20
9.15833e+06,19,RTS,20
9.1584e+06,20,CTS,14
9.15846e+06,5,QOSDATA_TID6,1066
9.15864e+06,20,ACK,14
9.15869e+06,5,CTL,20
9.15878e+06,2,RTS,20
9.15878e+06,18,RTS,20
9.15888e+06,14,RTS,20
9.15888e+06,11,RTS,20
9.15888e+06,4,RTS,20
9.15898e+06,2,RTS,20
9.15905e+06,20,CTS,14
9.15911e+06,2,QOSDATA_TID6,1066
9.15929e+06,20,ACK,14
9.15934e+06,2,CTL,20
9.15942e+06,3,RTS,20
9.15949e+06,20,CTS,14
9.15955e+06,3,QOSDATA_TID6,1066
9.15973e+06,20,ACK,14
9.15978e+06,3,QOSDATA_TID6,1066
9.15996e+06,20,ACK,14
9.16001e+06,3,CTL,20
9.16009e+06,9,RTS,20
9.16016e+06,20,CTS,14
9.16022e+06,9,QOSDATA_TID6,1066
9.1604e+06,20,ACK,14
9.16045e+06,9,CTL,20
9.16053e+06,8,RTS,20
9.16053e+06,1,RTS,20
9.16053e+06,11,RTS,20
9.16063e+06,14,RTS,20
9.1607e+06,20,CTS,14
9.16076e+06,14,QOSDATA_TID6,1066
9.16094e+06,20,ACK,14
9.16099e+06,14,QOSDATA_TID6,1066
9.16117e+06,20,ACK,14
9.16122e+06,14,QOSDATA_TID6,1066
9.1614e+06,20,ACK,14
9.16144e+06,14,CTL,20
9.16153e+06,15,RTS,20
9.16153e+06,18,RTS,20
9.16153e+06,1,RTS,20
9.16153e+06,19,RTS,20
9.16164e+06,16,RTS,20
9.16171e+06,20,CTS,14
9.16177e+06,16,QOSDATA_TID6,1066
9.16195e+06,20,ACK,14
9.16199e+06,16,CTL,20
9.16208e+06,11,RTS,20
9.16208e+06,7,RTS,20
9.16208e+06,13,RTS,20
9.16219e+06,0,RTS,20
9.16226e+06,20,CTS,14
9.16232e+06,0,QOSDATA_TID6,1066
9.1625e+06,20,ACK,14
9.16254e+06,0,CTL,20
9.16263e+06,18,RTS,20
9.16263e+06,15,RTS,20
9.16263e+06,8,RTS,20
9.16263e+06,12,RTS,20
9.16263e+06,3,RTS,20
9.16263e+06,9,RTS,20
9.16263e+06,13,RTS,20
9.16263e+06,11,RTS,20
9.16277e+06,12,RTS,20
9.16277e+06,3,RTS,20
9.16277e+06,11,RTS,20
9.16284e+06,20,CTS,14
9.1629e+06,12,QOSDATA_TID6,1066
9.16308e+06,20,ACK,14
9.16312e+06,12,CTL,20
9.16321e+06,6,RTS,20
9.16328e+06,20,CTS,14
9.16334e+06,6,QOSDATA_TID6,1066
9.16352e+06,20,ACK,14
9.16357e+06,6,CTL,20
9.16365e+06,18,RTS,20
9.16365e+06,17,RTS,20
9.16372e+06,20,CTS,14
9.16378e+06,17,QOSDATA_TID6,1066
9.16396e+06,20,ACK,14
9.16401e+06,17,CTL,20
9.1641e+06,18,RTS,20
9.16416e+06,20,CTS,14
9.16422e+06,18,QOSDATA_TID6,1066
9.16441e+06,20,ACK,14
9.16445e+06,18,CTL,20
9.16454e+06,9,RTS,20
9.16454e+06,8,RTS,20
9.16454e+06,1,RTS,20
9.16454e+06,13,RTS,20
9.16454e+06,4,RTS,20
9.16464e+06,2,RTS,20
9.1647e+06,20,CTS,14
9.16476e+06,2,QOSDATA_TID6,1066
9.16495e+06,20,ACK,14
9.16499e+06,2,CTL,20
9.16508e+06,10,RTS,20
9.16514e+06,20,CTS,14
9.1652e+06,10,QOSDATA_TID6,1066
9.16539e+06,20,ACK,14
9.16543e+06,10,CTL,20
9.16552e+06,19,RTS,20
9.16552e+06,7,RTS,20
9.16563e+06,11,RTS,20
9.16569e+06,20,CTS,14
9.16575e+06,11,QOSDATA_TID6,1066
9.16594e+06,20,ACK,14
9.16598e+06,11,QOSDATA_TID6,1066
9.16617e+06,20,ACK,14
9.16621e+06,11,CTL,20
9.1663e+06,7,RTS,20
9.1663e+06,18,RTS,20
9.16636e+06,20,CTS,14
9.16642e+06,7,QOSDATA_TID6,1066
9.16661e+06,20,ACK,14
9.16665e+06,7,CTL,20
9.16675e+06,5,RTS,20
9.16675e+06,18,RTS,20
9.16675e+06,3,RTS,20
9.16682e+06,20,CTS,14
9.16688e+06,5,QOSDATA_TID6,1066
9.16706e+06,20,ACK,14
9.1671e+06,5,CTL,20
9.16719e+06,13,RTS,20
9.16726e+06,20,CTS,14
9.16732e+06,13,QOSDATA_TID6,1066
9.1675e+06,20,ACK,14
9.16754e+06,13,CTL,20
9.16763e+06,15,RTS,20
9.16763e+06,14,RTS,20
9.16763e+06,4,RTS,20
9.16763e+06,18,RTS,20
9.16776e+06,8,RTS,20
9.16782e+06,20,CTS,14
9.16788e+06,8,QOSDATA_TID6,1066
9.16807e+06,20,ACK,14
9.16811e+06,8,QOSDATA_TID6,1066
9.1683e+06,20,ACK,14
9.16834e+06,8,CTL,20
9.16843e+06,1,RTS,20
9.16843e+06,19,RTS,20
9.16843e+06,15,RTS,20
9.16855e+06,16,RTS,20
9.16855e+06,3,RTS,20
9.16866e+06,19,RTS,20
9.16866e+06,15,RTS,20
9.16879e+06,18,RTS,20
9.16886e+06,20,CTS,14
9.16892e+06,18,QOSDATA_TID6,1066
9.1691e+06,20,ACK,14
9.16915e+06,18,CTL,20
9.16923e+06,19,RTS,20
9.16924e+06,16,RTS,20
9.1693e+06,20,CTS,14
9.16936e+06,19,QOSDATA_TID6,1066
9.16955e+06,20,ACK,14
9.16959e+06,19,QOSDATA_TID6,1066
9.16978e+06,20,ACK,14
9.16982e+06,19,QOSDATA_TID6,1066
9.17e+06,20,ACK,14
9.17005e+06,19,CTL,20
9.17013e+06,15,RTS,20
9.1702e+06,20,CTS,14
9.17026e+06,15,QOSDATA_TID6,1066
9.17044e+06,20,ACK,14
9.17049e+06,15,QOSDATA_TID6,1066
9.17067e+06,20,ACK,14
9.17072e+06,15,CTL,20
9.1708e+06,13,RTS,20
9.1708e+06,11,RTS,20
9.1709e+06,7,RTS,20
9.1709e+06,0,RTS,20
9.17103e+06,9,RTS,20
9.17103e+06,0,RTS,20
9.1711e+06,20,CTS,14
9.17116e+06,0,QOSDATA_TID6,1066
9.17134e+06,20,ACK,14
9.17139e+06,0,CTL,20
9.17147e+06,17,RTS,20
9.17147e+06,9,RTS,20
9.17147e+06,13,RTS,20
9.17154e+06,20,CTS,14
9.1716e+06,17,QOSDATA_TID6,1066
9.17179e+06,20,ACK,14
9.17183e+06,17,CTL,20
9.17192e+06,9,RTS,20
9.17192e+06,6,RTS,20
9.17198e+06,20,CTS,14
9.17204e+06,6,QOSDATA_TID6,1066
9.17223e+06,20,ACK,14
9.17227e+06,6,CTL,20
9.17236e+06,5,RTS,20
9.17236e+06,7,RTS,20
9.17236e+06,16,RTS,20
9.17243e+06,20,CTS,14
9.17249e+06,5,QOSDATA_TID6,1066
9.17267e+06,20,ACK,14
9.17271e+06,5,CTL,20
9.17281e+06,19,RTS,20
9.17281e+06,12,RTS,20
9.17281e+06,9,RTS,20
9.17288e+06,20,CTS,14
9.17294e+06,12,QOSDATA_TID6,1066
9.17312e+06,20,ACK,14
9.17316e+06,12,CTL,20
9.17325e+06,4,RTS,20
9.17332e+06,20,CTS,14
9.17338e+06,4,QOSDATA_TID6,1066
9.17356e+06,20,ACK,14
9.17361e+06,4,QOSDATA_TID6,1066
9.17379e+06,20,ACK,14
9.17384e+06,4,QOSDATA_TID6,1066
9.17402e+06,20,ACK,14
9.17406e+06,4,QOSDATA_TID6,1066
9.17425e+06,20,ACK,14
9.17429e+06,4,CTL,20
9.17438e+06,9,RTS,20
9.17444e+06,20,CTS,14
9.1745e+06,9,QOSDATA_TID6,1066
9.17469e+06,20,ACK,14
9.17473e+06,9,QOSDATA_TID6,1066
9.17492e+06,20,ACK,14
9.17496e+06,9,CTL,20
9.17505e+06,2,RTS,20
9.17505e+06,1,RTS,20
9.17505e+06,14,RTS,20
9.17519e+06,13,RTS,20
9.17526e+06,20,CTS,14
9.17532e+06,13,QOSDATA_TID6,1066
9.1755e+06,20,ACK,14
9.17555e+06,13,CTL,20
9.17563e+06,1,RTS,20
9.1757e+06,20,CTS,14
9.17576e+06,1,QOSDATA_TID6,1066
9.17594e+06,20,ACK,14
9.17599e+06,1,QOSDATA_TID6,1066
9.17617e+06,20,ACK,14
9.17622e+06,1,QOSDATA_TID6,1066
9.1764e+06,20,ACK,14
9.17644e+06,1,CTL,20
9.17653e+06,8,RTS,20
9.17653e+06,15,RTS,20
9.17653e+06,10,RTS,20
9.1766e+06,20,CTS,14
9.17666e+06,8,QOSDATA_TID6,1066
9.17684e+06,20,ACK,14
9.17689e+06,8,CTL,20
9.17698e+06,19,RTS,20
9.17698e+06,7,RTS,20
9.17698e+06,18,RTS,20
9.17708e+06,3,RTS,20
9.17708e+06,11,RTS,20
9.17718e+06,19,RTS,20
9.17718e+06,0,RTS,20
9.1773e+06,2,RTS,20
9.17736e+06,20,CTS,14
9.17742e+06,2,QOSDATA_TID6,1066
9.17761e+06,20,ACK,14
9.17765e+06,2,CTL,20
9.17774e+06,9,RTS,20
9.17781e+06,20,CTS,14
9.17787e+06,9,QOSDATA_TID6,1066
9.17805e+06,20,ACK,14
9.1781e+06,9,CTL,20
9.17818e+06,16,RTS,20
9.17825e+06,20,CTS,14
9.17831e+06,16,QOSDATA_TID6,1066
9.17849e+06,20,ACK,14
9.17854e+06,16,QOSDATA_TID6,1066
9.17872e+06,20,ACK,14
9.17877e+06,16,CTL,20
9.17885e+06,12,RTS,20
9.17885e+06,7,RTS,20
9.17885e+06,0,RTS,20
9.17885e+06,18,RTS,20
9.17895e+06,13,RTS,20
9.17902e+06,20,CTS,14
9.17908e+06,13,QOSDATA_TID6,1066
9.17926e+06,20,ACK,14
9.17931e+06,13,CTL,20
9.17939e+06,1,RTS,20
9.17939e+06,6,RTS,20
9.17939e+06,19,RTS,20
9.17939e+06,18,RTS,20
9.17949e+06,15,RTS,20
9.17949e+06,11,RTS,20
9.1796e+06,3,RTS,20
9.1796e+06,10,RTS,20
9.1797e+06,15,RTS,20
9.17977e+06,20,CTS,14
9.17983e+06,15,QOSDATA_TID6,1066
9.18001e+06,20,ACK,14
9.18006e+06,15,CTL,20
9.18014e+06,14,RTS,20
9.18014e+06,19,RTS,20
9.18021e+06,20,CTS,14
9.18027e+06,19,QOSDATA_TID6,1066
9.18045e+06,20,ACK,14
9.1805e+06,19,QOSDATA_TID6,1066
9.18068e+06,20,ACK,14
9.18072e+06,19,CTL,20
9.18082e+06,17,RTS,20
9.18082e+06,7,RTS,20
9.18082e+06,0,CTS,14
9.18091e+06,0,RTS,20
9.18097e+06,20,CTS,14
9.18103e+06,0,QOSDATA_TID6,1066
9.18122e+06,20,ACK,14
9.18126e+06,0,CTL,20
9.18136e+06,11,RTS,20
9.18142e+06,20,CTS,14
9.18148e+06,11,QOSDATA_TID6,1066
9.18167e+06,20,ACK,14
9.18171e+06,11,QOSDATA_TID6,1066
9.1819e+06,20,ACK,14
9.18194e+06,11,CTL,20
9.18203e+06,4,RTS,20
9.18203e+06,5,RTS,20
9.18203e+06,15,RTS,20
9.18203e+06,14,RTS,20
9.1821e+06,20,CTS,14
9.18216e+06,5,QOSDATA_TID6,1066
9.18234e+06,20,ACK,14
9.18238e+06,5,CTL,20
9.18248e+06,2,RTS,20
9.18248e+06,3,RTS,20
9.18248e+06,10,RTS,20
9.18258e+06,12,RTS,20
9.18258e+06,14,RTS,20
9.18264e+06,20,CTS,14
9.1827e+06,12,QOSDATA_TID6,1066
9.18289e+06,20,ACK,14
9.18293e+06,12,CTL,20
9.18303e+06,15,RTS,20
9.18303e+06,6,RTS,20
9.18312e+06,17,RTS,20
9.18312e+06,4,RTS,20
9.18319e+06,20,CTS,14
9.18325e+06,17,QOSDATA_TID6,1066
9.18344e+06,20,ACK,14
9.18348e+06,17,CTL,20
9.18358e+06,1,RTS,20
9.18358e+06,3,RTS,20
9.18364e+06,20,CTS,14
9.1837e+06,1,QOSDATA_TID6,1066
9.18389e+06,20,ACK,14
9.18393e+06,1,CTL,20
9.18404e+06,8,RTS,20
9.18404e+06,14,RTS,20
9.1841e+06,20,CTS,14
9.18416e+06,8,QOSDATA_TID6,1066
9.18435e+06,20,ACK,14
9.18439e+06,8,CTL,20
9.18448e+06,16,RTS,20
9.18455e+06,20,CTS,14
9.18461e+06,16,QOSDATA_TID6,1066
9.18479e+06,20,ACK,14
9.18483e+06,16,CTL,20
9.18492e+06,18,RTS,20
9.18499e+06,20,CTS,14
9.18505e+06,18,QOSDATA_TID6,1066
9.18523e+06,20,ACK,14
9.18528e+06,18,QOSDATA_TID6,1066
9.18546e+06,20,ACK,14
9.1855e+06,18,CTL,20
9.18559e+06,10,RTS,20
9.18566e+06,20,CTS,14
9.18572e+06,10,QOSDATA_TID6,1066
9.1859e+06,20,ACK,14
9.18595e+06,10,QOSDATA_TID6,1066
9.18613e+06,20,ACK,14
9.18618e+06,10,CTL,20
9.18626e+06,3,RTS,20
9.18626e+06,15,RTS,20
9.18626e+06,7,RTS,20
9.18637e+06,13,RTS,20
9.18637e+06,0,RTS,20
9.18644e+06,20,CTS,14
9.1865e+06,0,QOSDATA_TID6,1066
9.18668e+06,20,ACK,14
9.18672e+06,0,CTL,20
9.18681e+06,7,RTS,20
9.18688e+06,20,CTS,14
9.18694e+06,7,QOSDATA_TID6,1066
9.18712e+06,20,ACK,14
9.18717e+06,7,QOSDATA_TID6,1066
9.18735e+06,20,ACK,14
9.18739e+06,7,QOSDATA_TID6,1066
9.18758e+06,20,ACK,14
9.18762e+06,7,CTL,20
9.18771e+06,12,RTS,20
9.18771e+06,17,RTS,20
9.18771e+06,2,RTS,20
9.18771e+06,14,RTS,20
9.18782e+06,4,RTS,20
9.18788e+06,20,CTS,14
9.18794e+06,4,QOSDATA_TID6,1066
9.18813e+06,20,ACK,14
9.18817e+06,4,CTL,20
9.18826e+06,11,RTS,20
9.18826e+06,6,RTS,20
9.18836e+06,5,RTS,20
9.18842e+06,20,CTS,14
9.18848e+06,5,QOSDATA_TID6,1066
9.18867e+06,20,ACK,14
9.18871e+06,5,CTL,20
9.1888e+06,9,RTS,20
9.1888e+06,13,RTS,20
9.1889e+06,11,RTS,20
9.18896e+06,20,CTS,14
9.18902e+06,11,QOSDATA_TID6,1066
9.18921e+06,20,ACK,14
9.18925e+06,11,CTL,20
9.18935e+06,1,RTS,20
9.18935e+06,12,RTS,20
9.18935e+06,13,RTS,20
9.18941e+06,20,CTS,14
9.18947e+06,12,QOSDATA_TID6,1066
9.18966e+06,20,ACK,14
9.1897e+06,12,CTL,20
9.18979e+06,10,RTS,20
9.18986e+06,20,CTS,14
9.18992e+06,10,QOSDATA_TID6,1066
9.1901e+06,20,ACK,14
9.19014e+06,10,CTL,20
9.19023e+06,9,RTS,20
9.19023e+06,3,RTS,20
9.19023e+06,6,RTS,20
9.19033e+06,18,RTS,20
9.19033e+06,17,RTS,20
9.1904e+06,20,CTS,14
9.19046e+06,17,QOSDATA_TID6,1066
9.19064e+06,20,ACK,14
9.19068e+06,17,CTL,20
9.19077e+06,8,RTS,20
9.19077e+06,18,RTS,20
9.19084e+06,20,CTS,14
9.1909e+06,8,QOSDATA_TID6,1066
9.19108e+06,20,ACK,14
9.19113e+06,8,CTL,20
9.19122e+06,4,RTS,20
9.19122e+06,18,RTS,20
9.19129e+06,20,CTS,14
9.19135e+06,18,QOSDATA_TID6,1066
9.19153e+06,20,ACK,14
9.19158e+06,18,CTL,20
9.19166e+06,19,RTS,20
9.19173e+06,20,CTS,14
9.19179e+06,19,QOSDATA_TID6,1066
9.19198e+06,20,ACK,14
9.19202e+06,19,CTL,20
9.19211e+06,2,RTS,20
9.19211e+06,3,RTS,20
9.19211e+06,13,RTS,20
9.19211e+06,15,RTS,20
9.19222e+06,1,RTS,20
9.19229e+06,20,CTS,14
9.19235e+06,1,QOSDATA_TID6,1066
9.19253e+06,20,ACK,14
9.19258e+06,1,CTL,20
9.19267e+06,16,RTS,20
9.19267e+06,6,RTS,20
9.19279e+06,3,RTS,20
9.19279e+06,13,RTS,20
9.19292e+06,3,RTS,20
9.19299e+06,20,CTS,14
9.19305e+06,3,QOSDATA_TID6,1066
9.19323e+06,20,ACK,14
9.19328e+06,3,QOSDATA_TID6,1066
9.19346e+06,20,ACK,14
9.1935e+06,3,QOSDATA_TID6,1066
9.19369e+06,20,ACK,14
9.19373e+06,3,CTL,20
9.19382e+06,7,RTS,20
9.19389e+06,20,CTS,14
9.19395e+06,7,QOSDATA_TID6,1066
9.19413e+06,20,ACK,14
9.19417e+06,7,CTL,20
9.19426e+06,0,RTS,20
9.19433e+06,20,CTS,14
9.19439e+06,0,QOSDATA_TID6,1066
9.19457e+06,20,ACK,14
9.19462e+06,0,CTL,20
9.1947e+06,6,RTS,20
9.1947e+06,3,RTS,20
9.1947e+06,16,RTS,20
9.19483e+06,16,RTS,20
9.19484e+06,13,RTS,20
9.19494e+06,12,RTS,20
9.19494e+06,6,RTS,20
9.19501e+06,20,CTS,14
9.19507e+06,12,QOSDATA_TID6,1066
9.19526e+06,20,ACK,14
9.1953e+06,12,CTL,20
9.19538e+06,13,RTS,20
9.19545e+06,20,CTS,14
9.19551e+06,13,QOSDATA_TID6,1066
9.1957e+06,20,ACK,14
9.19574e+06,13,QOSDATA_TID6,1066
9.19592e+06,20,ACK,14
9.19597e+06,13,CTL,20
9.19606e+06,4,RTS,20
9.19612e+06,20,CTS,14
9.19618e+06,4,QOSDATA_TID6,1066
9.19637e+06,20,ACK,14
9.19641e+06,4,CTL,20
9.1965e+06,11,RTS,20
9.1965e+06,1,RTS,20
9.1965e+06,5,RTS,20
9.1965e+06,9,RTS,20
9.19656e+06,20,CTS,14
9.19662e+06,5,QOSDATA_TID6,1066
9.19681e+06,20,ACK,14
9.19685e+06,5,CTL,20
9.19695e+06,17,RTS,20
9.19695e+06,19,RTS,20
9.19695e+06,16,RTS,20
9.19695e+06,10,RTS,20
9.19695e+06,14,RTS,20
9.19707e+06,6,RTS,20
9.19707e+06,2,RTS,20
9.19707e+06,1,RTS,20
9.1972e+06,6,RTS,20
9.19727e+06,20,CTS,14
9.19733e+06,6,QOSDATA_TID6,1066
9.19752e+06,20,ACK,14
9.19756e+06,6,QOSDATA_TID6,1066
9.19774e+06,20,ACK,14
9.19779e+06,6,CTL,20
9.19787e+06,14,RTS,20
9.19794e+06,20,CTS,14
9.198e+06,14,QOSDATA_TID6,1066
9.19819e+06,20,ACK,14
9.19823e+06,14,QOSDATA_TID6,1066
9.19841e+06,20,ACK,14
9.19846e+06,14,QOSDATA_TID6,1066
9.19864e+06,20,ACK,14
9.19869e+06,14,CTL,20
9.19877e+06,18,RTS,20
9.19877e+06,8,RTS,20
9.19884e+06,20,CTS,14
9.1989e+06,8,QOSDATA_TID6,1066
9.19908e+06,20,ACK,14
9.19913e+06,8,CTL,20
9.19922e+06,17,RTS,20
9.19922e+06,4,RTS,20
9.19922e+06,15,RTS,20
9.19922e+06,14,RTS,20
9.19929e+06,20,CTS,14
9.19935e+06,17,QOSDATA_TID6,1066
9.19954e+06,20,ACK,14
9.19958e+06,17,CTL,20
9.19966e+06,3,RTS,20
9.19973e+06,20,CTS,14
9.19979e+06,3,QOSDATA_TID6,1066
9.19998e+06,20,ACK,14
9.20002e+06,3,CTL,20
9.20011e+06,2,RTS,20
9.20018e+06,20,CTS,14
9.20024e+06,2,QOSDATA_TID6,1066
9.20042e+06,20,ACK,14
9.20046e+06,2,QOSDATA_TID6,1066
9.20065e+06,20,ACK,14
9.20069e+06,2,QOSDATA_TID6,1066
9.20088e+06,20,ACK,14
9.20092e+06,2,CTL,20
9.201e+06,9,RTS,20
9.201e+06,16,RTS,20
9.2011e+06,0,RTS,20
9.20117e+06,20,CTS,14
9.20123e+06,0,QOSDATA_TID6,1066
9.20142e+06,20,ACK,14
9.20146e+06,0,CTL,20
9.20154e+06,15,RTS,20
9.20161e+06,20,CTS,14
9.20167e+06,15,QOSDATA_TID6,1066
9.20186e+06,20,ACK,14
9.2019e+06,15,QOSDATA_TID6,1066
9.20209e+06,20,ACK,14
9.20213e+06,15,QOSDATA_TID6,1066
9.20231e+06,20,ACK,14
9.20236e+06,15,CTL,20
9.20244e+06,7,RTS,20
9.20251e+06,20,CTS,14
9.20257e+06,7,QOSDATA_TID6,1066
9.20276e+06,20,ACK,14
9.2028e+06,7,CTL,20
9.20289e+06,13,RTS,20
9.20289e+06,19,RTS,20
9.20289e+06,18,RTS,20
9.20289e+06,10,RTS,20
9.20298e+06,14,RTS,20
9.20305e+06,20,CTS,14
9.20311e+06,14,QOSDATA_TID6,1066
9.2033e+06,20,ACK,14
9.20334e+06,14,CTL,20
9.20343e+06,12,RTS,20
9.20343e+06,9,RTS,20
9.20349e+06,20,CTS,14
9.20355e+06,12,QOSDATA_TID6,1066
9.20374e+06,20,ACK,14
9.20378e+06,12,CTL,20
9.20387e+06,6,RTS,20
9.20394e+06,20,CTS,14
9.204e+06,6,QOSDATA_TID6,1066
9.20418e+06,20,ACK,14
9.20422e+06,6,CTL,20
9.20431e+06,10,RTS,20
9.20431e+06,5,RTS,20
9.20431e+06,1,RTS,20
9.20431e+06,4,RTS,20
9.20438e+06,20,CTS,14
9.20444e+06,5,QOSDATA_TID6,1066
9.20462e+06,20,ACK,14
9.20467e+06,5,CTL,20
9.20475e+06,2,RTS,20
9.20475e+06,3,RTS,20
9.20482e+06,20,CTS,14
9.20488e+06,2,QOSDATA_TID6,1066
9.20506e+06,20,ACK,14
9.20511e+06,2,CTL,20
9.20519e+06,17,RTS,20
9.20519e+06,11,RTS,20
9.20519e+06,15,RTS,20
9.20519e+06,16,RTS,20
9.2053e+06,13,RTS,20
9.20537e+06,20,CTS,14
9.20543e+06,13,QOSDATA_TID6,1066
9.20561e+06,20,ACK,14
9.20566e+06,13,CTL,20
9.20574e+06,16,RTS,20
9.20574e+06,18,RTS,20
9.20588e+06,18,RTS,20
9.20589e+06,15,RTS,20
9.20599e+06,1,RTS,20
9.20599e+06,4,RTS,20
9.20606e+06,20,CTS,14
9.20612e+06,1,QOSDATA_TID6,1066
9.2063e+06,20,ACK,14
9.20635e+06,1,QOSDATA_TID6,1066
9.20653e+06,20,ACK,14
9.20658e+06,1,CTL,20
9.20666e+06,8,RTS,20
9.20673e+06,20,CTS,14
9.20679e+06,8,QOSDATA_TID6,1066
9.20698e+06,20,ACK,14
9.20702e+06,8,CTL,20
9.2071e+06,9,RTS,20
9.2071e+06,10,RTS,20
9.2072e+06,14,RTS,20
9.20727e+06,20,CTS,14
9.20733e+06,14,QOSDATA_TID6,1066
9.20752e+06,20,ACK,14
9.20756e+06,14,CTL,20
9.20764e+06,4,RTS,20
9.20771e+06,20,CTS,14
9.20777e+06,4,QOSDATA_TID6,1066
9.20796e+06,20,ACK,14
9.208e+06,4,QOSDATA_TID6,1066
9.20818e+06,20,ACK,14
9.20823e+06,4,CTL,20
9.20832e+06,19,RTS,20
9.20832e+06,9,RTS,20
9.20832e+06,18,RTS,20
9.20843e+06,15,RTS,20
9.2085e+06,20,CTS,14
9.20856e+06,15,QOSDATA_TID6,1066
9.20874e+06,20,ACK,14
9.20879e+06,15,CTL,20
9.20887e+06,18,RTS,20
9.20894e+06,20,CTS,14
9.209e+06,18,QOSDATA_TID6,1066
9.20918e+06,20,ACK,14
9.20923e+06,18,QOSDATA_TID6,1066
9.20941e+06,20,ACK,14
9.20946e+06,18,CTL,20
9.20954e+06,17,RTS,20
9.20961e+06,20,CTS,14
9.20967e+06,17,QOSDATA_TID6,1066
9.20986e+06,20,ACK,14
9.2099e+06,17,CTL,20
9.20999e+06,16,RTS,20
9.20999e+06,3,RTS,20
9.20999e+06,13,RTS,20
9.21008e+06,0,RTS,20
9.21015e+06,20,CTS,14
9.21021e+06,0,QOSDATA_TID6,1066
9.2104e+06,20,ACK,14
9.21044e+06,0,CTL,20
9.21053e+06,7,RTS,20
9.21059e+06,20,CTS,14
9.21065e+06,7,QOSDATA_TID6,1066
9.21084e+06,20,ACK,14
9.21088e+06,7,CTL,20
9.21097e+06,11,RTS,20
9.21097e+06,19,RTS,20
9.21107e+06,12,RTS,20
9.21107e+06,6,RTS,20
9.21113e+06,20,CTS,14
9.21119e+06,12,QOSDATA_TID6,1066
9.21138e+06,20,ACK,14
9.21142e+06,12,CTL,20
9.21151e+06,1,RTS,20
9.21158e+06,20,CTS,14
9.21164e+06,1,QOSDATA_TID6,1066
9.21182e+06,20,ACK,14
9.21186e+06,1,CTL,20
9.21195e+06,17,RTS,20
9.21195e+06,16,RTS,20
9.21195e+06,10,RTS,20
9.21202e+06,20,CTS,14
9.21208e+06,17,QOSDATA_TID6,1066
9.21226e+06,20,ACK,14
9.21231e+06,17,CTL,20
9.2124e+06,9,RTS,20
9.21247e+06,20,CTS,14
9.21253e+06,9,QOSDATA_TID6,1066
9.21271e+06,20,ACK,14
9.21276e+06,9,QOSDATA_TID6,1066
9.21294e+06,20,ACK,14
9.21298e+06,9,QOSDATA_TID6,1066
9.21317e+06,20,ACK,14
9.21321e+06,9,CTL,20
9.2133e+06,2,RTS,20
9.2133e+06,19,RTS,20
9.2133e+06,13,RTS,20
9.21341e+06,4,RTS,20
9.21347e+06,20,CTS,14
9.21353e+06,4,QOSDATA_TID6,1066
9.21372e+06,20,ACK,14
9.21376e+06,4,CTL,20
9.21386e+06,16,RTS,20
9.21386e+06,5,RTS,20
9.21386e+06,2,RTS,20
9.21386e+06,3,RTS,20
9.21386e+06,6,RTS,20
9.21392e+06,20,CTS,14
9.21398e+06,5,QOSDATA_TID6,1066
9.21417e+06,20,ACK,14
9.21421e+06,5,CTL,20
9.2143e+06,18,RTS,20
9.21437e+06,20,CTS,14
9.21443e+06,18,QOSDATA_TID6,1066
9.21461e+06,20,ACK,14
9.21466e+06,18,CTL,20
9.21474e+06,13,RTS,20
9.21481e+06,20,CTS,14
9.21487e+06,13,QOSDATA_TID6,1066
9.21505e+06,20,ACK,14
9.2151e+06,13,CTL,20
9.21518e+06,11,RTS,20
9.21525e+06,20,CTS,14
9.21531e+06,11,QOSDATA_TID6,1066
9.2155e+06,20,ACK,14
9.21554e+06,11,QOSDATA_TID6,1066
9.21572e+06,20,ACK,14
9.21577e+06,11,QOSDATA_TID6,1066
9.21595e+06,20,ACK,14
9.216e+06,11,CTL,20
9.21608e+06,15,RTS,20
9.21608e+06,10,RTS,20
9.21608e+06,14,RTS,20
9.21618e+06,8,RTS,20
9.21618e+06,16,RTS,20
9.21625e+06,20,CTS,14
9.21631e+06,8,QOSDATA_TID6,1066
9.21649e+06,20,ACK,14
9.21654e+06,8,CTL,20
9.21662e+06,10,RTS,20
9.21669e+06,20,CTS,14
9.21675e+06,10,QOSDATA_TID6,1066
9.21693e+06,20,ACK,14
9.21698e+06,10,QOSDATA_TID6,1066
9.21716e+06,20,ACK,14
9.2172e+06,10,QOSDATA_TID6,1066
9.21739e+06,20,ACK,14
9.21743e+06,10,CTL,20
9.21752e+06,0,RTS,20
9.21752e+06,6,RTS,20
9.21752e+06,19,RTS,20
9.21763e+06,2,RTS,20
9.21763e+06,13,RTS,20
9.21774e+06,14,RTS,20
9.21781e+06,20,CTS,14
9.21787e+06,14,QOSDATA_TID6,1066
9.21806e+06,20,ACK,14
9.2181e+06,14,CTL,20
9.21819e+06,6,RTS,20
9.21819e+06,0,RTS,20
9.21819e+06,16,RTS,20
9.21831e+06,13,RTS,20
9.21831e+06,15,RTS,20
9.21841e+06,12,RTS,20
9.21848e+06,20,CTS,14
9.21854e+06,12,QOSDATA_TID6,1066
9.21872e+06,20,ACK,14
9.21876e+06,12,CTL,20
9.21885e+06,0,CTS,14
9.21894e+06,0,RTS,20
9.219e+06,20,CTS,14
9.21906e+06,0,QOSDATA_TID6,1066
9.21925e+06,20,ACK,14
9.21929e+06,0,CTL,20
9.21938e+06,19,RTS,20
9.21945e+06,20,CTS,14
9.21951e+06,19,QOSDATA_TID6,1066
9.21969e+06,20,ACK,14
9.21974e+06,19,QOSDATA_TID6,1066
9.21992e+06,20,ACK,14
9.21996e+06,19,QOSDATA_TID6,1066
9.22015e+06,20,ACK,14
9.22019e+06,19,QOSDATA_TID6,1066
9.22038e+06,20,ACK,14
9.22042e+06,19,CTL,20
9.2205e+06,1,RTS,20
9.2205e+06,17,RTS,20
9.2205e+06,5,RTS,20
9.2205e+06,3,RTS,20
9.2205e+06,7,RTS,20
9.2205e+06,9,RTS,20
9.2206e+06,11,RTS,20
9.22067e+06,20,CTS,14
9.22073e+06,11,QOSDATA_TID6,1066
9.22092e+06,20,ACK,14
9.22096e+06,11,CTL,20
9.22104e+06,1,RTS,20
9.22111e+06,20,CTS,14
9.22117e+06,1,QOSDATA_TID6,1066
9.22136e+06,20,ACK,14
9.2214e+06,1,CTL,20
9.22149e+06,17,RTS,20
9.22149e+06,5,RTS,20
9.22149e+06,16,RTS,20
9.22149e+06,7,RTS,20
9.22149e+06,9,RTS,20
9.22149e+06,6,RTS,20
9.22159e+06,10,RTS,20
9.22159e+06,15,RTS,20
9.22166e+06,20,CTS,14
9.22172e+06,15,QOSDATA_TID6,1066
9.22191e+06,20,ACK,14
9.22195e+06,15,QOSDATA_TID6,1066
9.22213e+06,20,ACK,14
9.22218e+06,15,CTL,20
9.22226e+06,17,RTS,20
9.22233e+06,20,CTS,14
9.22239e+06,17,QOSDATA_TID6,1066
9.22258e+06,20,ACK,14
9.22262e+06,17,CTL,20
9.22271e+06,6,RTS,20
9.22277e+06,20,CTS,14
9.22283e+06,6,QOSDATA_TID6,1066
9.22302e+06,20,ACK,14
9.22306e+06,6,QOSDATA_TID6,1066
9.22325e+06,20,ACK,14
9.22329e+06,6,CTL,20
9.22338e+06,18,RTS,20
9.22338e+06,2,RTS,20
9.22338e+06,4,RTS,20
9.22348e+06,8,RTS,20
9.22348e+06,13,RTS,20
9.22348e+06,14,RTS,20
9.22355e+06,20,CTS,14
9.22361e+06,8,QOSDATA_TID6,1066
9.2238e+06,20,ACK,14
9.22384e+06,8,CTL,20
9.22392e+06,13,RTS,20
9.22399e+06,20,CTS,14
9.22405e+06,13,QOSDATA_TID6,1066
9.22424e+06,20,ACK,14
9.22428e+06,13,CTL,20
9.22437e+06,7,RTS,20
9.22437e+06,14,RTS,20
9.22437e+06,2,RTS,20
9.22437e+06,3,RTS,20
9.22446e+06,10,RTS,20
9.22453e+06,20,CTS,14
9.22459e+06,10,QOSDATA_TID6,1066
9.22478e+06,20,ACK,14
9.22482e+06,10,CTL,20
9.22491e+06,5,RTS,20
9.22491e+06,14,RTS,20
9.22498e+06,20,CTS,14
9.22504e+06,5,QOSDATA_TID6,1066
9.22522e+06,20,ACK,14
9.22526e+06,5,CTL,20
9.22535e+06,0,RTS,20
9.22542e+06,20,CTS,14
9.22548e+06,0,QOSDATA_TID6,1066
9.22566e+06,20,ACK,14
9.22571e+06,0,CTL,20
9.22579e+06,2,RTS,20
9.22586e+06,20,CTS,14
9.22592e+06,2,QOSDATA_TID6,1066
9.2261e+06,20,ACK,14
9.22615e+06,2,QOSDATA_TID6,1066
9.22633e+06,20,ACK,14
9.22638e+06,2,CTL,20
9.22646e+06,9,RTS,20
9.22646e+06,12,RTS,20
9.22653e+06,20,CTS,14
9.22659e+06,12,QOSDATA_TID6,1066
9.22677e+06,20,ACK,14
9.22682e+06,12,CTL,20
9.2269e+06,11,RTS,20
9.22697e+06,20,CTS,14
9.22703e+06,11,QOSDATA_TID6,1066
9.22722e+06,20,ACK,14
9.22726e+06,11,CTL,20
9.22735e+06,16,RTS,20
9.22735e+06,1,RTS,20
9.22735e+06,17,RTS,20
9.22735e+06,19,RTS,20
9.22735e+06,13,RTS,20
9.22735e+06,6,RTS,20
9.22735e+06,14,RTS,20
9.22746e+06,18,RTS,20
9.22753e+06,20,CTS,14
9.22759e+06,18,QOSDATA_TID6,1066
9.22777e+06,20,ACK,14
9.22782e+06,18,CTL,20
9.2279e+06,6,RTS,20
9.2279e+06,9,RTS,20
9.2279e+06,7,RTS,20
9.22805e+06,6,RTS,20
9.22806e+06,19,RTS,20
9.22818e+06,6,RTS,20
9.22825e+06,20,CTS,14
9.22831e+06,6,QOSDATA_TID6,1066
9.2285e+06,20,ACK,14
9.22854e+06,6,CTL,20
9.22863e+06,15,RTS,20
9.22863e+06,2,RTS,20
9.22863e+06,10,RTS,20
9.22872e+06,4,RTS,20
9.22879e+06,20,CTS,14
9.22885e+06,4,QOSDATA_TID6,1066
9.22904e+06,20,ACK,14
9.22908e+06,4,QOSDATA_TID6,1066
9.22926e+06,20,ACK,14
9.22931e+06,4,CTL,20
9.22939e+06,1,RTS,20
9.22939e+06,2,RTS,20
9.22949e+06,13,RTS,20
9.22956e+06,20,CTS,14
9.22962e+06,13,QOSDATA_TID6,1066
9.2298e+06,20,ACK,14
9.22985e+06,13,CTL,20
9.22994e+06,7,RTS,20
9.22994e+06,15,RTS,20
9.22994e+06,1,RTS,20
9.22994e+06,2,RTS,20
9.22994e+06,3,RTS,20
9.22994e+06,10,RTS,20
9.23006e+06,5,RTS,20
9.23013e+06,20,CTS,14
9.23019e+06,5,QOSDATA_TID6,1066
9.23037e+06,20,ACK,14
9.23042e+06,5,CTL,20
9.23051e+06,10,RTS,20
9.23058e+06,20,CTS,14
9.23064e+06,10,QOSDATA_TID6,1066
9.23082e+06,20,ACK,14
9.23087e+06,10,CTL,20
9.23095e+06,18,RTS,20
9.23095e+06,15,RTS,20
9.23095e+06,16,RTS,20
9.23109e+06,7,RTS,20
9.23115e+06,20,CTS,14
9.23121e+06,7,QOSDATA_TID6,1066
9.2314e+06,20,ACK,14
9.23144e+06,7,QOSDATA_TID6,1066
9.23163e+06,20,ACK,14
9.23167e+06,7,CTL,20
9.23176e+06,17,RTS,20
9.23183e+06,20,CTS,14
9.23189e+06,17,QOSDATA_TID6,1066
9.23208e+06,20,ACK,14
9.23212e+06,17,CTL,20
9.2322e+06,20,BEACON,152
9.23246e+06,8,RTS,20
9.23246e+06,15,RTS,20
9.23246e+06,16,RTS,20
9.23246e+06,14,RTS,20
9.23246e+06,3,RTS,20
9.23246e+06,9,RTS,20
9.23257e+06,2,RTS,20
9.23264e+06,20,CTS,14
9.2327e+06,2,QOSDATA_TID6,1066
9.23288e+06,20,ACK,14
9.23292e+06,2,CTL,20
9.23301e+06,18,RTS,20
9.23301e+06,9,RTS,20
9.23308e+06,20,CTS,14
9.23314e+06,18,QOSDATA_TID6,1066
9.23332e+06,20,ACK,14
9.23336e+06,18,CTL,20
9.23345e+06,9,RTS,20
9.23352e+06,20,CTS,14
9.23358e+06,9,QOSDATA_TID6,1066
9.23376e+06,20,ACK,14
9.23381e+06,9,QOSDATA_TID6,1066
9.23399e+06,20,ACK,14
9.23404e+06,9,QOSDATA_TID6,1066
9.23422e+06,20,ACK,14
9.23426e+06,9,CTL,20
9.23435e+06,19,RTS,20
9.23435e+06,8,RTS,20
9.23435e+06,1,RTS,20
9.23435e+06,15,RTS,20
9.23446e+06,0,RTS,20
9.23446e+06,7,RTS,20
9.23446e+06,12,RTS,20
9.23446e+06,16,RTS,20
9.23446e+06,3,RTS,20
9.23456e+06,13,RTS,20
9.23462e+06,20,CTS,14
9.23468e+06,13,QOSDATA_TID6,1066
9.23487e+06,20,ACK,14
9.23491e+06,13,CTL,20
9.235e+06,15,RTS,20
9.23506e+06,20,CTS,14
9.23512e+06,15,QOSDATA_TID6,1066
9.23531e+06,20,ACK,14
9.23535e+06,15,CTL,20
9.23544e+06,14,RTS,20
9.23544e+06,6,RTS,20
9.23544e+06,7,RTS,20
9.23544e+06,11,RTS,20
9.23544e+06,3,RTS,20
9.23555e+06,19,RTS,20
9.23555e+06,1,RTS,20
9.23566e+06,17,RTS,20
9.23566e+06,8,RTS,20
9.23576e+06,19,RTS,20
9.23576e+06,11,RTS,20
9.23576e+06,0,RTS,20
9.23576e+06,14,RTS,20
9.23588e+06,12,RTS,20
9.23594e+06,20,CTS,14
9.236e+06,12,QOSDATA_TID6,1066
9.23619e+06,20,ACK,14
9.23623e+06,12,CTL,20
9.23632e+06,5,RTS,20
9.23639e+06,20,CTS,14
9.23645e+06,5,QOSDATA_TID6,1066
9.23663e+06,20,ACK,14
9.23667e+06,5,CTL,20
9.23676e+06,7,RTS,20
9.23676e+06,0,CTS,14
9.23685e+06,0,RTS,20
9.23691e+06,20,CTS,14
9.23697e+06,0,QOSDATA_TID6,1066
9.23716e+06,20,ACK,14
9.2372e+06,0,CTL,20
9.23729e+06,3,RTS,20
9.23736e+06,20,CTS,14
9.23742e+06,3,QOSDATA_TID6,1066
9.2376e+06,20,ACK,14
9.23764e+06,3,QOSDATA_TID6,1066
9.23783e+06,20,ACK,14
9.23787e+06,3,QOSDATA_TID6,1066
9.23806e+06,20,ACK,14
9.2381e+06,3,QOSDATA_TID6,1066
9.23828e+06,20,ACK,14
9.23833e+06,3,CTL,20
9.23841e+06,18,RTS,20
9.23841e+06,16,RTS,20
9.23852e+06,15,RTS,20
9.23859e+06,20,CTS,14
9.23865e+06,15,QOSDATA_TID6,1066
9.23883e+06,20,ACK,14
9.23888e+06,15,CTL,20
9.23897e+06,14,RTS,20
9.23897e+06,6,RTS,20
9.23897e+06,8,RTS,20
9.23897e+06,1,RTS,20
9.23897e+06,2,RTS,20
9.23907e+06,17,RTS,20
9.23914e+06,20,CTS,14
9.2392e+06,17,QOSDATA_TID6,1066
9.23938e+06,20,ACK,14
9.23943e+06,17,CTL,20
9.23951e+06,11,RTS,20
9.23958e+06,20,CTS,14
9.23964e+06,11,QOSDATA_TID6,1066
9.23982e+06,20,ACK,14
9.23987e+06,11,CTL,20
9.23995e+06,4,RTS,20
9.23995e+06,18,RTS,20
9.24002e+06,20,CTS,14
9.24008e+06,18,QOSDATA_TID6,1066
9.24027e+06,20,ACK,14
9.24031e+06,18,CTL,20
9.2404e+06,10,RTS,20
9.2404e+06,19,RTS,20
9.2404e+06,1,RTS,20
9.2405e+06,8,RTS,20
9.2405e+06,16,RTS,20
9.2405e+06,14,RTS,20
9.24057e+06,20,CTS,14
9.24063e+06,8,QOSDATA_TID6,1066
9.24082e+06,20,ACK,14
9.24086e+06,8,QOSDATA_TID6,1066
9.24104e+06,20,ACK,14
9.24109e+06,8,CTL,20
9.24117e+06,7,RTS,20
9.24124e+06,20,CTS,14
9.2413e+06,7,QOSDATA_TID6,1066
9.24149e+06,20,ACK,14
9.24153e+06,7,QOSDATA_TID6,1066
9.24171e+06,20,ACK,14
9.24176e+06,7,CTL,20
9.24184e+06,13,RTS,20
9.24191e+06,20,CTS,14
9.24197e+06,13,QOSDATA_TID6,1066
9.24216e+06,20,ACK,14
9.2422e+06,13,CTL,20
9.2423e+06,14,RTS,20
9.2423e+06,4,RTS,20
9.2423e+06,0,RTS,20
9.2423e+06,6,RTS,20
9.24239e+06,12,RTS,20
9.24239e+06,2,RTS,20
9.24239e+06,9,RTS,20
9.24246e+06,20,CTS,14
9.24252e+06,12,QOSDATA_TID6,1066
9.2427e+06,20,ACK,14
9.24275e+06,12,CTL,20
9.24284e+06,11,RTS,20
9.24284e+06,19,RTS,20
9.24295e+06,0,RTS,20
9.24295e+06,14,RTS,20
9.24302e+06,20,CTS,14
9.24308e+06,0,QOSDATA_TID6,1066
9.24326e+06,20,ACK,14
9.24331e+06,0,CTL,20
9.24341e+06,2,RTS,20
9.24341e+06,10,RTS,20
9.24341e+06,3,RTS,20
9.24351e+06,17,RTS,20
9.24351e+06,1,RTS,20
9.24351e+06,16,RTS,20
9.24361e+06,14,RTS,20
9.24361e+06,10,RTS,20
9.2437e+06,1,RTS,20
9.2437e+06,16,RTS,20
9.24377e+06,20,CTS,14
9.24383e+06,1,QOSDATA_TID6,1066
9.24402e+06,20,ACK,14
9.24406e+06,1,QOSDATA_TID6,1066
9.24424e+06,20,ACK,14
9.24429e+06,1,CTL,20
9.24438e+06,5,RTS,20
9.24444e+06,20,CTS,14
9.2445e+06,5,QOSDATA_TID6,1066
9.24469e+06,20,ACK,14
9.24473e+06,5,CTL,20
9.24482e+06,3,RTS,20
9.24482e+06,6,RTS,20
9.24482e+06,4,RTS,20
9.24492e+06,19,RTS,20
9.24492e+06,10,RTS,20
9.24498e+06,20,CTS,14
9.24504e+06,19,QOSDATA_TID6,1066
9.24523e+06,20,ACK,14
9.24527e+06,19,QOSDATA_TID6,1066
9.24546e+06,20,ACK,14
9.2455e+06,19,CTL,20
9.24559e+06,16,RTS,20
9.24566e+06,20,CTS,14
9.24572e+06,16,QOSDATA_TID6,1066
9.24591e+06,20,ACK,14
9.24595e+06,16,QOSDATA_TID6,1066
9.24613e+06,20,ACK,14
9.24618e+06,16,QOSDATA_TID6,1066
9.24636e+06,20,ACK,14
9.24641e+06,16,QOSDATA_TID6,1066
9.24659e+06,20,ACK,14
9.24663e+06,16,CTL,20
9.24672e+06,11,RTS,20
9.24672e+06,18,RTS,20
9.24672e+06,14,RTS,20
9.24684e+06,6,RTS,20
9.2469e+06,20,CTS,14
9.24696e+06,6,QOSDATA_TID6,1066
9.24715e+06,20,ACK,14
9.24719e+06,6,QOSDATA_TID6,1066
9.24738e+06,20,ACK,14
9.24742e+06,6,CTL,20
9.24752e+06,15,RTS,20
9.24752e+06,2,RTS,20
9.24761e+06,4,RTS,20
9.24768e+06,20,CTS,14
9.24774e+06,4,QOSDATA_TID6,1066
9.24792e+06,20,ACK,14
9.24797e+06,4,QOSDATA_TID6,1066
9.24815e+06,20,ACK,14
9.2482e+06,4,CTL,20
9.24829e+06,11,RTS,20
9.24836e+06,20,CTS,14
9.24842e+06,11,QOSDATA_TID6,1066
9.2486e+06,20,ACK,14
9.24865e+06,11,CTL,20
9.24873e+06,8,RTS,20
9.24873e+06,3,RTS,20
9.2488e+06,20,CTS,14
9.24886e+06,8,QOSDATA_TID6,1066
9.24905e+06,20,ACK,14
9.24909e+06,8,CTL,20
9.24918e+06,17,RTS,20
9.24918e+06,2,RTS,20
9.24918e+06,9,RTS,20
9.24918e+06,0,RTS,20
9.24918e+06,14,RTS,20
9.24929e+06,10,RTS,20
9.24936e+06,20,CTS,14
9.24942e+06,10,QOSDATA_TID6,1066
9.2496e+06,20,ACK,14
9.24965e+06,10,QOSDATA_TID6,1066
9.24983e+06,20,ACK,14
9.24988e+06,10,CTL,20
9.24996e+06,9,RTS,20
9.24996e+06,14,RTS,20
9.25006e+06,17,RTS,20
9.25013e+06,20,CTS,14
9.25019e+06,17,QOSDATA_TID6,1066
9.25037e+06,20,ACK,14
9.25042e+06,17,CTL,20
9.2505e+06,12,RTS,20
9.25057e+06,20,CTS,14
9.25063e+06,12,QOSDATA_TID6,1066
9.25082e+06,20,ACK,14
9.25086e+06,12,CTL,20
9.25094e+06,7,RTS,20
9.25094e+06,16,RTS,20
9.25094e+06,13,RTS,20
9.25094e+06,18,RTS,20
9.25106e+06,19,RTS,20
9.25106e+06,3,RTS,20
9.25113e+06,20,CTS,14
9.25119e+06,19,QOSDATA_TID6,1066
9.25137e+06,20,ACK,14
9.25142e+06,19,CTL,20
9.2515e+06,18,RTS,20
9.2515e+06,15,RTS,20
9.2516e+06,17,RTS,20
9.25167e+06,20,CTS,14
9.25173e+06,17,QOSDATA_TID6,1066
9.25191e+06,20,ACK,14
9.25196e+06,17,CTL,20
9.25204e+06,6,RTS,20
9.25211e+06,20,CTS,14
9.25217e+06,6,QOSDATA_TID6,1066
9.25236e+06,20,ACK,14
9.2524e+06,6,CTL,20
9.25248e+06,1,RTS,20
9.25248e+06,9,RTS,20
9.25255e+06,20,CTS,14
9.25261e+06,1,QOSDATA_TID6,1066
9.2528e+06,20,ACK,14
9.25284e+06,1,CTL,20
9.25293e+06,9,RTS,20
9.253e+06,20,CTS,14
9.25306e+06,9,QOSDATA_TID6,1066
9.25324e+06,20,ACK,14
9.25328e+06,9,QOSDATA_TID6,1066
9.25347e+06,20,ACK,14
9.25351e+06,9,CTL,20
9.2536e+06,5,RTS,20
9.2536e+06,11,RTS,20
9.2536e+06,16,RTS,20
9.2536e+06,14,RTS,20
9.2536e+06,15,RTS,20
9.25366e+06,20,CTS,14
9.25372e+06,5,QOSDATA_TID6,1066
9.25391e+06,20,ACK,14
9.25395e+06,5,CTL,20
9.25404e+06,4,RTS,20
9.25404e+06,10,RTS,20
9.25404e+06,15,RTS,20
9.25415e+06,0,RTS,20
9.25421e+06,20,CTS,14
9.25427e+06,0,QOSDATA_TID6,1066
9.25446e+06,20,ACK,14
9.2545e+06,0,CTL,20
9.25459e+06,10,RTS,20
9.25466e+06,20,CTS,14
9.25472e+06,10,QOSDATA_TID6,1066
9.2549e+06,20,ACK,14
9.25494e+06,10,CTL,20
9.25503e+06,18,RTS,20
9.25503e+06,3,RTS,20
9.25503e+06,14,RTS,20
9.25503e+06,7,RTS,20
9.25515e+06,8,RTS,20
9.25521e+06,20,CTS,14
9.25527e+06,8,QOSDATA_TID6,1066
9.25546e+06,20,ACK,14
9.2555e+06,8,CTL,20
9.25559e+06,2,RTS,20
9.25566e+06,20,CTS,14
9.25572e+06,2,QOSDATA_TID6,1066
9.2559e+06,20,ACK,14
9.25594e+06,2,QOSDATA_TID6,1066
9.25613e+06,20,ACK,14
9.25617e+06,2,QOSDATA_TID6,1066
9.25636e+06,20,ACK,14
9.2564e+06,2,CTL,20
9.25649e+06,3,RTS,20
9.25649e+06,11,RTS,20
9.2566e+06,15,RTS,20
9.25667e+06,20,CTS,14
9.25673e+06,15,QOSDATA_TID6,1066
9.25691e+06,20,ACK,14
9.25696e+06,15,QOSDATA_TID6,1066
9.25714e+06,20,ACK,14
9.25719e+06,15,CTL,20
9.25728e+06,13,RTS,20
9.25728e+06,0,RTS,20
9.25728e+06,7,RTS,20
9.25728e+06,18,RTS,20
9.25728e+06,4,RTS,20
9.25728e+06,3,RTS,20
9.25738e+06,14,RTS,20
9.25745e+06,20,CTS,14
9.25751e+06,14,QOSDATA_TID6,1066
9.25769e+06,20,ACK,14
9.25774e+06,14,QOSDATA_TID6,1066
9.25792e+06,20,ACK,14
9.25796e+06,14,QOSDATA_TID6,1066
9.25815e+06,20,ACK,14
9.25819e+06,14,CTL,20
9.25828e+06,13,RTS,20
9.25828e+06,9,RTS,20
9.25828e+06,4,RTS,20
9.25838e+06,7,RTS,20
9.25844e+06,20,CTS,14
9.2585e+06,7,QOSDATA_TID6,1066
9.25869e+06,20,ACK,14
9.25873e+06,7,QOSDATA_TID6,1066
9.25892e+06,20,ACK,14
9.25896e+06,7,CTL,20
9.25905e+06,12,RTS,20
9.25905e+06,13,RTS,20
9.25911e+06,20,CTS,14
9.25917e+06,12,QOSDATA_TID6,1066
9.25936e+06,20,ACK,14
9.2594e+06,12,CTL,20
9.2595e+06,17,RTS,20
9.2595e+06,19,RTS,20
9.2595e+06,3,RTS,20
9.25956e+06,20,CTS,14
9.25962e+06,17,QOSDATA_TID6,1066
9.25981e+06,20,ACK,14
9.25985e+06,17,CTL,20
9.25994e+06,19,RTS,20
9.25994e+06,16,RTS,20
9.25994e+06,6,RTS,20
9.26006e+06,9,RTS,20
9.26012e+06,20,CTS,14
9.26018e+06,9,QOSDATA_TID6,1066
9.26037e+06,20,ACK,14
9.26041e+06,9,CTL,20
9.2605e+06,5,RTS,20
9.26056e+06,20,CTS,14
9.26062e+06,5,QOSDATA_TID6,1066
9.26081e+06,20,ACK,14
9.26085e+06,5,CTL,20
9.26094e+06,1,RTS,20
9.26094e+06,2,RTS,20
9.26094e+06,16,RTS,20
9.26094e+06,10,RTS,20
9.26094e+06,13,RTS,20
9.26104e+06,0,RTS,20
9.2611e+06,20,CTS,14
9.26116e+06,0,QOSDATA_TID6,1066
9.26135e+06,20,ACK,14
9.26139e+06,0,CTL,20
9.26148e+06,2,RTS,20
9.26155e+06,20,CTS,14
9.26161e+06,2,QOSDATA_TID6,1066
9.26179e+06,20,ACK,14
9.26184e+06,2,CTL,20
9.26192e+06,3,RTS,20
9.26192e+06,18,RTS,20
9.26202e+06,11,RTS,20
9.26209e+06,20,CTS,14
9.26215e+06,11,QOSDATA_TID6,1066
9.26233e+06,20,ACK,14
9.26238e+06,11,QOSDATA_TID6,1066
9.26256e+06,20,ACK,14
9.2626e+06,11,CTL,20
9.26269e+06,16,RTS,20
9.26269e+06,4,RTS,20
9.26269e+06,3,RTS,20
9.26279e+06,8,RTS,20
9.26279e+06,15,RTS,20
9.26286e+06,20,CTS,14
9.26292e+06,8,QOSDATA_TID6,1066
9.2631e+06,20,ACK,14
9.26314e+06,8,CTL,20
9.26323e+06,15,RTS,20
9.2633e+06,20,CTS,14
9.26336e+06,15,QOSDATA_TID6,1066
9.26354e+06,20,ACK,14
9.26358e+06,15,CTL,20
9.26367e+06,16,RTS,20
9.26374e+06,20,CTS,14
9.2638e+06,16,QOSDATA_TID6,1066
9.26398e+06,20,ACK,14
9.26403e+06,16,QOSDATA_TID6,1066
9.26421e+06,20,ACK,14
9.26426e+06,16,CTL,20
9.26435e+06,4,RTS,20
9.26435e+06,13,RTS,20
9.26435e+06,6,RTS,20
9.26435e+06,14,RTS,20
9.26445e+06,1,RTS,20
9.26445e+06,19,RTS,20
9.26456e+06,3,RTS,20
9.26456e+06,16,RTS,20
9.26468e+06,6,RTS,20
9.26475e+06,20,CTS,14
9.26481e+06,6,QOSDATA_TID6,1066
9.265e+06,20,ACK,14
9.26504e+06,6,CTL,20
9.26513e+06,0,RTS,20
9.26519e+06,20,CTS,14
9.26525e+06,0,QOSDATA_TID6,1066
9.26544e+06,20,ACK,14
9.26548e+06,0,CTL,20
9.26557e+06,14,RTS,20
9.26557e+06,3,RTS,20
9.26568e+06,7,RTS,20
9.26575e+06,20,CTS,14
9.26581e+06,7,QOSDATA_TID6,1066
9.266e+06,20,ACK,14
9.26604e+06,7,CTL,20
9.26613e+06,14,RTS,20
9.2662e+06,20,CTS,14
9.26626e+06,14,QOSDATA_TID6,1066
9.26644e+06,20,ACK,14
9.26648e+06,14,CTL,20
9.26657e+06,12,RTS,20
9.26657e+06,10,RTS,20
9.26657e+06,19,RTS,20
9.26664e+06,20,CTS,14
9.2667e+06,12,QOSDATA_TID6,1066
9.26688e+06,20,ACK,14
9.26692e+06,12,CTL,20
9.26701e+06,11,RTS,20
9.26701e+06,4,RTS,20
9.26701e+06,3,RTS,20
9.26701e+06,9,RTS,20
9.26711e+06,18,RTS,20
9.26711e+06,16,RTS,20
9.26729e+06,18,RTS,20
9.26736e+06,20,CTS,14
9.26742e+06,18,QOSDATA_TID6,1066
9.26761e+06,20,ACK,14
9.26765e+06,18,QOSDATA_TID6,1066
9.26783e+06,20,ACK,14
9.26788e+06,18,CTL,20
9.26796e+06,16,RTS,20
9.26803e+06,20,CTS,14
9.26809e+06,16,QOSDATA_TID6,1066
9.26828e+06,20,ACK,14
9.26832e+06,16,CTL,20
9.26841e+06,4,RTS,20
9.26841e+06,6,RTS,20
9.26847e+06,20,CTS,14
9.26853e+06,6,QOSDATA_TID6,1066
9.26872e+06,20,ACK,14
9.26876e+06,6,CTL,20
9.26885e+06,13,RTS,20
9.26892e+06,20,CTS,14
9.26898e+06,13,QOSDATA_TID6,1066
9.26916e+06,20,ACK,14
9.2692e+06,13,QOSDATA_TID6,1066
9.26939e+06,20,ACK,14
9.26943e+06,13,QOSDATA_TID6,1066
9.26962e+06,20,ACK,14
9.26966e+06,13,CTL,20
9.26975e+06,15,RTS,20
9.26975e+06,4,RTS,20
9.26975e+06,11,RTS,20
9.26975e+06,17,RTS,20
9.26975e+06,2,RTS,20
9.26975e+06,10,RTS,20
9.26984e+06,9,RTS,20
9.26991e+06,20,CTS,14
9.26997e+06,9,QOSDATA_TID6,1066
9.27016e+06,20,ACK,14
9.2702e+06,9,CTL,20
9.2703e+06,18,RTS,20
9.2703e+06,19,RTS,20
9.27043e+06,3,RTS,20
9.2705e+06,20,CTS,14
9.27056e+06,3,QOSDATA_TID6,1066
9.27074e+06,20,ACK,14
9.27078e+06,3,QOSDATA_TID6,1066
9.27097e+06,20,ACK,14
9.27101e+06,3,QOSDATA_TID6,1066
9.2712e+06,20,ACK,14
9.27124e+06,3,CTL,20
9.27133e+06,15,RTS,20
9.2714e+06,20,CTS,14
9.27146e+06,15,QOSDATA_TID6,1066
9.27164e+06,20,ACK,14
9.27168e+06,15,CTL,20
9.27178e+06,5,RTS,20
9.27178e+06,17,RTS,20
9.27185e+06,20,CTS,14
9.27191e+06,5,QOSDATA_TID6,1066
9.27209e+06,20,ACK,14
9.27213e+06,5,CTL,20
9.27222e+06,4,RTS,20
9.27222e+06,14,RTS,20
9.27234e+06,2,RTS,20
9.27241e+06,20,CTS,14
9.27247e+06,2,QOSDATA_TID6,1066
9.27266e+06,20,ACK,14
9.2727e+06,2,CTL,20
9.27279e+06,14,RTS,20
9.27279e+06,16,RTS,20
9.27291e+06,10,RTS,20
9.27298e+06,20,CTS,14
9.27304e+06,10,QOSDATA_TID6,1066
9.27322e+06,20,ACK,14
9.27327e+06,10,QOSDATA_TID6,1066
9.27345e+06,20,ACK,14
9.2735e+06,10,CTL,20
9.27358e+06,7,RTS,20
9.27365e+06,20,CTS,14
9.27371e+06,7,QOSDATA_TID6,1066
9.2739e+06,20,ACK,14
9.27394e+06,7,CTL,20
9.27402e+06,9,RTS,20
9.27409e+06,20,CTS,14
9.27415e+06,9,QOSDATA_TID6,1066
9.27434e+06,20,ACK,14
9.27438e+06,9,CTL,20
9.27447e+06,18,RTS,20
9.27447e+06,8,RTS,20
9.27447e+06,1,RTS,20
9.27447e+06,0,RTS,20
9.27447e+06,16,RTS,20
9.27447e+06,13,RTS,20
9.27457e+06,12,RTS,20
9.27457e+06,17,RTS,20
9.27468e+06,11,RTS,20
9.27468e+06,3,RTS,20
9.27468e+06,14,RTS,20
9.27478e+06,13,RTS,20
9.27485e+06,20,CTS,14
9.27491e+06,13,QOSDATA_TID6,1066
9.27509e+06,20,ACK,14
9.27514e+06,13,CTL,20
9.27522e+06,14,RTS,20
9.27522e+06,3,RTS,20
9.27535e+06,12,RTS,20
9.27541e+06,20,CTS,14
9.27547e+06,12,QOSDATA_TID6,1066
9.27566e+06,20,ACK,14
9.2757e+06,12,CTL,20
9.27579e+06,11,RTS,20
9.27579e+06,16,RTS,20
9.27589e+06,4,RTS,20
9.27595e+06,20,CTS,14
9.27601e+06,4,QOSDATA_TID6,1066
9.2762e+06,20,ACK,14
9.27624e+06,4,QOSDATA_TID6,1066
9.27643e+06,20,ACK,14
9.27647e+06,4,CTL,20
9.27656e+06,17,RTS,20
9.27656e+06,19,RTS,20
9.27656e+06,0,RTS,20
9.27656e+06,6,RTS,20
9.27665e+06,15,RTS,20
9.27665e+06,2,RTS,20
9.27665e+06,10,RTS,20
9.27665e+06,1,RTS,20
9.27676e+06,18,RTS,20
9.27676e+06,0,CTS,14
9.27687e+06,4,RTS,20
9.27694e+06,20,CTS,14
9.277e+06,4,QOSDATA_TID6,1066
9.27718e+06,20,ACK,14
9.27722e+06,4,CTL,20
9.27731e+06,16,RTS,20
9.27731e+06,1,RTS,20
9.27731e+06,17,RTS,20
9.27743e+06,8,RTS,20
9.27743e+06,19,RTS,20
9.27749e+06,20,CTS,14
9.27755e+06,8,QOSDATA_TID6,1066
9.27774e+06,20,ACK,14
9.27778e+06,8,CTL,20
9.27787e+06,17,RTS,20
9.27787e+06,19,RTS,20
9.27794e+06,20,CTS,14
9.278e+06,17,QOSDATA_TID6,1066
9.27818e+06,20,ACK,14
9.27822e+06,17,QOSDATA_TID6,1066
9.27841e+06,20,ACK,14
9.27845e+06,17,CTL,20
9.27854e+06,6,RTS,20
9.27854e+06,14,RTS,20
9.27864e+06,5,RTS,20
9.27864e+06,8,RTS,20
9.27864e+06,11,RTS,20
9.27864e+06,16,RTS,20
9.2787e+06,20,CTS,14
9.27876e+06,5,QOSDATA_TID6,1066
9.27895e+06,20,ACK,14
9.27899e+06,5,CTL,20
9.27909e+06,8,RTS,20
9.27909e+06,19,RTS,20
9.27909e+06,11,RTS,20
9.27909e+06,15,RTS,20
9.27909e+06,14,RTS,20
9.27919e+06,18,RTS,20
9.27919e+06,1,RTS,20
9.27926e+06,20,CTS,14
9.27932e+06,1,QOSDATA_TID6,1066
9.27951e+06,20,ACK,14
9.27955e+06,1,QOSDATA_TID6,1066
9.27973e+06,20,ACK,14
9.27978e+06,1,QOSDATA_TID6,1066
9.27996e+06,20,ACK,14
9.28001e+06,1,CTL,20
9.2801e+06,3,RTS,20
9.28017e+06,20,CTS,14
9.28023e+06,3,QOSDATA_TID6,1066
9.28041e+06,20,ACK,14
9.28046e+06,3,CTL,20
9.28054e+06,8,RTS,20
9.28054e+06,16,RTS,20
9.28061e+06,20,CTS,14
9.28067e+06,8,QOSDATA_TID6,1066
9.28086e+06,20,ACK,14
9.2809e+06,8,CTL,20
9.281e+06,15,RTS,20
9.28106e+06,20,CTS,14
9.28112e+06,15,QOSDATA_TID6,1066
9.28131e+06,20,ACK,14
9.28135e+06,15,CTL,20
9.28144e+06,14,RTS,20
9.28144e+06,6,RTS,20
9.28144e+06,0,RTS,20
9.28144e+06,18,RTS,20
9.28144e+06,19,RTS,20
9.28144e+06,11,RTS,20
9.28144e+06,10,RTS,20
9.28155e+06,2,RTS,20
9.28155e+06,7,RTS,20
9.28165e+06,19,RTS,20
9.28172e+06,20,CTS,14
9.28178e+06,19,QOSDATA_TID6,1066
9.28196e+06,20,ACK,14
9.28201e+06,19,QOSDATA_TID6,1066
9.28219e+06,20,ACK,14
9.28224e+06,19,CTL,20
9.28233e+06,16,RTS,20
9.2824e+06,20,CTS,14
9.28246e+06,16,QOSDATA_TID6,1066
9.28264e+06,20,ACK,14
9.28269e+06,16,QOSDATA_TID6,1066
9.28287e+06,20,ACK,14
9.28291e+06,16,CTL,20
9.283e+06,3,RTS,20
9.283e+06,18,RTS,20
9.283e+06,14,RTS,20
9.28311e+06,2,RTS,20
9.28311e+06,11,RTS,20
9.28321e+06,19,RTS,20
9.28321e+06,14,RTS,20
9.28328e+06,20,CTS,14
9.28334e+06,19,QOSDATA_TID6,1066
9.28353e+06,20,ACK,14
9.28357e+06,19,CTL,20
9.28366e+06,14,RTS,20
9.28372e+06,20,CTS,14
9.28378e+06,14,QOSDATA_TID6,1066
9.28397e+06,20,ACK,14
9.28401e+06,14,CTL,20
9.2841e+06,13,RTS,20
9.2841e+06,11,RTS,20
9.2841e+06,9,RTS,20
9.2842e+06,12,RTS,20
9.2842e+06,7,RTS,20
9.2842e+06,6,RTS,20
9.2843e+06,9,RTS,20
9.2843e+06,11,RTS,20
9.2844e+06,5,RTS,20
9.28447e+06,20,CTS,14
9.28453e+06,5,QOSDATA_TID6,1066
9.28472e+06,20,ACK,14
9.28476e+06,5,CTL,20
9.28485e+06,15,RTS,20
9.28485e+06,4,RTS,20
9.28492e+06,20,CTS,14
9.28498e+06,15,QOSDATA_TID6,1066
9.28516e+06,20,ACK,14
9.2852e+06,15,CTL,20
9.2853e+06,0,RTS,20
9.2853e+06,3,RTS,20
9.28537e+06,20,CTS,14
9.28543e+06,0,QOSDATA_TID6,1066
9.28561e+06,20,ACK,14
9.28565e+06,0,QOSDATA_TID6,1066
9.28584e+06,20,ACK,14
9.28588e+06,0,CTL,20
9.28597e+06,12,RTS,20
9.28597e+06,7,RTS,20
9.28604e+06,20,CTS,14
9.2861e+06,12,QOSDATA_TID6,1066
9.28628e+06,20,ACK,14
9.28632e+06,12,CTL,20
9.28642e+06,10,RTS,20
9.28649e+06,20,CTS,14
9.28655e+06,10,QOSDATA_TID6,1066
9.28673e+06,20,ACK,14
9.28678e+06,10,QOSDATA_TID6,1066
9.28696e+06,20,ACK,14
9.287e+06,10,CTL,20
9.28709e+06,2,RTS,20
9.28709e+06,9,RTS,20
9.28709e+06,6,RTS,20
9.28709e+06,8,RTS,20
9.28709e+06,17,RTS,20
9.28709e+06,1,RTS,20
9.2872e+06,18,RTS,20
9.2872e+06,13,RTS,20
9.28729e+06,8,RTS,20
9.28736e+06,20,CTS,14
9.28742e+06,8,QOSDATA_TID6,1066
9.28761e+06,20,ACK,14
9.28765e+06,8,CTL,20
9.28774e+06,18,RTS,20
9.28774e+06,6,RTS,20
9.28774e+06,14,RTS,20
9.28786e+06,17,RTS,20
9.28786e+06,11,RTS,20
9.28793e+06,20,CTS,14
9.28799e+06,17,QOSDATA_TID6,1066
9.28817e+06,20,ACK,14
9.28822e+06,17,CTL,20
9.2883e+06,7,RTS,20
9.2883e+06,6,RTS,20
9.28844e+06,3,RTS,20
9.28844e+06,9,RTS,20
9.28854e+06,7,RTS,20
9.2886e+06,20,CTS,14
9.28866e+06,7,QOSDATA_TID6,1066
9.28885e+06,20,ACK,14
9.28889e+06,7,CTL,20
9.28898e+06,13,RTS,20
9.28898e+06,3,RTS,20
9.28908e+06,0,RTS,20
9.28908e+06,6,RTS,20
9.28908e+06,16,RTS,20
9.28918e+06,13,RTS,20
9.28925e+06,20,CTS,14
9.28931e+06,13,QOSDATA_TID6,1066
9.2895e+06,20,ACK,14
9.28954e+06,13,CTL,20
9.28962e+06,18,RTS,20
9.28969e+06,20,CTS,14
9.28975e+06,18,QOSDATA_TID6,1066
9.28994e+06,20,ACK,14
9.28998e+06,18,QOSDATA_TID6,1066
9.29016e+06,20,ACK,14
9.29021e+06,18,CTL,20
9.2903e+06,9,RTS,20
9.2903e+06,7,RTS,20
9.29036e+06,20,CTS,14
9.29042e+06,7,QOSDATA_TID6,1066
9.29061e+06,20,ACK,14
9.29065e+06,7,CTL,20
9.29075e+06,12,RTS,20
9.29075e+06,16,RTS,20
9.29075e+06,14,RTS,20
9.29081e+06,20,CTS,14
9.29087e+06,12,QOSDATA_TID6,1066
9.29106e+06,20,ACK,14
9.2911e+06,12,CTL,20
9.29119e+06,1,RTS,20
9.29119e+06,19,RTS,20
9.29119e+06,13,RTS,20
9.29119e+06,14,RTS,20
9.2913e+06,2,RTS,20
9.2913e+06,3,RTS,20
9.29136e+06,20,CTS,14
9.29142e+06,2,QOSDATA_TID6,1066
9.29161e+06,20,ACK,14
9.29165e+06,2,QOSDATA_TID6,1066
9.29184e+06,20,ACK,14
9.29188e+06,2,CTL,20
9.29196e+06,3,RTS,20
9.29196e+06,11,RTS,20
9.29196e+06,4,RTS,20
9.29207e+06,16,RTS,20
9.29207e+06,0,RTS,20
9.29207e+06,14,RTS,20
9.29207e+06,6,RTS,20
9.29217e+06,3,RTS,20
9.29224e+06,20,CTS,14
9.2923e+06,3,QOSDATA_TID6,1066
9.29248e+06,20,ACK,14
9.29253e+06,3,QOSDATA_TID6,1066
9.29271e+06,20,ACK,14
9.29275e+06,3,CTL,20
9.29284e+06,15,RTS,20
9.29291e+06,20,CTS,14
9.29297e+06,15,QOSDATA_TID6,1066
9.29315e+06,20,ACK,14
9.2932e+06,15,CTL,20
9.29328e+06,11,RTS,20
9.29335e+06,20,CTS,14
9.29341e+06,11,QOSDATA_TID6,1066
9.29359e+06,20,ACK,14
9.29364e+06,11,QOSDATA_TID6,1066
9.29382e+06,20,ACK,14
9.29387e+06,11,QOSDATA_TID6,1066
9.29405e+06,20,ACK,14
9.29409e+06,11,CTL,20
9.29418e+06,17,RTS,20
9.29418e+06,5,RTS,20
9.29418e+06,13,RTS,20
9.29418e+06,2,RTS,20
9.29418e+06,10,RTS,20
9.29418e+06,14,RTS,20
9.29428e+06,16,RTS,20
9.29435e+06,20,CTS,14
9.29441e+06,16,QOSDATA_TID6,1066
9.29459e+06,20,ACK,14
9.29463e+06,16,CTL,20
9.29472e+06,4,RTS,20
9.29472e+06,19,RTS,20
9.29472e+06,9,RTS,20
9.29472e+06,0,CTS,14
9.29481e+06,0,RTS,20
9.29488e+06,20,CTS,14
9.29494e+06,0,QOSDATA_TID6,1066
9.29512e+06,20,ACK,14
9.29516e+06,0,CTL,20
9.29526e+06,18,RTS,20
9.29526e+06,14,RTS,20
9.29526e+06,10,RTS,20
9.29526e+06,8,RTS,20
9.29538e+06,6,RTS,20
9.29538e+06,13,RTS,20
9.2955e+06,17,RTS,20
9.29557e+06,20,CTS,14
9.29563e+06,17,QOSDATA_TID6,1066
9.29581e+06,20,ACK,14
9.29586e+06,17,CTL,20
9.29594e+06,14,RTS,20
9.29601e+06,20,CTS,14
9.29607e+06,14,QOSDATA_TID6,1066
9.29625e+06,20,ACK,14
9.2963e+06,14,QOSDATA_TID6,1066
9.29648e+06,20,ACK,14
9.29652e+06,14,CTL,20
9.29661e+06,5,RTS,20
9.29661e+06,1,RTS,20
9.29661e+06,19,RTS,20
9.29668e+06,20,CTS,14
9.29674e+06,5,QOSDATA_TID6,1066
9.29692e+06,20,ACK,14
9.29697e+06,5,CTL,20
9.29705e+06,19,RTS,20
9.29705e+06,10,RTS,20
9.29712e+06,20,CTS,14
9.29718e+06,19,QOSDATA_TID6,1066
9.29736e+06,20,ACK,14
9.29741e+06,19,CTL,20
9.2975e+06,7,RTS,20
9.29756e+06,20,CTS,14
9.29762e+06,7,QOSDATA_TID6,1066
9.29781e+06,20,ACK,14
9.29785e+06,7,CTL,20
9.29794e+06,8,RTS,20
9.29794e+06,16,RTS,20
9.298e+06,20,CTS,14
9.29806e+06,8,QOSDATA_TID6,1066
9.29825e+06,20,ACK,14
9.29829e+06,8,CTL,20
9.29838e+06,12,RTS,20
9.29845e+06,20,CTS,14
9.29851e+06,12,QOSDATA_TID6,1066
9.29869e+06,20,ACK,14
9.29874e+06,12,CTL,20
9.29882e+06,1,RTS,20
9.29882e+06,2,RTS,20
9.29882e+06,6,RTS,20
9.29882e+06,3,RTS,20
9.29892e+06,10,RTS,20
9.29892e+06,13,RTS,20
9.29905e+06,19,RTS,20
9.29912e+06,20,CTS,14
9.29918e+06,19,QOSDATA_TID6,1066
9.29936e+06,20,ACK,14
9.2994e+06,19,CTL,20
9.29949e+06,10,RTS,20
9.29949e+06,13,RTS,20
9.29961e+06,17,RTS,20
9.29961e+06,1,RTS,20
9.2997e+06,13,RTS,20
9.2997e+06,10,RTS,20
9.29984e+06,10,RTS,20
9.29985e+06,1,RTS,20
9.29992e+06,20,CTS,14
9.29998e+06,1,QOSDATA_TID6,1066
9.30016e+06,20,ACK,14
9.3002e+06,1,QOSDATA_TID6,1066
9.30039e+06,20,ACK,14
9.30043e+06,1,QOSDATA_TID6,1066
9.30062e+06,20,ACK,14
9.30066e+06,1,CTL,20
9.30075e+06,11,RTS,20
9.30075e+06,0,RTS,20
9.30075e+06,18,RTS,20
9.30085e+06,5,RTS,20
9.30092e+06,20,CTS,14
9.30098e+06,5,QOSDATA_TID6,1066
9.30116e+06,20,ACK,14
9.30121e+06,5,CTL,20
9.3013e+06,0,RTS,20
9.3013e+06,15,RTS,20
9.3014e+06,4,RTS,20
9.30147e+06,20,CTS,14
9.30153e+06,4,QOSDATA_TID6,1066
9.30171e+06,20,ACK,14
9.30176e+06,4,QOSDATA_TID6,1066
9.30194e+06,20,ACK,14
9.30198e+06,4,QOSDATA_TID6,1066
9.30217e+06,20,ACK,14
9.30221e+06,4,CTL,20
9.30233e+06,11,RTS,20
9.30233e+06,13,RTS,20
9.30233e+06,15,RTS,20
9.30233e+06,3,RTS,20
9.30233e+06,9,RTS,20
9.30233e+06,10,RTS,20
9.30242e+06,17,RTS,20
9.30249e+06,20,CTS,14
9.30255e+06,17,QOSDATA_TID6,1066
9.30274e+06,20,ACK,14
9.30278e+06,17,CTL,20
9.30287e+06,13,RTS,20
9.30287e+06,15,RTS,20
9.30287e+06,10,RTS,20
9.30296e+06,8,RTS,20
9.30296e+06,11,RTS,20
9.30303e+06,20,CTS,14
9.30309e+06,8,QOSDATA_TID6,1066
9.30328e+06,20,ACK,14
9.30332e+06,8,CTL,20
9.30342e+06,11,RTS,20
9.30342e+06,13,RTS,20
9.30352e+06,2,RTS,20
9.30359e+06,20,CTS,14
9.30365e+06,2,QOSDATA_TID6,1066
9.30384e+06,20,ACK,14
9.30388e+06,2,QOSDATA_TID6,1066
9.30406e+06,20,ACK,14
9.30411e+06,2,CTL,20
9.30419e+06,11,RTS,20
9.30426e+06,20,CTS,14
9.30432e+06,11,QOSDATA_TID6,1066
9.3045e+06,20,ACK,14
9.30455e+06,11,CTL,20
9.30464e+06,0,CTS,14
9.30474e+06,0,RTS,20
9.30481e+06,20,CTS,14
9.30487e+06,0,QOSDATA_TID6,1066
9.30505e+06,20,ACK,14
9.3051e+06,0,QOSDATA_TID6,1066
9.30528e+06,20,ACK,14
9.30532e+06,0,CTL,20
9.30541e+06,18,RTS,20
9.30541e+06,14,RTS,20
9.30541e+06,10,RTS,20
9.30541e+06,15,RTS,20
9.30552e+06,6,RTS,20
9.30552e+06,16,RTS,20
9.30562e+06,13,RTS,20
9.30569e+06,20,CTS,14
9.30575e+06,13,QOSDATA_TID6,1066
9.30594e+06,20,ACK,14
9.30598e+06,13,QOSDATA_TID6,1066
9.30616e+06,20,ACK,14
9.30621e+06,13,CTL,20
9.30629e+06,3,RTS,20
9.30629e+06,9,RTS,20
9.30639e+06,12,RTS,20
9.30646e+06,20,CTS,14
9.30652e+06,12,QOSDATA_TID6,1066
9.3067e+06,20,ACK,14
9.30675e+06,12,CTL,20
9.30683e+06,16,RTS,20
9.3069e+06,20,CTS,14
9.30696e+06,16,QOSDATA_TID6,1066
9.30715e+06,20,ACK,14
9.30719e+06,16,QOSDATA_TID6,1066
9.30737e+06,20,ACK,14
9.30742e+06,16,CTL,20
9.3075e+06,11,RTS,20
9.3075e+06,7,RTS,20
9.3075e+06,19,RTS,20
9.3075e+06,9,RTS,20
9.30761e+06,14,RTS,20
9.30768e+06,20,CTS,14
9.30774e+06,14,QOSDATA_TID6,1066
9.30792e+06,20,ACK,14
9.30797e+06,14,CTL,20
9.30805e+06,15,RTS,20
9.30812e+06,20,CTS,14
9.30818e+06,15,QOSDATA_TID6,1066
9.30836e+06,20,ACK,14
9.30841e+06,15,CTL,20
9.3085e+06,6,RTS,20
9.3085e+06,19,RTS,20
9.30861e+06,2,RTS,20
9.30868e+06,20,CTS,14
9.30874e+06,2,QOSDATA_TID6,1066
9.30892e+06,20,ACK,14
9.30897e+06,2,CTL,20
9.30905e+06,6,RTS,20
9.30912e+06,20,CTS,14
9.30918e+06,6,QOSDATA_TID6,1066
9.30936e+06,20,ACK,14
9.30941e+06,6,QOSDATA_TID6,1066
9.30959e+06,20,ACK,14
9.30964e+06,6,QOSDATA_TID6,1066
9.30982e+06,20,ACK,14
9.30986e+06,6,QOSDATA_TID6,1066
9.31005e+06,20,ACK,14
9.31009e+06,6,CTL,20
9.31018e+06,18,RTS,20
9.31018e+06,5,RTS,20
9.31018e+06,17,RTS,20
9.31029e+06,3,RTS,20
9.31035e+06,20,CTS,14
9.31041e+06,3,QOSDATA_TID6,1066
9.3106e+06,20,ACK,14
9.31064e+06,3,QOSDATA_TID6,1066
9.31083e+06,20,ACK,14
9.31087e+06,3,CTL,20
9.31096e+06,8,RTS,20
9.31096e+06,4,RTS,20
9.31096e+06,15,RTS,20
9.31102e+06,20,CTS,14
9.31108e+06,8,QOSDATA_TID6,1066
9.31127e+06,20,ACK,14
9.31131e+06,8,CTL,20
9.3114e+06,10,RTS,20
9.31147e+06,20,CTS,14
9.31153e+06,10,QOSDATA_TID6,1066
9.31171e+06,20,ACK,14
9.31176e+06,10,QOSDATA_TID6,1066
9.31194e+06,20,ACK,14
9.31198e+06,10,CTL,20
9.31207e+06,19,RTS,20
9.31207e+06,1,RTS,20
9.31207e+06,7,RTS,20
9.31207e+06,4,RTS,20
9.31217e+06,9,RTS,20
9.31224e+06,20,CTS,14
9.3123e+06,9,QOSDATA_TID6,1066
9.31248e+06,20,ACK,14
9.31252e+06,9,QOSDATA_TID6,1066
9.31271e+06,20,ACK,14
9.31275e+06,9,QOSDATA_TID6,1066
9.31294e+06,20,ACK,14
9.31298e+06,9,CTL,20
9.31306e+06,11,RTS,20
9.31306e+06,14,RTS,20
9.31306e+06,15,RTS,20
9.31316e+06,7,RTS,20
9.31323e+06,20,CTS,14
9.31329e+06,7,QOSDATA_TID6,1066
9.31348e+06,20,ACK,14
9.31352e+06,7,QOSDATA_TID6,1066
9.3137e+06,20,ACK,14
9.31375e+06,7,CTL,20
9.31383e+06,15,RTS,20
9.3139e+06,20,CTS,14
9.31396e+06,15,QOSDATA_TID6,1066
9.31414e+06,20,ACK,14
9.31419e+06,15,CTL,20
9.31428e+06,18,RTS,20
9.31428e+06,19,RTS,20
9.31428e+06,16,RTS,20
9.31438e+06,12,RTS,20
9.31438e+06,13,RTS,20
9.31438e+06,9,RTS,20
9.31445e+06,20,CTS,14
9.31451e+06,12,QOSDATA_TID6,1066
9.31469e+06,20,ACK,14
9.31474e+06,12,CTL,20
9.31482e+06,13,RTS,20
9.31482e+06,9,RTS,20
9.31493e+06,5,RTS,20
9.31493e+06,0,RTS,20
9.315e+06,20,CTS,14
9.31506e+06,5,QOSDATA_TID6,1066
9.31524e+06,20,ACK,14
9.31529e+06,5,CTL,20
9.31538e+06,4,RTS,20
9.31545e+06,20,CTS,14
9.31551e+06,4,QOSDATA_TID6,1066
9.31569e+06,20,ACK,14
9.31574e+06,4,CTL,20
9.31582e+06,16,RTS,20
9.31582e+06,3,RTS,20
9.31593e+06,6,RTS,20
9.316e+06,20,CTS,14
9.31606e+06,6,QOSDATA_TID6,1066
9.31624e+06,20,ACK,14
9.31629e+06,6,CTL,20
9.31638e+06,0,RTS,20
9.31638e+06,14,RTS,20
9.31645e+06,20,CTS,14
9.31651e+06,0,QOSDATA_TID6,1066
9.31669e+06,20,ACK,14
9.31674e+06,0,CTL,20
9.31682e+06,2,RTS,20
9.31682e+06,17,RTS,20
9.31682e+06,1,RTS,20
9.31682e+06,19,RTS,20
9.31682e+06,11,RTS,20
9.31693e+06,14,RTS,20
9.317e+06,20,CTS,14
9.31706e+06,14,QOSDATA_TID6,1066
9.31724e+06,20,ACK,14
9.31729e+06,14,CTL,20
9.31737e+06,15,RTS,20
9.31737e+06,13,RTS,20
9.31737e+06,5,RTS,20
9.31744e+06,20,CTS,14
9.3175e+06,5,QOSDATA_TID6,1066
9.31768e+06,20,ACK,14
9.31773e+06,5,CTL,20
9.31783e+06,19,RTS,20
9.31783e+06,4,RTS,20
9.31783e+06,10,RTS,20
9.31796e+06,15,RTS,20
9.31803e+06,20,CTS,14
9.31809e+06,15,QOSDATA_TID6,1066
9.31827e+06,20,ACK,14
9.31831e+06,15,CTL,20
9.3184e+06,13,RTS,20
9.3184e+06,10,RTS,20
9.31853e+06,1,RTS,20
9.31859e+06,20,CTS,14
9.31865e+06,1,QOSDATA_TID6,1066
9.31884e+06,20,ACK,14
9.31888e+06,1,QOSDATA_TID6,1066
9.31907e+06,20,ACK,14
9.31911e+06,1,CTL,20
9.3192e+06,17,RTS,20
9.31926e+06,20,CTS,14
9.31932e+06,17,QOSDATA_TID6,1066
9.31951e+06,20,ACK,14
9.31955e+06,17,QOSDATA_TID6,1066
9.31974e+06,20,ACK,14
9.31978e+06,17,CTL,20
9.31987e+06,19,RTS,20
9.31987e+06,9,RTS,20
9.31987e+06,13,RTS,20
9.31998e+06,14,RTS,20
9.32005e+06,20,CTS,14
9.32011e+06,14,QOSDATA_TID6,1066
9.32029e+06,20,ACK,14
9.32034e+06,14,CTL,20
9.32042e+06,18,RTS,20
9.32049e+06,20,CTS,14
9.32055e+06,18,QOSDATA_TID6,1066
9.32074e+06,20,ACK,14
9.32078e+06,18,QOSDATA_TID6,1066
9.32096e+06,20,ACK,14
9.32101e+06,18,QOSDATA_TID6,1066
9.32119e+06,20,ACK,14
9.32124e+06,18,QOSDATA_TID6,1066
9.32142e+06,20,ACK,14
9.32146e+06,18,CTL,20
9.32155e+06,3,RTS,20
9.32155e+06,9,RTS,20
9.32155e+06,4,RTS,20
9.32165e+06,0,RTS,20
9.32172e+06,20,CTS,14
9.32178e+06,0,QOSDATA_TID6,1066
9.32196e+06,20,ACK,14
9.322e+06,0,CTL,20
9.32209e+06,8,RTS,20
9.32216e+06,20,CTS,14
9.32222e+06,8,QOSDATA_TID6,1066
9.3224e+06,20,ACK,14
9.32245e+06,8,CTL,20
9.32253e+06,19,RTS,20
9.32253e+06,3,RTS,20
9.3226e+06,20,CTS,14
9.32266e+06,19,QOSDATA_TID6,1066
9.32284e+06,20,ACK,14
9.32289e+06,19,CTL,20
9.32297e+06,3,RTS,20
9.32304e+06,20,CTS,14
9.3231e+06,3,QOSDATA_TID6,1066
9.32329e+06,20,ACK,14
9.32333e+06,3,QOSDATA_TID6,1066
9.32351e+06,20,ACK,14
9.32356e+06,3,CTL,20
9.32364e+06,2,RTS,20
9.32364e+06,10,RTS,20
9.32364e+06,19,RTS,20
9.32364e+06,12,RTS,20
9.32364e+06,16,RTS,20
9.32364e+06,4,RTS,20
9.32375e+06,17,RTS,20
9.32375e+06,6,RTS,20
9.32382e+06,20,CTS,14
9.32388e+06,17,QOSDATA_TID6,1066
9.32406e+06,20,ACK,14
9.32411e+06,17,CTL,20
9.32419e+06,4,RTS,20
9.32419e+06,9,RTS,20
9.32429e+06,5,RTS,20
9.32429e+06,1,RTS,20
9.32436e+06,20,CTS,14
9.32442e+06,5,QOSDATA_TID6,1066
9.3246e+06,20,ACK,14
9.32465e+06,5,CTL,20
9.32474e+06,12,RTS,20
9.32474e+06,7,RTS,20
9.32474e+06,4,RTS,20
9.32474e+06,15,RTS,20
9.32474e+06,13,RTS,20
9.32484e+06,1,RTS,20
9.32491e+06,20,CTS,14
9.32497e+06,1,QOSDATA_TID6,1066
9.32515e+06,20,ACK,14
9.3252e+06,1,CTL,20
9.32529e+06,7,RTS,20
9.32529e+06,2,RTS,20
9.32529e+06,9,RTS,20
9.32529e+06,10,RTS,20
9.3254e+06,6,RTS,20
9.3254e+06,15,RTS,20
9.3255e+06,19,RTS,20
9.32557e+06,20,CTS,14
9.32563e+06,19,QOSDATA_TID6,1066
9.32582e+06,20,ACK,14
9.32586e+06,19,CTL,20
9.32595e+06,11,RTS,20
9.32602e+06,20,CTS,14
9.32608e+06,11,QOSDATA_TID6,1066
9.32626e+06,20,ACK,14
9.3263e+06,11,QOSDATA_TID6,1066
9.32649e+06,20,ACK,14
9.32653e+06,11,QOSDATA_TID6,1066
9.32672e+06,20,ACK,14
9.32676e+06,11,CTL,20
9.32685e+06,4,RTS,20
9.32685e+06,8,RTS,20
9.32685e+06,7,RTS,20
9.32685e+06,9,RTS,20
9.32685e+06,10,RTS,20
9.32695e+06,2,RTS,20
9.32695e+06,6,RTS,20
9.32706e+06,13,RTS,20
9.32713e+06,20,CTS,14
9.32719e+06,13,QOSDATA_TID6,1066
9.32737e+06,20,ACK,14
9.32742e+06,13,QOSDATA_TID6,1066
9.3276e+06,20,ACK,14
9.32764e+06,13,CTL,20
9.32773e+06,7,RTS,20
9.32773e+06,18,RTS,20
9.3278e+06,20,CTS,14
9.32786e+06,7,QOSDATA_TID6,1066
9.32804e+06,20,ACK,14
9.32809e+06,7,CTL,20
9.32818e+06,8,RTS,20
9.32818e+06,2,RTS,20
9.32818e+06,14,RTS,20
9.32831e+06,8,RTS,20
9.32838e+06,20,CTS,14
9.32844e+06,8,QOSDATA_TID6,1066
9.32862e+06,20,ACK,14
9.32867e+06,8,CTL,20
9.32877e+06,12,RTS,20
9.32877e+06,16,RTS,20
9.32884e+06,20,CTS,14
9.3289e+06,12,QOSDATA_TID6,1066
9.32908e+06,20,ACK,14
9.32913e+06,12,CTL,20
9.32922e+06,0,RTS,20
9.32929e+06,20,CTS,14
9.32935e+06,0,QOSDATA_TID6,1066
9.32954e+06,20,ACK,14
9.32958e+06,0,CTL,20
9.32967e+06,6,RTS,20
9.32967e+06,2,RTS,20
9.32967e+06,4,RTS,20
9.32979e+06,18,RTS,20
9.32986e+06,20,CTS,14
9.32992e+06,18,QOSDATA_TID6,1066
9.3301e+06,20,ACK,14
9.33015e+06,18,CTL,20
9.33023e+06,7,RTS,20
9.33023e+06,13,RTS,20
9.3303e+06,20,CTS,14
9.33036e+06,7,QOSDATA_TID6,1066
9.33054e+06,20,ACK,14
9.33059e+06,7,CTL,20
9.33067e+06,6,RTS,20
9.33074e+06,20,CTS,14
9.3308e+06,6,QOSDATA_TID6,1066
9.33099e+06,20,ACK,14
9.33103e+06,6,CTL,20
9.33112e+06,10,RTS,20
9.33112e+06,9,RTS,20
9.33121e+06,1,RTS,20
9.33121e+06,15,RTS,20
9.33135e+06,1,RTS,20
9.33142e+06,20,CTS,14
9.33148e+06,1,QOSDATA_TID6,1066
9.33167e+06,20,ACK,14
9.33171e+06,1,CTL,20
9.3318e+06,9,RTS,20
9.3318e+06,10,RTS,20
9.33189e+06,2,RTS,20
9.33189e+06,12,RTS,20
9.33189e+06,14,RTS,20
9.33189e+06,16,RTS,20
9.33196e+06,20,CTS,14
9.33202e+06,12,QOSDATA_TID6,1066
9.33221e+06,20,ACK,14
9.33225e+06,12,CTL,20
9.33234e+06,14,RTS,20
9.33234e+06,10,RTS,20
9.33243e+06,19,RTS,20
9.33243e+06,11,RTS,20
9.33243e+06,4,RTS,20
9.33254e+06,15,RTS,20
9.33261e+06,20,CTS,14
9.33267e+06,15,QOSDATA_TID6,1066
9.33286e+06,20,ACK,14
9.3329e+06,15,QOSDATA_TID6,1066
9.33308e+06,20,ACK,14
9.33313e+06,15,CTL,20
9.33322e+06,14,RTS,20
9.33322e+06,6,RTS,20
9.33322e+06,4,RTS,20
9.33322e+06,10,RTS,20
9.33331e+06,13,RTS,20
9.33338e+06,20,CTS,14
9.33344e+06,13,QOSDATA_TID6,1066
9.33362e+06,20,ACK,14
9.33367e+06,13,CTL,20
9.33376e+06,4,RTS,20
9.33376e+06,5,RTS,20
9.33376e+06,17,RTS,20
9.33376e+06,19,RTS,20
9.33386e+06,11,RTS,20
9.33386e+06,2,RTS,20
9.33397e+06,14,RTS,20
9.33404e+06,20,CTS,14
9.3341e+06,14,QOSDATA_TID6,1066
9.33428e+06,20,ACK,14
9.33432e+06,14,CTL,20
9.3344e+06,20,BEACON,152
9.33466e+06,8,RTS,20
9.33466e+06,19,RTS,20
9.33473e+06,20,CTS,14
9.33479e+06,8,QOSDATA_TID6,1066
9.33498e+06,20,ACK,14
9.33502e+06,8,CTL,20
9.33511e+06,18,RTS,20
9.33518e+06,20,CTS,14
9.33524e+06,18,QOSDATA_TID6,1066
9.33542e+06,20,ACK,14
9.33546e+06,18,CTL,20
9.33555e+06,16,RTS,20
9.33555e+06,4,RTS,20
9.33565e+06,2,RTS,20
9.33565e+06,3,RTS,20
9.33572e+06,20,CTS,14
9.33578e+06,2,QOSDATA_TID6,1066
9.33596e+06,20,ACK,14
9.336e+06,2,QOSDATA_TID6,1066
9.33619e+06,20,ACK,14
9.33623e+06,2,CTL,20
9.33632e+06,4,RTS,20
9.33638e+06,20,CTS,14
9.33644e+06,4,QOSDATA_TID6,1066
9.33663e+06,20,ACK,14
9.33667e+06,4,QOSDATA_TID6,1066
9.33686e+06,20,ACK,14
9.3369e+06,4,CTL,20
9.33699e+06,16,RTS,20
9.33699e+06,5,RTS,20
9.33699e+06,6,RTS,20
9.33699e+06,14,RTS,20
9.33706e+06,20,CTS,14
9.33712e+06,5,QOSDATA_TID6,1066
9.3373e+06,20,ACK,14
9.33734e+06,5,CTL,20
9.33744e+06,16,RTS,20
9.33744e+06,10,RTS,20
9.33744e+06,14,RTS,20
9.33755e+06,0,RTS,20
9.33762e+06,20,CTS,14
9.33768e+06,0,QOSDATA_TID6,1066
9.33787e+06,20,ACK,14
9.33791e+06,0,CTL,20
9.338e+06,10,RTS,20
9.33806e+06,20,CTS,14
9.33812e+06,10,QOSDATA_TID6,1066
9.33831e+06,20,ACK,14
9.33835e+06,10,QOSDATA_TID6,1066
9.33854e+06,20,ACK,14
9.33858e+06,10,CTL,20
9.33867e+06,12,RTS,20
9.33867e+06,7,RTS,20
9.33873e+06,20,CTS,14
9.33879e+06,12,QOSDATA_TID6,1066
9.33898e+06,20,ACK,14
9.33902e+06,12,CTL,20
9.33911e+06,7,RTS,20
9.33911e+06,16,RTS,20
9.33918e+06,20,CTS,14
9.33924e+06,7,QOSDATA_TID6,1066
9.33942e+06,20,ACK,14
9.33946e+06,7,CTL,20
9.33955e+06,1,RTS,20
9.33962e+06,20,CTS,14
9.33968e+06,1,QOSDATA_TID6,1066
9.33986e+06,20,ACK,14
9.33991e+06,1,CTL,20
9.33999e+06,19,RTS,20
9.33999e+06,11,RTS,20
9.34009e+06,13,RTS,20
9.34016e+06,20,CTS,14
9.34022e+06,13,QOSDATA_TID6,1066
9.3404e+06,20,ACK,14
9.34045e+06,13,CTL,20
9.34054e+06,14,RTS,20
9.34054e+06,17,RTS,20
9.34054e+06,9,RTS,20
9.34061e+06,20,CTS,14
9.34067e+06,17,QOSDATA_TID6,1066
9.34085e+06,20,ACK,14
9.3409e+06,17,QOSDATA_TID6,1066
9.34108e+06,20,ACK,14
9.34112e+06,17,CTL,20
9.34121e+06,9,RTS,20
9.34121e+06,14,RTS,20
9.34131e+06,4,RTS,20
9.34138e+06,20,CTS,14
9.34144e+06,4,QOSDATA_TID6,1066
9.34162e+06,20,ACK,14
9.34166e+06,4,CTL,20
9.34175e+06,14,RTS,20
9.34182e+06,20,CTS,14
9.34188e+06,14,QOSDATA_TID6,1066
9.34206e+06,20,ACK,14
9.34211e+06,14,CTL,20
9.3422e+06,15,RTS,20
9.3422e+06,6,RTS,20
9.3422e+06,2,RTS,20
9.3422e+06,10,RTS,20
9.3422e+06,3,RTS,20
9.3422e+06,16,RTS,20
9.3423e+06,18,RTS,20
9.34237e+06,20,CTS,14
9.34243e+06,18,QOSDATA_TID6,1066
9.34261e+06,20,ACK,14
9.34266e+06,18,CTL,20
9.34274e+06,10,RTS,20
9.34274e+06,8,RTS,20
9.34281e+06,20,CTS,14
9.34287e+06,8,QOSDATA_TID6,1066
9.34306e+06,20,ACK,14
9.3431e+06,8,CTL,20
9.34318e+06,6,RTS,20
9.34318e+06,10,RTS,20
9.34325e+06,20,CTS,14
9.34331e+06,6,QOSDATA_TID6,1066
9.3435e+06,20,ACK,14
9.34354e+06,6,QOSDATA_TID6,1066
9.34372e+06,20,ACK,14
9.34377e+06,6,CTL,20
9.34386e+06,10,RTS,20
9.34386e+06,5,RTS,20
9.34386e+06,16,RTS,20
9.34392e+06,20,CTS,14
9.34398e+06,5,QOSDATA_TID6,1066
9.34417e+06,20,ACK,14
9.34421e+06,5,CTL,20
9.3443e+06,3,RTS,20
9.3443e+06,10,RTS,20
9.3444e+06,14,RTS,20
9.3444e+06,11,RTS,20
9.34452e+06,2,RTS,20
9.34452e+06,9,RTS,20
9.34452e+06,10,RTS,20
9.34463e+06,14,RTS,20
9.3447e+06,20,CTS,14
9.34476e+06,14,QOSDATA_TID6,1066
9.34494e+06,20,ACK,14
9.34498e+06,14,CTL,20
9.34507e+06,9,RTS,20
9.34514e+06,20,CTS,14
9.3452e+06,9,QOSDATA_TID6,1066
9.34538e+06,20,ACK,14
9.34542e+06,9,QOSDATA_TID6,1066
9.34561e+06,20,ACK,14
9.34565e+06,9,QOSDATA_TID6,1066
9.34584e+06,20,ACK,14
9.34588e+06,9,QOSDATA_TID6,1066
9.34606e+06,20,ACK,14
9.34611e+06,9,CTL,20
9.3462e+06,2,RTS,20
9.3462e+06,7,RTS,20
9.3462e+06,15,RTS,20
9.34629e+06,19,RTS,20
9.34636e+06,20,CTS,14
9.34642e+06,19,QOSDATA_TID6,1066
9.3466e+06,20,ACK,14
9.34665e+06,19,QOSDATA_TID6,1066
9.34683e+06,20,ACK,14
9.34688e+06,19,CTL,20
9.34696e+06,19,RTS,20
9.34703e+06,20,CTS,14
9.34709e+06,19,QOSDATA_TID6,1066
9.34728e+06,20,ACK,14
9.34732e+06,19,CTL,20
9.3474e+06,0,RTS,20
9.3474e+06,10,RTS,20
9.3474e+06,13,RTS,20
9.3474e+06,15,RTS,20
9.3475e+06,17,RTS,20
9.3475e+06,16,RTS,20
9.34757e+06,20,CTS,14
9.34763e+06,17,QOSDATA_TID6,1066
9.34782e+06,20,ACK,14
9.34786e+06,17,CTL,20
9.34795e+06,12,RTS,20
9.34795e+06,3,RTS,20
9.34795e+06,0,RTS,20
9.34795e+06,6,RTS,20
9.34807e+06,13,RTS,20
9.34814e+06,20,CTS,14
9.3482e+06,13,QOSDATA_TID6,1066
9.34838e+06,20,ACK,14
9.34843e+06,13,CTL,20
9.34851e+06,3,RTS,20
9.34858e+06,20,CTS,14
9.34864e+06,3,QOSDATA_TID6,1066
9.34882e+06,20,ACK,14
9.34887e+06,3,QOSDATA_TID6,1066
9.34905e+06,20,ACK,14
9.3491e+06,3,QOSDATA_TID6,1066
9.34928e+06,20,ACK,14
9.34932e+06,3,CTL,20
9.34941e+06,12,RTS,20
9.34948e+06,20,CTS,14
9.34954e+06,12,QOSDATA_TID6,1066
9.34972e+06,20,ACK,14
9.34977e+06,12,CTL,20
9.34985e+06,11,RTS,20
9.34985e+06,4,RTS,20
9.34995e+06,7,RTS,20
9.34995e+06,15,RTS,20
9.34995e+06,2,RTS,20
9.34995e+06,6,RTS,20
9.35006e+06,1,RTS,20
9.35006e+06,5,RTS,20
9.35013e+06,20,CTS,14
9.35019e+06,5,QOSDATA_TID6,1066
9.35037e+06,20,ACK,14
9.35042e+06,5,CTL,20
9.3505e+06,11,RTS,20
9.35057e+06,20,CTS,14
9.35063e+06,11,QOSDATA_TID6,1066
9.35082e+06,20,ACK,14
9.35086e+06,11,QOSDATA_TID6,1066
9.35104e+06,20,ACK,14
9.35109e+06,11,QOSDATA_TID6,1066
9.35127e+06,20,ACK,14
9.35132e+06,11,CTL,20
9.3514e+06,18,RTS,20
9.35147e+06,20,CTS,14
9.35153e+06,18,QOSDATA_TID6,1066
9.35171e+06,20,ACK,14
9.35176e+06,18,CTL,20
9.35184e+06,4,RTS,20
9.35191e+06,20,CTS,14
9.35197e+06,4,QOSDATA_TID6,1066
9.35216e+06,20,ACK,14
9.3522e+06,4,CTL,20
9.35229e+06,8,RTS,20
9.35235e+06,20,CTS,14
9.35241e+06,8,QOSDATA_TID6,1066
9.3526e+06,20,ACK,14
9.35264e+06,8,CTL,20
9.35273e+06,16,RTS,20
9.35273e+06,0,CTS,14
9.35273e+06,14,RTS,20
9.35285e+06,0,RTS,20
9.35292e+06,20,CTS,14
9.35298e+06,0,QOSDATA_TID6,1066
9.35316e+06,20,ACK,14
9.35321e+06,0,QOSDATA_TID6,1066
9.35339e+06,20,ACK,14
9.35343e+06,0,CTL,20
9.35352e+06,7,RTS,20
9.35352e+06,16,RTS,20
9.35359e+06,20,CTS,14
9.35365e+06,7,QOSDATA_TID6,1066
9.35383e+06,20,ACK,14
9.35388e+06,7,QOSDATA_TID6,1066
9.35406e+06,20,ACK,14
9.3541e+06,7,CTL,20
9.35419e+06,2,RTS,20
9.35419e+06,10,RTS,20
9.35426e+06,20,CTS,14
9.35432e+06,2,QOSDATA_TID6,1066
9.3545e+06,20,ACK,14
9.35455e+06,2,QOSDATA_TID6,1066
9.35473e+06,20,ACK,14
9.35477e+06,2,CTL,20
9.35486e+06,3,RTS,20
9.35486e+06,6,RTS,20
9.35493e+06,20,CTS,14
9.35499e+06,6,QOSDATA_TID6,1066
9.35517e+06,20,ACK,14
9.35522e+06,6,QOSDATA_TID6,1066
9.3554e+06,20,ACK,14
9.35544e+06,6,CTL,20
9.35553e+06,3,RTS,20
9.3556e+06,20,CTS,14
9.35566e+06,3,QOSDATA_TID6,1066
9.35584e+06,20,ACK,14
9.35589e+06,3,CTL,20
9.35597e+06,9,RTS,20
9.35597e+06,10,RTS,20
9.35597e+06,1,RTS,20
9.35597e+06,11,RTS,20
9.35597e+06,16,RTS,20
9.35607e+06,12,RTS,20
9.35614e+06,20,CTS,14
9.3562e+06,12,QOSDATA_TID6,1066
9.35638e+06,20,ACK,14
9.35643e+06,12,CTL,20
9.35651e+06,13,RTS,20
9.35651e+06,15,RTS,20
9.35661e+06,19,RTS,20
9.35661e+06,16,RTS,20
9.35661e+06,2,RTS,20
9.35661e+06,10,RTS,20
9.35672e+06,13,RTS,20
9.35678e+06,20,CTS,14
9.35684e+06,13,QOSDATA_TID6,1066
9.35703e+06,20,ACK,14
9.35707e+06,13,CTL,20
9.35716e+06,5,RTS,20
9.35716e+06,16,RTS,20
9.35716e+06,2,RTS,20
9.35723e+06,20,CTS,14
9.35729e+06,5,QOSDATA_TID6,1066
9.35747e+06,20,ACK,14
9.35752e+06,5,CTL,20
9.3576e+06,14,RTS,20
9.35767e+06,20,CTS,14
9.35773e+06,14,QOSDATA_TID6,1066
9.35791e+06,20,ACK,14
9.35796e+06,14,CTL,20
9.35804e+06,17,RTS,20
9.35811e+06,20,CTS,14
9.35817e+06,17,QOSDATA_TID6,1066
9.35836e+06,20,ACK,14
9.3584e+06,17,CTL,20
9.35849e+06,1,RTS,20
9.35849e+06,4,RTS,20
9.35855e+06,20,CTS,14
9.35861e+06,1,QOSDATA_TID6,1066
9.3588e+06,20,ACK,14
9.35884e+06,1,QOSDATA_TID6,1066
9.35903e+06,20,ACK,14
9.35907e+06,1,CTL,20
9.35916e+06,8,RTS,20
9.35916e+06,9,RTS,20
9.35916e+06,18,RTS,20
9.35916e+06,15,RTS,20
9.35916e+06,14,RTS,20
9.35928e+06,4,RTS,20
9.35935e+06,20,CTS,14
9.35941e+06,4,QOSDATA_TID6,1066
9.35959e+06,20,ACK,14
9.35964e+06,4,CTL,20
9.35972e+06,2,RTS,20
9.35979e+06,20,CTS,14
9.35985e+06,2,QOSDATA_TID6,1066
9.36004e+06,20,ACK,14
9.36008e+06,2,CTL,20
9.36018e+06,10,RTS,20
9.36018e+06,11,RTS,20
9.36018e+06,15,RTS,20
9.36018e+06,16,RTS,20
9.36032e+06,19,RTS,20
9.36038e+06,20,CTS,14
9.36044e+06,19,QOSDATA_TID6,1066
9.36063e+06,20,ACK,14
9.36067e+06,19,CTL,20
9.36076e+06,15,RTS,20
9.36083e+06,20,CTS,14
9.36089e+06,15,QOSDATA_TID6,1066
9.36107e+06,20,ACK,14
9.36112e+06,15,QOSDATA_TID6,1066
9.3613e+06,20,ACK,14
9.36134e+06,15,CTL,20
9.36143e+06,0,RTS,20
9.36143e+06,8,RTS,20
9.3615e+06,20,CTS,14
9.36156e+06,8,QOSDATA_TID6,1066
9.36174e+06,20,ACK,14
9.36178e+06,8,CTL,20
9.36188e+06,7,RTS,20
9.36195e+06,20,CTS,14
9.36201e+06,7,QOSDATA_TID6,1066
9.36219e+06,20,ACK,14
9.36224e+06,7,CTL,20
9.36232e+06,13,RTS,20
9.36232e+06,10,RTS,20
9.36249e+06,10,RTS,20
9.36256e+06,20,CTS,14
9.36262e+06,10,QOSDATA_TID6,1066
9.3628e+06,20,ACK,14
9.36284e+06,10,QOSDATA_TID6,1066
9.36303e+06,20,ACK,14
9.36307e+06,10,CTL,20
9.36316e+06,6,RTS,20
9.36316e+06,13,RTS,20
9.36328e+06,19,RTS,20
9.36334e+06,20,CTS,14
9.3634e+06,19,QOSDATA_TID6,1066
9.36359e+06,20,ACK,14
9.36363e+06,19,CTL,20
9.36372e+06,1,RTS,20
9.36372e+06,6,RTS,20
9.36382e+06,9,RTS,20
9.36389e+06,20,CTS,14
9.36395e+06,9,QOSDATA_TID6,1066
9.36414e+06,20,ACK,14
9.36418e+06,9,QOSDATA_TID6,1066
9.36436e+06,20,ACK,14
9.36441e+06,9,CTL,20
9.36449e+06,1,RTS,20
9.36456e+06,20,CTS,14
9.36462e+06,1,QOSDATA_TID6,1066
9.36481e+06,20,ACK,14
9.36485e+06,1,CTL,20
9.36494e+06,17,RTS,20
9.36494e+06,11,RTS,20
9.36494e+06,12,RTS,20
9.36494e+06,3,RTS,20
9.36494e+06,13,RTS,20
9.36494e+06,6,RTS,20
9.36494e+06,14,RTS,20
9.36504e+06,2,RTS,20
9.36511e+06,20,CTS,14
9.36517e+06,2,QOSDATA_TID6,1066
9.36536e+06,20,ACK,14
9.3654e+06,2,CTL,20
9.36549e+06,18,RTS,20
9.36549e+06,10,RTS,20
9.36549e+06,12,RTS,20
9.36549e+06,14,RTS,20
9.36549e+06,15,RTS,20
9.36555e+06,20,CTS,14
9.36561e+06,12,QOSDATA_TID6,1066
9.3658e+06,20,ACK,14
9.36584e+06,12,CTL,20
9.36594e+06,16,RTS,20
9.366e+06,20,CTS,14
9.36606e+06,16,QOSDATA_TID6,1066
9.36625e+06,20,ACK,14
9.36629e+06,16,QOSDATA_TID6,1066
9.36648e+06,20,ACK,14
9.36652e+06,16,QOSDATA_TID6,1066
9.3667e+06,20,ACK,14
9.36675e+06,16,QOSDATA_TID6,1066
9.36693e+06,20,ACK,14
9.36698e+06,16,QOSDATA_TID6,1066
9.36716e+06,20,ACK,14
9.3672e+06,16,CTL,20
9.36729e+06,8,RTS,20
9.36729e+06,5,RTS,20
9.36729e+06,0,RTS,20
9.36729e+06,10,RTS,20
9.36739e+06,17,RTS,20
9.36739e+06,4,RTS,20
9.36746e+06,20,CTS,14
9.36752e+06,17,QOSDATA_TID6,1066
9.3677e+06,20,ACK,14
9.36774e+06,17,CTL,20
9.36784e+06,4,RTS,20
9.36784e+06,3,RTS,20
9.36784e+06,14,RTS,20
9.36794e+06,8,RTS,20
9.36801e+06,20,CTS,14
9.36807e+06,8,QOSDATA_TID6,1066
9.36825e+06,20,ACK,14
9.36829e+06,8,CTL,20
9.36838e+06,14,RTS,20
9.36845e+06,20,CTS,14
9.36851e+06,14,QOSDATA_TID6,1066
9.36869e+06,20,ACK,14
9.36874e+06,14,QOSDATA_TID6,1066
9.36892e+06,20,ACK,14
9.36896e+06,14,CTL,20
9.36905e+06,18,RTS,20
9.36912e+06,20,CTS,14
9.36918e+06,18,QOSDATA_TID6,1066
9.36936e+06,20,ACK,14
9.36941e+06,18,QOSDATA_TID6,1066
9.36959e+06,20,ACK,14
9.36963e+06,18,CTL,20
9.36972e+06,9,RTS,20
9.36972e+06,16,RTS,20
9.36983e+06,5,RTS,20
9.3699e+06,20,CTS,14
9.36996e+06,5,QOSDATA_TID6,1066
9.37014e+06,20,ACK,14
9.37018e+06,5,CTL,20
9.37027e+06,6,RTS,20
9.37034e+06,20,CTS,14
9.3704e+06,6,QOSDATA_TID6,1066
9.37058e+06,20,ACK,14
9.37062e+06,6,CTL,20
9.37071e+06,0,CTS,14
9.37071e+06,15,RTS,20
9.37071e+06,3,RTS,20
9.37071e+06,13,RTS,20
9.37071e+06,16,RTS,20
9.37084e+06,13,RTS,20
9.37084e+06,16,RTS,20
9.37094e+06,7,RTS,20
9.37101e+06,20,CTS,14
9.37107e+06,7,QOSDATA_TID6,1066
9.37125e+06,20,ACK,14
9.3713e+06,7,CTL,20
9.37138e+06,17,RTS,20
9.37138e+06,11,RTS,20
9.37145e+06,20,CTS,14
9.37151e+06,17,QOSDATA_TID6,1066
9.37169e+06,20,ACK,14
9.37174e+06,17,CTL,20
9.37182e+06,13,RTS,20
9.37189e+06,20,CTS,14
9.37195e+06,13,QOSDATA_TID6,1066
9.37214e+06,20,ACK,14
9.37218e+06,13,QOSDATA_TID6,1066
9.37236e+06,20,ACK,14
9.37241e+06,13,CTL,20
9.37249e+06,15,RTS,20
9.37249e+06,12,RTS,20
9.37249e+06,11,RTS,20
9.37249e+06,16,RTS,20
9.37249e+06,6,RTS,20
9.37249e+06,19,RTS,20
9.37249e+06,10,RTS,20
9.37259e+06,4,RTS,20
9.37266e+06,20,CTS,14
9.37272e+06,4,QOSDATA_TID6,1066
9.3729e+06,20,ACK,14
9.37295e+06,4,QOSDATA_TID6,1066
9.37313e+06,20,ACK,14
9.37318e+06,4,CTL,20
9.37326e+06,1,RTS,20
9.37326e+06,9,RTS,20
9.37333e+06,20,CTS,14
9.37339e+06,1,QOSDATA_TID6,1066
9.37358e+06,20,ACK,14
9.37362e+06,1,CTL,20
9.37371e+06,5,RTS,20
9.37378e+06,20,CTS,14
9.37384e+06,5,QOSDATA_TID6,1066
9.37403e+06,20,ACK,14
9.37407e+06,5,CTL,20
9.37416e+06,2,RTS,20
9.37416e+06,16,RTS,20
9.37425e+06,15,RTS,20
9.37432e+06,20,CTS,14
9.37438e+06,15,QOSDATA_TID6,1066
9.37457e+06,20,ACK,14
9.37461e+06,15,QOSDATA_TID6,1066
9.37479e+06,20,ACK,14
9.37484e+06,15,CTL,20
9.37492e+06,8,RTS,20
9.37499e+06,20,CTS,14
9.37505e+06,8,QOSDATA_TID6,1066
9.37524e+06,20,ACK,14
9.37528e+06,8,CTL,20
9.37537e+06,19,RTS,20
9.37537e+06,14,RTS,20
9.37543e+06,20,CTS,14
9.37549e+06,19,QOSDATA_TID6,1066
9.37568e+06,20,ACK,14
9.37572e+06,19,CTL,20
9.37582e+06,12,RTS,20
9.37582e+06,2,RTS,20
9.37582e+06,3,RTS,20
9.37582e+06,9,RTS,20
9.37582e+06,18,RTS,20
9.37588e+06,20,CTS,14
9.37594e+06,12,QOSDATA_TID6,1066
9.37613e+06,20,ACK,14
9.37617e+06,12,CTL,20
9.37628e+06,16,RTS,20
9.37628e+06,6,RTS,20
9.37628e+06,10,RTS,20
9.37641e+06,16,RTS,20
9.37648e+06,20,CTS,14
9.37654e+06,16,QOSDATA_TID6,1066
9.37672e+06,20,ACK,14
9.37676e+06,16,QOSDATA_TID6,1066
9.37695e+06,20,ACK,14
9.37699e+06,16,CTL,20
9.37708e+06,0,RTS,20
9.37715e+06,20,CTS,14
9.37721e+06,0,QOSDATA_TID6,1066
9.37739e+06,20,ACK,14
9.37744e+06,0,QOSDATA_TID6,1066
9.37762e+06,20,ACK,14
9.37766e+06,0,QOSDATA_TID6,1066
9.37785e+06,20,ACK,14
9.37789e+06,0,CTL,20
9.37799e+06,13,RTS,20
9.37806e+06,20,CTS,14
9.37812e+06,13,QOSDATA_TID6,1066
9.3783e+06,20,ACK,14
9.37834e+06,13,CTL,20
9.37844e+06,7,RTS,20
9.37844e+06,11,RTS,20
9.37851e+06,20,CTS,14
9.37857e+06,7,QOSDATA_TID6,1066
9.37875e+06,20,ACK,14
9.3788e+06,7,CTL,20
9.37888e+06,2,RTS,20
9.37888e+06,18,RTS,20
9.37888e+06,10,RTS,20
9.37898e+06,19,RTS,20
9.37905e+06,20,CTS,14
9.37911e+06,19,QOSDATA_TID6,1066
9.37929e+06,20,ACK,14
9.37934e+06,19,CTL,20
9.37942e+06,12,RTS,20
9.37942e+06,6,RTS,20
9.37949e+06,20,CTS,14
9.37955e+06,12,QOSDATA_TID6,1066
9.37973e+06,20,ACK,14
9.37978e+06,12,CTL,20
9.37986e+06,9,RTS,20
9.37993e+06,20,CTS,14
9.37999e+06,9,QOSDATA_TID6,1066
9.38018e+06,20,ACK,14
9.38022e+06,9,QOSDATA_TID6,1066
9.3804e+06,20,ACK,14
9.38045e+06,9,CTL,20
9.38053e+06,10,RTS,20
9.38053e+06,5,RTS,20
9.38053e+06,17,RTS,20
9.38063e+06,3,RTS,20
9.38063e+06,15,RTS,20
9.38073e+06,5,RTS,20
9.3808e+06,20,CTS,14
9.38086e+06,5,QOSDATA_TID6,1066
9.38104e+06,20,ACK,14
9.38109e+06,5,CTL,20
9.38118e+06,2,RTS,20
9.38118e+06,3,RTS,20
9.38118e+06,10,RTS,20
9.38118e+06,14,RTS,20
9.38128e+06,1,RTS,20
9.38128e+06,11,RTS,20
9.38135e+06,20,CTS,14
9.38141e+06,1,QOSDATA_TID6,1066
9.38159e+06,20,ACK,14
9.38164e+06,1,CTL,20
9.38173e+06,4,RTS,20
9.3818e+06,20,CTS,14
9.38186e+06,4,QOSDATA_TID6,1066
9.38204e+06,20,ACK,14
9.38209e+06,4,CTL,20
9.38217e+06,17,RTS,20
9.38224e+06,20,CTS,14
9.3823e+06,17,QOSDATA_TID6,1066
9.38248e+06,20,ACK,14
9.38253e+06,17,CTL,20
9.38261e+06,15,RTS,20
9.38261e+06,6,RTS,20
9.38271e+06,8,RTS,20
9.38278e+06,20,CTS,14
9.38284e+06,8,QOSDATA_TID6,1066
9.38302e+06,20,ACK,14
9.38307e+06,8,CTL,20
9.38316e+06,3,RTS,20
9.38316e+06,18,RTS,20
9.38326e+06,11,RTS,20
9.38333e+06,20,CTS,14
9.38339e+06,11,QOSDATA_TID6,1066
9.38357e+06,20,ACK,14
9.38362e+06,11,QOSDATA_TID6,1066
9.3838e+06,20,ACK,14
9.38384e+06,11,QOSDATA_TID6,1066
9.38403e+06,20,ACK,14
9.38407e+06,11,CTL,20
9.38416e+06,2,RTS,20
9.38416e+06,3,RTS,20
9.38423e+06,20,CTS,14
9.38429e+06,2,QOSDATA_TID6,1066
9.38447e+06,20,ACK,14
9.38452e+06,2,QOSDATA_TID6,1066
9.3847e+06,20,ACK,14
9.38474e+06,2,CTL,20
9.38485e+06,3,RTS,20
9.38485e+06,6,RTS,20
9.38485e+06,16,RTS,20
9.38494e+06,10,RTS,20
9.38501e+06,20,CTS,14
9.38507e+06,10,QOSDATA_TID6,1066
9.38526e+06,20,ACK,14
9.3853e+06,10,QOSDATA_TID6,1066
9.38548e+06,20,ACK,14
9.38553e+06,10,CTL,20
9.38562e+06,13,RTS,20
9.38569e+06,20,CTS,14
9.38575e+06,13,QOSDATA_TID6,1066
9.38594e+06,20,ACK,14
9.38598e+06,13,CTL,20
9.38607e+06,0,RTS,20
9.38613e+06,20,CTS,14
9.38619e+06,0,QOSDATA_TID6,1066
9.38638e+06,20,ACK,14
9.38642e+06,0,CTL,20
9.38651e+06,6,RTS,20
9.38651e+06,14,RTS,20
9.38651e+06,7,RTS,20
9.38661e+06,9,RTS,20
9.38667e+06,20,CTS,14
9.38673e+06,9,QOSDATA_TID6,1066
9.38692e+06,20,ACK,14
9.38696e+06,9,CTL,20
9.38705e+06,19,RTS,20
9.38712e+06,20,CTS,14
9.38718e+06,19,QOSDATA_TID6,1066
9.38736e+06,20,ACK,14
9.3874e+06,19,CTL,20
9.38749e+06,1,RTS,20
9.38749e+06,17,RTS,20
9.38749e+06,11,RTS,20
9.38749e+06,12,RTS,20
9.38749e+06,7,RTS,20
9.38749e+06,14,RTS,20
9.38759e+06,18,RTS,20
9.38766e+06,20,CTS,14
9.38772e+06,18,QOSDATA_TID6,1066
9.3879e+06,20,ACK,14
9.38794e+06,18,QOSDATA_TID6,1066
9.38813e+06,20,ACK,14
9.38817e+06,18,CTL,20
9.38826e+06,3,RTS,20
9.38826e+06,12,RTS,20
9.38826e+06,11,RTS,20
9.38833e+06,20,CTS,14
9.38839e+06,12,QOSDATA_TID6,1066
9.38857e+06,20,ACK,14
9.38862e+06,12,CTL,20
9.3887e+06,11,RTS,20
9.3887e+06,10,RTS,20
9.38881e+06,15,RTS,20
9.38888e+06,20,CTS,14
9.38894e+06,15,QOSDATA_TID6,1066
9.38912e+06,20,ACK,14
9.38916e+06,15,QOSDATA_TID6,1066
9.38935e+06,20,ACK,14
9.38939e+06,15,CTL,20
9.38949e+06,4,RTS,20
9.38956e+06,20,CTS,14
9.38962e+06,4,QOSDATA_TID6,1066
9.3898e+06,20,ACK,14
9.38984e+06,4,CTL,20
9.38993e+06,7,RTS,20
9.38993e+06,5,RTS,20
9.38993e+06,6,RTS,20
9.38993e+06,14,RTS,20
9.38993e+06,10,RTS,20
9.39e+06,20,CTS,14
9.39006e+06,5,QOSDATA_TID6,1066
9.39024e+06,20,ACK,14
9.39028e+06,5,CTL,20
9.39037e+06,16,RTS,20
9.39044e+06,20,CTS,14
9.3905e+06,16,QOSDATA_TID6,1066
9.39068e+06,20,ACK,14
9.39073e+06,16,CTL,20
9.39081e+06,8,RTS,20
9.39081e+06,2,RTS,20
9.39081e+06,6,RTS,20
9.39093e+06,18,RTS,20
9.391e+06,20,CTS,14
9.39106e+06,18,QOSDATA_TID6,1066
9.39124e+06,20,ACK,14
9.39128e+06,18,CTL,20
9.39138e+06,10,RTS,20
9.39138e+06,6,RTS,20
9.39138e+06,3,RTS,20
9.39138e+06,11,RTS,20
9.39152e+06,3,RTS,20
9.39152e+06,2,RTS,20
9.39159e+06,20,CTS,14
9.39165e+06,2,QOSDATA_TID6,1066
9.39184e+06,20,ACK,14
9.39188e+06,2,CTL,20
9.39198e+06,17,RTS,20
9.39205e+06,20,CTS,14
9.39211e+06,17,QOSDATA_TID6,1066
9.3923e+06,20,ACK,14
9.39234e+06,17,CTL,20
9.39242e+06,1,RTS,20
9.39242e+06,6,RTS,20
9.39242e+06,10,RTS,20
9.39256e+06,3,RTS,20
9.39263e+06,20,CTS,14
9.39269e+06,3,QOSDATA_TID6,1066
9.39287e+06,20,ACK,14
9.39292e+06,3,QOSDATA_TID6,1066
9.3931e+06,20,ACK,14
9.39314e+06,3,QOSDATA_TID6,1066
9.39333e+06,20,ACK,14
9.39337e+06,3,CTL,20
9.39346e+06,0,RTS,20
9.39352e+06,20,CTS,14
9.39358e+06,0,QOSDATA_TID6,1066
9.39377e+06,20,ACK,14
9.39381e+06,0,CTL,20
9.3939e+06,7,RTS,20
9.3939e+06,16,RTS,20
9.39397e+06,20,CTS,14
9.39403e+06,7,QOSDATA_TID6,1066
9.39421e+06,20,ACK,14
9.39426e+06,7,QOSDATA_TID6,1066
9.39444e+06,20,ACK,14
9.39448e+06,7,CTL,20
9.39457e+06,12,RTS,20
9.39464e+06,20,CTS,14
9.3947e+06,12,QOSDATA_TID6,1066
9.39488e+06,20,ACK,14
9.39492e+06,12,CTL,20
9.39501e+06,1,RTS,20
9.39501e+06,6,RTS,20
9.39501e+06,14,RTS,20
9.39501e+06,9,RTS,20
9.39512e+06,13,RTS,20
9.39519e+06,20,CTS,14
9.39525e+06,13,QOSDATA_TID6,1066
9.39543e+06,20,ACK,14
9.39548e+06,13,CTL,20
9.39556e+06,10,RTS,20
9.39563e+06,20,CTS,14
9.39569e+06,10,QOSDATA_TID6,1066
9.39587e+06,20,ACK,14
9.39592e+06,10,CTL,20
9.396e+06,19,RTS,20
9.396e+06,8,RTS,20
9.396e+06,16,RTS,20
9.3961e+06,3,RTS,20
9.39617e+06,20,CTS,14
9.39623e+06,3,QOSDATA_TID6,1066
9.39641e+06,20,ACK,14
9.39646e+06,3,CTL,20
9.39654e+06,1,RTS,20
9.39654e+06,17,RTS,20
9.39654e+06,6,RTS,20
9.39664e+06,2,RTS,20
9.39664e+06,15,RTS,20
9.39664e+06,10,RTS,20
9.39664e+06,11,RTS,20
9.39674e+06,9,RTS,20
9.39681e+06,20,CTS,14
9.39687e+06,9,QOSDATA_TID6,1066
9.39705e+06,20,ACK,14
9.3971e+06,9,CTL,20
9.39718e+06,5,RTS,20
9.39725e+06,20,CTS,14
9.39731e+06,5,QOSDATA_TID6,1066
9.39749e+06,20,ACK,14
9.39754e+06,5,CTL,20
9.39762e+06,19,RTS,20
9.39762e+06,2,RTS,20
9.39762e+06,6,RTS,20
9.39778e+06,19,RTS,20
9.39778e+06,6,RTS,20
9.39789e+06,2,RTS,20
9.39796e+06,20,CTS,14
9.39802e+06,2,QOSDATA_TID6,1066
9.3982e+06,20,ACK,14
9.39824e+06,2,CTL,20
9.39834e+06,10,RTS,20
9.39834e+06,17,RTS,20
9.39834e+06,14,RTS,20
9.39834e+06,16,RTS,20
9.39841e+06,20,CTS,14
9.39847e+06,17,QOSDATA_TID6,1066
9.39865e+06,20,ACK,14
9.3987e+06,17,CTL,20
9.39878e+06,14,RTS,20
9.39885e+06,20,CTS,14
9.39891e+06,14,QOSDATA_TID6,1066
9.39909e+06,20,ACK,14
9.39914e+06,14,QOSDATA_TID6,1066
9.39932e+06,20,ACK,14
9.39936e+06,14,QOSDATA_TID6,1066
9.39955e+06,20,ACK,14
9.39959e+06,14,CTL,20
9.39969e+06,15,RTS,20
9.39969e+06,4,RTS,20
9.39976e+06,20,CTS,14
9.39982e+06,15,QOSDATA_TID6,1066
9.4e+06,20,ACK,14
9.40004e+06,15,CTL,20
9.40015e+06,18,RTS,20
9.40015e+06,1,RTS,20
9.40015e+06,16,RTS,20
9.40029e+06,18,RTS,20
9.40029e+06,1,RTS,20
9.40036e+06,20,CTS,14
9.40042e+06,1,QOSDATA_TID6,1066
9.4006e+06,20,ACK,14
9.40064e+06,1,QOSDATA_TID6,1066
9.40083e+06,20,ACK,14
9.40087e+06,1,CTL,20
9.40097e+06,18,RTS,20
9.40104e+06,20,CTS,14
9.4011e+06,18,QOSDATA_TID6,1066
9.40128e+06,20,ACK,14
9.40132e+06,18,CTL,20
9.40141e+06,16,RTS,20
9.40148e+06,20,CTS,14
9.40154e+06,16,QOSDATA_TID6,1066
9.40172e+06,20,ACK,14
9.40176e+06,16,QOSDATA_TID6,1066
9.40195e+06,20,ACK,14
9.40199e+06,16,CTL,20
9.40208e+06,9,RTS,20
9.40208e+06,10,RTS,20
9.40218e+06,8,RTS,20
9.40218e+06,11,RTS,20
9.40218e+06,4,RTS,20
9.40224e+06,20,CTS,14
9.4023e+06,8,QOSDATA_TID6,1066
9.40249e+06,20,ACK,14
9.40253e+06,8,QOSDATA_TID6,1066
9.40272e+06,20,ACK,14
9.40276e+06,8,CTL,20
9.40285e+06,11,RTS,20
9.40292e+06,20,CTS,14
9.40298e+06,11,QOSDATA_TID6,1066
9.40316e+06,20,ACK,14
9.4032e+06,11,QOSDATA_TID6,1066
9.40339e+06,20,ACK,14
9.40343e+06,11,QOSDATA_TID6,1066
9.40362e+06,20,ACK,14
9.40366e+06,11,CTL,20
9.40375e+06,17,RTS,20
9.40375e+06,7,RTS,20
9.40375e+06,3,RTS,20
9.40375e+06,0,RTS,20
9.40385e+06,12,RTS,20
9.40392e+06,20,CTS,14
9.40398e+06,12,QOSDATA_TID6,1066
9.40416e+06,20,ACK,14
9.40421e+06,12,CTL,20
9.4043e+06,5,RTS,20
9.4043e+06,4,RTS,20
9.4043e+06,10,RTS,20
9.40436e+06,20,CTS,14
9.40442e+06,5,QOSDATA_TID6,1066
9.40461e+06,20,ACK,14
9.40465e+06,5,CTL,20
9.40474e+06,7,RTS,20
9.40474e+06,10,RTS,20
9.40474e+06,15,RTS,20
9.40484e+06,6,RTS,20
9.40484e+06,19,RTS,20
9.40493e+06,13,RTS,20
9.405e+06,20,CTS,14
9.40506e+06,13,QOSDATA_TID6,1066
9.40524e+06,20,ACK,14
9.40529e+06,13,CTL,20
9.40538e+06,19,RTS,20
9.40538e+06,2,RTS,20
9.40551e+06,19,RTS,20
9.40557e+06,20,CTS,14
9.40563e+06,19,QOSDATA_TID6,1066
9.40582e+06,20,ACK,14
9.40586e+06,19,QOSDATA_TID6,1066
9.40605e+06,20,ACK,14
9.40609e+06,19,CTL,20
9.40618e+06,7,RTS,20
9.40618e+06,4,RTS,20
9.40618e+06,10,RTS,20
9.40625e+06,20,CTS,14
9.40631e+06,7,QOSDATA_TID6,1066
9.4065e+06,20,ACK,14
9.40654e+06,7,CTL,20
9.40663e+06,1,RTS,20
9.4067e+06,20,CTS,14
9.40676e+06,1,QOSDATA_TID6,1066
9.40694e+06,20,ACK,14
9.40698e+06,1,CTL,20
9.40707e+06,18,RTS,20
9.40714e+06,20,CTS,14
9.4072e+06,18,QOSDATA_TID6,1066
9.40738e+06,20,ACK,14
9.40742e+06,18,CTL,20
9.40751e+06,8,RTS,20
9.40751e+06,15,RTS,20
9.40758e+06,20,CTS,14
9.40764e+06,8,QOSDATA_TID6,1066
9.40782e+06,20,ACK,14
9.40787e+06,8,CTL,20
9.40795e+06,10,RTS,20
9.40802e+06,20,CTS,14
9.40808e+06,10,QOSDATA_TID6,1066
9.40826e+06,20,ACK,14
9.40831e+06,10,QOSDATA_TID6,1066
9.40849e+06,20,ACK,14
9.40854e+06,10,CTL,20
9.40862e+06,2,RTS,20
9.40862e+06,9,RTS,20
9.40862e+06,17,RTS,20
9.40862e+06,15,RTS,20
9.40874e+06,0,RTS,20
9.40874e+06,6,RTS,20
9.40885e+06,17,RTS,20
9.40885e+06,3,RTS,20
9.40885e+06,16,RTS,20
9.40885e+06,4,RTS,20
9.40891e+06,20,CTS,14
9.40897e+06,17,QOSDATA_TID6,1066
9.40916e+06,20,ACK,14
9.4092e+06,17,CTL,20
9.40929e+06,14,RTS,20
9.40936e+06,20,CTS,14
9.40942e+06,14,QOSDATA_TID6,1066
9.4096e+06,20,ACK,14
9.40964e+06,14,CTL,20
9.40973e+06,0,CTS,14
9.40973e+06,13,RTS,20
9.40973e+06,3,RTS,20
9.40984e+06,0,RTS,20
9.40991e+06,20,CTS,14
9.40997e+06,0,QOSDATA_TID6,1066
9.41016e+06,20,ACK,14
9.4102e+06,0,QOSDATA_TID6,1066
9.41038e+06,20,ACK,14
9.41043e+06,0,CTL,20
9.41051e+06,2,RTS,20
9.41051e+06,7,RTS,20
9.41067e+06,7,RTS,20
9.41074e+06,20,CTS,14
9.4108e+06,7,QOSDATA_TID6,1066
9.41098e+06,20,ACK,14
9.41103e+06,7,CTL,20
9.41112e+06,12,RTS,20
9.41112e+06,2,RTS,20
9.41112e+06,6,RTS,20
9.41119e+06,20,CTS,14
9.41125e+06,12,QOSDATA_TID6,1066
9.41143e+06,20,ACK,14
9.41148e+06,12,CTL,20
9.41156e+06,19,RTS,20
9.41156e+06,6,RTS,20
9.41166e+06,2,RTS,20
9.41173e+06,20,CTS,14
9.41179e+06,2,QOSDATA_TID6,1066
9.41198e+06,20,ACK,14
9.41202e+06,2,CTL,20
9.41211e+06,1,RTS,20
9.41218e+06,20,CTS,14
9.41224e+06,1,QOSDATA_TID6,1066
9.41243e+06,20,ACK,14
9.41247e+06,1,CTL,20
9.41256e+06,11,RTS,20
9.41256e+06,16,RTS,20
9.41256e+06,6,RTS,20
9.41265e+06,5,RTS,20
9.41265e+06,17,RTS,20
9.41265e+06,19,RTS,20
9.41275e+06,11,RTS,20
9.41275e+06,2,RTS,20
9.41276e+06,10,RTS,20
9.41285e+06,15,RTS,20
9.41292e+06,20,CTS,14
9.41298e+06,15,QOSDATA_TID6,1066
9.41317e+06,20,ACK,14
9.41321e+06,15,QOSDATA_TID6,1066
9.41339e+06,20,ACK,14
9.41344e+06,15,CTL,20
9.41352e+06,13,RTS,20
9.41352e+06,5,RTS,20
9.41352e+06,19,RTS,20
9.41352e+06,10,RTS,20
9.41352e+06,9,RTS,20
9.41359e+06,20,CTS,14
9.41365e+06,5,QOSDATA_TID6,1066
9.41384e+06,20,ACK,14
9.41388e+06,5,CTL,20
9.41398e+06,17,RTS,20
9.41404e+06,20,CTS,14
9.4141e+06,17,QOSDATA_TID6,1066
9.41429e+06,20,ACK,14
9.41433e+06,17,CTL,20
9.41442e+06,4,RTS,20
9.41442e+06,3,RTS,20
9.41442e+06,6,RTS,20
9.41452e+06,13,RTS,20
9.41458e+06,20,CTS,14
9.41464e+06,13,QOSDATA_TID6,1066
9.41483e+06,20,ACK,14
9.41487e+06,13,CTL,20
9.41496e+06,8,RTS,20
9.41496e+06,19,RTS,20
9.41496e+06,10,RTS,20
9.41506e+06,6,RTS,20
9.41513e+06,20,CTS,14
9.41519e+06,6,QOSDATA_TID6,1066
9.41538e+06,20,ACK,14
9.41542e+06,6,QOSDATA_TID6,1066
9.4156e+06,20,ACK,14
9.41565e+06,6,QOSDATA_TID6,1066
9.41583e+06,20,ACK,14
9.41588e+06,6,QOSDATA_TID6,1066
9.41606e+06,20,ACK,14
9.4161e+06,6,CTL,20
9.41619e+06,14,RTS,20
9.41619e+06,2,RTS,20
9.41619e+06,8,RTS,20
9.41619e+06,9,RTS,20
9.41619e+06,16,RTS,20
9.41632e+06,10,RTS,20
9.41639e+06,20,CTS,14
9.41645e+06,10,QOSDATA_TID6,1066
9.41664e+06,20,ACK,14
9.41668e+06,10,CTL,20
9.41678e+06,3,RTS,20
9.41678e+06,4,RTS,20
9.41688e+06,14,RTS,20
9.41695e+06,20,CTS,14
9.41701e+06,14,QOSDATA_TID6,1066
9.41719e+06,20,ACK,14
9.41724e+06,14,CTL,20
9.41733e+06,0,RTS,20
9.4174e+06,20,CTS,14
9.41746e+06,0,QOSDATA_TID6,1066
9.41764e+06,20,ACK,14
9.41769e+06,0,CTL,20
9.41778e+06,8,RTS,20
9.41778e+06,7,RTS,20
9.41778e+06,9,RTS,20
9.41778e+06,19,RTS,20
9.41778e+06,13,RTS,20
9.41778e+06,11,RTS,20
9.41787e+06,18,RTS,20
9.41794e+06,20,CTS,14
9.418e+06,18,QOSDATA_TID6,1066
9.41818e+06,20,ACK,14
9.41823e+06,18,CTL,20
9.41832e+06,2,RTS,20
9.41839e+06,20,CTS,14
9.41845e+06,2,QOSDATA_TID6,1066
9.41864e+06,20,ACK,14
9.41868e+06,2,CTL,20
9.41877e+06,3,RTS,20
9.41877e+06,11,RTS,20
9.41891e+06,19,RTS,20
9.41898e+06,20,CTS,14
9.41904e+06,19,QOSDATA_TID6,1066
9.41922e+06,20,ACK,14
9.41927e+06,19,QOSDATA_TID6,1066
9.41945e+06,20,ACK,14
9.41949e+06,19,CTL,20
9.41959e+06,8,RTS,20
9.41959e+06,17,RTS,20
9.41959e+06,16,RTS,20
9.41959e+06,7,RTS,20
9.41959e+06,9,RTS,20
9.4197e+06,1,RTS,20
9.41976e+06,20,CTS,14
9.41982e+06,1,QOSDATA_TID6,1066
9.42001e+06,20,ACK,14
9.42005e+06,1,CTL,20
9.42014e+06,12,RTS,20
9.42014e+06,7,RTS,20
9.42014e+06,6,RTS,20
9.42024e+06,9,RTS,20
9.42031e+06,20,CTS,14
9.42037e+06,9,QOSDATA_TID6,1066
9.42056e+06,20,ACK,14
9.4206e+06,9,QOSDATA_TID6,1066
9.42078e+06,20,ACK,14
9.42083e+06,9,QOSDATA_TID6,1066
9.42101e+06,20,ACK,14
9.42106e+06,9,CTL,20
9.42114e+06,2,RTS,20
9.42114e+06,6,RTS,20
9.42114e+06,12,RTS,20
9.42114e+06,4,RTS,20
9.42114e+06,13,RTS,20
9.42125e+06,15,RTS,20
9.42132e+06,20,CTS,14
9.42138e+06,15,QOSDATA_TID6,1066
9.42156e+06,20,ACK,14
9.42161e+06,15,CTL,20
9.4217e+06,5,RTS,20
9.4217e+06,2,RTS,20
9.4217e+06,16,RTS,20
9.4217e+06,10,RTS,20
9.4217e+06,3,RTS,20
9.42177e+06,20,CTS,14
9.42183e+06,5,QOSDATA_TID6,1066
9.42201e+06,20,ACK,14
9.42206e+06,5,CTL,20
9.42215e+06,2,RTS,20
9.42222e+06,20,CTS,14
9.42228e+06,2,QOSDATA_TID6,1066
9.42246e+06,20,ACK,14
9.42251e+06,2,CTL,20
9.42259e+06,18,RTS,20
9.42259e+06,8,RTS,20
9.42259e+06,11,RTS,20
9.42266e+06,20,CTS,14
9.42272e+06,8,QOSDATA_TID6,1066
9.42291e+06,20,ACK,14
9.42295e+06,8,QOSDATA_TID6,1066
9.42313e+06,20,ACK,14
9.42318e+06,8,CTL,20
9.42326e+06,18,RTS,20
9.42333e+06,20,CTS,14
9.42339e+06,18,QOSDATA_TID6,1066
9.42358e+06,20,ACK,14
9.42362e+06,18,CTL,20
9.42371e+06,17,RTS,20
9.42371e+06,4,RTS,20
9.42377e+06,20,CTS,14
9.42383e+06,17,QOSDATA_TID6,1066
9.42402e+06,20,ACK,14
9.42406e+06,17,CTL,20
9.42416e+06,12,RTS,20
9.42416e+06,16,RTS,20
9.42416e+06,4,RTS,20
9.42422e+06,20,CTS,14
9.42428e+06,12,QOSDATA_TID6,1066
9.42447e+06,20,ACK,14
9.42451e+06,12,CTL,20
9.4246e+06,14,RTS,20
9.42467e+06,20,CTS,14
9.42473e+06,14,QOSDATA_TID6,1066
9.42491e+06,20,ACK,14
9.42496e+06,14,CTL,20
9.42504e+06,6,RTS,20
9.42504e+06,13,RTS,20
9.42504e+06,10,RTS,20
9.42504e+06,3,RTS,20
9.42504e+06,4,RTS,20
9.42514e+06,7,RTS,20
9.42521e+06,20,CTS,14
9.42527e+06,7,QOSDATA_TID6,1066
9.42545e+06,20,ACK,14
9.4255e+06,7,QOSDATA_TID6,1066
9.42568e+06,20,ACK,14
9.42572e+06,7,CTL,20
9.42581e+06,3,RTS,20
9.42588e+06,20,CTS,14
9.42594e+06,3,QOSDATA_TID6,1066
9.42612e+06,20,ACK,14
9.42616e+06,3,QOSDATA_TID6,1066
9.42635e+06,20,ACK,14
9.42639e+06,3,CTL,20
9.42648e+06,9,RTS,20
9.42648e+06,0,RTS,20
9.42655e+06,20,CTS,14
9.42661e+06,0,QOSDATA_TID6,1066
9.42679e+06,20,ACK,14
9.42684e+06,0,CTL,20
9.42692e+06,10,RTS,20
9.42699e+06,20,CTS,14
9.42705e+06,10,QOSDATA_TID6,1066
9.42723e+06,20,ACK,14
9.42728e+06,10,CTL,20
9.42736e+06,3,RTS,20
9.42736e+06,19,RTS,20
9.42736e+06,12,RTS,20
9.42743e+06,20,CTS,14
9.42749e+06,12,QOSDATA_TID6,1066
9.42768e+06,20,ACK,14
9.42772e+06,12,CTL,20
9.42782e+06,11,RTS,20
9.42782e+06,13,RTS,20
9.42782e+06,9,RTS,20
9.42791e+06,6,RTS,20
9.42798e+06,20,CTS,14
9.42804e+06,6,QOSDATA_TID6,1066
9.42822e+06,20,ACK,14
9.42827e+06,6,QOSDATA_TID6,1066
9.42845e+06,20,ACK,14
9.4285e+06,6,CTL,20
9.42858e+06,13,RTS,20
9.42865e+06,20,CTS,14
9.42871e+06,13,QOSDATA_TID6,1066
9.4289e+06,20,ACK,14
9.42894e+06,13,QOSDATA_TID6,1066
9.42912e+06,20,ACK,14
9.42917e+06,13,CTL,20
9.42925e+06,15,RTS,20
9.42925e+06,5,RTS,20
9.42925e+06,19,RTS,20
9.42932e+06,20,CTS,14
9.42938e+06,5,QOSDATA_TID6,1066
9.42956e+06,20,ACK,14
9.42961e+06,5,CTL,20
9.4297e+06,17,RTS,20
9.42976e+06,20,CTS,14
9.42982e+06,17,QOSDATA_TID6,1066
9.43001e+06,20,ACK,14
9.43005e+06,17,CTL,20
9.43014e+06,1,RTS,20
9.43014e+06,3,RTS,20
9.43014e+06,10,RTS,20
9.4302e+06,20,CTS,14
9.43026e+06,1,QOSDATA_TID6,1066
9.43045e+06,20,ACK,14
9.43049e+06,1,CTL,20
9.43059e+06,19,RTS,20
9.43059e+06,16,RTS,20
9.43059e+06,2,RTS,20
9.43059e+06,18,RTS,20
9.43072e+06,2,RTS,20
9.43072e+06,15,RTS,20
9.43083e+06,16,RTS,20
9.4309e+06,20,CTS,14
9.43096e+06,16,QOSDATA_TID6,1066
9.43114e+06,20,ACK,14
9.43118e+06,16,QOSDATA_TID6,1066
9.43137e+06,20,ACK,14
9.43141e+06,16,CTL,20
9.4315e+06,4,RTS,20
9.4315e+06,8,RTS,20
9.4315e+06,2,RTS,20
9.43157e+06,20,CTS,14
9.43163e+06,8,QOSDATA_TID6,1066
9.43181e+06,20,ACK,14
9.43186e+06,8,CTL,20
9.43194e+06,4,RTS,20
9.43201e+06,20,CTS,14
9.43207e+06,4,QOSDATA_TID6,1066
9.43225e+06,20,ACK,14
9.4323e+06,4,QOSDATA_TID6,1066
9.43248e+06,20,ACK,14
9.43252e+06,4,QOSDATA_TID6,1066
9.43271e+06,20,ACK,14
9.43275e+06,4,QOSDATA_TID6,1066
9.43294e+06,20,ACK,14
9.43298e+06,4,CTL,20
9.43307e+06,15,RTS,20
9.43307e+06,14,RTS,20
9.43307e+06,18,RTS,20
9.43316e+06,11,RTS,20
9.43323e+06,20,CTS,14
9.43329e+06,11,QOSDATA_TID6,1066
9.43348e+06,20,ACK,14
9.43352e+06,11,QOSDATA_TID6,1066
9.4337e+06,20,ACK,14
9.43375e+06,11,QOSDATA_TID6,1066
9.43393e+06,20,ACK,14
9.43398e+06,11,CTL,20
9.43406e+06,7,RTS,20
9.43406e+06,13,RTS,20
9.43406e+06,14,RTS,20
9.43417e+06,2,RTS,20
9.43417e+06,3,RTS,20
9.43417e+06,9,RTS,20
9.43427e+06,10,RTS,20
9.43434e+06,20,CTS,14
9.4344e+06,10,QOSDATA_TID6,1066
9.43458e+06,20,ACK,14
9.43462e+06,10,CTL,20
9.43471e+06,0,RTS,20
9.43471e+06,7,RTS,20
9.43471e+06,16,RTS,20
9.43481e+06,2,RTS,20
9.43488e+06,20,CTS,14
9.43494e+06,2,QOSDATA_TID6,1066
9.43512e+06,20,ACK,14
9.43516e+06,2,CTL,20
9.43525e+06,19,RTS,20
9.43532e+06,20,CTS,14
9.43538e+06,19,QOSDATA_TID6,1066
9.43556e+06,20,ACK,14
9.43561e+06,19,QOSDATA_TID6,1066
9.43579e+06,20,ACK,14
9.43584e+06,19,CTL,20
9.43592e+06,17,RTS,20
9.43592e+06,11,RTS,20
9.43592e+06,12,RTS,20
9.43592e+06,7,RTS,20
9.43592e+06,13,RTS,20
9.43602e+06,9,RTS,20
9.43609e+06,20,CTS,14
9.43615e+06,9,QOSDATA_TID6,1066
9.43633e+06,20,ACK,14
9.43638e+06,9,QOSDATA_TID6,1066
9.43656e+06,20,ACK,14
9.4366e+06,9,CTL,20
9.43668e+06,20,BEACON,152
9.43694e+06,15,RTS,20
9.43701e+06,20,CTS,14
9.43707e+06,15,QOSDATA_TID6,1066
9.43725e+06,20,ACK,14
9.4373e+06,15,QOSDATA_TID6,1066
9.43748e+06,20,ACK,14
9.43753e+06,15,CTL,20
9.43761e+06,6,RTS,20
9.43761e+06,18,RTS,20
9.43761e+06,1,RTS,20
9.43761e+06,11,RTS,20
9.43761e+06,16,RTS,20
9.43761e+06,3,RTS,20
9.43771e+06,4,RTS,20
9.43778e+06,20,CTS,14
9.43784e+06,4,QOSDATA_TID6,1066
9.43802e+06,20,ACK,14
9.43807e+06,4,CTL,20
9.43815e+06,11,RTS,20
9.43815e+06,13,RTS,20
9.43815e+06,2,RTS,20
9.43826e+06,5,RTS,20
9.43826e+06,6,RTS,20
9.43826e+06,7,RTS,20
9.43826e+06,14,RTS,20
9.43833e+06,20,CTS,14
9.43839e+06,5,QOSDATA_TID6,1066
9.43857e+06,20,ACK,14
9.43862e+06,5,CTL,20
9.4387e+06,8,RTS,20
9.4387e+06,7,RTS,20
9.4387e+06,14,RTS,20
9.4388e+06,16,RTS,20
9.43887e+06,20,CTS,14
9.43893e+06,16,QOSDATA_TID6,1066
9.43911e+06,20,ACK,14
9.43916e+06,16,CTL,20
9.43924e+06,10,RTS,20
9.43931e+06,20,CTS,14
9.43937e+06,10,QOSDATA_TID6,1066
9.43955e+06,20,ACK,14
9.4396e+06,10,CTL,20
9.43968e+06,13,RTS,20
9.43975e+06,20,CTS,14
9.43981e+06,13,QOSDATA_TID6,1066
9.44e+06,20,ACK,14
9.44004e+06,13,CTL,20
9.44012e+06,12,RTS,20
9.44012e+06,11,RTS,20
9.44012e+06,2,RTS,20
9.44019e+06,20,CTS,14
9.44025e+06,12,QOSDATA_TID6,1066
9.44044e+06,20,ACK,14
9.44048e+06,12,CTL,20
9.44057e+06,11,RTS,20
9.44064e+06,20,CTS,14
9.4407e+06,11,QOSDATA_TID6,1066
9.44088e+06,20,ACK,14
9.44092e+06,11,CTL,20
9.44101e+06,1,RTS,20
9.44101e+06,17,RTS,20
9.44101e+06,0,RTS,20
9.44111e+06,8,RTS,20
9.44111e+06,16,RTS,20
9.44118e+06,20,CTS,14
9.44124e+06,8,QOSDATA_TID6,1066
9.44142e+06,20,ACK,14
9.44146e+06,8,CTL,20
9.44155e+06,7,RTS,20
9.44162e+06,20,CTS,14
9.44168e+06,7,QOSDATA_TID6,1066
9.44186e+06,20,ACK,14
9.44191e+06,7,QOSDATA_TID6,1066
9.44209e+06,20,ACK,14
9.44213e+06,7,CTL,20
9.44222e+06,13,RTS,20
9.44222e+06,1,RTS,20
9.44222e+06,18,RTS,20
9.44222e+06,3,RTS,20
9.44232e+06,14,RTS,20
9.44239e+06,20,CTS,14
9.44245e+06,14,QOSDATA_TID6,1066
9.44263e+06,20,ACK,14
9.44267e+06,14,QOSDATA_TID6,1066
9.44286e+06,20,ACK,14
9.4429e+06,14,CTL,20
9.44299e+06,13,RTS,20
9.44299e+06,12,RTS,20
9.44299e+06,2,RTS,20
9.44306e+06,20,CTS,14
9.44312e+06,12,QOSDATA_TID6,1066
9.4433e+06,20,ACK,14
9.44334e+06,12,CTL,20
9.44343e+06,6,RTS,20
9.4435e+06,20,CTS,14
9.44356e+06,6,QOSDATA_TID6,1066
9.44374e+06,20,ACK,14
9.44379e+06,6,QOSDATA_TID6,1066
9.44397e+06,20,ACK,14
9.44401e+06,6,CTL,20
9.4441e+06,9,RTS,20
9.4441e+06,19,RTS,20
9.4441e+06,11,RTS,20
9.44421e+06,0,CTS,14
9.44421e+06,18,RTS,20
9.4443e+06,5,RTS,20
9.44437e+06,20,CTS,14
9.44443e+06,5,QOSDATA_TID6,1066
9.44462e+06,20,ACK,14
9.44466e+06,5,CTL,20
9.44475e+06,10,RTS,20
9.44482e+06,20,CTS,14
9.44488e+06,10,QOSDATA_TID6,1066
9.44506e+06,20,ACK,14
9.4451e+06,10,CTL,20
9.44519e+06,18,RTS,20
9.44519e+06,2,RTS,20
9.44519e+06,15,RTS,20
9.44519e+06,13,RTS,20
9.4453e+06,16,RTS,20
9.4453e+06,4,RTS,20
9.4454e+06,2,RTS,20
9.4454e+06,3,RTS,20
9.44547e+06,20,CTS,14
9.44553e+06,2,QOSDATA_TID6,1066
9.44572e+06,20,ACK,14
9.44576e+06,2,QOSDATA_TID6,1066
9.44594e+06,20,ACK,14
9.44599e+06,2,CTL,20
9.44607e+06,15,RTS,20
9.44614e+06,20,CTS,14
9.4462e+06,15,QOSDATA_TID6,1066
9.44638e+06,20,ACK,14
9.44643e+06,15,CTL,20
9.44652e+06,4,RTS,20
9.44658e+06,20,CTS,14
9.44664e+06,4,QOSDATA_TID6,1066
9.44683e+06,20,ACK,14
9.44687e+06,4,CTL,20
9.44696e+06,17,RTS,20
9.44696e+06,13,RTS,20
9.44696e+06,18,RTS,20
9.44702e+06,20,CTS,14
9.44708e+06,17,QOSDATA_TID6,1066
9.44727e+06,20,ACK,14
9.44731e+06,17,QOSDATA_TID6,1066
9.4475e+06,20,ACK,14
9.44754e+06,17,CTL,20
9.44763e+06,18,RTS,20
9.44763e+06,14,RTS,20
9.44772e+06,1,RTS,20
9.44779e+06,20,CTS,14
9.44785e+06,1,QOSDATA_TID6,1066
9.44804e+06,20,ACK,14
9.44808e+06,1,QOSDATA_TID6,1066
9.44826e+06,20,ACK,14
9.44831e+06,1,CTL,20
9.4484e+06,18,RTS,20
9.44846e+06,20,CTS,14
9.44852e+06,18,QOSDATA_TID6,1066
9.44871e+06,20,ACK,14
9.44875e+06,18,QOSDATA_TID6,1066
9.44894e+06,20,ACK,14
9.44898e+06,18,CTL,20
9.44906e+06,8,RTS,20
9.44906e+06,11,RTS,20
9.44906e+06,16,RTS,20
9.44913e+06,20,CTS,14
9.44919e+06,8,QOSDATA_TID6,1066
9.44938e+06,20,ACK,14
9.44942e+06,8,CTL,20
9.44951e+06,7,RTS,20
9.44951e+06,3,RTS,20
9.44951e+06,0,RTS,20
9.44951e+06,14,RTS,20
9.44962e+06,19,RTS,20
9.44968e+06,20,CTS,14
9.44974e+06,19,QOSDATA_TID6,1066
9.44993e+06,20,ACK,14
9.44997e+06,19,CTL,20
9.45007e+06,13,RTS,20
9.45013e+06,20,CTS,14
9.45019e+06,13,QOSDATA_TID6,1066
9.45038e+06,20,ACK,14
9.45042e+06,13,QOSDATA_TID6,1066
9.45061e+06,20,ACK,14
9.45065e+06,13,CTL,20
9.45074e+06,12,RTS,20
9.45074e+06,11,RTS,20
9.45074e+06,9,RTS,20
9.4508e+06,20,CTS,14
9.45086e+06,12,QOSDATA_TID6,1066
9.45105e+06,20,ACK,14
9.45109e+06,12,CTL,20
9.45118e+06,1,RTS,20
9.45125e+06,20,CTS,14
9.45131e+06,1,QOSDATA_TID6,1066
9.45149e+06,20,ACK,14
9.45153e+06,1,CTL,20
9.45162e+06,19,RTS,20
9.45162e+06,6,RTS,20
9.45179e+06,19,RTS,20
9.45186e+06,20,CTS,14
9.45192e+06,19,QOSDATA_TID6,1066
9.4521e+06,20,ACK,14
9.45214e+06,19,CTL,20
9.45224e+06,0,RTS,20
9.45224e+06,6,RTS,20
9.45234e+06,5,RTS,20
9.45234e+06,17,RTS,20
9.45234e+06,7,RTS,20
9.45234e+06,3,RTS,20
9.45234e+06,16,RTS,20
9.45247e+06,14,RTS,20
9.45254e+06,20,CTS,14
9.4526e+06,14,QOSDATA_TID6,1066
9.45278e+06,20,ACK,14
9.45283e+06,14,CTL,20
9.45291e+06,17,RTS,20
9.45298e+06,20,CTS,14
9.45304e+06,17,QOSDATA_TID6,1066
9.45322e+06,20,ACK,14
9.45327e+06,17,CTL,20
9.45335e+06,2,RTS,20
9.45335e+06,6,RTS,20
9.45345e+06,4,RTS,20
9.45352e+06,20,CTS,14
9.45358e+06,4,QOSDATA_TID6,1066
9.45376e+06,20,ACK,14
9.45381e+06,4,CTL,20
9.4539e+06,16,RTS,20
9.4539e+06,11,RTS,20
9.4539e+06,15,RTS,20
9.4539e+06,0,RTS,20
9.4539e+06,9,RTS,20
9.4539e+06,10,RTS,20
9.45403e+06,0,RTS,20
9.45404e+06,2,RTS,20
9.45404e+06,7,RTS,20
9.45418e+06,15,RTS,20
9.45425e+06,20,CTS,14
9.45431e+06,15,QOSDATA_TID6,1066
9.45449e+06,20,ACK,14
9.45454e+06,15,CTL,20
9.45462e+06,5,RTS,20
9.45469e+06,20,CTS,14
9.45475e+06,5,QOSDATA_TID6,1066
9.45493e+06,20,ACK,14
9.45498e+06,5,CTL,20
9.45506e+06,7,RTS,20
9.45506e+06,18,RTS,20
9.45513e+06,20,CTS,14
9.45519e+06,7,QOSDATA_TID6,1066
9.45538e+06,20,ACK,14
9.45542e+06,7,CTL,20
9.45551e+06,14,RTS,20
9.45557e+06,20,CTS,14
9.45563e+06,14,QOSDATA_TID6,1066
9.45582e+06,20,ACK,14
9.45586e+06,14,CTL,20
9.45595e+06,0,RTS,20
9.45595e+06,2,RTS,20
9.45595e+06,3,RTS,20
9.45606e+06,8,RTS,20
9.45612e+06,20,CTS,14
9.45618e+06,8,QOSDATA_TID6,1066
9.45637e+06,20,ACK,14
9.45641e+06,8,CTL,20
9.4565e+06,16,RTS,20
9.45656e+06,20,CTS,14
9.45662e+06,16,QOSDATA_TID6,1066
9.45681e+06,20,ACK,14
9.45685e+06,16,QOSDATA_TID6,1066
9.45704e+06,20,ACK,14
9.45708e+06,16,QOSDATA_TID6,1066
9.45726e+06,20,ACK,14
9.45731e+06,16,CTL,20
9.4574e+06,11,RTS,20
9.4574e+06,0,RTS,20
9.45746e+06,20,CTS,14
9.45752e+06,0,QOSDATA_TID6,1066
9.45771e+06,20,ACK,14
9.45775e+06,0,QOSDATA_TID6,1066
9.45794e+06,20,ACK,14
9.45798e+06,0,QOSDATA_TID6,1066
9.45816e+06,20,ACK,14
9.45821e+06,0,CTL,20
9.4583e+06,6,RTS,20
9.4583e+06,9,RTS,20
9.4583e+06,13,RTS,20
9.4584e+06,12,RTS,20
9.45847e+06,20,CTS,14
9.45853e+06,12,QOSDATA_TID6,1066
9.45871e+06,20,ACK,14
9.45876e+06,12,CTL,20
9.45885e+06,10,RTS,20
9.45892e+06,20,CTS,14
9.45898e+06,10,QOSDATA_TID6,1066
9.45916e+06,20,ACK,14
9.45921e+06,10,CTL,20
9.45929e+06,7,RTS,20
9.45936e+06,20,CTS,14
9.45942e+06,7,QOSDATA_TID6,1066
9.45961e+06,20,ACK,14
9.45965e+06,7,CTL,20
9.45974e+06,1,RTS,20
9.45974e+06,2,RTS,20
9.45974e+06,18,RTS,20
9.45983e+06,13,RTS,20
9.4599e+06,20,CTS,14
9.45996e+06,13,QOSDATA_TID6,1066
9.46015e+06,20,ACK,14
9.46019e+06,13,CTL,20
9.46028e+06,18,RTS,20
9.46034e+06,20,CTS,14
9.4604e+06,18,QOSDATA_TID6,1066
9.46059e+06,20,ACK,14
9.46063e+06,18,CTL,20
9.46072e+06,10,RTS,20
9.46072e+06,17,RTS,20
9.46072e+06,11,RTS,20
9.46079e+06,20,CTS,14
9.46085e+06,17,QOSDATA_TID6,1066
9.46103e+06,20,ACK,14
9.46107e+06,17,CTL,20
9.46116e+06,4,RTS,20
9.46116e+06,3,RTS,20
9.46126e+06,19,RTS,20
9.46126e+06,15,RTS,20
9.4614e+06,10,RTS,20
9.46146e+06,20,CTS,14
9.46152e+06,10,QOSDATA_TID6,1066
9.46171e+06,20,ACK,14
9.46175e+06,10,CTL,20
9.46184e+06,3,RTS,20
9.46184e+06,15,RTS,20
9.46194e+06,5,RTS,20
9.462e+06,20,CTS,14
9.46206e+06,5,QOSDATA_TID6,1066
9.46225e+06,20,ACK,14
9.46229e+06,5,CTL,20
9.46238e+06,3,RTS,20
9.46238e+06,18,RTS,20
9.46238e+06,4,RTS,20
9.46238e+06,15,RTS,20
9.46248e+06,19,RTS,20
9.46248e+06,2,RTS,20
9.46248e+06,6,RTS,20
9.46257e+06,18,RTS,20
9.46264e+06,20,CTS,14
9.4627e+06,18,QOSDATA_TID6,1066
9.46289e+06,20,ACK,14
9.46293e+06,18,CTL,20
9.46302e+06,15,RTS,20
9.46308e+06,20,CTS,14
9.46314e+06,15,QOSDATA_TID6,1066
9.46333e+06,20,ACK,14
9.46337e+06,15,CTL,20
9.46346e+06,1,RTS,20
9.46346e+06,9,RTS,20
9.46353e+06,20,CTS,14
9.46359e+06,1,QOSDATA_TID6,1066
9.46377e+06,20,ACK,14
9.46381e+06,1,CTL,20
9.46391e+06,9,RTS,20
9.46398e+06,20,CTS,14
9.46404e+06,9,QOSDATA_TID6,1066
9.46422e+06,20,ACK,14
9.46426e+06,9,QOSDATA_TID6,1066
9.46445e+06,20,ACK,14
9.46449e+06,9,QOSDATA_TID6,1066
9.46468e+06,20,ACK,14
9.46472e+06,9,CTL,20
9.46481e+06,8,RTS,20
9.46481e+06,14,RTS,20
9.46488e+06,20,CTS,14
9.46494e+06,8,QOSDATA_TID6,1066
9.46512e+06,20,ACK,14
9.46516e+06,8,CTL,20
9.46526e+06,11,RTS,20
9.46526e+06,3,RTS,20
9.46526e+06,6,RTS,20
9.46537e+06,19,RTS,20
9.46543e+06,20,CTS,14
9.46549e+06,19,QOSDATA_TID6,1066
9.46568e+06,20,ACK,14
9.46572e+06,19,CTL,20
9.46582e+06,6,RTS,20
9.46582e+06,13,RTS,20
9.46595e+06,6,RTS,20
9.46602e+06,20,CTS,14
9.46608e+06,6,QOSDATA_TID6,1066
9.46626e+06,20,ACK,14
9.4663e+06,6,CTL,20
9.46639e+06,12,RTS,20
9.46646e+06,20,CTS,14
9.46652e+06,12,QOSDATA_TID6,1066
9.4667e+06,20,ACK,14
9.46675e+06,12,CTL,20
9.46684e+06,11,RTS,20
9.46684e+06,4,RTS,20
9.46684e+06,13,RTS,20
9.46684e+06,0,RTS,20
9.46684e+06,9,RTS,20
9.46694e+06,16,RTS,20
9.46694e+06,14,RTS,20
9.46705e+06,9,RTS,20
9.46711e+06,20,CTS,14
9.46717e+06,9,QOSDATA_TID6,1066
9.46736e+06,20,ACK,14
9.4674e+06,9,CTL,20
9.46749e+06,16,RTS,20
9.46749e+06,13,RTS,20
9.46759e+06,2,RTS,20
9.46765e+06,20,CTS,14
9.46771e+06,2,QOSDATA_TID6,1066
9.4679e+06,20,ACK,14
9.46794e+06,2,QOSDATA_TID6,1066
9.46813e+06,20,ACK,14
9.46817e+06,2,CTL,20
9.46826e+06,6,RTS,20
9.46826e+06,7,RTS,20
9.46838e+06,3,RTS,20
9.46845e+06,20,CTS,14
9.46851e+06,3,QOSDATA_TID6,1066
9.46869e+06,20,ACK,14
9.46874e+06,3,QOSDATA_TID6,1066
9.46892e+06,20,ACK,14
9.46896e+06,3,QOSDATA_TID6,1066
9.46915e+06,20,ACK,14
9.46919e+06,3,QOSDATA_TID6,1066
9.46938e+06,20,ACK,14
9.46942e+06,3,QOSDATA_TID6,1066
9.4696e+06,20,ACK,14
9.46965e+06,3,CTL,20
9.46974e+06,15,RTS,20
9.4698e+06,20,CTS,14
9.46986e+06,15,QOSDATA_TID6,1066
9.47005e+06,20,ACK,14
9.47009e+06,15,CTL,20
9.47018e+06,5,RTS,20
9.47018e+06,10,RTS,20
9.47024e+06,20,CTS,14
9.4703e+06,5,QOSDATA_TID6,1066
9.47049e+06,20,ACK,14
9.47053e+06,5,CTL,20
9.47063e+06,1,RTS,20
9.47063e+06,19,RTS,20
9.47063e+06,2,RTS,20
9.47063e+06,11,RTS,20
9.47063e+06,0,RTS,20
9.47073e+06,8,RTS,20
9.47073e+06,17,RTS,20
9.47082e+06,1,RTS,20
9.47082e+06,18,RTS,20
9.47089e+06,20,CTS,14
9.47095e+06,1,QOSDATA_TID6,1066
9.47114e+06,20,ACK,14
9.47118e+06,1,CTL,20
9.47128e+06,13,RTS,20
9.47128e+06,10,RTS,20
9.47128e+06,14,RTS,20
9.47139e+06,16,RTS,20
9.47146e+06,20,CTS,14
9.47152e+06,16,QOSDATA_TID6,1066
9.4717e+06,20,ACK,14
9.47175e+06,16,CTL,20
9.47183e+06,8,RTS,20
9.47183e+06,14,RTS,20
9.4719e+06,20,CTS,14
9.47196e+06,8,QOSDATA_TID6,1066
9.47214e+06,20,ACK,14
9.47219e+06,8,CTL,20
9.47228e+06,17,RTS,20
9.47228e+06,19,RTS,20
9.47228e+06,10,RTS,20
9.47235e+06,20,CTS,14
9.47241e+06,17,QOSDATA_TID6,1066
9.4726e+06,20,ACK,14
9.47264e+06,17,CTL,20
9.47273e+06,11,RTS,20
9.4728e+06,20,CTS,14
9.47286e+06,11,QOSDATA_TID6,1066
9.47304e+06,20,ACK,14
9.47308e+06,11,QOSDATA_TID6,1066
9.47327e+06,20,ACK,14
9.47331e+06,11,QOSDATA_TID6,1066
9.4735e+06,20,ACK,14
9.47354e+06,11,CTL,20
9.47363e+06,16,RTS,20
9.47363e+06,4,RTS,20
9.47363e+06,13,RTS,20
9.47373e+06,9,RTS,20
9.4738e+06,20,CTS,14
9.47386e+06,9,QOSDATA_TID6,1066
9.47404e+06,20,ACK,14
9.47409e+06,9,CTL,20
9.47417e+06,2,RTS,20
9.47424e+06,20,CTS,14
9.4743e+06,2,QOSDATA_TID6,1066
9.47449e+06,20,ACK,14
9.47453e+06,2,CTL,20
9.47462e+06,10,RTS,20
9.47462e+06,19,RTS,20
9.47462e+06,0,CTS,14
9.47475e+06,0,RTS,20
9.47482e+06,20,CTS,14
9.47488e+06,0,QOSDATA_TID6,1066
9.47506e+06,20,ACK,14
9.4751e+06,0,QOSDATA_TID6,1066
9.47529e+06,20,ACK,14
9.47533e+06,0,CTL,20
9.47542e+06,18,RTS,20
9.47542e+06,3,RTS,20
9.47542e+06,7,RTS,20
9.47542e+06,1,RTS,20
9.47552e+06,16,RTS,20
9.47552e+06,14,RTS,20
9.47564e+06,13,RTS,20
9.47571e+06,20,CTS,14
9.47577e+06,13,QOSDATA_TID6,1066
9.47596e+06,20,ACK,14
9.476e+06,13,QOSDATA_TID6,1066
9.47618e+06,20,ACK,14
9.47623e+06,13,CTL,20
9.47631e+06,5,RTS,20
9.47631e+06,18,RTS,20
9.47631e+06,10,RTS,20
9.47638e+06,20,CTS,14
9.47644e+06,5,QOSDATA_TID6,1066
9.47663e+06,20,ACK,14
9.47667e+06,5,CTL,20
9.47676e+06,10,RTS,20
9.47682e+06,20,CTS,14
9.47688e+06,10,QOSDATA_TID6,1066
9.47707e+06,20,ACK,14
9.47711e+06,10,QOSDATA_TID6,1066
9.4773e+06,20,ACK,14
9.47734e+06,10,CTL,20
9.47743e+06,18,RTS,20
9.47743e+06,2,RTS,20
9.47743e+06,3,RTS,20
9.47743e+06,6,RTS,20
9.47743e+06,19,RTS,20
9.47743e+06,11,RTS,20
9.47753e+06,12,RTS,20
9.47753e+06,15,RTS,20
9.4776e+06,20,CTS,14
9.47766e+06,12,QOSDATA_TID6,1066
9.47784e+06,20,ACK,14
9.47789e+06,12,CTL,20
9.47798e+06,2,RTS,20
9.47798e+06,18,RTS,20
9.47808e+06,4,RTS,20
9.47815e+06,20,CTS,14
9.47821e+06,4,QOSDATA_TID6,1066
9.47839e+06,20,ACK,14
9.47844e+06,4,QOSDATA_TID6,1066
9.47862e+06,20,ACK,14
9.47867e+06,4,QOSDATA_TID6,1066
9.47885e+06,20,ACK,14
9.47889e+06,4,CTL,20
9.47898e+06,16,RTS,20
9.47898e+06,8,RTS,20
9.47905e+06,20,CTS,14
9.47911e+06,8,QOSDATA_TID6,1066
9.47929e+06,20,ACK,14
9.47934e+06,8,CTL,20
9.47943e+06,15,RTS,20
9.47943e+06,14,RTS,20
9.47953e+06,17,RTS,20
9.4796e+06,20,CTS,14
9.47966e+06,17,QOSDATA_TID6,1066
9.47984e+06,20,ACK,14
9.47988e+06,17,CTL,20
9.47997e+06,2,RTS,20
9.48004e+06,20,CTS,14
9.4801e+06,2,QOSDATA_TID6,1066
9.48028e+06,20,ACK,14
9.48033e+06,2,CTL,20
9.48041e+06,3,RTS,20
9.48041e+06,18,RTS,20
9.48041e+06,1,RTS,20
9.48041e+06,11,RTS,20
9.48052e+06,7,RTS,20
9.48059e+06,20,CTS,14
9.48065e+06,7,QOSDATA_TID6,1066
9.48083e+06,20,ACK,14
9.48088e+06,7,QOSDATA_TID6,1066
9.48106e+06,20,ACK,14
9.4811e+06,7,CTL,20
9.4812e+06,0,RTS,20
9.48127e+06,20,CTS,14
9.48133e+06,0,QOSDATA_TID6,1066
9.48151e+06,20,ACK,14
9.48156e+06,0,CTL,20
9.48164e+06,15,RTS,20
9.48164e+06,19,RTS,20
9.48164e+06,13,RTS,20
9.48175e+06,7,RTS,20
9.48182e+06,20,CTS,14
9.48188e+06,7,QOSDATA_TID6,1066
9.48206e+06,20,ACK,14
9.4821e+06,7,CTL,20
9.48219e+06,13,RTS,20
9.48226e+06,20,CTS,14
9.48232e+06,13,QOSDATA_TID6,1066
9.4825e+06,20,ACK,14
9.48255e+06,13,CTL,20
9.48263e+06,14,RTS,20
9.48263e+06,11,RTS,20
9.48263e+06,16,RTS,20
9.48263e+06,18,RTS,20
9.48263e+06,9,RTS,20
9.48274e+06,1,RTS,20
9.48274e+06,6,RTS,20
9.48285e+06,9,RTS,20
9.48292e+06,20,CTS,14
9.48298e+06,9,QOSDATA_TID6,1066
9.48316e+06,20,ACK,14
9.4832e+06,9,CTL,20
9.48329e+06,6,RTS,20
9.48336e+06,20,CTS,14
9.48342e+06,6,QOSDATA_TID6,1066
9.4836e+06,20,ACK,14
9.48364e+06,6,QOSDATA_TID6,1066
9.48383e+06,20,ACK,14
9.48387e+06,6,QOSDATA_TID6,1066
9.48406e+06,20,ACK,14
9.4841e+06,6,CTL,20
9.48419e+06,17,RTS,20
9.48419e+06,3,RTS,20
9.48419e+06,16,RTS,20
9.48426e+06,20,CTS,14
9.48432e+06,17,QOSDATA_TID6,1066
9.4845e+06,20,ACK,14
9.48454e+06,17,CTL,20
9.48463e+06,5,RTS,20
9.48463e+06,2,RTS,20
9.48463e+06,10,RTS,20
9.48463e+06,14,RTS,20
9.4847e+06,20,CTS,14
9.48476e+06,5,QOSDATA_TID6,1066
9.48494e+06,20,ACK,14
9.48498e+06,5,CTL,20
9.48508e+06,12,RTS,20
9.48508e+06,11,RTS,20
9.48508e+06,4,RTS,20
9.48515e+06,20,CTS,14
9.48521e+06,12,QOSDATA_TID6,1066
9.48539e+06,20,ACK,14
9.48544e+06,12,CTL,20
9.48552e+06,15,RTS,20
9.48552e+06,14,RTS,20
9.48552e+06,10,RTS,20
9.48563e+06,11,RTS,20
9.4857e+06,20,CTS,14
9.48576e+06,11,QOSDATA_TID6,1066
9.48594e+06,20,ACK,14
9.48598e+06,11,QOSDATA_TID6,1066
9.48617e+06,20,ACK,14
9.48621e+06,11,CTL,20
9.4863e+06,1,RTS,20
9.48637e+06,20,CTS,14
9.48643e+06,1,QOSDATA_TID6,1066
9.48661e+06,20,ACK,14
9.48666e+06,1,QOSDATA_TID6,1066
9.48684e+06,20,ACK,14
9.48688e+06,1,CTL,20
9.48697e+06,8,RTS,20
9.48697e+06,19,RTS,20
9.48697e+06,18,RTS,20
9.48707e+06,16,RTS,20
9.48707e+06,4,RTS,20
9.48716e+06,14,RTS,20
9.48716e+06,18,RTS,20
9.48726e+06,4,RTS,20
9.48733e+06,20,CTS,14
9.48739e+06,4,QOSDATA_TID6,1066
9.48758e+06,20,ACK,14
9.48762e+06,4,CTL,20
9.4877e+06,14,RTS,20
9.4877e+06,18,RTS,20
9.4878e+06,16,RTS,20
9.48787e+06,20,CTS,14
9.48793e+06,16,QOSDATA_TID6,1066
9.48812e+06,20,ACK,14
9.48816e+06,16,QOSDATA_TID6,1066
9.48834e+06,20,ACK,14
9.48839e+06,16,CTL,20
9.48849e+06,19,RTS,20
9.48849e+06,3,RTS,20
9.48856e+06,20,CTS,14
9.48862e+06,19,QOSDATA_TID6,1066
9.4888e+06,20,ACK,14
9.48885e+06,19,QOSDATA_TID6,1066
9.48903e+06,20,ACK,14
9.48908e+06,19,QOSDATA_TID6,1066
9.48926e+06,20,ACK,14
9.4893e+06,19,CTL,20
9.48939e+06,14,RTS,20
9.48946e+06,20,CTS,14
9.48952e+06,14,QOSDATA_TID6,1066
9.4897e+06,20,ACK,14
9.48975e+06,14,QOSDATA_TID6,1066
9.48993e+06,20,ACK,14
9.48997e+06,14,QOSDATA_TID6,1066
9.49016e+06,20,ACK,14
9.4902e+06,14,CTL,20
9.49029e+06,15,RTS,20
9.49036e+06,20,CTS,14
9.49042e+06,15,QOSDATA_TID6,1066
9.4906e+06,20,ACK,14
9.49064e+06,15,QOSDATA_TID6,1066
9.49083e+06,20,ACK,14
9.49087e+06,15,CTL,20
9.49096e+06,7,RTS,20
9.49096e+06,19,RTS,20
9.49106e+06,0,RTS,20
9.49112e+06,20,CTS,14
9.49118e+06,0,QOSDATA_TID6,1066
9.49137e+06,20,ACK,14
9.49141e+06,0,CTL,20
9.4915e+06,17,RTS,20
9.4915e+06,11,RTS,20
9.4915e+06,16,RTS,20
9.49157e+06,20,CTS,14
9.49163e+06,17,QOSDATA_TID6,1066
9.49181e+06,20,ACK,14
9.49185e+06,17,CTL,20
9.49194e+06,7,RTS,20
9.49194e+06,2,RTS,20
9.49194e+06,9,RTS,20
9.49194e+06,13,RTS,20
9.49204e+06,8,RTS,20
9.49204e+06,6,RTS,20
9.49211e+06,20,CTS,14
9.49217e+06,8,QOSDATA_TID6,1066
9.49235e+06,20,ACK,14
9.49239e+06,8,CTL,20
9.49248e+06,5,RTS,20
9.49248e+06,7,RTS,20
9.49255e+06,20,CTS,14
9.49261e+06,5,QOSDATA_TID6,1066
9.49279e+06,20,ACK,14
9.49284e+06,5,CTL,20
9.49293e+06,1,RTS,20
9.49293e+06,10,RTS,20
9.493e+06,20,CTS,14
9.49306e+06,1,QOSDATA_TID6,1066
9.49324e+06,20,ACK,14
9.49329e+06,1,CTL,20
9.49337e+06,15,RTS,20
9.49344e+06,20,CTS,14
9.4935e+06,15,QOSDATA_TID6,1066
9.49368e+06,20,ACK,14
9.49373e+06,15,CTL,20
9.49382e+06,18,RTS,20
9.49382e+06,10,RTS,20
9.49392e+06,12,RTS,20
9.49392e+06,4,RTS,20
9.49399e+06,20,CTS,14
9.49405e+06,12,QOSDATA_TID6,1066
9.49423e+06,20,ACK,14
9.49428e+06,12,CTL,20
9.49437e+06,16,RTS,20
9.49444e+06,20,CTS,14
9.4945e+06,16,QOSDATA_TID6,1066
9.49468e+06,20,ACK,14
9.49473e+06,16,CTL,20
9.49482e+06,4,RTS,20
9.49482e+06,7,RTS,20
9.49482e+06,19,RTS,20
9.49482e+06,3,RTS,20
9.49493e+06,6,RTS,20
9.495e+06,20,CTS,14
9.49506e+06,6,QOSDATA_TID6,1066
9.49524e+06,20,ACK,14
9.49529e+06,6,CTL,20
9.49538e+06,14,RTS,20
9.49538e+06,18,RTS,20
9.49538e+06,19,RTS,20
9.49538e+06,11,RTS,20
9.49548e+06,13,RTS,20
9.49555e+06,20,CTS,14
9.49561e+06,13,QOSDATA_TID6,1066
9.49579e+06,20,ACK,14
9.49584e+06,13,CTL,20
9.49592e+06,19,RTS,20
9.49599e+06,20,CTS,14
9.49605e+06,19,QOSDATA_TID6,1066
9.49623e+06,20,ACK,14
9.49628e+06,19,CTL,20
9.49636e+06,7,RTS,20
9.49636e+06,9,RTS,20
9.49636e+06,14,RTS,20
9.49643e+06,20,CTS,14
9.49649e+06,7,QOSDATA_TID6,1066
9.49668e+06,20,ACK,14
9.49672e+06,7,CTL,20
9.49681e+06,9,RTS,20
9.49688e+06,20,CTS,14
9.49694e+06,9,QOSDATA_TID6,1066
9.49712e+06,20,ACK,14
9.49716e+06,9,CTL,20
9.49725e+06,2,RTS,20
9.49725e+06,10,RTS,20
9.49725e+06,0,RTS,20
9.49735e+06,8,RTS,20
9.49735e+06,16,RTS,20
9.49735e+06,4,RTS,20
9.49742e+06,20,CTS,14
9.49748e+06,8,QOSDATA_TID6,1066
9.49766e+06,20,ACK,14
9.4977e+06,8,CTL,20
9.4978e+06,9,RTS,20
9.4978e+06,13,RTS,20
9.4978e+06,10,RTS,20
9.4979e+06,16,RTS,20
9.49796e+06,20,CTS,14
9.49802e+06,16,QOSDATA_TID6,1066
9.49821e+06,20,ACK,14
9.49825e+06,16,CTL,20
9.49835e+06,11,RTS,20
9.49835e+06,10,RTS,20
9.49846e+06,14,RTS,20
9.49853e+06,20,CTS,14
9.49859e+06,14,QOSDATA_TID6,1066
9.49878e+06,20,ACK,14
9.49882e+06,14,CTL,20
9.4989e+06,12,RTS,20
9.49897e+06,20,CTS,14
9.49903e+06,12,QOSDATA_TID6,1066
9.49922e+06,20,ACK,14
9.49926e+06,12,CTL,20
9.49935e+06,17,RTS,20
9.49942e+06,20,CTS,14
9.49948e+06,17,QOSDATA_TID6,1066
9.49966e+06,20,ACK,14
9.4997e+06,17,CTL,20
9.49979e+06,1,RTS,20
9.49979e+06,3,RTS,20
9.49979e+06,13,RTS,20
9.49979e+06,6,RTS,20
9.4999e+06,7,RTS,20
9.4999e+06,18,RTS,20
9.4999e+06,4,RTS,20
9.5e+06,19,RTS,20
9.50007e+06,20,CTS,14
9.50013e+06,19,QOSDATA_TID6,1066
9.50032e+06,20,ACK,14
9.50036e+06,19,CTL,20
9.50045e+06,1,RTS,20
9.50045e+06,11,RTS,20
9.50045e+06,7,RTS,20
9.50045e+06,6,RTS,20
9.50055e+06,2,RTS,20
9.50055e+06,3,RTS,20
9.50062e+06,20,CTS,14
9.50068e+06,2,QOSDATA_TID6,1066
9.50086e+06,20,ACK,14
9.50091e+06,2,QOSDATA_TID6,1066
9.50109e+06,20,ACK,14
9.50114e+06,2,QOSDATA_TID6,1066
9.50132e+06,20,ACK,14
9.50136e+06,2,CTL,20
9.50145e+06,7,RTS,20
9.50145e+06,15,RTS,20
9.50156e+06,13,RTS,20
9.50156e+06,3,RTS,20
9.50167e+06,1,RTS,20
9.50167e+06,0,RTS,20
9.50179e+06,3,RTS,20
9.50179e+06,9,RTS,20
9.50189e+06,1,RTS,20
9.50189e+06,0,CTS,14
9.50202e+06,0,RTS,20
9.50209e+06,20,CTS,14
9.50215e+06,0,QOSDATA_TID6,1066
9.50233e+06,20,ACK,14
9.50237e+06,0,CTL,20
9.50247e+06,9,RTS,20
9.50254e+06,20,CTS,14
9.5026e+06,9,QOSDATA_TID6,1066
9.50278e+06,20,ACK,14
9.50282e+06,9,CTL,20
9.50291e+06,5,RTS,20
9.50291e+06,7,RTS,20
9.50291e+06,13,RTS,20
9.50298e+06,20,CTS,14
9.50304e+06,5,QOSDATA_TID6,1066
9.50322e+06,20,ACK,14
9.50327e+06,5,CTL,20
9.50335e+06,6,RTS,20
9.50342e+06,20,CTS,14
9.50348e+06,6,QOSDATA_TID6,1066
9.50366e+06,20,ACK,14
9.50371e+06,6,CTL,20
9.5038e+06,1,RTS,20
9.5038e+06,13,RTS,20
9.50386e+06,20,CTS,14
9.50392e+06,1,QOSDATA_TID6,1066
9.50411e+06,20,ACK,14
9.50415e+06,1,CTL,20
9.50425e+06,13,RTS,20
9.50425e+06,10,RTS,20
9.50434e+06,8,RTS,20
9.50441e+06,20,CTS,14
9.50447e+06,8,QOSDATA_TID6,1066
9.50466e+06,20,ACK,14
9.5047e+06,8,CTL,20
9.5048e+06,4,RTS,20
9.5048e+06,10,RTS,20
9.5048e+06,14,RTS,20
9.50494e+06,14,RTS,20
9.505e+06,20,CTS,14
9.50506e+06,14,QOSDATA_TID6,1066
9.50525e+06,20,ACK,14
9.50529e+06,14,CTL,20
9.50538e+06,13,RTS,20
9.50545e+06,20,CTS,14
9.50551e+06,13,QOSDATA_TID6,1066
9.50569e+06,20,ACK,14
9.50573e+06,13,QOSDATA_TID6,1066
9.50592e+06,20,ACK,14
9.50596e+06,13,CTL,20
9.50605e+06,0,RTS,20
9.50612e+06,20,CTS,14
9.50618e+06,0,QOSDATA_TID6,1066
9.50636e+06,20,ACK,14
9.5064e+06,0,CTL,20
9.50649e+06,9,RTS,20
9.50649e+06,4,RTS,20
9.50661e+06,15,RTS,20
9.50667e+06,20,CTS,14
9.50673e+06,15,QOSDATA_TID6,1066
9.50692e+06,20,ACK,14
9.50696e+06,15,CTL,20
9.50706e+06,18,RTS,20
9.50706e+06,19,RTS,20
9.50706e+06,11,RTS,20
9.50706e+06,16,RTS,20
9.50706e+06,10,RTS,20
9.50706e+06,3,RTS,20
9.50716e+06,7,RTS,20
9.50722e+06,20,CTS,14
9.50728e+06,7,QOSDATA_TID6,1066
9.50747e+06,20,ACK,14
9.50751e+06,7,QOSDATA_TID6,1066
9.5077e+06,20,ACK,14
9.50774e+06,7,CTL,20
9.50782e+06,16,RTS,20
9.50782e+06,6,RTS,20
9.50797e+06,3,RTS,20
9.50804e+06,20,CTS,14
9.5081e+06,3,QOSDATA_TID6,1066
9.50828e+06,20,ACK,14
9.50832e+06,3,QOSDATA_TID6,1066
9.50851e+06,20,ACK,14
9.50855e+06,3,QOSDATA_TID6,1066
9.50874e+06,20,ACK,14
9.50878e+06,3,QOSDATA_TID6,1066
9.50896e+06,20,ACK,14
9.50901e+06,3,CTL,20
9.50909e+06,2,RTS,20
9.50916e+06,20,CTS,14
9.50922e+06,2,QOSDATA_TID6,1066
9.50941e+06,20,ACK,14
9.50945e+06,2,CTL,20
9.50954e+06,9,RTS,20
9.50954e+06,12,RTS,20
9.50954e+06,16,RTS,20
9.5096e+06,20,CTS,14
9.50966e+06,12,QOSDATA_TID6,1066
9.50985e+06,20,ACK,14
9.50989e+06,12,CTL,20
9.50998e+06,1,RTS,20
9.50998e+06,9,RTS,20
9.51005e+06,20,CTS,14
9.51011e+06,1,QOSDATA_TID6,1066
9.51029e+06,20,ACK,14
9.51033e+06,1,CTL,20
9.51043e+06,11,RTS,20
9.51043e+06,4,RTS,20
9.51053e+06,15,RTS,20
9.51053e+06,6,RTS,20
9.51062e+06,9,RTS,20
9.51069e+06,20,CTS,14
9.51075e+06,9,QOSDATA_TID6,1066
9.51094e+06,20,ACK,14
9.51098e+06,9,CTL,20
9.51108e+06,5,RTS,20
9.51108e+06,8,RTS,20
9.51108e+06,17,RTS,20
9.51117e+06,15,RTS,20
9.51124e+06,20,CTS,14
9.5113e+06,15,QOSDATA_TID6,1066
9.51149e+06,20,ACK,14
9.51153e+06,15,CTL,20
9.51162e+06,6,RTS,20
9.51162e+06,5,RTS,20
9.51162e+06,18,RTS,20
9.51162e+06,10,RTS,20
9.51168e+06,20,CTS,14
9.51174e+06,5,QOSDATA_TID6,1066
9.51193e+06,20,ACK,14
9.51197e+06,5,CTL,20
9.51206e+06,18,RTS,20
9.51206e+06,4,RTS,20
9.51213e+06,20,CTS,14
9.51219e+06,18,QOSDATA_TID6,1066
9.51237e+06,20,ACK,14
9.51242e+06,18,QOSDATA_TID6,1066
9.5126e+06,20,ACK,14
9.51264e+06,18,QOSDATA_TID6,1066
9.51283e+06,20,ACK,14
9.51287e+06,18,QOSDATA_TID6,1066
9.51306e+06,20,ACK,14
9.5131e+06,18,CTL,20
9.5132e+06,14,RTS,20
9.5132e+06,19,RTS,20
9.5132e+06,16,RTS,20
9.51333e+06,14,RTS,20
9.51334e+06,10,RTS,20
9.51344e+06,16,RTS,20
9.51351e+06,20,CTS,14
9.51357e+06,16,QOSDATA_TID6,1066
9.51376e+06,20,ACK,14
9.5138e+06,16,QOSDATA_TID6,1066
9.51398e+06,20,ACK,14
9.51403e+06,16,CTL,20
9.51411e+06,19,RTS,20
9.51411e+06,9,RTS,20
9.51418e+06,20,CTS,14
9.51424e+06,19,QOSDATA_TID6,1066
9.51443e+06,20,ACK,14
9.51447e+06,19,CTL,20
9.51456e+06,4,RTS,20
9.51456e+06,0,RTS,20
9.51456e+06,13,RTS,20
9.51466e+06,12,RTS,20
9.51466e+06,3,RTS,20
9.51473e+06,20,CTS,14
9.51479e+06,12,QOSDATA_TID6,1066
9.51498e+06,20,ACK,14
9.51502e+06,12,CTL,20
9.5151e+06,13,RTS,20
9.51517e+06,20,CTS,14
9.51523e+06,13,QOSDATA_TID6,1066
9.51542e+06,20,ACK,14
9.51546e+06,13,CTL,20
9.51555e+06,4,RTS,20
9.51555e+06,17,RTS,20
9.51555e+06,19,RTS,20
9.51562e+06,20,CTS,14
9.51568e+06,17,QOSDATA_TID6,1066
9.51586e+06,20,ACK,14
9.5159e+06,17,QOSDATA_TID6,1066
9.51609e+06,20,ACK,14
9.51613e+06,17,CTL,20
9.51622e+06,8,RTS,20
9.51622e+06,7,RTS,20
9.51632e+06,11,RTS,20
9.51632e+06,0,RTS,20
9.51632e+06,6,RTS,20
9.51642e+06,10,RTS,20
9.51649e+06,20,CTS,14
9.51655e+06,10,QOSDATA_TID6,1066
9.51673e+06,20,ACK,14
9.51678e+06,10,QOSDATA_TID6,1066
9.51696e+06,20,ACK,14
9.51701e+06,10,QOSDATA_TID6,1066
9.51719e+06,20,ACK,14
9.51723e+06,10,QOSDATA_TID6,1066
9.51742e+06,20,ACK,14
9.51746e+06,10,CTL,20
9.51755e+06,2,RTS,20
9.51755e+06,5,RTS,20
9.51755e+06,14,RTS,20
9.51762e+06,20,CTS,14
9.51768e+06,5,QOSDATA_TID6,1066
9.51786e+06,20,ACK,14
9.5179e+06,5,CTL,20
9.518e+06,1,RTS,20
9.518e+06,3,RTS,20
9.518e+06,9,RTS,20
9.51807e+06,20,CTS,14
9.51813e+06,1,QOSDATA_TID6,1066
9.51831e+06,20,ACK,14
9.51836e+06,1,CTL,20
9.51844e+06,3,RTS,20
9.51851e+06,20,CTS,14
9.51857e+06,3,QOSDATA_TID6,1066
9.51875e+06,20,ACK,14
9.5188e+06,3,CTL,20
9.51888e+06,15,RTS,20
9.51895e+06,20,CTS,14
9.51901e+06,15,QOSDATA_TID6,1066
9.5192e+06,20,ACK,14
9.51924e+06,15,CTL,20
9.51932e+06,18,RTS,20
9.51932e+06,11,RTS,20
9.51932e+06,9,RTS,20
9.51943e+06,2,RTS,20
9.51943e+06,14,RTS,20
9.5195e+06,20,CTS,14
9.51956e+06,2,QOSDATA_TID6,1066
9.51974e+06,20,ACK,14
9.51979e+06,2,CTL,20
9.51988e+06,11,RTS,20
9.51994e+06,20,CTS,14
9.52e+06,11,QOSDATA_TID6,1066
9.52019e+06,20,ACK,14
9.52023e+06,11,QOSDATA_TID6,1066
9.52042e+06,20,ACK,14
9.52046e+06,11,QOSDATA_TID6,1066
9.52064e+06,20,ACK,14
9.52069e+06,11,CTL,20
9.52077e+06,8,RTS,20
9.52077e+06,0,CTS,14
9.5209e+06,0,RTS,20
9.52096e+06,20,CTS,14
9.52102e+06,0,QOSDATA_TID6,1066
9.52121e+06,20,ACK,14
9.52125e+06,0,QOSDATA_TID6,1066
9.52144e+06,20,ACK,14
9.52148e+06,0,CTL,20
9.52156e+06,19,RTS,20
9.52156e+06,16,RTS,20
9.52163e+06,20,CTS,14
9.52169e+06,19,QOSDATA_TID6,1066
9.52188e+06,20,ACK,14
9.52192e+06,19,CTL,20
9.52201e+06,6,RTS,20
9.52201e+06,13,RTS,20
9.52216e+06,8,RTS,20
9.52223e+06,20,CTS,14
9.52229e+06,8,QOSDATA_TID6,1066
9.52247e+06,20,ACK,14
9.52252e+06,8,QOSDATA_TID6,1066
9.5227e+06,20,ACK,14
9.52274e+06,8,CTL,20
9.52283e+06,12,RTS,20
9.52283e+06,6,RTS,20
9.5229e+06,20,CTS,14
9.52296e+06,12,QOSDATA_TID6,1066
9.52314e+06,20,ACK,14
9.52318e+06,12,CTL,20
9.52328e+06,19,RTS,20
9.52328e+06,14,RTS,20
9.52335e+06,20,CTS,14
9.52341e+06,19,QOSDATA_TID6,1066
9.52359e+06,20,ACK,14
9.52364e+06,19,CTL,20
9.52373e+06,18,RTS,20
9.5238e+06,20,CTS,14
9.52386e+06,18,QOSDATA_TID6,1066
9.52404e+06,20,ACK,14
9.52409e+06,18,CTL,20
9.52417e+06,3,RTS,20
9.52417e+06,1,RTS,20
9.52417e+06,7,RTS,20
9.52417e+06,13,RTS,20
9.52427e+06,11,RTS,20
9.52434e+06,20,CTS,14
9.5244e+06,11,QOSDATA_TID6,1066
9.52458e+06,20,ACK,14
9.52463e+06,11,CTL,20
9.52471e+06,4,RTS,20
9.52471e+06,7,RTS,20
9.52471e+06,10,RTS,20
9.52471e+06,14,RTS,20
9.52482e+06,5,RTS,20
9.52482e+06,17,RTS,20
9.52489e+06,20,CTS,14
9.52495e+06,5,QOSDATA_TID6,1066
9.52513e+06,20,ACK,14
9.52518e+06,5,CTL,20
9.52527e+06,17,RTS,20
9.52527e+06,16,RTS,20
9.52527e+06,9,RTS,20
9.52534e+06,20,CTS,14
9.5254e+06,17,QOSDATA_TID6,1066
9.52558e+06,20,ACK,14
9.52563e+06,17,CTL,20
9.52572e+06,15,RTS,20
9.52579e+06,20,CTS,14
9.52585e+06,15,QOSDATA_TID6,1066
9.52603e+06,20,ACK,14
9.52608e+06,15,CTL,20
9.52616e+06,6,RTS,20
9.52616e+06,7,RTS,20
9.52616e+06,2,RTS,20
9.52616e+06,4,RTS,20
9.52626e+06,1,RTS,20
9.52633e+06,20,CTS,14
9.52639e+06,1,QOSDATA_TID6,1066
9.52657e+06,20,ACK,14
9.52662e+06,1,CTL,20
9.5267e+06,8,RTS,20
9.5267e+06,6,RTS,20
9.52677e+06,20,CTS,14
9.52683e+06,8,QOSDATA_TID6,1066
9.52702e+06,20,ACK,14
9.52706e+06,8,CTL,20
9.52716e+06,18,RTS,20
9.52716e+06,13,RTS,20
9.52716e+06,14,RTS,20
9.52728e+06,6,RTS,20
9.52728e+06,16,RTS,20
9.52739e+06,13,RTS,20
9.52746e+06,20,CTS,14
9.52752e+06,13,QOSDATA_TID6,1066
9.5277e+06,20,ACK,14
9.52774e+06,13,CTL,20
9.52783e+06,3,RTS,20
9.5279e+06,20,CTS,14
9.52796e+06,3,QOSDATA_TID6,1066
9.52814e+06,20,ACK,14
9.52819e+06,3,CTL,20
9.52827e+06,16,RTS,20
9.52834e+06,20,CTS,14
9.5284e+06,16,QOSDATA_TID6,1066
9.52858e+06,20,ACK,14
9.52863e+06,16,QOSDATA_TID6,1066
9.52881e+06,20,ACK,14
9.52886e+06,16,CTL,20
9.52894e+06,7,RTS,20
9.52894e+06,9,RTS,20
9.52894e+06,6,RTS,20
9.52906e+06,10,RTS,20
9.52913e+06,20,CTS,14
9.52919e+06,10,QOSDATA_TID6,1066
9.52937e+06,20,ACK,14
9.52941e+06,10,CTL,20
9.5295e+06,0,RTS,20
9.52957e+06,20,CTS,14
9.52963e+06,0,QOSDATA_TID6,1066
9.52981e+06,20,ACK,14
9.52986e+06,0,CTL,20
9.52994e+06,6,RTS,20
9.52994e+06,18,RTS,20
9.52994e+06,2,RTS,20
9.53004e+06,13,RTS,20
9.53011e+06,20,CTS,14
9.53017e+06,13,QOSDATA_TID6,1066
9.53035e+06,20,ACK,14
9.5304e+06,13,CTL,20
9.53048e+06,6,RTS,20
9.53055e+06,20,CTS,14
9.53061e+06,6,QOSDATA_TID6,1066
9.53079e+06,20,ACK,14
9.53084e+06,6,QOSDATA_TID6,1066
9.53102e+06,20,ACK,14
9.53107e+06,6,QOSDATA_TID6,1066
9.53125e+06,20,ACK,14
9.53129e+06,6,CTL,20
9.53138e+06,9,RTS,20
9.53145e+06,20,CTS,14
9.53151e+06,9,QOSDATA_TID6,1066
9.53169e+06,20,ACK,14
9.53174e+06,9,QOSDATA_TID6,1066
9.53192e+06,20,ACK,14
9.53196e+06,9,QOSDATA_TID6,1066
9.53215e+06,20,ACK,14
9.53219e+06,9,CTL,20
9.53228e+06,2,RTS,20
9.53228e+06,4,RTS,20
9.53235e+06,20,CTS,14
9.53241e+06,2,QOSDATA_TID6,1066
9.53259e+06,20,ACK,14
9.53263e+06,2,QOSDATA_TID6,1066
9.53282e+06,20,ACK,14
9.53286e+06,2,CTL,20
9.53295e+06,15,RTS,20
9.53302e+06,20,CTS,14
9.53308e+06,15,QOSDATA_TID6,1066
9.53326e+06,20,ACK,14
9.5333e+06,15,CTL,20
9.53339e+06,14,RTS,20
9.53339e+06,12,RTS,20
9.53339e+06,17,RTS,20
9.53339e+06,19,RTS,20
9.53339e+06,11,RTS,20
9.53339e+06,10,RTS,20
9.53349e+06,1,RTS,20
9.53356e+06,20,CTS,14
9.53362e+06,1,QOSDATA_TID6,1066
9.5338e+06,20,ACK,14
9.53384e+06,1,CTL,20
9.53393e+06,5,RTS,20
9.53393e+06,12,RTS,20
9.53393e+06,3,RTS,20
9.53405e+06,14,RTS,20
9.53411e+06,20,CTS,14
9.53417e+06,14,QOSDATA_TID6,1066
9.53436e+06,20,ACK,14
9.5344e+06,14,QOSDATA_TID6,1066
9.53459e+06,20,ACK,14
9.53463e+06,14,CTL,20
9.53472e+06,5,RTS,20
9.53478e+06,20,CTS,14
9.53484e+06,5,QOSDATA_TID6,1066
9.53503e+06,20,ACK,14
9.53507e+06,5,CTL,20
9.53516e+06,17,RTS,20
9.53516e+06,12,RTS,20
9.53516e+06,11,RTS,20
9.53516e+06,18,RTS,20
9.53527e+06,14,RTS,20
9.53533e+06,20,CTS,14
9.53539e+06,14,QOSDATA_TID6,1066
9.53558e+06,20,ACK,14
9.53562e+06,14,CTL,20
9.53571e+06,3,RTS,20
9.53578e+06,20,CTS,14
9.53584e+06,3,QOSDATA_TID6,1066
9.53602e+06,20,ACK,14
9.53606e+06,3,CTL,20
9.53615e+06,19,RTS,20
9.53615e+06,7,RTS,20
9.53615e+06,4,RTS,20
9.53627e+06,18,RTS,20
9.53633e+06,20,CTS,14
9.53639e+06,18,QOSDATA_TID6,1066
9.53658e+06,20,ACK,14
9.53662e+06,18,QOSDATA_TID6,1066
9.53681e+06,20,ACK,14
9.53685e+06,18,CTL,20
9.53694e+06,16,RTS,20
9.537e+06,20,CTS,14
9.53706e+06,16,QOSDATA_TID6,1066
9.53725e+06,20,ACK,14
9.53729e+06,16,CTL,20
9.53738e+06,8,RTS,20
9.53738e+06,12,RTS,20
9.53738e+06,10,RTS,20
9.53748e+06,17,RTS,20
9.53754e+06,20,CTS,14
9.5376e+06,17,QOSDATA_TID6,1066
9.53779e+06,20,ACK,14
9.53783e+06,17,CTL,20
9.53792e+06,11,RTS,20
9.53792e+06,9,RTS,20
9.53803e+06,0,RTS,20
9.5381e+06,20,CTS,14
9.53816e+06,0,QOSDATA_TID6,1066
9.53835e+06,20,ACK,14
9.53839e+06,0,CTL,20
9.53848e+06,7,RTS,20
9.53848e+06,13,RTS,20
9.53855e+06,20,CTS,14
9.53861e+06,7,QOSDATA_TID6,1066
9.5388e+06,20,ACK,14
9.53884e+06,7,QOSDATA_TID6,1066
9.53902e+06,20,ACK,14
9.53907e+06,7,QOSDATA_TID6,1066
9.53925e+06,20,ACK,14
9.5393e+06,7,QOSDATA_TID6,1066
9.53948e+06,20,ACK,14
9.53952e+06,7,CTL,20
9.5396e+06,20,BEACON,152
9.53987e+06,1,RTS,20
9.53987e+06,3,RTS,20
9.53987e+06,9,RTS,20
9.53994e+06,20,CTS,14
9.54e+06,1,QOSDATA_TID6,1066
9.54018e+06,20,ACK,14
9.54023e+06,1,CTL,20
9.54032e+06,5,RTS,20
9.54038e+06,20,CTS,14
9.54044e+06,5,QOSDATA_TID6,1066
9.54063e+06,20,ACK,14
9.54067e+06,5,CTL,20
9.54076e+06,15,RTS,20
9.54076e+06,13,RTS,20
9.54086e+06,12,RTS,20
9.54086e+06,17,RTS,20
9.54097e+06,6,RTS,20
9.54104e+06,20,CTS,14
9.5411e+06,6,QOSDATA_TID6,1066
9.54128e+06,20,ACK,14
9.54133e+06,6,CTL,20
9.54141e+06,2,RTS,20
9.54141e+06,10,RTS,20
9.54141e+06,3,RTS,20
9.54141e+06,4,RTS,20
9.54152e+06,19,RTS,20
9.54159e+06,20,CTS,14
9.54165e+06,19,QOSDATA_TID6,1066
9.54183e+06,20,ACK,14
9.54188e+06,19,QOSDATA_TID6,1066
9.54206e+06,20,ACK,14
9.5421e+06,19,CTL,20
9.5422e+06,8,RTS,20
9.5422e+06,17,RTS,20
9.5422e+06,9,RTS,20
9.5422e+06,13,RTS,20
9.5423e+06,18,RTS,20
9.54236e+06,20,CTS,14
9.54242e+06,18,QOSDATA_TID6,1066
9.54261e+06,20,ACK,14
9.54265e+06,18,CTL,20
9.54275e+06,12,RTS,20
9.54275e+06,15,RTS,20
9.54282e+06,20,CTS,14
9.54288e+06,12,QOSDATA_TID6,1066
9.54306e+06,20,ACK,14
9.5431e+06,12,QOSDATA_TID6,1066
9.54329e+06,20,ACK,14
9.54333e+06,12,CTL,20
9.54342e+06,15,RTS,20
9.54349e+06,20,CTS,14
9.54355e+06,15,QOSDATA_TID6,1066
9.54373e+06,20,ACK,14
9.54378e+06,15,CTL,20
9.54386e+06,14,RTS,20
9.54393e+06,20,CTS,14
9.54399e+06,14,QOSDATA_TID6,1066
9.54417e+06,20,ACK,14
9.54422e+06,14,CTL,20
9.5443e+06,13,RTS,20
9.5443e+06,10,RTS,20
9.5443e+06,11,RTS,20
9.54445e+06,10,RTS,20
9.54452e+06,20,CTS,14
9.54458e+06,10,QOSDATA_TID6,1066
9.54476e+06,20,ACK,14
9.54481e+06,10,QOSDATA_TID6,1066
9.54499e+06,20,ACK,14
9.54504e+06,10,CTL,20
9.54513e+06,0,RTS,20
9.54513e+06,8,RTS,20
9.54513e+06,16,RTS,20
9.54513e+06,4,RTS,20
9.54525e+06,2,RTS,20
9.54525e+06,3,RTS,20
9.54532e+06,20,CTS,14
9.54538e+06,2,QOSDATA_TID6,1066
9.54556e+06,20,ACK,14
9.5456e+06,2,CTL,20
9.54569e+06,13,RTS,20
9.54576e+06,20,CTS,14
9.54582e+06,13,QOSDATA_TID6,1066
9.546e+06,20,ACK,14
9.54604e+06,13,QOSDATA_TID6,1066
9.54623e+06,20,ACK,14
9.54627e+06,13,CTL,20
9.54637e+06,7,RTS,20
9.54637e+06,4,RTS,20
9.54637e+06,11,RTS,20
9.54637e+06,17,RTS,20
9.54648e+06,16,RTS,20
9.54648e+06,0,RTS,20
9.54648e+06,9,RTS,20
9.54663e+06,9,RTS,20
9.5467e+06,20,CTS,14
9.54676e+06,9,QOSDATA_TID6,1066
9.54694e+06,20,ACK,14
9.54699e+06,9,QOSDATA_TID6,1066
9.54717e+06,20,ACK,14
9.54722e+06,9,CTL,20
9.5473e+06,19,RTS,20
9.5473e+06,6,RTS,20
9.5473e+06,16,RTS,20
9.54743e+06,12,RTS,20
9.54743e+06,7,RTS,20
9.5475e+06,20,CTS,14
9.54756e+06,12,QOSDATA_TID6,1066
9.54774e+06,20,ACK,14
9.54778e+06,12,CTL,20
9.54788e+06,19,RTS,20
9.54788e+06,0,CTS,14
9.54788e+06,6,RTS,20
9.54798e+06,0,RTS,20
9.54805e+06,20,CTS,14
9.54811e+06,0,QOSDATA_TID6,1066
9.5483e+06,20,ACK,14
9.54834e+06,0,CTL,20
9.54842e+06,5,RTS,20
9.54842e+06,1,RTS,20
9.54842e+06,19,RTS,20
9.54842e+06,4,RTS,20
9.54849e+06,20,CTS,14
9.54855e+06,5,QOSDATA_TID6,1066
9.54874e+06,20,ACK,14
9.54878e+06,5,CTL,20
9.54887e+06,17,RTS,20
9.54887e+06,6,RTS,20
9.54894e+06,20,CTS,14
9.549e+06,17,QOSDATA_TID6,1066
9.54918e+06,20,ACK,14
9.54922e+06,17,QOSDATA_TID6,1066
9.54941e+06,20,ACK,14
9.54945e+06,17,CTL,20
9.54954e+06,6,RTS,20
9.5496e+06,20,CTS,14
9.54966e+06,6,QOSDATA_TID6,1066
9.54985e+06,20,ACK,14
9.54989e+06,6,CTL,20
9.54998e+06,10,RTS,20
9.54998e+06,7,RTS,20
9.54998e+06,3,RTS,20
9.54998e+06,1,RTS,20
9.55009e+06,2,RTS,20
9.55009e+06,15,RTS,20
9.5502e+06,16,RTS,20
9.55027e+06,20,CTS,14
9.55033e+06,16,QOSDATA_TID6,1066
9.55051e+06,20,ACK,14
9.55056e+06,16,CTL,20
9.55064e+06,11,RTS,20
9.55064e+06,10,RTS,20
9.55078e+06,15,RTS,20
9.55085e+06,20,CTS,14
9.55091e+06,15,QOSDATA_TID6,1066
9.55109e+06,20,ACK,14
9.55114e+06,15,CTL,20
9.55123e+06,8,RTS,20
9.55123e+06,18,RTS,20
9.55123e+06,4,RTS,20
9.5513e+06,20,CTS,14
9.55136e+06,8,QOSDATA_TID6,1066
9.55154e+06,20,ACK,14
9.55159e+06,8,QOSDATA_TID6,1066
9.55177e+06,20,ACK,14
9.55181e+06,8,QOSDATA_TID6,1066
9.552e+06,20,ACK,14
9.55204e+06,8,CTL,20
9.55213e+06,14,RTS,20
9.5522e+06,20,CTS,14
9.55226e+06,14,QOSDATA_TID6,1066
9.55244e+06,20,ACK,14
9.55248e+06,14,CTL,20
9.55258e+06,1,RTS,20
9.55258e+06,19,RTS,20
9.55258e+06,3,RTS,20
9.55258e+06,4,RTS,20
9.5527e+06,7,RTS,20
9.5527e+06,18,RTS,20
9.55276e+06,20,CTS,14
9.55282e+06,7,QOSDATA_TID6,1066
9.55301e+06,20,ACK,14
9.55305e+06,7,CTL,20
9.55315e+06,1,RTS,20
9.55315e+06,4,RTS,20
9.55315e+06,3,RTS,20
9.55321e+06,20,CTS,14
9.55327e+06,1,QOSDATA_TID6,1066
9.55346e+06,20,ACK,14
9.5535e+06,1,CTL,20
9.55359e+06,7,RTS,20
9.55366e+06,20,CTS,14
9.55372e+06,7,QOSDATA_TID6,1066
9.5539e+06,20,ACK,14
9.55394e+06,7,CTL,20
9.55403e+06,4,RTS,20
9.55403e+06,9,RTS,20
9.55416e+06,19,RTS,20
9.55422e+06,20,CTS,14
9.55428e+06,19,QOSDATA_TID6,1066
9.55447e+06,20,ACK,14
9.55451e+06,19,CTL,20
9.5546e+06,4,RTS,20
9.55466e+06,20,CTS,14
9.55472e+06,4,QOSDATA_TID6,1066
9.55491e+06,20,ACK,14
9.55495e+06,4,QOSDATA_TID6,1066
9.55514e+06,20,ACK,14
9.55518e+06,4,QOSDATA_TID6,1066
9.55536e+06,20,ACK,14
9.55541e+06,4,QOSDATA_TID6,1066
9.55559e+06,20,ACK,14
9.55564e+06,4,QOSDATA_TID6,1066
9.55582e+06,20,ACK,14
9.55586e+06,4,CTL,20
9.55595e+06,1,RTS,20
9.55595e+06,12,RTS,20
9.55595e+06,0,RTS,20
9.55605e+06,9,RTS,20
9.55605e+06,11,RTS,20
9.55605e+06,16,RTS,20
9.55615e+06,13,RTS,20
9.55622e+06,20,CTS,14
9.55628e+06,13,QOSDATA_TID6,1066
9.55646e+06,20,ACK,14
9.5565e+06,13,CTL,20
9.55659e+06,5,RTS,20
9.55659e+06,17,RTS,20
9.55659e+06,1,RTS,20
9.55659e+06,19,RTS,20
9.55669e+06,6,RTS,20
9.55676e+06,20,CTS,14
9.55682e+06,6,QOSDATA_TID6,1066
9.557e+06,20,ACK,14
9.55704e+06,6,CTL,20
9.55713e+06,10,RTS,20
9.55713e+06,3,RTS,20
9.55713e+06,16,RTS,20
9.55724e+06,2,RTS,20
9.55724e+06,15,RTS,20
9.55733e+06,0,RTS,20
9.55733e+06,16,RTS,20
9.5574e+06,20,CTS,14
9.55746e+06,0,QOSDATA_TID6,1066
9.55765e+06,20,ACK,14
9.55769e+06,0,CTL,20
9.55778e+06,18,RTS,20
9.55778e+06,15,RTS,20
9.55788e+06,4,RTS,20
9.55795e+06,20,CTS,14
9.55801e+06,4,QOSDATA_TID6,1066
9.5582e+06,20,ACK,14
9.55824e+06,4,CTL,20
9.55833e+06,17,RTS,20
9.55833e+06,19,RTS,20
9.55839e+06,20,CTS,14
9.55845e+06,17,QOSDATA_TID6,1066
9.55864e+06,20,ACK,14
9.55868e+06,17,CTL,20
9.55877e+06,1,RTS,20
9.55877e+06,11,RTS,20
9.55884e+06,20,CTS,14
9.5589e+06,1,QOSDATA_TID6,1066
9.55908e+06,20,ACK,14
9.55912e+06,1,CTL,20
9.55921e+06,18,RTS,20
9.55928e+06,20,CTS,14
9.55934e+06,18,QOSDATA_TID6,1066
9.55952e+06,20,ACK,14
9.55957e+06,18,QOSDATA_TID6,1066
9.55975e+06,20,ACK,14
9.55979e+06,18,CTL,20
9.55988e+06,15,RTS,20
9.55995e+06,20,CTS,14
9.56001e+06,15,QOSDATA_TID6,1066
9.56019e+06,20,ACK,14
9.56024e+06,15,CTL,20
9.56032e+06,14,RTS,20
9.56032e+06,12,RTS,20
9.56032e+06,5,RTS,20
9.56032e+06,8,RTS,20
9.56032e+06,16,RTS,20
9.56032e+06,10,RTS,20
9.56043e+06,3,RTS,20
9.5605e+06,20,CTS,14
9.56056e+06,3,QOSDATA_TID6,1066
9.56074e+06,20,ACK,14
9.56078e+06,3,QOSDATA_TID6,1066
9.56097e+06,20,ACK,14
9.56101e+06,3,CTL,20
9.5611e+06,9,RTS,20
9.5611e+06,19,RTS,20
9.5611e+06,0,RTS,20
9.56122e+06,2,RTS,20
9.56128e+06,20,CTS,14
9.56134e+06,2,QOSDATA_TID6,1066
9.56153e+06,20,ACK,14
9.56157e+06,2,QOSDATA_TID6,1066
9.56176e+06,20,ACK,14
9.5618e+06,2,CTL,20
9.56188e+06,7,RTS,20
9.56188e+06,13,RTS,20
9.56195e+06,20,CTS,14
9.56201e+06,7,QOSDATA_TID6,1066
9.5622e+06,20,ACK,14
9.56224e+06,7,CTL,20
9.56234e+06,8,RTS,20
9.56234e+06,11,RTS,20
9.56234e+06,19,RTS,20
9.56243e+06,0,RTS,20
9.5625e+06,20,CTS,14
9.56256e+06,0,QOSDATA_TID6,1066
9.56275e+06,20,ACK,14
9.56279e+06,0,CTL,20
9.56288e+06,10,RTS,20
9.56288e+06,12,RTS,20
9.56288e+06,3,RTS,20
9.56295e+06,20,CTS,14
9.56301e+06,12,QOSDATA_TID6,1066
9.5632e+06,20,ACK,14
9.56324e+06,12,QOSDATA_TID6,1066
9.56342e+06,20,ACK,14
9.56347e+06,12,CTL,20
9.56357e+06,17,RTS,20
9.56357e+06,5,RTS,20
9.56357e+06,6,RTS,20
9.56368e+06,9,RTS,20
9.56368e+06,16,RTS,20
9.5638e+06,19,RTS,20
9.56386e+06,20,CTS,14
9.56392e+06,19,QOSDATA_TID6,1066
9.56411e+06,20,ACK,14
9.56415e+06,19,QOSDATA_TID6,1066
9.56434e+06,20,ACK,14
9.56438e+06,19,CTL,20
9.56447e+06,14,RTS,20
9.56453e+06,20,CTS,14
9.56459e+06,14,QOSDATA_TID6,1066
9.56478e+06,20,ACK,14
9.56482e+06,14,CTL,20
9.56491e+06,6,RTS,20
9.56498e+06,20,CTS,14
9.56504e+06,6,QOSDATA_TID6,1066
9.56522e+06,20,ACK,14
9.56526e+06,6,CTL,20
9.56535e+06,15,RTS,20
9.56535e+06,5,RTS,20
9.56535e+06,8,RTS,20
9.56535e+06,3,RTS,20
9.56535e+06,9,RTS,20
9.56545e+06,13,RTS,20
9.56552e+06,20,CTS,14
9.56558e+06,13,QOSDATA_TID6,1066
9.56576e+06,20,ACK,14
9.5658e+06,13,CTL,20
9.56589e+06,8,RTS,20
9.56589e+06,10,RTS,20
9.56596e+06,20,CTS,14
9.56602e+06,8,QOSDATA_TID6,1066
9.5662e+06,20,ACK,14
9.56625e+06,8,CTL,20
9.56633e+06,18,RTS,20
9.56633e+06,15,RTS,20
9.56643e+06,17,RTS,20
9.56643e+06,1,RTS,20
9.56643e+06,4,RTS,20
9.56653e+06,15,RTS,20
9.5666e+06,20,CTS,14
9.56666e+06,15,QOSDATA_TID6,1066
9.56684e+06,20,ACK,14
9.56688e+06,15,CTL,20
9.56697e+06,8,RTS,20
9.56697e+06,18,RTS,20
9.56697e+06,2,RTS,20
9.56697e+06,16,RTS,20
9.56712e+06,14,RTS,20
9.56719e+06,20,CTS,14
9.56725e+06,14,QOSDATA_TID6,1066
9.56744e+06,20,ACK,14
9.56748e+06,14,CTL,20
9.56757e+06,8,RTS,20
9.56757e+06,17,RTS,20
9.56757e+06,3,RTS,20
9.56757e+06,16,RTS,20
9.56757e+06,4,RTS,20
9.56768e+06,11,RTS,20
9.56768e+06,10,RTS,20
9.56783e+06,11,RTS,20
9.5679e+06,20,CTS,14
9.56796e+06,11,QOSDATA_TID6,1066
9.56814e+06,20,ACK,14
9.56819e+06,11,QOSDATA_TID6,1066
9.56837e+06,20,ACK,14
9.56841e+06,11,QOSDATA_TID6,1066
9.5686e+06,20,ACK,14
9.56864e+06,11,QOSDATA_TID6,1066
9.56883e+06,20,ACK,14
9.56887e+06,11,CTL,20
9.56896e+06,10,RTS,20
9.56902e+06,20,CTS,14
9.56908e+06,10,QOSDATA_TID6,1066
9.56927e+06,20,ACK,14
9.56931e+06,10,QOSDATA_TID6,1066
9.5695e+06,20,ACK,14
9.56954e+06,10,CTL,20
9.56963e+06,8,RTS,20
9.56963e+06,17,RTS,20
9.56963e+06,16,RTS,20
9.56963e+06,13,RTS,20
9.56972e+06,5,RTS,20
9.56972e+06,2,RTS,20
9.56979e+06,20,CTS,14
9.56985e+06,5,QOSDATA_TID6,1066
9.57004e+06,20,ACK,14
9.57008e+06,5,QOSDATA_TID6,1066
9.57026e+06,20,ACK,14
9.57031e+06,5,CTL,20
9.57039e+06,12,RTS,20
9.57046e+06,20,CTS,14
9.57052e+06,12,QOSDATA_TID6,1066
9.57071e+06,20,ACK,14
9.57075e+06,12,CTL,20
9.57084e+06,7,RTS,20
9.57084e+06,1,RTS,20
9.57084e+06,2,RTS,20
9.57084e+06,0,RTS,20
9.57084e+06,18,RTS,20
9.57096e+06,16,RTS,20
9.57096e+06,4,RTS,20
9.57107e+06,6,RTS,20
9.57114e+06,20,CTS,14
9.5712e+06,6,QOSDATA_TID6,1066
9.57138e+06,20,ACK,14
9.57142e+06,6,CTL,20
9.57151e+06,3,RTS,20
9.57158e+06,20,CTS,14
9.57164e+06,3,QOSDATA_TID6,1066
9.57182e+06,20,ACK,14
9.57187e+06,3,QOSDATA_TID6,1066
9.57205e+06,20,ACK,14
9.57209e+06,3,CTL,20
9.57218e+06,9,RTS,20
9.57218e+06,18,RTS,20
9.57218e+06,0,RTS,20
9.57228e+06,8,RTS,20
9.57228e+06,19,RTS,20
9.57228e+06,1,RTS,20
9.57238e+06,17,RTS,20
9.57238e+06,7,RTS,20
9.57247e+06,11,RTS,20
9.57247e+06,0,CTS,14
9.57247e+06,18,RTS,20
9.57258e+06,5,RTS,20
9.57258e+06,13,RTS,20
9.57265e+06,20,CTS,14
9.57271e+06,5,QOSDATA_TID6,1066
9.5729e+06,20,ACK,14
9.57294e+06,5,CTL,20
9.57304e+06,8,RTS,20
9.57304e+06,16,RTS,20
9.5731e+06,20,CTS,14
9.57316e+06,8,QOSDATA_TID6,1066
9.57335e+06,20,ACK,14
9.57339e+06,8,CTL,20
9.57349e+06,15,RTS,20
9.57356e+06,20,CTS,14
9.57362e+06,15,QOSDATA_TID6,1066
9.5738e+06,20,ACK,14
9.57384e+06,15,CTL,20
9.57393e+06,7,RTS,20
9.57393e+06,16,RTS,20
9.57393e+06,10,RTS,20
9.574e+06,20,CTS,14
9.57406e+06,7,QOSDATA_TID6,1066
9.57424e+06,20,ACK,14
9.57429e+06,7,CTL,20
9.57437e+06,17,RTS,20
9.57437e+06,10,RTS,20
9.57444e+06,20,CTS,14
9.5745e+06,17,QOSDATA_TID6,1066
9.57468e+06,20,ACK,14
9.57473e+06,17,QOSDATA_TID6,1066
9.57491e+06,20,ACK,14
9.57496e+06,17,CTL,20
9.57506e+06,8,RTS,20
9.57506e+06,11,RTS,20
9.57506e+06,2,RTS,20
9.57506e+06,4,RTS,20
9.57506e+06,18,RTS,20
9.57506e+06,10,RTS,20
9.57516e+06,14,RTS,20
9.57523e+06,20,CTS,14
9.57529e+06,14,QOSDATA_TID6,1066
9.57547e+06,20,ACK,14
9.57551e+06,14,CTL,20
9.57561e+06,18,RTS,20
9.57561e+06,4,RTS,20
9.57568e+06,20,CTS,14
9.57574e+06,18,QOSDATA_TID6,1066
9.57592e+06,20,ACK,14
9.57596e+06,18,QOSDATA_TID6,1066
9.57615e+06,20,ACK,14
9.57619e+06,18,CTL,20
9.57629e+06,4,RTS,20
9.57636e+06,20,CTS,14
9.57642e+06,4,QOSDATA_TID6,1066
9.5766e+06,20,ACK,14
9.57664e+06,4,QOSDATA_TID6,1066
9.57683e+06,20,ACK,14
9.57687e+06,4,CTL,20
9.57696e+06,11,RTS,20
9.57703e+06,20,CTS,14
9.57709e+06,11,QOSDATA_TID6,1066
9.57727e+06,20,ACK,14
9.57731e+06,11,CTL,20
9.5774e+06,19,RTS,20
9.5774e+06,0,RTS,20
9.5775e+06,2,RTS,20
9.5775e+06,7,RTS,20
9.57761e+06,1,RTS,20
9.57761e+06,8,RTS,20
9.57772e+06,7,RTS,20
9.57772e+06,9,RTS,20
9.57772e+06,13,RTS,20
9.57778e+06,20,CTS,14
9.57784e+06,7,QOSDATA_TID6,1066
9.57803e+06,20,ACK,14
9.57807e+06,7,CTL,20
9.57817e+06,1,RTS,20
9.57817e+06,0,RTS,20
9.57829e+06,2,RTS,20
9.57829e+06,13,RTS,20
9.57839e+06,12,RTS,20
9.57846e+06,20,CTS,14
9.57852e+06,12,QOSDATA_TID6,1066
9.5787e+06,20,ACK,14
9.57875e+06,12,CTL,20
9.57884e+06,3,RTS,20
9.57891e+06,20,CTS,14
9.57897e+06,3,QOSDATA_TID6,1066
9.57915e+06,20,ACK,14
9.5792e+06,3,CTL,20
9.57928e+06,0,RTS,20
9.57928e+06,11,RTS,20
9.57928e+06,16,RTS,20
9.57938e+06,8,RTS,20
9.57938e+06,19,RTS,20
9.57945e+06,20,CTS,14
9.57951e+06,8,QOSDATA_TID6,1066
9.57969e+06,20,ACK,14
9.57974e+06,8,CTL,20
9.57982e+06,19,RTS,20
9.57982e+06,13,RTS,20
9.57993e+06,6,RTS,20
9.58e+06,20,CTS,14
9.58006e+06,6,QOSDATA_TID6,1066
9.58024e+06,20,ACK,14
9.58029e+06,6,CTL,20
9.58038e+06,0,RTS,20
9.58038e+06,10,RTS,20
9.58038e+06,1,RTS,20
9.5805e+06,2,RTS,20
9.5805e+06,9,RTS,20
9.58056e+06,20,CTS,14
9.58062e+06,2,QOSDATA_TID6,1066
9.58081e+06,20,ACK,14
9.58085e+06,2,QOSDATA_TID6,1066
9.58104e+06,20,ACK,14
9.58108e+06,2,QOSDATA_TID6,1066
9.58126e+06,20,ACK,14
9.58131e+06,2,CTL,20
9.5814e+06,10,RTS,20
9.58146e+06,20,CTS,14
9.58152e+06,10,QOSDATA_TID6,1066
9.58171e+06,20,ACK,14
9.58175e+06,10,QOSDATA_TID6,1066
9.58194e+06,20,ACK,14
9.58198e+06,10,CTL,20
9.58208e+06,9,RTS,20
9.58208e+06,0,RTS,20
9.58208e+06,5,RTS,20
9.58208e+06,17,RTS,20
9.58208e+06,15,RTS,20
9.58208e+06,11,RTS,20
9.58208e+06,4,RTS,20
9.58219e+06,1,RTS,20
9.58226e+06,20,CTS,14
9.58232e+06,1,QOSDATA_TID6,1066
9.5825e+06,20,ACK,14
9.58255e+06,1,QOSDATA_TID6,1066
9.58273e+06,20,ACK,14
9.58278e+06,1,QOSDATA_TID6,1066
9.58296e+06,20,ACK,14
9.583e+06,1,CTL,20
9.58309e+06,16,RTS,20
9.58309e+06,13,RTS,20
9.5832e+06,18,RTS,20
9.5832e+06,9,RTS,20
9.58327e+06,20,CTS,14
9.58333e+06,18,QOSDATA_TID6,1066
9.58352e+06,20,ACK,14
9.58356e+06,18,CTL,20
9.58365e+06,14,RTS,20
9.58372e+06,20,CTS,14
9.58378e+06,14,QOSDATA_TID6,1066
9.58396e+06,20,ACK,14
9.584e+06,14,CTL,20
9.58409e+06,8,RTS,20
9.58409e+06,17,RTS,20
9.58409e+06,4,RTS,20
9.5842e+06,19,RTS,20
9.58426e+06,20,CTS,14
9.58432e+06,19,QOSDATA_TID6,1066
9.58451e+06,20,ACK,14
9.58455e+06,19,QOSDATA_TID6,1066
9.58474e+06,20,ACK,14
9.58478e+06,19,CTL,20
9.58487e+06,8,RTS,20
9.58493e+06,20,CTS,14
9.58499e+06,8,QOSDATA_TID6,1066
9.58518e+06,20,ACK,14
9.58522e+06,8,CTL,20
9.58531e+06,5,RTS,20
9.58531e+06,9,RTS,20
9.58538e+06,20,CTS,14
9.58544e+06,5,QOSDATA_TID6,1066
9.58562e+06,20,ACK,14
9.58566e+06,5,CTL,20
9.58576e+06,7,RTS,20
9.58576e+06,11,RTS,20
9.58576e+06,15,RTS,20
9.58586e+06,13,RTS,20
9.58592e+06,20,CTS,14
9.58598e+06,13,QOSDATA_TID6,1066
9.58617e+06,20,ACK,14
9.58621e+06,13,QOSDATA_TID6,1066
9.5864e+06,20,ACK,14
9.58644e+06,13,QOSDATA_TID6,1066
9.58662e+06,20,ACK,14
9.58667e+06,13,CTL,20
9.58676e+06,3,RTS,20
9.58682e+06,20,CTS,14
9.58688e+06,3,QOSDATA_TID6,1066
9.58707e+06,20,ACK,14
9.58711e+06,3,CTL,20
9.5872e+06,1,RTS,20
9.58726e+06,20,CTS,14
9.58732e+06,1,QOSDATA_TID6,1066
9.58751e+06,20,ACK,14
9.58755e+06,1,CTL,20
9.58764e+06,11,RTS,20
9.58764e+06,12,RTS,20
9.58764e+06,7,RTS,20
9.58764e+06,4,RTS,20
9.58764e+06,0,RTS,20
9.58764e+06,15,RTS,20
9.58774e+06,19,RTS,20
9.58774e+06,16,RTS,20
9.5878e+06,20,CTS,14
9.58786e+06,19,QOSDATA_TID6,1066
9.58805e+06,20,ACK,14
9.58809e+06,19,CTL,20
9.58818e+06,11,RTS,20
9.58818e+06,4,RTS,20
9.58818e+06,15,RTS,20
9.58828e+06,7,RTS,20
9.58828e+06,9,RTS,20
9.58834e+06,20,CTS,14
9.5884e+06,7,QOSDATA_TID6,1066
9.58859e+06,20,ACK,14
9.58863e+06,7,CTL,20
9.58872e+06,11,RTS,20
9.58879e+06,20,CTS,14
9.58885e+06,11,QOSDATA_TID6,1066
9.58903e+06,20,ACK,14
9.58908e+06,11,QOSDATA_TID6,1066
9.58926e+06,20,ACK,14
9.5893e+06,11,CTL,20
9.58939e+06,17,RTS,20
9.58939e+06,15,RTS,20
9.58939e+06,6,RTS,20
9.58949e+06,2,RTS,20
9.58956e+06,20,CTS,14
9.58962e+06,2,QOSDATA_TID6,1066
9.5898e+06,20,ACK,14
9.58984e+06,2,CTL,20
9.58993e+06,9,RTS,20
9.58993e+06,10,RTS,20
9.58993e+06,17,RTS,20
9.58993e+06,6,RTS,20
9.59e+06,20,CTS,14
9.59006e+06,17,QOSDATA_TID6,1066
9.59024e+06,20,ACK,14
9.59029e+06,17,QOSDATA_TID6,1066
9.59047e+06,20,ACK,14
9.59051e+06,17,CTL,20
9.5906e+06,9,RTS,20
9.59067e+06,20,CTS,14
9.59073e+06,9,QOSDATA_TID6,1066
9.59091e+06,20,ACK,14
9.59096e+06,9,QOSDATA_TID6,1066
9.59114e+06,20,ACK,14
9.59118e+06,9,QOSDATA_TID6,1066
9.59137e+06,20,ACK,14
9.59141e+06,9,QOSDATA_TID6,1066
9.5916e+06,20,ACK,14
9.59164e+06,9,CTL,20
9.59173e+06,4,RTS,20
9.59179e+06,20,CTS,14
9.59185e+06,4,QOSDATA_TID6,1066
9.59204e+06,20,ACK,14
9.59208e+06,4,QOSDATA_TID6,1066
9.59227e+06,20,ACK,14
9.59231e+06,4,CTL,20
9.5924e+06,16,RTS,20
9.5924e+06,5,RTS,20
9.5924e+06,14,RTS,20
9.59246e+06,20,CTS,14
9.59252e+06,5,QOSDATA_TID6,1066
9.59271e+06,20,ACK,14
9.59275e+06,5,CTL,20
9.59285e+06,0,RTS,20
9.59285e+06,18,RTS,20
9.59294e+06,12,RTS,20
9.59301e+06,20,CTS,14
9.59307e+06,12,QOSDATA_TID6,1066
9.59326e+06,20,ACK,14
9.5933e+06,12,CTL,20
9.59339e+06,16,RTS,20
9.59339e+06,0,RTS,20
9.59346e+06,20,CTS,14
9.59352e+06,0,QOSDATA_TID6,1066
9.5937e+06,20,ACK,14
9.59374e+06,0,QOSDATA_TID6,1066
9.59393e+06,20,ACK,14
9.59397e+06,0,QOSDATA_TID6,1066
9.59416e+06,20,ACK,14
9.5942e+06,0,CTL,20
9.59428e+06,13,RTS,20
9.59435e+06,20,CTS,14
9.59441e+06,13,QOSDATA_TID6,1066
9.5946e+06,20,ACK,14
9.59464e+06,13,CTL,20
9.59473e+06,8,RTS,20
9.5948e+06,20,CTS,14
9.59486e+06,8,QOSDATA_TID6,1066
9.59504e+06,20,ACK,14
9.59508e+06,8,CTL,20
9.59517e+06,19,RTS,20
9.59517e+06,11,RTS,20
9.59517e+06,16,RTS,20
9.59517e+06,7,RTS,20
9.59517e+06,9,RTS,20
9.59517e+06,18,RTS,20
9.59527e+06,15,RTS,20
9.59534e+06,20,CTS,14
9.5954e+06,15,QOSDATA_TID6,1066
9.59558e+06,20,ACK,14
9.59562e+06,15,QOSDATA_TID6,1066
9.59581e+06,20,ACK,14
9.59585e+06,15,CTL,20
9.59594e+06,17,RTS,20
9.59594e+06,1,RTS,20
9.59594e+06,19,RTS,20
9.59604e+06,12,RTS,20
9.59604e+06,14,RTS,20
9.5961e+06,20,CTS,14
9.59616e+06,12,QOSDATA_TID6,1066
9.59635e+06,20,ACK,14
9.59639e+06,12,CTL,20
9.59648e+06,17,RTS,20
9.59654e+06,20,CTS,14
9.5966e+06,17,QOSDATA_TID6,1066
9.59679e+06,20,ACK,14
9.59683e+06,17,CTL,20
9.59692e+06,7,RTS,20
9.59692e+06,4,RTS,20
9.59692e+06,15,RTS,20
9.59702e+06,5,RTS,20
9.59702e+06,3,RTS,20
9.59708e+06,20,CTS,14
9.59714e+06,5,QOSDATA_TID6,1066
9.59733e+06,20,ACK,14
9.59737e+06,5,CTL,20
9.59747e+06,16,RTS,20
9.59747e+06,6,RTS,20
9.59747e+06,10,RTS,20
9.59747e+06,14,RTS,20
9.5976e+06,14,RTS,20
9.59767e+06,20,CTS,14
9.59773e+06,14,QOSDATA_TID6,1066
9.59791e+06,20,ACK,14
9.59796e+06,14,CTL,20
9.59804e+06,6,RTS,20
9.59811e+06,20,CTS,14
9.59817e+06,6,QOSDATA_TID6,1066
9.59835e+06,20,ACK,14
9.5984e+06,6,QOSDATA_TID6,1066
9.59858e+06,20,ACK,14
9.59863e+06,6,CTL,20
9.59872e+06,18,RTS,20
9.59872e+06,2,RTS,20
9.59872e+06,16,RTS,20
9.59872e+06,4,RTS,20
9.59885e+06,7,RTS,20
9.59885e+06,8,RTS,20
9.59885e+06,19,RTS,20
9.59894e+06,1,RTS,20
9.59894e+06,15,RTS,20
9.59905e+06,18,RTS,20
9.59912e+06,20,CTS,14
9.59918e+06,18,QOSDATA_TID6,1066
9.59936e+06,20,ACK,14
9.59941e+06,18,QOSDATA_TID6,1066
9.59959e+06,20,ACK,14
9.59964e+06,18,CTL,20
9.59972e+06,10,RTS,20
9.59972e+06,8,RTS,20
9.59979e+06,20,CTS,14
9.59985e+06,8,QOSDATA_TID6,1066
9.60003e+06,20,ACK,14
9.60008e+06,8,CTL,20
9.60017e+06,4,RTS,20
9.60017e+06,14,RTS,20
9.60027e+06,9,RTS,20
9.60034e+06,20,CTS,14
9.6004e+06,9,QOSDATA_TID6,1066
9.60058e+06,20,ACK,14
9.60063e+06,9,CTL,20
9.60071e+06,3,RTS,20
9.60078e+06,20,CTS,14
9.60084e+06,3,QOSDATA_TID6,1066
9.60102e+06,20,ACK,14
9.60107e+06,3,CTL,20
9.60116e+06,2,RTS,20
9.60116e+06,11,RTS,20
9.60116e+06,14,RTS,20
9.60129e+06,0,RTS,20
9.60129e+06,19,RTS,20
9.6014e+06,7,RTS,20
9.60147e+06,20,CTS,14
9.60153e+06,7,QOSDATA_TID6,1066
9.60172e+06,20,ACK,14
9.60176e+06,7,QOSDATA_TID6,1066
9.60194e+06,20,ACK,14
9.60199e+06,7,CTL,20
9.60208e+06,13,RTS,20
9.60208e+06,2,RTS,20
9.60208e+06,9,RTS,20
9.60219e+06,14,RTS,20
9.60226e+06,20,CTS,14
9.60232e+06,14,QOSDATA_TID6,1066
9.6025e+06,20,ACK,14
9.60255e+06,14,CTL,20
9.60263e+06,0,RTS,20
9.60263e+06,10,RTS,20
9.60263e+06,16,RTS,20
9.60263e+06,9,RTS,20
9.60263e+06,4,RTS,20
9.60275e+06,1,RTS,20
9.60275e+06,19,RTS,20
9.60285e+06,15,RTS,20
9.60291e+06,20,CTS,14
9.60297e+06,15,QOSDATA_TID6,1066
9.60316e+06,20,ACK,14
9.6032e+06,15,CTL,20
9.60329e+06,2,RTS,20
9.60329e+06,16,RTS,20
9.60341e+06,17,RTS,20
9.60348e+06,20,CTS,14
9.60354e+06,17,QOSDATA_TID6,1066
9.60372e+06,20,ACK,14
9.60377e+06,17,CTL,20
9.60386e+06,11,RTS,20
9.60393e+06,20,CTS,14
9.60399e+06,11,QOSDATA_TID6,1066
9.60418e+06,20,ACK,14
9.60422e+06,11,QOSDATA_TID6,1066
9.6044e+06,20,ACK,14
9.60445e+06,11,CTL,20
9.60453e+06,4,RTS,20
9.60453e+06,1,RTS,20
9.60453e+06,13,RTS,20
9.60453e+06,2,RTS,20
9.60453e+06,3,RTS,20
9.60453e+06,9,RTS,20
9.60463e+06,12,RTS,20
9.60463e+06,15,RTS,20
9.6047e+06,20,CTS,14
9.60476e+06,12,QOSDATA_TID6,1066
9.60494e+06,20,ACK,14
9.60499e+06,12,CTL,20
9.60508e+06,5,RTS,20
9.60508e+06,19,RTS,20
9.60508e+06,15,RTS,20
9.60508e+06,6,RTS,20
9.60515e+06,20,CTS,14
9.60521e+06,5,QOSDATA_TID6,1066
9.6054e+06,20,ACK,14
9.60544e+06,5,CTL,20
9.60553e+06,19,RTS,20
9.6056e+06,20,CTS,14
9.60566e+06,19,QOSDATA_TID6,1066
9.60585e+06,20,ACK,14
9.60589e+06,19,QOSDATA_TID6,1066
9.60608e+06,20,ACK,14
9.60612e+06,19,CTL,20
9.6062e+06,2,RTS,20
9.6062e+06,9,RTS,20
9.6062e+06,10,RTS,20
9.6063e+06,18,RTS,20
9.6063e+06,6,RTS,20
9.6063e+06,16,RTS,20
9.6063e+06,13,RTS,20
9.6064e+06,9,RTS,20
9.60647e+06,20,CTS,14
9.60653e+06,9,QOSDATA_TID6,1066
9.60671e+06,20,ACK,14
9.60676e+06,9,CTL,20
9.60685e+06,8,RTS,20
9.60685e+06,0,CTS,14
9.60699e+06,8,RTS,20
9.60706e+06,20,CTS,14
9.60712e+06,8,QOSDATA_TID6,1066
9.6073e+06,20,ACK,14
9.60735e+06,8,CTL,20
9.60743e+06,4,RTS,20
9.6075e+06,20,CTS,14
9.60756e+06,4,QOSDATA_TID6,1066
9.60775e+06,20,ACK,14
9.60779e+06,4,QOSDATA_TID6,1066
9.60797e+06,20,ACK,14
9.60802e+06,4,CTL,20
9.6081e+06,2,RTS,20
9.6081e+06,3,RTS,20
9.60817e+06,20,CTS,14
9.60823e+06,2,QOSDATA_TID6,1066
9.60842e+06,20,ACK,14
9.60846e+06,2,QOSDATA_TID6,1066
9.60864e+06,20,ACK,14
9.60869e+06,2,CTL,20
9.60877e+06,1,RTS,20
9.60877e+06,15,RTS,20
9.60877e+06,13,RTS,20
9.6089e+06,1,RTS,20
9.60891e+06,18,RTS,20
9.60891e+06,10,RTS,20
9.60902e+06,14,RTS,20
9.60902e+06,15,RTS,20
9.60911e+06,0,RTS,20
9.60918e+06,20,CTS,14
9.60924e+06,0,QOSDATA_TID6,1066
9.60942e+06,20,ACK,14
9.60947e+06,0,QOSDATA_TID6,1066
9.60965e+06,20,ACK,14
9.6097e+06,0,CTL,20
9.60978e+06,16,RTS,20
9.60985e+06,20,CTS,14
9.60991e+06,16,QOSDATA_TID6,1066
9.6101e+06,20,ACK,14
9.61014e+06,16,QOSDATA_TID6,1066
9.61032e+06,20,ACK,14
9.61037e+06,16,QOSDATA_TID6,1066
9.61055e+06,20,ACK,14
9.6106e+06,16,QOSDATA_TID6,1066
9.61078e+06,20,ACK,14
9.61082e+06,16,QOSDATA_TID6,1066
9.61101e+06,20,ACK,14
9.61105e+06,16,CTL,20
9.61114e+06,7,RTS,20
9.61114e+06,19,RTS,20
9.61114e+06,15,RTS,20
9.61114e+06,6,RTS,20
9.61114e+06,10,RTS,20
9.61124e+06,13,RTS,20
9.61131e+06,20,CTS,14
9.61137e+06,13,QOSDATA_TID6,1066
9.61156e+06,20,ACK,14
9.6116e+06,13,QOSDATA_TID6,1066
9.61178e+06,20,ACK,14
9.61183e+06,13,CTL,20
9.61191e+06,7,RTS,20
9.61191e+06,17,RTS,20
9.61191e+06,6,RTS,20
9.61191e+06,9,RTS,20
9.61201e+06,12,RTS,20
9.61208e+06,20,CTS,14
9.61214e+06,12,QOSDATA_TID6,1066
9.61232e+06,20,ACK,14
9.61237e+06,12,CTL,20
9.61245e+06,11,RTS,20
9.61252e+06,20,CTS,14
9.61258e+06,11,QOSDATA_TID6,1066
9.61277e+06,20,ACK,14
9.61281e+06,11,CTL,20
9.6129e+06,2,RTS,20
9.6129e+06,3,RTS,20
9.61296e+06,20,CTS,14
9.61302e+06,2,QOSDATA_TID6,1066
9.61321e+06,20,ACK,14
9.61325e+06,2,CTL,20
9.61334e+06,1,RTS,20
9.61334e+06,14,RTS,20
9.61334e+06,4,RTS,20
9.61341e+06,20,CTS,14
9.61347e+06,1,QOSDATA_TID6,1066
9.61365e+06,20,ACK,14
9.6137e+06,1,QOSDATA_TID6,1066
9.61388e+06,20,ACK,14
9.61392e+06,1,QOSDATA_TID6,1066
9.61411e+06,20,ACK,14
9.61415e+06,1,CTL,20
9.61424e+06,10,RTS,20
9.6143e+06,20,CTS,14
9.61436e+06,10,QOSDATA_TID6,1066
9.61455e+06,20,ACK,14
9.61459e+06,10,QOSDATA_TID6,1066
9.61478e+06,20,ACK,14
9.61482e+06,10,QOSDATA_TID6,1066
9.615e+06,20,ACK,14
9.61505e+06,10,CTL,20
9.61514e+06,18,RTS,20
9.61514e+06,5,RTS,20
9.6152e+06,20,CTS,14
9.61526e+06,5,QOSDATA_TID6,1066
9.61545e+06,20,ACK,14
9.61549e+06,5,CTL,20
9.61559e+06,19,RTS,20
9.61559e+06,7,RTS,20
9.61571e+06,6,RTS,20
9.61578e+06,20,CTS,14
9.61584e+06,6,QOSDATA_TID6,1066
9.61602e+06,20,ACK,14
9.61607e+06,6,QOSDATA_TID6,1066
9.61625e+06,20,ACK,14
9.6163e+06,6,CTL,20
9.61638e+06,18,RTS,20
9.61638e+06,4,RTS,20
9.61645e+06,20,CTS,14
9.61651e+06,18,QOSDATA_TID6,1066
9.61669e+06,20,ACK,14
9.61674e+06,18,QOSDATA_TID6,1066
9.61692e+06,20,ACK,14
9.61696e+06,18,CTL,20
9.61706e+06,4,RTS,20
9.61713e+06,20,CTS,14
9.61719e+06,4,QOSDATA_TID6,1066
9.61737e+06,20,ACK,14
9.61742e+06,4,CTL,20
9.6175e+06,16,RTS,20
9.6175e+06,7,RTS,20
9.6175e+06,17,RTS,20
9.6175e+06,19,RTS,20
9.6175e+06,15,RTS,20
9.61761e+06,8,RTS,20
9.61768e+06,20,CTS,14
9.61774e+06,8,QOSDATA_TID6,1066
9.61792e+06,20,ACK,14
9.61796e+06,8,CTL,20
9.61805e+06,9,RTS,20
9.61812e+06,20,CTS,14
9.61818e+06,9,QOSDATA_TID6,1066
9.61836e+06,20,ACK,14
9.61841e+06,9,QOSDATA_TID6,1066
9.61859e+06,20,ACK,14
9.61864e+06,9,CTL,20
9.61872e+06,3,RTS,20
9.61872e+06,0,RTS,20
9.61872e+06,12,RTS,20
9.61879e+06,20,CTS,14
9.61885e+06,12,QOSDATA_TID6,1066
9.61903e+06,20,ACK,14
9.61908e+06,12,CTL,20
9.61916e+06,0,RTS,20
9.61916e+06,3,RTS,20
9.61923e+06,20,CTS,14
9.61929e+06,0,QOSDATA_TID6,1066
9.61948e+06,20,ACK,14
9.61952e+06,0,CTL,20
9.6196e+06,11,RTS,20
9.61967e+06,20,CTS,14
9.61973e+06,11,QOSDATA_TID6,1066
9.61992e+06,20,ACK,14
9.61996e+06,11,CTL,20
9.62005e+06,16,RTS,20
9.62005e+06,17,RTS,20
9.62005e+06,13,RTS,20
9.62005e+06,6,RTS,20
9.62005e+06,14,RTS,20
9.62018e+06,14,RTS,20
9.62018e+06,7,RTS,20
9.62025e+06,20,CTS,14
9.62031e+06,7,QOSDATA_TID6,1066
9.62049e+06,20,ACK,14
9.62054e+06,7,QOSDATA_TID6,1066
9.62072e+06,20,ACK,14
9.62076e+06,7,CTL,20
9.62085e+06,4,RTS,20
9.62085e+06,10,RTS,20
9.62096e+06,5,RTS,20
9.62103e+06,20,CTS,14
9.62109e+06,5,QOSDATA_TID6,1066
9.62127e+06,20,ACK,14
9.62132e+06,5,CTL,20
9.6214e+06,19,RTS,20
9.6214e+06,4,RTS,20
9.62147e+06,20,CTS,14
9.62153e+06,19,QOSDATA_TID6,1066
9.62171e+06,20,ACK,14
9.62176e+06,19,QOSDATA_TID6,1066
9.62194e+06,20,ACK,14
9.62198e+06,19,CTL,20
9.62208e+06,1,RTS,20
9.62208e+06,4,RTS,20
9.62215e+06,20,CTS,14
9.62221e+06,1,QOSDATA_TID6,1066
9.62239e+06,20,ACK,14
9.62244e+06,1,CTL,20
9.62252e+06,18,RTS,20
9.62252e+06,15,RTS,20
9.62262e+06,4,RTS,20
9.62269e+06,20,CTS,14
9.62275e+06,4,QOSDATA_TID6,1066
9.62293e+06,20,ACK,14
9.62298e+06,4,CTL,20
9.62306e+06,17,RTS,20
9.62313e+06,20,CTS,14
9.62319e+06,17,QOSDATA_TID6,1066
9.62337e+06,20,ACK,14
9.62342e+06,17,QOSDATA_TID6,1066
9.6236e+06,20,ACK,14
9.62365e+06,17,CTL,20
9.62373e+06,16,RTS,20
9.6238e+06,20,CTS,14
9.62386e+06,16,QOSDATA_TID6,1066
9.62404e+06,20,ACK,14
9.62409e+06,16,CTL,20
9.62417e+06,8,RTS,20
9.62417e+06,6,RTS,20
9.62417e+06,14,RTS,20
9.62424e+06,20,CTS,14
9.6243e+06,8,QOSDATA_TID6,1066
9.62449e+06,20,ACK,14
9.62453e+06,8,CTL,20
9.62462e+06,2,RTS,20
9.62468e+06,20,CTS,14
9.62474e+06,2,QOSDATA_TID6,1066
9.62493e+06,20,ACK,14
9.62497e+06,2,CTL,20
9.62507e+06,15,RTS,20
9.62507e+06,16,RTS,20
9.62507e+06,13,RTS,20
9.62516e+06,3,RTS,20
9.62523e+06,20,CTS,14
9.62529e+06,3,QOSDATA_TID6,1066
9.62548e+06,20,ACK,14
9.62552e+06,3,QOSDATA_TID6,1066
9.6257e+06,20,ACK,14
9.62575e+06,3,QOSDATA_TID6,1066
9.62593e+06,20,ACK,14
9.62598e+06,3,CTL,20
9.62606e+06,18,RTS,20
9.62613e+06,20,CTS,14
9.62619e+06,18,QOSDATA_TID6,1066
9.62638e+06,20,ACK,14
9.62642e+06,18,CTL,20
9.6265e+06,10,RTS,20
9.6265e+06,0,RTS,20
9.6265e+06,9,RTS,20
9.6265e+06,12,RTS,20
9.6265e+06,15,RTS,20
9.62664e+06,15,RTS,20
9.62664e+06,13,RTS,20
9.62675e+06,3,RTS,20
9.62681e+06,20,CTS,14
9.62687e+06,3,QOSDATA_TID6,1066
9.62706e+06,20,ACK,14
9.6271e+06,3,CTL,20
9.62719e+06,1,RTS,20
9.62719e+06,11,RTS,20
9.62726e+06,20,CTS,14
9.62732e+06,1,QOSDATA_TID6,1066
9.6275e+06,20,ACK,14
9.62754e+06,1,CTL,20
9.62764e+06,11,RTS,20
9.62764e+06,7,RTS,20
9.62764e+06,0,RTS,20
9.62764e+06,10,RTS,20
9.62774e+06,19,RTS,20
9.62774e+06,17,RTS,20
9.6278e+06,20,CTS,14
9.62786e+06,17,QOSDATA_TID6,1066
9.62805e+06,20,ACK,14
9.62809e+06,17,CTL,20
9.62818e+06,7,RTS,20
9.62825e+06,20,CTS,14
9.62831e+06,7,QOSDATA_TID6,1066
9.62849e+06,20,ACK,14
9.62854e+06,7,CTL,20
9.62862e+06,2,RTS,20
9.62862e+06,10,RTS,20
9.62869e+06,20,CTS,14
9.62875e+06,2,QOSDATA_TID6,1066
9.62893e+06,20,ACK,14
9.62898e+06,2,CTL,20
9.62907e+06,9,RTS,20
9.62907e+06,5,RTS,20
9.62907e+06,0,CTS,14
9.62907e+06,6,RTS,20
9.62907e+06,14,RTS,20
9.62916e+06,0,RTS,20
9.62923e+06,20,CTS,14
9.62929e+06,0,QOSDATA_TID6,1066
9.62947e+06,20,ACK,14
9.62952e+06,0,CTL,20
9.6296e+06,10,RTS,20
9.6296e+06,15,RTS,20
9.6296e+06,11,RTS,20
9.6297e+06,6,RTS,20
9.62977e+06,20,CTS,14
9.62983e+06,6,QOSDATA_TID6,1066
9.63001e+06,20,ACK,14
9.63006e+06,6,QOSDATA_TID6,1066
9.63024e+06,20,ACK,14
9.63028e+06,6,CTL,20
9.63038e+06,16,RTS,20
9.63038e+06,4,RTS,20
9.63048e+06,12,RTS,20
9.63048e+06,10,RTS,20
9.63054e+06,20,CTS,14
9.6306e+06,12,QOSDATA_TID6,1066
9.63079e+06,20,ACK,14
9.63083e+06,12,CTL,20
9.63092e+06,16,RTS,20
9.63099e+06,20,CTS,14
9.63105e+06,16,QOSDATA_TID6,1066
9.63123e+06,20,ACK,14
9.63127e+06,16,CTL,20
9.63136e+06,15,RTS,20
9.63136e+06,18,RTS,20
9.63136e+06,10,RTS,20
9.63147e+06,19,RTS,20
9.63147e+06,8,RTS,20
9.63147e+06,11,RTS,20
9.63156e+06,9,RTS,20
9.63163e+06,20,CTS,14
9.63169e+06,9,QOSDATA_TID6,1066
9.63188e+06,20,ACK,14
9.63192e+06,9,CTL,20
9.63202e+06,8,RTS,20
9.63202e+06,11,RTS,20
9.63202e+06,13,RTS,20
9.63208e+06,20,CTS,14
9.63214e+06,8,QOSDATA_TID6,1066
9.63233e+06,20,ACK,14
9.63237e+06,8,CTL,20
9.63246e+06,18,RTS,20
9.63246e+06,10,RTS,20
9.63256e+06,5,RTS,20
9.63256e+06,14,RTS,20
9.63256e+06,11,RTS,20
9.63263e+06,20,CTS,14
9.63269e+06,5,QOSDATA_TID6,1066
9.63288e+06,20,ACK,14
9.63292e+06,5,CTL,20
9.63302e+06,18,RTS,20
9.63308e+06,20,CTS,14
9.63314e+06,18,QOSDATA_TID6,1066
9.63333e+06,20,ACK,14
9.63337e+06,18,CTL,20
9.63346e+06,16,RTS,20
9.63346e+06,4,RTS,20
9.63356e+06,7,RTS,20
9.63356e+06,15,RTS,20
9.63356e+06,0,RTS,20
9.63356e+06,10,RTS,20
9.63368e+06,19,RTS,20
9.63374e+06,20,CTS,14
9.6338e+06,19,QOSDATA_TID6,1066
9.63399e+06,20,ACK,14
9.63403e+06,19,CTL,20
9.63412e+06,13,RTS,20
9.63412e+06,15,RTS,20
9.63422e+06,10,RTS,20
9.63428e+06,20,CTS,14
9.63434e+06,10,QOSDATA_TID6,1066
9.63453e+06,20,ACK,14
9.63457e+06,10,CTL,20
9.63466e+06,9,RTS,20
9.63466e+06,3,RTS,20
9.63476e+06,12,RTS,20
9.63482e+06,20,CTS,14
9.63488e+06,12,QOSDATA_TID6,1066
9.63507e+06,20,ACK,14
9.63511e+06,12,CTL,20
9.6352e+06,1,RTS,20
9.6352e+06,11,RTS,20
9.63527e+06,20,CTS,14
9.63533e+06,1,QOSDATA_TID6,1066
9.63551e+06,20,ACK,14
9.63555e+06,1,CTL,20
9.63565e+06,16,RTS,20
9.63565e+06,13,RTS,20
9.63575e+06,9,RTS,20
9.63582e+06,20,CTS,14
9.63588e+06,9,QOSDATA_TID6,1066
9.63606e+06,20,ACK,14
9.6361e+06,9,CTL,20
9.6362e+06,0,RTS,20
9.6362e+06,6,RTS,20
9.6363e+06,5,RTS,20
9.6363e+06,19,RTS,20
9.6363e+06,16,RTS,20
9.63636e+06,20,CTS,14
9.63642e+06,5,QOSDATA_TID6,1066
9.63661e+06,20,ACK,14
9.63665e+06,5,CTL,20
9.63674e+06,17,RTS,20
9.63674e+06,2,RTS,20
9.63681e+06,20,CTS,14
9.63687e+06,17,QOSDATA_TID6,1066
9.63705e+06,20,ACK,14
9.6371e+06,17,CTL,20
9.63719e+06,19,RTS,20
9.63719e+06,7,RTS,20
9.63719e+06,14,RTS,20
9.63729e+06,10,RTS,20
9.63736e+06,20,CTS,14
9.63742e+06,10,QOSDATA_TID6,1066
9.6376e+06,20,ACK,14
9.63764e+06,10,CTL,20
9.63775e+06,0,CTS,14
9.63775e+06,19,RTS,20
9.63775e+06,14,RTS,20
9.63775e+06,11,RTS,20
9.63775e+06,16,RTS,20
9.63775e+06,4,RTS,20
9.63785e+06,0,RTS,20
9.63792e+06,20,CTS,14
9.63798e+06,0,QOSDATA_TID6,1066
9.63816e+06,20,ACK,14
9.63821e+06,0,CTL,20
9.63829e+06,18,RTS,20
9.63829e+06,15,RTS,20
9.63829e+06,3,RTS,20
9.63829e+06,4,RTS,20
9.6384e+06,7,RTS,20
9.63847e+06,20,CTS,14
9.63853e+06,7,QOSDATA_TID6,1066
9.63871e+06,20,ACK,14
9.63876e+06,7,CTL,20
9.63884e+06,15,RTS,20
9.63884e+06,18,RTS,20
9.63895e+06,6,RTS,20
9.63895e+06,19,RTS,20
9.63906e+06,13,RTS,20
9.63912e+06,20,CTS,14
9.63918e+06,13,QOSDATA_TID6,1066
9.63937e+06,20,ACK,14
9.63941e+06,13,QOSDATA_TID6,1066
9.6396e+06,20,ACK,14
9.63964e+06,13,QOSDATA_TID6,1066
9.63982e+06,20,ACK,14
9.63987e+06,13,CTL,20
9.63996e+06,15,RTS,20
9.63996e+06,2,RTS,20
9.63996e+06,18,RTS,20
9.64007e+06,8,RTS,20
9.64007e+06,11,RTS,20
9.64007e+06,4,RTS,20
9.64014e+06,20,CTS,14
9.6402e+06,8,QOSDATA_TID6,1066
9.64038e+06,20,ACK,14
9.64043e+06,8,CTL,20
9.64052e+06,2,RTS,20
9.64052e+06,18,RTS,20
9.64062e+06,11,RTS,20
9.64062e+06,4,RTS,20
9.64072e+06,2,RTS,20
9.64079e+06,20,CTS,14
9.64085e+06,2,QOSDATA_TID6,1066
9.64103e+06,20,ACK,14
9.64107e+06,2,CTL,20
9.64116e+06,0,RTS,20
9.64116e+06,15,RTS,20
9.64116e+06,16,RTS,20
9.64116e+06,4,RTS,20
9.64128e+06,3,RTS,20
9.64135e+06,20,CTS,14
9.64141e+06,3,QOSDATA_TID6,1066
9.6416e+06,20,ACK,14
9.64164e+06,3,CTL,20
9.64172e+06,20,BEACON,152
9.64198e+06,9,RTS,20
9.64205e+06,20,CTS,14
9.64211e+06,9,QOSDATA_TID6,1066
9.64229e+06,20,ACK,14
9.64234e+06,9,CTL,20
9.64242e+06,18,RTS,20
9.64242e+06,7,RTS,20
9.64242e+06,4,RTS,20
9.64253e+06,14,RTS,20
9.6426e+06,20,CTS,14
9.64266e+06,14,QOSDATA_TID6,1066
9.64284e+06,20,ACK,14
9.64288e+06,14,QOSDATA_TID6,1066
9.64307e+06,20,ACK,14
9.64311e+06,14,QOSDATA_TID6,1066
9.6433e+06,20,ACK,14
9.64334e+06,14,QOSDATA_TID6,1066
9.64353e+06,20,ACK,14
9.64357e+06,14,CTL,20
9.64366e+06,7,RTS,20
9.64366e+06,19,RTS,20
9.64375e+06,4,RTS,20
9.64382e+06,20,CTS,14
9.64388e+06,4,QOSDATA_TID6,1066
9.64407e+06,20,ACK,14
9.64411e+06,4,CTL,20
9.6442e+06,6,RTS,20
9.64426e+06,20,CTS,14
9.64432e+06,6,QOSDATA_TID6,1066
9.64451e+06,20,ACK,14
9.64455e+06,6,QOSDATA_TID6,1066
9.64474e+06,20,ACK,14
9.64478e+06,6,CTL,20
9.64487e+06,2,RTS,20
9.64487e+06,12,RTS,20
9.64487e+06,13,RTS,20
9.64493e+06,20,CTS,14
9.64499e+06,12,QOSDATA_TID6,1066
9.64518e+06,20,ACK,14
9.64522e+06,12,CTL,20
9.64531e+06,15,RTS,20
9.64531e+06,2,RTS,20
9.64541e+06,4,RTS,20
9.64547e+06,20,CTS,14
9.64553e+06,4,QOSDATA_TID6,1066
9.64572e+06,20,ACK,14
9.64576e+06,4,CTL,20
9.64585e+06,0,RTS,20
9.64592e+06,20,CTS,14
9.64598e+06,0,QOSDATA_TID6,1066
9.64616e+06,20,ACK,14
9.6462e+06,0,CTL,20
9.64629e+06,5,RTS,20
9.64629e+06,17,RTS,20
9.64629e+06,16,RTS,20
9.64639e+06,3,RTS,20
9.64639e+06,18,RTS,20
9.64639e+06,10,RTS,20
9.64649e+06,1,RTS,20
9.64649e+06,16,RTS,20
9.64655e+06,20,CTS,14
9.64661e+06,1,QOSDATA_TID6,1066
9.6468e+06,20,ACK,14
9.64684e+06,1,CTL,20
9.64693e+06,18,RTS,20
9.64693e+06,15,RTS,20
9.64693e+06,10,RTS,20
9.64703e+06,11,RTS,20
9.64709e+06,20,CTS,14
9.64715e+06,11,QOSDATA_TID6,1066
9.64734e+06,20,ACK,14
9.64738e+06,11,QOSDATA_TID6,1066
9.64757e+06,20,ACK,14
9.64761e+06,11,CTL,20
9.6477e+06,8,RTS,20
9.6477e+06,14,RTS,20
9.64776e+06,20,CTS,14
9.64782e+06,8,QOSDATA_TID6,1066
9.64801e+06,20,ACK,14
9.64805e+06,8,CTL,20
9.64815e+06,16,RTS,20
9.64815e+06,3,RTS,20
9.64824e+06,19,RTS,20
9.64824e+06,15,RTS,20
9.64836e+06,10,RTS,20
9.64843e+06,20,CTS,14
9.64849e+06,10,QOSDATA_TID6,1066
9.64868e+06,20,ACK,14
9.64872e+06,10,CTL,20
9.64881e+06,18,RTS,20
9.64888e+06,20,CTS,14
9.64894e+06,18,QOSDATA_TID6,1066
9.64912e+06,20,ACK,14
9.64916e+06,18,CTL,20
9.64925e+06,0,RTS,20
9.64925e+06,7,RTS,20
9.64936e+06,5,RTS,20
9.64942e+06,20,CTS,14
9.64948e+06,5,QOSDATA_TID6,1066
9.64967e+06,20,ACK,14
9.64971e+06,5,CTL,20
9.6498e+06,0,RTS,20
9.6498e+06,15,RTS,20
9.6499e+06,17,RTS,20
9.64996e+06,20,CTS,14
9.65002e+06,17,QOSDATA_TID6,1066
9.65021e+06,20,ACK,14
9.65025e+06,17,CTL,20
9.65035e+06,19,RTS,20
9.65035e+06,16,RTS,20
9.65035e+06,2,RTS,20
9.65035e+06,3,RTS,20
9.65035e+06,13,RTS,20
9.65046e+06,12,RTS,20
9.65046e+06,7,RTS,20
9.65053e+06,20,CTS,14
9.65059e+06,12,QOSDATA_TID6,1066
9.65078e+06,20,ACK,14
9.65082e+06,12,CTL,20
9.65091e+06,3,RTS,20
9.65097e+06,20,CTS,14
9.65103e+06,3,QOSDATA_TID6,1066
9.65122e+06,20,ACK,14
9.65126e+06,3,QOSDATA_TID6,1066
9.65145e+06,20,ACK,14
9.65149e+06,3,CTL,20
9.65158e+06,2,RTS,20
9.65158e+06,6,RTS,20
9.65158e+06,16,RTS,20
9.65169e+06,17,RTS,20
9.65176e+06,20,CTS,14
9.65182e+06,17,QOSDATA_TID6,1066
9.652e+06,20,ACK,14
9.65205e+06,17,CTL,20
9.65213e+06,6,RTS,20
9.6522e+06,20,CTS,14
9.65226e+06,6,QOSDATA_TID6,1066
9.65245e+06,20,ACK,14
9.65249e+06,6,CTL,20
9.65258e+06,2,RTS,20
9.65258e+06,5,RTS,20
9.65258e+06,9,RTS,20
9.65258e+06,11,RTS,20
9.65264e+06,20,CTS,14
9.6527e+06,5,QOSDATA_TID6,1066
9.65289e+06,20,ACK,14
9.65293e+06,5,CTL,20
9.65302e+06,1,RTS,20
9.65302e+06,19,RTS,20
9.65302e+06,11,RTS,20
9.65302e+06,0,CTS,14
9.65302e+06,9,RTS,20
9.65315e+06,9,RTS,20
9.65315e+06,0,RTS,20
9.65322e+06,20,CTS,14
9.65328e+06,0,QOSDATA_TID6,1066
9.65346e+06,20,ACK,14
9.6535e+06,0,CTL,20
9.6536e+06,4,RTS,20
9.65367e+06,20,CTS,14
9.65373e+06,4,QOSDATA_TID6,1066
9.65391e+06,20,ACK,14
9.65396e+06,4,CTL,20
9.65404e+06,1,RTS,20
9.65404e+06,13,RTS,20
9.65404e+06,2,RTS,20
9.65404e+06,14,RTS,20
9.65404e+06,10,RTS,20
9.65415e+06,7,RTS,20
9.65415e+06,9,RTS,20
9.65422e+06,20,CTS,14
9.65428e+06,7,QOSDATA_TID6,1066
9.65446e+06,20,ACK,14
9.6545e+06,7,QOSDATA_TID6,1066
9.65469e+06,20,ACK,14
9.65473e+06,7,CTL,20
9.65482e+06,13,RTS,20
9.65482e+06,8,RTS,20
9.65482e+06,2,RTS,20
9.65482e+06,10,RTS,20
9.65494e+06,18,RTS,20
9.65494e+06,9,RTS,20
9.65501e+06,20,CTS,14
9.65507e+06,18,QOSDATA_TID6,1066
9.65526e+06,20,ACK,14
9.6553e+06,18,CTL,20
9.6554e+06,10,RTS,20
9.6554e+06,19,RTS,20
9.6554e+06,1,RTS,20
9.6554e+06,15,RTS,20
9.6554e+06,11,RTS,20
9.6554e+06,16,RTS,20
9.65551e+06,13,RTS,20
9.65551e+06,2,RTS,20
9.65562e+06,11,RTS,20
9.65569e+06,20,CTS,14
9.65575e+06,11,QOSDATA_TID6,1066
9.65593e+06,20,ACK,14
9.65597e+06,11,CTL,20
9.65607e+06,13,RTS,20
9.65614e+06,20,CTS,14
9.6562e+06,13,QOSDATA_TID6,1066
9.65638e+06,20,ACK,14
9.65642e+06,13,QOSDATA_TID6,1066
9.65661e+06,20,ACK,14
9.65665e+06,13,CTL,20
9.65674e+06,14,RTS,20
9.65681e+06,20,CTS,14
9.65687e+06,14,QOSDATA_TID6,1066
9.65705e+06,20,ACK,14
9.6571e+06,14,QOSDATA_TID6,1066
9.65728e+06,20,ACK,14
9.65732e+06,14,CTL,20
9.65741e+06,15,RTS,20
9.65741e+06,2,RTS,20
9.65741e+06,8,RTS,20
9.65741e+06,19,RTS,20
9.65752e+06,0,RTS,20
9.65758e+06,20,CTS,14
9.65764e+06,0,QOSDATA_TID6,1066
9.65783e+06,20,ACK,14
9.65787e+06,0,CTL,20
9.65796e+06,7,RTS,20
9.65796e+06,1,RTS,20
9.65796e+06,16,RTS,20
9.65806e+06,2,RTS,20
9.65806e+06,15,RTS,20
9.6582e+06,15,RTS,20
9.6582e+06,16,RTS,20
9.65831e+06,9,RTS,20
9.65838e+06,20,CTS,14
9.65844e+06,9,QOSDATA_TID6,1066
9.65862e+06,20,ACK,14
9.65866e+06,9,QOSDATA_TID6,1066
9.65885e+06,20,ACK,14
9.65889e+06,9,CTL,20
9.65898e+06,3,RTS,20
9.65898e+06,10,RTS,20
9.65898e+06,12,RTS,20
9.65898e+06,16,RTS,20
9.65904e+06,20,CTS,14
9.6591e+06,12,QOSDATA_TID6,1066
9.65929e+06,20,ACK,14
9.65933e+06,12,CTL,20
9.65943e+06,11,RTS,20
9.65943e+06,16,RTS,20
9.65943e+06,13,RTS,20
9.65953e+06,8,RTS,20
9.65953e+06,17,RTS,20
9.65962e+06,1,RTS,20
9.65962e+06,16,RTS,20
9.65969e+06,20,CTS,14
9.65975e+06,1,QOSDATA_TID6,1066
9.65994e+06,20,ACK,14
9.65998e+06,1,QOSDATA_TID6,1066
9.66016e+06,20,ACK,14
9.66021e+06,1,CTL,20
9.66029e+06,5,RTS,20
9.66029e+06,6,RTS,20
9.66036e+06,20,CTS,14
9.66042e+06,5,QOSDATA_TID6,1066
9.66061e+06,20,ACK,14
9.66065e+06,5,CTL,20
9.66074e+06,17,RTS,20
9.66074e+06,19,RTS,20
9.66074e+06,2,RTS,20
9.66074e+06,16,RTS,20
9.66074e+06,6,RTS,20
9.66074e+06,10,RTS,20
9.66084e+06,3,RTS,20
9.66091e+06,20,CTS,14
9.66097e+06,3,QOSDATA_TID6,1066
9.66116e+06,20,ACK,14
9.6612e+06,3,CTL,20
9.66128e+06,7,RTS,20
9.66128e+06,4,RTS,20
9.66135e+06,20,CTS,14
9.66141e+06,7,QOSDATA_TID6,1066
9.6616e+06,20,ACK,14
9.66164e+06,7,CTL,20
9.66173e+06,2,RTS,20
9.66173e+06,10,RTS,20
9.6618e+06,20,CTS,14
9.66186e+06,2,QOSDATA_TID6,1066
9.66204e+06,20,ACK,14
9.66208e+06,2,QOSDATA_TID6,1066
9.66227e+06,20,ACK,14
9.66231e+06,2,CTL,20
9.6624e+06,18,RTS,20
9.6624e+06,13,RTS,20
9.6625e+06,8,RTS,20
9.66256e+06,20,CTS,14
9.66262e+06,8,QOSDATA_TID6,1066
9.66281e+06,20,ACK,14
9.66285e+06,8,QOSDATA_TID6,1066
9.66304e+06,20,ACK,14
9.66308e+06,8,CTL,20
9.66317e+06,15,RTS,20
9.66317e+06,14,RTS,20
9.66327e+06,16,RTS,20
9.66327e+06,4,RTS,20
9.66338e+06,6,RTS,20
9.66338e+06,10,RTS,20
9.66345e+06,20,CTS,14
9.66351e+06,6,QOSDATA_TID6,1066
9.66369e+06,20,ACK,14
9.66374e+06,6,CTL,20
9.66382e+06,16,RTS,20
9.66389e+06,20,CTS,14
9.66395e+06,16,QOSDATA_TID6,1066
9.66413e+06,20,ACK,14
9.66418e+06,16,QOSDATA_TID6,1066
9.66436e+06,20,ACK,14
9.6644e+06,16,CTL,20
9.66449e+06,19,RTS,20
9.66456e+06,20,CTS,14
9.66462e+06,19,QOSDATA_TID6,1066
9.6648e+06,20,ACK,14
9.66485e+06,19,QOSDATA_TID6,1066
9.66503e+06,20,ACK,14
9.66508e+06,19,QOSDATA_TID6,1066
9.66526e+06,20,ACK,14
9.6653e+06,19,CTL,20
9.66539e+06,16,RTS,20
9.66539e+06,0,RTS,20
9.66539e+06,13,RTS,20
9.66539e+06,15,RTS,20
9.66549e+06,7,RTS,20
9.66549e+06,17,RTS,20
9.66558e+06,0,RTS,20
9.66565e+06,20,CTS,14
9.66571e+06,0,QOSDATA_TID6,1066
9.6659e+06,20,ACK,14
9.66594e+06,0,CTL,20
9.66603e+06,10,RTS,20
9.6661e+06,20,CTS,14
9.66616e+06,10,QOSDATA_TID6,1066
9.66634e+06,20,ACK,14
9.66638e+06,10,CTL,20
9.66647e+06,14,RTS,20
9.66647e+06,7,RTS,20
9.66647e+06,13,RTS,20
9.66647e+06,4,RTS,20
9.66657e+06,17,RTS,20
9.66657e+06,18,RTS,20
9.66657e+06,9,RTS,20
9.66664e+06,20,CTS,14
9.6667e+06,17,QOSDATA_TID6,1066
9.66688e+06,20,ACK,14
9.66692e+06,17,CTL,20
9.66701e+06,3,RTS,20
9.66701e+06,9,RTS,20
9.66711e+06,6,RTS,20
9.66711e+06,11,RTS,20
9.66722e+06,9,RTS,20
9.66728e+06,20,CTS,14
9.66734e+06,9,QOSDATA_TID6,1066
9.66753e+06,20,ACK,14
9.66757e+06,9,CTL,20
9.66766e+06,17,RTS,20
9.66772e+06,20,CTS,14
9.66778e+06,17,QOSDATA_TID6,1066
9.66797e+06,20,ACK,14
9.66801e+06,17,CTL,20
9.6681e+06,19,RTS,20
9.6681e+06,12,RTS,20
9.6681e+06,16,RTS,20
9.6681e+06,13,RTS,20
9.6681e+06,14,RTS,20
9.66817e+06,20,CTS,14
9.66823e+06,12,QOSDATA_TID6,1066
9.66841e+06,20,ACK,14
9.66846e+06,12,CTL,20
9.66854e+06,5,RTS,20
9.66854e+06,13,RTS,20
9.66854e+06,3,RTS,20
9.66861e+06,20,CTS,14
9.66867e+06,5,QOSDATA_TID6,1066
9.66885e+06,20,ACK,14
9.6689e+06,5,CTL,20
9.66898e+06,10,RTS,20
9.66905e+06,20,CTS,14
9.66911e+06,10,QOSDATA_TID6,1066
9.6693e+06,20,ACK,14
9.66934e+06,10,CTL,20
9.66942e+06,2,RTS,20
9.66942e+06,13,RTS,20
9.66942e+06,4,RTS,20
9.66953e+06,7,RTS,20
9.66953e+06,1,RTS,20
9.66963e+06,6,RTS,20
9.6697e+06,20,CTS,14
9.66976e+06,6,QOSDATA_TID6,1066
9.66994e+06,20,ACK,14
9.66999e+06,6,CTL,20
9.67007e+06,7,RTS,20
9.67014e+06,20,CTS,14
9.6702e+06,7,QOSDATA_TID6,1066
9.67038e+06,20,ACK,14
9.67043e+06,7,CTL,20
9.67051e+06,15,RTS,20
9.67051e+06,18,RTS,20
9.67051e+06,3,RTS,20
9.67062e+06,19,RTS,20
9.67069e+06,20,CTS,14
9.67075e+06,19,QOSDATA_TID6,1066
9.67093e+06,20,ACK,14
9.67098e+06,19,CTL,20
9.67106e+06,15,RTS,20
9.67113e+06,20,CTS,14
9.67119e+06,15,QOSDATA_TID6,1066
9.67138e+06,20,ACK,14
9.67142e+06,15,QOSDATA_TID6,1066
9.6716e+06,20,ACK,14
9.67165e+06,15,QOSDATA_TID6,1066
9.67183e+06,20,ACK,14
9.67188e+06,15,QOSDATA_TID6,1066
9.67206e+06,20,ACK,14
9.6721e+06,15,QOSDATA_TID6,1066
9.67229e+06,20,ACK,14
9.67233e+06,15,CTL,20
9.67242e+06,11,RTS,20
9.67242e+06,4,RTS,20
9.67252e+06,16,RTS,20
9.67252e+06,2,RTS,20
9.67252e+06,14,RTS,20
9.67263e+06,8,RTS,20
9.67269e+06,20,CTS,14
9.67275e+06,8,QOSDATA_TID6,1066
9.67294e+06,20,ACK,14
9.67298e+06,8,CTL,20
9.67307e+06,13,RTS,20
9.67314e+06,20,CTS,14
9.6732e+06,13,QOSDATA_TID6,1066
9.67338e+06,20,ACK,14
9.67342e+06,13,CTL,20
9.67351e+06,7,RTS,20
9.67351e+06,1,RTS,20
9.67363e+06,4,RTS,20
9.67363e+06,0,RTS,20
9.6737e+06,20,CTS,14
9.67376e+06,0,QOSDATA_TID6,1066
9.67394e+06,20,ACK,14
9.67398e+06,0,CTL,20
9.67408e+06,9,RTS,20
9.67415e+06,20,CTS,14
9.67421e+06,9,QOSDATA_TID6,1066
9.67439e+06,20,ACK,14
9.67443e+06,9,CTL,20
9.67452e+06,16,RTS,20
9.67459e+06,20,CTS,14
9.67465e+06,16,QOSDATA_TID6,1066
9.67483e+06,20,ACK,14
9.67488e+06,16,QOSDATA_TID6,1066
9.67506e+06,20,ACK,14
9.6751e+06,16,CTL,20
9.67519e+06,11,RTS,20
9.67519e+06,12,RTS,20
9.67519e+06,13,RTS,20
9.67526e+06,20,CTS,14
9.67532e+06,12,QOSDATA_TID6,1066
9.6755e+06,20,ACK,14
9.67555e+06,12,CTL,20
9.67563e+06,17,RTS,20
9.6757e+06,20,CTS,14
9.67576e+06,17,QOSDATA_TID6,1066
9.67594e+06,20,ACK,14
9.67599e+06,17,CTL,20
9.67607e+06,4,RTS,20
9.67607e+06,3,RTS,20
9.67607e+06,18,RTS,20
9.67607e+06,6,RTS,20
9.67617e+06,2,RTS,20
9.67617e+06,19,RTS,20
9.67628e+06,14,RTS,20
9.67635e+06,20,CTS,14
9.67641e+06,14,QOSDATA_TID6,1066
9.6766e+06,20,ACK,14
9.67664e+06,14,QOSDATA_TID6,1066
9.67682e+06,20,ACK,14
9.67687e+06,14,CTL,20
9.67695e+06,5,RTS,20
9.67702e+06,20,CTS,14
9.67708e+06,5,QOSDATA_TID6,1066
9.67726e+06,20,ACK,14
9.67731e+06,5,CTL,20
9.6774e+06,7,RTS,20
9.6774e+06,10,RTS,20
9.6774e+06,15,RTS,20
9.6774e+06,13,RTS,20
9.67749e+06,1,RTS,20
9.67756e+06,20,CTS,14
9.67762e+06,1,QOSDATA_TID6,1066
9.6778e+06,20,ACK,14
9.67785e+06,1,QOSDATA_TID6,1066
9.67803e+06,20,ACK,14
9.67808e+06,1,CTL,20
9.67816e+06,7,RTS,20
9.67823e+06,20,CTS,14
9.67829e+06,7,QOSDATA_TID6,1066
9.67848e+06,20,ACK,14
9.67852e+06,7,CTL,20
9.67861e+06,15,RTS,20
9.67861e+06,18,RTS,20
9.67861e+06,3,RTS,20
9.67871e+06,4,RTS,20
9.67878e+06,20,CTS,14
9.67884e+06,4,QOSDATA_TID6,1066
9.67902e+06,20,ACK,14
9.67907e+06,4,QOSDATA_TID6,1066
9.67925e+06,20,ACK,14
9.6793e+06,4,CTL,20
9.67939e+06,6,RTS,20
9.67939e+06,14,RTS,20
9.67949e+06,13,RTS,20
9.67949e+06,8,RTS,20
9.67949e+06,19,RTS,20
9.67949e+06,11,RTS,20
9.67959e+06,6,RTS,20
9.67966e+06,20,CTS,14
9.67972e+06,6,QOSDATA_TID6,1066
9.6799e+06,20,ACK,14
9.67994e+06,6,CTL,20
9.68005e+06,18,RTS,20
9.68005e+06,15,RTS,20
9.68005e+06,2,RTS,20
9.68005e+06,10,RTS,20
9.68014e+06,19,RTS,20
9.68021e+06,20,CTS,14
9.68027e+06,19,QOSDATA_TID6,1066
9.68046e+06,20,ACK,14
9.6805e+06,19,CTL,20
9.6806e+06,16,RTS,20
9.68066e+06,20,CTS,14
9.68072e+06,16,QOSDATA_TID6,1066
9.68091e+06,20,ACK,14
9.68095e+06,16,CTL,20
9.68104e+06,2,RTS,20
9.68104e+06,18,RTS,20
9.68115e+06,15,RTS,20
9.68115e+06,11,RTS,20
9.68115e+06,13,RTS,20
9.68126e+06,18,RTS,20
9.68133e+06,20,CTS,14
9.68139e+06,18,QOSDATA_TID6,1066
9.68157e+06,20,ACK,14
9.68162e+06,18,QOSDATA_TID6,1066
9.6818e+06,20,ACK,14
9.68185e+06,18,CTL,20
9.68193e+06,3,RTS,20
9.682e+06,20,CTS,14
9.68206e+06,3,QOSDATA_TID6,1066
9.68224e+06,20,ACK,14
9.68229e+06,3,QOSDATA_TID6,1066
9.68247e+06,20,ACK,14
9.68252e+06,3,CTL,20
9.6826e+06,10,RTS,20
9.6826e+06,8,RTS,20
9.6826e+06,7,RTS,20
9.6826e+06,15,RTS,20
9.68271e+06,0,RTS,20
9.68271e+06,9,RTS,20
9.68278e+06,20,CTS,14
9.68284e+06,0,QOSDATA_TID6,1066
9.68302e+06,20,ACK,14
9.68306e+06,0,CTL,20
9.68315e+06,19,RTS,20
9.68322e+06,20,CTS,14
9.68328e+06,19,QOSDATA_TID6,1066
9.68346e+06,20,ACK,14
9.68351e+06,19,CTL,20
9.68359e+06,10,RTS,20
9.68366e+06,20,CTS,14
9.68372e+06,10,QOSDATA_TID6,1066
9.6839e+06,20,ACK,14
9.68395e+06,10,CTL,20
9.68404e+06,9,RTS,20
9.6841e+06,20,CTS,14
9.68416e+06,9,QOSDATA_TID6,1066
9.68435e+06,20,ACK,14
9.68439e+06,9,CTL,20
9.68448e+06,3,RTS,20
9.68448e+06,2,RTS,20
9.68448e+06,6,RTS,20
9.68448e+06,12,RTS,20
9.68448e+06,14,RTS,20
9.68459e+06,13,RTS,20
9.68466e+06,20,CTS,14
9.68472e+06,13,QOSDATA_TID6,1066
9.6849e+06,20,ACK,14
9.68495e+06,13,QOSDATA_TID6,1066
9.68513e+06,20,ACK,14
9.68518e+06,13,CTL,20
9.68526e+06,12,RTS,20
9.68526e+06,5,RTS,20
9.68537e+06,17,RTS,20
9.68537e+06,1,RTS,20
9.68537e+06,11,RTS,20
9.68537e+06,10,RTS,20
9.68547e+06,14,RTS,20
9.68547e+06,15,RTS,20
9.68557e+06,11,RTS,20
9.68563e+06,20,CTS,14
9.68569e+06,11,QOSDATA_TID6,1066
9.68588e+06,20,ACK,14
9.68592e+06,11,QOSDATA_TID6,1066
9.68611e+06,20,ACK,14
9.68615e+06,11,QOSDATA_TID6,1066
9.68633e+06,20,ACK,14
9.68638e+06,11,CTL,20
9.68646e+06,8,RTS,20
9.68646e+06,17,RTS,20
9.68656e+06,18,RTS,20
9.68663e+06,20,CTS,14
9.68669e+06,18,QOSDATA_TID6,1066
9.68687e+06,20,ACK,14
9.68692e+06,18,CTL,20
9.687e+06,5,RTS,20
9.687e+06,7,RTS,20
9.68707e+06,20,CTS,14
9.68713e+06,5,QOSDATA_TID6,1066
9.68732e+06,20,ACK,14
9.68736e+06,5,CTL,20
9.68745e+06,6,RTS,20
9.68751e+06,20,CTS,14
9.68757e+06,6,QOSDATA_TID6,1066
9.68776e+06,20,ACK,14
9.6878e+06,6,CTL,20
9.68789e+06,4,RTS,20
9.68796e+06,20,CTS,14
9.68802e+06,4,QOSDATA_TID6,1066
9.6882e+06,20,ACK,14
9.68824e+06,4,CTL,20
9.68833e+06,7,RTS,20
9.6884e+06,20,CTS,14
9.68846e+06,7,QOSDATA_TID6,1066
9.68864e+06,20,ACK,14
9.68869e+06,7,CTL,20
9.68877e+06,1,RTS,20
9.68884e+06,20,CTS,14
9.6889e+06,1,QOSDATA_TID6,1066
9.68908e+06,20,ACK,14
9.68913e+06,1,CTL,20
9.68922e+06,17,RTS,20
9.68922e+06,12,RTS,20
9.68922e+06,2,RTS,20
9.68922e+06,3,RTS,20
9.68922e+06,10,RTS,20
9.68922e+06,14,RTS,20
9.68932e+06,16,RTS,20
9.68939e+06,20,CTS,14
9.68945e+06,16,QOSDATA_TID6,1066
9.68963e+06,20,ACK,14
9.68968e+06,16,CTL,20
9.68976e+06,13,RTS,20
9.68976e+06,3,RTS,20
9.68976e+06,0,RTS,20
9.68986e+06,15,RTS,20
9.68993e+06,20,CTS,14
9.68999e+06,15,QOSDATA_TID6,1066
9.69017e+06,20,ACK,14
9.69022e+06,15,QOSDATA_TID6,1066
9.6904e+06,20,ACK,14
9.69045e+06,15,CTL,20
9.69053e+06,17,RTS,20
9.69053e+06,8,RTS,20
9.69053e+06,3,RTS,20
9.69063e+06,7,RTS,20
9.69063e+06,14,RTS,20
9.6907e+06,20,CTS,14
9.69076e+06,7,QOSDATA_TID6,1066
9.69094e+06,20,ACK,14
9.69099e+06,7,CTL,20
9.69107e+06,6,RTS,20
9.69107e+06,3,RTS,20
9.69114e+06,20,CTS,14
9.6912e+06,6,QOSDATA_TID6,1066
9.69138e+06,20,ACK,14
9.69143e+06,6,CTL,20
9.69151e+06,3,RTS,20
9.69151e+06,1,RTS,20
9.69158e+06,20,CTS,14
9.69164e+06,1,QOSDATA_TID6,1066
9.69183e+06,20,ACK,14
9.69187e+06,1,CTL,20
9.69196e+06,17,RTS,20
9.69196e+06,19,RTS,20
9.69196e+06,11,RTS,20
9.69196e+06,12,RTS,20
9.69196e+06,13,RTS,20
9.69207e+06,9,RTS,20
9.69214e+06,20,CTS,14
9.6922e+06,9,QOSDATA_TID6,1066
9.69238e+06,20,ACK,14
9.69243e+06,9,CTL,20
9.69251e+06,8,RTS,20
9.69258e+06,20,CTS,14
9.69264e+06,8,QOSDATA_TID6,1066
9.69283e+06,20,ACK,14
9.69287e+06,8,QOSDATA_TID6,1066
9.69305e+06,20,ACK,14
9.6931e+06,8,CTL,20
9.69318e+06,5,RTS,20
9.69318e+06,15,RTS,20
9.69325e+06,20,CTS,14
9.69331e+06,5,QOSDATA_TID6,1066
9.6935e+06,20,ACK,14
9.69354e+06,5,CTL,20
9.69363e+06,15,RTS,20
9.69369e+06,20,CTS,14
9.69375e+06,15,QOSDATA_TID6,1066
9.69394e+06,20,ACK,14
9.69398e+06,15,CTL,20
9.69407e+06,14,RTS,20
9.69407e+06,0,RTS,20
9.69407e+06,2,RTS,20
9.69407e+06,11,RTS,20
9.69407e+06,4,RTS,20
9.69417e+06,13,RTS,20
9.69423e+06,20,CTS,14
9.69429e+06,13,QOSDATA_TID6,1066
9.69448e+06,20,ACK,14
9.69452e+06,13,CTL,20
9.69461e+06,12,RTS,20
9.69461e+06,19,RTS,20
9.69461e+06,18,RTS,20
9.69468e+06,20,CTS,14
9.69474e+06,12,QOSDATA_TID6,1066
9.69492e+06,20,ACK,14
9.69496e+06,12,QOSDATA_TID6,1066
9.69515e+06,20,ACK,14
9.69519e+06,12,CTL,20
9.69529e+06,19,RTS,20
9.69529e+06,3,RTS,20
9.69529e+06,10,RTS,20
9.6954e+06,0,CTS,14
9.6955e+06,0,RTS,20
9.69557e+06,20,CTS,14
9.69563e+06,0,QOSDATA_TID6,1066
9.69581e+06,20,ACK,14
9.69586e+06,0,CTL,20
9.69594e+06,2,RTS,20
9.69601e+06,20,CTS,14
9.69607e+06,2,QOSDATA_TID6,1066
9.69625e+06,20,ACK,14
9.6963e+06,2,QOSDATA_TID6,1066
9.69648e+06,20,ACK,14
9.69653e+06,2,QOSDATA_TID6,1066
9.69671e+06,20,ACK,14
9.69675e+06,2,CTL,20
9.69684e+06,19,RTS,20
9.69691e+06,20,CTS,14
9.69697e+06,19,QOSDATA_TID6,1066
9.69715e+06,20,ACK,14
9.6972e+06,19,CTL,20
9.69728e+06,14,RTS,20
9.69735e+06,20,CTS,14
9.69741e+06,14,QOSDATA_TID6,1066
9.69759e+06,20,ACK,14
9.69764e+06,14,QOSDATA_TID6,1066
9.69782e+06,20,ACK,14
9.69787e+06,14,QOSDATA_TID6,1066
9.69805e+06,20,ACK,14
9.69809e+06,14,CTL,20
9.69818e+06,13,RTS,20
9.69818e+06,7,RTS,20
9.69818e+06,8,RTS,20
9.69818e+06,17,RTS,20
9.69818e+06,3,RTS,20
9.69829e+06,0,RTS,20
9.69829e+06,10,RTS,20
9.69829e+06,11,RTS,20
9.69829e+06,16,RTS,20
9.69829e+06,4,RTS,20
9.69838e+06,12,RTS,20
9.69845e+06,20,CTS,14
9.69851e+06,12,QOSDATA_TID6,1066
9.6987e+06,20,ACK,14
9.69874e+06,12,CTL,20
9.69883e+06,7,RTS,20
9.69883e+06,3,RTS,20
9.6989e+06,20,CTS,14
9.69896e+06,7,QOSDATA_TID6,1066
9.69914e+06,20,ACK,14
9.69918e+06,7,CTL,20
9.69927e+06,1,RTS,20
9.69934e+06,20,CTS,14
9.6994e+06,1,QOSDATA_TID6,1066
9.69958e+06,20,ACK,14
9.69962e+06,1,CTL,20
9.69971e+06,8,RTS,20
9.69971e+06,4,RTS,20
9.69971e+06,3,RTS,20
9.69971e+06,0,RTS,20
9.69971e+06,6,RTS,20
9.69982e+06,18,RTS,20
9.69989e+06,20,CTS,14
9.69995e+06,18,QOSDATA_TID6,1066
9.70013e+06,20,ACK,14
9.70017e+06,18,CTL,20
9.70026e+06,13,RTS,20
9.70033e+06,20,CTS,14
9.70039e+06,13,QOSDATA_TID6,1066
9.70057e+06,20,ACK,14
9.70062e+06,13,CTL,20
9.7007e+06,15,RTS,20
9.7007e+06,2,RTS,20
9.7007e+06,3,RTS,20
9.7007e+06,9,RTS,20
9.70081e+06,19,RTS,20
9.70081e+06,6,RTS,20
9.70081e+06,11,RTS,20
9.70092e+06,10,RTS,20
9.70099e+06,20,CTS,14
9.70105e+06,10,QOSDATA_TID6,1066
9.70124e+06,20,ACK,14
9.70128e+06,10,QOSDATA_TID6,1066
9.70146e+06,20,ACK,14
9.70151e+06,10,QOSDATA_TID6,1066
9.70169e+06,20,ACK,14
9.70174e+06,10,CTL,20
9.70182e+06,11,RTS,20
9.70189e+06,20,CTS,14
9.70195e+06,11,QOSDATA_TID6,1066
9.70214e+06,20,ACK,14
9.70218e+06,11,QOSDATA_TID6,1066
9.70236e+06,20,ACK,14
9.70241e+06,11,CTL,20
9.70249e+06,2,RTS,20
9.70249e+06,18,RTS,20
9.70261e+06,4,RTS,20
9.70268e+06,20,CTS,14
9.70274e+06,4,QOSDATA_TID6,1066
9.70292e+06,20,ACK,14
9.70296e+06,4,QOSDATA_TID6,1066
9.70315e+06,20,ACK,14
9.70319e+06,4,CTL,20
9.70328e+06,16,RTS,20
9.70328e+06,14,RTS,20
9.70328e+06,18,RTS,20
9.70339e+06,5,RTS,20
9.70346e+06,20,CTS,14
9.70352e+06,5,QOSDATA_TID6,1066
9.7037e+06,20,ACK,14
9.70374e+06,5,CTL,20
9.70383e+06,16,RTS,20
9.7039e+06,20,CTS,14
9.70396e+06,16,QOSDATA_TID6,1066
9.70414e+06,20,ACK,14
9.70418e+06,16,CTL,20
9.70427e+06,6,RTS,20
9.70434e+06,20,CTS,14
9.7044e+06,6,QOSDATA_TID6,1066
9.70458e+06,20,ACK,14
9.70463e+06,6,CTL,20
9.70471e+06,14,RTS,20
9.70471e+06,15,RTS,20
9.70471e+06,17,RTS,20
9.70471e+06,9,RTS,20
9.70478e+06,20,CTS,14
9.70484e+06,17,QOSDATA_TID6,1066
9.70502e+06,20,ACK,14
9.70507e+06,17,QOSDATA_TID6,1066
9.70525e+06,20,ACK,14
9.7053e+06,17,QOSDATA_TID6,1066
9.70548e+06,20,ACK,14
9.70552e+06,17,CTL,20
9.70561e+06,7,RTS,20
9.70568e+06,20,CTS,14
9.70574e+06,7,QOSDATA_TID6,1066
9.70592e+06,20,ACK,14
9.70597e+06,7,CTL,20
9.70605e+06,8,RTS,20
9.70605e+06,16,RTS,20
9.70605e+06,0,CTS,14
9.70605e+06,2,RTS,20
9.70605e+06,14,RTS,20
9.70617e+06,0,RTS,20
9.70623e+06,20,CTS,14
9.70629e+06,0,QOSDATA_TID6,1066
9.70648e+06,20,ACK,14
9.70652e+06,0,QOSDATA_TID6,1066
9.70671e+06,20,ACK,14
9.70675e+06,0,CTL,20
9.70684e+06,18,RTS,20
9.70691e+06,20,CTS,14
9.70697e+06,18,QOSDATA_TID6,1066
9.70716e+06,20,ACK,14
9.7072e+06,18,CTL,20
9.70729e+06,8,RTS,20
9.70729e+06,19,RTS,20
9.70729e+06,12,RTS,20
9.70729e+06,13,RTS,20
9.70738e+06,11,RTS,20
9.70738e+06,17,RTS,20
9.70738e+06,3,RTS,20
9.70745e+06,20,CTS,14
9.70751e+06,17,QOSDATA_TID6,1066
9.7077e+06,20,ACK,14
9.70774e+06,17,CTL,20
9.70784e+06,8,RTS,20
9.70784e+06,1,RTS,20
9.70784e+06,9,RTS,20
9.70784e+06,6,RTS,20
9.70784e+06,14,RTS,20
9.70795e+06,12,RTS,20
9.70795e+06,2,RTS,20
9.70795e+06,13,RTS,20
9.70802e+06,20,CTS,14
9.70808e+06,12,QOSDATA_TID6,1066
9.70826e+06,20,ACK,14
9.70831e+06,12,CTL,20
9.70839e+06,2,RTS,20
9.70839e+06,14,RTS,20
9.70846e+06,20,CTS,14
9.70852e+06,2,QOSDATA_TID6,1066
9.70871e+06,20,ACK,14
9.70875e+06,2,QOSDATA_TID6,1066
9.70893e+06,20,ACK,14
9.70898e+06,2,CTL,20
9.70906e+06,10,RTS,20
9.70906e+06,4,RTS,20
9.70917e+06,19,RTS,20
9.70917e+06,5,RTS,20
9.70924e+06,20,CTS,14
9.7093e+06,5,QOSDATA_TID6,1066
9.70948e+06,20,ACK,14
9.70953e+06,5,CTL,20
9.70961e+06,15,RTS,20
9.70968e+06,20,CTS,14
9.70974e+06,15,QOSDATA_TID6,1066
9.70992e+06,20,ACK,14
9.70997e+06,15,QOSDATA_TID6,1066
9.71015e+06,20,ACK,14
9.7102e+06,15,CTL,20
9.71028e+06,14,RTS,20
9.71028e+06,4,RTS,20
9.7104e+06,3,RTS,20
9.71047e+06,20,CTS,14
9.71053e+06,3,QOSDATA_TID6,1066
9.71071e+06,20,ACK,14
9.71076e+06,3,QOSDATA_TID6,1066
9.71094e+06,20,ACK,14
9.71098e+06,3,QOSDATA_TID6,1066
9.71117e+06,20,ACK,14
9.71121e+06,3,CTL,20
9.7113e+06,18,RTS,20
9.7113e+06,13,RTS,20
9.71141e+06,1,RTS,20
9.71148e+06,20,CTS,14
9.71154e+06,1,QOSDATA_TID6,1066
9.71173e+06,20,ACK,14
9.71177e+06,1,CTL,20
9.71186e+06,19,RTS,20
9.71186e+06,13,RTS,20
9.71196e+06,6,RTS,20
9.71203e+06,20,CTS,14
9.71209e+06,6,QOSDATA_TID6,1066
9.71228e+06,20,ACK,14
9.71232e+06,6,CTL,20
9.71241e+06,8,RTS,20
9.71241e+06,9,RTS,20
9.71241e+06,16,RTS,20
9.71248e+06,20,CTS,14
9.71254e+06,8,QOSDATA_TID6,1066
9.71273e+06,20,ACK,14
9.71277e+06,8,QOSDATA_TID6,1066
9.71295e+06,20,ACK,14
9.713e+06,8,QOSDATA_TID6,1066
9.71318e+06,20,ACK,14
9.71323e+06,8,CTL,20
9.71331e+06,14,RTS,20
9.71338e+06,20,CTS,14
9.71344e+06,14,QOSDATA_TID6,1066
9.71362e+06,20,ACK,14
9.71367e+06,14,QOSDATA_TID6,1066
9.71385e+06,20,ACK,14
9.7139e+06,14,CTL,20
9.71399e+06,9,RTS,20
9.71399e+06,4,RTS,20
9.71409e+06,19,RTS,20
9.71416e+06,20,CTS,14
9.71422e+06,19,QOSDATA_TID6,1066
9.7144e+06,20,ACK,14
9.71444e+06,19,QOSDATA_TID6,1066
9.71463e+06,20,ACK,14
9.71467e+06,19,CTL,20
9.71477e+06,12,RTS,20
9.71477e+06,3,RTS,20
9.71484e+06,20,CTS,14
9.7149e+06,12,QOSDATA_TID6,1066
9.71508e+06,20,ACK,14
9.71512e+06,12,CTL,20
9.71521e+06,1,RTS,20
9.71521e+06,19,RTS,20
9.71521e+06,0,RTS,20
9.71532e+06,3,RTS,20
9.71532e+06,11,RTS,20
9.71542e+06,6,RTS,20
9.71549e+06,20,CTS,14
9.71555e+06,6,QOSDATA_TID6,1066
9.71574e+06,20,ACK,14
9.71578e+06,6,CTL,20
9.71587e+06,1,RTS,20
9.71593e+06,20,CTS,14
9.71599e+06,1,QOSDATA_TID6,1066
9.71618e+06,20,ACK,14
9.71622e+06,1,CTL,20
9.71631e+06,5,RTS,20
9.71631e+06,0,RTS,20
9.71638e+06,20,CTS,14
9.71644e+06,5,QOSDATA_TID6,1066
9.71662e+06,20,ACK,14
9.71666e+06,5,CTL,20
9.71675e+06,9,RTS,20
9.71675e+06,15,RTS,20
9.71682e+06,20,CTS,14
9.71688e+06,15,QOSDATA_TID6,1066
9.71706e+06,20,ACK,14
9.71711e+06,15,CTL,20
9.71719e+06,17,RTS,20
9.71719e+06,4,RTS,20
9.71719e+06,9,RTS,20
9.71726e+06,20,CTS,14
9.71732e+06,17,QOSDATA_TID6,1066
9.7175e+06,20,ACK,14
9.71755e+06,17,CTL,20
9.71763e+06,7,RTS,20
9.71763e+06,13,RTS,20
9.7177e+06,20,CTS,14
9.71776e+06,7,QOSDATA_TID6,1066
9.71795e+06,20,ACK,14
9.71799e+06,7,CTL,20
9.71808e+06,18,RTS,20
9.71808e+06,10,RTS,20
9.71818e+06,2,RTS,20
9.71825e+06,20,CTS,14
9.71831e+06,2,QOSDATA_TID6,1066
9.7185e+06,20,ACK,14
9.71854e+06,2,CTL,20
9.71862e+06,4,RTS,20
9.71869e+06,20,CTS,14
9.71875e+06,4,QOSDATA_TID6,1066
9.71894e+06,20,ACK,14
9.71898e+06,4,QOSDATA_TID6,1066
9.71916e+06,20,ACK,14
9.71921e+06,4,CTL,20
9.7193e+06,16,RTS,20
9.7193e+06,11,RTS,20
9.7193e+06,19,RTS,20
9.7193e+06,13,RTS,20
9.7193e+06,14,RTS,20
9.7194e+06,18,RTS,20
9.71947e+06,20,CTS,14
9.71953e+06,18,QOSDATA_TID6,1066
9.71972e+06,20,ACK,14
9.71976e+06,18,QOSDATA_TID6,1066
9.71994e+06,20,ACK,14
9.71999e+06,18,CTL,20
9.72007e+06,0,CTS,14
9.7202e+06,0,RTS,20
9.72026e+06,20,CTS,14
9.72032e+06,0,QOSDATA_TID6,1066
9.72051e+06,20,ACK,14
9.72055e+06,0,CTL,20
9.72064e+06,3,RTS,20
9.72071e+06,20,CTS,14
9.72077e+06,3,QOSDATA_TID6,1066
9.72095e+06,20,ACK,14
9.72099e+06,3,CTL,20
9.72108e+06,9,RTS,20
9.72115e+06,20,CTS,14
9.72121e+06,9,QOSDATA_TID6,1066
9.72139e+06,20,ACK,14
9.72144e+06,9,QOSDATA_TID6,1066
9.72162e+06,20,ACK,14
9.72166e+06,9,CTL,20
9.72175e+06,8,RTS,20
9.72182e+06,20,CTS,14
9.72188e+06,8,QOSDATA_TID6,1066
9.72206e+06,20,ACK,14
9.72211e+06,8,CTL,20
9.72219e+06,11,RTS,20
9.72219e+06,16,RTS,20
9.72219e+06,0,RTS,20
9.72219e+06,10,RTS,20
9.7223e+06,7,RTS,20
9.72237e+06,20,CTS,14
9.72243e+06,7,QOSDATA_TID6,1066
9.72261e+06,20,ACK,14
9.72266e+06,7,CTL,20
9.72274e+06,13,RTS,20
9.72274e+06,19,RTS,20
9.72274e+06,3,RTS,20
9.72285e+06,14,RTS,20
9.72292e+06,20,CTS,14
9.72298e+06,14,QOSDATA_TID6,1066
9.72316e+06,20,ACK,14
9.7232e+06,14,CTL,20
9.72329e+06,12,RTS,20
9.72336e+06,20,CTS,14
9.72342e+06,12,QOSDATA_TID6,1066
9.7236e+06,20,ACK,14
9.72365e+06,12,CTL,20
9.72373e+06,16,RTS,20
9.72373e+06,13,RTS,20
9.72373e+06,9,RTS,20
9.72383e+06,6,RTS,20
9.7239e+06,20,CTS,14
9.72396e+06,6,QOSDATA_TID6,1066
9.72414e+06,20,ACK,14
9.72419e+06,6,CTL,20
9.72427e+06,16,RTS,20
9.72434e+06,20,CTS,14
9.7244e+06,16,QOSDATA_TID6,1066
9.72458e+06,20,ACK,14
9.72463e+06,16,QOSDATA_TID6,1066
9.72481e+06,20,ACK,14
9.72486e+06,16,QOSDATA_TID6,1066
9.72504e+06,20,ACK,14
9.72508e+06,16,CTL,20
9.72517e+06,17,RTS,20
9.72517e+06,3,RTS,20
9.72517e+06,10,RTS,20
9.72524e+06,20,CTS,14
9.7253e+06,17,QOSDATA_TID6,1066
9.72548e+06,20,ACK,14
9.72553e+06,17,CTL,20
9.72562e+06,1,RTS,20
9.72562e+06,19,RTS,20
9.72572e+06,0,RTS,20
9.72572e+06,13,RTS,20
9.72572e+06,15,RTS,20
9.72582e+06,5,RTS,20
9.72582e+06,19,RTS,20
9.72582e+06,4,RTS,20
9.72588e+06,20,CTS,14
9.72594e+06,5,QOSDATA_TID6,1066
9.72613e+06,20,ACK,14
9.72617e+06,5,CTL,20
9.72626e+06,19,RTS,20
9.72633e+06,20,CTS,14
9.72639e+06,19,QOSDATA_TID6,1066
9.72657e+06,20,ACK,14
9.72662e+06,19,QOSDATA_TID6,1066
9.7268e+06,20,ACK,14
9.72684e+06,19,CTL,20
9.72693e+06,8,RTS,20
9.727e+06,20,CTS,14
9.72706e+06,8,QOSDATA_TID6,1066
9.72724e+06,20,ACK,14
9.72728e+06,8,CTL,20
9.72737e+06,11,RTS,20
9.72737e+06,2,RTS,20
9.72747e+06,14,RTS,20
9.72754e+06,20,CTS,14
9.7276e+06,14,QOSDATA_TID6,1066
9.72778e+06,20,ACK,14
9.72783e+06,14,CTL,20
9.72792e+06,3,RTS,20
9.72792e+06,9,RTS,20
9.72792e+06,4,RTS,20
9.72802e+06,15,RTS,20
9.72802e+06,18,RTS,20
9.72814e+06,4,RTS,20
9.7282e+06,20,CTS,14
9.72826e+06,4,QOSDATA_TID6,1066
9.72845e+06,20,ACK,14
9.72849e+06,4,CTL,20
9.72858e+06,11,RTS,20
9.72858e+06,1,RTS,20
9.72864e+06,20,CTS,14
9.7287e+06,1,QOSDATA_TID6,1066
9.72889e+06,20,ACK,14
9.72893e+06,1,CTL,20
9.72903e+06,0,CTS,14
9.72903e+06,13,RTS,20
9.72913e+06,0,RTS,20
9.7292e+06,20,CTS,14
9.72926e+06,0,QOSDATA_TID6,1066
9.72944e+06,20,ACK,14
9.72949e+06,0,QOSDATA_TID6,1066
9.72967e+06,20,ACK,14
9.72972e+06,0,CTL,20
9.7298e+06,16,RTS,20
9.72987e+06,20,CTS,14
9.72993e+06,16,QOSDATA_TID6,1066
9.73011e+06,20,ACK,14
9.73016e+06,16,CTL,20
9.73024e+06,15,RTS,20
9.73031e+06,20,CTS,14
9.73037e+06,15,QOSDATA_TID6,1066
9.73056e+06,20,ACK,14
9.7306e+06,15,CTL,20
9.73069e+06,7,RTS,20
9.73069e+06,18,RTS,20
9.73069e+06,3,RTS,20
9.73081e+06,2,RTS,20
9.73088e+06,20,CTS,14
9.73094e+06,2,QOSDATA_TID6,1066
9.73112e+06,20,ACK,14
9.73117e+06,2,CTL,20
9.73125e+06,18,RTS,20
9.73125e+06,19,RTS,20
9.73125e+06,1,RTS,20
9.73135e+06,17,RTS,20
9.73135e+06,13,RTS,20
9.73142e+06,20,CTS,14
9.73148e+06,17,QOSDATA_TID6,1066
9.73166e+06,20,ACK,14
9.73171e+06,17,CTL,20
9.73179e+06,1,RTS,20
9.73186e+06,20,CTS,14
9.73192e+06,1,QOSDATA_TID6,1066
9.7321e+06,20,ACK,14
9.73215e+06,1,CTL,20
9.73224e+06,11,RTS,20
9.73224e+06,7,RTS,20
9.7323e+06,20,CTS,14
9.73236e+06,7,QOSDATA_TID6,1066
9.73255e+06,20,ACK,14
9.73259e+06,7,CTL,20
9.73268e+06,5,RTS,20
9.73268e+06,3,RTS,20
9.73274e+06,20,CTS,14
9.7328e+06,5,QOSDATA_TID6,1066
9.73299e+06,20,ACK,14
9.73303e+06,5,CTL,20
9.73312e+06,6,RTS,20
9.73312e+06,4,RTS,20
9.73319e+06,20,CTS,14
9.73325e+06,6,QOSDATA_TID6,1066
9.73343e+06,20,ACK,14
9.73348e+06,6,CTL,20
9.73357e+06,18,RTS,20
9.73357e+06,15,RTS,20
9.73357e+06,9,RTS,20
9.73367e+06,12,RTS,20
9.73374e+06,20,CTS,14
9.7338e+06,12,QOSDATA_TID6,1066
9.73398e+06,20,ACK,14
9.73402e+06,12,CTL,20
9.73411e+06,2,RTS,20
9.73418e+06,20,CTS,14
9.73424e+06,2,QOSDATA_TID6,1066
9.73442e+06,20,ACK,14
9.73447e+06,2,CTL,20
9.73456e+06,10,RTS,20
9.73456e+06,15,RTS,20
9.73463e+06,20,CTS,14
9.73469e+06,15,QOSDATA_TID6,1066
9.73487e+06,20,ACK,14
9.73492e+06,15,CTL,20
9.73501e+06,8,RTS,20
9.73501e+06,19,RTS,20
9.73508e+06,20,CTS,14
9.73514e+06,8,QOSDATA_TID6,1066
9.73532e+06,20,ACK,14
9.73537e+06,8,CTL,20
9.73545e+06,4,RTS,20
9.73545e+06,13,RTS,20
9.73556e+06,18,RTS,20
9.73556e+06,3,RTS,20
9.73567e+06,4,RTS,20
9.73574e+06,20,CTS,14
9.7358e+06,4,QOSDATA_TID6,1066
9.73598e+06,20,ACK,14
9.73602e+06,4,CTL,20
9.73612e+06,11,RTS,20
9.73612e+06,3,RTS,20
9.73612e+06,14,RTS,20
9.73623e+06,19,RTS,20
9.7363e+06,20,CTS,14
9.73636e+06,19,QOSDATA_TID6,1066
9.73654e+06,20,ACK,14
9.73658e+06,19,CTL,20
9.73667e+06,16,RTS,20
9.73674e+06,20,CTS,14
9.7368e+06,16,QOSDATA_TID6,1066
9.73698e+06,20,ACK,14
9.73702e+06,16,CTL,20
9.73711e+06,11,RTS,20
9.73711e+06,13,RTS,20
9.73711e+06,0,RTS,20
9.73711e+06,14,RTS,20
9.73724e+06,9,RTS,20
9.73731e+06,20,CTS,14
9.73737e+06,9,QOSDATA_TID6,1066
9.73756e+06,20,ACK,14
9.7376e+06,9,QOSDATA_TID6,1066
9.73778e+06,20,ACK,14
9.73783e+06,9,QOSDATA_TID6,1066
9.73801e+06,20,ACK,14
9.73806e+06,9,CTL,20
9.73815e+06,3,RTS,20
9.73815e+06,14,RTS,20
9.73826e+06,11,RTS,20
9.73833e+06,20,CTS,14
9.73839e+06,11,QOSDATA_TID6,1066
9.73857e+06,20,ACK,14
9.73862e+06,11,QOSDATA_TID6,1066
9.7388e+06,20,ACK,14
9.73884e+06,11,QOSDATA_TID6,1066
9.73903e+06,20,ACK,14
9.73907e+06,11,QOSDATA_TID6,1066
9.73926e+06,20,ACK,14
9.7393e+06,11,CTL,20
9.73939e+06,7,RTS,20
9.73939e+06,19,RTS,20
9.73939e+06,6,RTS,20
9.73953e+06,7,RTS,20
9.73954e+06,10,RTS,20
9.7396e+06,20,CTS,14
9.73966e+06,7,QOSDATA_TID6,1066
9.73985e+06,20,ACK,14
9.73989e+06,7,CTL,20
9.73999e+06,1,RTS,20
9.73999e+06,18,RTS,20
9.73999e+06,3,RTS,20
9.74011e+06,13,RTS,20
9.74018e+06,20,CTS,14
9.74024e+06,13,QOSDATA_TID6,1066
9.74042e+06,20,ACK,14
9.74047e+06,13,QOSDATA_TID6,1066
9.74065e+06,20,ACK,14
9.74069e+06,13,QOSDATA_TID6,1066
9.74088e+06,20,ACK,14
9.74092e+06,13,QOSDATA_TID6,1066
9.74111e+06,20,ACK,14
9.74115e+06,13,CTL,20
9.74124e+06,15,RTS,20
9.74124e+06,4,RTS,20
9.74124e+06,5,RTS,20
9.74124e+06,2,RTS,20
9.7413e+06,20,CTS,14
9.74136e+06,5,QOSDATA_TID6,1066
9.74155e+06,20,ACK,14
9.74159e+06,5,CTL,20
9.74169e+06,4,RTS,20
9.74169e+06,14,RTS,20
9.7418e+06,2,RTS,20
9.7418e+06,3,RTS,20
9.74187e+06,20,CTS,14
9.74193e+06,2,QOSDATA_TID6,1066
9.74212e+06,20,ACK,14
9.74216e+06,2,CTL,20
9.74224e+06,4,RTS,20
9.74231e+06,20,CTS,14
9.74237e+06,4,QOSDATA_TID6,1066
9.74256e+06,20,ACK,14
9.7426e+06,4,CTL,20
9.7427e+06,3,RTS,20
9.74276e+06,20,CTS,14
9.74282e+06,3,QOSDATA_TID6,1066
9.74301e+06,20,ACK,14
9.74305e+06,3,QOSDATA_TID6,1066
9.74324e+06,20,ACK,14
9.74328e+06,3,CTL,20
9.74337e+06,18,RTS,20
9.74337e+06,17,RTS,20
9.74337e+06,12,RTS,20
9.74347e+06,15,RTS,20
9.74354e+06,20,CTS,14
9.7436e+06,15,QOSDATA_TID6,1066
9.74379e+06,20,ACK,14
9.74383e+06,15,CTL,20
9.74391e+06,20,BEACON,152
9.74417e+06,12,RTS,20
9.74424e+06,20,CTS,14
9.7443e+06,12,QOSDATA_TID6,1066
9.74448e+06,20,ACK,14
9.74452e+06,12,CTL,20
9.74461e+06,8,RTS,20
9.74461e+06,16,RTS,20
9.74461e+06,0,RTS,20
9.74461e+06,14,RTS,20
9.74472e+06,10,RTS,20
9.74479e+06,20,CTS,14
9.74485e+06,10,QOSDATA_TID6,1066
9.74503e+06,20,ACK,14
9.74507e+06,10,QOSDATA_TID6,1066
9.74526e+06,20,ACK,14
9.7453e+06,10,QOSDATA_TID6,1066
9.74549e+06,20,ACK,14
9.74553e+06,10,QOSDATA_TID6,1066
9.74571e+06,20,ACK,14
9.74576e+06,10,QOSDATA_TID6,1066
9.74594e+06,20,ACK,14
9.74599e+06,10,CTL,20
9.74607e+06,9,RTS,20
9.74607e+06,8,RTS,20
9.74607e+06,7,RTS,20
9.74618e+06,16,RTS,20
9.74618e+06,6,RTS,20
9.74629e+06,9,RTS,20
9.74629e+06,13,RTS,20
9.74639e+06,1,RTS,20
9.74639e+06,6,RTS,20
9.7465e+06,9,RTS,20
9.74657e+06,20,CTS,14
9.74663e+06,9,QOSDATA_TID6,1066
9.74681e+06,20,ACK,14
9.74686e+06,9,CTL,20
9.74694e+06,11,RTS,20
9.74694e+06,7,RTS,20
9.74701e+06,20,CTS,14
9.74707e+06,7,QOSDATA_TID6,1066
9.74725e+06,20,ACK,14
9.7473e+06,7,CTL,20
9.74739e+06,17,RTS,20
9.74739e+06,6,RTS,20
9.74739e+06,3,RTS,20
9.74746e+06,20,CTS,14
9.74752e+06,17,QOSDATA_TID6,1066
9.7477e+06,20,ACK,14
9.74775e+06,17,QOSDATA_TID6,1066
9.74793e+06,20,ACK,14
9.74798e+06,17,CTL,20
9.74806e+06,13,RTS,20
9.74813e+06,20,CTS,14
9.74819e+06,13,QOSDATA_TID6,1066
9.74838e+06,20,ACK,14
9.74842e+06,13,CTL,20
9.74851e+06,12,RTS,20
9.74851e+06,16,RTS,20
9.74851e+06,1,RTS,20
9.74858e+06,20,CTS,14
9.74864e+06,12,QOSDATA_TID6,1066
9.74883e+06,20,ACK,14
9.74887e+06,12,CTL,20
9.74896e+06,15,RTS,20
9.74896e+06,2,RTS,20
9.74896e+06,14,RTS,20
9.74896e+06,10,RTS,20
9.74906e+06,5,RTS,20
9.74906e+06,19,RTS,20
9.74906e+06,11,RTS,20
9.74906e+06,4,RTS,20
9.74913e+06,20,CTS,14
9.74919e+06,5,QOSDATA_TID6,1066
9.74938e+06,20,ACK,14
9.74942e+06,5,CTL,20
9.7495e+06,10,RTS,20
9.7495e+06,15,RTS,20
9.74957e+06,20,CTS,14
9.74963e+06,15,QOSDATA_TID6,1066
9.74982e+06,20,ACK,14
9.74986e+06,15,CTL,20
9.74995e+06,4,RTS,20
9.74995e+06,10,RTS,20
9.75007e+06,19,RTS,20
9.75014e+06,20,CTS,14
9.7502e+06,19,QOSDATA_TID6,1066
9.75038e+06,20,ACK,14
9.75043e+06,19,QOSDATA_TID6,1066
9.75061e+06,20,ACK,14
9.75066e+06,19,CTL,20
9.75075e+06,1,RTS,20
9.75075e+06,8,RTS,20
9.75075e+06,4,RTS,20
9.75075e+06,6,RTS,20
9.75087e+06,16,RTS,20
9.75094e+06,20,CTS,14
9.751e+06,16,QOSDATA_TID6,1066
9.75118e+06,20,ACK,14
9.75122e+06,16,CTL,20
9.75132e+06,1,RTS,20
9.75132e+06,3,RTS,20
9.75139e+06,20,CTS,14
9.75145e+06,1,QOSDATA_TID6,1066
9.75163e+06,20,ACK,14
9.75168e+06,1,QOSDATA_TID6,1066
9.75186e+06,20,ACK,14
9.7519e+06,1,CTL,20
9.75199e+06,14,RTS,20
9.75206e+06,20,CTS,14
9.75212e+06,14,QOSDATA_TID6,1066
9.7523e+06,20,ACK,14
9.75234e+06,14,QOSDATA_TID6,1066
9.75253e+06,20,ACK,14
9.75257e+06,14,QOSDATA_TID6,1066
9.75276e+06,20,ACK,14
9.7528e+06,14,CTL,20
9.7529e+06,0,CTS,14
9.7529e+06,18,RTS,20
9.7529e+06,2,RTS,20
9.7529e+06,3,RTS,20
9.7529e+06,11,RTS,20
9.7529e+06,16,RTS,20
9.753e+06,0,RTS,20
9.75307e+06,20,CTS,14
9.75313e+06,0,QOSDATA_TID6,1066
9.75331e+06,20,ACK,14
9.75336e+06,0,QOSDATA_TID6,1066
9.75354e+06,20,ACK,14
9.75358e+06,0,QOSDATA_TID6,1066
9.75377e+06,20,ACK,14
9.75381e+06,0,CTL,20
9.7539e+06,2,RTS,20
9.7539e+06,10,RTS,20
9.75397e+06,20,CTS,14
9.75403e+06,2,QOSDATA_TID6,1066
9.75421e+06,20,ACK,14
9.75425e+06,2,CTL,20
9.75434e+06,18,RTS,20
9.75441e+06,20,CTS,14
9.75447e+06,18,QOSDATA_TID6,1066
9.75465e+06,20,ACK,14
9.7547e+06,18,QOSDATA_TID6,1066
9.75488e+06,20,ACK,14
9.75492e+06,18,QOSDATA_TID6,1066
9.75511e+06,20,ACK,14
9.75515e+06,18,CTL,20
9.75524e+06,1,RTS,20
9.75524e+06,7,RTS,20
9.75524e+06,11,RTS,20
9.75524e+06,13,RTS,20
9.75534e+06,9,RTS,20
9.75541e+06,20,CTS,14
9.75547e+06,9,QOSDATA_TID6,1066
9.75566e+06,20,ACK,14
9.7557e+06,9,CTL,20
9.75579e+06,10,RTS,20
9.75579e+06,17,RTS,20
9.75579e+06,6,RTS,20
9.75579e+06,11,RTS,20
9.75586e+06,20,CTS,14
9.75592e+06,17,QOSDATA_TID6,1066
9.7561e+06,20,ACK,14
9.75614e+06,17,CTL,20
9.75623e+06,6,RTS,20
9.7563e+06,20,CTS,14
9.75636e+06,6,QOSDATA_TID6,1066
9.75654e+06,20,ACK,14
9.75658e+06,6,QOSDATA_TID6,1066
9.75677e+06,20,ACK,14
9.75681e+06,6,QOSDATA_TID6,1066
9.757e+06,20,ACK,14
9.75704e+06,6,CTL,20
9.75713e+06,15,RTS,20
9.75713e+06,5,RTS,20
9.75713e+06,13,RTS,20
9.7572e+06,20,CTS,14
9.75726e+06,5,QOSDATA_TID6,1066
9.75744e+06,20,ACK,14
9.75748e+06,5,CTL,20
9.75757e+06,16,RTS,20
9.75757e+06,4,RTS,20
9.75767e+06,3,RTS,20
9.75774e+06,20,CTS,14
9.7578e+06,3,QOSDATA_TID6,1066
9.75798e+06,20,ACK,14
9.75802e+06,3,QOSDATA_TID6,1066
9.75821e+06,20,ACK,14
9.75825e+06,3,CTL,20
9.75834e+06,12,RTS,20
9.75841e+06,20,CTS,14
9.75847e+06,12,QOSDATA_TID6,1066
9.75865e+06,20,ACK,14
9.75869e+06,12,CTL,20
9.75878e+06,7,RTS,20
9.75878e+06,8,RTS,20
9.75878e+06,19,RTS,20
9.75878e+06,15,RTS,20
9.75878e+06,2,RTS,20
9.75888e+06,4,RTS,20
9.75895e+06,20,CTS,14
9.75901e+06,4,QOSDATA_TID6,1066
9.75919e+06,20,ACK,14
9.75923e+06,4,QOSDATA_TID6,1066
9.75942e+06,20,ACK,14
9.75946e+06,4,CTL,20
9.75955e+06,11,RTS,20
9.75955e+06,7,RTS,20
9.75955e+06,13,RTS,20
9.75965e+06,8,RTS,20
9.75971e+06,20,CTS,14
9.75977e+06,8,QOSDATA_TID6,1066
9.75996e+06,20,ACK,14
9.76e+06,8,QOSDATA_TID6,1066
9.76019e+06,20,ACK,14
9.76023e+06,8,QOSDATA_TID6,1066
9.76041e+06,20,ACK,14
9.76046e+06,8,CTL,20
9.76054e+06,2,RTS,20
9.76054e+06,10,RTS,20
9.76061e+06,20,CTS,14
9.76067e+06,2,QOSDATA_TID6,1066
9.76086e+06,20,ACK,14
9.7609e+06,2,CTL,20
9.76099e+06,7,RTS,20
9.76099e+06,15,RTS,20
9.76108e+06,18,RTS,20
9.76115e+06,20,CTS,14
9.76121e+06,18,QOSDATA_TID6,1066
9.7614e+06,20,ACK,14
9.76144e+06,18,CTL,20
9.76154e+06,14,RTS,20
9.76154e+06,16,RTS,20
9.76163e+06,13,RTS,20
9.7617e+06,20,CTS,14
9.76176e+06,13,QOSDATA_TID6,1066
9.76194e+06,20,ACK,14
9.76199e+06,13,QOSDATA_TID6,1066
9.76217e+06,20,ACK,14
9.76222e+06,13,CTL,20
9.76231e+06,9,RTS,20
9.76238e+06,20,CTS,14
9.76244e+06,9,QOSDATA_TID6,1066
9.76262e+06,20,ACK,14
9.76267e+06,9,CTL,20
9.76275e+06,19,RTS,20
9.76275e+06,0,RTS,20
9.76275e+06,11,RTS,20
9.76275e+06,16,RTS,20
9.76275e+06,15,RTS,20
9.76285e+06,10,RTS,20
9.76292e+06,20,CTS,14
9.76298e+06,10,QOSDATA_TID6,1066
9.76316e+06,20,ACK,14
9.76321e+06,10,QOSDATA_TID6,1066
9.76339e+06,20,ACK,14
9.76344e+06,10,CTL,20
9.76352e+06,12,RTS,20
9.76352e+06,7,RTS,20
9.76359e+06,20,CTS,14
9.76365e+06,12,QOSDATA_TID6,1066
9.76383e+06,20,ACK,14
9.76388e+06,12,CTL,20
9.76396e+06,3,RTS,20
9.76403e+06,20,CTS,14
9.76409e+06,3,QOSDATA_TID6,1066
9.76428e+06,20,ACK,14
9.76432e+06,3,CTL,20
9.76441e+06,1,RTS,20
9.76441e+06,6,RTS,20
9.76456e+06,1,RTS,20
9.76456e+06,6,RTS,20
9.76465e+06,2,RTS,20
9.76472e+06,20,CTS,14
9.76478e+06,2,QOSDATA_TID6,1066
9.76496e+06,20,ACK,14
9.76501e+06,2,CTL,20
9.7651e+06,10,RTS,20
9.76516e+06,20,CTS,14
9.76522e+06,10,QOSDATA_TID6,1066
9.76541e+06,20,ACK,14
9.76545e+06,10,CTL,20
9.76554e+06,6,RTS,20
9.76554e+06,19,RTS,20
9.76554e+06,1,RTS,20
9.76554e+06,15,RTS,20
9.76554e+06,7,RTS,20
9.76554e+06,11,RTS,20
9.76554e+06,4,RTS,20
9.76564e+06,17,RTS,20
9.76564e+06,5,RTS,20
9.76571e+06,20,CTS,14
9.76577e+06,5,QOSDATA_TID6,1066
9.76596e+06,20,ACK,14
9.766e+06,5,CTL,20
9.7661e+06,1,RTS,20
9.76616e+06,20,CTS,14
9.76622e+06,1,QOSDATA_TID6,1066
9.76641e+06,20,ACK,14
9.76645e+06,1,QOSDATA_TID6,1066
9.76664e+06,20,ACK,14
9.76668e+06,1,CTL,20
9.76677e+06,8,RTS,20
9.76677e+06,11,RTS,20
9.76677e+06,0,RTS,20
9.76677e+06,14,RTS,20
9.76687e+06,7,RTS,20
9.76694e+06,20,CTS,14
9.767e+06,7,QOSDATA_TID6,1066
9.76718e+06,20,ACK,14
9.76723e+06,7,QOSDATA_TID6,1066
9.76741e+06,20,ACK,14
9.76746e+06,7,CTL,20
9.76755e+06,16,RTS,20
9.76755e+06,14,RTS,20
9.76755e+06,18,RTS,20
9.76766e+06,6,RTS,20
9.76773e+06,20,CTS,14
9.76779e+06,6,QOSDATA_TID6,1066
9.76797e+06,20,ACK,14
9.76802e+06,6,CTL,20
9.76812e+06,15,RTS,20
9.76819e+06,20,CTS,14
9.76825e+06,15,QOSDATA_TID6,1066
9.76843e+06,20,ACK,14
9.76848e+06,15,QOSDATA_TID6,1066
9.76866e+06,20,ACK,14
9.7687e+06,15,CTL,20
9.76879e+06,17,RTS,20
9.76879e+06,8,RTS,20
9.76879e+06,19,RTS,20
9.76879e+06,4,RTS,20
9.76889e+06,0,CTS,14
9.76899e+06,0,RTS,20
9.76906e+06,20,CTS,14
9.76912e+06,0,QOSDATA_TID6,1066
9.7693e+06,20,ACK,14
9.76935e+06,0,QOSDATA_TID6,1066
9.76953e+06,20,ACK,14
9.76958e+06,0,CTL,20
9.76966e+06,14,RTS,20
9.76966e+06,17,RTS,20
9.76966e+06,13,RTS,20
9.76973e+06,20,CTS,14
9.76979e+06,17,QOSDATA_TID6,1066
9.76997e+06,20,ACK,14
9.77002e+06,17,CTL,20
9.77011e+06,19,RTS,20
9.77011e+06,7,RTS,20
9.77011e+06,18,RTS,20
9.77011e+06,14,RTS,20
9.77022e+06,11,RTS,20
9.77022e+06,16,RTS,20
9.77032e+06,4,RTS,20
9.77032e+06,19,RTS,20
9.77032e+06,9,RTS,20
9.77042e+06,12,RTS,20
9.77048e+06,20,CTS,14
9.77054e+06,12,QOSDATA_TID6,1066
9.77073e+06,20,ACK,14
9.77077e+06,12,CTL,20
9.77086e+06,13,RTS,20
9.77086e+06,14,RTS,20
9.77086e+06,18,RTS,20
9.77097e+06,19,RTS,20
9.77097e+06,16,RTS,20
9.77104e+06,20,CTS,14
9.7711e+06,19,QOSDATA_TID6,1066
9.77129e+06,20,ACK,14
9.77133e+06,19,QOSDATA_TID6,1066
9.77151e+06,20,ACK,14
9.77156e+06,19,QOSDATA_TID6,1066
9.77174e+06,20,ACK,14
9.77179e+06,19,CTL,20
9.77187e+06,14,RTS,20
9.77194e+06,20,CTS,14
9.772e+06,14,QOSDATA_TID6,1066
9.77218e+06,20,ACK,14
9.77223e+06,14,QOSDATA_TID6,1066
9.77241e+06,20,ACK,14
9.77246e+06,14,CTL,20
9.77254e+06,13,RTS,20
9.77254e+06,3,RTS,20
9.77254e+06,4,RTS,20
9.77265e+06,5,RTS,20
9.77272e+06,20,CTS,14
9.77278e+06,5,QOSDATA_TID6,1066
9.77296e+06,20,ACK,14
9.773e+06,5,CTL,20
9.77309e+06,17,RTS,20
9.77309e+06,1,RTS,20
9.77309e+06,2,RTS,20
9.77309e+06,7,RTS,20
9.77309e+06,6,RTS,20
9.77321e+06,18,RTS,20
9.77321e+06,8,RTS,20
9.77321e+06,4,RTS,20
9.77328e+06,20,CTS,14
9.77334e+06,8,QOSDATA_TID6,1066
9.77352e+06,20,ACK,14
9.77356e+06,8,CTL,20
9.77366e+06,9,RTS,20
9.77373e+06,20,CTS,14
9.77379e+06,9,QOSDATA_TID6,1066
9.77397e+06,20,ACK,14
9.77402e+06,9,CTL,20
9.7741e+06,10,RTS,20
9.7741e+06,6,RTS,20
9.7741e+06,7,RTS,20
9.7742e+06,15,RTS,20
9.77427e+06,20,CTS,14
9.77433e+06,15,QOSDATA_TID6,1066
9.77451e+06,20,ACK,14
9.77456e+06,15,CTL,20
9.77464e+06,8,RTS,20
9.77471e+06,20,CTS,14
9.77477e+06,8,QOSDATA_TID6,1066
9.77495e+06,20,ACK,14
9.775e+06,8,CTL,20
9.77508e+06,6,RTS,20
9.77515e+06,20,CTS,14
9.77521e+06,6,QOSDATA_TID6,1066
9.7754e+06,20,ACK,14
9.77544e+06,6,CTL,20
9.77552e+06,3,RTS,20
9.77552e+06,13,RTS,20
9.77552e+06,11,RTS,20
9.77552e+06,16,RTS,20
9.77562e+06,1,RTS,20
9.77569e+06,20,CTS,14
9.77575e+06,1,QOSDATA_TID6,1066
9.77594e+06,20,ACK,14
9.77598e+06,1,CTL,20
9.77606e+06,13,RTS,20
9.77606e+06,14,RTS,20
9.77617e+06,17,RTS,20
9.77617e+06,3,RTS,20
9.77624e+06,20,CTS,14
9.7763e+06,17,QOSDATA_TID6,1066
9.77648e+06,20,ACK,14
9.77653e+06,17,CTL,20
9.77661e+06,13,RTS,20
9.77668e+06,20,CTS,14
9.77674e+06,13,QOSDATA_TID6,1066
9.77693e+06,20,ACK,14
9.77697e+06,13,CTL,20
9.77706e+06,4,RTS,20
9.77706e+06,18,RTS,20
9.77712e+06,20,CTS,14
9.77718e+06,18,QOSDATA_TID6,1066
9.77737e+06,20,ACK,14
9.77741e+06,18,QOSDATA_TID6,1066
9.7776e+06,20,ACK,14
9.77764e+06,18,CTL,20
9.77773e+06,9,RTS,20
9.77779e+06,20,CTS,14
9.77785e+06,9,QOSDATA_TID6,1066
9.77804e+06,20,ACK,14
9.77808e+06,9,CTL,20
9.77817e+06,2,RTS,20
9.77817e+06,11,RTS,20
9.77817e+06,7,RTS,20
9.77817e+06,14,RTS,20
9.77828e+06,0,RTS,20
9.77835e+06,20,CTS,14
9.77841e+06,0,QOSDATA_TID6,1066
9.7786e+06,20,ACK,14
9.77864e+06,0,CTL,20
9.77874e+06,2,RTS,20
9.77874e+06,12,RTS,20
9.77874e+06,13,RTS,20
9.77874e+06,16,RTS,20
9.77874e+06,4,RTS,20
9.7788e+06,20,CTS,14
9.77886e+06,12,QOSDATA_TID6,1066
9.77905e+06,20,ACK,14
9.77909e+06,12,CTL,20
9.77918e+06,1,RTS,20
9.77924e+06,20,CTS,14
9.7793e+06,1,QOSDATA_TID6,1066
9.77949e+06,20,ACK,14
9.77953e+06,1,CTL,20
9.77962e+06,16,RTS,20
9.77962e+06,4,RTS,20
9.77962e+06,2,RTS,20
9.77962e+06,6,RTS,20
9.77972e+06,17,RTS,20
9.77972e+06,19,RTS,20
9.77978e+06,20,CTS,14
9.77984e+06,17,QOSDATA_TID6,1066
9.78003e+06,20,ACK,14
9.78007e+06,17,CTL,20
9.78016e+06,16,RTS,20
9.78023e+06,20,CTS,14
9.78029e+06,16,QOSDATA_TID6,1066
9.78047e+06,20,ACK,14
9.78052e+06,16,QOSDATA_TID6,1066
9.7807e+06,20,ACK,14
9.78074e+06,16,QOSDATA_TID6,1066
9.78093e+06,20,ACK,14
9.78097e+06,16,CTL,20
9.78106e+06,4,RTS,20
9.78106e+06,6,RTS,20
9.78106e+06,14,RTS,20
9.78117e+06,7,RTS,20
9.78117e+06,19,RTS,20
9.78117e+06,3,RTS,20
9.78131e+06,14,RTS,20
9.78138e+06,20,CTS,14
9.78144e+06,14,QOSDATA_TID6,1066
9.78162e+06,20,ACK,14
9.78166e+06,14,CTL,20
9.78175e+06,3,RTS,20
9.78175e+06,11,RTS,20
9.78186e+06,6,RTS,20
9.78192e+06,20,CTS,14
9.78198e+06,6,QOSDATA_TID6,1066
9.78217e+06,20,ACK,14
9.78221e+06,6,CTL,20
9.7823e+06,18,RTS,20
9.7823e+06,15,RTS,20
9.7824e+06,5,RTS,20
9.7824e+06,19,RTS,20
9.7824e+06,4,RTS,20
9.78246e+06,20,CTS,14
9.78252e+06,5,QOSDATA_TID6,1066
9.78271e+06,20,ACK,14
9.78275e+06,5,CTL,20
9.78284e+06,8,RTS,20
9.78284e+06,15,RTS,20
9.78291e+06,20,CTS,14
9.78297e+06,8,QOSDATA_TID6,1066
9.78315e+06,20,ACK,14
9.7832e+06,8,CTL,20
9.78328e+06,10,RTS,20
9.78335e+06,20,CTS,14
9.78341e+06,10,QOSDATA_TID6,1066
9.78359e+06,20,ACK,14
9.78364e+06,10,QOSDATA_TID6,1066
9.78382e+06,20,ACK,14
9.78386e+06,10,CTL,20
9.78395e+06,14,RTS,20
9.78402e+06,20,CTS,14
9.78408e+06,14,QOSDATA_TID6,1066
9.78426e+06,20,ACK,14
9.78431e+06,14,CTL,20
9.78439e+06,7,RTS,20
9.78439e+06,19,RTS,20
9.78449e+06,16,RTS,20
9.78456e+06,20,CTS,14
9.78462e+06,16,QOSDATA_TID6,1066
9.7848e+06,20,ACK,14
9.78485e+06,16,CTL,20
9.78493e+06,4,RTS,20
9.78493e+06,18,RTS,20
9.785e+06,20,CTS,14
9.78506e+06,18,QOSDATA_TID6,1066
9.78524e+06,20,ACK,14
9.78529e+06,18,CTL,20
9.78538e+06,0,RTS,20
9.78538e+06,13,RTS,20
9.78545e+06,20,CTS,14
9.78551e+06,0,QOSDATA_TID6,1066
9.7857e+06,20,ACK,14
9.78574e+06,0,CTL,20
9.78583e+06,19,RTS,20
9.78589e+06,20,CTS,14
9.78595e+06,19,QOSDATA_TID6,1066
9.78614e+06,20,ACK,14
9.78618e+06,19,CTL,20
9.78627e+06,9,RTS,20
9.78634e+06,20,CTS,14
9.7864e+06,9,QOSDATA_TID6,1066
9.78658e+06,20,ACK,14
9.78662e+06,9,CTL,20
9.78672e+06,12,RTS,20
9.78672e+06,15,RTS,20
9.78679e+06,20,CTS,14
9.78685e+06,12,QOSDATA_TID6,1066
9.78703e+06,20,ACK,14
9.78708e+06,12,CTL,20
9.78717e+06,19,RTS,20
9.78717e+06,6,RTS,20
9.78727e+06,2,RTS,20
9.78734e+06,20,CTS,14
9.7874e+06,2,QOSDATA_TID6,1066
9.78758e+06,20,ACK,14
9.78762e+06,2,QOSDATA_TID6,1066
9.78781e+06,20,ACK,14
9.78785e+06,2,CTL,20
9.78794e+06,19,RTS,20
9.78794e+06,1,RTS,20
9.78804e+06,17,RTS,20
9.78804e+06,6,RTS,20
9.78811e+06,20,CTS,14
9.78817e+06,17,QOSDATA_TID6,1066
9.78836e+06,20,ACK,14
9.7884e+06,17,CTL,20
9.7885e+06,13,RTS,20
9.78856e+06,20,CTS,14
9.78862e+06,13,QOSDATA_TID6,1066
9.78881e+06,20,ACK,14
9.78885e+06,13,QOSDATA_TID6,1066
9.78904e+06,20,ACK,14
9.78908e+06,13,CTL,20
9.78917e+06,15,RTS,20
9.78917e+06,5,RTS,20
9.78917e+06,11,RTS,20
9.78917e+06,3,RTS,20
9.78924e+06,20,CTS,14
9.7893e+06,5,QOSDATA_TID6,1066
9.78948e+06,20,ACK,14
9.78952e+06,5,CTL,20
9.78961e+06,6,RTS,20
9.78968e+06,20,CTS,14
9.78974e+06,6,QOSDATA_TID6,1066
9.78992e+06,20,ACK,14
9.78996e+06,6,CTL,20
9.79005e+06,2,RTS,20
9.79005e+06,10,RTS,20
9.79005e+06,7,RTS,20
9.79018e+06,19,RTS,20
9.79018e+06,1,RTS,20
9.79028e+06,4,RTS,20
9.79035e+06,20,CTS,14
9.79041e+06,4,QOSDATA_TID6,1066
9.7906e+06,20,ACK,14
9.79064e+06,4,QOSDATA_TID6,1066
9.79082e+06,20,ACK,14
9.79087e+06,4,QOSDATA_TID6,1066
9.79105e+06,20,ACK,14
9.7911e+06,4,CTL,20
9.79118e+06,3,RTS,20
9.79118e+06,18,RTS,20
9.79129e+06,7,RTS,20
9.79136e+06,20,CTS,14
9.79142e+06,7,QOSDATA_TID6,1066
9.7916e+06,20,ACK,14
9.79164e+06,7,QOSDATA_TID6,1066
9.79183e+06,20,ACK,14
9.79187e+06,7,CTL,20
9.79196e+06,8,RTS,20
9.79203e+06,20,CTS,14
9.79209e+06,8,QOSDATA_TID6,1066
9.79227e+06,20,ACK,14
9.79231e+06,8,CTL,20
9.7924e+06,19,RTS,20
9.7924e+06,2,RTS,20
9.79251e+06,14,RTS,20
9.79258e+06,20,CTS,14
9.79264e+06,14,QOSDATA_TID6,1066
9.79282e+06,20,ACK,14
9.79286e+06,14,CTL,20
9.79295e+06,15,RTS,20
9.79302e+06,20,CTS,14
9.79308e+06,15,QOSDATA_TID6,1066
9.79326e+06,20,ACK,14
9.7933e+06,15,QOSDATA_TID6,1066
9.79349e+06,20,ACK,14
9.79353e+06,15,CTL,20
9.79362e+06,0,RTS,20
9.79362e+06,7,RTS,20
9.79362e+06,1,RTS,20
9.79362e+06,3,RTS,20
9.79373e+06,10,RTS,20
9.79373e+06,16,RTS,20
9.79391e+06,10,RTS,20
9.79391e+06,16,RTS,20
9.79408e+06,10,RTS,20
9.79415e+06,20,CTS,14
9.79421e+06,10,QOSDATA_TID6,1066
9.79439e+06,20,ACK,14
9.79443e+06,10,CTL,20
9.79452e+06,1,RTS,20
9.79452e+06,7,RTS,20
9.79452e+06,13,RTS,20
9.79462e+06,16,RTS,20
9.79462e+06,9,RTS,20
9.79474e+06,0,RTS,20
9.79481e+06,20,CTS,14
9.79487e+06,0,QOSDATA_TID6,1066
9.79506e+06,20,ACK,14
9.7951e+06,0,CTL,20
9.79518e+06,6,RTS,20
9.79525e+06,20,CTS,14
9.79531e+06,6,QOSDATA_TID6,1066
9.7955e+06,20,ACK,14
9.79554e+06,6,CTL,20
9.79563e+06,19,RTS,20
9.79563e+06,11,RTS,20
9.79573e+06,13,RTS,20
9.7958e+06,20,CTS,14
9.79586e+06,13,QOSDATA_TID6,1066
9.79605e+06,20,ACK,14
9.79609e+06,13,CTL,20
9.79618e+06,12,RTS,20
9.79624e+06,20,CTS,14
9.7963e+06,12,QOSDATA_TID6,1066
9.79649e+06,20,ACK,14
9.79653e+06,12,CTL,20
9.79662e+06,5,RTS,20
9.79662e+06,15,RTS,20
9.79662e+06,10,RTS,20
9.79669e+06,20,CTS,14
9.79675e+06,5,QOSDATA_TID6,1066
9.79693e+06,20,ACK,14
9.79698e+06,5,CTL,20
9.79707e+06,1,RTS,20
9.79707e+06,2,RTS,20
9.79707e+06,3,RTS,20
9.79707e+06,16,RTS,20
9.79707e+06,18,RTS,20
9.79707e+06,4,RTS,20
9.79717e+06,7,RTS,20
9.79724e+06,20,CTS,14
9.7973e+06,7,QOSDATA_TID6,1066
9.79748e+06,20,ACK,14
9.79752e+06,7,CTL,20
9.79762e+06,11,RTS,20
9.79762e+06,4,RTS,20
9.79762e+06,15,RTS,20
9.79774e+06,3,RTS,20
9.79774e+06,9,RTS,20
9.79774e+06,10,RTS,20
9.79783e+06,2,RTS,20
9.79783e+06,11,RTS,20
9.79796e+06,15,RTS,20
9.79803e+06,20,CTS,14
9.79809e+06,15,QOSDATA_TID6,1066
9.79827e+06,20,ACK,14
9.79831e+06,15,CTL,20
9.7984e+06,9,RTS,20
9.79847e+06,20,CTS,14
9.79853e+06,9,QOSDATA_TID6,1066
9.79871e+06,20,ACK,14
9.79876e+06,9,CTL,20
9.79884e+06,19,RTS,20
9.79884e+06,16,RTS,20
9.79891e+06,20,CTS,14
9.79897e+06,19,QOSDATA_TID6,1066
9.79915e+06,20,ACK,14
9.7992e+06,19,QOSDATA_TID6,1066
9.79938e+06,20,ACK,14
9.79943e+06,19,CTL,20
9.79951e+06,14,RTS,20
9.79958e+06,20,CTS,14
9.79964e+06,14,QOSDATA_TID6,1066
9.79982e+06,20,ACK,14
9.79987e+06,14,CTL,20
9.79995e+06,17,RTS,20
9.79995e+06,16,RTS,20
9.80002e+06,20,CTS,14
9.80008e+06,17,QOSDATA_TID6,1066
9.80027e+06,20,ACK,14
9.80031e+06,17,CTL,20
9.8004e+06,16,RTS,20
9.80046e+06,20,CTS,14
9.80052e+06,16,QOSDATA_TID6,1066
9.80071e+06,20,ACK,14
9.80075e+06,16,QOSDATA_TID6,1066
9.80094e+06,20,ACK,14
9.80098e+06,16,CTL,20
9.80107e+06,1,RTS,20
9.80113e+06,20,CTS,14
9.80119e+06,1,QOSDATA_TID6,1066
9.80138e+06,20,ACK,14
9.80142e+06,1,QOSDATA_TID6,1066
9.80161e+06,20,ACK,14
9.80165e+06,1,CTL,20
9.80174e+06,8,RTS,20
9.80174e+06,9,RTS,20
9.80174e+06,18,RTS,20
9.8018e+06,20,CTS,14
9.80186e+06,8,QOSDATA_TID6,1066
9.80205e+06,20,ACK,14
9.80209e+06,8,CTL,20
9.80218e+06,18,RTS,20
9.80218e+06,13,RTS,20
9.80234e+06,18,RTS,20
9.80241e+06,20,CTS,14
9.80247e+06,18,QOSDATA_TID6,1066
9.80266e+06,20,ACK,14
9.8027e+06,18,QOSDATA_TID6,1066
9.80288e+06,20,ACK,14
9.80293e+06,18,CTL,20
9.80302e+06,13,RTS,20
9.80308e+06,20,CTS,14
9.80314e+06,13,QOSDATA_TID6,1066
9.80333e+06,20,ACK,14
9.80337e+06,13,CTL,20
9.80346e+06,11,RTS,20
9.80346e+06,6,RTS,20
9.80346e+06,19,RTS,20
9.80346e+06,3,RTS,20
9.80356e+06,7,RTS,20
9.80362e+06,20,CTS,14
9.80368e+06,7,QOSDATA_TID6,1066
9.80387e+06,20,ACK,14
9.80391e+06,7,CTL,20
9.804e+06,12,RTS,20
9.804e+06,6,RTS,20
9.80406e+06,20,CTS,14
9.80412e+06,12,QOSDATA_TID6,1066
9.80431e+06,20,ACK,14
9.80435e+06,12,CTL,20
9.80445e+06,1,RTS,20
9.80445e+06,4,RTS,20
9.80445e+06,2,RTS,20
9.80445e+06,0,RTS,20
9.80445e+06,10,RTS,20
9.80457e+06,9,RTS,20
9.80464e+06,20,CTS,14
9.8047e+06,9,QOSDATA_TID6,1066
9.80489e+06,20,ACK,14
9.80493e+06,9,CTL,20
9.80502e+06,11,RTS,20
9.80508e+06,20,CTS,14
9.80514e+06,11,QOSDATA_TID6,1066
9.80533e+06,20,ACK,14
9.80537e+06,11,QOSDATA_TID6,1066
9.80556e+06,20,ACK,14
9.8056e+06,11,QOSDATA_TID6,1066
9.80578e+06,20,ACK,14
9.80583e+06,11,QOSDATA_TID6,1066
9.80601e+06,20,ACK,14
9.80606e+06,11,QOSDATA_TID6,1066
9.80624e+06,20,ACK,14
9.80628e+06,11,QOSDATA_TID6,1066
9.80647e+06,20,ACK,14
9.80651e+06,11,CTL,20
9.8066e+06,15,RTS,20
9.80667e+06,20,CTS,14
9.80673e+06,15,QOSDATA_TID6,1066
9.80691e+06,20,ACK,14
9.80695e+06,15,CTL,20
9.80704e+06,5,RTS,20
9.80704e+06,3,RTS,20
9.80711e+06,20,CTS,14
9.80717e+06,5,QOSDATA_TID6,1066
9.80735e+06,20,ACK,14
9.8074e+06,5,CTL,20
9.80748e+06,3,RTS,20
9.80755e+06,20,CTS,14
9.80761e+06,3,QOSDATA_TID6,1066
9.80779e+06,20,ACK,14
9.80784e+06,3,QOSDATA_TID6,1066
9.80802e+06,20,ACK,14
9.80807e+06,3,QOSDATA_TID6,1066
9.80825e+06,20,ACK,14
9.80829e+06,3,QOSDATA_TID6,1066
9.80848e+06,20,ACK,14
9.80852e+06,3,CTL,20
9.80861e+06,19,RTS,20
9.80861e+06,17,RTS,20
9.80861e+06,16,RTS,20
9.80868e+06,20,CTS,14
9.80874e+06,17,QOSDATA_TID6,1066
9.80892e+06,20,ACK,14
9.80896e+06,17,CTL,20
9.80906e+06,8,RTS,20
9.80906e+06,18,RTS,20
9.80906e+06,6,RTS,20
9.80906e+06,14,RTS,20
9.8092e+06,6,RTS,20
9.80927e+06,20,CTS,14
9.80933e+06,6,QOSDATA_TID6,1066
9.80951e+06,20,ACK,14
9.80956e+06,6,CTL,20
9.80964e+06,8,RTS,20
9.80964e+06,13,RTS,20
9.80971e+06,20,CTS,14
9.80977e+06,8,QOSDATA_TID6,1066
9.80995e+06,20,ACK,14
9.81e+06,8,CTL,20
9.8101e+06,1,RTS,20
9.8101e+06,16,RTS,20
9.8101e+06,0,RTS,20
9.8101e+06,18,RTS,20
9.8102e+06,7,RTS,20
9.81027e+06,20,CTS,14
9.81033e+06,7,QOSDATA_TID6,1066
9.81051e+06,20,ACK,14
9.81056e+06,7,CTL,20
9.81064e+06,3,RTS,20
9.81071e+06,20,CTS,14
9.81077e+06,3,QOSDATA_TID6,1066
9.81095e+06,20,ACK,14
9.811e+06,3,CTL,20
9.81108e+06,1,RTS,20
9.81108e+06,6,RTS,20
9.81118e+06,9,RTS,20
9.81125e+06,20,CTS,14
9.81131e+06,9,QOSDATA_TID6,1066
9.81149e+06,20,ACK,14
9.81154e+06,9,CTL,20
9.81162e+06,2,RTS,20
9.81169e+06,20,CTS,14
9.81175e+06,2,QOSDATA_TID6,1066
9.81194e+06,20,ACK,14
9.81198e+06,2,QOSDATA_TID6,1066
9.81216e+06,20,ACK,14
9.81221e+06,2,QOSDATA_TID6,1066
9.81239e+06,20,ACK,14
9.81244e+06,2,CTL,20
9.81252e+06,16,RTS,20
9.81252e+06,13,RTS,20
9.81262e+06,12,RTS,20
9.81262e+06,2,RTS,20
9.81262e+06,10,RTS,20
9.81269e+06,20,CTS,14
9.81275e+06,12,QOSDATA_TID6,1066
9.81293e+06,20,ACK,14
9.81298e+06,12,CTL,20
9.81307e+06,17,RTS,20
9.81307e+06,1,RTS,20
9.81307e+06,11,RTS,20
9.81307e+06,4,RTS,20
9.81307e+06,15,RTS,20
9.81307e+06,2,RTS,20
9.81307e+06,6,RTS,20
9.81317e+06,5,RTS,20
9.81324e+06,20,CTS,14
9.8133e+06,5,QOSDATA_TID6,1066
9.81348e+06,20,ACK,14
9.81352e+06,5,CTL,20
9.81361e+06,17,RTS,20
9.81368e+06,20,CTS,14
9.81374e+06,17,QOSDATA_TID6,1066
9.81392e+06,20,ACK,14
9.81397e+06,17,CTL,20
9.81405e+06,4,RTS,20
9.81412e+06,20,CTS,14
9.81418e+06,4,QOSDATA_TID6,1066
9.81436e+06,20,ACK,14
9.81441e+06,4,QOSDATA_TID6,1066
9.81459e+06,20,ACK,14
9.81464e+06,4,QOSDATA_TID6,1066
9.81482e+06,20,ACK,14
9.81486e+06,4,CTL,20
9.81495e+06,19,RTS,20
9.81495e+06,10,RTS,20
9.81502e+06,20,CTS,14
9.81508e+06,19,QOSDATA_TID6,1066
9.81526e+06,20,ACK,14
9.81531e+06,19,QOSDATA_TID6,1066
9.81549e+06,20,ACK,14
9.81554e+06,19,CTL,20
9.81562e+06,10,RTS,20
9.81562e+06,15,RTS,20
9.81569e+06,20,CTS,14
9.81575e+06,15,QOSDATA_TID6,1066
9.81593e+06,20,ACK,14
9.81598e+06,15,CTL,20
9.81606e+06,11,RTS,20
9.81613e+06,20,CTS,14
9.81619e+06,11,QOSDATA_TID6,1066
9.81638e+06,20,ACK,14
9.81642e+06,11,CTL,20
9.8165e+06,16,RTS,20
9.8165e+06,8,RTS,20
9.8165e+06,13,RTS,20
9.8165e+06,0,CTS,14
9.8165e+06,18,RTS,20
9.8165e+06,6,RTS,20
9.8165e+06,14,RTS,20
9.81664e+06,18,RTS,20
9.8167e+06,20,CTS,14
9.81676e+06,18,QOSDATA_TID6,1066
9.81695e+06,20,ACK,14
9.81699e+06,18,QOSDATA_TID6,1066
9.81718e+06,20,ACK,14
9.81722e+06,18,CTL,20
9.81732e+06,1,RTS,20
9.81738e+06,20,CTS,14
9.81744e+06,1,QOSDATA_TID6,1066
9.81763e+06,20,ACK,14
9.81767e+06,1,QOSDATA_TID6,1066
9.81786e+06,20,ACK,14
9.8179e+06,1,CTL,20
9.81798e+06,16,RTS,20
9.81798e+06,7,RTS,20
9.81798e+06,14,RTS,20
9.81808e+06,9,RTS,20
9.81815e+06,20,CTS,14
9.81821e+06,9,QOSDATA_TID6,1066
9.8184e+06,20,ACK,14
9.81844e+06,9,CTL,20
9.81852e+06,2,RTS,20
9.81852e+06,8,RTS,20
9.81852e+06,16,RTS,20
9.81852e+06,14,RTS,20
9.81862e+06,7,RTS,20
9.81869e+06,20,CTS,14
9.81875e+06,7,QOSDATA_TID6,1066
9.81894e+06,20,ACK,14
9.81898e+06,7,CTL,20
9.81906e+06,16,RTS,20
9.81913e+06,20,CTS,14
9.81919e+06,16,QOSDATA_TID6,1066
9.81938e+06,20,ACK,14
9.81942e+06,16,QOSDATA_TID6,1066
9.8196e+06,20,ACK,14
9.81965e+06,16,CTL,20
9.81974e+06,11,RTS,20
9.8198e+06,20,CTS,14
9.81986e+06,11,QOSDATA_TID6,1066
9.82005e+06,20,ACK,14
9.82009e+06,11,CTL,20
9.82018e+06,19,RTS,20
9.82018e+06,13,RTS,20
9.82018e+06,3,RTS,20
9.82018e+06,6,RTS,20
9.82018e+06,10,RTS,20
9.82028e+06,12,RTS,20
9.82034e+06,20,CTS,14
9.8204e+06,12,QOSDATA_TID6,1066
9.82059e+06,20,ACK,14
9.82063e+06,12,CTL,20
9.82073e+06,15,RTS,20
9.82073e+06,10,RTS,20
9.8208e+06,20,CTS,14
9.82086e+06,15,QOSDATA_TID6,1066
9.82104e+06,20,ACK,14
9.82108e+06,15,CTL,20
9.82117e+06,17,RTS,20
9.82117e+06,1,RTS,20
9.82117e+06,4,RTS,20
9.82128e+06,8,RTS,20
9.82128e+06,2,RTS,20
9.82128e+06,3,RTS,20
9.82128e+06,10,RTS,20
9.8214e+06,6,RTS,20
9.82147e+06,20,CTS,14
9.82153e+06,6,QOSDATA_TID6,1066
9.82171e+06,20,ACK,14
9.82176e+06,6,QOSDATA_TID6,1066
9.82194e+06,20,ACK,14
9.82198e+06,6,CTL,20
9.82207e+06,14,RTS,20
9.82207e+06,13,RTS,20
9.82219e+06,5,RTS,20
9.82219e+06,19,RTS,20
9.82226e+06,20,CTS,14
9.82232e+06,5,QOSDATA_TID6,1066
9.8225e+06,20,ACK,14
9.82254e+06,5,CTL,20
9.82263e+06,14,RTS,20
9.8227e+06,20,CTS,14
9.82276e+06,14,QOSDATA_TID6,1066
9.82294e+06,20,ACK,14
9.82298e+06,14,QOSDATA_TID6,1066
9.82317e+06,20,ACK,14
9.82321e+06,14,QOSDATA_TID6,1066
9.8234e+06,20,ACK,14
9.82344e+06,14,CTL,20
9.82353e+06,2,RTS,20
9.82353e+06,17,RTS,20
9.82353e+06,10,RTS,20
9.8236e+06,20,CTS,14
9.82366e+06,17,QOSDATA_TID6,1066
9.82384e+06,20,ACK,14
9.82388e+06,17,CTL,20
9.82398e+06,8,RTS,20
9.82398e+06,19,RTS,20
9.82398e+06,18,RTS,20
9.82398e+06,13,RTS,20
9.82408e+06,1,RTS,20
9.82415e+06,20,CTS,14
9.82421e+06,1,QOSDATA_TID6,1066
9.8244e+06,20,ACK,14
9.82444e+06,1,CTL,20
9.82453e+06,3,RTS,20
9.8246e+06,20,CTS,14
9.82466e+06,3,QOSDATA_TID6,1066
9.82484e+06,20,ACK,14
9.82488e+06,3,CTL,20
9.82497e+06,2,RTS,20
9.82497e+06,4,RTS,20
9.82497e+06,13,RTS,20
9.82508e+06,19,RTS,20
9.82515e+06,20,CTS,14
9.82521e+06,19,QOSDATA_TID6,1066
9.8254e+06,20,ACK,14
9.82544e+06,19,CTL,20
9.82553e+06,8,RTS,20
9.82553e+06,7,RTS,20
9.82553e+06,0,RTS,20
9.82563e+06,16,RTS,20
9.8257e+06,20,CTS,14
9.82576e+06,16,QOSDATA_TID6,1066
9.82595e+06,20,ACK,14
9.82599e+06,16,CTL,20
9.82608e+06,4,RTS,20
9.82608e+06,2,RTS,20
9.82615e+06,20,CTS,14
9.82621e+06,2,QOSDATA_TID6,1066
9.8264e+06,20,ACK,14
9.82644e+06,2,QOSDATA_TID6,1066
9.82662e+06,20,ACK,14
9.82667e+06,2,CTL,20
9.82676e+06,3,RTS,20
9.82676e+06,12,RTS,20
9.82682e+06,20,CTS,14
9.82688e+06,12,QOSDATA_TID6,1066
9.82707e+06,20,ACK,14
9.82711e+06,12,CTL,20
9.8272e+06,1,RTS,20
9.8272e+06,19,RTS,20
9.8272e+06,6,RTS,20
9.8272e+06,3,RTS,20
9.8273e+06,11,RTS,20
9.82737e+06,20,CTS,14
9.82743e+06,11,QOSDATA_TID6,1066
9.82762e+06,20,ACK,14
9.82766e+06,11,CTL,20
9.82775e+06,8,RTS,20
9.82775e+06,13,RTS,20
9.82775e+06,10,RTS,20
9.82781e+06,20,CTS,14
9.82788e+06,8,QOSDATA_TID6,1066
9.82806e+06,20,ACK,14
9.8281e+06,8,QOSDATA_TID6,1066
9.82829e+06,20,ACK,14
9.82833e+06,8,CTL,20
9.82842e+06,5,RTS,20
9.82842e+06,4,RTS,20
9.82842e+06,13,RTS,20
9.82842e+06,10,RTS,20
9.82848e+06,20,CTS,14
9.82854e+06,5,QOSDATA_TID6,1066
9.82873e+06,20,ACK,14
9.82877e+06,5,CTL,20
9.82886e+06,2,RTS,20
9.82893e+06,20,CTS,14
9.82899e+06,2,QOSDATA_TID6,1066
9.82917e+06,20,ACK,14
9.82922e+06,2,CTL,20
9.8293e+06,17,RTS,20
9.8293e+06,13,RTS,20
9.82937e+06,20,CTS,14
9.82943e+06,17,QOSDATA_TID6,1066
9.82961e+06,20,ACK,14
9.82966e+06,17,CTL,20
9.82974e+06,0,RTS,20
9.82981e+06,20,CTS,14
9.82987e+06,0,QOSDATA_TID6,1066
9.83006e+06,20,ACK,14
9.8301e+06,0,QOSDATA_TID6,1066
9.83028e+06,20,ACK,14
9.83033e+06,0,QOSDATA_TID6,1066
9.83051e+06,20,ACK,14
9.83056e+06,0,QOSDATA_TID6,1066
9.83074e+06,20,ACK,14
9.83078e+06,0,CTL,20
9.83087e+06,8,RTS,20
9.83087e+06,4,RTS,20
9.83094e+06,20,CTS,14
9.831e+06,8,QOSDATA_TID6,1066
9.83118e+06,20,ACK,14
9.83122e+06,8,CTL,20
9.83131e+06,15,RTS,20
9.83131e+06,14,RTS,20
9.83141e+06,9,RTS,20
9.83148e+06,20,CTS,14
9.83154e+06,9,QOSDATA_TID6,1066
9.83172e+06,20,ACK,14
9.83176e+06,9,CTL,20
9.83185e+06,18,RTS,20
9.83185e+06,1,RTS,20
9.83192e+06,20,CTS,14
9.83198e+06,1,QOSDATA_TID6,1066
9.83216e+06,20,ACK,14
9.83221e+06,1,CTL,20
9.83229e+06,3,RTS,20
9.83236e+06,20,CTS,14
9.83242e+06,3,QOSDATA_TID6,1066
9.8326e+06,20,ACK,14
9.83265e+06,3,CTL,20
9.83274e+06,7,RTS,20
9.8328e+06,20,CTS,14
9.83286e+06,7,QOSDATA_TID6,1066
9.83305e+06,20,ACK,14
9.83309e+06,7,CTL,20
9.83318e+06,15,RTS,20
9.83318e+06,19,RTS,20
9.83318e+06,0,RTS,20
9.83318e+06,18,RTS,20
9.83318e+06,10,RTS,20
9.83328e+06,4,RTS,20
9.83335e+06,20,CTS,14
9.83341e+06,4,QOSDATA_TID6,1066
9.8336e+06,20,ACK,14
9.83364e+06,4,QOSDATA_TID6,1066
9.83382e+06,20,ACK,14
9.83387e+06,4,CTL,20
9.83396e+06,13,RTS,20
9.83396e+06,9,RTS,20
9.83396e+06,6,RTS,20
9.83406e+06,16,RTS,20
9.83413e+06,20,CTS,14
9.83419e+06,16,QOSDATA_TID6,1066
9.83437e+06,20,ACK,14
9.83442e+06,16,CTL,20
9.83452e+06,12,RTS,20
9.83452e+06,10,RTS,20
9.83459e+06,20,CTS,14
9.83465e+06,12,QOSDATA_TID6,1066
9.83483e+06,20,ACK,14
9.83488e+06,12,CTL,20
9.83497e+06,11,RTS,20
9.83504e+06,20,CTS,14
9.8351e+06,11,QOSDATA_TID6,1066
9.83528e+06,20,ACK,14
9.83533e+06,11,CTL,20
9.83541e+06,14,RTS,20
9.83548e+06,20,CTS,14
9.83554e+06,14,QOSDATA_TID6,1066
9.83573e+06,20,ACK,14
9.83577e+06,14,CTL,20
9.83586e+06,15,RTS,20
9.83586e+06,18,RTS,20
9.83586e+06,7,RTS,20
9.83586e+06,10,RTS,20
9.83586e+06,1,RTS,20
9.83586e+06,3,RTS,20
9.83596e+06,0,RTS,20
9.83596e+06,6,RTS,20
9.83606e+06,18,RTS,20
9.83606e+06,3,RTS,20
9.83606e+06,1,RTS,20
9.83618e+06,13,RTS,20
9.83625e+06,20,CTS,14
9.83631e+06,13,QOSDATA_TID6,1066
9.83649e+06,20,ACK,14
9.83653e+06,13,QOSDATA_TID6,1066
9.83672e+06,20,ACK,14
9.83676e+06,13,QOSDATA_TID6,1066
9.83695e+06,20,ACK,14
9.83699e+06,13,CTL,20
9.83708e+06,15,RTS,20
9.83708e+06,0,CTS,14
9.83708e+06,2,RTS,20
9.83717e+06,0,RTS,20
9.83724e+06,20,CTS,14
9.8373e+06,0,QOSDATA_TID6,1066
9.83748e+06,20,ACK,14
9.83753e+06,0,CTL,20
9.83762e+06,18,RTS,20
9.83762e+06,5,RTS,20
9.83762e+06,17,RTS,20
9.83762e+06,7,RTS,20
9.83762e+06,4,RTS,20
9.83772e+06,9,RTS,20
9.83779e+06,20,CTS,14
9.83785e+06,9,QOSDATA_TID6,1066
9.83803e+06,20,ACK,14
9.83808e+06,9,CTL,20
9.83816e+06,7,RTS,20
9.83823e+06,20,CTS,14
9.83829e+06,7,QOSDATA_TID6,1066
9.83847e+06,20,ACK,14
9.83852e+06,7,CTL,20
9.8386e+06,17,RTS,20
9.83867e+06,20,CTS,14
9.83873e+06,17,QOSDATA_TID6,1066
9.83892e+06,20,ACK,14
9.83896e+06,17,CTL,20
9.83905e+06,5,RTS,20
9.83905e+06,19,RTS,20
9.83905e+06,2,RTS,20
9.83911e+06,20,CTS,14
9.83917e+06,5,QOSDATA_TID6,1066
9.83936e+06,20,ACK,14
9.8394e+06,5,CTL,20
9.83949e+06,8,RTS,20
9.83956e+06,20,CTS,14
9.83962e+06,8,QOSDATA_TID6,1066
9.8398e+06,20,ACK,14
9.83984e+06,8,CTL,20
9.83993e+06,19,RTS,20
9.83993e+06,4,RTS,20
9.83993e+06,3,RTS,20
9.83993e+06,18,RTS,20
9.83993e+06,6,RTS,20
9.84004e+06,15,RTS,20
9.8401e+06,20,CTS,14
9.84016e+06,15,QOSDATA_TID6,1066
9.84035e+06,20,ACK,14
9.84039e+06,15,QOSDATA_TID6,1066
9.84058e+06,20,ACK,14
9.84062e+06,15,CTL,20
9.84071e+06,6,RTS,20
9.84071e+06,16,RTS,20
9.84083e+06,3,RTS,20
9.8409e+06,20,CTS,14
9.84096e+06,3,QOSDATA_TID6,1066
9.84114e+06,20,ACK,14
9.84119e+06,3,CTL,20
9.84127e+06,6,RTS,20
9.84134e+06,20,CTS,14
9.8414e+06,6,QOSDATA_TID6,1066
9.84159e+06,20,ACK,14
9.84163e+06,6,QOSDATA_TID6,1066
9.84181e+06,20,ACK,14
9.84186e+06,6,CTL,20
9.84194e+06,14,RTS,20
9.84194e+06,18,RTS,20
9.84194e+06,10,RTS,20
9.84204e+06,0,RTS,20
9.84204e+06,7,RTS,20
9.84214e+06,9,RTS,20
9.84221e+06,20,CTS,14
9.84227e+06,9,QOSDATA_TID6,1066
9.84245e+06,20,ACK,14
9.8425e+06,9,CTL,20
9.84259e+06,19,RTS,20
9.84259e+06,1,RTS,20
9.84259e+06,12,RTS,20
9.84259e+06,7,RTS,20
9.84259e+06,4,RTS,20
9.84269e+06,2,RTS,20
9.84276e+06,20,CTS,14
9.84282e+06,2,QOSDATA_TID6,1066
9.843e+06,20,ACK,14
9.84305e+06,2,CTL,20
9.84313e+06,18,RTS,20
9.84313e+06,10,RTS,20
9.84313e+06,6,RTS,20
9.84313e+06,7,RTS,20
9.84325e+06,3,RTS,20
9.84332e+06,20,CTS,14
9.84338e+06,3,QOSDATA_TID6,1066
9.84356e+06,20,ACK,14
9.8436e+06,3,CTL,20
9.8437e+06,18,RTS,20
9.8437e+06,1,RTS,20
9.8437e+06,11,RTS,20
9.8437e+06,16,RTS,20
9.84382e+06,13,RTS,20
9.84382e+06,14,RTS,20
9.84392e+06,1,RTS,20
9.84399e+06,20,CTS,14
9.84405e+06,1,QOSDATA_TID6,1066
9.84423e+06,20,ACK,14
9.84428e+06,1,QOSDATA_TID6,1066
9.84446e+06,20,ACK,14
9.84451e+06,1,CTL,20
9.84459e+06,17,RTS,20
9.84459e+06,14,RTS,20
9.84466e+06,20,CTS,14
9.84472e+06,17,QOSDATA_TID6,1066
9.8449e+06,20,ACK,14
9.84495e+06,17,CTL,20
9.84503e+06,18,RTS,20
9.8451e+06,20,CTS,14
9.84516e+06,18,QOSDATA_TID6,1066
9.84535e+06,20,ACK,14
9.84539e+06,18,QOSDATA_TID6,1066
9.84557e+06,20,ACK,14
9.84562e+06,18,CTL,20
9.8457e+06,10,RTS,20
9.8457e+06,5,RTS,20
9.8457e+06,19,RTS,20
9.8457e+06,15,RTS,20
9.84577e+06,20,CTS,14
9.84583e+06,5,QOSDATA_TID6,1066
9.84602e+06,20,ACK,14
9.84606e+06,5,CTL,20
9.84615e+06,2,RTS,20
9.84615e+06,15,RTS,20
9.84624e+06,20,BEACON,152
9.84651e+06,12,RTS,20
9.84657e+06,20,CTS,14
9.84663e+06,12,QOSDATA_TID6,1066
9.84682e+06,20,ACK,14
9.84686e+06,12,CTL,20
9.84695e+06,8,RTS,20
9.84695e+06,15,RTS,20
9.84702e+06,20,CTS,14
9.84708e+06,8,QOSDATA_TID6,1066
9.84726e+06,20,ACK,14
9.8473e+06,8,CTL,20
9.8474e+06,7,RTS,20
9.8474e+06,0,RTS,20
9.8474e+06,15,RTS,20
9.84752e+06,13,RTS,20
9.84752e+06,19,RTS,20
9.84764e+06,4,RTS,20
9.84764e+06,0,CTS,14
9.84773e+06,0,RTS,20
9.84779e+06,20,CTS,14
9.84785e+06,0,QOSDATA_TID6,1066
9.84804e+06,20,ACK,14
9.84808e+06,0,CTL,20
9.84818e+06,7,RTS,20
9.84824e+06,20,CTS,14
9.8483e+06,7,QOSDATA_TID6,1066
9.84849e+06,20,ACK,14
9.84853e+06,7,CTL,20
9.84862e+06,11,RTS,20
9.84862e+06,16,RTS,20
9.84862e+06,18,RTS,20
9.84874e+06,19,RTS,20
9.84874e+06,4,RTS,20
9.8488e+06,20,CTS,14
9.84886e+06,19,QOSDATA_TID6,1066
9.84905e+06,20,ACK,14
9.84909e+06,19,QOSDATA_TID6,1066
9.84928e+06,20,ACK,14
9.84932e+06,19,CTL,20
9.8494e+06,4,RTS,20
9.84947e+06,20,CTS,14
9.84953e+06,4,QOSDATA_TID6,1066
9.84972e+06,20,ACK,14
9.84976e+06,4,QOSDATA_TID6,1066
9.84994e+06,20,ACK,14
9.84999e+06,4,CTL,20
9.85008e+06,16,RTS,20
9.85008e+06,0,RTS,20
9.85008e+06,14,RTS,20
9.85019e+06,13,RTS,20
9.85026e+06,20,CTS,14
9.85032e+06,13,QOSDATA_TID6,1066
9.8505e+06,20,ACK,14
9.85055e+06,13,QOSDATA_TID6,1066
9.85073e+06,20,ACK,14
9.85078e+06,13,CTL,20
9.85086e+06,0,RTS,20
9.85086e+06,3,RTS,20
9.85086e+06,9,RTS,20
9.85096e+06,7,RTS,20
9.85103e+06,20,CTS,14
9.85109e+06,7,QOSDATA_TID6,1066
9.85127e+06,20,ACK,14
9.85132e+06,7,CTL,20
9.8514e+06,12,RTS,20
9.85147e+06,20,CTS,14
9.85153e+06,12,QOSDATA_TID6,1066
9.85171e+06,20,ACK,14
9.85176e+06,12,CTL,20
9.85184e+06,19,RTS,20
9.85184e+06,15,RTS,20
9.85184e+06,2,RTS,20
9.85184e+06,6,RTS,20
9.85198e+06,18,RTS,20
9.85205e+06,20,CTS,14
9.85211e+06,18,QOSDATA_TID6,1066
9.85229e+06,20,ACK,14
9.85233e+06,18,CTL,20
9.85242e+06,15,RTS,20
9.85249e+06,20,CTS,14
9.85255e+06,15,QOSDATA_TID6,1066
9.85273e+06,20,ACK,14
9.85278e+06,15,QOSDATA_TID6,1066
9.85296e+06,20,ACK,14
9.853e+06,15,CTL,20
9.85309e+06,14,RTS,20
9.85309e+06,17,RTS,20
9.85309e+06,1,RTS,20
9.85309e+06,4,RTS,20
9.85309e+06,10,RTS,20
9.85319e+06,0,CTS,14
9.8533e+06,0,RTS,20
9.85337e+06,20,CTS,14
9.85343e+06,0,QOSDATA_TID6,1066
9.85361e+06,20,ACK,14
9.85366e+06,0,CTL,20
9.85374e+06,17,RTS,20
9.85374e+06,1,RTS,20
9.85384e+06,9,RTS,20
9.85384e+06,10,RTS,20
9.85394e+06,16,RTS,20
9.85401e+06,20,CTS,14
9.85407e+06,16,QOSDATA_TID6,1066
9.85425e+06,20,ACK,14
9.8543e+06,16,QOSDATA_TID6,1066
9.85448e+06,20,ACK,14
9.85452e+06,16,CTL,20
9.85461e+06,11,RTS,20
9.85461e+06,5,RTS,20
9.85461e+06,2,RTS,20
9.85461e+06,18,RTS,20
9.85468e+06,20,CTS,14
9.85474e+06,5,QOSDATA_TID6,1066
9.85492e+06,20,ACK,14
9.85497e+06,5,CTL,20
9.85505e+06,8,RTS,20
9.85512e+06,20,CTS,14
9.85518e+06,8,QOSDATA_TID6,1066
9.85536e+06,20,ACK,14
9.85541e+06,8,CTL,20
9.85549e+06,4,RTS,20
9.85549e+06,6,RTS,20
9.85556e+06,20,CTS,14
9.85562e+06,6,QOSDATA_TID6,1066
9.85581e+06,20,ACK,14
9.85585e+06,6,QOSDATA_TID6,1066
9.85603e+06,20,ACK,14
9.85608e+06,6,CTL,20
9.85617e+06,2,RTS,20
9.85617e+06,3,RTS,20
9.85617e+06,1,RTS,20
9.85628e+06,14,RTS,20
9.85635e+06,20,CTS,14
9.85641e+06,14,QOSDATA_TID6,1066
9.85659e+06,20,ACK,14
9.85664e+06,14,QOSDATA_TID6,1066
9.85682e+06,20,ACK,14
9.85686e+06,14,QOSDATA_TID6,1066
9.85705e+06,20,ACK,14
9.85709e+06,14,CTL,20
9.85719e+06,10,RTS,20
9.85719e+06,16,RTS,20
9.85733e+06,16,RTS,20
9.8574e+06,20,CTS,14
9.85746e+06,16,QOSDATA_TID6,1066
9.85764e+06,20,ACK,14
9.85768e+06,16,CTL,20
9.85779e+06,4,RTS,20
9.85779e+06,13,RTS,20
9.85779e+06,2,RTS,20
9.85779e+06,10,RTS,20
9.85791e+06,0,RTS,20
9.85791e+06,19,RTS,20
9.85791e+06,7,RTS,20
9.85803e+06,2,RTS,20
9.8581e+06,20,CTS,14
9.85816e+06,2,QOSDATA_TID6,1066
9.85834e+06,20,ACK,14
9.85838e+06,2,QOSDATA_TID6,1066
9.85857e+06,20,ACK,14
9.85861e+06,2,CTL,20
9.8587e+06,12,RTS,20
9.8587e+06,7,RTS,20
9.8587e+06,11,RTS,20
9.8587e+06,4,RTS,20
9.8588e+06,9,RTS,20
9.85886e+06,20,CTS,14
9.85892e+06,9,QOSDATA_TID6,1066
9.85911e+06,20,ACK,14
9.85915e+06,9,QOSDATA_TID6,1066
9.85934e+06,20,ACK,14
9.85938e+06,9,CTL,20
9.85947e+06,19,RTS,20
9.85954e+06,20,CTS,14
9.8596e+06,19,QOSDATA_TID6,1066
9.85978e+06,20,ACK,14
9.85982e+06,19,QOSDATA_TID6,1066
9.86001e+06,20,ACK,14
9.86005e+06,19,CTL,20
9.86014e+06,3,RTS,20
9.86014e+06,10,RTS,20
9.86024e+06,12,RTS,20
9.86024e+06,7,RTS,20
9.86024e+06,4,RTS,20
9.8603e+06,20,CTS,14
9.86036e+06,12,QOSDATA_TID6,1066
9.86055e+06,20,ACK,14
9.86059e+06,12,CTL,20
9.86068e+06,5,RTS,20
9.86074e+06,20,CTS,14
9.8608e+06,5,QOSDATA_TID6,1066
9.86099e+06,20,ACK,14
9.86103e+06,5,CTL,20
9.86112e+06,17,RTS,20
9.86112e+06,1,RTS,20
9.86112e+06,7,RTS,20
9.86112e+06,6,RTS,20
9.86112e+06,10,RTS,20
9.86112e+06,15,RTS,20
9.86123e+06,2,RTS,20
9.86123e+06,13,RTS,20
9.86134e+06,11,RTS,20
9.86141e+06,20,CTS,14
9.86147e+06,11,QOSDATA_TID6,1066
9.86165e+06,20,ACK,14
9.8617e+06,11,QOSDATA_TID6,1066
9.86188e+06,20,ACK,14
9.86193e+06,11,QOSDATA_TID6,1066
9.86211e+06,20,ACK,14
9.86215e+06,11,CTL,20
9.86224e+06,2,RTS,20
9.86231e+06,20,CTS,14
9.86237e+06,2,QOSDATA_TID6,1066
9.86255e+06,20,ACK,14
9.8626e+06,2,CTL,20
9.86268e+06,18,RTS,20
9.86268e+06,10,RTS,20
9.86268e+06,1,RTS,20
9.86268e+06,7,RTS,20
9.86268e+06,13,RTS,20
9.8628e+06,4,RTS,20
9.86287e+06,20,CTS,14
9.86293e+06,4,QOSDATA_TID6,1066
9.86311e+06,20,ACK,14
9.86315e+06,4,QOSDATA_TID6,1066
9.86334e+06,20,ACK,14
9.86338e+06,4,CTL,20
9.86347e+06,6,RTS,20
9.86347e+06,14,RTS,20
9.86347e+06,10,RTS,20
9.86357e+06,8,RTS,20
9.86363e+06,20,CTS,14
9.86369e+06,8,QOSDATA_TID6,1066
9.86388e+06,20,ACK,14
9.86392e+06,8,CTL,20
9.86401e+06,1,RTS,20
9.86408e+06,20,CTS,14
9.86414e+06,1,QOSDATA_TID6,1066
9.86432e+06,20,ACK,14
9.86436e+06,1,QOSDATA_TID6,1066
9.86455e+06,20,ACK,14
9.86459e+06,1,CTL,20
9.86468e+06,3,RTS,20
9.86468e+06,0,RTS,20
9.86468e+06,13,RTS,20
9.86468e+06,10,RTS,20
9.86478e+06,15,RTS,20
9.86484e+06,20,CTS,14
9.8649e+06,15,QOSDATA_TID6,1066
9.86509e+06,20,ACK,14
9.86513e+06,15,CTL,20
9.86522e+06,14,RTS,20
9.86522e+06,17,RTS,20
9.86522e+06,10,RTS,20
9.86529e+06,20,CTS,14
9.86535e+06,17,QOSDATA_TID6,1066
9.86553e+06,20,ACK,14
9.86557e+06,17,QOSDATA_TID6,1066
9.86576e+06,20,ACK,14
9.8658e+06,17,CTL,20
9.8659e+06,3,RTS,20
9.8659e+06,6,RTS,20
9.86596e+06,20,CTS,14
9.86602e+06,6,QOSDATA_TID6,1066
9.86621e+06,20,ACK,14
9.86625e+06,6,CTL,20
9.86634e+06,16,RTS,20
9.86641e+06,20,CTS,14
9.86647e+06,16,QOSDATA_TID6,1066
9.86665e+06,20,ACK,14
9.8667e+06,16,CTL,20
9.86678e+06,11,RTS,20
9.86685e+06,20,CTS,14
9.86691e+06,11,QOSDATA_TID6,1066
9.86709e+06,20,ACK,14
9.86714e+06,11,CTL,20
9.86722e+06,1,RTS,20
9.86722e+06,19,RTS,20
9.86722e+06,9,RTS,20
9.86722e+06,10,RTS,20
9.86732e+06,7,RTS,20
9.86739e+06,20,CTS,14
9.86745e+06,7,QOSDATA_TID6,1066
9.86763e+06,20,ACK,14
9.86768e+06,7,QOSDATA_TID6,1066
9.86786e+06,20,ACK,14
9.86791e+06,7,CTL,20
9.86799e+06,13,RTS,20
9.86799e+06,14,RTS,20
9.86809e+06,17,RTS,20
9.86816e+06,20,CTS,14
9.86822e+06,17,QOSDATA_TID6,1066
9.8684e+06,20,ACK,14
9.86845e+06,17,CTL,20
9.86853e+06,1,RTS,20
9.86853e+06,3,RTS,20
9.86853e+06,14,RTS,20
9.86865e+06,18,RTS,20
9.86872e+06,20,CTS,14
9.86878e+06,18,QOSDATA_TID6,1066
9.86896e+06,20,ACK,14
9.869e+06,18,QOSDATA_TID6,1066
9.86919e+06,20,ACK,14
9.86923e+06,18,CTL,20
9.86932e+06,4,RTS,20
9.86939e+06,20,CTS,14
9.86945e+06,4,QOSDATA_TID6,1066
9.86963e+06,20,ACK,14
9.86967e+06,4,CTL,20
9.86976e+06,19,RTS,20
9.86976e+06,15,RTS,20
9.86976e+06,6,RTS,20
9.86986e+06,2,RTS,20
9.86986e+06,12,RTS,20
9.86993e+06,20,CTS,14
9.86999e+06,12,QOSDATA_TID6,1066
9.87017e+06,20,ACK,14
9.87021e+06,12,CTL,20
9.8703e+06,18,RTS,20
9.87037e+06,20,CTS,14
9.87043e+06,18,QOSDATA_TID6,1066
9.87061e+06,20,ACK,14
9.87066e+06,18,CTL,20
9.87074e+06,0,CTS,14
9.87074e+06,13,RTS,20
9.87087e+06,0,RTS,20
9.87094e+06,20,CTS,14
9.871e+06,0,QOSDATA_TID6,1066
9.87118e+06,20,ACK,14
9.87123e+06,0,QOSDATA_TID6,1066
9.87141e+06,20,ACK,14
9.87146e+06,0,CTL,20
9.87154e+06,5,RTS,20
9.87161e+06,20,CTS,14
9.87167e+06,5,QOSDATA_TID6,1066
9.87186e+06,20,ACK,14
9.8719e+06,5,CTL,20
9.87198e+06,8,RTS,20
9.87198e+06,10,RTS,20
9.87205e+06,20,CTS,14
9.87211e+06,8,QOSDATA_TID6,1066
9.8723e+06,20,ACK,14
9.87234e+06,8,CTL,20
9.87243e+06,10,RTS,20
9.8725e+06,20,CTS,14
9.87256e+06,10,QOSDATA_TID6,1066
9.87274e+06,20,ACK,14
9.87278e+06,10,QOSDATA_TID6,1066
9.87297e+06,20,ACK,14
9.87301e+06,10,QOSDATA_TID6,1066
9.8732e+06,20,ACK,14
9.87324e+06,10,QOSDATA_TID6,1066
9.87342e+06,20,ACK,14
9.87347e+06,10,QOSDATA_TID6,1066
9.87365e+06,20,ACK,14
9.8737e+06,10,QOSDATA_TID6,1066
9.87388e+06,20,ACK,14
9.87392e+06,10,CTL,20
9.87401e+06,9,RTS,20
9.87401e+06,14,RTS,20
9.87412e+06,16,RTS,20
9.87418e+06,20,CTS,14
9.87424e+06,16,QOSDATA_TID6,1066
9.87443e+06,20,ACK,14
9.87447e+06,16,CTL,20
9.87457e+06,1,RTS,20
9.87457e+06,12,RTS,20
9.87457e+06,7,RTS,20
9.87457e+06,2,RTS,20
9.87457e+06,0,RTS,20
9.87457e+06,14,RTS,20
9.87468e+06,13,RTS,20
9.87474e+06,20,CTS,14
9.8748e+06,13,QOSDATA_TID6,1066
9.87499e+06,20,ACK,14
9.87503e+06,13,QOSDATA_TID6,1066
9.87522e+06,20,ACK,14
9.87526e+06,13,QOSDATA_TID6,1066
9.87544e+06,20,ACK,14
9.87549e+06,13,CTL,20
9.87558e+06,11,RTS,20
9.87558e+06,2,RTS,20
9.87569e+06,19,RTS,20
9.87576e+06,20,CTS,14
9.87582e+06,19,QOSDATA_TID6,1066
9.876e+06,20,ACK,14
9.87604e+06,19,QOSDATA_TID6,1066
9.87623e+06,20,ACK,14
9.87627e+06,19,CTL,20
9.87636e+06,15,RTS,20
9.87636e+06,14,RTS,20
9.87647e+06,2,RTS,20
9.87647e+06,17,RTS,20
9.87653e+06,20,CTS,14
9.87659e+06,17,QOSDATA_TID6,1066
9.87678e+06,20,ACK,14
9.87682e+06,17,CTL,20
9.87692e+06,4,RTS,20
9.87692e+06,6,RTS,20
9.87692e+06,10,RTS,20
9.87702e+06,12,RTS,20
9.87708e+06,20,CTS,14
9.87714e+06,12,QOSDATA_TID6,1066
9.87733e+06,20,ACK,14
9.87737e+06,12,CTL,20
9.87747e+06,5,RTS,20
9.87753e+06,20,CTS,14
9.87759e+06,5,QOSDATA_TID6,1066
9.87778e+06,20,ACK,14
9.87782e+06,5,CTL,20
9.87791e+06,1,RTS,20
9.87791e+06,7,RTS,20
9.87791e+06,3,RTS,20
9.87791e+06,6,RTS,20
9.87791e+06,4,RTS,20
9.87802e+06,15,RTS,20
9.87802e+06,11,RTS,20
9.87812e+06,10,RTS,20
9.87819e+06,20,CTS,14
9.87825e+06,10,QOSDATA_TID6,1066
9.87843e+06,20,ACK,14
9.87848e+06,10,CTL,20
9.87856e+06,6,RTS,20
9.87856e+06,1,RTS,20
9.87867e+06,9,RTS,20
9.87874e+06,20,CTS,14
9.8788e+06,9,QOSDATA_TID6,1066
9.87898e+06,20,ACK,14
9.87903e+06,9,QOSDATA_TID6,1066
9.87921e+06,20,ACK,14
9.87926e+06,9,CTL,20
9.87934e+06,2,RTS,20
9.87941e+06,20,CTS,14
9.87947e+06,2,QOSDATA_TID6,1066
9.87965e+06,20,ACK,14
9.8797e+06,2,QOSDATA_TID6,1066
9.87988e+06,20,ACK,14
9.87992e+06,2,CTL,20
9.88001e+06,4,RTS,20
9.88008e+06,20,CTS,14
9.88014e+06,4,QOSDATA_TID6,1066
9.88032e+06,20,ACK,14
9.88037e+06,4,CTL,20
9.88045e+06,8,RTS,20
9.88045e+06,0,RTS,20
9.88045e+06,14,RTS,20
9.88045e+06,18,RTS,20
9.88057e+06,3,RTS,20
9.88064e+06,20,CTS,14
9.8807e+06,3,QOSDATA_TID6,1066
9.88088e+06,20,ACK,14
9.88092e+06,3,QOSDATA_TID6,1066
9.88111e+06,20,ACK,14
9.88115e+06,3,QOSDATA_TID6,1066
9.88134e+06,20,ACK,14
9.88138e+06,3,CTL,20
9.88148e+06,11,RTS,20
9.88148e+06,7,RTS,20
9.88154e+06,20,CTS,14
9.8816e+06,7,QOSDATA_TID6,1066
9.88179e+06,20,ACK,14
9.88183e+06,7,QOSDATA_TID6,1066
9.88202e+06,20,ACK,14
9.88206e+06,7,CTL,20
9.88216e+06,13,RTS,20
9.88216e+06,8,RTS,20
9.88216e+06,18,RTS,20
9.88222e+06,20,CTS,14
9.88228e+06,8,QOSDATA_TID6,1066
9.88247e+06,20,ACK,14
9.88251e+06,8,CTL,20
9.8826e+06,18,RTS,20
9.8826e+06,13,RTS,20
9.8826e+06,14,RTS,20
9.8827e+06,12,RTS,20
9.88277e+06,20,CTS,14
9.88283e+06,12,QOSDATA_TID6,1066
9.88302e+06,20,ACK,14
9.88306e+06,12,CTL,20
9.88315e+06,16,RTS,20
9.88322e+06,20,CTS,14
9.88328e+06,16,QOSDATA_TID6,1066
9.88346e+06,20,ACK,14
9.8835e+06,16,CTL,20
9.88359e+06,11,RTS,20
9.88359e+06,1,RTS,20
9.88359e+06,3,RTS,20
9.88359e+06,18,RTS,20
9.8837e+06,13,RTS,20
9.88377e+06,20,CTS,14
9.88383e+06,13,QOSDATA_TID6,1066
9.88402e+06,20,ACK,14
9.88406e+06,13,CTL,20
9.88415e+06,15,RTS,20
9.88422e+06,20,CTS,14
9.88428e+06,15,QOSDATA_TID6,1066
9.88446e+06,20,ACK,14
9.8845e+06,15,QOSDATA_TID6,1066
9.88469e+06,20,ACK,14
9.88473e+06,15,QOSDATA_TID6,1066
9.88492e+06,20,ACK,14
9.88496e+06,15,CTL,20
9.88504e+06,5,RTS,20
9.88504e+06,9,RTS,20
9.88511e+06,20,CTS,14
9.88517e+06,5,QOSDATA_TID6,1066
9.88536e+06,20,ACK,14
9.8854e+06,5,CTL,20
9.88549e+06,6,RTS,20
9.88556e+06,20,CTS,14
9.88562e+06,6,QOSDATA_TID6,1066
9.8858e+06,20,ACK,14
9.88584e+06,6,QOSDATA_TID6,1066
9.88603e+06,20,ACK,14
9.88607e+06,6,QOSDATA_TID6,1066
9.88626e+06,20,ACK,14
9.8863e+06,6,CTL,20
9.88638e+06,0,CTS,14
9.88638e+06,14,RTS,20
9.88638e+06,2,RTS,20
9.88638e+06,17,RTS,20
9.88638e+06,3,RTS,20
9.88638e+06,19,RTS,20
9.88638e+06,4,RTS,20
9.88647e+06,0,RTS,20
9.88654e+06,20,CTS,14
9.8866e+06,0,QOSDATA_TID6,1066
9.88678e+06,20,ACK,14
9.88683e+06,0,QOSDATA_TID6,1066
9.88701e+06,20,ACK,14
9.88706e+06,0,CTL,20
9.88714e+06,17,RTS,20
9.88721e+06,20,CTS,14
9.88727e+06,17,QOSDATA_TID6,1066
9.88745e+06,20,ACK,14
9.8875e+06,17,CTL,20
9.88758e+06,9,RTS,20
9.88758e+06,18,RTS,20
9.88758e+06,10,RTS,20
9.88768e+06,14,RTS,20
9.88768e+06,11,RTS,20
9.88779e+06,9,RTS,20
9.88786e+06,20,CTS,14
9.88792e+06,9,QOSDATA_TID6,1066
9.8881e+06,20,ACK,14
9.88814e+06,9,CTL,20
9.88823e+06,14,RTS,20
9.8883e+06,20,CTS,14
9.88836e+06,14,QOSDATA_TID6,1066
9.88854e+06,20,ACK,14
9.88859e+06,14,QOSDATA_TID6,1066
9.88877e+06,20,ACK,14
9.88881e+06,14,QOSDATA_TID6,1066
9.889e+06,20,ACK,14
9.88904e+06,14,CTL,20
9.88913e+06,18,RTS,20
9.88913e+06,8,RTS,20
9.88913e+06,1,RTS,20
9.88913e+06,19,RTS,20
9.88913e+06,3,RTS,20
9.88924e+06,2,RTS,20
9.8893e+06,20,CTS,14
9.88936e+06,2,QOSDATA_TID6,1066
9.88955e+06,20,ACK,14
9.88959e+06,2,CTL,20
9.88969e+06,10,RTS,20
9.88969e+06,11,RTS,20
9.88969e+06,16,RTS,20
9.88978e+06,1,RTS,20
9.88978e+06,7,RTS,20
9.88978e+06,13,RTS,20
9.8899e+06,4,RTS,20
9.8899e+06,9,RTS,20
9.8899e+06,0,RTS,20
9.88997e+06,20,CTS,14
9.89003e+06,0,QOSDATA_TID6,1066
9.89022e+06,20,ACK,14
9.89026e+06,0,CTL,20
9.89035e+06,4,RTS,20
9.89042e+06,20,CTS,14
9.89048e+06,4,QOSDATA_TID6,1066
9.89066e+06,20,ACK,14
9.8907e+06,4,CTL,20
9.89079e+06,12,RTS,20
9.89086e+06,20,CTS,14
9.89092e+06,12,QOSDATA_TID6,1066
9.8911e+06,20,ACK,14
9.89114e+06,12,CTL,20
9.89123e+06,11,RTS,20
9.8913e+06,20,CTS,14
9.89136e+06,11,QOSDATA_TID6,1066
9.89154e+06,20,ACK,14
9.89159e+06,11,QOSDATA_TID6,1066
9.89177e+06,20,ACK,14
9.89182e+06,11,QOSDATA_TID6,1066
9.892e+06,20,ACK,14
9.89204e+06,11,CTL,20
9.89213e+06,1,RTS,20
9.89213e+06,9,RTS,20
9.89213e+06,18,RTS,20
9.89225e+06,13,RTS,20
9.89232e+06,20,CTS,14
9.89238e+06,13,QOSDATA_TID6,1066
9.89257e+06,20,ACK,14
9.89261e+06,13,CTL,20
9.8927e+06,1,RTS,20
9.89276e+06,20,CTS,14
9.89282e+06,1,QOSDATA_TID6,1066
9.89301e+06,20,ACK,14
9.89305e+06,1,QOSDATA_TID6,1066
9.89324e+06,20,ACK,14
9.89328e+06,1,QOSDATA_TID6,1066
9.89346e+06,20,ACK,14
9.89351e+06,1,CTL,20
9.89359e+06,17,RTS,20
9.89359e+06,5,RTS,20
9.89359e+06,6,RTS,20
9.8937e+06,15,RTS,20
9.8937e+06,2,RTS,20
9.8937e+06,10,RTS,20
9.8937e+06,8,RTS,20
9.8937e+06,7,RTS,20
9.8937e+06,16,RTS,20
9.89382e+06,9,RTS,20
9.89388e+06,20,CTS,14
9.89394e+06,9,QOSDATA_TID6,1066
9.89413e+06,20,ACK,14
9.89417e+06,9,CTL,20
9.89426e+06,17,RTS,20
9.89433e+06,20,CTS,14
9.89439e+06,17,QOSDATA_TID6,1066
9.89457e+06,20,ACK,14
9.89462e+06,17,CTL,20
9.8947e+06,18,RTS,20
9.89477e+06,20,CTS,14
9.89483e+06,18,QOSDATA_TID6,1066
9.89501e+06,20,ACK,14
9.89506e+06,18,QOSDATA_TID6,1066
9.89524e+06,20,ACK,14
9.89528e+06,18,CTL,20
9.89537e+06,10,RTS,20
9.89537e+06,19,RTS,20
9.89537e+06,7,RTS,20
9.89537e+06,4,RTS,20
9.89547e+06,3,RTS,20
9.89547e+06,6,RTS,20
9.89554e+06,20,CTS,14
9.8956e+06,6,QOSDATA_TID6,1066
9.89578e+06,20,ACK,14
9.89582e+06,6,CTL,20
9.89592e+06,14,RTS,20
9.89592e+06,16,RTS,20
9.89604e+06,2,RTS,20
9.8961e+06,20,CTS,14
9.89616e+06,2,QOSDATA_TID6,1066
9.89635e+06,20,ACK,14
9.89639e+06,2,CTL,20
9.89648e+06,10,RTS,20
9.89648e+06,14,RTS,20
9.8966e+06,8,RTS,20
9.89666e+06,20,CTS,14
9.89672e+06,8,QOSDATA_TID6,1066
9.89691e+06,20,ACK,14
9.89695e+06,8,QOSDATA_TID6,1066
9.89714e+06,20,ACK,14
9.89718e+06,8,CTL,20
9.89726e+06,5,RTS,20
9.89726e+06,4,RTS,20
9.89733e+06,20,CTS,14
9.89739e+06,5,QOSDATA_TID6,1066
9.89758e+06,20,ACK,14
9.89762e+06,5,CTL,20
9.89771e+06,4,RTS,20
9.89778e+06,20,CTS,14
9.89784e+06,4,QOSDATA_TID6,1066
9.89802e+06,20,ACK,14
9.89806e+06,4,CTL,20
9.89815e+06,13,RTS,20
9.89815e+06,9,RTS,20
9.89825e+06,16,RTS,20
9.89832e+06,20,CTS,14
9.89838e+06,16,QOSDATA_TID6,1066
9.89856e+06,20,ACK,14
9.8986e+06,16,QOSDATA_TID6,1066
9.89879e+06,20,ACK,14
9.89883e+06,16,CTL,20
9.89893e+06,19,RTS,20
9.89893e+06,3,RTS,20
9.89893e+06,9,RTS,20
9.89893e+06,0,RTS,20
9.89902e+06,12,RTS,20
9.89909e+06,20,CTS,14
9.89915e+06,12,QOSDATA_TID6,1066
9.89934e+06,20,ACK,14
9.89938e+06,12,CTL,20
9.89947e+06,1,RTS,20
9.89947e+06,0,RTS,20
9.89957e+06,13,RTS,20
9.89964e+06,20,CTS,14
9.8997e+06,13,QOSDATA_TID6,1066
9.89988e+06,20,ACK,14
9.89993e+06,13,CTL,20
9.90002e+06,1,RTS,20
9.90008e+06,20,CTS,14
9.90014e+06,1,QOSDATA_TID6,1066
9.90033e+06,20,ACK,14
9.90037e+06,1,CTL,20
9.90047e+06,7,RTS,20
9.90047e+06,10,RTS,20
9.90053e+06,20,CTS,14
9.90059e+06,7,QOSDATA_TID6,1066
9.90078e+06,20,ACK,14
9.90082e+06,7,QOSDATA_TID6,1066
9.90101e+06,20,ACK,14
9.90105e+06,7,CTL,20
9.90114e+06,4,RTS,20
9.9012e+06,20,CTS,14
9.90126e+06,4,QOSDATA_TID6,1066
9.90145e+06,20,ACK,14
9.90149e+06,4,CTL,20
9.90158e+06,2,RTS,20
9.90165e+06,20,CTS,14
9.90171e+06,2,QOSDATA_TID6,1066
9.90189e+06,20,ACK,14
9.90193e+06,2,CTL,20
9.90202e+06,3,RTS,20
9.90202e+06,5,RTS,20
9.90202e+06,19,RTS,20
9.90202e+06,17,RTS,20
9.90202e+06,6,RTS,20
9.90202e+06,11,RTS,20
9.90202e+06,14,RTS,20
9.90202e+06,15,RTS,20
9.90212e+06,10,RTS,20
9.90219e+06,20,CTS,14
9.90225e+06,10,QOSDATA_TID6,1066
9.90243e+06,20,ACK,14
9.90247e+06,10,QOSDATA_TID6,1066
9.90266e+06,20,ACK,14
9.9027e+06,10,QOSDATA_TID6,1066
9.90289e+06,20,ACK,14
9.90293e+06,10,CTL,20
9.90302e+06,6,RTS,20
9.90302e+06,5,RTS,20
9.90308e+06,20,CTS,14
9.90314e+06,5,QOSDATA_TID6,1066
9.90333e+06,20,ACK,14
9.90337e+06,5,CTL,20
9.90347e+06,8,RTS,20
9.90347e+06,9,RTS,20
9.90347e+06,15,RTS,20
9.90354e+06,20,CTS,14
9.9036e+06,8,QOSDATA_TID6,1066
9.90378e+06,20,ACK,14
9.90382e+06,8,CTL,20
9.90393e+06,17,RTS,20
9.90393e+06,18,RTS,20
9.904e+06,20,CTS,14
9.90406e+06,17,QOSDATA_TID6,1066
9.90424e+06,20,ACK,14
9.90428e+06,17,CTL,20
9.90439e+06,18,RTS,20
9.90439e+06,15,RTS,20
9.90448e+06,16,RTS,20
9.90455e+06,20,CTS,14
9.90461e+06,16,QOSDATA_TID6,1066
9.9048e+06,20,ACK,14
9.90484e+06,16,CTL,20
9.90493e+06,11,RTS,20
9.905e+06,20,CTS,14
9.90506e+06,11,QOSDATA_TID6,1066
9.90524e+06,20,ACK,14
9.90528e+06,11,CTL,20
9.90538e+06,19,RTS,20
9.90545e+06,20,CTS,14
9.90551e+06,19,QOSDATA_TID6,1066
9.90569e+06,20,ACK,14
9.90574e+06,19,QOSDATA_TID6,1066
9.90592e+06,20,ACK,14
9.90596e+06,19,QOSDATA_TID6,1066
9.90615e+06,20,ACK,14
9.90619e+06,19,CTL,20
9.90628e+06,6,RTS,20
9.90634e+06,20,CTS,14
9.9064e+06,6,QOSDATA_TID6,1066
9.90659e+06,20,ACK,14
9.90663e+06,6,CTL,20
9.90672e+06,0,CTS,14
9.90672e+06,7,RTS,20
9.90672e+06,9,RTS,20
9.90681e+06,0,RTS,20
9.90688e+06,20,CTS,14
9.90694e+06,0,QOSDATA_TID6,1066
9.90713e+06,20,ACK,14
9.90717e+06,0,QOSDATA_TID6,1066
9.90735e+06,20,ACK,14
9.9074e+06,0,CTL,20
9.90748e+06,3,RTS,20
9.90748e+06,1,RTS,20
9.90748e+06,9,RTS,20
9.90748e+06,19,RTS,20
9.90758e+06,17,RTS,20
9.90758e+06,18,RTS,20
9.90758e+06,12,RTS,20
9.90758e+06,15,RTS,20
9.90758e+06,13,RTS,20
9.90769e+06,11,RTS,20
9.90769e+06,6,RTS,20
9.9078e+06,13,RTS,20
9.90786e+06,20,CTS,14
9.90792e+06,13,QOSDATA_TID6,1066
9.90811e+06,20,ACK,14
9.90815e+06,13,CTL,20
9.90824e+06,18,RTS,20
9.90831e+06,20,CTS,14
9.90837e+06,18,QOSDATA_TID6,1066
9.90855e+06,20,ACK,14
9.90859e+06,18,CTL,20
9.90868e+06,2,RTS,20
9.90868e+06,17,RTS,20
9.90868e+06,11,RTS,20
9.90875e+06,20,CTS,14
9.90881e+06,17,QOSDATA_TID6,1066
9.90899e+06,20,ACK,14
9.90904e+06,17,CTL,20
9.90912e+06,4,RTS,20
9.90912e+06,14,RTS,20
9.90922e+06,5,RTS,20
9.90922e+06,9,RTS,20
9.90929e+06,20,CTS,14
9.90935e+06,5,QOSDATA_TID6,1066
9.90953e+06,20,ACK,14
9.90958e+06,5,CTL,20
9.90967e+06,1,RTS,20
9.90967e+06,11,RTS,20
9.90967e+06,6,RTS,20
9.90977e+06,12,RTS,20
9.90977e+06,3,RTS,20
9.90984e+06,20,CTS,14
9.9099e+06,12,QOSDATA_TID6,1066
9.91008e+06,20,ACK,14
9.91012e+06,12,CTL,20
9.91022e+06,11,RTS,20
9.91022e+06,6,RTS,20
9.91034e+06,3,RTS,20
9.9104e+06,20,CTS,14
9.91046e+06,3,QOSDATA_TID6,1066
9.91065e+06,20,ACK,14
9.91069e+06,3,QOSDATA_TID6,1066
9.91088e+06,20,ACK,14
9.91092e+06,3,QOSDATA_TID6,1066
9.9111e+06,20,ACK,14
9.91115e+06,3,CTL,20
9.91124e+06,9,RTS,20
9.91124e+06,8,RTS,20
9.91131e+06,20,CTS,14
9.91137e+06,8,QOSDATA_TID6,1066
9.91156e+06,20,ACK,14
9.9116e+06,8,CTL,20
9.91169e+06,18,RTS,20
9.91176e+06,20,CTS,14
9.91182e+06,18,QOSDATA_TID6,1066
9.91201e+06,20,ACK,14
9.91205e+06,18,CTL,20
9.91214e+06,10,RTS,20
9.91214e+06,19,RTS,20
9.91214e+06,15,RTS,20
9.91227e+06,7,RTS,20
9.91227e+06,9,RTS,20
9.91234e+06,20,CTS,14
9.9124e+06,7,QOSDATA_TID6,1066
9.91258e+06,20,ACK,14
9.91263e+06,7,CTL,20
9.91271e+06,15,RTS,20
9.91271e+06,6,RTS,20
9.91282e+06,9,RTS,20
9.91282e+06,11,RTS,20
9.91294e+06,15,RTS,20
9.91294e+06,14,RTS,20
9.91305e+06,2,RTS,20
9.91305e+06,16,RTS,20
9.91317e+06,15,RTS,20
9.91317e+06,14,RTS,20
9.91328e+06,0,RTS,20
9.91334e+06,20,CTS,14
9.9134e+06,0,QOSDATA_TID6,1066
9.91359e+06,20,ACK,14
9.91363e+06,0,CTL,20
9.91373e+06,7,RTS,20
9.91373e+06,19,RTS,20
9.91373e+06,13,RTS,20
9.91373e+06,11,RTS,20
9.91373e+06,4,RTS,20
9.91382e+06,6,RTS,20
9.91389e+06,20,CTS,14
9.91395e+06,6,QOSDATA_TID6,1066
9.91414e+06,20,ACK,14
9.91418e+06,6,CTL,20
9.91427e+06,2,RTS,20
9.91427e+06,16,RTS,20
9.91438e+06,19,RTS,20
9.91438e+06,14,RTS,20
9.91445e+06,20,CTS,14
9.91451e+06,19,QOSDATA_TID6,1066
9.91469e+06,20,ACK,14
9.91474e+06,19,CTL,20
9.91483e+06,12,RTS,20
9.91483e+06,16,RTS,20
9.91483e+06,9,RTS,20
9.91483e+06,10,RTS,20
9.9149e+06,20,CTS,14
9.91496e+06,12,QOSDATA_TID6,1066
9.91514e+06,20,ACK,14
9.91519e+06,12,CTL,20
9.91528e+06,1,RTS,20
9.91528e+06,19,RTS,20
9.91537e+06,17,RTS,20
9.91537e+06,6,RTS,20
9.91537e+06,13,RTS,20
9.91544e+06,20,CTS,14
9.9155e+06,17,QOSDATA_TID6,1066
9.91568e+06,20,ACK,14
9.91573e+06,17,CTL,20
9.91582e+06,4,RTS,20
9.91588e+06,20,CTS,14
9.91594e+06,4,QOSDATA_TID6,1066
9.91613e+06,20,ACK,14
9.91617e+06,4,CTL,20
9.91626e+06,7,RTS,20
9.91626e+06,15,RTS,20
9.91636e+06,3,RTS,20
9.91642e+06,20,CTS,14
9.91648e+06,3,QOSDATA_TID6,1066
9.91667e+06,20,ACK,14
9.91671e+06,3,CTL,20
9.9168e+06,5,RTS,20
9.91686e+06,20,CTS,14
9.91692e+06,5,QOSDATA_TID6,1066
9.91711e+06,20,ACK,14
9.91715e+06,5,CTL,20
9.91724e+06,2,RTS,20
9.91731e+06,20,CTS,14
9.91737e+06,2,QOSDATA_TID6,1066
9.91755e+06,20,ACK,14
9.9176e+06,2,QOSDATA_TID6,1066
9.91778e+06,20,ACK,14
9.91782e+06,2,CTL,20
9.91791e+06,9,RTS,20
9.91791e+06,7,RTS,20
9.91791e+06,14,RTS,20
9.91791e+06,13,RTS,20
9.91802e+06,19,RTS,20
9.91802e+06,4,RTS,20
9.91808e+06,20,CTS,14
9.91814e+06,19,QOSDATA_TID6,1066
9.91833e+06,20,ACK,14
9.91837e+06,19,CTL,20
9.91846e+06,14,RTS,20
9.91853e+06,20,CTS,14
9.91859e+06,14,QOSDATA_TID6,1066
9.91877e+06,20,ACK,14
9.91881e+06,14,QOSDATA_TID6,1066
9.919e+06,20,ACK,14
9.91904e+06,14,CTL,20
9.91913e+06,15,RTS,20
9.91913e+06,13,RTS,20
9.91913e+06,11,RTS,20
9.91913e+06,16,RTS,20
9.91923e+06,18,RTS,20
9.91923e+06,10,RTS,20
9.91933e+06,1,RTS,20
9.9194e+06,20,CTS,14
9.91946e+06,1,QOSDATA_TID6,1066
9.91964e+06,20,ACK,14
9.91969e+06,1,QOSDATA_TID6,1066
9.91987e+06,20,ACK,14
9.91992e+06,1,CTL,20
9.92e+06,8,RTS,20
9.92e+06,11,RTS,20
9.92e+06,7,RTS,20
9.92e+06,4,RTS,20
9.92e+06,15,RTS,20
9.92e+06,14,RTS,20
9.92013e+06,6,RTS,20
9.92013e+06,16,RTS,20
9.92013e+06,9,RTS,20
9.92026e+06,6,RTS,20
9.92026e+06,13,RTS,20
9.92037e+06,15,RTS,20
9.92037e+06,8,RTS,20
9.92044e+06,20,CTS,14
9.9205e+06,8,QOSDATA_TID6,1066
9.92068e+06,20,ACK,14
9.92073e+06,8,CTL,20
9.92081e+06,13,RTS,20
9.92081e+06,6,RTS,20
9.92094e+06,6,RTS,20
9.92101e+06,20,CTS,14
9.92107e+06,6,QOSDATA_TID6,1066
9.92126e+06,20,ACK,14
9.9213e+06,6,CTL,20
9.92138e+06,0,RTS,20
9.92145e+06,20,CTS,14
9.92151e+06,0,QOSDATA_TID6,1066
9.9217e+06,20,ACK,14
9.92174e+06,0,CTL,20
9.92183e+06,15,RTS,20
9.92183e+06,11,RTS,20
9.92194e+06,9,RTS,20
9.92194e+06,18,RTS,20
9.92201e+06,20,CTS,14
9.92207e+06,18,QOSDATA_TID6,1066
9.92226e+06,20,ACK,14
9.9223e+06,18,CTL,20
9.92238e+06,12,RTS,20
9.92238e+06,11,RTS,20
9.92245e+06,20,CTS,14
9.92251e+06,12,QOSDATA_TID6,1066
9.9227e+06,20,ACK,14
9.92274e+06,12,CTL,20
9.92283e+06,3,RTS,20
9.9229e+06,20,CTS,14
9.92296e+06,3,QOSDATA_TID6,1066
9.92314e+06,20,ACK,14
9.92318e+06,3,CTL,20
9.92327e+06,6,RTS,20
9.92327e+06,4,RTS,20
9.92334e+06,20,CTS,14
9.9234e+06,6,QOSDATA_TID6,1066
9.92358e+06,20,ACK,14
9.92362e+06,6,CTL,20
9.92371e+06,17,RTS,20
9.92378e+06,20,CTS,14
9.92384e+06,17,QOSDATA_TID6,1066
9.92402e+06,20,ACK,14
9.92407e+06,17,CTL,20
9.92415e+06,19,RTS,20
9.92415e+06,4,RTS,20
9.92422e+06,20,CTS,14
9.92428e+06,19,QOSDATA_TID6,1066
9.92446e+06,20,ACK,14
9.92451e+06,19,CTL,20
9.9246e+06,10,RTS,20
9.9246e+06,13,RTS,20
9.92471e+06,5,RTS,20
9.92478e+06,20,CTS,14
9.92484e+06,5,QOSDATA_TID6,1066
9.92502e+06,20,ACK,14
9.92507e+06,5,CTL,20
9.92515e+06,1,RTS,20
9.92515e+06,2,RTS,20
9.92526e+06,13,RTS,20
9.92533e+06,20,CTS,14
9.92539e+06,13,QOSDATA_TID6,1066
9.92557e+06,20,ACK,14
9.92562e+06,13,CTL,20
9.9257e+06,14,RTS,20
9.92577e+06,20,CTS,14
9.92583e+06,14,QOSDATA_TID6,1066
9.92601e+06,20,ACK,14
9.92606e+06,14,CTL,20
9.92614e+06,15,RTS,20
9.92614e+06,10,RTS,20
9.92621e+06,20,CTS,14
9.92627e+06,15,QOSDATA_TID6,1066
9.92646e+06,20,ACK,14
9.9265e+06,15,QOSDATA_TID6,1066
9.92668e+06,20,ACK,14
9.92673e+06,15,QOSDATA_TID6,1066
9.92691e+06,20,ACK,14
9.92696e+06,15,CTL,20
9.92704e+06,18,RTS,20
9.92704e+06,11,RTS,20
9.92704e+06,10,RTS,20
9.92716e+06,9,RTS,20
9.92716e+06,14,RTS,20
9.92726e+06,11,RTS,20
9.92733e+06,20,CTS,14
9.92739e+06,11,QOSDATA_TID6,1066
9.92758e+06,20,ACK,14
9.92762e+06,11,QOSDATA_TID6,1066
9.92781e+06,20,ACK,14
9.92785e+06,11,CTL,20
9.92794e+06,16,RTS,20
9.92794e+06,7,RTS,20
9.928e+06,20,CTS,14
9.92806e+06,7,QOSDATA_TID6,1066
9.92825e+06,20,ACK,14
9.92829e+06,7,QOSDATA_TID6,1066
9.92848e+06,20,ACK,14
9.92852e+06,7,CTL,20
9.92861e+06,8,RTS,20
9.92867e+06,20,CTS,14
9.92873e+06,8,QOSDATA_TID6,1066
9.92892e+06,20,ACK,14
9.92896e+06,8,CTL,20
9.92906e+06,1,RTS,20
9.92906e+06,4,RTS,20
9.92912e+06,20,CTS,14
9.92918e+06,1,QOSDATA_TID6,1066
9.92937e+06,20,ACK,14
9.92941e+06,1,CTL,20
9.9295e+06,7,RTS,20
9.92957e+06,20,CTS,14
9.92963e+06,7,QOSDATA_TID6,1066
9.92981e+06,20,ACK,14
9.92986e+06,7,CTL,20
9.92995e+06,0,RTS,20
9.93002e+06,20,CTS,14
9.93008e+06,0,QOSDATA_TID6,1066
9.93026e+06,20,ACK,14
9.93031e+06,0,CTL,20
9.93039e+06,18,RTS,20
9.93039e+06,12,RTS,20
9.93039e+06,13,RTS,20
9.93046e+06,20,CTS,14
9.93052e+06,12,QOSDATA_TID6,1066
9.9307e+06,20,ACK,14
9.93075e+06,12,CTL,20
9.93084e+06,2,RTS,20
9.93084e+06,14,RTS,20
9.93084e+06,9,RTS,20
9.93094e+06,10,RTS,20
9.93094e+06,11,RTS,20
9.93109e+06,14,RTS,20
9.93116e+06,20,CTS,14
9.93122e+06,14,QOSDATA_TID6,1066
9.9314e+06,20,ACK,14
9.93145e+06,14,CTL,20
9.93154e+06,1,RTS,20
9.93154e+06,19,RTS,20
9.93154e+06,11,RTS,20
9.93154e+06,16,RTS,20
9.93154e+06,4,RTS,20
9.93165e+06,17,RTS,20
9.93165e+06,3,RTS,20
9.93165e+06,6,RTS,20
9.93172e+06,20,CTS,14
9.93178e+06,17,QOSDATA_TID6,1066
9.93196e+06,20,ACK,14
9.93201e+06,17,CTL,20
9.93211e+06,2,RTS,20
9.93211e+06,4,RTS,20
9.93211e+06,9,RTS,20
9.93211e+06,10,RTS,20
9.93222e+06,19,RTS,20
9.93222e+06,13,RTS,20
9.93232e+06,4,RTS,20
9.93238e+06,20,CTS,14
9.93244e+06,4,QOSDATA_TID6,1066
9.93263e+06,20,ACK,14
9.93267e+06,4,CTL,20
9.93276e+06,5,RTS,20
9.93283e+06,20,CTS,14
9.93289e+06,5,QOSDATA_TID6,1066
9.93307e+06,20,ACK,14
9.93311e+06,5,CTL,20
9.93321e+06,6,RTS,20
9.93321e+06,4,RTS,20
9.93321e+06,10,RTS,20
9.93321e+06,15,RTS,20
9.93331e+06,1,RTS,20
9.93338e+06,20,CTS,14
9.93344e+06,1,QOSDATA_TID6,1066
9.93362e+06,20,ACK,14
9.93366e+06,1,CTL,20
9.93376e+06,10,RTS,20
9.93383e+06,20,CTS,14
9.93389e+06,10,QOSDATA_TID6,1066
9.93407e+06,20,ACK,14
9.93411e+06,10,QOSDATA_TID6,1066
9.9343e+06,20,ACK,14
9.93434e+06,10,QOSDATA_TID6,1066
9.93453e+06,20,ACK,14
9.93457e+06,10,CTL,20
9.93466e+06,9,RTS,20
9.93466e+06,3,RTS,20
9.93466e+06,8,RTS,20
9.93466e+06,15,RTS,20
9.93476e+06,2,RTS,20
9.93483e+06,20,CTS,14
9.93489e+06,2,QOSDATA_TID6,1066
9.93508e+06,20,ACK,14
9.93512e+06,2,QOSDATA_TID6,1066
9.9353e+06,20,ACK,14
9.93535e+06,2,CTL,20
9.93543e+06,9,RTS,20
9.9355e+06,20,CTS,14
9.93556e+06,9,QOSDATA_TID6,1066
9.93575e+06,20,ACK,14
9.93579e+06,9,QOSDATA_TID6,1066
9.93597e+06,20,ACK,14
9.93602e+06,9,QOSDATA_TID6,1066
9.9362e+06,20,ACK,14
9.93625e+06,9,CTL,20
9.93633e+06,18,RTS,20
9.93633e+06,19,RTS,20
9.93633e+06,4,RTS,20
9.93633e+06,13,RTS,20
9.93644e+06,14,RTS,20
9.93644e+06,3,RTS,20
9.93655e+06,11,RTS,20
9.93661e+06,20,CTS,14
9.93667e+06,11,QOSDATA_TID6,1066
9.93686e+06,20,ACK,14
9.9369e+06,11,CTL,20
9.93699e+06,16,RTS,20
9.93706e+06,20,CTS,14
9.93712e+06,16,QOSDATA_TID6,1066
9.9373e+06,20,ACK,14
9.93734e+06,16,QOSDATA_TID6,1066
9.93753e+06,20,ACK,14
9.93757e+06,16,QOSDATA_TID6,1066
9.93776e+06,20,ACK,14
9.9378e+06,16,CTL,20
9.93789e+06,7,RTS,20
9.93789e+06,19,RTS,20
9.93789e+06,0,RTS,20
9.93789e+06,6,RTS,20
9.93789e+06,14,RTS,20
9.93798e+06,3,RTS,20
9.93798e+06,4,RTS,20
9.9381e+06,8,RTS,20
9.9381e+06,15,RTS,20
9.93817e+06,20,CTS,14
9.93823e+06,8,QOSDATA_TID6,1066
9.93842e+06,20,ACK,14
9.93846e+06,8,CTL,20
9.93856e+06,12,RTS,20
9.93856e+06,18,RTS,20
9.93862e+06,20,CTS,14
9.93868e+06,12,QOSDATA_TID6,1066
9.93887e+06,20,ACK,14
9.93891e+06,12,CTL,20
9.939e+06,11,RTS,20
9.93906e+06,20,CTS,14
9.93912e+06,11,QOSDATA_TID6,1066
9.93931e+06,20,ACK,14
9.93935e+06,11,CTL,20
9.93945e+06,4,RTS,20
9.93945e+06,9,RTS,20
9.93945e+06,15,RTS,20
9.93955e+06,17,RTS,20
9.93961e+06,20,CTS,14
9.93967e+06,17,QOSDATA_TID6,1066
9.93986e+06,20,ACK,14
9.9399e+06,17,CTL,20
9.93999e+06,1,RTS,20
9.93999e+06,7,RTS,20
9.9401e+06,18,RTS,20
9.94016e+06,20,CTS,14
9.94022e+06,18,QOSDATA_TID6,1066
9.94041e+06,20,ACK,14
9.94045e+06,18,QOSDATA_TID6,1066
9.94064e+06,20,ACK,14
9.94068e+06,18,CTL,20
9.94076e+06,10,RTS,20
9.94076e+06,14,RTS,20
9.94076e+06,1,RTS,20
9.94088e+06,0,RTS,20
9.94088e+06,13,RTS,20
9.94095e+06,20,CTS,14
9.94101e+06,0,QOSDATA_TID6,1066
9.94119e+06,20,ACK,14
9.94124e+06,0,CTL,20
9.94133e+06,14,RTS,20
9.94133e+06,5,RTS,20
9.94133e+06,19,RTS,20
9.9414e+06,20,CTS,14
9.94146e+06,5,QOSDATA_TID6,1066
9.94164e+06,20,ACK,14
9.94169e+06,5,CTL,20
9.94177e+06,13,RTS,20
9.94184e+06,20,CTS,14
9.9419e+06,13,QOSDATA_TID6,1066
9.94209e+06,20,ACK,14
9.94213e+06,13,QOSDATA_TID6,1066
9.94231e+06,20,ACK,14
9.94236e+06,13,CTL,20
9.94244e+06,7,RTS,20
9.94244e+06,2,RTS,20
9.94255e+06,19,RTS,20
9.94262e+06,20,CTS,14
9.94268e+06,19,QOSDATA_TID6,1066
9.94286e+06,20,ACK,14
9.94291e+06,19,QOSDATA_TID6,1066
9.94309e+06,20,ACK,14
9.94314e+06,19,CTL,20
9.94323e+06,1,RTS,20
9.94323e+06,8,RTS,20
9.94323e+06,4,RTS,20
9.94323e+06,14,RTS,20
9.94333e+06,18,RTS,20
9.9434e+06,20,CTS,14
9.94346e+06,18,QOSDATA_TID6,1066
9.94364e+06,20,ACK,14
9.94368e+06,18,CTL,20
9.94378e+06,10,RTS,20
9.94378e+06,4,RTS,20
9.94391e+06,15,RTS,20
9.94398e+06,20,CTS,14
9.94404e+06,15,QOSDATA_TID6,1066
9.94423e+06,20,ACK,14
9.94427e+06,15,QOSDATA_TID6,1066
9.94445e+06,20,ACK,14
9.9445e+06,15,CTL,20
9.94458e+06,14,RTS,20
9.94465e+06,20,CTS,14
9.94471e+06,14,QOSDATA_TID6,1066
9.9449e+06,20,ACK,14
9.94494e+06,14,QOSDATA_TID6,1066
9.94512e+06,20,ACK,14
9.94517e+06,14,CTL,20
9.94525e+06,10,RTS,20
9.94525e+06,16,RTS,20
9.94538e+06,10,RTS,20
9.94538e+06,16,RTS,20
9.94552e+06,16,RTS,20
9.94559e+06,20,CTS,14
9.94565e+06,16,QOSDATA_TID6,1066
9.94584e+06,20,ACK,14
9.94588e+06,16,CTL,20
9.94598e+06,13,RTS,20
9.94598e+06,3,RTS,20
9.94598e+06,6,RTS,20
9.94607e+06,4,RTS,20
9.94614e+06,20,CTS,14
9.9462e+06,4,QOSDATA_TID6,1066
9.94639e+06,20,ACK,14
9.94643e+06,4,QOSDATA_TID6,1066
9.94661e+06,20,ACK,14
9.94666e+06,4,CTL,20
9.94674e+06,3,RTS,20
9.94681e+06,20,CTS,14
9.94687e+06,3,QOSDATA_TID6,1066
9.94706e+06,20,ACK,14
9.9471e+06,3,QOSDATA_TID6,1066
9.94728e+06,20,ACK,14
9.94733e+06,3,QOSDATA_TID6,1066
9.94751e+06,20,ACK,14
9.94756e+06,3,CTL,20
9.94764e+06,12,RTS,20
9.94764e+06,13,RTS,20
9.94771e+06,20,CTS,14
9.94777e+06,12,QOSDATA_TID6,1066
9.94795e+06,20,ACK,14
9.948e+06,12,CTL,20
9.94808e+06,0,RTS,20
9.94815e+06,20,CTS,14
9.94821e+06,0,QOSDATA_TID6,1066
9.9484e+06,20,ACK,14
9.94844e+06,0,CTL,20
9.94853e+06,10,RTS,20
9.94853e+06,7,RTS,20
9.94853e+06,19,RTS,20
9.94862e+06,20,BEACON,152
9.94888e+06,19,RTS,20
9.94894e+06,20,CTS,14
9.949e+06,19,QOSDATA_TID6,1066
9.94919e+06,20,ACK,14
9.94923e+06,19,CTL,20
9.94932e+06,11,RTS,20
9.94932e+06,9,RTS,20
9.94942e+06,6,RTS,20
9.94948e+06,20,CTS,14
9.94954e+06,6,QOSDATA_TID6,1066
9.94973e+06,20,ACK,14
9.94977e+06,6,QOSDATA_TID6,1066
9.94996e+06,20,ACK,14
9.95e+06,6,QOSDATA_TID6,1066
9.95018e+06,20,ACK,14
9.95023e+06,6,CTL,20
9.95032e+06,18,RTS,20
9.95032e+06,15,RTS,20
9.95032e+06,5,RTS,20
9.95038e+06,20,CTS,14
9.95044e+06,5,QOSDATA_TID6,1066
9.95063e+06,20,ACK,14
9.95067e+06,5,CTL,20
9.95076e+06,2,RTS,20
9.95076e+06,4,RTS,20
9.95082e+06,20,CTS,14
9.95088e+06,2,QOSDATA_TID6,1066
9.95107e+06,20,ACK,14
9.95111e+06,2,QOSDATA_TID6,1066
9.9513e+06,20,ACK,14
9.95134e+06,2,CTL,20
9.95143e+06,8,RTS,20
9.95143e+06,17,RTS,20
9.95143e+06,15,RTS,20
9.95154e+06,1,RTS,20
9.9516e+06,20,CTS,14
9.95166e+06,1,QOSDATA_TID6,1066
9.95185e+06,20,ACK,14
9.95189e+06,1,QOSDATA_TID6,1066
9.95208e+06,20,ACK,14
9.95212e+06,1,CTL,20
9.9522e+06,8,RTS,20
9.9522e+06,9,RTS,20
9.95227e+06,20,CTS,14
9.95233e+06,8,QOSDATA_TID6,1066
9.95252e+06,20,ACK,14
9.95256e+06,8,QOSDATA_TID6,1066
9.95274e+06,20,ACK,14
9.95279e+06,8,CTL,20
9.95288e+06,14,RTS,20
9.95294e+06,20,CTS,14
9.953e+06,14,QOSDATA_TID6,1066
9.95319e+06,20,ACK,14
9.95323e+06,14,CTL,20
9.95332e+06,7,RTS,20
9.95338e+06,20,CTS,14
9.95344e+06,7,QOSDATA_TID6,1066
9.95363e+06,20,ACK,14
9.95367e+06,7,QOSDATA_TID6,1066
9.95386e+06,20,ACK,14
9.9539e+06,7,QOSDATA_TID6,1066
9.95408e+06,20,ACK,14
9.95413e+06,7,CTL,20
9.95422e+06,17,RTS,20
9.95422e+06,4,RTS,20
9.95422e+06,10,RTS,20
9.95428e+06,20,CTS,14
9.95434e+06,17,QOSDATA_TID6,1066
9.95453e+06,20,ACK,14
9.95457e+06,17,CTL,20
9.95467e+06,16,RTS,20
9.95467e+06,3,RTS,20
9.95467e+06,18,RTS,20
9.95467e+06,13,RTS,20
9.95476e+06,12,RTS,20
9.95483e+06,20,CTS,14
9.95489e+06,12,QOSDATA_TID6,1066
9.95508e+06,20,ACK,14
9.95512e+06,12,CTL,20
9.95521e+06,6,RTS,20
9.95527e+06,20,CTS,14
9.95533e+06,6,QOSDATA_TID6,1066
9.95552e+06,20,ACK,14
9.95556e+06,6,CTL,20
9.95566e+06,0,RTS,20
9.95566e+06,15,RTS,20
9.95566e+06,1,RTS,20
9.95566e+06,13,RTS,20
9.95566e+06,19,RTS,20
9.95566e+06,11,RTS,20
9.95566e+06,4,RTS,20
9.95576e+06,10,RTS,20
9.95583e+06,20,CTS,14
9.95589e+06,10,QOSDATA_TID6,1066
9.95608e+06,20,ACK,14
9.95612e+06,10,QOSDATA_TID6,1066
9.9563e+06,20,ACK,14
9.95635e+06,10,CTL,20
9.95643e+06,3,RTS,20
9.95643e+06,5,RTS,20
9.95643e+06,19,RTS,20
9.9565e+06,20,CTS,14
9.95656e+06,5,QOSDATA_TID6,1066
9.95675e+06,20,ACK,14
9.95679e+06,5,CTL,20
9.95688e+06,17,RTS,20
9.95688e+06,2,RTS,20
9.95694e+06,20,CTS,14
9.957e+06,17,QOSDATA_TID6,1066
9.95719e+06,20,ACK,14
9.95723e+06,17,CTL,20
9.95734e+06,2,RTS,20
9.95734e+06,3,RTS,20
9.95734e+06,9,RTS,20
9.95734e+06,10,RTS,20
9.95743e+06,13,RTS,20
9.95743e+06,4,RTS,20
9.95755e+06,2,RTS,20
9.95755e+06,18,RTS,20
9.95766e+06,15,RTS,20
9.95766e+06,16,RTS,20
9.95766e+06,4,RTS,20
9.95776e+06,19,RTS,20
9.95783e+06,20,CTS,14
9.95789e+06,19,QOSDATA_TID6,1066
9.95808e+06,20,ACK,14
9.95812e+06,19,CTL,20
9.95822e+06,1,RTS,20
9.95828e+06,20,CTS,14
9.95834e+06,1,QOSDATA_TID6,1066
9.95853e+06,20,ACK,14
9.95857e+06,1,CTL,20
9.95866e+06,8,RTS,20
9.95872e+06,20,CTS,14
9.95878e+06,8,QOSDATA_TID6,1066
9.95897e+06,20,ACK,14
9.95901e+06,8,CTL,20
9.9591e+06,4,RTS,20
9.9591e+06,0,RTS,20
9.9591e+06,18,RTS,20
9.9591e+06,13,RTS,20
9.95921e+06,15,RTS,20
9.95921e+06,3,RTS,20
9.95921e+06,9,RTS,20
9.95931e+06,18,RTS,20
9.95931e+06,11,RTS,20
9.95944e+06,15,RTS,20
9.95951e+06,20,CTS,14
9.95957e+06,15,QOSDATA_TID6,1066
9.95975e+06,20,ACK,14
9.95979e+06,15,QOSDATA_TID6,1066
9.95998e+06,20,ACK,14
9.96002e+06,15,CTL,20
9.96012e+06,11,RTS,20
9.96019e+06,20,CTS,14
9.96025e+06,11,QOSDATA_TID6,1066
9.96043e+06,20,ACK,14
9.96047e+06,11,QOSDATA_TID6,1066
9.96066e+06,20,ACK,14
9.9607e+06,11,CTL,20
9.96079e+06,16,RTS,20
9.96079e+06,2,RTS,20
9.96079e+06,10,RTS,20
9.9609e+06,18,RTS,20
9.9609e+06,14,RTS,20
9.96103e+06,4,RTS,20
9.9611e+06,20,CTS,14
9.96116e+06,4,QOSDATA_TID6,1066
9.96134e+06,20,ACK,14
9.96138e+06,4,QOSDATA_TID6,1066
9.96157e+06,20,ACK,14
9.96161e+06,4,CTL,20
9.96171e+06,16,RTS,20
9.96171e+06,3,RTS,20
9.96185e+06,14,RTS,20
9.96192e+06,20,CTS,14
9.96198e+06,14,QOSDATA_TID6,1066
9.96216e+06,20,ACK,14
9.96221e+06,14,CTL,20
9.9623e+06,3,RTS,20
9.96237e+06,20,CTS,14
9.96243e+06,3,QOSDATA_TID6,1066
9.96261e+06,20,ACK,14
9.96266e+06,3,QOSDATA_TID6,1066
9.96284e+06,20,ACK,14
9.96289e+06,3,CTL,20
9.96297e+06,19,RTS,20
9.96297e+06,0,CTS,14
9.96297e+06,12,RTS,20
9.96297e+06,11,RTS,20
9.96297e+06,7,RTS,20
9.96297e+06,13,RTS,20
9.96308e+06,0,RTS,20
9.96314e+06,20,CTS,14
9.9632e+06,0,QOSDATA_TID6,1066
9.96339e+06,20,ACK,14
9.96343e+06,0,QOSDATA_TID6,1066
9.96362e+06,20,ACK,14
9.96366e+06,0,CTL,20
9.96375e+06,12,RTS,20
9.96375e+06,9,RTS,20
9.96381e+06,20,CTS,14
9.96387e+06,12,QOSDATA_TID6,1066
9.96406e+06,20,ACK,14
9.9641e+06,12,CTL,20
9.96419e+06,6,RTS,20
9.96426e+06,20,CTS,14
9.96432e+06,6,QOSDATA_TID6,1066
9.9645e+06,20,ACK,14
9.96454e+06,6,CTL,20
9.96463e+06,15,RTS,20
9.96463e+06,19,RTS,20
9.96463e+06,11,RTS,20
9.96475e+06,7,RTS,20
9.96475e+06,18,RTS,20
9.96481e+06,20,CTS,14
9.96487e+06,7,QOSDATA_TID6,1066
9.96506e+06,20,ACK,14
9.9651e+06,7,CTL,20
9.96519e+06,4,RTS,20
9.96526e+06,20,CTS,14
9.96532e+06,4,QOSDATA_TID6,1066
9.9655e+06,20,ACK,14
9.96554e+06,4,CTL,20
9.96563e+06,16,RTS,20
9.96563e+06,1,RTS,20
9.96563e+06,17,RTS,20
9.96563e+06,19,RTS,20
9.96574e+06,2,RTS,20
9.96574e+06,9,RTS,20
9.9658e+06,20,CTS,14
9.96586e+06,2,QOSDATA_TID6,1066
9.96605e+06,20,ACK,14
9.96609e+06,2,QOSDATA_TID6,1066
9.96628e+06,20,ACK,14
9.96632e+06,2,CTL,20
9.96641e+06,10,RTS,20
9.96641e+06,1,RTS,20
9.96641e+06,15,RTS,20
9.96641e+06,13,RTS,20
9.96654e+06,1,RTS,20
9.96661e+06,20,CTS,14
9.96667e+06,1,QOSDATA_TID6,1066
9.96685e+06,20,ACK,14
9.96689e+06,1,CTL,20
9.96699e+06,8,RTS,20
9.96699e+06,17,RTS,20
9.96699e+06,9,RTS,20
9.96709e+06,5,RTS,20
9.96716e+06,20,CTS,14
9.96722e+06,5,QOSDATA_TID6,1066
9.9674e+06,20,ACK,14
9.96744e+06,5,CTL,20
9.96753e+06,8,RTS,20
9.96753e+06,19,RTS,20
9.9676e+06,20,CTS,14
9.96766e+06,8,QOSDATA_TID6,1066
9.96784e+06,20,ACK,14
9.96789e+06,8,CTL,20
9.96797e+06,17,RTS,20
9.96797e+06,11,RTS,20
9.96797e+06,13,RTS,20
9.96804e+06,20,CTS,14
9.9681e+06,17,QOSDATA_TID6,1066
9.96828e+06,20,ACK,14
9.96833e+06,17,CTL,20
9.96841e+06,9,RTS,20
9.96848e+06,20,CTS,14
9.96854e+06,9,QOSDATA_TID6,1066
9.96873e+06,20,ACK,14
9.96877e+06,9,QOSDATA_TID6,1066
9.96895e+06,20,ACK,14
9.969e+06,9,QOSDATA_TID6,1066
9.96918e+06,20,ACK,14
9.96923e+06,9,CTL,20
9.96931e+06,15,RTS,20
9.96938e+06,20,CTS,14
9.96944e+06,15,QOSDATA_TID6,1066
9.96962e+06,20,ACK,14
9.96967e+06,15,CTL,20
9.96975e+06,14,RTS,20
9.96982e+06,20,CTS,14
9.96988e+06,14,QOSDATA_TID6,1066
9.97007e+06,20,ACK,14
9.97011e+06,14,CTL,20
9.9702e+06,0,RTS,20
9.9702e+06,13,RTS,20
9.9702e+06,18,RTS,20
9.9702e+06,7,RTS,20
9.9702e+06,10,RTS,20
9.9702e+06,9,RTS,20
9.97029e+06,16,RTS,20
9.97036e+06,20,CTS,14
9.97042e+06,16,QOSDATA_TID6,1066
9.97061e+06,20,ACK,14
9.97065e+06,16,QOSDATA_TID6,1066
9.97083e+06,20,ACK,14
9.97088e+06,16,QOSDATA_TID6,1066
9.97106e+06,20,ACK,14
9.97111e+06,16,CTL,20
9.97119e+06,1,RTS,20
9.97119e+06,0,RTS,20
9.97119e+06,6,RTS,20
9.97129e+06,3,RTS,20
9.97136e+06,20,CTS,14
9.97142e+06,3,QOSDATA_TID6,1066
9.9716e+06,20,ACK,14
9.97165e+06,3,CTL,20
9.97173e+06,18,RTS,20
9.97173e+06,13,RTS,20
9.97184e+06,17,RTS,20
9.97191e+06,20,CTS,14
9.97197e+06,17,QOSDATA_TID6,1066
9.97215e+06,20,ACK,14
9.9722e+06,17,CTL,20
9.97228e+06,19,RTS,20
9.97235e+06,20,CTS,14
9.97241e+06,19,QOSDATA_TID6,1066
9.97259e+06,20,ACK,14
9.97264e+06,19,QOSDATA_TID6,1066
9.97282e+06,20,ACK,14
9.97286e+06,19,CTL,20
9.97295e+06,9,RTS,20
9.97295e+06,4,RTS,20
9.97295e+06,13,RTS,20
9.97295e+06,15,RTS,20
9.97306e+06,12,RTS,20
9.97306e+06,1,RTS,20
9.97306e+06,0,CTS,14
9.97316e+06,11,RTS,20
9.97323e+06,20,CTS,14
9.97329e+06,11,QOSDATA_TID6,1066
9.97348e+06,20,ACK,14
9.97352e+06,11,QOSDATA_TID6,1066
9.9737e+06,20,ACK,14
9.97375e+06,11,CTL,20
9.97384e+06,12,RTS,20
9.97384e+06,9,RTS,20
9.9739e+06,20,CTS,14
9.97396e+06,12,QOSDATA_TID6,1066
9.97415e+06,20,ACK,14
9.97419e+06,12,CTL,20
9.97429e+06,2,RTS,20
9.97435e+06,20,CTS,14
9.97441e+06,2,QOSDATA_TID6,1066
9.9746e+06,20,ACK,14
9.97464e+06,2,CTL,20
9.97473e+06,5,RTS,20
9.97473e+06,13,RTS,20
9.9748e+06,20,CTS,14
9.97486e+06,5,QOSDATA_TID6,1066
9.97504e+06,20,ACK,14
9.97508e+06,5,CTL,20
9.97517e+06,6,RTS,20
9.97524e+06,20,CTS,14
9.9753e+06,6,QOSDATA_TID6,1066
9.97548e+06,20,ACK,14
9.97553e+06,6,CTL,20
9.97562e+06,14,RTS,20
9.97562e+06,18,RTS,20
9.97562e+06,10,RTS,20
9.97562e+06,7,RTS,20
9.97562e+06,8,RTS,20
9.97573e+06,4,RTS,20
9.9758e+06,20,CTS,14
9.97586e+06,4,QOSDATA_TID6,1066
9.97604e+06,20,ACK,14
9.97608e+06,4,CTL,20
9.97617e+06,9,RTS,20
9.97624e+06,20,CTS,14
9.9763e+06,9,QOSDATA_TID6,1066
9.97648e+06,20,ACK,14
9.97653e+06,9,CTL,20
9.97661e+06,16,RTS,20
9.97668e+06,20,CTS,14
9.97674e+06,16,QOSDATA_TID6,1066
9.97692e+06,20,ACK,14
9.97697e+06,16,CTL,20
9.97706e+06,15,RTS,20
9.97713e+06,20,CTS,14
9.97719e+06,15,QOSDATA_TID6,1066
9.97738e+06,20,ACK,14
9.97742e+06,15,CTL,20
9.97751e+06,13,RTS,20
9.97751e+06,0,RTS,20
9.97751e+06,8,RTS,20
9.97751e+06,18,RTS,20
9.97751e+06,1,RTS,20
9.97762e+06,7,RTS,20
9.97762e+06,14,RTS,20
9.97769e+06,20,CTS,14
9.97775e+06,7,QOSDATA_TID6,1066
9.97793e+06,20,ACK,14
9.97798e+06,7,QOSDATA_TID6,1066
9.97816e+06,20,ACK,14
9.97821e+06,7,CTL,20
9.97829e+06,14,RTS,20
9.97829e+06,18,RTS,20
9.97839e+06,12,RTS,20
9.97846e+06,20,CTS,14
9.97852e+06,12,QOSDATA_TID6,1066
9.9787e+06,20,ACK,14
9.97875e+06,12,CTL,20
9.97883e+06,8,RTS,20
9.9789e+06,20,CTS,14
9.97896e+06,8,QOSDATA_TID6,1066
9.97914e+06,20,ACK,14
9.97919e+06,8,CTL,20
9.97927e+06,13,RTS,20
9.97927e+06,10,RTS,20
9.97927e+06,14,RTS,20
9.97937e+06,17,RTS,20
9.97937e+06,19,RTS,20
9.97944e+06,20,CTS,14
9.9795e+06,17,QOSDATA_TID6,1066
9.97968e+06,20,ACK,14
9.97973e+06,17,CTL,20
9.97981e+06,1,RTS,20
9.97981e+06,11,RTS,20
9.97981e+06,14,RTS,20
9.97991e+06,10,RTS,20
9.97998e+06,20,CTS,14
9.98004e+06,10,QOSDATA_TID6,1066
9.98022e+06,20,ACK,14
9.98027e+06,10,QOSDATA_TID6,1066
9.98045e+06,20,ACK,14
9.9805e+06,10,QOSDATA_TID6,1066
9.98068e+06,20,ACK,14
9.98072e+06,10,QOSDATA_TID6,1066
9.98091e+06,20,ACK,14
9.98095e+06,10,CTL,20
9.98104e+06,9,RTS,20
9.98104e+06,3,RTS,20
9.98114e+06,5,RTS,20
9.9812e+06,20,CTS,14
9.98126e+06,5,QOSDATA_TID6,1066
9.98145e+06,20,ACK,14
9.98149e+06,5,CTL,20
9.98158e+06,2,RTS,20
9.98158e+06,3,RTS,20
9.98158e+06,0,RTS,20
9.98158e+06,9,RTS,20
9.98158e+06,6,RTS,20
9.98158e+06,15,RTS,20
9.98168e+06,19,RTS,20
9.98174e+06,20,CTS,14
9.9818e+06,19,QOSDATA_TID6,1066
9.98199e+06,20,ACK,14
9.98203e+06,19,CTL,20
9.98212e+06,11,RTS,20
9.98212e+06,3,RTS,20
9.98212e+06,4,RTS,20
9.98212e+06,13,RTS,20
9.98222e+06,6,RTS,20
9.98228e+06,20,CTS,14
9.98234e+06,6,QOSDATA_TID6,1066
9.98253e+06,20,ACK,14
9.98257e+06,6,CTL,20
9.98266e+06,8,RTS,20
9.98273e+06,20,CTS,14
9.98279e+06,8,QOSDATA_TID6,1066
9.98297e+06,20,ACK,14
9.98302e+06,8,CTL,20
9.9831e+06,3,RTS,20
9.9831e+06,9,RTS,20
9.9831e+06,14,RTS,20
9.9832e+06,18,RTS,20
9.9832e+06,1,RTS,20
9.98327e+06,20,CTS,14
9.98333e+06,1,QOSDATA_TID6,1066
9.98351e+06,20,ACK,14
9.98356e+06,1,QOSDATA_TID6,1066
9.98374e+06,20,ACK,14
9.98378e+06,1,CTL,20
9.98388e+06,13,RTS,20
9.98395e+06,20,CTS,14
9.98401e+06,13,QOSDATA_TID6,1066
9.98419e+06,20,ACK,14
9.98423e+06,13,QOSDATA_TID6,1066
9.98442e+06,20,ACK,14
9.98446e+06,13,QOSDATA_TID6,1066
9.98465e+06,20,ACK,14
9.98469e+06,13,CTL,20
9.98478e+06,15,RTS,20
9.98478e+06,11,RTS,20
9.98478e+06,18,RTS,20
9.98478e+06,3,RTS,20
9.98489e+06,2,RTS,20
9.98496e+06,20,CTS,14
9.98502e+06,2,QOSDATA_TID6,1066
9.9852e+06,20,ACK,14
9.98525e+06,2,CTL,20
9.98534e+06,0,RTS,20
9.98534e+06,4,RTS,20
9.98541e+06,20,CTS,14
9.98547e+06,0,QOSDATA_TID6,1066
9.98566e+06,20,ACK,14
9.9857e+06,0,QOSDATA_TID6,1066
9.98588e+06,20,ACK,14
9.98593e+06,0,QOSDATA_TID6,1066
9.98611e+06,20,ACK,14
9.98616e+06,0,CTL,20
9.98625e+06,7,RTS,20
9.98625e+06,13,RTS,20
9.98632e+06,20,CTS,14
9.98638e+06,7,QOSDATA_TID6,1066
9.98656e+06,20,ACK,14
9.98661e+06,7,CTL,20
9.9867e+06,9,RTS,20
9.98677e+06,20,CTS,14
9.98683e+06,9,QOSDATA_TID6,1066
9.98701e+06,20,ACK,14
9.98706e+06,9,QOSDATA_TID6,1066
9.98724e+06,20,ACK,14
9.98728e+06,9,CTL,20
9.98737e+06,12,RTS,20
9.98744e+06,20,CTS,14
9.9875e+06,12,QOSDATA_TID6,1066
9.98768e+06,20,ACK,14
9.98773e+06,12,CTL,20
9.98781e+06,16,RTS,20
9.98781e+06,14,RTS,20
9.98792e+06,3,RTS,20
9.98799e+06,20,CTS,14
9.98805e+06,3,QOSDATA_TID6,1066
9.98823e+06,20,ACK,14
9.98828e+06,3,QOSDATA_TID6,1066
9.98846e+06,20,ACK,14
9.9885e+06,3,CTL,20
9.9886e+06,19,RTS,20
9.9886e+06,13,RTS,20
9.9887e+06,4,RTS,20
9.98876e+06,20,CTS,14
9.98882e+06,4,QOSDATA_TID6,1066
9.98901e+06,20,ACK,14
9.98905e+06,4,QOSDATA_TID6,1066
9.98924e+06,20,ACK,14
9.98928e+06,4,CTL,20
9.98937e+06,2,RTS,20
9.98944e+06,20,CTS,14
9.9895e+06,2,QOSDATA_TID6,1066
9.98968e+06,20,ACK,14
9.98972e+06,2,CTL,20
9.98981e+06,10,RTS,20
9.98981e+06,6,RTS,20
9.98988e+06,20,CTS,14
9.98994e+06,6,QOSDATA_TID6,1066
9.99012e+06,20,ACK,14
9.99017e+06,6,CTL,20
9.99026e+06,18,RTS,20
9.99026e+06,5,RTS,20
9.99026e+06,17,RTS,20
9.99026e+06,1,RTS,20
9.99026e+06,19,RTS,20
9.99038e+06,15,RTS,20
9.99038e+06,14,RTS,20
9.99048e+06,19,RTS,20
9.99048e+06,11,RTS,20
9.99058e+06,15,RTS,20
9.99065e+06,20,CTS,14
9.99071e+06,15,QOSDATA_TID6,1066
9.99089e+06,20,ACK,14
9.99094e+06,15,QOSDATA_TID6,1066
9.99112e+06,20,ACK,14
9.99117e+06,15,CTL,20
9.99125e+06,8,RTS,20
9.99132e+06,20,CTS,14
9.99138e+06,8,QOSDATA_TID6,1066
9.99156e+06,20,ACK,14
9.99161e+06,8,CTL,20
9.99169e+06,16,RTS,20
9.99169e+06,14,RTS,20
9.99181e+06,13,RTS,20
9.99188e+06,20,CTS,14
9.99194e+06,13,QOSDATA_TID6,1066
9.99212e+06,20,ACK,14
9.99217e+06,13,CTL,20
9.99226e+06,17,RTS,20
9.99233e+06,20,CTS,14
9.99239e+06,17,QOSDATA_TID6,1066
9.99257e+06,20,ACK,14
9.99262e+06,17,CTL,20
9.99271e+06,10,RTS,20
9.99271e+06,14,RTS,20
9.99281e+06,5,RTS,20
9.99281e+06,1,RTS,20
9.99288e+06,20,CTS,14
9.99294e+06,5,QOSDATA_TID6,1066
9.99312e+06,20,ACK,14
9.99317e+06,5,CTL,20
9.99326e+06,19,RTS,20
9.99326e+06,14,RTS,20
9.99333e+06,20,CTS,14
9.99339e+06,19,QOSDATA_TID6,1066
9.99357e+06,20,ACK,14
9.99362e+06,19,CTL,20
9.99371e+06,7,RTS,20
9.99371e+06,18,RTS,20
9.99371e+06,13,RTS,20
9.99384e+06,14,RTS,20
9.9939e+06,20,CTS,14
9.99396e+06,14,QOSDATA_TID6,1066
9.99415e+06,20,ACK,14
9.99419e+06,14,QOSDATA_TID6,1066
9.99438e+06,20,ACK,14
9.99442e+06,14,CTL,20
9.99451e+06,12,RTS,20
9.99451e+06,9,RTS,20
9.99458e+06,20,CTS,14
9.99464e+06,12,QOSDATA_TID6,1066
9.99482e+06,20,ACK,14
9.99486e+06,12,CTL,20
9.99496e+06,19,RTS,20
9.99496e+06,3,RTS,20
9.99503e+06,20,CTS,14
9.99509e+06,19,QOSDATA_TID6,1066
9.99527e+06,20,ACK,14
9.99531e+06,19,CTL,20
9.9954e+06,17,RTS,20
9.9954e+06,3,RTS,20
9.99547e+06,20,CTS,14
9.99553e+06,17,QOSDATA_TID6,1066
9.99571e+06,20,ACK,14
9.99576e+06,17,CTL,20
9.99585e+06,0,RTS,20
9.99585e+06,6,RTS,20
9.99596e+06,18,RTS,20
9.99603e+06,20,CTS,14
9.99609e+06,18,QOSDATA_TID6,1066
9.99627e+06,20,ACK,14
9.99631e+06,18,QOSDATA_TID6,1066
9.9965e+06,20,ACK,14
9.99654e+06,18,QOSDATA_TID6,1066
9.99673e+06,20,ACK,14
9.99677e+06,18,QOSDATA_TID6,1066
9.99695e+06,20,ACK,14
9.997e+06,18,CTL,20
9.99708e+06,3,RTS,20
9.99708e+06,9,RTS,20
9.99708e+06,11,RTS,20
9.99708e+06,16,RTS,20
9.99708e+06,13,RTS,20
9.99708e+06,4,RTS,20
9.99718e+06,2,RTS,20
9.99718e+06,10,RTS,20
9.99725e+06,20,CTS,14
9.99731e+06,2,QOSDATA_TID6,1066
9.99749e+06,20,ACK,14
9.99754e+06,2,CTL,20
9.99762e+06,3,RTS,20
9.99762e+06,7,RTS,20
9.99762e+06,11,RTS,20
9.99769e+06,20,CTS,14
9.99775e+06,7,QOSDATA_TID6,1066
9.99794e+06,20,ACK,14
9.99798e+06,7,CTL,20
9.99808e+06,1,RTS,20
9.99808e+06,11,RTS,20
9.99808e+06,15,RTS,20
9.99808e+06,0,RTS,20
9.99817e+06,3,RTS,20
9.99817e+06,9,RTS,20
9.99828e+06,10,RTS,20
9.99828e+06,11,RTS,20
9.99841e+06,10,RTS,20
9.99841e+06,11,RTS,20
9.99855e+06,11,RTS,20
9.99856e+06,15,RTS,20
9.99866e+06,18,RTS,20
9.99866e+06,3,RTS,20
9.99877e+06,8,RTS,20
9.99884e+06,20,CTS,14
9.9989e+06,8,QOSDATA_TID6,1066
9.99908e+06,20,ACK,14
9.99912e+06,8,CTL,20
9.99921e+06,16,RTS,20
9.99928e+06,20,CTS,14
9.99934e+06,16,QOSDATA_TID6,1066
9.99952e+06,20,ACK,14
9.99957e+06,16,QOSDATA_TID6,1066
9.99975e+06,20,ACK,14
9.9998e+06,16,CTL,20
9.99988e+06,5,RTS,20
9.99988e+06,3,RTS,20
9.99988e+06,15,RTS,20
9.99988e+06,14,RTS,20
9.99995e+06,20,CTS,14
