==============================================================================================================
  MAC Delay Percentile Statistics
  dataRate=1Mbps  runs=10 (averaged)
  Generated: 2026-04-28 22:33:34
==============================================================================================================

        nSta       ratio         P50         P95         P99       P99.9
  ------------------------------------------------------------------------
           2          0%       357.5       517.5       547.5       612.5
           2         20%       357.5       517.5       547.5       612.5
           2         40%       357.5       517.5       547.5       612.5
           2         60%       357.5       517.5       547.5       612.5
           2         80%       357.5       517.5       547.5       612.5
           2        100%       357.5       517.5       547.5       612.5

           3          0%       357.5       677.5       802.5       812.5
           3         20%       357.5       677.5       802.5       812.5
           3         40%       357.5       677.5       802.5       812.5
           3         60%       357.5       677.5       802.5       812.5
           3         80%       357.5       677.5       802.5       812.5
           3        100%       357.5       677.5       802.5       812.5

           4          0%       357.5       732.5      1162.5      1412.5
           4         20%       357.5       732.5      1162.5      1412.5
           4         40%       357.5       732.5      1162.5      1412.5
           4         60%       357.5       732.5      1162.5      1522.5
           4         80%       357.5       732.5      1162.5      1362.5
           4        100%       357.5       732.5      1162.5      1362.5

           5          0%       357.5       717.5       757.5       962.5
           5         20%       357.5       717.5       757.5       962.5
           5         40%       357.5       717.5       757.5       962.5
           5         60%       357.5       717.5       757.5       962.5
           5         80%       357.5       717.5       757.5       962.5
           5        100%       357.5       717.5       757.5       962.5

           6          0%       357.5       747.5      1412.5      1882.5
           6         20%       357.5       747.5      1417.5      1882.5
           6         40%       357.5       747.5      1422.5      1882.5
           6         60%       357.5       772.5      1417.5      1892.5
           6         80%       357.5       777.5      1417.5      1892.5
           6        100%       357.5       742.5      1417.5      1892.5

           7          0%       357.5       802.5      1232.5      1937.5
           7         20%       357.5       802.5      1232.5      1937.5
           7         40%       357.5       802.5      1227.5      1937.5
           7         60%       357.5       802.5      1227.5      1922.5
           7         80%       357.5       802.5      1232.5      1842.5
           7        100%       357.5       802.5      1227.5      1827.5

           8          0%       357.5       947.5      1512.5      2277.5
           8         20%       357.5       947.5      1507.5      2277.5
           8         40%       357.5       952.5      1517.5      2292.5
           8         60%       357.5       957.5      1512.5      2292.5
           8         80%       357.5       962.5      1512.5      2297.5
           8        100%       357.5       957.5      1512.5      2297.5

           9          0%       357.5      1202.5      1837.5      2322.5
           9         20%       357.5      1202.5      1832.5      2327.5
           9         40%       357.5      1202.5      1842.5      2652.5
           9         60%       357.5      1202.5      1852.5      3567.5
           9         80%       357.5      1202.5      1847.5      3552.5
           9        100%       357.5      1202.5      1852.5      3627.5

          10          0%       362.5      1262.5      1817.5      2807.5
          10         20%       362.5      1262.5      1832.5      2802.5
          10         40%       362.5      1262.5      1837.5      2932.5
          10         60%       362.5      1262.5      1857.5      3872.5
          10         80%       362.5      1262.5      1862.5      4282.5
          10        100%       362.5      1262.5      1862.5      4357.5

          11          0%       382.5      1367.5      2127.5      2557.5
          11         20%       382.5      1367.5      2137.5      2607.5
          11         40%       382.5      1367.5      2137.5      2637.5
          11         60%       382.5      1372.5      2147.5      2777.5
          11         80%       382.5      1367.5      2157.5      3432.5
          11        100%       382.5      1377.5      2157.5      3892.5

          12          0%       502.5      1752.5      3062.5      4137.5
          12         20%       502.5      1767.5      3107.5      4402.5
          12         40%       502.5      1757.5      3202.5      4462.5
          12         60%       502.5      1762.5      3327.5      4742.5
          12         80%       502.5      1792.5      3397.5      4757.5
          12        100%       502.5      1807.5      3497.5      4907.5

          13          0%       542.5      2152.5      3557.5      5012.5
          13         20%       542.5      2172.5      3637.5      5152.5
          13         40%       542.5      2182.5      3672.5      5107.5
          13         60%       542.5      2187.5      3682.5      5167.5
          13         80%       542.5      2202.5      3772.5      5292.5
          13        100%       542.5      2212.5      3802.5      5287.5

          14          0%       702.5      2922.5      4372.5      5312.5
          14         20%       707.5      2977.5      4427.5      5427.5
          14         40%       707.5      3007.5      4607.5      5987.5
          14         60%       712.5      3017.5      4697.5      6162.5
          14         80%       712.5      3062.5      4797.5      6307.5
          14        100%       717.5      3137.5      4867.5      6427.5

          15          0%       757.5      2807.5      4802.5      6537.5
          15         20%       762.5      2857.5      4867.5      6537.5
          15         40%       762.5      2952.5      5017.5      6637.5
          15         60%       762.5      2987.5      5152.5      6672.5
          15         80%       752.5      3052.5      5287.5      6922.5
          15        100%       767.5      3172.5      5327.5      6892.5

          16          0%       957.5      3792.5      5937.5      7822.5
          16         20%       982.5      4072.5      6372.5      7977.5
          16         40%      1032.5      4492.5      6762.5      8122.5
          16         60%      1077.5      4927.5      7087.5      8197.5
          16         80%      1122.5      5282.5      7302.5      8287.5
          16        100%      1177.5      5572.5      7432.5      8322.5

          17          0%      1542.5      6677.5      8102.5     11797.5
          17         20%      1622.5      6827.5      8167.5     12377.5
          17         40%      1692.5      6917.5      8217.5     12637.5
          17         60%      1802.5      7092.5      8277.5     13552.5
          17         80%      1862.5      7147.5      8277.5     13872.5
          17        100%      1982.5      7237.5      8297.5     14357.5

          18          0%      1787.5      7427.5     10207.5     15667.5
          18         20%      1807.5      7417.5      9977.5     16042.5
          18         40%      1937.5      7567.5     10712.5     16517.5
          18         60%      1967.5      7512.5     10247.5     16712.5
          18         80%      2142.5      7652.5     10932.5     17707.5
          18        100%      2162.5      7562.5      9972.5     16902.5

          19          0%      1982.5      7902.5     12572.5     18897.5
          19         20%      2077.5      7967.5     12957.5     19127.5
          19         40%      2187.5      8002.5     13172.5     19627.5
          19         60%      2192.5      7837.5     12447.5     18812.5
          19         80%      2287.5      7842.5     12362.5     19127.5
          19        100%      2412.5      7917.5     13002.5     20472.5

          20          0%      1952.5      8062.5     13637.5     20072.5
          20         20%      2127.5      8222.5     14617.5     21007.5
          20         40%      2117.5      8107.5     14152.5     20282.5
          20         60%      2187.5      8017.5     13662.5     20107.5
          20         80%      2212.5      7927.5     13157.5     20262.5
          20        100%      2362.5      8057.5     14397.5     21707.5

          21          0%      1977.5      8287.5     14722.5     21192.5
          21         20%      2057.5      8247.5     14832.5     21692.5
          21         40%      2102.5      8207.5     14767.5     21797.5
          21         60%      2252.5      8247.5     15177.5     22252.5
          21         80%      2282.5      8237.5     15517.5     23177.5
          21        100%      2317.5      8112.5     15217.5     22767.5

          22          0%      2157.5      9197.5     16077.5     22982.5
          22         20%      2257.5      9392.5     16522.5     23557.5
          22         40%      2292.5      9032.5     16587.5     23387.5
          22         60%      2317.5      8312.5     15642.5     22822.5
          22         80%      2377.5      8277.5     15752.5     22882.5
          22        100%      2322.5      8107.5     15012.5     22692.5

          23          0%      2272.5     10437.5     17557.5     24072.5
          23         20%      2217.5      9192.5     16437.5     23202.5
          23         40%      2382.5      9587.5     17242.5     24532.5
          23         60%      2427.5      8622.5     16412.5     23857.5
          23         80%      2447.5      8542.5     16727.5     24262.5
          23        100%      2467.5      8342.5     17137.5     25427.5

          24          0%      2452.5     11472.5     18322.5     25532.5
          24         20%      2447.5     10972.5     18137.5     25642.5
          24         40%      2542.5     10902.5     18292.5     25537.5
          24         60%      2397.5      9302.5     17267.5     25017.5
          24         80%      2502.5      9432.5     17697.5     25212.5
          24        100%      2457.5      8287.5     16752.5     25067.5

          25          0%      2382.5     11267.5     18252.5     25347.5
          25         20%      2492.5     11432.5     18712.5     25697.5
          25         40%      2487.5     10782.5     18512.5     25602.5
          25         60%      2437.5      9422.5     17382.5     25352.5
          25         80%      2492.5      9147.5     17532.5     25537.5
          25        100%      2512.5      8837.5     18082.5     26897.5

          26          0%      2297.5     10847.5     17852.5     24847.5
          26         20%      2347.5     10772.5     18147.5     25217.5
          26         40%      2432.5     10482.5     18192.5     25542.5
          26         60%      2432.5      9947.5     18412.5     26502.5
          26         80%      2427.5      8882.5     17397.5     25422.5
          26        100%      2507.5      8702.5     17992.5     26387.5

          27          0%      2467.5     12052.5     19137.5     26182.5
          27         20%      2507.5     11657.5     19052.5     26127.5
          27         40%      2457.5     10777.5     18417.5     25897.5
          27         60%      2507.5     10087.5     17992.5     26197.5
          27         80%      2527.5     10437.5     18752.5     26372.5
          27        100%      2507.5      8532.5     17652.5     26332.5

          28          0%      2522.5     12727.5     19982.5     27307.5
          28         20%      2547.5     12347.5     19762.5     26847.5
          28         40%      2462.5     10627.5     18402.5     25897.5
          28         60%      2552.5     11602.5     19657.5     27432.5
          28         80%      2372.5      9262.5     18172.5     26677.5
          28        100%      2487.5      9262.5     18157.5     27027.5

          29          0%      2532.5     12342.5     19502.5     26972.5
          29         20%      2472.5     11177.5     18482.5     25847.5
          29         40%      2492.5     11412.5     19537.5     27882.5
          29         60%      2527.5     10667.5     18692.5     26637.5
          29         80%      2537.5     10127.5     18697.5     26652.5
          29        100%      2407.5      8302.5     16787.5     24857.5

          30          0%      2762.5     13657.5     20922.5     28207.5
          30         20%      2402.5     10967.5     18517.5     25847.5
          30         40%      2497.5     10867.5     18352.5     26087.5
          30         60%      2512.5     10647.5     18912.5     26607.5
          30         80%      2667.5     12137.5     20452.5     28427.5
          30        100%      2582.5     10192.5     19157.5     28167.5

          31          0%      2487.5     12562.5     19887.5     27267.5
          31         20%      2592.5     12632.5     20132.5     28287.5
          31         40%      2457.5     11012.5     18652.5     26327.5
          31         60%      2407.5     10412.5     18772.5     26807.5
          31         80%      2377.5      8492.5     16687.5     24432.5
          31        100%      2422.5      9157.5     18302.5     26812.5

          32          0%      2607.5     12582.5     19677.5     27047.5
          32         20%      2592.5     12092.5     19732.5     27012.5
          32         40%      2622.5     12602.5     20652.5     28147.5
          32         60%      2627.5     12462.5     21057.5     29462.5
          32         80%      2702.5     12252.5     20437.5     29117.5
          32        100%      2517.5      9862.5     19017.5     27887.5

          33          0%      2522.5     12652.5     19982.5     27377.5
          33         20%      2617.5     12617.5     20282.5     28202.5
          33         40%      2652.5     12697.5     20407.5     28582.5
          33         60%      2417.5      9907.5     18567.5     27187.5
          33         80%      2552.5     10882.5     19737.5     29077.5
          33        100%      2582.5     10122.5     19117.5     27577.5

          34          0%      2767.5     13902.5     21252.5     28657.5
          34         20%      2602.5     12502.5     20192.5     27787.5
          34         40%      2582.5     11667.5     19667.5     28042.5
          34         60%      2607.5     11462.5     19472.5     27682.5
          34         80%      2527.5     10607.5     19372.5     26877.5
          34        100%      2497.5      8837.5     17617.5     25932.5

          35          0%      2677.5     13437.5     20717.5     28502.5
          35         20%      2622.5     12292.5     19927.5     27567.5
          35         40%      2752.5     13372.5     21527.5     29602.5
          35         60%      2507.5     11022.5     19272.5     27822.5
          35         80%      2522.5     10337.5     19242.5     27897.5
          35        100%      2497.5      9797.5     18907.5     27552.5

          36          0%      2612.5     13362.5     20832.5     27982.5
          36         20%      2677.5     13402.5     20972.5     28892.5
          36         40%      2607.5     12792.5     20642.5     28722.5
          36         60%      2642.5     12817.5     21232.5     29622.5
          36         80%      2542.5     10417.5     18852.5     27227.5
          36        100%      2522.5      9837.5     18752.5     26772.5

          37          0%      2672.5     13837.5     21227.5     29227.5
          37         20%      2722.5     13422.5     21077.5     28917.5
          37         40%      2602.5     12582.5     20537.5     28462.5
          37         60%      2577.5     11687.5     19597.5     27722.5
          37         80%      2517.5     10737.5     18982.5     27212.5
          37        100%      2517.5     10182.5     19362.5     28432.5

          38          0%      2647.5     13727.5     21117.5     28552.5
          38         20%      2687.5     13392.5     20857.5     28582.5
          38         40%      2632.5     12877.5     20982.5     29007.5
          38         60%      2642.5     12287.5     20602.5     28697.5
          38         80%      2527.5     10037.5     18647.5     27462.5
          38        100%      2537.5     11392.5     20437.5     29477.5

          39          0%      2807.5     13692.5     20987.5     28382.5
          39         20%      2747.5     13447.5     21007.5     28387.5
          39         40%      2587.5     11927.5     19812.5     28092.5
          39         60%      2642.5     12182.5     20447.5     28637.5
          39         80%      2572.5     11032.5     19777.5     27997.5
          39        100%      2662.5     12397.5     21517.5     31737.5

          40          0%      2657.5     13752.5     21307.5     28877.5
          40         20%      2652.5     13017.5     20402.5     27522.5
          40         40%      2422.5     11057.5     19112.5     26912.5
          40         60%      2517.5     11507.5     20057.5     28542.5
          40         80%      2482.5     10742.5     19457.5     28132.5
          40        100%      2432.5      9097.5     18372.5     27017.5

          41          0%      2492.5     12707.5     20232.5     28262.5
          41         20%      2682.5     13562.5     21412.5     29102.5
          41         40%      2577.5     12347.5     20132.5     27397.5
          41         60%      2602.5     11887.5     19977.5     28027.5
          41         80%      2542.5     11547.5     20767.5     30167.5
          41        100%      2507.5      9527.5     18677.5     27387.5

          42          0%      2587.5     12957.5     20502.5     28432.5
          42         20%      2562.5     12222.5     19732.5     27447.5
          42         40%      2622.5     11867.5     19517.5     27362.5
          42         60%      2647.5     11922.5     20027.5     27742.5
          42         80%      2572.5     11087.5     19647.5     27957.5
          42        100%      2447.5      8932.5     18052.5     27002.5

          43          0%      2667.5     13282.5     20812.5     28527.5
          43         20%      2687.5     12777.5     20462.5     28417.5
          43         40%      2712.5     12687.5     20642.5     28697.5
          43         60%      2667.5     12077.5     20137.5     28317.5
          43         80%      2567.5     10942.5     19882.5     29322.5
          43        100%      2502.5     10182.5     19547.5     28377.5

          44          0%      2837.5     14427.5     21662.5     29187.5
          44         20%      2732.5     13237.5     20592.5     27972.5
          44         40%      2627.5     12412.5     20292.5     28222.5
          44         60%      2622.5     11782.5     20312.5     28752.5
          44         80%      2677.5     12127.5     20647.5     29222.5
          44        100%      2667.5     11742.5     21087.5     30427.5

          45          0%      2842.5     14447.5     21847.5     29362.5
          45         20%      2757.5     13772.5     21362.5     29287.5
          45         40%      2762.5     13237.5     21277.5     28782.5
          45         60%      2702.5     12552.5     20912.5     29007.5
          45         80%      2557.5     10837.5     19337.5     27322.5
          45        100%      2427.5      8402.5     17337.5     25972.5

          46          0%      2847.5     14022.5     21327.5     28802.5
          46         20%      2792.5     13282.5     20782.5     27967.5
          46         40%      2752.5     13232.5     21082.5     29697.5
          46         60%      2897.5     13702.5     21837.5     30052.5
          46         80%      2717.5     12162.5     20517.5     28607.5
          46        100%      2557.5      9732.5     18882.5     28097.5

          47          0%      2652.5     13787.5     21432.5     29107.5
          47         20%      2652.5     13497.5     21307.5     29002.5
          47         40%      2642.5     13412.5     21637.5     29697.5
          47         60%      2577.5     12342.5     20797.5     29412.5
          47         80%      2497.5     10672.5     19297.5     27362.5
          47        100%      2402.5      9172.5     18647.5     27402.5

          48          0%      2732.5     13482.5     21017.5     28712.5
          48         20%      2832.5     14177.5     21827.5     29712.5
          48         40%      2572.5     11677.5     19277.5     26692.5
          48         60%      2742.5     13197.5     21402.5     29737.5
          48         80%      2452.5      9027.5     17472.5     25797.5
          48        100%      2552.5     10072.5     19272.5     28232.5

          49          0%      2532.5     12557.5     19787.5     27297.5
          49         20%      2922.5     14387.5     21827.5     29202.5
          49         40%      2642.5     12882.5     20837.5     28907.5
          49         60%      2602.5     11402.5     20132.5     28567.5
          49         80%      2697.5     12642.5     21602.5     30657.5
          49        100%      2652.5     11782.5     20792.5     29407.5

          50          0%      2752.5     12867.5     19967.5     27437.5
          50         20%      2907.5     13997.5     21427.5     29252.5
          50         40%      2817.5     13607.5     21317.5     29342.5
          50         60%      2722.5     12137.5     20362.5     28677.5
          50         80%      2582.5     10187.5     18742.5     27097.5
          50        100%      2707.5     11712.5     20767.5     30002.5

