bin_start_us,bin_end_us,bin_mid_us,pdf_per_us,probability,count
210.0,215.0,212.5,3.5681636e-05,0.00017840818,0
215.0,220.0,217.5,4.9846124e-05,0.00024923062,0
220.0,225.0,222.5,5.576942e-05,0.0002788471,0
225.0,230.0,227.5,5.7006566e-05,0.00028503283,0
230.0,235.0,232.5,4.982722e-05,0.0002491361,0
235.0,240.0,237.5,4.867206e-05,0.0002433603,0
240.0,245.0,242.5,5.923614e-05,0.0002961807,0
245.0,250.0,247.5,6.4046104e-05,0.00032023052,0
250.0,255.0,252.5,6.186842e-05,0.0003093421,0
255.0,260.0,257.5,4.877468e-05,0.0002438734,0
260.0,265.0,262.5,6.271402e-05,0.0003135701,0
265.0,270.0,267.5,5.595899e-05,0.00027979495,0
270.0,275.0,272.5,5.464088e-05,0.0002732044,0
275.0,280.0,277.5,6.285148e-05,0.0003142574,0
280.0,285.0,282.5,4.7517446e-05,0.00023758723,0
285.0,290.0,287.5,4.866974e-05,0.0002433487,0
290.0,295.0,292.5,7.360582e-05,0.0003680291,0
295.0,300.0,297.5,6.519638e-05,0.0003259819,0
300.0,305.0,302.5,5.3207952e-05,0.00026603976,0
305.0,310.0,307.5,5.1005746e-05,0.00025502873,0
310.0,315.0,312.5,6.39568e-05,0.000319784,0
315.0,320.0,317.5,6.987978e-05,0.0003493989,0
320.0,325.0,322.5,6.0444226e-05,0.00030222113,0
325.0,330.0,327.5,5.812854e-05,0.0002906427,0
330.0,335.0,332.5,4.633501e-05,0.00023167505,0
335.0,340.0,337.5,5.456234e-05,0.0002728117,0
340.0,345.0,342.5,0.0007778558,0.003889279,0
345.0,350.0,347.5,0.0007459744,0.003729872,0
350.0,355.0,352.5,0.0005707966,0.002853983,0
355.0,360.0,357.5,0.0005844234,0.002922117,0
360.0,365.0,362.5,0.0005942106,0.002971053,0
365.0,370.0,367.5,0.0006262642,0.003131321,0
370.0,375.0,372.5,0.0005099483,0.0025497415,0
375.0,380.0,377.5,0.00029245542,0.0014622771,0
380.0,385.0,382.5,0.0003281072,0.001640536,0
385.0,390.0,387.5,0.0002238642,0.001119321,0
390.0,395.0,392.5,0.00020747058,0.0010373529,0
395.0,400.0,397.5,0.00022247724,0.0011123862,0
400.0,405.0,402.5,0.00024166044,0.0012083022,0
405.0,410.0,407.5,0.0002214121,0.0011070605,0
410.0,415.0,412.5,0.00025582488,0.0012791244,0
415.0,420.0,417.5,0.00025004724,0.0012502362,0
420.0,425.0,422.5,0.000246579,0.001232895,0
425.0,430.0,427.5,0.0002354062,0.001177031,0
430.0,435.0,432.5,0.00024040262,0.0012020131,0
435.0,440.0,437.5,0.0002760474,0.001380237,0
440.0,445.0,442.5,0.00019860446,0.0009930223,0
445.0,450.0,447.5,0.000196731,0.000983655,0
450.0,455.0,452.5,0.0001810595,0.0009052975,0
455.0,460.0,457.5,0.00019629114,0.0009814557,0
460.0,465.0,462.5,0.00018607224,0.0009303612,0
465.0,470.0,467.5,0.00017158066,0.0008579033,0
470.0,475.0,472.5,0.017286912,0.08643456,0
475.0,480.0,477.5,0.00020850546,0.0010425273,0
480.0,485.0,482.5,0.00020006586,0.0010003293,0
485.0,490.0,487.5,0.0002069016,0.001034508,0
490.0,495.0,492.5,0.00022843334,0.0011421667,0
495.0,500.0,497.5,0.00025114338,0.0012557169,0
500.0,505.0,502.5,0.00022501094,0.0011250547,0
505.0,510.0,507.5,0.00020124382,0.0010062191,0
510.0,515.0,512.5,0.00020575736,0.0010287868,0
515.0,520.0,517.5,0.00021529246,0.0010764623,0
520.0,525.0,522.5,0.00021547378,0.0010773689,0
525.0,530.0,527.5,0.00019032492,0.0009516246,0
530.0,535.0,532.5,0.0001975005,0.0009875025,0
535.0,540.0,537.5,0.00021537094,0.0010768547,0
540.0,545.0,542.5,0.00020156422,0.0010078211,0
545.0,550.0,547.5,0.00021546848,0.0010773424,0
550.0,555.0,552.5,0.00020612866,0.0010306433,0
555.0,560.0,557.5,0.00020629724,0.0010314862,0
560.0,565.0,562.5,0.00020821702,0.0010410851,0
565.0,570.0,567.5,0.0001894107,0.0009470535,0
570.0,575.0,572.5,0.00017990548,0.0008995274,0
575.0,580.0,577.5,0.00017871344,0.0008935672,0
580.0,585.0,582.5,0.0001764086,0.000882043,0
585.0,590.0,587.5,0.00017257666,0.0008628833,0
590.0,595.0,592.5,0.00016462714,0.0008231357,0
595.0,600.0,597.5,0.00015717998,0.0007858999,0
600.0,605.0,602.5,0.002747456,0.01373728,0
605.0,610.0,607.5,0.00018309586,0.0009154793,0
610.0,615.0,612.5,0.00028388162,0.0014194081,0
615.0,620.0,617.5,0.00018610918,0.0009305459,0
620.0,625.0,622.5,0.0002085098,0.001042549,0
625.0,630.0,627.5,0.00014448584,0.0007224292,0
630.0,635.0,632.5,0.0002008232,0.001004116,0
635.0,640.0,637.5,0.0001930522,0.000965261,0
640.0,645.0,642.5,0.00021622376,0.0010811188,0
645.0,650.0,647.5,0.00017021174,0.0008510587,0
650.0,655.0,652.5,0.00019439552,0.0009719776,0
655.0,660.0,657.5,0.0001916853,0.0009584265,0
660.0,665.0,662.5,0.0001871002,0.000935501,0
665.0,670.0,667.5,0.00025258738,0.0012629369,0
670.0,675.0,672.5,0.00020377186,0.0010188593,0
675.0,680.0,677.5,0.00024153446,0.0012076723,0
680.0,685.0,682.5,0.00023243488,0.0011621744,0
685.0,690.0,687.5,0.0002463982,0.001231991,0
690.0,695.0,692.5,0.00028777826,0.0014388913,0
695.0,700.0,697.5,0.0003036538,0.001518269,0
700.0,705.0,702.5,0.0001989713,0.0009948565,0
705.0,710.0,707.5,0.00029999894,0.0014999947,0
710.0,715.0,712.5,0.0002426586,0.001213293,0
715.0,720.0,717.5,0.000339932,0.00169966,0
720.0,725.0,722.5,0.0001880442,0.000940221,0
725.0,730.0,727.5,0.0003539182,0.001769591,0
730.0,735.0,732.5,0.0007172032,0.003586016,0
735.0,740.0,737.5,0.0002736336,0.001368168,0
740.0,745.0,742.5,0.0046136274,0.023068137,0
745.0,750.0,747.5,0.00026308976,0.0013154488,0
750.0,755.0,752.5,0.00025944662,0.0012972331,0
755.0,760.0,757.5,0.00025160614,0.0012580307,0
760.0,765.0,762.5,0.0003510856,0.001755428,0
765.0,770.0,767.5,0.00024516688,0.0012258344,0
770.0,775.0,772.5,0.00030690548,0.0015345274,0
775.0,780.0,777.5,0.0002865479,0.0014327395,0
780.0,785.0,782.5,0.0003709286,0.001854643,0
785.0,790.0,787.5,0.0002001639,0.0010008195,0
790.0,795.0,792.5,0.0002837516,0.001418758,0
795.0,800.0,797.5,0.00019200138,0.0009600069,0
800.0,805.0,802.5,0.00022547,0.00112735,0
805.0,810.0,807.5,0.00024928486,0.0012464243,0
810.0,815.0,812.5,0.00019114244,0.0009557122,0
815.0,820.0,817.5,0.0002369209,0.0011846045,0
820.0,825.0,822.5,0.00018958672,0.0009479336,0
825.0,830.0,827.5,0.00018749152,0.0009374576,0
830.0,835.0,832.5,0.00019070736,0.0009535368,0
835.0,840.0,837.5,0.00020987574,0.0010493787,0
840.0,845.0,842.5,0.00018976922,0.0009488461,0
845.0,850.0,847.5,0.000201332,0.00100666,0
850.0,855.0,852.5,0.00018350848,0.0009175424,0
855.0,860.0,857.5,0.00020850638,0.0010425319,0
860.0,865.0,862.5,0.0002134321,0.0010671605,0
865.0,870.0,867.5,0.0011818026,0.005909013,0
870.0,875.0,872.5,0.0001659444,0.000829722,0
875.0,880.0,877.5,0.00018361178,0.0009180589,0
880.0,885.0,882.5,0.00018730312,0.0009365156,0
885.0,890.0,887.5,0.00020506352,0.0010253176,0
890.0,895.0,892.5,0.00020618742,0.0010309371,0
895.0,900.0,897.5,0.00017313236,0.0008656618,0
900.0,905.0,902.5,0.0001851054,0.000925527,0
905.0,910.0,907.5,0.00019908008,0.0009954004,0
910.0,915.0,912.5,0.0004201774,0.002100887,0
915.0,920.0,917.5,0.00017877102,0.0008938551,0
920.0,925.0,922.5,0.00016732494,0.0008366247,0
925.0,930.0,927.5,0.0001671445,0.0008357225,0
930.0,935.0,932.5,0.00018980858,0.0009490429,0
935.0,940.0,937.5,0.00016718914,0.0008359457,0
940.0,945.0,942.5,0.00015859614,0.0007929807,0
945.0,950.0,947.5,0.00014915022,0.0007457511,0
950.0,955.0,952.5,0.00018236684,0.0009118342,0
955.0,960.0,957.5,0.00018128996,0.0009064498,0
960.0,965.0,962.5,0.00018038956,0.0009019478,0
965.0,970.0,967.5,0.0001741876,0.000870938,0
970.0,975.0,972.5,0.00015727956,0.0007863978,0
975.0,980.0,977.5,0.00017995908,0.0008997954,0
980.0,985.0,982.5,0.0001540255,0.0007701275,0
985.0,990.0,987.5,0.00017291712,0.0008645856,0
990.0,995.0,992.5,0.00018923168,0.0009461584,0
995.0,1000.0,997.5,0.00017210262,0.0008605131,0
1000.0,1005.0,1002.5,0.00030371026,0.0015185513,0
1005.0,1010.0,1007.5,0.00020017706,0.0010008853,0
1010.0,1015.0,1012.5,0.00031652206,0.0015826103,0
1015.0,1020.0,1017.5,0.00015682694,0.0007841347,0
1020.0,1025.0,1022.5,0.00025941296,0.0012970648,0
1025.0,1030.0,1027.5,0.00017638956,0.0008819478,0
1030.0,1035.0,1032.5,0.0001940418,0.000970209,0
1035.0,1040.0,1037.5,0.0002143304,0.001071652,0
1040.0,1045.0,1042.5,0.0001810836,0.000905418,0
1045.0,1050.0,1047.5,0.00020612406,0.0010306203,0
1050.0,1055.0,1052.5,0.00020008086,0.0010004043,0
1055.0,1060.0,1057.5,0.00020038726,0.0010019363,0
1060.0,1065.0,1062.5,0.0001813525,0.0009067625,0
1065.0,1070.0,1067.5,0.00020236844,0.0010118422,0
1070.0,1075.0,1072.5,0.00015976058,0.0007988029,0
1075.0,1080.0,1077.5,0.00018114788,0.0009057394,0
1080.0,1085.0,1082.5,0.00015621904,0.0007810952,0
1085.0,1090.0,1087.5,0.00017153668,0.0008576834,0
1090.0,1095.0,1092.5,0.0002892396,0.001446198,0
1095.0,1100.0,1097.5,0.0006106382,0.003053191,0
1100.0,1105.0,1102.5,0.00019337762,0.0009668881,0
1105.0,1110.0,1107.5,0.0007666128,0.003833064,0
1110.0,1115.0,1112.5,0.0002288821,0.0011444105,0
1115.0,1120.0,1117.5,0.0008004998,0.004002499,0
1120.0,1125.0,1122.5,0.00024877064,0.0012438532,0
1125.0,1130.0,1127.5,0.0007609574,0.003804787,0
1130.0,1135.0,1132.5,0.0006051964,0.003025982,0
1135.0,1140.0,1137.5,0.0003126288,0.001563144,0
1140.0,1145.0,1142.5,0.000717486,0.00358743,0
1145.0,1150.0,1147.5,0.00019088504,0.0009544252,0
1150.0,1155.0,1152.5,0.0005386206,0.002693103,0
1155.0,1160.0,1157.5,0.0002168369,0.0010841845,0
1160.0,1165.0,1162.5,0.0003790264,0.001895132,0
1165.0,1170.0,1167.5,0.00018612444,0.0009306222,0
1170.0,1175.0,1172.5,0.00024605526,0.0012302763,0
1175.0,1180.0,1177.5,0.00019658858,0.0009829429,0
1180.0,1185.0,1182.5,0.0001488158,0.000744079,0
1185.0,1190.0,1187.5,0.00019788466,0.0009894233,0
1190.0,1195.0,1192.5,0.00012663022,0.0006331511,0
1195.0,1200.0,1197.5,0.0001491746,0.000745873,0
1200.0,1205.0,1202.5,0.0001502367,0.0007511835,0
1205.0,1210.0,1207.5,0.000200248,0.00100124,0
1210.0,1215.0,1212.5,0.00018452888,0.0009226444,0
1215.0,1220.0,1217.5,0.00021907898,0.0010953949,0
1220.0,1225.0,1222.5,0.00022763658,0.0011381829,0
1225.0,1230.0,1227.5,0.00024551524,0.0012275762,0
1230.0,1235.0,1232.5,0.0002955412,0.001477706,0
1235.0,1240.0,1237.5,0.0003518201,0.0017591005,0
1240.0,1245.0,1242.5,0.00020268578,0.0010134289,0
1245.0,1250.0,1247.5,0.0004488528,0.002244264,0
1250.0,1255.0,1252.5,0.0002728712,0.001364356,0
1255.0,1260.0,1257.5,0.000343286,0.00171643,0
1260.0,1265.0,1262.5,0.000330961,0.001654805,0
1265.0,1270.0,1267.5,0.000309589,0.001547945,0
1270.0,1275.0,1272.5,0.0002848716,0.001424358,0
1275.0,1280.0,1277.5,0.00029201972,0.0014600986,0
1280.0,1285.0,1282.5,0.0003366136,0.001683068,0
1285.0,1290.0,1287.5,0.00019288512,0.0009644256,0
1290.0,1295.0,1292.5,0.00026897416,0.0013448708,0
1295.0,1300.0,1297.5,0.00019551898,0.0009775949,0
1300.0,1305.0,1302.5,0.00018222132,0.0009111066,0
1305.0,1310.0,1307.5,0.00019655856,0.0009827928,0
1310.0,1315.0,1312.5,0.00014945594,0.0007472797,0
1315.0,1320.0,1317.5,0.00016993106,0.0008496553,0
1320.0,1325.0,1322.5,0.0001159114,0.000579557,0
1325.0,1330.0,1327.5,0.0001780938,0.000890469,0
1330.0,1335.0,1332.5,0.00013139128,0.0006569564,0
1335.0,1340.0,1337.5,0.0001756273,0.0008781365,0
1340.0,1345.0,1342.5,0.00018141596,0.0009070798,0
1345.0,1350.0,1347.5,0.00015432424,0.0007716212,0
1350.0,1355.0,1352.5,0.00019815872,0.0009907936,0
1355.0,1360.0,1357.5,0.00019433132,0.0009716566,0
1360.0,1365.0,1362.5,0.00021690504,0.0010845252,0
1365.0,1370.0,1367.5,0.00018608064,0.0009304032,0
1370.0,1375.0,1372.5,0.00021817038,0.0010908519,0
1375.0,1380.0,1377.5,0.00018036078,0.0009018039,0
1380.0,1385.0,1382.5,0.00024108094,0.0012054047,0
1385.0,1390.0,1387.5,0.0001608776,0.000804388,0
1390.0,1395.0,1392.5,0.0002288569,0.0011442845,0
1395.0,1400.0,1397.5,0.00023843316,0.0011921658,0
1400.0,1405.0,1402.5,0.00016724434,0.0008362217,0
1405.0,1410.0,1407.5,0.00020764844,0.0010382422,0
1410.0,1415.0,1412.5,0.00016483126,0.0008241563,0
1415.0,1420.0,1417.5,0.00017052804,0.0008526402,0
1420.0,1425.0,1422.5,0.00016104488,0.0008052244,0
1425.0,1430.0,1427.5,0.0001575636,0.000787818,0
1430.0,1435.0,1432.5,0.00014811736,0.0007405868,0
1435.0,1440.0,1437.5,0.00013997892,0.0006998946,0
1440.0,1445.0,1442.5,0.00013374926,0.0006687463,0
1445.0,1450.0,1447.5,0.00011954542,0.0005977271,0
1450.0,1455.0,1452.5,0.00017155264,0.0008577632,0
1455.0,1460.0,1457.5,0.00011960688,0.0005980344,0
1460.0,1465.0,1462.5,0.00017628566,0.0008814283,0
1465.0,1470.0,1467.5,0.0001360658,0.000680329,0
1470.0,1475.0,1472.5,0.00014789192,0.0007394596,0
1475.0,1480.0,1477.5,0.00012287602,0.0006143801,0
1480.0,1485.0,1482.5,0.00011957284,0.0005978642,0
1485.0,1490.0,1487.5,0.00014836786,0.0007418393,0
1490.0,1495.0,1492.5,0.0001278289,0.0006391445,0
1495.0,1500.0,1497.5,0.0001732487,0.0008662435,0
1500.0,1505.0,1502.5,0.00016736294,0.0008368147,0
1505.0,1510.0,1507.5,0.0001431222,0.000715611,0
1510.0,1515.0,1512.5,0.0001633339,0.0008166695,0
1515.0,1520.0,1517.5,0.0001435464,0.000717732,0
1520.0,1525.0,1522.5,0.00017424234,0.0008712117,0
1525.0,1530.0,1527.5,0.00015273006,0.0007636503,0
1530.0,1535.0,1532.5,0.00017669542,0.0008834771,0
1535.0,1540.0,1537.5,0.0001395612,0.000697806,0
1540.0,1545.0,1542.5,0.00016846856,0.0008423428,0
1545.0,1550.0,1547.5,0.00016360804,0.0008180402,0
1550.0,1555.0,1552.5,0.00015742664,0.0007871332,0
1555.0,1560.0,1557.5,0.00013502618,0.0006751309,0
1560.0,1565.0,1562.5,0.00015394934,0.0007697467,0
1565.0,1570.0,1567.5,0.00012476032,0.0006238016,0
1570.0,1575.0,1572.5,0.00015392258,0.0007696129,0
1575.0,1580.0,1577.5,0.00013620462,0.0006810231,0
1580.0,1585.0,1582.5,0.00011011945,0.00055059726,0
1585.0,1590.0,1587.5,0.00016338708,0.0008169354,0
1590.0,1595.0,1592.5,0.00014914224,0.0007457112,0
1595.0,1600.0,1597.5,0.00011134422,0.0005567211,0
1600.0,1605.0,1602.5,0.00013620888,0.0006810444,0
1605.0,1610.0,1607.5,0.00011493218,0.0005746609,0
1610.0,1615.0,1612.5,0.00011738662,0.0005869331,0
1615.0,1620.0,1617.5,0.00010888976,0.0005444488,0
1620.0,1625.0,1622.5,0.0001337616,0.000668808,0
1625.0,1630.0,1627.5,0.00012206704,0.0006103352,0
1630.0,1635.0,1632.5,0.00011848566,0.0005924283,0
1635.0,1640.0,1637.5,0.00014229028,0.0007114514,0
1640.0,1645.0,1642.5,0.00011842058,0.0005921029,0
1645.0,1650.0,1647.5,0.0001150436,0.000575218,0
1650.0,1655.0,1652.5,0.00011011692,0.0005505846,0
1655.0,1660.0,1657.5,0.00014454014,0.0007227007,0
1660.0,1665.0,1662.5,0.00010168976,0.0005084488,0
1665.0,1670.0,1667.5,0.00014325564,0.0007162782,0
1670.0,1675.0,1672.5,0.00015139094,0.0007569547,0
1675.0,1680.0,1677.5,0.0001305085,0.0006525425,0
1680.0,1685.0,1682.5,0.0001636384,0.000818192,0
1685.0,1690.0,1687.5,0.00010321764,0.0005160882,0
1690.0,1695.0,1692.5,0.00014803562,0.0007401781,0
1695.0,1700.0,1697.5,0.00011129238,0.0005564619,0
1700.0,1705.0,1702.5,0.00013500258,0.0006750129,0
1705.0,1710.0,1707.5,0.00012700892,0.0006350446,0
1710.0,1715.0,1712.5,0.00011233354,0.0005616677,0
1715.0,1720.0,1717.5,0.00012194154,0.0006097077,0
1720.0,1725.0,1722.5,0.00010655164,0.0005327582,0
1725.0,1730.0,1727.5,0.00012100098,0.0006050049,0
1730.0,1735.0,1732.5,0.00010088913,0.00050444563,0
1735.0,1740.0,1737.5,9.24214e-05,0.000462107,0
1740.0,1745.0,1742.5,0.00012639774,0.0006319887,0
1745.0,1750.0,1747.5,0.00011484782,0.0005742391,0
1750.0,1755.0,1752.5,0.0001195389,0.0005976945,0
1755.0,1760.0,1757.5,0.00011499722,0.0005749861,0
1760.0,1765.0,1762.5,0.0001171543,0.0005857715,0
1765.0,1770.0,1767.5,0.00010303998,0.0005151999,0
1770.0,1775.0,1772.5,0.00012543552,0.0006271776,0
1775.0,1780.0,1777.5,0.00012466734,0.0006233367,0
1780.0,1785.0,1782.5,0.00011739938,0.0005869969,0
1785.0,1790.0,1787.5,0.0001293448,0.000646724,0
1790.0,1795.0,1792.5,0.00013978482,0.0006989241,0
1795.0,1800.0,1797.5,0.00013523116,0.0006761558,0
1800.0,1805.0,1802.5,0.0001445581,0.0007227905,0
1805.0,1810.0,1807.5,0.00014554482,0.0007277241,0
1810.0,1815.0,1812.5,0.00012586894,0.0006293447,0
1815.0,1820.0,1817.5,0.00015137914,0.0007568957,0
1820.0,1825.0,1822.5,0.00013867284,0.0006933642,0
1825.0,1830.0,1827.5,0.00011164546,0.0005582273,0
1830.0,1835.0,1832.5,0.00015547138,0.0007773569,0
1835.0,1840.0,1837.5,0.00011257018,0.0005628509,0
1840.0,1845.0,1842.5,0.00011876998,0.0005938499,0
1845.0,1850.0,1847.5,0.00012309684,0.0006154842,0
1850.0,1855.0,1852.5,0.00010436234,0.0005218117,0
1855.0,1860.0,1857.5,0.0001265006,0.000632503,0
1860.0,1865.0,1862.5,9.46814e-05,0.000473407,0
1865.0,1870.0,1867.5,0.00011252164,0.0005626082,0
1870.0,1875.0,1872.5,0.00010667428,0.0005333714,0
1875.0,1880.0,1877.5,0.00012768058,0.0006384029,0
1880.0,1885.0,1882.5,0.0001123343,0.0005616715,0
1885.0,1890.0,1887.5,0.00012441696,0.0006220848,0
1890.0,1895.0,1892.5,9.856e-05,0.0004928,0
1895.0,1900.0,1897.5,0.0001079214,0.000539607,0
1900.0,1905.0,1902.5,0.00011586898,0.0005793449,0
1905.0,1910.0,1907.5,0.00011852756,0.0005926378,0
1910.0,1915.0,1912.5,0.00014227024,0.0007113512,0
1915.0,1920.0,1917.5,0.0001149521,0.0005747605,0
1920.0,1925.0,1922.5,0.00013639832,0.0006819916,0
1925.0,1930.0,1927.5,0.00013748858,0.0006874429,0
1930.0,1935.0,1932.5,0.00013977286,0.0006988643,0
1935.0,1940.0,1937.5,0.00013658656,0.0006829328,0
1940.0,1945.0,1942.5,0.00011871328,0.0005935664,0
1945.0,1950.0,1947.5,0.00013991968,0.0006995984,0
1950.0,1955.0,1952.5,0.00011251138,0.0005625569,0
1955.0,1960.0,1957.5,0.00010206284,0.0005103142,0
1960.0,1965.0,1962.5,0.00012687532,0.0006343766,0
1965.0,1970.0,1967.5,0.00012202714,0.0006101357,0
1970.0,1975.0,1972.5,0.00010895078,0.0005447539,0
1975.0,1980.0,1977.5,0.00010409518,0.0005204759,0
1980.0,1985.0,1982.5,0.00010794342,0.0005397171,0
1985.0,1990.0,1987.5,0.00010933792,0.0005466896,0
1990.0,1995.0,1992.5,0.00011162482,0.0005581241,0
1995.0,2000.0,1997.5,0.00010432078,0.0005216039,0
2000.0,2005.0,2002.5,0.00010789682,0.0005394841,0
2005.0,2010.0,2007.5,8.057622e-05,0.0004028811,0
2010.0,2015.0,2012.5,0.00011722238,0.0005861119,0
2015.0,2020.0,2017.5,0.0001230841,0.0006154205,0
2020.0,2025.0,2022.5,0.00012212332,0.0006106166,0
2025.0,2030.0,2027.5,0.00012450648,0.0006225324,0
2030.0,2035.0,2032.5,0.0001173592,0.000586796,0
2035.0,2040.0,2037.5,0.00011963002,0.0005981501,0
2040.0,2045.0,2042.5,0.00011846038,0.0005923019,0
2045.0,2050.0,2047.5,0.0001173527,0.0005867635,0
2050.0,2055.0,2052.5,0.00011149608,0.0005574804,0
2055.0,2060.0,2057.5,8.888766e-05,0.0004444383,0
2060.0,2065.0,2062.5,0.00011503564,0.0005751782,0
2065.0,2070.0,2067.5,9.715612e-05,0.0004857806,0
2070.0,2075.0,2072.5,0.00010682508,0.0005341254,0
2075.0,2080.0,2077.5,0.00010828186,0.0005414093,0
2080.0,2085.0,2082.5,9.4682e-05,0.00047341,0
2085.0,2090.0,2087.5,9.2417854e-05,0.00046208927,0
2090.0,2095.0,2092.5,0.00011110658,0.0005555329,0
2095.0,2100.0,2097.5,0.00011029398,0.0005514699,0
2100.0,2105.0,2102.5,0.00012340492,0.0006170246,0
2105.0,2110.0,2107.5,0.00011845746,0.0005922873,0
2110.0,2115.0,2112.5,0.00010925048,0.0005462524,0
2115.0,2120.0,2117.5,0.00012088168,0.0006044084,0
2120.0,2125.0,2122.5,0.00010456132,0.0005228066,0
2125.0,2130.0,2127.5,0.0001182685,0.0005913425,0
2130.0,2135.0,2132.5,0.0001303918,0.000651959,0
2135.0,2140.0,2137.5,9.968292e-05,0.0004984146,0
2140.0,2145.0,2142.5,0.00010163492,0.0005081746,0
2145.0,2150.0,2147.5,9.146756e-05,0.0004573378,0
2150.0,2155.0,2152.5,0.00011153322,0.0005576661,0
2155.0,2160.0,2157.5,9.248084e-05,0.0004624042,0
2160.0,2165.0,2162.5,0.0001017935,0.0005089675,0
2165.0,2170.0,2167.5,0.0001018323,0.0005091615,0
2170.0,2175.0,2172.5,9.5914e-05,0.00047957,0
2175.0,2180.0,2177.5,0.0001104726,0.000552363,0
2180.0,2185.0,2182.5,0.0001017264,0.000508632,0
2185.0,2190.0,2187.5,8.90096e-05,0.000445048,0
2190.0,2195.0,2192.5,0.00010661942,0.0005330971,0
2195.0,2200.0,2197.5,0.00012187524,0.0006093762,0
2200.0,2205.0,2202.5,0.00010317162,0.0005158581,0
2205.0,2210.0,2207.5,9.61332e-05,0.000480666,0
2210.0,2215.0,2212.5,0.00012556046,0.0006278023,0
2215.0,2220.0,2217.5,0.00010417054,0.0005208527,0
2220.0,2225.0,2222.5,0.00012077454,0.0006038727,0
2225.0,2230.0,2227.5,0.0001135234,0.000567617,0
2230.0,2235.0,2232.5,0.00012104768,0.0006052384,0
2235.0,2240.0,2237.5,0.0001043112,0.000521556,0
2240.0,2245.0,2242.5,9.840578e-05,0.0004920289,0
2245.0,2250.0,2247.5,0.00012689728,0.0006344864,0
2250.0,2255.0,2252.5,0.00010074334,0.0005037167,0
2255.0,2260.0,2257.5,0.00012792476,0.0006396238,0
2260.0,2265.0,2262.5,9.37959e-05,0.0004689795,0
2265.0,2270.0,2267.5,9.108306e-05,0.0004554153,0
2270.0,2275.0,2272.5,9.591092e-05,0.0004795546,0
2275.0,2280.0,2277.5,0.00010314138,0.0005157069,0
2280.0,2285.0,2282.5,0.00010534562,0.0005267281,0
2285.0,2290.0,2287.5,0.00010412204,0.0005206102,0
2290.0,2295.0,2292.5,9.71921e-05,0.0004859605,0
2295.0,2300.0,2297.5,8.784296e-05,0.0004392148,0
2300.0,2305.0,2302.5,8.171836e-05,0.0004085918,0
2305.0,2310.0,2307.5,8.4029272e-05,0.00042014636,0
2310.0,2315.0,2312.5,0.00010074316,0.0005037158,0
2315.0,2320.0,2317.5,0.00010334024,0.0005167012,0
2320.0,2325.0,2322.5,8.774226e-05,0.0004387113,0
2325.0,2330.0,2327.5,9.496798e-05,0.0004748399,0
2330.0,2335.0,2332.5,0.0001090386,0.000545193,0
2335.0,2340.0,2337.5,8.760834e-05,0.0004380417,0
2340.0,2345.0,2342.5,8.899442e-05,0.0004449721,0
2345.0,2350.0,2347.5,0.0001149025,0.0005745125,0
2350.0,2355.0,2352.5,9.833538e-05,0.0004916769,0
2355.0,2360.0,2357.5,0.0001150114,0.000575057,0
2360.0,2365.0,2362.5,0.00012680508,0.0006340254,0
2365.0,2370.0,2367.5,0.0001078661,0.0005393305,0
2370.0,2375.0,2372.5,0.00011143494,0.0005571747,0
2375.0,2380.0,2377.5,9.247446e-05,0.0004623723,0
2380.0,2385.0,2382.5,0.00011015702,0.0005507851,0
2385.0,2390.0,2387.5,0.00010438826,0.0005219413,0
2390.0,2395.0,2392.5,0.00011976932,0.0005988466,0
2395.0,2400.0,2397.5,9.970394e-05,0.0004985197,0
2400.0,2405.0,2402.5,0.000104296,0.00052148,0
2405.0,2410.0,2407.5,8.507592e-05,0.0004253796,0
2410.0,2415.0,2412.5,0.00010078928,0.0005039464,0
2415.0,2420.0,2417.5,9.000486e-05,0.0004500243,0
2420.0,2425.0,2422.5,8.046726e-05,0.0004023363,0
2425.0,2430.0,2427.5,8.773558e-05,0.0004386779,0
2430.0,2435.0,2432.5,9.963962e-05,0.0004981981,0
2435.0,2440.0,2437.5,0.00010302968,0.0005151484,0
2440.0,2445.0,2442.5,8.775762e-05,0.0004387881,0
2445.0,2450.0,2447.5,0.00010791396,0.0005395698,0
2450.0,2455.0,2452.5,6.748862e-05,0.0003374431,0
2455.0,2460.0,2457.5,8.765554e-05,0.0004382777,0
2460.0,2465.0,2462.5,0.00010333688,0.0005166844,0
2465.0,2470.0,2467.5,0.00010877348,0.0005438674,0
2470.0,2475.0,2472.5,7.110618e-05,0.0003555309,0
2475.0,2480.0,2477.5,0.00011953838,0.0005976919,0
2480.0,2485.0,2482.5,9.121356e-05,0.0004560678,0
2485.0,2490.0,2487.5,0.00011354458,0.0005677229,0
2490.0,2495.0,2492.5,8.071272e-05,0.0004035636,0
2495.0,2500.0,2497.5,9.240534e-05,0.0004620267,0
2500.0,2505.0,2502.5,9.14566e-05,0.000457283,0
2505.0,2510.0,2507.5,8.790216e-05,0.0004395108,0
2510.0,2515.0,2512.5,8.90304e-05,0.000445152,0
2515.0,2520.0,2517.5,8.5334404e-05,0.00042667202,0
2520.0,2525.0,2522.5,7.588404e-05,0.0003794202,0
2525.0,2530.0,2527.5,0.00010075748,0.0005037874,0
2530.0,2535.0,2532.5,7.705432e-05,0.0003852716,0
2535.0,2540.0,2537.5,8.551542e-05,0.0004275771,0
2540.0,2545.0,2542.5,9.699586e-05,0.0004849793,0
2545.0,2550.0,2547.5,7.2413456e-05,0.00036206728,0
2550.0,2555.0,2552.5,8.996112e-05,0.0004498056,0
2555.0,2560.0,2557.5,0.00010419585,0.00052097927,0
2560.0,2565.0,2562.5,8.417814e-05,0.0004208907,0
2565.0,2570.0,2567.5,0.00010665042,0.0005332521,0
2570.0,2575.0,2572.5,8.169502e-05,0.0004084751,0
2575.0,2580.0,2577.5,8.307642e-05,0.0004153821,0
2580.0,2585.0,2582.5,8.891732e-05,0.0004445866,0
2585.0,2590.0,2587.5,7.8227436e-05,0.00039113718,0
2590.0,2595.0,2592.5,9.75855e-05,0.0004879275,0
2595.0,2600.0,2597.5,7.582088e-05,0.0003791044,0
2600.0,2605.0,2602.5,9.375528e-05,0.0004687764,0
2605.0,2610.0,2607.5,8.906698e-05,0.0004453349,0
2610.0,2615.0,2612.5,8.664606e-05,0.0004332303,0
2615.0,2620.0,2617.5,9.132584e-05,0.0004566292,0
2620.0,2625.0,2622.5,0.00012206058,0.0006103029,0
2625.0,2630.0,2627.5,9.990776e-05,0.0004995388,0
2630.0,2635.0,2632.5,8.166322e-05,0.0004083161,0
2635.0,2640.0,2637.5,0.0001018045,0.0005090225,0
2640.0,2645.0,2642.5,7.11878e-05,0.000355939,0
2645.0,2650.0,2647.5,0.00010794094,0.0005397047,0
2650.0,2655.0,2652.5,0.00010900652,0.0005450326,0
2655.0,2660.0,2657.5,8.058268e-05,0.0004029134,0
2660.0,2665.0,2662.5,0.00011148588,0.0005574294,0
2665.0,2670.0,2667.5,9.355008e-05,0.0004677504,0
2670.0,2675.0,2672.5,9.619826e-05,0.0004809913,0
2675.0,2680.0,2677.5,9.61981e-05,0.0004809905,0
2680.0,2685.0,2682.5,8.79512e-05,0.000439756,0
2685.0,2690.0,2687.5,0.00010897078,0.0005448539,0
2690.0,2695.0,2692.5,0.0001043198,0.000521599,0
2695.0,2700.0,2697.5,0.00010438698,0.0005219349,0
2700.0,2705.0,2702.5,8.184326e-05,0.0004092163,0
2705.0,2710.0,2707.5,0.00010796138,0.0005398069,0
2710.0,2715.0,2712.5,0.0001195651,0.0005978255,0
2715.0,2720.0,2717.5,9.698948e-05,0.0004849474,0
2720.0,2725.0,2722.5,0.00011247532,0.0005623766,0
2725.0,2730.0,2727.5,0.00010887254,0.0005443627,0
2730.0,2735.0,2732.5,9.84848e-05,0.000492424,0
2735.0,2740.0,2737.5,7.702132e-05,0.0003851066,0
2740.0,2745.0,2742.5,0.00011968536,0.0005984268,0
2745.0,2750.0,2747.5,9.70432e-05,0.000485216,0
2750.0,2755.0,2752.5,0.0001041625,0.0005208125,0
2755.0,2760.0,2757.5,0.0001092404,0.000546202,0
2760.0,2765.0,2762.5,0.00010807178,0.0005403589,0
2765.0,2770.0,2767.5,0.00012068464,0.0006034232,0
2770.0,2775.0,2772.5,0.00010303328,0.0005151664,0
2775.0,2780.0,2777.5,0.00012803808,0.0006401904,0
2780.0,2785.0,2782.5,8.409902e-05,0.0004204951,0
2785.0,2790.0,2787.5,0.00014491514,0.0007245757,0
2790.0,2795.0,2792.5,8.045714e-05,0.0004022857,0
2795.0,2800.0,2797.5,0.0001291652,0.000645826,0
2800.0,2805.0,2802.5,0.00010804742,0.0005402371,0
2805.0,2810.0,2807.5,0.00010314234,0.0005157117,0
2810.0,2815.0,2812.5,0.00014584166,0.0007292083,0
2815.0,2820.0,2817.5,0.0001089596,0.000544798,0
2820.0,2825.0,2822.5,0.00013276498,0.0006638249,0
2825.0,2830.0,2827.5,6.6400184e-05,0.00033200092,0
2830.0,2835.0,2832.5,0.00012209068,0.0006104534,0
2835.0,2840.0,2837.5,0.00011491608,0.0005745804,0
2840.0,2845.0,2842.5,0.00012433238,0.0006216619,0
2845.0,2850.0,2847.5,0.00010188522,0.0005094261,0
2850.0,2855.0,2852.5,9.355192e-05,0.0004677596,0
2855.0,2860.0,2857.5,0.00011263626,0.0005631813,0
2860.0,2865.0,2862.5,0.00011012912,0.0005506456,0
2865.0,2870.0,2867.5,0.00011617474,0.0005808737,0
2870.0,2875.0,2872.5,9.355412e-05,0.0004677706,0
2875.0,2880.0,2877.5,9.599966e-05,0.0004799983,0
2880.0,2885.0,2882.5,0.00011634312,0.0005817156,0
2885.0,2890.0,2887.5,9.243798e-05,0.0004621899,0
2890.0,2895.0,2892.5,0.00012474096,0.0006237048,0
2895.0,2900.0,2897.5,8.302692e-05,0.0004151346,0
2900.0,2905.0,2902.5,0.00010295978,0.0005147989,0
2905.0,2910.0,2907.5,0.00011603824,0.0005801912,0
2910.0,2915.0,2912.5,0.00011733498,0.0005866749,0
2915.0,2920.0,2917.5,0.00010525842,0.0005262921,0
2920.0,2925.0,2922.5,0.00010984954,0.0005492477,0
2925.0,2930.0,2927.5,9.71352e-05,0.000485676,0
2930.0,2935.0,2932.5,0.0001209454,0.000604727,0
2935.0,2940.0,2937.5,0.0001495108,0.000747554,0
2940.0,2945.0,2942.5,0.00011032434,0.0005516217,0
2945.0,2950.0,2947.5,0.00011601548,0.0005800774,0
2950.0,2955.0,2952.5,0.00011360724,0.0005680362,0
2955.0,2960.0,2957.5,9.840642e-05,0.0004920321,0
2960.0,2965.0,2962.5,0.00012567646,0.0006283823,0
2965.0,2970.0,2967.5,0.00010201158,0.0005100579,0
2970.0,2975.0,2972.5,9.473878e-05,0.0004736939,0
2975.0,2980.0,2977.5,9.371864e-05,0.0004685932,0
2980.0,2985.0,2982.5,0.00011404966,0.0005702483,0
2985.0,2990.0,2987.5,0.00011745692,0.0005872846,0
2990.0,2995.0,2992.5,9.468734e-05,0.0004734367,0
2995.0,3000.0,2997.5,8.906934e-05,0.0004453467,0
3000.0,3005.0,3002.5,0.00011759158,0.0005879579,0
3005.0,3010.0,3007.5,9.718712e-05,0.0004859356,0
3010.0,3015.0,3012.5,0.0001056882,0.000528441,0
3015.0,3020.0,3017.5,0.00012096408,0.0006048204,0
3020.0,3025.0,3022.5,9.363934e-05,0.0004681967,0
3025.0,3030.0,3027.5,0.00012075176,0.0006037588,0
3030.0,3035.0,3032.5,0.00011141036,0.0005570518,0
3035.0,3040.0,3037.5,0.0001126052,0.000563026,0
3040.0,3045.0,3042.5,0.00013874138,0.0006937069,0
3045.0,3050.0,3047.5,0.00010042466,0.0005021233,0
3050.0,3055.0,3052.5,9.478836e-05,0.0004739418,0
3055.0,3060.0,3057.5,0.00010314044,0.0005157022,0
3060.0,3065.0,3062.5,9.836922e-05,0.0004918461,0
3065.0,3070.0,3067.5,0.000124629,0.000623145,0
3070.0,3075.0,3072.5,0.00010795438,0.0005397719,0
3075.0,3080.0,3077.5,8.997938e-05,0.0004498969,0
3080.0,3085.0,3082.5,0.0001031919,0.0005159595,0
3085.0,3090.0,3087.5,9.845858e-05,0.0004922929,0
3090.0,3095.0,3092.5,9.138364e-05,0.0004569182,0
3095.0,3100.0,3097.5,0.00010423134,0.0005211567,0
3100.0,3105.0,3102.5,0.0001077086,0.000538543,0
3105.0,3110.0,3107.5,9.60751e-05,0.0004803755,0
3110.0,3115.0,3112.5,0.00010915048,0.0005457524,0
3115.0,3120.0,3117.5,9.602806e-05,0.0004801403,0
3120.0,3125.0,3122.5,0.0001102597,0.0005512985,0
3125.0,3130.0,3127.5,7.720818e-05,0.0003860409,0
3130.0,3135.0,3132.5,0.000123083,0.000615415,0
3135.0,3140.0,3137.5,9.368604e-05,0.0004684302,0
3140.0,3145.0,3142.5,0.0001149829,0.0005749145,0
3145.0,3150.0,3147.5,0.00010064516,0.0005032258,0
3150.0,3155.0,3152.5,9.716924e-05,0.0004858462,0
3155.0,3160.0,3157.5,0.0001091477,0.0005457385,0
3160.0,3165.0,3162.5,0.00011259786,0.0005629893,0
3165.0,3170.0,3167.5,0.0001069352,0.000534676,0
3170.0,3175.0,3172.5,8.901614e-05,0.0004450807,0
3175.0,3180.0,3177.5,0.00010420878,0.0005210439,0
3180.0,3185.0,3182.5,9.127506e-05,0.0004563753,0
3185.0,3190.0,3187.5,0.00010665862,0.0005332931,0
3190.0,3195.0,3192.5,9.368052e-05,0.0004684026,0
3195.0,3200.0,3197.5,8.410906e-05,0.0004205453,0
3200.0,3205.0,3202.5,0.00011390894,0.0005695447,0
3205.0,3210.0,3207.5,9.235744e-05,0.0004617872,0
3210.0,3215.0,3212.5,8.76527e-05,0.0004382635,0
3215.0,3220.0,3217.5,9.635832e-05,0.0004817916,0
3220.0,3225.0,3222.5,9.12075e-05,0.0004560375,0
3225.0,3230.0,3227.5,0.00010320348,0.0005160174,0
3230.0,3235.0,3232.5,8.180062e-05,0.0004090031,0
3235.0,3240.0,3237.5,7.114076e-05,0.0003557038,0
3240.0,3245.0,3242.5,9.72831e-05,0.0004864155,0
3245.0,3250.0,3247.5,8.436528e-05,0.0004218264,0
3250.0,3255.0,3252.5,8.906442e-05,0.0004453221,0
3255.0,3260.0,3257.5,8.545334e-05,0.0004272667,0
3260.0,3265.0,3262.5,9.49033e-05,0.0004745165,0
3265.0,3270.0,3267.5,8.537206e-05,0.0004268603,0
3270.0,3275.0,3272.5,9.818896e-05,0.0004909448,0
3275.0,3280.0,3277.5,9.036772e-05,0.0004518386,0
3280.0,3285.0,3282.5,0.00010432038,0.0005216019,0
3285.0,3290.0,3287.5,8.428346e-05,0.0004214173,0
3290.0,3295.0,3292.5,0.00010093686,0.0005046843,0
3295.0,3300.0,3297.5,0.00010048738,0.0005024369,0
3300.0,3305.0,3302.5,7.498202e-05,0.0003749101,0
3305.0,3310.0,3307.5,0.00010434674,0.0005217337,0
3310.0,3315.0,3312.5,8.7796e-05,0.00043898,0
3315.0,3320.0,3317.5,8.048858e-05,0.0004024429,0
3320.0,3325.0,3322.5,7.334632e-05,0.0003667316,0
3325.0,3330.0,3327.5,7.228906e-05,0.0003614453,0
3330.0,3335.0,3332.5,8.673844e-05,0.0004336922,0
3335.0,3340.0,3337.5,8.546186e-05,0.0004273093,0
3340.0,3345.0,3342.5,8.412014e-05,0.0004206007,0
3345.0,3350.0,3347.5,7.244812e-05,0.0003622406,0
3350.0,3355.0,3352.5,0.00011872904,0.0005936452,0
3355.0,3360.0,3357.5,9.24629e-05,0.0004623145,0
3360.0,3365.0,3362.5,7.966546e-05,0.0003983273,0
3365.0,3370.0,3367.5,8.77482e-05,0.000438741,0
3370.0,3375.0,3372.5,8.41711e-05,0.0004208555,0
3375.0,3380.0,3377.5,9.717806e-05,0.0004858903,0
3380.0,3385.0,3382.5,9.729078e-05,0.0004864539,0
3385.0,3390.0,3387.5,8.059838e-05,0.0004029919,0
3390.0,3395.0,3392.5,9.018152e-05,0.0004509076,0
3395.0,3400.0,3397.5,6.997066e-05,0.0003498533,0
3400.0,3405.0,3402.5,8.540964e-05,0.0004270482,0
3405.0,3410.0,3407.5,8.544034e-05,0.0004272017,0
3410.0,3415.0,3412.5,6.642928e-05,0.0003321464,0
3415.0,3420.0,3417.5,9.72565e-05,0.0004862825,0
3420.0,3425.0,3422.5,7.338088e-05,0.0003669044,0
3425.0,3430.0,3427.5,8.644662e-05,0.0004322331,0
3430.0,3435.0,3432.5,7.599202e-05,0.0003799601,0
3435.0,3440.0,3437.5,8.54357e-05,0.0004271785,0
3440.0,3445.0,3442.5,8.905636e-05,0.0004452818,0
3445.0,3450.0,3447.5,8.6506394e-05,0.00043253197,0
3450.0,3455.0,3452.5,7.2451e-05,0.000362255,0
3455.0,3460.0,3457.5,9.9572e-05,0.00049786,0
3460.0,3465.0,3462.5,6.395074e-05,0.0003197537,0
3465.0,3470.0,3467.5,8.050514e-05,0.0004025257,0
3470.0,3475.0,3472.5,7.358376e-05,0.0003679188,0
3475.0,3480.0,3477.5,7.8497136e-05,0.00039248568,0
3480.0,3485.0,3482.5,8.085446e-05,0.0004042723,0
3485.0,3490.0,3487.5,8.183732e-05,0.0004091866,0
3490.0,3495.0,3492.5,8.667182e-05,0.0004333591,0
3495.0,3500.0,3497.5,9.368218e-05,0.0004684109,0
3500.0,3505.0,3502.5,8.171818e-05,0.0004085909,0
3505.0,3510.0,3507.5,7.352728e-05,0.0003676364,0
3510.0,3515.0,3512.5,6.6406312e-05,0.00033203156,0
3515.0,3520.0,3517.5,7.956284e-05,0.0003978142,0
3520.0,3525.0,3522.5,6.882962e-05,0.0003441481,0
3525.0,3530.0,3527.5,8.309502e-05,0.0004154751,0
3530.0,3535.0,3532.5,8.900894e-05,0.0004450447,0
3535.0,3540.0,3537.5,8.173916e-05,0.0004086958,0
3540.0,3545.0,3542.5,7.8202714e-05,0.00039101357,0
3545.0,3550.0,3547.5,6.04663e-05,0.0003023315,0
3550.0,3555.0,3552.5,8.52723e-05,0.0004263615,0
3555.0,3560.0,3557.5,7.229038e-05,0.0003614519,0
3560.0,3565.0,3562.5,8.312274e-05,0.0004156137,0
3565.0,3570.0,3567.5,8.911306e-05,0.0004455653,0
3570.0,3575.0,3572.5,8.680276e-05,0.0004340138,0
3575.0,3580.0,3577.5,7.827768e-05,0.0003913884,0
3580.0,3585.0,3582.5,7.81108e-05,0.000390554,0
3585.0,3590.0,3587.5,7.94178e-05,0.000397089,0
3590.0,3595.0,3592.5,6.87778e-05,0.000343889,0
3595.0,3600.0,3597.5,8.627978e-05,0.0004313989,0
3600.0,3605.0,3602.5,8.179594e-05,0.0004089797,0
3605.0,3610.0,3607.5,9.124646e-05,0.0004562323,0
3610.0,3615.0,3612.5,7.932192e-05,0.0003966096,0
3615.0,3620.0,3617.5,8.421732e-05,0.0004210866,0
3620.0,3625.0,3622.5,7.5686234e-05,0.00037843117,0
3625.0,3630.0,3627.5,8.418496e-05,0.0004209248,0
3630.0,3635.0,3632.5,8.78058e-05,0.000439029,0
3635.0,3640.0,3637.5,8.426682e-05,0.0004213341,0
3640.0,3645.0,3642.5,7.845094e-05,0.0003922547,0
3645.0,3650.0,3647.5,6.8832646e-05,0.00034416323,0
3650.0,3655.0,3652.5,7.588302e-05,0.0003794151,0
3655.0,3660.0,3657.5,8.272428e-05,0.0004136214,0
3660.0,3665.0,3662.5,8.179028e-05,0.0004089514,0
3665.0,3670.0,3667.5,7.94411e-05,0.0003972055,0
3670.0,3675.0,3672.5,8.776408e-05,0.0004388204,0
3675.0,3680.0,3677.5,8.297478e-05,0.0004148739,0
3680.0,3685.0,3682.5,5.941078e-05,0.0002970539,0
3685.0,3690.0,3687.5,8.652286e-05,0.0004326143,0
3690.0,3695.0,3692.5,7.118998e-05,0.0003559499,0
3695.0,3700.0,3697.5,8.301116e-05,0.0004150558,0
3700.0,3705.0,3702.5,7.480506e-05,0.0003740253,0
3705.0,3710.0,3707.5,5.9377536e-05,0.00029688768,0
3710.0,3715.0,3712.5,8.878058e-05,0.0004439029,0
3715.0,3720.0,3717.5,8.051546e-05,0.0004025773,0
3720.0,3725.0,3722.5,7.835782e-05,0.0003917891,0
3725.0,3730.0,3727.5,6.76323e-05,0.0003381615,0
3730.0,3735.0,3732.5,7.24377e-05,0.0003621885,0
3735.0,3740.0,3737.5,6.05662e-05,0.000302831,0
3740.0,3745.0,3742.5,9.740008e-05,0.0004870004,0
3745.0,3750.0,3747.5,8.910488e-05,0.0004455244,0
3750.0,3755.0,3752.5,7.583816e-05,0.0003791908,0
3755.0,3760.0,3757.5,8.437212e-05,0.0004218606,0
3760.0,3765.0,3762.5,7.69195e-05,0.0003845975,0
3765.0,3770.0,3767.5,8.166174e-05,0.0004083087,0
3770.0,3775.0,3772.5,8.547746e-05,0.0004273873,0
3775.0,3780.0,3777.5,7.231448e-05,0.0003615724,0
3780.0,3785.0,3782.5,7.59892e-05,0.000379946,0
3785.0,3790.0,3787.5,7.349876e-05,0.0003674938,0
3790.0,3795.0,3792.5,8.294192e-05,0.0004147096,0
3795.0,3800.0,3797.5,8.057906e-05,0.0004028953,0
3800.0,3805.0,3802.5,6.17786e-05,0.000308893,0
3805.0,3810.0,3807.5,8.65502e-05,0.000432751,0
3810.0,3815.0,3812.5,8.532666e-05,0.0004266333,0
3815.0,3820.0,3817.5,7.012076e-05,0.0003506038,0
3820.0,3825.0,3822.5,8.29487e-05,0.0004147435,0
3825.0,3830.0,3827.5,7.122858e-05,0.0003561429,0
3830.0,3835.0,3832.5,8.183312e-05,0.0004091656,0
3835.0,3840.0,3837.5,8.07185e-05,0.0004035925,0
3840.0,3845.0,3842.5,6.410136e-05,0.0003205068,0
3845.0,3850.0,3847.5,8.867478e-05,0.0004433739,0
3850.0,3855.0,3852.5,8.519508e-05,0.0004259754,0
3855.0,3860.0,3857.5,8.6605e-05,0.000433025,0
3860.0,3865.0,3862.5,7.227332e-05,0.0003613666,0
3865.0,3870.0,3867.5,6.762036e-05,0.0003381018,0
3870.0,3875.0,3872.5,8.077186e-05,0.0004038593,0
3875.0,3880.0,3877.5,8.073796e-05,0.0004036898,0
3880.0,3885.0,3882.5,6.51478e-05,0.000325739,0
3885.0,3890.0,3887.5,6.751869e-05,0.00033759345,0
3890.0,3895.0,3892.5,7.949896e-05,0.0003974948,0
3895.0,3900.0,3897.5,7.125948e-05,0.0003562974,0
3900.0,3905.0,3902.5,7.592582e-05,0.0003796291,0
3905.0,3910.0,3907.5,7.820732e-05,0.0003910366,0
3910.0,3915.0,3912.5,7.829524e-05,0.0003914762,0
3915.0,3920.0,3917.5,7.958338e-05,0.0003979169,0
3920.0,3925.0,3922.5,7.351304e-05,0.0003675652,0
3925.0,3930.0,3927.5,8.41547e-05,0.0004207735,0
3930.0,3935.0,3932.5,5.934736e-05,0.0002967368,0
3935.0,3940.0,3937.5,8.063718e-05,0.0004031859,0
3940.0,3945.0,3942.5,7.477114e-05,0.0003738557,0
3945.0,3950.0,3947.5,9.625022e-05,0.0004812511,0
3950.0,3955.0,3952.5,7.8408684e-05,0.00039204342,0
3955.0,3960.0,3957.5,6.524098e-05,0.0003262049,0
3960.0,3965.0,3962.5,6.877896e-05,0.0003438948,0
3965.0,3970.0,3967.5,7.48181e-05,0.0003740905,0
3970.0,3975.0,3972.5,6.6444886e-05,0.00033222443,0
3975.0,3980.0,3977.5,8.066854e-05,0.0004033427,0
3980.0,3985.0,3982.5,6.755642e-05,0.0003377821,0
3985.0,3990.0,3987.5,5.93533e-05,0.0002967665,0
3990.0,3995.0,3992.5,7.24175e-05,0.0003620875,0
3995.0,4000.0,3997.5,7.117106e-05,0.0003558553,0
4000.0,4005.0,4002.5,7.005718e-05,0.0003502859,0
4005.0,4010.0,4007.5,8.048288e-05,0.0004024144,0
4010.0,4015.0,4012.5,8.30173e-05,0.0004150865,0
4015.0,4020.0,4017.5,7.457844e-05,0.0003728922,0
4020.0,4025.0,4022.5,7.469524e-05,0.0003734762,0
4025.0,4030.0,4027.5,7.811248e-05,0.0003905624,0
4030.0,4035.0,4032.5,6.172408e-05,0.0003086204,0
4035.0,4040.0,4037.5,6.987428e-05,0.0003493714,0
4040.0,4045.0,4042.5,8.287502e-05,0.0004143751,0
4045.0,4050.0,4047.5,8.06177e-05,0.0004030885,0
4050.0,4055.0,4052.5,7.229542e-05,0.0003614771,0
4055.0,4060.0,4057.5,6.4052574e-05,0.00032026287,0
4060.0,4065.0,4062.5,7.933576e-05,0.0003966788,0
4065.0,4070.0,4067.5,7.60732e-05,0.000380366,0
4070.0,4075.0,4072.5,6.647442e-05,0.0003323721,0
4075.0,4080.0,4077.5,8.30633e-05,0.0004153165,0
4080.0,4085.0,4082.5,7.4671866e-05,0.00037335933,0
4085.0,4090.0,4087.5,7.111484e-05,0.0003555742,0
4090.0,4095.0,4092.5,7.590108e-05,0.0003795054,0
4095.0,4100.0,4097.5,7.824542e-05,0.0003912271,0
4100.0,4105.0,4102.5,7.13494e-05,0.000356747,0
4105.0,4110.0,4107.5,6.998574e-05,0.0003499287,0
4110.0,4115.0,4112.5,7.828808e-05,0.0003914404,0
4115.0,4120.0,4117.5,8.286706e-05,0.0004143353,0
4120.0,4125.0,4122.5,6.157206e-05,0.0003078603,0
4125.0,4130.0,4127.5,9.479884e-05,0.0004739942,0
4130.0,4135.0,4132.5,7.95485e-05,0.0003977425,0
4135.0,4140.0,4137.5,7.359456e-05,0.0003679728,0
4140.0,4145.0,4142.5,7.227422e-05,0.0003613711,0
4145.0,4150.0,4147.5,9.12233e-05,0.0004561165,0
4150.0,4155.0,4152.5,7.353558e-05,0.0003676779,0
4155.0,4160.0,4157.5,7.13056e-05,0.000356528,0
4160.0,4165.0,4162.5,7.812952e-05,0.0003906476,0
4165.0,4170.0,4167.5,6.74695e-05,0.0003373475,0
4170.0,4175.0,4172.5,7.585338e-05,0.0003792669,0
4175.0,4180.0,4177.5,6.28374e-05,0.000314187,0
4180.0,4185.0,4182.5,9.000616e-05,0.0004500308,0
4185.0,4190.0,4187.5,8.403548e-05,0.0004201774,0
4190.0,4195.0,4192.5,6.646422e-05,0.0003323211,0
4195.0,4200.0,4197.5,7.46529e-05,0.0003732645,0
4200.0,4205.0,4202.5,8.408062e-05,0.0004204031,0
4205.0,4210.0,4207.5,6.6403004e-05,0.00033201502,0
4210.0,4215.0,4212.5,6.886474e-05,0.0003443237,0
4215.0,4220.0,4217.5,7.3594396e-05,0.00036797198,0
4220.0,4225.0,4222.5,6.762036e-05,0.0003381018,0
4225.0,4230.0,4227.5,6.74816e-05,0.000337408,0
4230.0,4235.0,4232.5,6.658604e-05,0.0003329302,0
4235.0,4240.0,4237.5,7.356866e-05,0.0003678433,0
4240.0,4245.0,4242.5,8.418174e-05,0.0004209087,0
4245.0,4250.0,4247.5,7.350274e-05,0.0003675137,0
4250.0,4255.0,4252.5,6.302798e-05,0.0003151399,0
4255.0,4260.0,4257.5,6.046918e-05,0.0003023459,0
4260.0,4265.0,4262.5,9.122916e-05,0.0004561458,0
4265.0,4270.0,4267.5,6.401922e-05,0.0003200961,0
4270.0,4275.0,4272.5,7.36193e-05,0.0003680965,0
4275.0,4280.0,4277.5,6.164464e-05,0.0003082232,0
4280.0,4285.0,4282.5,8.170216e-05,0.0004085108,0
4285.0,4290.0,4287.5,8.7766624e-05,0.00043883312,0
4290.0,4295.0,4292.5,7.706474e-05,0.0003853237,0
4295.0,4300.0,4297.5,5.2393036e-05,0.00026196518,0
4300.0,4305.0,4302.5,5.5810216e-05,0.00027905108,0
4305.0,4310.0,4307.5,6.29323e-05,0.0003146615,0
4310.0,4315.0,4312.5,6.985688e-05,0.0003492844,0
4315.0,4320.0,4317.5,6.645548e-05,0.0003322774,0
4320.0,4325.0,4322.5,7.4815096e-05,0.00037407548,0
4325.0,4330.0,4327.5,5.3267298e-05,0.00026633649,0
4330.0,4335.0,4332.5,6.6397366e-05,0.00033198683,0
4335.0,4340.0,4337.5,5.33186e-05,0.000266593,0
4340.0,4345.0,4342.5,8.30926e-05,0.000415463,0
4345.0,4350.0,4347.5,8.322872e-05,0.0004161436,0
4350.0,4355.0,4352.5,6.756304e-05,0.0003378152,0
4355.0,4360.0,4357.5,6.739308e-05,0.0003369654,0
4360.0,4365.0,4362.5,8.4208152e-05,0.00042104076,0
4365.0,4370.0,4367.5,8.1886e-05,0.00040943,0
4370.0,4375.0,4372.5,6.40442e-05,0.000320221,0
4375.0,4380.0,4377.5,4.8718974e-05,0.00024359487,0
4380.0,4385.0,4382.5,7.374599e-05,0.00036872995,0
4385.0,4390.0,4387.5,7.118736e-05,0.0003559368,0
4390.0,4395.0,4392.5,5.10732e-05,0.000255366,0
4395.0,4400.0,4397.5,7.1125474e-05,0.00035562737,0
4400.0,4405.0,4402.5,7.948776e-05,0.0003974388,0
4405.0,4410.0,4407.5,7.35965e-05,0.0003679825,0
4410.0,4415.0,4412.5,6.428418e-05,0.0003214209,0
4415.0,4420.0,4417.5,6.519586e-05,0.0003259793,0
4420.0,4425.0,4422.5,5.8063092e-05,0.00029031546,0
4425.0,4430.0,4427.5,6.417303e-05,0.00032086515,0
4430.0,4435.0,4432.5,5.698826e-05,0.0002849413,0
4435.0,4440.0,4437.5,7.58386e-05,0.000379193,0
4440.0,4445.0,4442.5,7.222374e-05,0.0003611187,0
4445.0,4450.0,4447.5,7.955462e-05,0.0003977731,0
4450.0,4455.0,4452.5,7.3620996e-05,0.00036810498,0
4455.0,4460.0,4457.5,7.236596e-05,0.0003618298,0
4460.0,4465.0,4462.5,6.524706e-05,0.0003262353,0
4465.0,4470.0,4467.5,6.770062e-05,0.0003385031,0
4470.0,4475.0,4472.5,7.608342e-05,0.0003804171,0
4475.0,4480.0,4477.5,6.7383134e-05,0.00033691567,0
4480.0,4485.0,4482.5,7.35382e-05,0.000367691,0
4485.0,4490.0,4487.5,7.837568e-05,0.0003918784,0
4490.0,4495.0,4492.5,6.167314e-05,0.0003083657,0
4495.0,4500.0,4497.5,5.571588e-05,0.0002785794,0
4500.0,4505.0,4502.5,9.13985e-05,0.0004569925,0
4505.0,4510.0,4507.5,7.007552e-05,0.0003503776,0
4510.0,4515.0,4512.5,7.944826e-05,0.0003972413,0
4515.0,4520.0,4517.5,6.3982804e-05,0.00031991402,0
4520.0,4525.0,4522.5,5.8239656e-05,0.00029119828,0
4525.0,4530.0,4527.5,6.39616e-05,0.000319808,0
4530.0,4535.0,4532.5,6.175792e-05,0.0003087896,0
4535.0,4540.0,4537.5,6.409152e-05,0.0003204576,0
4540.0,4545.0,4542.5,7.4794204e-05,0.00037397102,0
4545.0,4550.0,4547.5,7.487672e-05,0.0003743836,0
4550.0,4555.0,4552.5,6.7577456e-05,0.00033788728,0
4555.0,4560.0,4557.5,7.2503106e-05,0.00036251553,0
4560.0,4565.0,4562.5,6.051649e-05,0.00030258245,0
4565.0,4570.0,4567.5,7.479534e-05,0.0003739767,0
4570.0,4575.0,4572.5,6.2828792e-05,0.00031414396,0
4575.0,4580.0,4577.5,7.480178e-05,0.0003740089,0
4580.0,4585.0,4582.5,5.7877012e-05,0.00028938506,0
4585.0,4590.0,4587.5,6.1361548e-05,0.00030680774,0
4590.0,4595.0,4592.5,5.694388e-05,0.0002847194,0
4595.0,4600.0,4597.5,5.332452e-05,0.0002666226,0
4600.0,4605.0,4602.5,6.895668e-05,0.0003447834,0
4605.0,4610.0,4607.5,6.29895e-05,0.0003149475,0
4610.0,4615.0,4612.5,6.162394e-05,0.0003081197,0
4615.0,4620.0,4617.5,4.4134896e-05,0.00022067448,0
4620.0,4625.0,4622.5,8.051632e-05,0.0004025816,0
4625.0,4630.0,4627.5,5.828934e-05,0.0002914467,0
4630.0,4635.0,4632.5,6.173316e-05,0.0003086658,0
4635.0,4640.0,4637.5,7.228462e-05,0.0003614231,0
4640.0,4645.0,4642.5,6.979254e-05,0.0003489627,0
4645.0,4650.0,4647.5,5.921784e-05,0.0002960892,0
4650.0,4655.0,4652.5,6.7597e-05,0.000337985,0
4655.0,4660.0,4657.5,7.347538e-05,0.0003673769,0
4660.0,4665.0,4662.5,5.339178e-05,0.0002669589,0
4665.0,4670.0,4667.5,7.233116e-05,0.0003616558,0
4670.0,4675.0,4672.5,5.799838e-05,0.0002899919,0
4675.0,4680.0,4677.5,7.842068e-05,0.0003921034,0
4680.0,4685.0,4682.5,7.58084e-05,0.000379042,0
4685.0,4690.0,4687.5,7.9473074e-05,0.00039736537,0
4690.0,4695.0,4692.5,5.93591e-05,0.0002967955,0
4695.0,4700.0,4697.5,7.3367434e-05,0.00036683717,0
4700.0,4705.0,4702.5,6.752304e-05,0.0003376152,0
4705.0,4710.0,4707.5,6.77984e-05,0.000338992,0
4710.0,4715.0,4712.5,7.3588686e-05,0.00036794343,0
4715.0,4720.0,4717.5,7.236264e-05,0.0003618132,0
4720.0,4725.0,4722.5,6.043248e-05,0.0003021624,0
4725.0,4730.0,4727.5,5.4601752e-05,0.00027300876,0
4730.0,4735.0,4732.5,5.6968532e-05,0.00028484266,0
4735.0,4740.0,4737.5,6.163132e-05,0.0003081566,0
4740.0,4745.0,4742.5,9.15372e-05,0.000457686,0
4745.0,4750.0,4747.5,6.739558e-05,0.0003369779,0
4750.0,4755.0,4752.5,6.751488e-05,0.0003375744,0
4755.0,4760.0,4757.5,7.83829e-05,0.0003919145,0
4760.0,4765.0,4762.5,5.9120246e-05,0.00029560123,0
4765.0,4770.0,4767.5,6.047976e-05,0.0003023988,0
4770.0,4775.0,4772.5,7.2295666e-05,0.00036147833,0
4775.0,4780.0,4777.5,7.9566912e-05,0.00039783456,0
4780.0,4785.0,4782.5,6.298658e-05,0.0003149329,0
4785.0,4790.0,4787.5,6.757484e-05,0.0003378742,0
4790.0,4795.0,4792.5,6.899202e-05,0.0003449601,0
4795.0,4800.0,4797.5,6.505054e-05,0.0003252527,0
4800.0,4805.0,4802.5,6.152568e-05,0.0003076284,0
4805.0,4810.0,4807.5,7.47327e-05,0.0003736635,0
4810.0,4815.0,4812.5,6.779346e-05,0.0003389673,0
4815.0,4820.0,4817.5,6.051336e-05,0.0003025668,0
4820.0,4825.0,4822.5,7.001562e-05,0.0003500781,0
4825.0,4830.0,4827.5,6.290674e-05,0.0003145337,0
4830.0,4835.0,4832.5,7.95357e-05,0.0003976785,0
4835.0,4840.0,4837.5,7.714402e-05,0.0003857201,0
4840.0,4845.0,4842.5,6.1613792e-05,0.00030806896,0
4845.0,4850.0,4847.5,7.012916e-05,0.0003506458,0
4850.0,4855.0,4852.5,6.058168e-05,0.0003029084,0
4855.0,4860.0,4857.5,7.711568e-05,0.0003855784,0
4860.0,4865.0,4862.5,5.4621656e-05,0.00027310828,0
4865.0,4870.0,4867.5,7.242688e-05,0.0003621344,0
4870.0,4875.0,4872.5,6.86893e-05,0.0003434465,0
4875.0,4880.0,4877.5,6.426394e-05,0.0003213197,0
4880.0,4885.0,4882.5,8.405894e-05,0.0004202947,0
4885.0,4890.0,4887.5,6.988114e-05,0.0003494057,0
4890.0,4895.0,4892.5,6.755532e-05,0.0003377766,0
4895.0,4900.0,4897.5,5.68519e-05,0.0002842595,0
4900.0,4905.0,4902.5,7.473128e-05,0.0003736564,0
4905.0,4910.0,4907.5,6.515318e-05,0.0003257659,0
4910.0,4915.0,4912.5,6.15914e-05,0.000307957,0
4915.0,4920.0,4917.5,6.15378e-05,0.000307689,0
4920.0,4925.0,4922.5,6.851464e-05,0.0003425732,0
4925.0,4930.0,4927.5,7.587262e-05,0.0003793631,0
4930.0,4935.0,4932.5,5.577486e-05,0.0002788743,0
4935.0,4940.0,4937.5,6.0452412e-05,0.00030226206,0
4940.0,4945.0,4942.5,6.3790976e-05,0.00031895488,0
4945.0,4950.0,4947.5,7.114058e-05,0.0003557029,0
4950.0,4955.0,4952.5,6.166884e-05,0.0003083442,0
4955.0,4960.0,4957.5,7.345854e-05,0.0003672927,0
4960.0,4965.0,4962.5,5.57484e-05,0.000278742,0
4965.0,4970.0,4967.5,9.018266e-05,0.0004509133,0
4970.0,4975.0,4972.5,6.292926e-05,0.0003146463,0
4975.0,4980.0,4977.5,5.2151786e-05,0.00026075893,0
4980.0,4985.0,4982.5,6.5410544e-05,0.00032705272,0
4985.0,4990.0,4987.5,5.828454e-05,0.0002914227,0
4990.0,4995.0,4992.5,7.477684e-05,0.0003738842,0
4995.0,5000.0,4997.5,5.808354e-05,0.0002904177,0
5000.0,5005.0,5002.5,6.644034e-05,0.0003322017,0
5005.0,5010.0,5007.5,6.8535114e-05,0.00034267557,0
5010.0,5015.0,5012.5,5.910342e-05,0.0002955171,0
5015.0,5020.0,5017.5,6.902648e-05,0.0003451324,0
5020.0,5025.0,5022.5,6.997774e-05,0.0003498887,0
5025.0,5030.0,5027.5,7.242316e-05,0.0003621158,0
5030.0,5035.0,5032.5,7.222358e-05,0.0003611179,0
5035.0,5040.0,5037.5,5.94401e-05,0.0002972005,0
5040.0,5045.0,5042.5,5.5850136e-05,0.00027925068,0
5045.0,5050.0,5047.5,5.9387876e-05,0.00029693938,0
5050.0,5055.0,5052.5,6.52459e-05,0.0003262295,0
5055.0,5060.0,5057.5,5.7042496e-05,0.00028521248,0
5060.0,5065.0,5062.5,6.284212e-05,0.0003142106,0
5065.0,5070.0,5067.5,7.225386e-05,0.0003612693,0
5070.0,5075.0,5072.5,5.802618e-05,0.0002901309,0
5075.0,5080.0,5077.5,8.7707596e-05,0.00043853798,0
5080.0,5085.0,5082.5,7.574692e-05,0.0003787346,0
5085.0,5090.0,5087.5,6.168156e-05,0.0003084078,0
5090.0,5095.0,5092.5,6.650528e-05,0.0003325264,0
5095.0,5100.0,5097.5,6.0263588e-05,0.00030131794,0
5100.0,5105.0,5102.5,7.94944e-05,0.000397472,0
5105.0,5110.0,5107.5,7.105662e-05,0.0003552831,0
5110.0,5115.0,5112.5,5.0806014e-05,0.00025403007,0
5115.0,5120.0,5117.5,5.916468e-05,0.0002958234,0
5120.0,5125.0,5122.5,5.4418934e-05,0.00027209467,0
5125.0,5130.0,5127.5,6.521604e-05,0.0003260802,0
5130.0,5135.0,5132.5,6.1796606e-05,0.00030898303,0
5135.0,5140.0,5137.5,5.7000394e-05,0.00028500197,0
5140.0,5145.0,5142.5,5.5876456e-05,0.00027938228,0
5145.0,5150.0,5147.5,6.3928756e-05,0.00031964378,0
5150.0,5155.0,5152.5,7.945484e-05,0.0003972742,0
5155.0,5160.0,5157.5,6.774266e-05,0.0003387133,0
5160.0,5165.0,5162.5,5.221256e-05,0.0002610628,0
5165.0,5170.0,5167.5,8.653786e-05,0.0004326893,0
5170.0,5175.0,5172.5,8.175974e-05,0.0004087987,0
5175.0,5180.0,5177.5,6.170212e-05,0.0003085106,0
5180.0,5185.0,5182.5,5.107052e-05,0.0002553526,0
5185.0,5190.0,5187.5,6.046882e-05,0.0003023441,0
5190.0,5195.0,5192.5,7.2379e-05,0.000361895,0
5195.0,5200.0,5197.5,4.97154e-05,0.000248577,0
5200.0,5205.0,5202.5,6.87481e-05,0.0003437405,0
5205.0,5210.0,5207.5,7.585468e-05,0.0003792734,0
5210.0,5215.0,5212.5,6.152214e-05,0.0003076107,0
5215.0,5220.0,5217.5,6.63162e-05,0.000331581,0
5220.0,5225.0,5222.5,5.45455e-05,0.0002727275,0
5225.0,5230.0,5227.5,7.115712e-05,0.0003557856,0
5230.0,5235.0,5232.5,6.873372e-05,0.0003436686,0
5235.0,5240.0,5237.5,6.7532776e-05,0.00033766388,0
5240.0,5245.0,5242.5,5.4393114e-05,0.00027196557,0
5245.0,5250.0,5247.5,7.593688e-05,0.0003796844,0
5250.0,5255.0,5252.5,6.650854e-05,0.0003325427,0
5255.0,5260.0,5257.5,6.514576e-05,0.0003257288,0
5260.0,5265.0,5262.5,7.591316e-05,0.0003795658,0
5265.0,5270.0,5267.5,6.170578e-05,0.0003085289,0
5270.0,5275.0,5272.5,7.928802e-05,0.0003964401,0
5275.0,5280.0,5277.5,6.28519e-05,0.0003142595,0
5280.0,5285.0,5282.5,6.882868e-05,0.0003441434,0
5285.0,5290.0,5287.5,5.929728e-05,0.0002964864,0
5290.0,5295.0,5292.5,6.053145e-05,0.00030265725,0
5295.0,5300.0,5297.5,7.117942e-05,0.0003558971,0
5300.0,5305.0,5302.5,5.465612e-05,0.0002732806,0
5305.0,5310.0,5307.5,5.692266e-05,0.0002846133,0
5310.0,5315.0,5312.5,6.7627336e-05,0.00033813668,0
5315.0,5320.0,5317.5,6.886612e-05,0.0003443306,0
5320.0,5325.0,5322.5,7.718422e-05,0.0003859211,0
5325.0,5330.0,5327.5,6.871638e-05,0.0003435819,0
5330.0,5335.0,5332.5,6.75971e-05,0.0003379855,0
5335.0,5340.0,5337.5,7.835734e-05,0.0003917867,0
5340.0,5345.0,5342.5,5.4453276e-05,0.00027226638,0
5345.0,5350.0,5347.5,7.126532e-05,0.0003563266,0
5350.0,5355.0,5352.5,7.838272e-05,0.0003919136,0
5355.0,5360.0,5357.5,7.951192e-05,0.0003975596,0
5360.0,5365.0,5362.5,6.994312e-05,0.0003497156,0
5365.0,5370.0,5367.5,6.850984e-05,0.0003425492,0
5370.0,5375.0,5372.5,5.21009e-05,0.0002605045,0
5375.0,5380.0,5377.5,6.879006e-05,0.0003439503,0
5380.0,5385.0,5382.5,6.054656e-05,0.0003027328,0
5385.0,5390.0,5387.5,6.169842e-05,0.0003084921,0
5390.0,5395.0,5392.5,6.638302e-05,0.0003319151,0
5395.0,5400.0,5397.5,3.6783074e-05,0.00018391537,0
5400.0,5405.0,5402.5,6.5173574e-05,0.00032586787,0
5405.0,5410.0,5407.5,5.93081e-05,0.0002965405,0
5410.0,5415.0,5412.5,6.5064e-05,0.00032532,0
5415.0,5420.0,5417.5,6.0575656e-05,0.00030287828,0
5420.0,5425.0,5422.5,6.891484e-05,0.0003445742,0
5425.0,5430.0,5427.5,6.408562e-05,0.0003204281,0
5430.0,5435.0,5432.5,6.766096e-05,0.0003383048,0
5435.0,5440.0,5437.5,5.3338752e-05,0.00026669376,0
5440.0,5445.0,5442.5,7.003042e-05,0.0003501521,0
5445.0,5450.0,5447.5,7.116928e-05,0.0003558464,0
5450.0,5455.0,5452.5,6.40822e-05,0.000320411,0
5455.0,5460.0,5457.5,6.277506e-05,0.0003138753,0
5460.0,5465.0,5462.5,5.455944e-05,0.0002727972,0
5465.0,5470.0,5467.5,6.404874e-05,0.0003202437,0
5470.0,5475.0,5472.5,7.232152e-05,0.0003616076,0
5475.0,5480.0,5477.5,7.601872e-05,0.0003800936,0
5480.0,5485.0,5482.5,6.880122e-05,0.0003440061,0
5485.0,5490.0,5487.5,8.32166e-05,0.000416083,0
5490.0,5495.0,5492.5,7.24024e-05,0.000362012,0
5495.0,5500.0,5497.5,6.87873e-05,0.0003439365,0
5500.0,5505.0,5502.5,6.17392e-05,0.000308696,0
5505.0,5510.0,5507.5,7.47316e-05,0.000373658,0
5510.0,5515.0,5512.5,7.938588e-05,0.0003969294,0
5515.0,5520.0,5517.5,7.483518e-05,0.0003741759,0
5520.0,5525.0,5522.5,7.605916e-05,0.0003802958,0
5525.0,5530.0,5527.5,7.110838e-05,0.0003555419,0
5530.0,5535.0,5532.5,6.985394e-05,0.0003492697,0
5535.0,5540.0,5537.5,5.116124e-05,0.0002558062,0
5540.0,5545.0,5542.5,6.284856e-05,0.0003142428,0
5545.0,5550.0,5547.5,5.685762e-05,0.0002842881,0
5550.0,5555.0,5552.5,6.749674e-05,0.0003374837,0
5555.0,5560.0,5557.5,6.885638e-05,0.0003442819,0
5560.0,5565.0,5562.5,5.829402e-05,0.0002914701,0
5565.0,5570.0,5567.5,5.9474892e-05,0.00029737446,0
5570.0,5575.0,5572.5,7.249446e-05,0.0003624723,0
5575.0,5580.0,5577.5,5.2170792e-05,0.00026085396,0
5580.0,5585.0,5582.5,6.639222e-05,0.0003319611,0
5585.0,5590.0,5587.5,6.7549056e-05,0.00033774528,0
5590.0,5595.0,5592.5,7.4702524e-05,0.00037351262,0
5595.0,5600.0,5597.5,6.045422e-05,0.0003022711,0
5600.0,5605.0,5602.5,7.349278e-05,0.0003674639,0
5605.0,5610.0,5607.5,8.297816e-05,0.0004148908,0
5610.0,5615.0,5612.5,7.006448e-05,0.0003503224,0
5615.0,5620.0,5617.5,5.2294e-05,0.00026147,0
5620.0,5625.0,5622.5,5.4505704e-05,0.00027252852,0
5625.0,5630.0,5627.5,6.143452e-05,0.0003071726,0
5630.0,5635.0,5632.5,8.025118e-05,0.0004012559,0
5635.0,5640.0,5637.5,6.986622e-05,0.0003493311,0
5640.0,5645.0,5642.5,7.240736e-05,0.0003620368,0
5645.0,5650.0,5647.5,6.282636e-05,0.0003141318,0
5650.0,5655.0,5652.5,5.806736e-05,0.0002903368,0
5655.0,5660.0,5657.5,5.690994e-05,0.0002845497,0
5660.0,5665.0,5662.5,5.441922e-05,0.0002720961,0
5665.0,5670.0,5667.5,7.000052e-05,0.0003500026,0
5670.0,5675.0,5672.5,6.12702e-05,0.000306351,0
5675.0,5680.0,5677.5,4.62086e-05,0.000231043,0
5680.0,5685.0,5682.5,5.453882e-05,0.0002726941,0
5685.0,5690.0,5687.5,6.294458e-05,0.0003147229,0
5690.0,5695.0,5692.5,6.507532e-05,0.0003253766,0
5695.0,5700.0,5697.5,6.280086e-05,0.0003140043,0
5700.0,5705.0,5702.5,6.880896e-05,0.0003440448,0
5705.0,5710.0,5707.5,6.514542e-05,0.0003257271,0
5710.0,5715.0,5712.5,6.524214e-05,0.0003262107,0
5715.0,5720.0,5717.5,5.936114e-05,0.0002968057,0
5720.0,5725.0,5722.5,6.8810074e-05,0.00034405037,0
5725.0,5730.0,5727.5,6.645856e-05,0.0003322928,0
5730.0,5735.0,5732.5,6.152761e-05,0.00030763805,0
5735.0,5740.0,5737.5,4.9768286e-05,0.00024884143,0
5740.0,5745.0,5742.5,6.39948e-05,0.000319974,0
5745.0,5750.0,5747.5,5.452452e-05,0.0002726226,0
5750.0,5755.0,5752.5,9.017098e-05,0.0004508549,0
5755.0,5760.0,5757.5,6.046874e-05,0.0003023437,0
5760.0,5765.0,5762.5,6.296438e-05,0.0003148219,0
5765.0,5770.0,5767.5,4.8588392e-05,0.00024294196,0
5770.0,5775.0,5772.5,6.402856e-05,0.0003201428,0
5775.0,5780.0,5777.5,6.051272e-05,0.0003025636,0
5780.0,5785.0,5782.5,6.2559904e-05,0.00031279952,0
5785.0,5790.0,5787.5,6.9790112e-05,0.00034895056,0
5790.0,5795.0,5792.5,6.5254e-05,0.00032627,0
5795.0,5800.0,5797.5,7.574784e-05,0.0003787392,0
5800.0,5805.0,5802.5,6.98257e-05,0.0003491285,0
5805.0,5810.0,5807.5,6.644252e-05,0.0003322126,0
5810.0,5815.0,5812.5,5.809028e-05,0.0002904514,0
5815.0,5820.0,5817.5,6.531298e-05,0.0003265649,0
5820.0,5825.0,5822.5,5.569292e-05,0.0002784646,0
5825.0,5830.0,5827.5,4.9825706e-05,0.00024912853,0
5830.0,5835.0,5832.5,7.109848e-05,0.0003554924,0
5835.0,5840.0,5837.5,6.870146e-05,0.0003435073,0
5840.0,5845.0,5842.5,6.3919032e-05,0.00031959516,0
5845.0,5850.0,5847.5,6.886664e-05,0.0003443332,0
5850.0,5855.0,5852.5,7.580788e-05,0.0003790394,0
5855.0,5860.0,5857.5,6.26563e-05,0.0003132815,0
5860.0,5865.0,5862.5,6.054608e-05,0.0003027304,0
5865.0,5870.0,5867.5,6.29241e-05,0.0003146205,0
5870.0,5875.0,5872.5,5.462738e-05,0.0002731369,0
5875.0,5880.0,5877.5,6.04577e-05,0.0003022885,0
5880.0,5885.0,5882.5,6.294036e-05,0.0003147018,0
5885.0,5890.0,5887.5,6.86787e-05,0.0003433935,0
5890.0,5895.0,5892.5,6.291742e-05,0.0003145871,0
5895.0,5900.0,5897.5,6.043674e-05,0.0003021837,0
5900.0,5905.0,5902.5,6.76647e-05,0.0003383235,0
5905.0,5910.0,5907.5,6.1745184e-05,0.00030872592,0
5910.0,5915.0,5912.5,5.929922e-05,0.0002964961,0
5915.0,5920.0,5917.5,6.6337604e-05,0.00033168802,0
5920.0,5925.0,5922.5,5.5763752e-05,0.00027881876,0
5925.0,5930.0,5927.5,6.505496e-05,0.0003252748,0
5930.0,5935.0,5932.5,8.067418e-05,0.0004033709,0
5935.0,5940.0,5937.5,5.68953e-05,0.0002844765,0
5940.0,5945.0,5942.5,6.64141e-05,0.0003320705,0
5945.0,5950.0,5947.5,7.4833084e-05,0.00037416542,0
5950.0,5955.0,5952.5,6.0613436e-05,0.00030306718,0
5955.0,5960.0,5957.5,7.364406e-05,0.0003682203,0
5960.0,5965.0,5962.5,6.513222e-05,0.0003256611,0
5965.0,5970.0,5967.5,5.807252e-05,0.0002903626,0
5970.0,5975.0,5972.5,5.357272e-05,0.0002678636,0
5975.0,5980.0,5977.5,7.249968e-05,0.0003624984,0
5980.0,5985.0,5982.5,6.521378e-05,0.0003260689,0
5985.0,5990.0,5987.5,5.452326e-05,0.0002726163,0
5990.0,5995.0,5992.5,6.2774916e-05,0.00031387458,0
5995.0,6000.0,5997.5,6.280942e-05,0.0003140471,0
6000.0,6005.0,6002.5,6.389102e-05,0.0003194551,0
6005.0,6010.0,6007.5,5.678686e-05,0.0002839343,0
6010.0,6015.0,6012.5,6.644974e-05,0.0003322487,0
6015.0,6020.0,6017.5,5.6937374e-05,0.00028468687,0
6020.0,6025.0,6022.5,6.528596e-05,0.0003264298,0
6025.0,6030.0,6027.5,7.362054e-05,0.0003681027,0
6030.0,6035.0,6032.5,7.231022e-05,0.0003615511,0
6035.0,6040.0,6037.5,6.52208e-05,0.000326104,0
6040.0,6045.0,6042.5,7.23296e-05,0.000361648,0
6045.0,6050.0,6047.5,6.520928e-05,0.0003260464,0
6050.0,6055.0,6052.5,6.753584e-05,0.0003376792,0
6055.0,6060.0,6057.5,5.2037632e-05,0.00026018816,0
6060.0,6065.0,6062.5,7.1227992e-05,0.00035613996,0
6065.0,6070.0,6067.5,8.561032e-05,0.0004280516,0
6070.0,6075.0,6072.5,5.090752e-05,0.0002545376,0
6075.0,6080.0,6077.5,8.89718e-05,0.000444859,0
6080.0,6085.0,6082.5,4.389382e-05,0.0002194691,0
6085.0,6090.0,6087.5,6.634364e-05,0.0003317182,0
6090.0,6095.0,6092.5,5.472312e-05,0.0002736156,0
6095.0,6100.0,6097.5,3.8999252e-05,0.00019499626,0
6100.0,6105.0,6102.5,6.405328e-05,0.0003202664,0
6105.0,6110.0,6107.5,6.039524e-05,0.0003019762,0
6110.0,6115.0,6112.5,6.761796e-05,0.0003380898,0
6115.0,6120.0,6117.5,5.3506214e-05,0.00026753107,0
6120.0,6125.0,6122.5,7.955374e-05,0.0003977687,0
6125.0,6130.0,6127.5,6.890126e-05,0.0003445063,0
6130.0,6135.0,6132.5,6.171362e-05,0.0003085681,0
6135.0,6140.0,6137.5,6.26874e-05,0.000313437,0
6140.0,6145.0,6142.5,9.12934e-05,0.000456467,0
6145.0,6150.0,6147.5,6.04044e-05,0.000302022,0
6150.0,6155.0,6152.5,6.4014016e-05,0.00032007008,0
6155.0,6160.0,6157.5,6.046716e-05,0.0003023358,0
6160.0,6165.0,6162.5,6.0620136e-05,0.00030310068,0
6165.0,6170.0,6167.5,4.8714612e-05,0.00024357306,0
6170.0,6175.0,6172.5,5.802312e-05,0.0002901156,0
6175.0,6180.0,6177.5,5.33968e-05,0.000266984,0
6180.0,6185.0,6182.5,7.600248e-05,0.0003800124,0
6185.0,6190.0,6187.5,4.9711412e-05,0.00024855706,0
6190.0,6195.0,6192.5,6.63237e-05,0.0003316185,0
6195.0,6200.0,6197.5,5.91675e-05,0.0002958375,0
6200.0,6205.0,6202.5,7.459788e-05,0.0003729894,0
6205.0,6210.0,6207.5,7.226006e-05,0.0003613003,0
6210.0,6215.0,6212.5,6.758468e-05,0.0003379234,0
6215.0,6220.0,6217.5,6.152226e-05,0.0003076113,0
6220.0,6225.0,6222.5,5.5796292e-05,0.00027898146,0
6225.0,6230.0,6227.5,6.04992e-05,0.000302496,0
6230.0,6235.0,6232.5,6.75862e-05,0.000337931,0
6235.0,6240.0,6237.5,6.39359e-05,0.0003196795,0
6240.0,6245.0,6242.5,6.886586e-05,0.0003443293,0
6245.0,6250.0,6247.5,7.717812e-05,0.0003858906,0
6250.0,6255.0,6252.5,7.117842e-05,0.0003558921,0
6255.0,6260.0,6257.5,6.055945e-05,0.00030279725,0
6260.0,6265.0,6262.5,6.879064e-05,0.0003439532,0
6265.0,6270.0,6267.5,5.356424e-05,0.0002678212,0
6270.0,6275.0,6272.5,4.973708e-05,0.0002486854,0
6275.0,6280.0,6277.5,6.891544e-05,0.0003445772,0
6280.0,6285.0,6282.5,6.412288e-05,0.0003206144,0
6285.0,6290.0,6287.5,5.2255736e-05,0.00026127868,0
6290.0,6295.0,6292.5,6.517232e-05,0.0003258616,0
6295.0,6300.0,6297.5,6.854222e-05,0.0003427111,0
6300.0,6305.0,6302.5,6.172362e-05,0.0003086181,0
6305.0,6310.0,6307.5,4.4999724e-05,0.00022499862,0
6310.0,6315.0,6312.5,5.948762e-05,0.0002974381,0
6315.0,6320.0,6317.5,6.88599e-05,0.0003442995,0
6320.0,6325.0,6322.5,5.8186576e-05,0.00029093288,0
6325.0,6330.0,6327.5,8.538714e-05,0.0004269357,0
6330.0,6335.0,6332.5,6.0546696e-05,0.00030273348,0
6335.0,6340.0,6337.5,5.203058e-05,0.0002601529,0
6340.0,6345.0,6342.5,6.05486e-05,0.000302743,0
6345.0,6350.0,6347.5,5.790184e-05,0.0002895092,0
6350.0,6355.0,6352.5,6.1780536e-05,0.00030890268,0
6355.0,6360.0,6357.5,7.473998e-05,0.0003736999,0
6360.0,6365.0,6362.5,6.635742e-05,0.0003317871,0
6365.0,6370.0,6367.5,5.707218e-05,0.0002853609,0
6370.0,6375.0,6372.5,5.933248e-05,0.0002966624,0
6375.0,6380.0,6377.5,5.581944e-05,0.0002790972,0
6380.0,6385.0,6382.5,5.212772e-05,0.0002606386,0
6385.0,6390.0,6387.5,7.119272e-05,0.0003559636,0
6390.0,6395.0,6392.5,6.048682e-05,0.0003024341,0
6395.0,6400.0,6397.5,6.16497e-05,0.0003082485,0
6400.0,6405.0,6402.5,5.798882e-05,0.0002899441,0
6405.0,6410.0,6407.5,5.582414e-05,0.0002791207,0
6410.0,6415.0,6412.5,7.586704e-05,0.0003793352,0
6415.0,6420.0,6417.5,6.7767376e-05,0.00033883688,0
6420.0,6425.0,6422.5,5.570496e-05,0.0002785248,0
6425.0,6430.0,6427.5,6.28326e-05,0.000314163,0
6430.0,6435.0,6432.5,5.470358e-05,0.0002735179,0
6435.0,6440.0,6437.5,6.529534e-05,0.0003264767,0
6440.0,6445.0,6442.5,6.164986e-05,0.0003082493,0
6445.0,6450.0,6447.5,7.596452e-05,0.0003798226,0
6450.0,6455.0,6452.5,8.059726e-05,0.0004029863,0
6455.0,6460.0,6457.5,7.346532e-05,0.0003673266,0
6460.0,6465.0,6462.5,6.29891e-05,0.0003149455,0
6465.0,6470.0,6467.5,7.710712e-05,0.0003855356,0
6470.0,6475.0,6472.5,6.0481794e-05,0.00030240897,0
6475.0,6480.0,6477.5,4.9789394e-05,0.00024894697,0
6480.0,6485.0,6482.5,6.040836e-05,0.0003020418,0
6485.0,6490.0,6487.5,6.876982e-05,0.0003438491,0
6490.0,6495.0,6492.5,5.8130464e-05,0.00029065232,0
6495.0,6500.0,6497.5,5.8180096e-05,0.00029090048,0
6500.0,6505.0,6502.5,6.877934e-05,0.0003438967,0
6505.0,6510.0,6507.5,8.661216e-05,0.0004330608,0
6510.0,6515.0,6512.5,6.168532e-05,0.0003084266,0
6515.0,6520.0,6517.5,5.9267346e-05,0.00029633673,0
6520.0,6525.0,6522.5,6.532302e-05,0.0003266151,0
6525.0,6530.0,6527.5,6.411526e-05,0.0003205763,0
6530.0,6535.0,6532.5,4.7638324e-05,0.00023819162,0
6535.0,6540.0,6537.5,5.8032134e-05,0.00029016067,0
6540.0,6545.0,6542.5,6.526822e-05,0.0003263411,0
6545.0,6550.0,6547.5,7.710688e-05,0.0003855344,0
6550.0,6555.0,6552.5,5.82077e-05,0.0002910385,0
6555.0,6560.0,6557.5,7.72281e-05,0.0003861405,0
6560.0,6565.0,6562.5,6.164272e-05,0.0003082136,0
6565.0,6570.0,6567.5,7.121402e-05,0.0003560701,0
6570.0,6575.0,6572.5,4.630283e-05,0.00023151415,0
6575.0,6580.0,6577.5,7.700606e-05,0.0003850303,0
6580.0,6585.0,6582.5,7.1234316e-05,0.00035617158,0
6585.0,6590.0,6587.5,6.535618e-05,0.0003267809,0
6590.0,6595.0,6592.5,5.584e-05,0.0002792,0
6595.0,6600.0,6597.5,7.722132e-05,0.0003861066,0
6600.0,6605.0,6602.5,5.465332e-05,0.0002732666,0
6605.0,6610.0,6607.5,5.460292e-05,0.0002730146,0
6610.0,6615.0,6612.5,4.7445796e-05,0.00023722898,0
6615.0,6620.0,6617.5,5.4465934e-05,0.00027232967,0
6620.0,6625.0,6622.5,5.8034154e-05,0.00029017077,0
6625.0,6630.0,6627.5,5.586688e-05,0.0002793344,0
6630.0,6635.0,6632.5,6.401484e-05,0.0003200742,0
6635.0,6640.0,6637.5,5.574194e-05,0.0002787097,0
6640.0,6645.0,6642.5,5.221548e-05,0.0002610774,0
6645.0,6650.0,6647.5,5.109918e-05,0.0002554959,0
6650.0,6655.0,6652.5,5.449046e-05,0.0002724523,0
6655.0,6660.0,6657.5,6.046464e-05,0.0003023232,0
6660.0,6665.0,6662.5,6.885572e-05,0.0003442786,0
6665.0,6670.0,6667.5,5.226768e-05,0.0002613384,0
6670.0,6675.0,6672.5,5.812006e-05,0.0002906003,0
6675.0,6680.0,6677.5,7.366146e-05,0.0003683073,0
6680.0,6685.0,6682.5,4.975668e-05,0.0002487834,0
6685.0,6690.0,6687.5,6.400548e-05,0.0003200274,0
6690.0,6695.0,6692.5,5.34433e-05,0.0002672165,0
6695.0,6700.0,6697.5,4.625008e-05,0.0002312504,0
6700.0,6705.0,6702.5,6.281028e-05,0.0003140514,0
6705.0,6710.0,6707.5,6.763018e-05,0.0003381509,0
6710.0,6715.0,6712.5,6.278194e-05,0.0003139097,0
6715.0,6720.0,6717.5,4.0350584e-05,0.00020175292,0
6720.0,6725.0,6722.5,7.588412e-05,0.0003794206,0
6725.0,6730.0,6727.5,5.9317554e-05,0.00029658777,0
6730.0,6735.0,6732.5,6.8945242e-05,0.00034472621,0
6735.0,6740.0,6737.5,7.3659646e-05,0.00036829823,0
6740.0,6745.0,6742.5,4.990998e-05,0.0002495499,0
6745.0,6750.0,6747.5,6.6534e-05,0.00033267,0
6750.0,6755.0,6752.5,7.724884e-05,0.0003862442,0
6755.0,6760.0,6757.5,5.344888e-05,0.0002672444,0
6760.0,6765.0,6762.5,5.589342e-05,0.0002794671,0
6765.0,6770.0,6767.5,5.47251e-05,0.0002736255,0
6770.0,6775.0,6772.5,4.9947356e-05,0.00024973678,0
6775.0,6780.0,6777.5,5.572892e-05,0.0002786446,0
6780.0,6785.0,6782.5,5.346296e-05,0.0002673148,0
6785.0,6790.0,6787.5,5.925024e-05,0.0002962512,0
6790.0,6795.0,6792.5,6.29802e-05,0.000314901,0
6795.0,6800.0,6797.5,4.977268e-05,0.0002488634,0
6800.0,6805.0,6802.5,8.05939e-05,0.0004029695,0
6805.0,6810.0,6807.5,5.5690544e-05,0.00027845272,0
6810.0,6815.0,6812.5,6.8670194e-05,0.00034335097,0
6815.0,6820.0,6817.5,5.2119e-05,0.000260595,0
6820.0,6825.0,6822.5,5.570984e-05,0.0002785492,0
6825.0,6830.0,6827.5,6.060148e-05,0.0003030074,0
6830.0,6835.0,6832.5,5.916732e-05,0.0002958366,0
6835.0,6840.0,6837.5,5.689618e-05,0.0002844809,0
6840.0,6845.0,6842.5,5.09893e-05,0.0002549465,0
6845.0,6850.0,6847.5,4.6231538e-05,0.00023115769,0
6850.0,6855.0,6852.5,7.111996e-05,0.0003555998,0
6855.0,6860.0,6857.5,6.883582e-05,0.0003441791,0
6860.0,6865.0,6862.5,6.646732e-05,0.0003323366,0
6865.0,6870.0,6867.5,6.279304e-05,0.0003139652,0
6870.0,6875.0,6872.5,6.30448e-05,0.000315224,0
6875.0,6880.0,6877.5,6.057094e-05,0.0003028547,0
6880.0,6885.0,6882.5,5.80982e-05,0.000290491,0
6885.0,6890.0,6887.5,5.820294e-05,0.0002910147,0
6890.0,6895.0,6892.5,7.117712e-05,0.0003558856,0
6895.0,6900.0,6897.5,6.295168e-05,0.0003147584,0
6900.0,6905.0,6902.5,6.87779e-05,0.0003438895,0
6905.0,6910.0,6907.5,7.601288e-05,0.0003800644,0
6910.0,6915.0,6912.5,6.777148e-05,0.0003388574,0
6915.0,6920.0,6917.5,7.0041832e-05,0.00035020916,0
6920.0,6925.0,6922.5,6.529602e-05,0.0003264801,0
6925.0,6930.0,6927.5,5.2286856e-05,0.00026143428,0
6930.0,6935.0,6932.5,5.823112e-05,0.0002911556,0
6935.0,6940.0,6937.5,7.481916e-05,0.0003740958,0
6940.0,6945.0,6942.5,4.269279e-05,0.00021346395,0
6945.0,6950.0,6947.5,4.975036e-05,0.0002487518,0
6950.0,6955.0,6952.5,5.690828e-05,0.0002845414,0
6955.0,6960.0,6957.5,4.9636428e-05,0.00024818214,0
6960.0,6965.0,6962.5,5.8119072e-05,0.00029059536,0
6965.0,6970.0,6967.5,5.456842e-05,0.0002728421,0
6970.0,6975.0,6972.5,6.164256e-05,0.0003082128,0
6975.0,6980.0,6977.5,6.87418e-05,0.000343709,0
6980.0,6985.0,6982.5,5.105851e-05,0.00025529255,0
6985.0,6990.0,6987.5,6.170726e-05,0.0003085363,0
6990.0,6995.0,6992.5,4.5197176e-05,0.00022598588,0
6995.0,7000.0,6997.5,6.985524e-05,0.0003492762,0
7000.0,7005.0,7002.5,6.7691712e-05,0.00033845856,0
7005.0,7010.0,7007.5,6.765124e-05,0.0003382562,0
7010.0,7015.0,7012.5,6.510298e-05,0.0003255149,0
7015.0,7020.0,7017.5,7.122954e-05,0.0003561477,0
7020.0,7025.0,7022.5,6.768796e-05,0.0003384398,0
7025.0,7030.0,7027.5,4.6207234e-05,0.00023103617,0
7030.0,7035.0,7032.5,6.403608e-05,0.0003201804,0
7035.0,7040.0,7037.5,8.173392e-05,0.0004086696,0
7040.0,7045.0,7042.5,5.797218e-05,0.0002898609,0
7045.0,7050.0,7047.5,5.81852e-05,0.000290926,0
7050.0,7055.0,7052.5,3.9124256e-05,0.00019562128,0
7055.0,7060.0,7057.5,5.3323052e-05,0.00026661526,0
7060.0,7065.0,7062.5,4.3875806e-05,0.00021937903,0
7065.0,7070.0,7067.5,6.991004e-05,0.0003495502,0
7070.0,7075.0,7072.5,6.897108e-05,0.0003448554,0
7075.0,7080.0,7077.5,8.062444e-05,0.0004031222,0
7080.0,7085.0,7082.5,6.621292e-05,0.0003310646,0
7085.0,7090.0,7087.5,6.766308e-05,0.0003383154,0
7090.0,7095.0,7092.5,4.98474e-05,0.000249237,0
7095.0,7100.0,7097.5,7.45446e-05,0.000372723,0
7100.0,7105.0,7102.5,5.599348e-05,0.0002799674,0
7105.0,7110.0,7107.5,6.4000956e-05,0.00032000478,0
7110.0,7115.0,7112.5,5.3348334e-05,0.00026674167,0
7115.0,7120.0,7117.5,5.828916e-05,0.0002914458,0
7120.0,7125.0,7122.5,6.647454e-05,0.0003323727,0
7125.0,7130.0,7127.5,7.004064e-05,0.0003502032,0
7130.0,7135.0,7132.5,5.57267e-05,0.0002786335,0
7135.0,7140.0,7137.5,6.175406e-05,0.0003087703,0
7140.0,7145.0,7142.5,6.40069e-05,0.0003200345,0
7145.0,7150.0,7147.5,6.159364e-05,0.0003079682,0
7150.0,7155.0,7152.5,5.572986e-05,0.0002786493,0
7155.0,7160.0,7157.5,4.397812e-05,0.0002198906,0
7160.0,7165.0,7162.5,6.41552e-05,0.000320776,0
7165.0,7170.0,7167.5,7.116182e-05,0.0003558091,0
7170.0,7175.0,7172.5,5.69939e-05,0.0002849695,0
7175.0,7180.0,7177.5,7.234098e-05,0.0003617049,0
7180.0,7185.0,7182.5,6.181822e-05,0.0003090911,0
7185.0,7190.0,7187.5,6.15841e-05,0.0003079205,0
7190.0,7195.0,7192.5,7.003038e-05,0.0003501519,0
7195.0,7200.0,7197.5,4.6380086e-05,0.00023190043,0
7200.0,7205.0,7202.5,6.535968e-05,0.0003267984,0
7205.0,7210.0,7207.5,6.863316e-05,0.0003431658,0
7210.0,7215.0,7212.5,6.894848e-05,0.0003447424,0
7215.0,7220.0,7217.5,7.0069812e-05,0.00035034906,0
7220.0,7225.0,7222.5,6.407674e-05,0.0003203837,0
7225.0,7230.0,7227.5,6.764282e-05,0.0003382141,0
7230.0,7235.0,7232.5,6.984032e-05,0.0003492016,0
7235.0,7240.0,7237.5,6.52715e-05,0.0003263575,0
7240.0,7245.0,7242.5,5.8189892e-05,0.00029094946,0
7245.0,7250.0,7247.5,5.483337e-05,0.00027416685,0
7250.0,7255.0,7252.5,6.54028e-05,0.000327014,0
7255.0,7260.0,7257.5,6.063168e-05,0.0003031584,0
7260.0,7265.0,7262.5,5.4492532e-05,0.00027246266,0
7265.0,7270.0,7267.5,7.217828e-05,0.0003608914,0
7270.0,7275.0,7272.5,5.932246e-05,0.0002966123,0
7275.0,7280.0,7277.5,5.799616e-05,0.0002899808,0
7280.0,7285.0,7282.5,6.415184e-05,0.0003207592,0
7285.0,7290.0,7287.5,6.632484e-05,0.0003316242,0
7290.0,7295.0,7292.5,5.4475784e-05,0.00027237892,0
7295.0,7300.0,7297.5,6.0556984e-05,0.00030278492,0
7300.0,7305.0,7302.5,6.415e-05,0.00032075,0
7305.0,7310.0,7307.5,6.040392e-05,0.0003020196,0
7310.0,7315.0,7312.5,5.2299096e-05,0.00026149548,0
7315.0,7320.0,7317.5,4.861496e-05,0.0002430748,0
7320.0,7325.0,7322.5,4.7241956e-05,0.00023620978,0
7325.0,7330.0,7327.5,6.158026e-05,0.0003079013,0
7330.0,7335.0,7332.5,7.136404e-05,0.0003568202,0
7335.0,7340.0,7337.5,6.651638e-05,0.0003325819,0
7340.0,7345.0,7342.5,5.096084e-05,0.0002548042,0
7345.0,7350.0,7347.5,6.0543352e-05,0.00030271676,0
7350.0,7355.0,7352.5,6.0580456e-05,0.00030290228,0
7355.0,7360.0,7357.5,5.3390112e-05,0.00026695056,0
7360.0,7365.0,7362.5,5.7056374e-05,0.00028528187,0
7365.0,7370.0,7367.5,5.5847126e-05,0.00027923563,0
7370.0,7375.0,7372.5,4.729518e-05,0.0002364759,0
7375.0,7380.0,7377.5,5.324882e-05,0.0002662441,0
7380.0,7385.0,7382.5,4.9922396e-05,0.00024961198,0
7385.0,7390.0,7387.5,6.524847e-05,0.00032624235,0
7390.0,7395.0,7392.5,4.985462e-05,0.0002492731,0
7395.0,7400.0,7397.5,7.017702e-05,0.0003508851,0
7400.0,7405.0,7402.5,8.417536e-05,0.0004208768,0
7405.0,7410.0,7407.5,6.521716e-05,0.0003260858,0
7410.0,7415.0,7412.5,7.466132e-05,0.0003733066,0
7415.0,7420.0,7417.5,5.572116e-05,0.0002786058,0
7420.0,7425.0,7422.5,5.349586e-05,0.0002674793,0
7425.0,7430.0,7427.5,5.1200626e-05,0.00025600313,0
7430.0,7435.0,7432.5,6.0745784e-05,0.00030372892,0
7435.0,7440.0,7437.5,6.05797e-05,0.0003028985,0
7440.0,7445.0,7442.5,6.290454e-05,0.0003145227,0
7445.0,7450.0,7447.5,5.23051e-05,0.0002615255,0
7450.0,7455.0,7452.5,6.891266e-05,0.0003445633,0
7455.0,7460.0,7457.5,6.523814e-05,0.0003261907,0
7460.0,7465.0,7462.5,5.931506e-05,0.0002965753,0
7465.0,7470.0,7467.5,5.6875386e-05,0.00028437693,0
7470.0,7475.0,7472.5,4.989898e-05,0.0002494949,0
7475.0,7480.0,7477.5,6.870676e-05,0.0003435338,0
7480.0,7485.0,7482.5,5.798904e-05,0.0002899452,0
7485.0,7490.0,7487.5,6.403286e-05,0.0003201643,0
7490.0,7495.0,7492.5,5.461254e-05,0.0002730627,0
7495.0,7500.0,7497.5,5.689148e-05,0.0002844574,0
7500.0,7505.0,7502.5,5.699384e-05,0.0002849692,0
7505.0,7510.0,7507.5,5.579922e-05,0.0002789961,0
7510.0,7515.0,7512.5,5.46664e-05,0.000273332,0
7515.0,7520.0,7517.5,6.411332e-05,0.0003205666,0
7520.0,7525.0,7522.5,5.8071614e-05,0.00029035807,0
7525.0,7530.0,7527.5,5.6962812e-05,0.00028481406,0
7530.0,7535.0,7532.5,6.65e-05,0.0003325,0
7535.0,7540.0,7537.5,6.508608e-05,0.0003254304,0
7540.0,7545.0,7542.5,5.478604e-05,0.0002739302,0
7545.0,7550.0,7547.5,6.528796e-05,0.0003264398,0
7550.0,7555.0,7552.5,7.472772e-05,0.0003736386,0
7555.0,7560.0,7557.5,5.344629e-05,0.00026723145,0
7560.0,7565.0,7562.5,7.362926e-05,0.0003681463,0
7565.0,7570.0,7567.5,6.184372e-05,0.0003092186,0
7570.0,7575.0,7572.5,5.808086e-05,0.0002904043,0
7575.0,7580.0,7577.5,5.696024e-05,0.0002848012,0
7580.0,7585.0,7582.5,6.9024836e-05,0.00034512418,0
7585.0,7590.0,7587.5,4.964242e-05,0.0002482121,0
7590.0,7595.0,7592.5,6.868474e-05,0.0003434237,0
7595.0,7600.0,7597.5,5.45275e-05,0.0002726375,0
7600.0,7605.0,7602.5,6.4036572e-05,0.00032018286,0
7605.0,7610.0,7607.5,7.352956e-05,0.0003676478,0
7610.0,7615.0,7612.5,6.415146e-05,0.0003207573,0
7615.0,7620.0,7617.5,6.282426e-05,0.0003141213,0
7620.0,7625.0,7622.5,6.068848e-05,0.0003034424,0
7625.0,7630.0,7627.5,6.282084e-05,0.0003141042,0
7630.0,7635.0,7632.5,4.74098e-05,0.000237049,0
7635.0,7640.0,7637.5,5.468416e-05,0.0002734208,0
7640.0,7645.0,7642.5,6.879584e-05,0.0003439792,0
7645.0,7650.0,7647.5,6.531964e-05,0.0003265982,0
7650.0,7655.0,7652.5,5.21689e-05,0.0002608445,0
7655.0,7660.0,7657.5,5.457718e-05,0.0002728859,0
7660.0,7665.0,7662.5,5.578342e-05,0.0002789171,0
7665.0,7670.0,7667.5,4.9840156e-05,0.00024920078,0
7670.0,7675.0,7672.5,5.5657916e-05,0.00027828958,0
7675.0,7680.0,7677.5,6.525084e-05,0.0003262542,0
7680.0,7685.0,7682.5,5.691589e-05,0.00028457945,0
7685.0,7690.0,7687.5,5.801318e-05,0.0002900659,0
7690.0,7695.0,7692.5,7.3555086e-05,0.00036777543,0
7695.0,7700.0,7697.5,5.211954e-05,0.0002605977,0
7700.0,7705.0,7702.5,6.6509966e-05,0.00033254983,0
7705.0,7710.0,7707.5,4.6195192e-05,0.00023097596,0
7710.0,7715.0,7712.5,6.872766e-05,0.0003436383,0
7715.0,7720.0,7717.5,4.976205e-05,0.00024881025,0
7720.0,7725.0,7722.5,6.529468e-05,0.0003264734,0
7725.0,7730.0,7727.5,6.304498e-05,0.0003152249,0
7730.0,7735.0,7732.5,5.331192e-05,0.0002665596,0
7735.0,7740.0,7737.5,7.007786e-05,0.0003503893,0
7740.0,7745.0,7742.5,5.805868e-05,0.0002902934,0
7745.0,7750.0,7747.5,5.816982e-05,0.0002908491,0
7750.0,7755.0,7752.5,5.937482e-05,0.0002968741,0
7755.0,7760.0,7757.5,7.601354e-05,0.0003800677,0
7760.0,7765.0,7762.5,6.419544e-05,0.0003209772,0
7765.0,7770.0,7767.5,5.9236812e-05,0.00029618406,0
7770.0,7775.0,7772.5,6.88891e-05,0.0003444455,0
7775.0,7780.0,7777.5,6.407502e-05,0.0003203751,0
7780.0,7785.0,7782.5,4.988632e-05,0.0002494316,0
7785.0,7790.0,7787.5,7.239358e-05,0.0003619679,0
7790.0,7795.0,7792.5,4.989462e-05,0.0002494731,0
7795.0,7800.0,7797.5,7.477958e-05,0.0003738979,0
7800.0,7805.0,7802.5,5.704252e-05,0.0002852126,0
7805.0,7810.0,7807.5,5.9173032e-05,0.00029586516,0
7810.0,7815.0,7812.5,6.655798e-05,0.0003327899,0
7815.0,7820.0,7817.5,4.9631052e-05,0.00024815526,0
7820.0,7825.0,7822.5,5.814924e-05,0.0002907462,0
7825.0,7830.0,7827.5,6.0577252e-05,0.00030288626,0
7830.0,7835.0,7832.5,6.282422e-05,0.0003141211,0
7835.0,7840.0,7837.5,5.802284e-05,0.0002901142,0
7840.0,7845.0,7842.5,6.640974e-05,0.0003320487,0
7845.0,7850.0,7847.5,6.876824e-05,0.0003438412,0
7850.0,7855.0,7852.5,5.685188e-05,0.0002842594,0
7855.0,7860.0,7857.5,6.517938e-05,0.0003258969,0
7860.0,7865.0,7862.5,6.286078e-05,0.0003143039,0
7865.0,7870.0,7867.5,4.9616414e-05,0.00024808207,0
7870.0,7875.0,7872.5,6.290416e-05,0.0003145208,0
7875.0,7880.0,7877.5,7.365574e-05,0.0003682787,0
7880.0,7885.0,7882.5,7.342234e-05,0.0003671117,0
7885.0,7890.0,7887.5,5.820642e-05,0.0002910321,0
7890.0,7895.0,7892.5,6.1595016e-05,0.00030797508,0
7895.0,7900.0,7897.5,4.862338e-05,0.0002431169,0
7900.0,7905.0,7902.5,6.054532e-05,0.0003027266,0
7905.0,7910.0,7907.5,5.475322e-05,0.0002737661,0
7910.0,7915.0,7912.5,4.5178996e-05,0.00022589498,0
7915.0,7920.0,7917.5,6.05625e-05,0.0003028125,0
7920.0,7925.0,7922.5,7.487532e-05,0.0003743766,0
7925.0,7930.0,7927.5,4.8713594e-05,0.00024356797,0
7930.0,7935.0,7932.5,6.7677476e-05,0.00033838738,0
7935.0,7940.0,7937.5,6.536224e-05,0.0003268112,0
7940.0,7945.0,7942.5,6.279006e-05,0.0003139503,0
7945.0,7950.0,7947.5,5.004204e-05,0.0002502102,0
7950.0,7955.0,7952.5,6.633992e-05,0.0003316996,0
7955.0,7960.0,7957.5,5.4354874e-05,0.00027177437,0
7960.0,7965.0,7962.5,5.822966e-05,0.0002911483,0
7965.0,7970.0,7967.5,4.262472e-05,0.0002131236,0
7970.0,7975.0,7972.5,7.2366e-05,0.00036183,0
7975.0,7980.0,7977.5,6.39987e-05,0.0003199935,0
7980.0,7985.0,7982.5,5.819354e-05,0.0002909677,0
7985.0,7990.0,7987.5,5.4604444e-05,0.00027302222,0
7990.0,7995.0,7992.5,5.4589036e-05,0.00027294518,0
7995.0,8000.0,7997.5,6.534183e-05,0.00032670915,0
8000.0,8005.0,8002.5,5.2151894e-05,0.00026075947,0
8005.0,8010.0,8007.5,4.397751e-05,0.00021988755,0
8010.0,8015.0,8012.5,5.4594692e-05,0.00027297346,0
8015.0,8020.0,8017.5,6.515008e-05,0.0003257504,0
8020.0,8025.0,8022.5,6.185682e-05,0.0003092841,0
8025.0,8030.0,8027.5,5.8214156e-05,0.00029107078,0
8030.0,8035.0,8032.5,5.916742e-05,0.0002958371,0
8035.0,8040.0,8037.5,5.346646e-05,0.0002673323,0
8040.0,8045.0,8042.5,6.179152e-05,0.0003089576,0
8045.0,8050.0,8047.5,6.30107e-05,0.0003150535,0
8050.0,8055.0,8052.5,6.5324742e-05,0.00032662371,0
8055.0,8060.0,8057.5,5.228194e-05,0.0002614097,0
8060.0,8065.0,8062.5,5.7962494e-05,0.00028981247,0
8065.0,8070.0,8067.5,6.638472e-05,0.0003319236,0
8070.0,8075.0,8072.5,6.655368e-05,0.0003327684,0
8075.0,8080.0,8077.5,5.558748e-05,0.0002779374,0
8080.0,8085.0,8082.5,5.92395e-05,0.0002961975,0
8085.0,8090.0,8087.5,5.447276e-05,0.0002723638,0
8090.0,8095.0,8092.5,6.631712e-05,0.0003315856,0
8095.0,8100.0,8097.5,5.584546e-05,0.0002792273,0
8100.0,8105.0,8102.5,4.385074e-05,0.0002192537,0
8105.0,8110.0,8107.5,5.700718e-05,0.0002850359,0
8110.0,8115.0,8112.5,4.988438e-05,0.0002494219,0
8115.0,8120.0,8117.5,6.523308e-05,0.0003261654,0
8120.0,8125.0,8122.5,5.9230752e-05,0.00029615376,0
8125.0,8130.0,8127.5,5.699852e-05,0.0002849926,0
8130.0,8135.0,8132.5,4.85923e-05,0.0002429615,0
8135.0,8140.0,8137.5,5.106984e-05,0.0002553492,0
8140.0,8145.0,8142.5,7.34655e-05,0.0003673275,0
8145.0,8150.0,8147.5,6.4180356e-05,0.00032090178,0
8150.0,8155.0,8152.5,6.521432e-05,0.0003260716,0
8155.0,8160.0,8157.5,5.6840114e-05,0.00028420057,0
8160.0,8165.0,8162.5,5.818252e-05,0.0002909126,0
8165.0,8170.0,8167.5,7.727176e-05,0.0003863588,0
8170.0,8175.0,8172.5,4.284948e-05,0.0002142474,0
8175.0,8180.0,8177.5,7.0115216e-05,0.00035057608,0
8180.0,8185.0,8182.5,6.3934292e-05,0.00031967146,0
8185.0,8190.0,8187.5,7.012732e-05,0.0003506366,0
8190.0,8195.0,8192.5,6.7816456e-05,0.00033908228,0
8195.0,8200.0,8197.5,5.45075e-05,0.0002725375,0
8200.0,8205.0,8202.5,5.693506e-05,0.0002846753,0
8205.0,8210.0,8207.5,6.3000094e-05,0.00031500047,0
8210.0,8215.0,8212.5,4.7487656e-05,0.00023743828,0
8215.0,8220.0,8217.5,7.707048e-05,0.0003853524,0
8220.0,8225.0,8222.5,6.051188e-05,0.0003025594,0
8225.0,8230.0,8227.5,8.303366e-05,0.0004151683,0
8230.0,8235.0,8232.5,6.049798e-05,0.0003024899,0
8235.0,8240.0,8237.5,6.16935e-05,0.0003084675,0
8240.0,8245.0,8242.5,6.2866302e-05,0.00031433151,0
8245.0,8250.0,8247.5,5.46073e-05,0.0002730365,0
8250.0,8255.0,8252.5,6.52403e-05,0.0003262015,0
8255.0,8260.0,8257.5,7.109492e-05,0.0003554746,0
8260.0,8265.0,8262.5,5.714598e-05,0.0002857299,0
8265.0,8270.0,8267.5,6.40746e-05,0.000320373,0
8270.0,8275.0,8272.5,5.2286082e-05,0.00026143041,0
8275.0,8280.0,8277.5,5.462056e-05,0.0002731028,0
8280.0,8285.0,8282.5,4.9878344e-05,0.00024939172,0
8285.0,8290.0,8287.5,5.698308e-05,0.0002849154,0
8290.0,8295.0,8292.5,5.93431e-05,0.0002967155,0
8295.0,8300.0,8297.5,6.390876e-05,0.0003195438,0
8300.0,8305.0,8302.5,6.398898e-05,0.0003199449,0
8305.0,8310.0,8307.5,6.41307e-05,0.0003206535,0
8310.0,8315.0,8312.5,6.898096e-05,0.0003449048,0
8315.0,8320.0,8317.5,5.698866e-05,0.0002849433,0
8320.0,8325.0,8322.5,5.812062e-05,0.0002906031,0
8325.0,8330.0,8327.5,5.8073474e-05,0.00029036737,0
8330.0,8335.0,8332.5,4.743996e-05,0.0002371998,0
8335.0,8340.0,8337.5,5.824562e-05,0.0002912281,0
8340.0,8345.0,8342.5,2.2495266e-05,0.00011247633,0
8345.0,8350.0,8347.5,9.47849e-06,4.739245e-05,0
8350.0,8355.0,8352.5,1.9018428e-05,9.509214e-05,0
8355.0,8360.0,8357.5,1.5433726e-05,7.716863e-05,0
8360.0,8365.0,8362.5,2.3717622e-05,0.00011858811,0
8365.0,8370.0,8367.5,2.3688944e-05,0.00011844472,0
8370.0,8375.0,8372.5,1.4226106e-05,7.113053e-05,0
8375.0,8380.0,8377.5,2.0214096e-05,0.00010107048,0
8380.0,8385.0,8382.5,1.5426592e-05,7.713296e-05,0
8385.0,8390.0,8387.5,1.666586e-05,8.33293e-05,0
8390.0,8395.0,8392.5,1.5434414e-05,7.717207e-05,0
8395.0,8400.0,8397.5,1.9047552e-05,9.523776e-05,0
8400.0,8405.0,8402.5,1.915484e-05,9.57742e-05,0
8405.0,8410.0,8407.5,3.0947694e-05,0.00015473847,0
8410.0,8415.0,8412.5,1.54161e-05,7.70805e-05,0
8415.0,8420.0,8417.5,2.6217976e-05,0.00013108988,0
8420.0,8425.0,8422.5,1.7871456e-05,8.935728e-05,0
8425.0,8430.0,8427.5,1.4293278e-05,7.146639e-05,0
8430.0,8435.0,8432.5,1.5428582e-05,7.714291e-05,0
8435.0,8440.0,8437.5,1.8946272e-05,9.473136e-05,0
8440.0,8445.0,8442.5,2.0210204e-05,0.00010105102,0
8445.0,8450.0,8447.5,1.1880922e-05,5.940461e-05,0
8450.0,8455.0,8452.5,2.3772816e-05,0.00011886408,0
8455.0,8460.0,8457.5,1.54875e-05,7.74375e-05,0
8460.0,8465.0,8462.5,1.4254158e-05,7.127079e-05,0
8465.0,8470.0,8467.5,1.9012612e-05,9.506306e-05,0
8470.0,8475.0,8472.5,1.4300286e-05,7.150143e-05,0
8475.0,8480.0,8477.5,2.502035e-05,0.00012510175,0
8480.0,8485.0,8482.5,1.8990452e-05,9.495226e-05,0
8485.0,8490.0,8487.5,2.2672094e-05,0.00011336047,0
8490.0,8495.0,8492.5,1.668421e-05,8.342105e-05,0
8495.0,8500.0,8497.5,1.5504422e-05,7.752211e-05,0
8500.0,8505.0,8502.5,1.4260572e-05,7.130286e-05,0
8505.0,8510.0,8507.5,2.622368e-05,0.0001311184,0
8510.0,8515.0,8512.5,1.5402544e-05,7.701272e-05,0
8515.0,8520.0,8517.5,1.6678324e-05,8.339162e-05,0
8520.0,8525.0,8522.5,1.3110358e-05,6.555179e-05,0
8525.0,8530.0,8527.5,1.4257078e-05,7.128539e-05,0
8530.0,8535.0,8532.5,1.3065048e-05,6.532524e-05,0
8535.0,8540.0,8537.5,1.425474e-05,7.12737e-05,0
8540.0,8545.0,8542.5,2.4867348e-05,0.00012433674,0
8545.0,8550.0,8547.5,1.7802006e-05,8.901003e-05,0
8550.0,8555.0,8552.5,8.344952e-06,4.172476e-05,0
8555.0,8560.0,8557.5,4.749504e-06,2.374752e-05,0
8560.0,8565.0,8562.5,1.908057e-05,9.540285e-05,0
8565.0,8570.0,8567.5,1.7809052e-05,8.904526e-05,0
8570.0,8575.0,8572.5,1.5430802e-05,7.715401e-05,0
8575.0,8580.0,8577.5,2.3737746e-05,0.00011868873,0
8580.0,8585.0,8582.5,1.4243752e-05,7.121876e-05,0
8585.0,8590.0,8587.5,2.256971e-05,0.00011284855,0
8590.0,8595.0,8592.5,1.5484286e-05,7.742143e-05,0
8595.0,8600.0,8597.5,1.304612e-05,6.52306e-05,0
8600.0,8605.0,8602.5,1.541803e-05,7.709015e-05,0
8605.0,8610.0,8607.5,1.3115962e-05,6.557981e-05,0
8610.0,8615.0,8612.5,1.1878396e-05,5.939198e-05,0
8615.0,8620.0,8617.5,1.9015496e-05,9.507748e-05,0
8620.0,8625.0,8622.5,2.1382788e-05,0.00010691394,0
8625.0,8630.0,8627.5,1.4279138e-05,7.139569e-05,0
8630.0,8635.0,8632.5,1.4155332e-05,7.077666e-05,0
8635.0,8640.0,8637.5,1.5422706e-05,7.711353e-05,0
8640.0,8645.0,8642.5,1.4234398e-05,7.117199e-05,0
8645.0,8650.0,8647.5,1.7816128e-05,8.908064e-05,0
8650.0,8655.0,8652.5,2.500774e-05,0.0001250387,0
8655.0,8660.0,8657.5,2.1434996e-05,0.00010717498,0
8660.0,8665.0,8662.5,2.3772794e-05,0.00011886397,0
8665.0,8670.0,8667.5,1.6780838e-05,8.390419e-05,0
8670.0,8675.0,8672.5,1.54645e-05,7.73225e-05,0
8675.0,8680.0,8677.5,1.903027e-05,9.515135e-05,0
8680.0,8685.0,8682.5,2.021438e-05,0.0001010719,0
8685.0,8690.0,8687.5,9.51516e-06,4.75758e-05,0
8690.0,8695.0,8692.5,1.7801766e-05,8.900883e-05,0
8695.0,8700.0,8697.5,1.9057328e-05,9.528664e-05,0
8700.0,8705.0,8702.5,1.4224554e-05,7.112277e-05,0
8705.0,8710.0,8707.5,1.5457292e-05,7.728646e-05,0
8710.0,8715.0,8712.5,2.8435874e-05,0.00014217937,0
8715.0,8720.0,8717.5,1.6661636e-05,8.330818e-05,0
8720.0,8725.0,8722.5,2.1402678e-05,0.00010701339,0
8725.0,8730.0,8727.5,1.074485e-05,5.372425e-05,0
8730.0,8735.0,8732.5,1.784022e-05,8.92011e-05,0
8735.0,8740.0,8737.5,2.015335e-05,0.00010076675,0
8740.0,8745.0,8742.5,2.4858386e-05,0.00012429193,0
8745.0,8750.0,8747.5,1.8985978e-05,9.492989e-05,0
8750.0,8755.0,8752.5,1.8992784e-05,9.496392e-05,0
8755.0,8760.0,8757.5,2.2612388e-05,0.00011306194,0
8760.0,8765.0,8762.5,1.909923e-05,9.549615e-05,0
8765.0,8770.0,8767.5,1.9001318e-05,9.500659e-05,0
8770.0,8775.0,8772.5,1.3118984e-05,6.559492e-05,0
8775.0,8780.0,8777.5,1.5475748e-05,7.737874e-05,0
8780.0,8785.0,8782.5,1.4182228e-05,7.091114e-05,0
8785.0,8790.0,8787.5,9.534878e-06,4.767439e-05,0
8790.0,8795.0,8792.5,1.547982e-05,7.73991e-05,0
8795.0,8800.0,8797.5,1.547318e-05,7.73659e-05,0
8800.0,8805.0,8802.5,7.150306e-06,3.575153e-05,0
8805.0,8810.0,8807.5,1.3110344e-05,6.555172e-05,0
8810.0,8815.0,8812.5,1.9052664e-05,9.526332e-05,0
8815.0,8820.0,8817.5,1.6602702e-05,8.301351e-05,0
8820.0,8825.0,8822.5,1.3062246e-05,6.531123e-05,0
8825.0,8830.0,8827.5,1.3131408e-05,6.565704e-05,0
8830.0,8835.0,8832.5,1.3143182e-05,6.571591e-05,0
8835.0,8840.0,8837.5,1.9019522e-05,9.509761e-05,0
8840.0,8845.0,8842.5,1.3019166e-05,6.509583e-05,0
8845.0,8850.0,8847.5,1.311701e-05,6.558505e-05,0
8850.0,8855.0,8852.5,1.6732464e-05,8.366232e-05,0
8855.0,8860.0,8857.5,1.4192262e-05,7.096131e-05,0
8860.0,8865.0,8862.5,1.5467606e-05,7.733803e-05,0
8865.0,8870.0,8867.5,1.4173136e-05,7.086568e-05,0
8870.0,8875.0,8872.5,1.537173e-05,7.685865e-05,0
8875.0,8880.0,8877.5,1.6610846e-05,8.305423e-05,0
8880.0,8885.0,8882.5,1.314044e-05,6.57022e-05,0
8885.0,8890.0,8887.5,9.559292e-06,4.779646e-05,0
8890.0,8895.0,8892.5,1.4276166e-05,7.138083e-05,0
8895.0,8900.0,8897.5,1.6645398e-05,8.322699e-05,0
8900.0,8905.0,8902.5,8.302524e-06,4.151262e-05,0
8905.0,8910.0,8907.5,1.7840308e-05,8.920154e-05,0
8910.0,8915.0,8912.5,2.0168572e-05,0.00010084286,0
8915.0,8920.0,8917.5,1.7835758e-05,8.917879e-05,0
8920.0,8925.0,8922.5,1.1833866e-05,5.916933e-05,0
8925.0,8930.0,8927.5,8.345096e-06,4.172548e-05,0
8930.0,8935.0,8932.5,1.0671028e-05,5.335514e-05,0
8935.0,8940.0,8937.5,1.7817472e-05,8.908736e-05,0
8940.0,8945.0,8942.5,1.3069106e-05,6.534553e-05,0
8945.0,8950.0,8947.5,2.1370082e-05,0.00010685041,0
8950.0,8955.0,8952.5,1.4312932e-05,7.156466e-05,0
8955.0,8960.0,8957.5,8.295566e-06,4.147783e-05,0
8960.0,8965.0,8962.5,1.1877992e-05,5.938996e-05,0
8965.0,8970.0,8967.5,8.339112e-06,4.169556e-05,0
8970.0,8975.0,8972.5,1.3151562e-05,6.575781e-05,0
8975.0,8980.0,8977.5,1.9083148e-05,9.541574e-05,0
8980.0,8985.0,8982.5,1.6648968e-05,8.324484e-05,0
8985.0,8990.0,8987.5,1.1827874e-05,5.913937e-05,0
8990.0,8995.0,8992.5,1.1940252e-05,5.970126e-05,0
8995.0,9000.0,8997.5,9.513294e-06,4.756647e-05,0
9000.0,9005.0,9002.5,1.1940412e-05,5.970206e-05,0
9005.0,9010.0,9007.5,1.4281484e-05,7.140742e-05,0
9010.0,9015.0,9012.5,5.967956e-06,2.983978e-05,0
9015.0,9020.0,9017.5,1.3087658e-05,6.543829e-05,0
9020.0,9025.0,9022.5,7.121e-06,3.5605e-05,0
9025.0,9030.0,9027.5,1.428489e-05,7.142445e-05,0
9030.0,9035.0,9032.5,8.31355e-06,4.156775e-05,0
9035.0,9040.0,9037.5,1.1862532e-05,5.931266e-05,0
9040.0,9045.0,9042.5,8.3069e-06,4.15345e-05,0
9045.0,9050.0,9047.5,7.143652e-06,3.571826e-05,0
9050.0,9055.0,9052.5,8.348054e-06,4.174027e-05,0
9055.0,9060.0,9057.5,1.4317022e-05,7.158511e-05,0
9060.0,9065.0,9062.5,1.1933266e-05,5.966633e-05,0
9065.0,9070.0,9067.5,1.5455482e-05,7.727741e-05,0
9070.0,9075.0,9072.5,1.6645848e-05,8.322924e-05,0
9075.0,9080.0,9077.5,8.308024e-06,4.154012e-05,0
9080.0,9085.0,9082.5,1.4256392e-05,7.128196e-05,0
9085.0,9090.0,9087.5,4.780992e-06,2.390496e-05,0
9090.0,9095.0,9092.5,1.424162e-05,7.12081e-05,0
9095.0,9100.0,9097.5,1.1848508e-05,5.924254e-05,0
9100.0,9105.0,9102.5,3.578418e-06,1.789209e-05,0
9105.0,9110.0,9107.5,4.785024e-06,2.392512e-05,0
9110.0,9115.0,9112.5,9.53909e-06,4.769545e-05,0
9115.0,9120.0,9117.5,1.0676588e-05,5.338294e-05,0
9120.0,9125.0,9122.5,4.722574e-06,2.361287e-05,0
9125.0,9130.0,9127.5,1.3109072e-05,6.554536e-05,0
9130.0,9135.0,9132.5,7.159348e-06,3.579674e-05,0
9135.0,9140.0,9137.5,7.140892e-06,3.570446e-05,0
9140.0,9145.0,9142.5,1.1882074e-05,5.941037e-05,0
9145.0,9150.0,9147.5,1.0681916e-05,5.340958e-05,0
9150.0,9155.0,9152.5,9.475138e-06,4.737569e-05,0
9155.0,9160.0,9157.5,8.315222e-06,4.157611e-05,0
9160.0,9165.0,9162.5,4.728636e-06,2.364318e-05,0
9165.0,9170.0,9167.5,1.063152e-05,5.31576e-05,0
9170.0,9175.0,9172.5,5.93807e-06,2.969035e-05,0
9175.0,9180.0,9177.5,4.75695e-06,2.378475e-05,0
9180.0,9185.0,9182.5,8.28469e-06,4.142345e-05,0
9185.0,9190.0,9187.5,5.976484e-06,2.988242e-05,0
9190.0,9195.0,9192.5,5.924124e-06,2.962062e-05,0
9195.0,9200.0,9197.5,7.153644e-06,3.576822e-05,0
9200.0,9205.0,9202.5,1.1851206e-05,5.925603e-05,0
9205.0,9210.0,9207.5,1.3081688e-05,6.540844e-05,0
9210.0,9215.0,9212.5,5.926612e-06,2.963306e-05,0
9215.0,9220.0,9217.5,1.1897992e-05,5.948996e-05,0
9220.0,9225.0,9222.5,1.3124286e-05,6.562143e-05,0
9225.0,9230.0,9227.5,1.4293208e-05,7.146604e-05,0
9230.0,9235.0,9232.5,9.500872e-06,4.750436e-05,0
9235.0,9240.0,9237.5,1.0713562e-05,5.356781e-05,0
9240.0,9245.0,9242.5,7.115448e-06,3.557724e-05,0
9245.0,9250.0,9247.5,8.289396e-06,4.144698e-05,0
9250.0,9255.0,9252.5,4.70984e-06,2.35492e-05,0
9255.0,9260.0,9257.5,8.350524e-06,4.175262e-05,0
9260.0,9265.0,9262.5,1.0641148e-05,5.320574e-05,0
9265.0,9270.0,9267.5,8.349206e-06,4.174603e-05,0
9270.0,9275.0,9272.5,4.765176e-06,2.382588e-05,0
9275.0,9280.0,9277.5,5.952434e-06,2.976217e-05,0
9280.0,9285.0,9282.5,3.588012e-06,1.794006e-05,0
9285.0,9290.0,9287.5,7.088126e-06,3.544063e-05,0
9290.0,9295.0,9292.5,2.374102e-06,1.187051e-05,0
9295.0,9300.0,9297.5,9.499746e-06,4.749873e-05,0
9300.0,9305.0,9302.5,9.540708e-06,4.770354e-05,0
9305.0,9310.0,9307.5,3.548432e-06,1.774216e-05,0
9310.0,9315.0,9312.5,5.933498e-06,2.966749e-05,0
9315.0,9320.0,9317.5,8.310842e-06,4.155421e-05,0
9320.0,9325.0,9322.5,9.446776e-06,4.723388e-05,0
9325.0,9330.0,9327.5,5.963884e-06,2.981942e-05,0
9330.0,9335.0,9332.5,2.38963e-06,1.194815e-05,0
9335.0,9340.0,9337.5,7.153592e-06,3.576796e-05,0
9340.0,9345.0,9342.5,2.378424e-06,1.189212e-05,0
9345.0,9350.0,9347.5,5.967956e-06,2.983978e-05,0
9350.0,9355.0,9352.5,5.94251e-06,2.971255e-05,0
9355.0,9360.0,9357.5,7.139532e-06,3.569766e-05,0
9360.0,9365.0,9362.5,1.19193e-05,5.95965e-05,0
9365.0,9370.0,9367.5,7.143556e-06,3.571778e-05,0
9370.0,9375.0,9372.5,3.610754e-06,1.805377e-05,0
9375.0,9380.0,9377.5,8.37498e-06,4.18749e-05,0
9380.0,9385.0,9382.5,7.112486e-06,3.556243e-05,0
9385.0,9390.0,9387.5,9.525158e-06,4.762579e-05,0
9390.0,9395.0,9392.5,8.329332e-06,4.164666e-05,0
9395.0,9400.0,9397.5,8.35231e-06,4.176155e-05,0
9400.0,9405.0,9402.5,7.1194e-06,3.5597e-05,0
9405.0,9410.0,9407.5,4.75138e-06,2.37569e-05,0
9410.0,9415.0,9412.5,4.722762e-06,2.361381e-05,0
9415.0,9420.0,9417.5,7.143488e-06,3.571744e-05,0
9420.0,9425.0,9422.5,3.564258e-06,1.782129e-05,0
9425.0,9430.0,9427.5,1.0685112e-05,5.342556e-05,0
9430.0,9435.0,9432.5,9.482326e-06,4.741163e-05,0
9435.0,9440.0,9437.5,8.323872e-06,4.161936e-05,0
9440.0,9445.0,9442.5,4.735626e-06,2.367813e-05,0
9445.0,9450.0,9447.5,5.962188e-06,2.981094e-05,0
9450.0,9455.0,9452.5,7.147784e-06,3.573892e-05,0
9455.0,9460.0,9457.5,4.77111e-06,2.385555e-05,0
9460.0,9465.0,9462.5,5.949642e-06,2.974821e-05,0
9465.0,9470.0,9467.5,5.945294e-06,2.972647e-05,0
9470.0,9475.0,9472.5,8.301134e-06,4.150567e-05,0
9475.0,9480.0,9477.5,5.90418e-06,2.95209e-05,0
9480.0,9485.0,9482.5,2.39114e-06,1.19557e-05,0
9485.0,9490.0,9487.5,8.259556e-06,4.129778e-05,0
9490.0,9495.0,9492.5,5.910036e-06,2.955018e-05,0
9495.0,9500.0,9497.5,4.761124e-06,2.380562e-05,0
9500.0,9505.0,9502.5,9.505288e-06,4.752644e-05,0
9505.0,9510.0,9507.5,7.138896e-06,3.569448e-05,0
9510.0,9515.0,9512.5,2.3627e-06,1.18135e-05,0
9515.0,9520.0,9517.5,8.353532e-06,4.176766e-05,0
9520.0,9525.0,9522.5,4.769794e-06,2.384897e-05,0
9525.0,9530.0,9527.5,8.31628e-06,4.15814e-05,0
9530.0,9535.0,9532.5,4.737134e-06,2.368567e-05,0
9535.0,9540.0,9537.5,8.339388e-06,4.169694e-05,0
9540.0,9545.0,9542.5,1.3133074e-05,6.566537e-05,0
9545.0,9550.0,9547.5,3.559646e-06,1.779823e-05,0
9550.0,9555.0,9552.5,7.118342e-06,3.559171e-05,0
9555.0,9560.0,9557.5,2.396914e-06,1.198457e-05,0
9560.0,9565.0,9562.5,5.9411e-06,2.97055e-05,0
9565.0,9570.0,9567.5,1.0747466e-05,5.373733e-05,0
9570.0,9575.0,9572.5,5.949628e-06,2.974814e-05,0
9575.0,9580.0,9577.5,8.28993e-06,4.144965e-05,0
9580.0,9585.0,9582.5,4.75829e-06,2.379145e-05,0
9585.0,9590.0,9587.5,8.328132e-06,4.164066e-05,0
9590.0,9595.0,9592.5,4.75262e-06,2.37631e-05,0
9595.0,9600.0,9597.5,5.933878e-06,2.966939e-05,0
9600.0,9605.0,9602.5,1.1930582e-05,5.965291e-05,0
9605.0,9610.0,9607.5,7.130754e-06,3.565377e-05,0
9610.0,9615.0,9612.5,5.935154e-06,2.967577e-05,0
9615.0,9620.0,9617.5,4.798032e-06,2.399016e-05,0
9620.0,9625.0,9622.5,4.761068e-06,2.380534e-05,0
9625.0,9630.0,9627.5,4.787918e-06,2.393959e-05,0
9630.0,9635.0,9632.5,3.552754e-06,1.776377e-05,0
9635.0,9640.0,9637.5,4.782282e-06,2.391141e-05,0
9640.0,9645.0,9642.5,4.717216e-06,2.358608e-05,0
9645.0,9650.0,9647.5,9.46966e-06,4.73483e-05,0
9660.0,9665.0,9662.5,1.1913672e-05,5.956836e-05,0
9665.0,9670.0,9667.5,5.9442e-06,2.9721e-05,0
9670.0,9675.0,9672.5,4.714186e-06,2.357093e-05,0
9675.0,9680.0,9677.5,7.11561e-06,3.557805e-05,0
9680.0,9685.0,9682.5,5.943826e-06,2.971913e-05,0
9685.0,9690.0,9687.5,2.395394e-06,1.197697e-05,0
9690.0,9695.0,9692.5,5.936984e-06,2.968492e-05,0
9695.0,9700.0,9697.5,9.573458e-06,4.786729e-05,0
9700.0,9705.0,9702.5,4.788054e-06,2.394027e-05,0
9705.0,9710.0,9707.5,3.578266e-06,1.789133e-05,0
9710.0,9715.0,9712.5,2.36715e-06,1.183575e-05,0
9715.0,9720.0,9717.5,7.119582e-06,3.559791e-05,0
9720.0,9725.0,9722.5,2.378424e-06,1.189212e-05,0
9730.0,9735.0,9732.5,5.897058e-06,2.948529e-05,0
9735.0,9740.0,9737.5,5.927742e-06,2.963871e-05,0
9740.0,9745.0,9742.5,4.758328e-06,2.379164e-05,0
9745.0,9750.0,9747.5,5.935454e-06,2.967727e-05,0
9750.0,9755.0,9752.5,3.56396e-06,1.78198e-05,0
9755.0,9760.0,9757.5,8.361922e-06,4.180961e-05,0
9760.0,9765.0,9762.5,3.542738e-06,1.771369e-05,0
9765.0,9770.0,9767.5,1.202574e-06,6.01287e-06,0
9770.0,9775.0,9772.5,1.204094e-06,6.02047e-06,0
9775.0,9780.0,9777.5,3.548432e-06,1.774216e-05,0
9780.0,9785.0,9782.5,4.768352e-06,2.384176e-05,0
9785.0,9790.0,9787.5,2.39266e-06,1.19633e-05,0
9790.0,9795.0,9792.5,2.378356e-06,1.189178e-05,0
9795.0,9800.0,9797.5,4.744154e-06,2.372077e-05,0
9800.0,9805.0,9802.5,4.779618e-06,2.389809e-05,0
9805.0,9810.0,9807.5,4.809312e-06,2.404656e-05,0
9810.0,9815.0,9812.5,3.555588e-06,1.777794e-05,0
9815.0,9820.0,9817.5,4.789566e-06,2.394783e-05,0
9820.0,9825.0,9822.5,4.752526e-06,2.376263e-05,0
9825.0,9830.0,9827.5,1.0675124e-05,5.337562e-05,0
9830.0,9835.0,9832.5,2.376904e-06,1.188452e-05,0
9835.0,9840.0,9837.5,3.57829e-06,1.789145e-05,0
9840.0,9845.0,9842.5,3.58251e-06,1.791255e-05,0
9845.0,9850.0,9847.5,5.940966e-06,2.970483e-05,0
9850.0,9855.0,9852.5,1.0710486e-05,5.355243e-05,0
9855.0,9860.0,9857.5,3.569824e-06,1.784912e-05,0
9860.0,9865.0,9862.5,8.3617e-06,4.18085e-05,0
9865.0,9870.0,9867.5,5.993666e-06,2.996833e-05,0
9870.0,9875.0,9872.5,7.112462e-06,3.556231e-05,0
9875.0,9880.0,9877.5,3.55245e-06,1.776225e-05,0
9880.0,9885.0,9882.5,1.177164e-06,5.88582e-06,0
9885.0,9890.0,9887.5,5.942344e-06,2.971172e-05,0
9890.0,9895.0,9892.5,5.965354e-06,2.982677e-05,0
9895.0,9900.0,9897.5,4.72678e-06,2.36339e-05,0
9900.0,9905.0,9902.5,7.122696e-06,3.561348e-05,0
9905.0,9910.0,9907.5,1.065257e-05,5.326285e-05,0
9910.0,9915.0,9912.5,7.12943e-06,3.564715e-05,0
9915.0,9920.0,9917.5,2.378424e-06,1.189212e-05,0
9920.0,9925.0,9922.5,2.368408e-06,1.184204e-05,0
9925.0,9930.0,9927.5,5.938326e-06,2.969163e-05,0
9930.0,9935.0,9932.5,3.544314e-06,1.772157e-05,0
9935.0,9940.0,9937.5,7.129066e-06,3.564533e-05,0
9940.0,9945.0,9942.5,4.752832e-06,2.376416e-05,0
9945.0,9950.0,9947.5,5.948122e-06,2.974061e-05,0
9950.0,9955.0,9952.5,2.371438e-06,1.185719e-05,0
9955.0,9960.0,9957.5,5.93958e-06,2.96979e-05,0
9960.0,9965.0,9962.5,3.556894e-06,1.778447e-05,0
9965.0,9970.0,9967.5,2.374102e-06,1.187051e-05,0
9970.0,9975.0,9972.5,5.959618e-06,2.979809e-05,0
9975.0,9980.0,9977.5,2.401126e-06,1.200563e-05,0
9980.0,9985.0,9982.5,2.378356e-06,1.189178e-05,0
9985.0,9990.0,9987.5,9.4654e-06,4.7327e-05,0
9990.0,9995.0,9992.5,2.369984e-06,1.184992e-05,0
9995.0,10000.0,9997.5,3.578196e-06,1.789098e-05,0
10000.0,10005.0,10002.5,3.580998e-06,1.790499e-05,0
10005.0,10010.0,10007.5,9.520642e-06,4.760321e-05,0
10010.0,10015.0,10012.5,4.772408e-06,2.386204e-05,0
10015.0,10020.0,10017.5,2.374102e-06,1.187051e-05,0
10020.0,10025.0,10022.5,7.14792e-06,3.57396e-05,0
10025.0,10030.0,10027.5,9.475466e-06,4.737733e-05,0
10030.0,10035.0,10032.5,4.755592e-06,2.377796e-05,0
10035.0,10040.0,10037.5,5.968108e-06,2.984054e-05,0
10040.0,10045.0,10042.5,4.76387e-06,2.381935e-05,0
10045.0,10050.0,10047.5,4.760992e-06,2.380496e-05,0
10050.0,10055.0,10052.5,3.589692e-06,1.794846e-05,0
10055.0,10060.0,10057.5,2.374196e-06,1.187098e-05,0
10060.0,10065.0,10062.5,3.601e-06,1.8005e-05,0
10065.0,10070.0,10067.5,7.139356e-06,3.569678e-05,0
10070.0,10075.0,10072.5,4.725496e-06,2.362748e-05,0
10075.0,10080.0,10077.5,5.963736e-06,2.981868e-05,0
10080.0,10085.0,10082.5,1.202574e-06,6.01287e-06,0
10085.0,10090.0,10087.5,1.19282e-06,5.9641e-06,0
10090.0,10095.0,10092.5,4.77088e-06,2.38544e-05,0
10095.0,10100.0,10097.5,1.177164e-06,5.88582e-06,0
10100.0,10105.0,10102.5,3.554068e-06,1.777034e-05,0
10105.0,10110.0,10107.5,3.548432e-06,1.774216e-05,0
10110.0,10115.0,10112.5,2.38963e-06,1.194815e-05,0
10115.0,10120.0,10117.5,3.534366e-06,1.767183e-05,0
10120.0,10125.0,10122.5,7.099996e-06,3.549998e-05,0
10125.0,10130.0,10127.5,3.56244e-06,1.78122e-05,0
10130.0,10135.0,10132.5,7.11537e-06,3.557685e-05,0
10135.0,10140.0,10137.5,5.96809e-06,2.984045e-05,0
10140.0,10145.0,10142.5,2.401126e-06,1.200563e-05,0
10145.0,10150.0,10147.5,1.188566e-06,5.94283e-06,0
10150.0,10155.0,10152.5,5.929826e-06,2.964913e-05,0
10155.0,10160.0,10157.5,3.58251e-06,1.791255e-05,0
10160.0,10165.0,10162.5,2.378424e-06,1.189212e-05,0
10165.0,10170.0,10167.5,8.318132e-06,4.159066e-05,0
10170.0,10175.0,10172.5,1.204094e-06,6.02047e-06,0
10175.0,10180.0,10177.5,2.359866e-06,1.179933e-05,0
10180.0,10185.0,10182.5,1.204094e-06,6.02047e-06,0
10185.0,10190.0,10187.5,5.962614e-06,2.981307e-05,0
10190.0,10195.0,10192.5,3.55147e-06,1.775735e-05,0
10195.0,10200.0,10197.5,8.294218e-06,4.147109e-05,0
10200.0,10205.0,10202.5,2.39266e-06,1.19633e-05,0
10205.0,10210.0,10207.5,1.204094e-06,6.02047e-06,0
10210.0,10215.0,10212.5,5.953948e-06,2.976974e-05,0
10215.0,10220.0,10217.5,1.177164e-06,5.88582e-06,0
10220.0,10225.0,10222.5,3.58245e-06,1.791225e-05,0
10225.0,10230.0,10227.5,3.596746e-06,1.798373e-05,0
10230.0,10235.0,10232.5,1.1867958e-05,5.933979e-05,0
10235.0,10240.0,10237.5,5.9497e-06,2.97485e-05,0
10240.0,10245.0,10242.5,5.928378e-06,2.964189e-05,0
10245.0,10250.0,10247.5,1.204094e-06,6.02047e-06,0
10250.0,10255.0,10252.5,4.783564e-06,2.391782e-05,0
10255.0,10260.0,10257.5,3.552686e-06,1.776343e-05,0
10260.0,10265.0,10262.5,4.7398e-06,2.3699e-05,0
10265.0,10270.0,10267.5,3.58396e-06,1.79198e-05,0
10270.0,10275.0,10272.5,5.962484e-06,2.981242e-05,0
10275.0,10280.0,10277.5,1.204094e-06,6.02047e-06,0
10280.0,10285.0,10282.5,1.204094e-06,6.02047e-06,0
10285.0,10290.0,10287.5,7.078438e-06,3.539219e-05,0
10290.0,10295.0,10292.5,1.188566e-06,5.94283e-06,0
10295.0,10300.0,10297.5,2.39266e-06,1.19633e-05,0
10300.0,10305.0,10302.5,4.747054e-06,2.373527e-05,0
10305.0,10310.0,10307.5,5.956706e-06,2.978353e-05,0
10310.0,10315.0,10312.5,4.72844e-06,2.36422e-05,0
10315.0,10320.0,10317.5,5.916604e-06,2.958302e-05,0
10320.0,10325.0,10322.5,3.591052e-06,1.795526e-05,0
10325.0,10330.0,10327.5,4.731228e-06,2.365614e-05,0
10330.0,10335.0,10332.5,4.785024e-06,2.392512e-05,0
10335.0,10340.0,10337.5,5.961096e-06,2.980548e-05,0
10340.0,10345.0,10342.5,5.982352e-06,2.991176e-05,0
10345.0,10350.0,10347.5,1.19282e-06,5.9641e-06,0
10350.0,10355.0,10352.5,3.596746e-06,1.798373e-05,0
10355.0,10360.0,10357.5,2.381386e-06,1.190693e-05,0
10360.0,10365.0,10362.5,4.7343e-06,2.36715e-05,0
10365.0,10370.0,10367.5,7.138274e-06,3.569137e-05,0
10370.0,10375.0,10372.5,4.811814e-06,2.405907e-05,0
10375.0,10380.0,10377.5,5.938394e-06,2.969197e-05,0
10380.0,10385.0,10382.5,5.936798e-06,2.968399e-05,0
10385.0,10390.0,10387.5,2.368408e-06,1.184204e-05,0
10390.0,10395.0,10392.5,7.116732e-06,3.558366e-05,0
10395.0,10400.0,10397.5,5.9637e-06,2.98185e-05,0
10400.0,10405.0,10402.5,2.38963e-06,1.194815e-05,0
10410.0,10415.0,10412.5,3.564182e-06,1.782091e-05,0
10415.0,10420.0,10417.5,4.737006e-06,2.368503e-05,0
10420.0,10425.0,10422.5,3.591052e-06,1.795526e-05,0
10425.0,10430.0,10427.5,4.74429e-06,2.372145e-05,0
10430.0,10435.0,10432.5,4.779542e-06,2.389771e-05,0
10435.0,10440.0,10437.5,3.575456e-06,1.787728e-05,0
10440.0,10445.0,10442.5,1.204094e-06,6.02047e-06,0
10445.0,10450.0,10447.5,1.204094e-06,6.02047e-06,0
10450.0,10455.0,10452.5,3.551266e-06,1.775633e-05,0
10455.0,10460.0,10457.5,8.380562e-06,4.190281e-05,0
10460.0,10465.0,10462.5,1.197032e-06,5.98516e-06,0
10465.0,10470.0,10467.5,1.204094e-06,6.02047e-06,0
10470.0,10475.0,10472.5,3.545572e-06,1.772786e-05,0
10475.0,10480.0,10477.5,4.76374e-06,2.38187e-05,0
10480.0,10485.0,10482.5,4.748342e-06,2.374171e-05,0
10485.0,10490.0,10487.5,2.369984e-06,1.184992e-05,0
10490.0,10495.0,10492.5,3.555716e-06,1.777858e-05,0
10495.0,10500.0,10497.5,1.204094e-06,6.02047e-06,0
10500.0,10505.0,10502.5,5.986598e-06,2.993299e-05,0
10505.0,10510.0,10507.5,4.755564e-06,2.377782e-05,0
10510.0,10515.0,10512.5,2.34866e-06,1.17433e-05,0
10515.0,10520.0,10517.5,2.360036e-06,1.180018e-05,0
10520.0,10525.0,10522.5,4.780992e-06,2.390496e-05,0
10525.0,10530.0,10527.5,5.955432e-06,2.977716e-05,0
10535.0,10540.0,10537.5,3.610754e-06,1.805377e-05,0
10540.0,10545.0,10542.5,7.136684e-06,3.568342e-05,0
10545.0,10550.0,10547.5,2.357202e-06,1.178601e-05,0
10550.0,10555.0,10552.5,5.965154e-06,2.982577e-05,0
10555.0,10560.0,10557.5,7.145256e-06,3.572628e-05,0
10560.0,10565.0,10562.5,4.741252e-06,2.370626e-05,0
10565.0,10570.0,10567.5,2.39266e-06,1.19633e-05,0
10570.0,10575.0,10572.5,3.561296e-06,1.780648e-05,0
10575.0,10580.0,10577.5,3.588214e-06,1.794107e-05,0
10580.0,10585.0,10582.5,3.56699e-06,1.783495e-05,0
10585.0,10590.0,10587.5,4.768352e-06,2.384176e-05,0
10590.0,10595.0,10592.5,2.378356e-06,1.189178e-05,0
10595.0,10600.0,10597.5,3.542904e-06,1.771452e-05,0
10605.0,10610.0,10607.5,1.188566e-06,5.94283e-06,0
10610.0,10615.0,10612.5,3.545572e-06,1.772786e-05,0
10615.0,10620.0,10617.5,4.797816e-06,2.398908e-05,0
10620.0,10625.0,10622.5,4.78077e-06,2.390385e-05,0
10625.0,10630.0,10627.5,2.396914e-06,1.198457e-05,0
10630.0,10635.0,10632.5,3.585344e-06,1.792672e-05,0
10635.0,10640.0,10637.5,3.569824e-06,1.784912e-05,0
10640.0,10645.0,10642.5,4.765544e-06,2.382772e-05,0
10645.0,10650.0,10647.5,2.381386e-06,1.190693e-05,0
10650.0,10655.0,10652.5,4.7598e-06,2.3799e-05,0
10655.0,10660.0,10657.5,2.368408e-06,1.184204e-05,0
10660.0,10665.0,10662.5,4.755496e-06,2.377748e-05,0
10665.0,10670.0,10667.5,3.55147e-06,1.775735e-05,0
10670.0,10675.0,10672.5,4.772206e-06,2.386103e-05,0
10675.0,10680.0,10677.5,1.188566e-06,5.94283e-06,0
10680.0,10685.0,10682.5,3.579786e-06,1.789893e-05,0
10685.0,10690.0,10687.5,8.309798e-06,4.154899e-05,0
10690.0,10695.0,10692.5,2.378356e-06,1.189178e-05,0
10695.0,10700.0,10697.5,1.19282e-06,5.9641e-06,0
10700.0,10705.0,10702.5,2.378424e-06,1.189212e-05,0
10705.0,10710.0,10707.5,2.357202e-06,1.178601e-05,0
10710.0,10715.0,10712.5,2.38564e-06,1.19282e-05,0
10715.0,10720.0,10717.5,3.58954e-06,1.79477e-05,0
10720.0,10725.0,10722.5,3.579596e-06,1.789798e-05,0
10725.0,10730.0,10727.5,1.202574e-06,6.01287e-06,0
10730.0,10735.0,10732.5,1.17433e-06,5.87165e-06,0
10735.0,10740.0,10737.5,3.58245e-06,1.791225e-05,0
10740.0,10745.0,10742.5,2.376904e-06,1.188452e-05,0
10745.0,10750.0,10747.5,7.133786e-06,3.566893e-05,0
10750.0,10755.0,10752.5,5.924124e-06,2.962062e-05,0
10755.0,10760.0,10757.5,3.534366e-06,1.767183e-05,0
10760.0,10765.0,10762.5,1.202574e-06,6.01287e-06,0
10765.0,10770.0,10767.5,4.755328e-06,2.377664e-05,0
10770.0,10775.0,10772.5,1.177164e-06,5.88582e-06,0
10775.0,10780.0,10777.5,2.381386e-06,1.190693e-05,0
10780.0,10785.0,10782.5,4.754116e-06,2.377058e-05,0
10785.0,10790.0,10787.5,1.19282e-06,5.9641e-06,0
10790.0,10795.0,10792.5,8.323826e-06,4.161913e-05,0
10795.0,10800.0,10797.5,4.738588e-06,2.369294e-05,0
10800.0,10805.0,10802.5,7.12555e-06,3.562775e-05,0
10805.0,10810.0,10807.5,2.36715e-06,1.183575e-05,0
10810.0,10815.0,10812.5,2.351494e-06,1.175747e-05,0
10815.0,10820.0,10817.5,4.7158e-06,2.3579e-05,0
10820.0,10825.0,10822.5,3.574012e-06,1.787006e-05,0
10825.0,10830.0,10827.5,1.177164e-06,5.88582e-06,0
10830.0,10835.0,10832.5,2.406668e-06,1.203334e-05,0
10835.0,10840.0,10837.5,4.774054e-06,2.387027e-05,0
10840.0,10845.0,10842.5,4.79932e-06,2.39966e-05,0
10845.0,10850.0,10847.5,3.578196e-06,1.789098e-05,0
10855.0,10860.0,10857.5,3.554304e-06,1.777152e-05,0
10860.0,10865.0,10862.5,4.73829e-06,2.369145e-05,0
10865.0,10870.0,10867.5,8.288198e-06,4.144099e-05,0
10870.0,10875.0,10872.5,2.381258e-06,1.190629e-05,0
10875.0,10880.0,10877.5,2.395394e-06,1.197697e-05,0
10880.0,10885.0,10882.5,7.15092e-06,3.57546e-05,0
10885.0,10890.0,10887.5,3.599488e-06,1.799744e-05,0
10890.0,10895.0,10892.5,2.368408e-06,1.184204e-05,0
10895.0,10900.0,10897.5,4.765382e-06,2.382691e-05,0
10900.0,10905.0,10902.5,7.095704e-06,3.547852e-05,0
10905.0,10910.0,10907.5,3.554304e-06,1.777152e-05,0
10910.0,10915.0,10912.5,2.371362e-06,1.185681e-05,0
10915.0,10920.0,10917.5,5.899252e-06,2.949626e-05,0
10920.0,10925.0,10922.5,2.385446e-06,1.192723e-05,0
10925.0,10930.0,10927.5,1.182872e-06,5.91436e-06,0
10930.0,10935.0,10932.5,2.39114e-06,1.19557e-05,0
10935.0,10940.0,10937.5,5.87418e-06,2.93709e-05,0
10940.0,10945.0,10942.5,5.908156e-06,2.954078e-05,0
10945.0,10950.0,10947.5,3.562762e-06,1.781381e-05,0
10950.0,10955.0,10952.5,2.381258e-06,1.190629e-05,0
10960.0,10965.0,10962.5,2.378424e-06,1.189212e-05,0
10965.0,10970.0,10967.5,3.591052e-06,1.795526e-05,0
10970.0,10975.0,10972.5,4.742198e-06,2.371099e-05,0
10975.0,10980.0,10977.5,7.155136e-06,3.577568e-05,0
10980.0,10985.0,10982.5,4.795152e-06,2.397576e-05,0
10985.0,10990.0,10987.5,3.54007e-06,1.770035e-05,0
10990.0,10995.0,10992.5,5.902964e-06,2.951482e-05,0
10995.0,11000.0,10997.5,3.553952e-06,1.776976e-05,0
11000.0,11005.0,11002.5,4.797816e-06,2.398908e-05,0
11005.0,11010.0,11007.5,2.36573e-06,1.182865e-05,0
11010.0,11015.0,11012.5,1.185536e-06,5.92768e-06,0
11015.0,11020.0,11017.5,3.596746e-06,1.798373e-05,0
11020.0,11025.0,11022.5,1.197032e-06,5.98516e-06,0
11025.0,11030.0,11027.5,2.374102e-06,1.187051e-05,0
11035.0,11040.0,11037.5,1.202574e-06,6.01287e-06,0
11040.0,11045.0,11042.5,5.966638e-06,2.983319e-05,0
11045.0,11050.0,11047.5,1.188566e-06,5.94283e-06,0
11050.0,11055.0,11052.5,3.585142e-06,1.792571e-05,0
11055.0,11060.0,11057.5,3.592426e-06,1.796213e-05,0
11060.0,11065.0,11062.5,3.544314e-06,1.772157e-05,0
11065.0,11070.0,11067.5,1.204094e-06,6.02047e-06,0
11070.0,11075.0,11072.5,7.167888e-06,3.583944e-05,0
11075.0,11080.0,11077.5,4.772398e-06,2.386199e-05,0
11080.0,11085.0,11082.5,7.143478e-06,3.571739e-05,0
11085.0,11090.0,11087.5,2.357202e-06,1.178601e-05,0
11090.0,11095.0,11092.5,2.36573e-06,1.182865e-05,0
11095.0,11100.0,11097.5,4.76677e-06,2.383385e-05,0
11100.0,11105.0,11102.5,1.188566e-06,5.94283e-06,0
11105.0,11110.0,11107.5,5.89728e-06,2.94864e-05,0
11115.0,11120.0,11117.5,4.769534e-06,2.384767e-05,0
11120.0,11125.0,11122.5,3.54006e-06,1.77003e-05,0
11125.0,11130.0,11127.5,4.722728e-06,2.361364e-05,0
11130.0,11135.0,11132.5,2.36573e-06,1.182865e-05,0
11135.0,11140.0,11137.5,4.769564e-06,2.384782e-05,0
11140.0,11145.0,11142.5,4.722728e-06,2.361364e-05,0
11145.0,11150.0,11147.5,1.177164e-06,5.88582e-06,0
11150.0,11155.0,11152.5,3.550022e-06,1.775011e-05,0
11155.0,11160.0,11157.5,2.406668e-06,1.203334e-05,0
11160.0,11165.0,11162.5,4.766832e-06,2.383416e-05,0
11165.0,11170.0,11167.5,3.579786e-06,1.789893e-05,0
11170.0,11175.0,11172.5,3.574078e-06,1.787039e-05,0
11175.0,11180.0,11177.5,1.19282e-06,5.9641e-06,0
11180.0,11185.0,11182.5,3.575532e-06,1.787766e-05,0
11185.0,11190.0,11187.5,8.348746e-06,4.174373e-05,0
11190.0,11195.0,11192.5,2.36715e-06,1.183575e-05,0
11195.0,11200.0,11197.5,4.741252e-06,2.370626e-05,0
11200.0,11205.0,11202.5,2.381386e-06,1.190693e-05,0
11205.0,11210.0,11207.5,1.204094e-06,6.02047e-06,0
11210.0,11215.0,11212.5,4.75536e-06,2.37768e-05,0
11215.0,11220.0,11217.5,2.368408e-06,1.184204e-05,0
11220.0,11225.0,11222.5,4.715312e-06,2.357656e-05,0
11225.0,11230.0,11227.5,8.304024e-06,4.152012e-05,0
11230.0,11235.0,11232.5,1.188566e-06,5.94283e-06,0
11235.0,11240.0,11237.5,3.539856e-06,1.769928e-05,0
11240.0,11245.0,11242.5,3.571244e-06,1.785622e-05,0
11245.0,11250.0,11247.5,4.736466e-06,2.368233e-05,0
11250.0,11255.0,11252.5,3.56396e-06,1.78198e-05,0
11255.0,11260.0,11257.5,1.197032e-06,5.98516e-06,0
11260.0,11265.0,11262.5,2.378424e-06,1.189212e-05,0
11265.0,11270.0,11267.5,3.58548e-06,1.79274e-05,0
11270.0,11275.0,11272.5,3.545768e-06,1.772884e-05,0
11275.0,11280.0,11277.5,1.182872e-06,5.91436e-06,0
11280.0,11285.0,11282.5,3.58548e-06,1.79274e-05,0
11285.0,11290.0,11287.5,1.1882288e-05,5.941144e-05,0
11290.0,11295.0,11292.5,4.75138e-06,2.37569e-05,0
11295.0,11300.0,11297.5,2.369984e-06,1.184992e-05,0
11300.0,11305.0,11302.5,2.338408e-06,1.169204e-05,0
11305.0,11310.0,11307.5,3.56839e-06,1.784195e-05,0
11310.0,11315.0,11312.5,8.319516e-06,4.159758e-05,0
11315.0,11320.0,11317.5,5.958156e-06,2.979078e-05,0
11320.0,11325.0,11322.5,2.395394e-06,1.197697e-05,0
11325.0,11330.0,11327.5,3.57947e-06,1.789735e-05,0
11330.0,11335.0,11332.5,2.35432e-06,1.17716e-05,0
11335.0,11340.0,11337.5,2.3627e-06,1.18135e-05,0
11340.0,11345.0,11342.5,4.772484e-06,2.386242e-05,0
11345.0,11350.0,11347.5,3.566922e-06,1.783461e-05,0
11350.0,11355.0,11352.5,2.357202e-06,1.178601e-05,0
11355.0,11360.0,11357.5,5.952528e-06,2.976264e-05,0
11360.0,11365.0,11362.5,8.32797e-06,4.163985e-05,0
11365.0,11370.0,11367.5,4.757078e-06,2.378539e-05,0
11370.0,11375.0,11372.5,2.40818e-06,1.20409e-05,0
11375.0,11380.0,11377.5,1.202574e-06,6.01287e-06,0
11380.0,11385.0,11382.5,2.401126e-06,1.200563e-05,0
11385.0,11390.0,11387.5,1.204094e-06,6.02047e-06,0
11390.0,11395.0,11392.5,2.389852e-06,1.194926e-05,0
11395.0,11400.0,11397.5,5.917194e-06,2.958597e-05,0
11400.0,11405.0,11402.5,2.351494e-06,1.175747e-05,0
11405.0,11410.0,11407.5,1.188566e-06,5.94283e-06,0
11410.0,11415.0,11412.5,1.17433e-06,5.87165e-06,0
11420.0,11425.0,11422.5,7.14802e-06,3.57401e-05,0
11430.0,11435.0,11432.5,4.76374e-06,2.38187e-05,0
11435.0,11440.0,11437.5,4.763826e-06,2.381913e-05,0
11440.0,11445.0,11442.5,1.17433e-06,5.87165e-06,0
11445.0,11450.0,11447.5,3.56847e-06,1.784235e-05,0
11450.0,11455.0,11452.5,4.800846e-06,2.400423e-05,0
11455.0,11460.0,11457.5,5.98942e-06,2.99471e-05,0
11460.0,11465.0,11462.5,3.559928e-06,1.779964e-05,0
11465.0,11470.0,11467.5,2.37714e-06,1.18857e-05,0
11470.0,11475.0,11472.5,3.579714e-06,1.789857e-05,0
11475.0,11480.0,11477.5,7.142318e-06,3.571159e-05,0
11480.0,11485.0,11482.5,4.74132e-06,2.37066e-05,0
11490.0,11495.0,11492.5,4.790738e-06,2.395369e-05,0
11495.0,11500.0,11497.5,3.566922e-06,1.783461e-05,0
11500.0,11505.0,11502.5,5.982116e-06,2.991058e-05,0
11505.0,11510.0,11507.5,4.785084e-06,2.392542e-05,0
11510.0,11515.0,11512.5,3.560012e-06,1.780006e-05,0
11515.0,11520.0,11517.5,3.573936e-06,1.786968e-05,0
11520.0,11525.0,11522.5,3.596746e-06,1.798373e-05,0
11525.0,11530.0,11527.5,3.559776e-06,1.779888e-05,0
11530.0,11535.0,11532.5,3.545572e-06,1.772786e-05,0
11540.0,11545.0,11542.5,5.943698e-06,2.971849e-05,0
11545.0,11550.0,11547.5,5.966596e-06,2.983298e-05,0
11550.0,11555.0,11552.5,2.396914e-06,1.198457e-05,0
11555.0,11560.0,11557.5,4.800846e-06,2.400423e-05,0
11560.0,11565.0,11562.5,1.19282e-06,5.9641e-06,0
11565.0,11570.0,11567.5,1.19282e-06,5.9641e-06,0
11570.0,11575.0,11572.5,4.77391e-06,2.386955e-05,0
11585.0,11590.0,11587.5,3.54007e-06,1.770035e-05,0
11590.0,11595.0,11592.5,4.754096e-06,2.377048e-05,0
11595.0,11600.0,11597.5,3.533892e-06,1.766946e-05,0
11600.0,11605.0,11602.5,4.735558e-06,2.367779e-05,0
11605.0,11610.0,11607.5,1.188566e-06,5.94283e-06,0
11610.0,11615.0,11612.5,3.548432e-06,1.774216e-05,0
11615.0,11620.0,11617.5,2.406668e-06,1.203334e-05,0
11620.0,11625.0,11622.5,4.75536e-06,2.37768e-05,0
11625.0,11630.0,11627.5,2.39114e-06,1.19557e-05,0
11630.0,11635.0,11632.5,2.39266e-06,1.19633e-05,0
11635.0,11640.0,11637.5,2.39266e-06,1.19633e-05,0
11645.0,11650.0,11647.5,7.10396e-06,3.55198e-05,0
11650.0,11655.0,11652.5,3.555716e-06,1.777858e-05,0
11655.0,11660.0,11657.5,1.177164e-06,5.88582e-06,0
11660.0,11665.0,11662.5,5.98343e-06,2.991715e-05,0
11665.0,11670.0,11667.5,2.378424e-06,1.189212e-05,0
11670.0,11675.0,11672.5,4.775076e-06,2.387538e-05,0
11675.0,11680.0,11677.5,4.768276e-06,2.384138e-05,0
11680.0,11685.0,11682.5,8.282902e-06,4.141451e-05,0
11685.0,11690.0,11687.5,4.778106e-06,2.389053e-05,0
11690.0,11695.0,11692.5,1.185536e-06,5.92768e-06,0
11695.0,11700.0,11697.5,4.768352e-06,2.384176e-05,0
11700.0,11705.0,11702.5,5.945516e-06,2.972758e-05,0
11705.0,11710.0,11707.5,2.374196e-06,1.187098e-05,0
11710.0,11715.0,11712.5,2.329866e-06,1.164933e-05,0
11715.0,11720.0,11717.5,5.972256e-06,2.986128e-05,0
11720.0,11725.0,11722.5,8.360548e-06,4.180274e-05,0
11725.0,11730.0,11727.5,3.589692e-06,1.794846e-05,0
11730.0,11735.0,11732.5,2.406668e-06,1.203334e-05,0
11735.0,11740.0,11737.5,4.75262e-06,2.37631e-05,0
11740.0,11745.0,11742.5,3.56396e-06,1.78198e-05,0
11750.0,11755.0,11752.5,2.359866e-06,1.179933e-05,0
11755.0,11760.0,11757.5,3.575388e-06,1.787694e-05,0
11760.0,11765.0,11762.5,5.98911e-06,2.994555e-05,0
11765.0,11770.0,11767.5,3.586662e-06,1.793331e-05,0
11770.0,11775.0,11772.5,3.57829e-06,1.789145e-05,0
11780.0,11785.0,11782.5,4.77533e-06,2.387665e-05,0
11785.0,11790.0,11787.5,4.742442e-06,2.371221e-05,0
11790.0,11795.0,11792.5,1.204094e-06,6.02047e-06,0
11795.0,11800.0,11797.5,5.948148e-06,2.974074e-05,0
11800.0,11805.0,11802.5,8.332378e-06,4.166189e-05,0
11805.0,11810.0,11807.5,2.362896e-06,1.181448e-05,0
11810.0,11815.0,11812.5,2.385598e-06,1.192799e-05,0
11815.0,11820.0,11817.5,1.17433e-06,5.87165e-06,0
11820.0,11825.0,11822.5,5.935318e-06,2.967659e-05,0
11825.0,11830.0,11827.5,1.204094e-06,6.02047e-06,0
11830.0,11835.0,11832.5,3.595234e-06,1.797617e-05,0
11835.0,11840.0,11837.5,2.386966e-06,1.193483e-05,0
11845.0,11850.0,11847.5,1.182872e-06,5.91436e-06,0
11850.0,11855.0,11852.5,4.77533e-06,2.387665e-05,0
11855.0,11860.0,11857.5,7.121198e-06,3.560599e-05,0
11860.0,11865.0,11862.5,4.764106e-06,2.382053e-05,0
11865.0,11870.0,11867.5,7.126644e-06,3.563322e-05,0
11870.0,11875.0,11872.5,3.53396e-06,1.76698e-05,0
11875.0,11880.0,11877.5,1.188566e-06,5.94283e-06,0
11880.0,11885.0,11882.5,4.745166e-06,2.372583e-05,0
11885.0,11890.0,11887.5,3.590676e-06,1.795338e-05,0
11890.0,11895.0,11892.5,3.589692e-06,1.794846e-05,0
11895.0,11900.0,11897.5,7.127974e-06,3.563987e-05,0
11905.0,11910.0,11907.5,1.202574e-06,6.01287e-06,0
11910.0,11915.0,11912.5,2.378424e-06,1.189212e-05,0
11915.0,11920.0,11917.5,3.550022e-06,1.775011e-05,0
11920.0,11925.0,11922.5,1.182872e-06,5.91436e-06,0
11925.0,11930.0,11927.5,1.17433e-06,5.87165e-06,0
11930.0,11935.0,11932.5,2.374102e-06,1.187051e-05,0
11935.0,11940.0,11937.5,4.735626e-06,2.367813e-05,0
11940.0,11945.0,11942.5,7.176246e-06,3.588123e-05,0
11945.0,11950.0,11947.5,3.575532e-06,1.787766e-05,0
11950.0,11955.0,11952.5,3.589692e-06,1.794846e-05,0
11955.0,11960.0,11957.5,3.559928e-06,1.779964e-05,0
11960.0,11965.0,11962.5,2.39114e-06,1.19557e-05,0
11965.0,11970.0,11967.5,4.733732e-06,2.366866e-05,0
11970.0,11975.0,11972.5,3.595234e-06,1.797617e-05,0
11975.0,11980.0,11977.5,4.747124e-06,2.373562e-05,0
11980.0,11985.0,11982.5,3.578196e-06,1.789098e-05,0
11985.0,11990.0,11987.5,1.204094e-06,6.02047e-06,0
11990.0,11995.0,11992.5,4.814854e-06,2.407427e-05,0
11995.0,12000.0,11997.5,4.742634e-06,2.371317e-05,0
12000.0,12005.0,12002.5,3.593716e-06,1.796858e-05,0
12005.0,12010.0,12007.5,3.559776e-06,1.779888e-05,0
12010.0,12015.0,12012.5,3.550022e-06,1.775011e-05,0
12015.0,12020.0,12017.5,4.78661e-06,2.393305e-05,0
12020.0,12025.0,12022.5,2.378424e-06,1.189212e-05,0
12025.0,12030.0,12027.5,4.74822e-06,2.37411e-05,0
12030.0,12035.0,12032.5,2.378424e-06,1.189212e-05,0
12035.0,12040.0,12037.5,1.202574e-06,6.01287e-06,0
12040.0,12045.0,12042.5,2.389852e-06,1.194926e-05,0
12045.0,12050.0,12047.5,2.351494e-06,1.175747e-05,0
12050.0,12055.0,12052.5,5.909584e-06,2.954792e-05,0
12055.0,12060.0,12057.5,4.766992e-06,2.383496e-05,0
12060.0,12065.0,12062.5,4.753926e-06,2.376963e-05,0
12065.0,12070.0,12067.5,1.17433e-06,5.87165e-06,0
12070.0,12075.0,12072.5,1.182872e-06,5.91436e-06,0
12075.0,12080.0,12077.5,4.75678e-06,2.37839e-05,0
12085.0,12090.0,12087.5,3.575532e-06,1.787766e-05,0
12095.0,12100.0,12097.5,3.581234e-06,1.790617e-05,0
12100.0,12105.0,12102.5,3.529638e-06,1.764819e-05,0
12105.0,12110.0,12107.5,4.766704e-06,2.383352e-05,0
12110.0,12115.0,12112.5,3.566794e-06,1.783397e-05,0
12120.0,12125.0,12122.5,7.119178e-06,3.559589e-05,0
12125.0,12130.0,12127.5,4.762644e-06,2.381322e-05,0
12130.0,12135.0,12132.5,4.77111e-06,2.385555e-05,0
12135.0,12140.0,12137.5,3.588214e-06,1.794107e-05,0
12140.0,12145.0,12142.5,3.574078e-06,1.787039e-05,0
12150.0,12155.0,12152.5,2.376904e-06,1.188452e-05,0
12155.0,12160.0,12157.5,1.188566e-06,5.94283e-06,0
12160.0,12165.0,12162.5,2.38564e-06,1.19282e-05,0
12165.0,12170.0,12167.5,2.36573e-06,1.182865e-05,0
12170.0,12175.0,12172.5,3.56413e-06,1.782065e-05,0
12175.0,12180.0,12177.5,3.596746e-06,1.798373e-05,0
12180.0,12185.0,12182.5,3.55147e-06,1.775735e-05,0
12190.0,12195.0,12192.5,3.545768e-06,1.772884e-05,0
12195.0,12200.0,12197.5,1.188566e-06,5.94283e-06,0
12200.0,12205.0,12202.5,2.36573e-06,1.182865e-05,0
12205.0,12210.0,12207.5,3.58251e-06,1.791255e-05,0
12210.0,12215.0,12212.5,2.362896e-06,1.181448e-05,0
12215.0,12220.0,12217.5,3.601e-06,1.8005e-05,0
12220.0,12225.0,12222.5,3.572724e-06,1.786362e-05,0
12225.0,12230.0,12227.5,2.381386e-06,1.190693e-05,0
12230.0,12235.0,12232.5,3.574172e-06,1.787086e-05,0
12235.0,12240.0,12237.5,7.14248e-06,3.57124e-05,0
12245.0,12250.0,12247.5,3.559646e-06,1.779823e-05,0
12250.0,12255.0,12252.5,4.76525e-06,2.382625e-05,0
12255.0,12260.0,12257.5,8.332176e-06,4.166088e-05,0
12260.0,12265.0,12262.5,3.592426e-06,1.796213e-05,0
12265.0,12270.0,12267.5,2.39266e-06,1.19633e-05,0
12270.0,12275.0,12272.5,4.738588e-06,2.369294e-05,0
12275.0,12280.0,12277.5,1.202574e-06,6.01287e-06,0
12280.0,12285.0,12282.5,2.39266e-06,1.19633e-05,0
12285.0,12290.0,12287.5,2.35811e-06,1.179055e-05,0
12290.0,12295.0,12292.5,1.188566e-06,5.94283e-06,0
12295.0,12300.0,12297.5,4.741422e-06,2.370711e-05,0
12300.0,12305.0,12302.5,5.930006e-06,2.965003e-05,0
12310.0,12315.0,12312.5,2.357202e-06,1.178601e-05,0
12315.0,12320.0,12317.5,7.105264e-06,3.552632e-05,0
12320.0,12325.0,12322.5,2.406668e-06,1.203334e-05,0
12325.0,12330.0,12327.5,3.57829e-06,1.789145e-05,0
12330.0,12335.0,12332.5,2.38811e-06,1.194055e-05,0
12335.0,12340.0,12337.5,1.188566e-06,5.94283e-06,0
12340.0,12345.0,12342.5,2.38963e-06,1.194815e-05,0
12345.0,12350.0,12347.5,1.188566e-06,5.94283e-06,0
12350.0,12355.0,12352.5,4.776652e-06,2.388326e-05,0
12355.0,12360.0,12357.5,3.542738e-06,1.771369e-05,0
12360.0,12365.0,12362.5,2.34866e-06,1.17433e-05,0
12370.0,12375.0,12372.5,3.579786e-06,1.789893e-05,0
12375.0,12380.0,12377.5,1.197032e-06,5.98516e-06,0
12380.0,12385.0,12382.5,3.605212e-06,1.802606e-05,0
12390.0,12395.0,12392.5,8.295114e-06,4.147557e-05,0
12395.0,12400.0,12397.5,3.56847e-06,1.784235e-05,0
12400.0,12405.0,12402.5,3.596634e-06,1.798317e-05,0
12405.0,12410.0,12407.5,4.725606e-06,2.362803e-05,0
12410.0,12415.0,12412.5,1.17433e-06,5.87165e-06,0
12415.0,12420.0,12417.5,2.406668e-06,1.203334e-05,0
12420.0,12425.0,12422.5,1.19282e-06,5.9641e-06,0
12425.0,12430.0,12427.5,2.371362e-06,1.185681e-05,0
12430.0,12435.0,12432.5,2.39266e-06,1.19633e-05,0
12435.0,12440.0,12437.5,3.566794e-06,1.783397e-05,0
12440.0,12445.0,12442.5,1.204094e-06,6.02047e-06,0
12445.0,12450.0,12447.5,5.944156e-06,2.972078e-05,0
12450.0,12455.0,12452.5,5.959414e-06,2.979707e-05,0
12455.0,12460.0,12457.5,2.401126e-06,1.200563e-05,0
12460.0,12465.0,12462.5,2.38811e-06,1.194055e-05,0
12465.0,12470.0,12467.5,2.357202e-06,1.178601e-05,0
12470.0,12475.0,12472.5,2.401126e-06,1.200563e-05,0
12475.0,12480.0,12477.5,5.940904e-06,2.970452e-05,0
12480.0,12485.0,12482.5,3.555716e-06,1.777858e-05,0
12485.0,12490.0,12487.5,4.782554e-06,2.391277e-05,0
12490.0,12495.0,12492.5,4.785024e-06,2.392512e-05,0
12495.0,12500.0,12497.5,2.389852e-06,1.194926e-05,0
12500.0,12505.0,12502.5,2.362896e-06,1.181448e-05,0
12505.0,12510.0,12507.5,3.54007e-06,1.770035e-05,0
12510.0,12515.0,12512.5,2.368408e-06,1.184204e-05,0
12515.0,12520.0,12517.5,4.741422e-06,2.370711e-05,0
12520.0,12525.0,12522.5,3.575532e-06,1.787766e-05,0
12525.0,12530.0,12527.5,7.142226e-06,3.571113e-05,0
12530.0,12535.0,12532.5,3.595234e-06,1.797617e-05,0
12535.0,12540.0,12537.5,4.76525e-06,2.382625e-05,0
12540.0,12545.0,12542.5,1.204094e-06,6.02047e-06,0
12545.0,12550.0,12547.5,1.19282e-06,5.9641e-06,0
12550.0,12555.0,12552.5,3.58548e-06,1.79274e-05,0
12555.0,12560.0,12557.5,2.37714e-06,1.18857e-05,0
12560.0,12565.0,12562.5,5.919808e-06,2.959904e-05,0
12565.0,12570.0,12567.5,8.310898e-06,4.155449e-05,0
12570.0,12575.0,12572.5,2.385446e-06,1.192723e-05,0
12575.0,12580.0,12577.5,1.17433e-06,5.87165e-06,0
12580.0,12585.0,12582.5,2.375692e-06,1.187846e-05,0
12585.0,12590.0,12587.5,1.17433e-06,5.87165e-06,0
12590.0,12595.0,12592.5,3.56699e-06,1.783495e-05,0
12595.0,12600.0,12597.5,7.14399e-06,3.571995e-05,0
12600.0,12605.0,12602.5,8.296644e-06,4.148322e-05,0
12605.0,12610.0,12607.5,4.755496e-06,2.377748e-05,0
12610.0,12615.0,12612.5,1.17433e-06,5.87165e-06,0
12615.0,12620.0,12617.5,4.731304e-06,2.365652e-05,0
12620.0,12625.0,12622.5,4.734342e-06,2.367171e-05,0
12630.0,12635.0,12632.5,2.396914e-06,1.198457e-05,0
12635.0,12640.0,12637.5,7.086816e-06,3.543408e-05,0
12640.0,12645.0,12642.5,4.786572e-06,2.393286e-05,0
12645.0,12650.0,12647.5,7.143674e-06,3.571837e-05,0
12650.0,12655.0,12652.5,3.575532e-06,1.787766e-05,0
12655.0,12660.0,12657.5,2.36715e-06,1.183575e-05,0
12660.0,12665.0,12662.5,3.534366e-06,1.767183e-05,0
12665.0,12670.0,12667.5,4.759548e-06,2.379774e-05,0
12670.0,12675.0,12672.5,5.959294e-06,2.979647e-05,0
12675.0,12680.0,12677.5,5.946536e-06,2.973268e-05,0
12680.0,12685.0,12682.5,1.204094e-06,6.02047e-06,0
12685.0,12690.0,12687.5,4.768276e-06,2.384138e-05,0
12690.0,12695.0,12692.5,1.204094e-06,6.02047e-06,0
12695.0,12700.0,12697.5,1.188566e-06,5.94283e-06,0
12700.0,12705.0,12702.5,5.938352e-06,2.969176e-05,0
12705.0,12710.0,12707.5,5.968108e-06,2.984054e-05,0
12710.0,12715.0,12712.5,4.78236e-06,2.39118e-05,0
12715.0,12720.0,12717.5,1.204094e-06,6.02047e-06,0
12720.0,12725.0,12722.5,2.385598e-06,1.192799e-05,0
12725.0,12730.0,12727.5,3.581234e-06,1.790617e-05,0
12730.0,12735.0,12732.5,2.381386e-06,1.190693e-05,0
12735.0,12740.0,12737.5,3.56547e-06,1.782735e-05,0
12740.0,12745.0,12742.5,1.202574e-06,6.01287e-06,0
12745.0,12750.0,12747.5,2.38963e-06,1.194815e-05,0
12750.0,12755.0,12752.5,3.573654e-06,1.786827e-05,0
12755.0,12760.0,12757.5,7.146708e-06,3.573354e-05,0
12760.0,12765.0,12762.5,5.942614e-06,2.971307e-05,0
12765.0,12770.0,12767.5,3.559928e-06,1.779964e-05,0
12770.0,12775.0,12772.5,5.949698e-06,2.974849e-05,0
12775.0,12780.0,12777.5,2.359866e-06,1.179933e-05,0
12780.0,12785.0,12782.5,3.588172e-06,1.794086e-05,0
12785.0,12790.0,12787.5,2.359866e-06,1.179933e-05,0
12790.0,12795.0,12792.5,3.569724e-06,1.784862e-05,0
12795.0,12800.0,12797.5,2.385446e-06,1.192723e-05,0
12800.0,12805.0,12802.5,3.575532e-06,1.787766e-05,0
12805.0,12810.0,12807.5,4.762342e-06,2.381171e-05,0
12810.0,12815.0,12812.5,3.50703e-06,1.753515e-05,0
12815.0,12820.0,12817.5,1.188566e-06,5.94283e-06,0
12820.0,12825.0,12822.5,4.749786e-06,2.374893e-05,0
12825.0,12830.0,12827.5,3.555716e-06,1.777858e-05,0
12830.0,12835.0,12832.5,3.61228e-06,1.80614e-05,0
12835.0,12840.0,12837.5,2.406668e-06,1.203334e-05,0
12840.0,12845.0,12842.5,3.559928e-06,1.779964e-05,0
12845.0,12850.0,12847.5,2.389852e-06,1.194926e-05,0
12850.0,12855.0,12852.5,4.803574e-06,2.401787e-05,0
12855.0,12860.0,12857.5,2.38963e-06,1.194815e-05,0
12860.0,12865.0,12862.5,4.762544e-06,2.381272e-05,0
12865.0,12870.0,12867.5,7.074444e-06,3.537222e-05,0
12875.0,12880.0,12877.5,2.344102e-06,1.172051e-05,0
12880.0,12885.0,12882.5,3.542738e-06,1.771369e-05,0
12890.0,12895.0,12892.5,5.953872e-06,2.976936e-05,0
12895.0,12900.0,12897.5,4.76374e-06,2.38187e-05,0
12900.0,12905.0,12902.5,4.771076e-06,2.385538e-05,0
12905.0,12910.0,12907.5,3.566922e-06,1.783461e-05,0
12910.0,12915.0,12912.5,4.759614e-06,2.379807e-05,0
12915.0,12920.0,12917.5,7.137884e-06,3.568942e-05,0
12920.0,12925.0,12922.5,3.576676e-06,1.788338e-05,0
12925.0,12930.0,12927.5,5.899894e-06,2.949947e-05,0
12930.0,12935.0,12932.5,3.554068e-06,1.777034e-05,0
12935.0,12940.0,12937.5,1.188566e-06,5.94283e-06,0
12940.0,12945.0,12942.5,5.99062e-06,2.99531e-05,0
12945.0,12950.0,12947.5,2.381386e-06,1.190693e-05,0
12950.0,12955.0,12952.5,4.776818e-06,2.388409e-05,0
12955.0,12960.0,12957.5,3.537226e-06,1.768613e-05,0
12960.0,12965.0,12962.5,3.589692e-06,1.794846e-05,0
12965.0,12970.0,12967.5,3.593716e-06,1.796858e-05,0
12970.0,12975.0,12972.5,2.37108e-06,1.18554e-05,0
12975.0,12980.0,12977.5,3.559928e-06,1.779964e-05,0
12980.0,12985.0,12982.5,7.140806e-06,3.570403e-05,0
12985.0,12990.0,12987.5,1.197032e-06,5.98516e-06,0
12990.0,12995.0,12992.5,1.17433e-06,5.87165e-06,0
12995.0,13000.0,12997.5,3.568304e-06,1.784152e-05,0
13000.0,13005.0,13002.5,3.542738e-06,1.771369e-05,0
13005.0,13010.0,13007.5,1.188566e-06,5.94283e-06,0
13010.0,13015.0,13012.5,7.108438e-06,3.554219e-05,0
13015.0,13020.0,13017.5,2.378424e-06,1.189212e-05,0
13020.0,13025.0,13022.5,8.3708e-06,4.1854e-05,0
13025.0,13030.0,13027.5,1.17433e-06,5.87165e-06,0
13030.0,13035.0,13032.5,7.145256e-06,3.572628e-05,0
13040.0,13045.0,13042.5,4.735558e-06,2.367779e-05,0
13045.0,13050.0,13047.5,3.545572e-06,1.772786e-05,0
13050.0,13055.0,13052.5,2.389852e-06,1.194926e-05,0
13055.0,13060.0,13057.5,4.758328e-06,2.379164e-05,0
13060.0,13065.0,13062.5,2.406668e-06,1.203334e-05,0
13065.0,13070.0,13067.5,1.17433e-06,5.87165e-06,0
13070.0,13075.0,13072.5,2.40818e-06,1.20409e-05,0
13080.0,13085.0,13082.5,2.381386e-06,1.190693e-05,0
13085.0,13090.0,13087.5,1.19282e-06,5.9641e-06,0
13090.0,13095.0,13092.5,7.204706e-06,3.602353e-05,0
13095.0,13100.0,13097.5,2.37714e-06,1.18857e-05,0
13100.0,13105.0,13102.5,3.554068e-06,1.777034e-05,0
13105.0,13110.0,13107.5,5.956842e-06,2.978421e-05,0
13110.0,13115.0,13112.5,2.36715e-06,1.183575e-05,0
13115.0,13120.0,13117.5,1.204094e-06,6.02047e-06,0
13120.0,13125.0,13122.5,2.39266e-06,1.19633e-05,0
13125.0,13130.0,13127.5,1.202574e-06,6.01287e-06,0
13130.0,13135.0,13132.5,2.386966e-06,1.193483e-05,0
13135.0,13140.0,13137.5,3.569824e-06,1.784912e-05,0
13140.0,13145.0,13142.5,5.969408e-06,2.984704e-05,0
13145.0,13150.0,13147.5,5.95669e-06,2.978345e-05,0
13150.0,13155.0,13152.5,3.56413e-06,1.782065e-05,0
13155.0,13160.0,13157.5,5.968048e-06,2.984024e-05,0
13160.0,13165.0,13162.5,9.52537e-06,4.762685e-05,0
13165.0,13170.0,13167.5,2.39266e-06,1.19633e-05,0
13170.0,13175.0,13172.5,5.968138e-06,2.984069e-05,0
13175.0,13180.0,13177.5,4.768046e-06,2.384023e-05,0
13180.0,13185.0,13182.5,2.39114e-06,1.19557e-05,0
13185.0,13190.0,13187.5,5.935018e-06,2.967509e-05,0
13190.0,13195.0,13192.5,3.552686e-06,1.776343e-05,0
13195.0,13200.0,13197.5,5.91713e-06,2.958565e-05,0
13200.0,13205.0,13202.5,3.552686e-06,1.776343e-05,0
13205.0,13210.0,13207.5,1.204094e-06,6.02047e-06,0
13210.0,13215.0,13212.5,1.19282e-06,5.9641e-06,0
13215.0,13220.0,13217.5,3.575456e-06,1.787728e-05,0
13220.0,13225.0,13222.5,4.788054e-06,2.394027e-05,0
13225.0,13230.0,13227.5,5.972438e-06,2.986219e-05,0
13235.0,13240.0,13237.5,2.378424e-06,1.189212e-05,0
13240.0,13245.0,13242.5,3.562676e-06,1.781338e-05,0
13245.0,13250.0,13247.5,5.975102e-06,2.987551e-05,0
13250.0,13255.0,13252.5,5.972486e-06,2.986243e-05,0
13260.0,13265.0,13262.5,3.571244e-06,1.785622e-05,0
13265.0,13270.0,13267.5,2.399606e-06,1.199803e-05,0
13270.0,13275.0,13272.5,4.745228e-06,2.372614e-05,0
13275.0,13280.0,13277.5,5.967956e-06,2.983978e-05,0
13280.0,13285.0,13282.5,3.554304e-06,1.777152e-05,0
13285.0,13290.0,13287.5,7.11516e-06,3.55758e-05,0
13290.0,13295.0,13292.5,4.741252e-06,2.370626e-05,0
13295.0,13300.0,13297.5,2.38811e-06,1.194055e-05,0
13300.0,13305.0,13302.5,5.941162e-06,2.970581e-05,0
13305.0,13310.0,13307.5,1.182872e-06,5.91436e-06,0
13310.0,13315.0,13312.5,7.162292e-06,3.581146e-05,0
13315.0,13320.0,13317.5,3.562676e-06,1.781338e-05,0
13320.0,13325.0,13322.5,2.362896e-06,1.181448e-05,0
13325.0,13330.0,13327.5,3.542904e-06,1.771452e-05,0
13330.0,13335.0,13332.5,4.749862e-06,2.374931e-05,0
13335.0,13340.0,13337.5,1.177164e-06,5.88582e-06,0
13340.0,13345.0,13342.5,3.610754e-06,1.805377e-05,0
13345.0,13350.0,13347.5,3.552754e-06,1.776377e-05,0
13350.0,13355.0,13352.5,4.72985e-06,2.364925e-05,0
13355.0,13360.0,13357.5,1.197032e-06,5.98516e-06,0
13360.0,13365.0,13362.5,3.54006e-06,1.77003e-05,0
13365.0,13370.0,13367.5,3.55147e-06,1.775735e-05,0
13370.0,13375.0,13372.5,4.75981e-06,2.379905e-05,0
13375.0,13380.0,13377.5,2.36715e-06,1.183575e-05,0
13380.0,13385.0,13382.5,2.381258e-06,1.190629e-05,0
13385.0,13390.0,13387.5,1.204094e-06,6.02047e-06,0
13395.0,13400.0,13397.5,3.54006e-06,1.77003e-05,0
13400.0,13405.0,13402.5,7.126764e-06,3.563382e-05,0
13405.0,13410.0,13407.5,5.942376e-06,2.971188e-05,0
13410.0,13415.0,13412.5,3.554068e-06,1.777034e-05,0
13415.0,13420.0,13417.5,7.126806e-06,3.563403e-05,0
13420.0,13425.0,13422.5,3.58245e-06,1.791225e-05,0
13425.0,13430.0,13427.5,2.396914e-06,1.198457e-05,0
13430.0,13435.0,13432.5,3.58245e-06,1.791225e-05,0
13435.0,13440.0,13437.5,4.762654e-06,2.381327e-05,0
13440.0,13445.0,13442.5,2.362896e-06,1.181448e-05,0
13450.0,13455.0,13452.5,4.75829e-06,2.379145e-05,0
13455.0,13460.0,13457.5,2.386966e-06,1.193483e-05,0
13460.0,13465.0,13462.5,3.571176e-06,1.785588e-05,0
13465.0,13470.0,13467.5,5.943698e-06,2.971849e-05,0
13470.0,13475.0,13472.5,9.564952e-06,4.782476e-05,0
13475.0,13480.0,13477.5,4.779618e-06,2.389809e-05,0
13480.0,13485.0,13482.5,3.568512e-06,1.784256e-05,0
13485.0,13490.0,13487.5,9.49806e-06,4.74903e-05,0
13490.0,13495.0,13492.5,4.771016e-06,2.385508e-05,0
13495.0,13500.0,13497.5,1.188566e-06,5.94283e-06,0
13505.0,13510.0,13507.5,1.17433e-06,5.87165e-06,0
13510.0,13515.0,13512.5,2.379904e-06,1.189952e-05,0
13515.0,13520.0,13517.5,5.976292e-06,2.988146e-05,0
13520.0,13525.0,13522.5,4.756878e-06,2.378439e-05,0
13525.0,13530.0,13527.5,2.359866e-06,1.179933e-05,0
13530.0,13535.0,13532.5,3.559928e-06,1.779964e-05,0
13540.0,13545.0,13542.5,5.932658e-06,2.966329e-05,0
13545.0,13550.0,13547.5,5.934208e-06,2.967104e-05,0
13550.0,13555.0,13552.5,4.77533e-06,2.387665e-05,0
13555.0,13560.0,13557.5,1.0767416e-05,5.383708e-05,0
13560.0,13565.0,13562.5,5.945346e-06,2.972673e-05,0
13565.0,13570.0,13567.5,3.583832e-06,1.791916e-05,0
13570.0,13575.0,13572.5,2.36573e-06,1.182865e-05,0
13575.0,13580.0,13577.5,7.150962e-06,3.575481e-05,0
13580.0,13585.0,13582.5,2.376904e-06,1.188452e-05,0
13585.0,13590.0,13587.5,4.77533e-06,2.387665e-05,0
13590.0,13595.0,13592.5,3.599488e-06,1.799744e-05,0
13595.0,13600.0,13597.5,7.169162e-06,3.584581e-05,0
13600.0,13605.0,13602.5,4.764022e-06,2.382011e-05,0
13605.0,13610.0,13607.5,7.149466e-06,3.574733e-05,0
13610.0,13615.0,13612.5,2.385598e-06,1.192799e-05,0
13615.0,13620.0,13617.5,3.551234e-06,1.775617e-05,0
13620.0,13625.0,13622.5,2.38963e-06,1.194815e-05,0
13625.0,13630.0,13627.5,2.344102e-06,1.172051e-05,0
13630.0,13635.0,13632.5,3.573936e-06,1.786968e-05,0
13635.0,13640.0,13637.5,3.55147e-06,1.775735e-05,0
13640.0,13645.0,13642.5,4.786398e-06,2.393199e-05,0
13645.0,13650.0,13647.5,3.575174e-06,1.787587e-05,0
13650.0,13655.0,13652.5,4.7428e-06,2.3714e-05,0
13655.0,13660.0,13657.5,8.343584e-06,4.171792e-05,0
13660.0,13665.0,13662.5,3.578196e-06,1.789098e-05,0
13665.0,13670.0,13667.5,1.188566e-06,5.94283e-06,0
13670.0,13675.0,13672.5,2.374102e-06,1.187051e-05,0
13675.0,13680.0,13677.5,3.54006e-06,1.77003e-05,0
13685.0,13690.0,13687.5,1.197032e-06,5.98516e-06,0
13690.0,13695.0,13692.5,2.368408e-06,1.184204e-05,0
13695.0,13700.0,13697.5,2.374102e-06,1.187051e-05,0
13700.0,13705.0,13702.5,5.936906e-06,2.968453e-05,0
13705.0,13710.0,13707.5,2.37108e-06,1.18554e-05,0
13710.0,13715.0,13712.5,5.905398e-06,2.952699e-05,0
13715.0,13720.0,13717.5,2.360036e-06,1.180018e-05,0
13720.0,13725.0,13722.5,7.07966e-06,3.53983e-05,0
13725.0,13730.0,13727.5,1.188566e-06,5.94283e-06,0
13730.0,13735.0,13732.5,7.125248e-06,3.562624e-05,0
13735.0,13740.0,13737.5,2.34866e-06,1.17433e-05,0
13740.0,13745.0,13742.5,1.188566e-06,5.94283e-06,0
13745.0,13750.0,13747.5,3.610754e-06,1.805377e-05,0
13750.0,13755.0,13752.5,5.965384e-06,2.982692e-05,0
13755.0,13760.0,13757.5,5.931408e-06,2.965704e-05,0
13760.0,13765.0,13762.5,3.545166e-06,1.772583e-05,0
13770.0,13775.0,13772.5,1.188566e-06,5.94283e-06,0
13775.0,13780.0,13777.5,3.521266e-06,1.760633e-05,0
13780.0,13785.0,13782.5,7.095658e-06,3.547829e-05,0
13790.0,13795.0,13792.5,7.135312e-06,3.567656e-05,0
13795.0,13800.0,13797.5,4.764064e-06,2.382032e-05,0
13800.0,13805.0,13802.5,3.578418e-06,1.789209e-05,0
13805.0,13810.0,13807.5,1.204094e-06,6.02047e-06,0
13810.0,13815.0,13812.5,5.986598e-06,2.993299e-05,0
13815.0,13820.0,13817.5,2.329866e-06,1.164933e-05,0
13820.0,13825.0,13822.5,3.548432e-06,1.774216e-05,0
13825.0,13830.0,13827.5,4.725606e-06,2.362803e-05,0
13830.0,13835.0,13832.5,4.749862e-06,2.374931e-05,0
13835.0,13840.0,13837.5,5.952292e-06,2.976146e-05,0
13840.0,13845.0,13842.5,4.700144e-06,2.350072e-05,0
13845.0,13850.0,13847.5,3.518432e-06,1.759216e-05,0
13850.0,13855.0,13852.5,3.545692e-06,1.772846e-05,0
13855.0,13860.0,13857.5,8.373534e-06,4.186767e-05,0
13860.0,13865.0,13862.5,8.346614e-06,4.173307e-05,0
13865.0,13870.0,13867.5,2.36574e-06,1.18287e-05,0
13870.0,13875.0,13872.5,7.163762e-06,3.581881e-05,0
13875.0,13880.0,13877.5,2.376904e-06,1.188452e-05,0
13880.0,13885.0,13882.5,2.36715e-06,1.183575e-05,0
13885.0,13890.0,13887.5,7.14792e-06,3.57396e-05,0
13890.0,13895.0,13892.5,4.72678e-06,2.36339e-05,0
13895.0,13900.0,13897.5,5.928446e-06,2.964223e-05,0
13900.0,13905.0,13902.5,1.197032e-06,5.98516e-06,0
13905.0,13910.0,13907.5,2.378424e-06,1.189212e-05,0
13910.0,13915.0,13912.5,2.381386e-06,1.190693e-05,0
13915.0,13920.0,13917.5,2.39266e-06,1.19633e-05,0
13920.0,13925.0,13922.5,5.990658e-06,2.995329e-05,0
13925.0,13930.0,13927.5,2.39266e-06,1.19633e-05,0
13930.0,13935.0,13932.5,7.123888e-06,3.561944e-05,0
13935.0,13940.0,13937.5,5.89814e-06,2.94907e-05,0
13940.0,13945.0,13942.5,2.386966e-06,1.193483e-05,0
13945.0,13950.0,13947.5,4.741422e-06,2.370711e-05,0
13950.0,13955.0,13952.5,5.903944e-06,2.951972e-05,0
13955.0,13960.0,13957.5,3.555716e-06,1.777858e-05,0
13960.0,13965.0,13962.5,7.14056e-06,3.57028e-05,0
13965.0,13970.0,13967.5,1.1895338e-05,5.947669e-05,0
13970.0,13975.0,13972.5,3.578418e-06,1.789209e-05,0
13975.0,13980.0,13977.5,2.376904e-06,1.188452e-05,0
13980.0,13985.0,13982.5,4.763954e-06,2.381977e-05,0
13985.0,13990.0,13987.5,2.351494e-06,1.175747e-05,0
13990.0,13995.0,13992.5,1.188566e-06,5.94283e-06,0
13995.0,14000.0,13997.5,2.34866e-06,1.17433e-05,0
14000.0,14005.0,14002.5,1.188566e-06,5.94283e-06,0
14005.0,14010.0,14007.5,3.561296e-06,1.780648e-05,0
14010.0,14015.0,14012.5,3.579786e-06,1.789893e-05,0
14015.0,14020.0,14017.5,3.591052e-06,1.795526e-05,0
14020.0,14025.0,14022.5,5.965154e-06,2.982577e-05,0
14025.0,14030.0,14027.5,3.564258e-06,1.782129e-05,0
14030.0,14035.0,14032.5,4.747984e-06,2.373992e-05,0
14035.0,14040.0,14037.5,1.17433e-06,5.87165e-06,0
14040.0,14045.0,14042.5,5.96066e-06,2.98033e-05,0
14045.0,14050.0,14047.5,1.19282e-06,5.9641e-06,0
14055.0,14060.0,14057.5,5.945158e-06,2.972579e-05,0
14060.0,14065.0,14062.5,8.329134e-06,4.164567e-05,0
14065.0,14070.0,14067.5,2.379738e-06,1.189869e-05,0
14070.0,14075.0,14072.5,4.78236e-06,2.39118e-05,0
14075.0,14080.0,14077.5,5.944156e-06,2.972078e-05,0
14080.0,14085.0,14082.5,5.949728e-06,2.974864e-05,0
14085.0,14090.0,14087.5,5.924048e-06,2.962024e-05,0
14090.0,14095.0,14092.5,3.550022e-06,1.775011e-05,0
14095.0,14100.0,14097.5,3.56544e-06,1.78272e-05,0
14100.0,14105.0,14102.5,3.56547e-06,1.782735e-05,0
14105.0,14110.0,14107.5,2.406668e-06,1.203334e-05,0
14110.0,14115.0,14112.5,2.36573e-06,1.182865e-05,0
14115.0,14120.0,14117.5,5.943934e-06,2.971967e-05,0
14120.0,14125.0,14122.5,4.77392e-06,2.38696e-05,0
14125.0,14130.0,14127.5,9.466914e-06,4.733457e-05,0
14130.0,14135.0,14132.5,1.17433e-06,5.87165e-06,0
14135.0,14140.0,14137.5,2.351494e-06,1.175747e-05,0
14140.0,14145.0,14142.5,1.204094e-06,6.02047e-06,0
14145.0,14150.0,14147.5,4.762342e-06,2.381171e-05,0
14150.0,14155.0,14152.5,4.75279e-06,2.376395e-05,0
14155.0,14160.0,14157.5,3.58251e-06,1.791255e-05,0
14160.0,14165.0,14162.5,4.758328e-06,2.379164e-05,0
14165.0,14170.0,14167.5,3.59796e-06,1.79898e-05,0
14170.0,14175.0,14172.5,3.578196e-06,1.789098e-05,0
14175.0,14180.0,14177.5,4.753926e-06,2.376963e-05,0
14180.0,14185.0,14182.5,1.204094e-06,6.02047e-06,0
14185.0,14190.0,14187.5,4.77391e-06,2.386955e-05,0
14190.0,14195.0,14192.5,4.792308e-06,2.396154e-05,0
14195.0,14200.0,14197.5,3.562772e-06,1.781386e-05,0
14200.0,14205.0,14202.5,5.942682e-06,2.971341e-05,0
14205.0,14210.0,14207.5,1.17433e-06,5.87165e-06,0
14210.0,14215.0,14212.5,5.929826e-06,2.964913e-05,0
14215.0,14220.0,14217.5,4.789566e-06,2.394783e-05,0
14220.0,14225.0,14222.5,3.596746e-06,1.798373e-05,0
14225.0,14230.0,14227.5,3.544314e-06,1.772157e-05,0
14230.0,14235.0,14232.5,5.955406e-06,2.977703e-05,0
14235.0,14240.0,14237.5,5.935018e-06,2.967509e-05,0
14240.0,14245.0,14242.5,1.188566e-06,5.94283e-06,0
14245.0,14250.0,14247.5,4.809312e-06,2.404656e-05,0
14250.0,14255.0,14252.5,2.381258e-06,1.190629e-05,0
14255.0,14260.0,14257.5,5.87955e-06,2.939775e-05,0
14260.0,14265.0,14262.5,5.923582e-06,2.961791e-05,0
14265.0,14270.0,14267.5,1.204094e-06,6.02047e-06,0
14270.0,14275.0,14272.5,2.381258e-06,1.190629e-05,0
14275.0,14280.0,14277.5,4.754116e-06,2.377058e-05,0
14280.0,14285.0,14282.5,5.89111e-06,2.945555e-05,0
14285.0,14290.0,14287.5,5.945454e-06,2.972727e-05,0
14290.0,14295.0,14292.5,4.754116e-06,2.377058e-05,0
14295.0,14300.0,14297.5,3.58548e-06,1.79274e-05,0
14300.0,14305.0,14302.5,4.785084e-06,2.392542e-05,0
14305.0,14310.0,14307.5,8.33927e-06,4.169635e-05,0
14310.0,14315.0,14312.5,4.742634e-06,2.371317e-05,0
14315.0,14320.0,14317.5,9.49372e-06,4.74686e-05,0
14320.0,14325.0,14322.5,3.588214e-06,1.794107e-05,0
14325.0,14330.0,14327.5,3.562204e-06,1.781102e-05,0
14330.0,14335.0,14332.5,1.17433e-06,5.87165e-06,0
14335.0,14340.0,14337.5,1.188566e-06,5.94283e-06,0
14340.0,14345.0,14342.5,3.595234e-06,1.797617e-05,0
14345.0,14350.0,14347.5,4.7783e-06,2.38915e-05,0
14350.0,14355.0,14352.5,3.548432e-06,1.774216e-05,0
14355.0,14360.0,14357.5,3.610754e-06,1.805377e-05,0
14360.0,14365.0,14362.5,3.57829e-06,1.789145e-05,0
14365.0,14370.0,14367.5,3.54006e-06,1.77003e-05,0
14370.0,14375.0,14372.5,4.767994e-06,2.383997e-05,0
14380.0,14385.0,14382.5,1.17433e-06,5.87165e-06,0
14385.0,14390.0,14387.5,3.54006e-06,1.77003e-05,0
14390.0,14395.0,14392.5,7.136612e-06,3.568306e-05,0
14395.0,14400.0,14397.5,3.531228e-06,1.765614e-05,0
14400.0,14405.0,14402.5,8.361738e-06,4.180869e-05,0
14405.0,14410.0,14407.5,2.39266e-06,1.19633e-05,0
14410.0,14415.0,14412.5,5.9551e-06,2.97755e-05,0
14415.0,14420.0,14417.5,5.936712e-06,2.968356e-05,0
14420.0,14425.0,14422.5,8.32777e-06,4.163885e-05,0
14425.0,14430.0,14427.5,4.752696e-06,2.376348e-05,0
14430.0,14435.0,14432.5,3.593946e-06,1.796973e-05,0
14435.0,14440.0,14437.5,1.188566e-06,5.94283e-06,0
14440.0,14445.0,14442.5,4.731304e-06,2.365652e-05,0
14445.0,14450.0,14447.5,4.8051e-06,2.40255e-05,0
14450.0,14455.0,14452.5,4.74132e-06,2.37066e-05,0
14455.0,14460.0,14457.5,2.378424e-06,1.189212e-05,0
14460.0,14465.0,14462.5,5.976484e-06,2.988242e-05,0
14465.0,14470.0,14467.5,3.581234e-06,1.790617e-05,0
14470.0,14475.0,14472.5,8.318234e-06,4.159117e-05,0
14475.0,14480.0,14477.5,1.17433e-06,5.87165e-06,0
14480.0,14485.0,14482.5,4.768046e-06,2.384023e-05,0
14485.0,14490.0,14487.5,3.596746e-06,1.798373e-05,0
14490.0,14495.0,14492.5,7.14106e-06,3.57053e-05,0
14495.0,14500.0,14497.5,2.37714e-06,1.18857e-05,0
14500.0,14505.0,14502.5,3.583832e-06,1.791916e-05,0
14505.0,14510.0,14507.5,7.14104e-06,3.57052e-05,0
14515.0,14520.0,14517.5,4.74132e-06,2.37066e-05,0
14520.0,14525.0,14522.5,2.360036e-06,1.180018e-05,0
14525.0,14530.0,14527.5,2.36715e-06,1.183575e-05,0
14530.0,14535.0,14532.5,3.554306e-06,1.777153e-05,0
14535.0,14540.0,14537.5,3.561296e-06,1.780648e-05,0
14540.0,14545.0,14542.5,3.53396e-06,1.76698e-05,0
14545.0,14550.0,14547.5,2.381386e-06,1.190693e-05,0
14550.0,14555.0,14552.5,9.473788e-06,4.736894e-05,0
14560.0,14565.0,14562.5,9.438528e-06,4.719264e-05,0
14565.0,14570.0,14567.5,5.986446e-06,2.993223e-05,0
14570.0,14575.0,14572.5,4.754116e-06,2.377058e-05,0
14575.0,14580.0,14577.5,3.56544e-06,1.78272e-05,0
14580.0,14585.0,14582.5,3.564258e-06,1.782129e-05,0
14585.0,14590.0,14587.5,3.56547e-06,1.782735e-05,0
14590.0,14595.0,14592.5,5.942324e-06,2.971162e-05,0
14595.0,14600.0,14597.5,5.92131e-06,2.960655e-05,0
14600.0,14605.0,14602.5,4.77111e-06,2.385555e-05,0
14605.0,14610.0,14607.5,5.9496e-06,2.9748e-05,0
14610.0,14615.0,14612.5,2.35963e-06,1.179815e-05,0
14615.0,14620.0,14617.5,4.705852e-06,2.352926e-05,0
14620.0,14625.0,14622.5,1.19282e-06,5.9641e-06,0
14625.0,14630.0,14627.5,7.142166e-06,3.571083e-05,0
14630.0,14635.0,14632.5,2.362896e-06,1.181448e-05,0
14635.0,14640.0,14637.5,1.204094e-06,6.02047e-06,0
14640.0,14645.0,14642.5,2.34866e-06,1.17433e-05,0
14645.0,14650.0,14647.5,4.763802e-06,2.381901e-05,0
14650.0,14655.0,14652.5,5.994848e-06,2.997424e-05,0
14655.0,14660.0,14657.5,3.591052e-06,1.795526e-05,0
14660.0,14665.0,14662.5,2.40818e-06,1.20409e-05,0
14665.0,14670.0,14667.5,7.16641e-06,3.583205e-05,0
14670.0,14675.0,14672.5,1.185536e-06,5.92768e-06,0
14675.0,14680.0,14677.5,5.959446e-06,2.979723e-05,0
14680.0,14685.0,14682.5,4.728282e-06,2.364141e-05,0
14685.0,14690.0,14687.5,1.0663658e-05,5.331829e-05,0
14690.0,14695.0,14692.5,1.204094e-06,6.02047e-06,0
14695.0,14700.0,14697.5,5.936874e-06,2.968437e-05,0
14700.0,14705.0,14702.5,2.338408e-06,1.169204e-05,0
14705.0,14710.0,14707.5,3.545768e-06,1.772884e-05,0
14710.0,14715.0,14712.5,3.56847e-06,1.784235e-05,0
14715.0,14720.0,14717.5,5.91721e-06,2.958605e-05,0
14720.0,14725.0,14722.5,3.580998e-06,1.790499e-05,0
14725.0,14730.0,14727.5,4.748298e-06,2.374149e-05,0
14730.0,14735.0,14732.5,3.545692e-06,1.772846e-05,0
14735.0,14740.0,14737.5,1.1911926e-05,5.955963e-05,0
14740.0,14745.0,14742.5,5.97062e-06,2.98531e-05,0
14745.0,14750.0,14747.5,4.746998e-06,2.373499e-05,0
14750.0,14755.0,14752.5,7.14219e-06,3.571095e-05,0
14755.0,14760.0,14757.5,5.949572e-06,2.974786e-05,0
14760.0,14765.0,14762.5,7.170724e-06,3.585362e-05,0
14765.0,14770.0,14767.5,5.87807e-06,2.939035e-05,0
14770.0,14775.0,14772.5,3.561228e-06,1.780614e-05,0
14775.0,14780.0,14777.5,5.929776e-06,2.964888e-05,0
14780.0,14785.0,14782.5,8.316666e-06,4.158333e-05,0
14785.0,14790.0,14787.5,2.359866e-06,1.179933e-05,0
14790.0,14795.0,14792.5,3.6037e-06,1.80185e-05,0
14795.0,14800.0,14797.5,4.775446e-06,2.387723e-05,0
14800.0,14805.0,14802.5,7.18193e-06,3.590965e-05,0
14805.0,14810.0,14807.5,5.990658e-06,2.995329e-05,0
14810.0,14815.0,14812.5,1.204094e-06,6.02047e-06,0
14815.0,14820.0,14817.5,7.152264e-06,3.576132e-05,0
14820.0,14825.0,14822.5,3.555716e-06,1.777858e-05,0
14825.0,14830.0,14827.5,3.569824e-06,1.784912e-05,0
14830.0,14835.0,14832.5,2.351494e-06,1.175747e-05,0
14835.0,14840.0,14837.5,1.177164e-06,5.88582e-06,0
14840.0,14845.0,14842.5,2.381258e-06,1.190629e-05,0
14845.0,14850.0,14847.5,4.767816e-06,2.383908e-05,0
14850.0,14855.0,14852.5,4.736534e-06,2.368267e-05,0
14855.0,14860.0,14857.5,2.351494e-06,1.175747e-05,0
14860.0,14865.0,14862.5,2.36573e-06,1.182865e-05,0
14865.0,14870.0,14867.5,7.112628e-06,3.556314e-05,0
14870.0,14875.0,14872.5,3.53396e-06,1.76698e-05,0
14875.0,14880.0,14877.5,2.385598e-06,1.192799e-05,0
14880.0,14885.0,14882.5,3.54148e-06,1.77074e-05,0
14885.0,14890.0,14887.5,4.741422e-06,2.370711e-05,0
14890.0,14895.0,14892.5,4.749862e-06,2.374931e-05,0
14895.0,14900.0,14897.5,1.197032e-06,5.98516e-06,0
14900.0,14905.0,14902.5,7.157898e-06,3.578949e-05,0
14905.0,14910.0,14907.5,4.741016e-06,2.370508e-05,0
14910.0,14915.0,14912.5,1.182872e-06,5.91436e-06,0
14915.0,14920.0,14917.5,4.75262e-06,2.37631e-05,0
14920.0,14925.0,14922.5,9.522278e-06,4.761139e-05,0
14925.0,14930.0,14927.5,4.779618e-06,2.389809e-05,0
14930.0,14935.0,14932.5,7.177676e-06,3.588838e-05,0
14935.0,14940.0,14937.5,3.568304e-06,1.784152e-05,0
14940.0,14945.0,14942.5,4.730012e-06,2.365006e-05,0
14945.0,14950.0,14947.5,3.589692e-06,1.794846e-05,0
14950.0,14955.0,14952.5,2.36715e-06,1.183575e-05,0
14955.0,14960.0,14957.5,5.953812e-06,2.976906e-05,0
14960.0,14965.0,14962.5,2.362896e-06,1.181448e-05,0
14965.0,14970.0,14967.5,4.769496e-06,2.384748e-05,0
14970.0,14975.0,14972.5,7.143738e-06,3.571869e-05,0
14975.0,14980.0,14977.5,9.495002e-06,4.747501e-05,0
14980.0,14985.0,14982.5,5.983336e-06,2.991668e-05,0
14985.0,14990.0,14987.5,4.745312e-06,2.372656e-05,0
14990.0,14995.0,14992.5,4.754006e-06,2.377003e-05,0
14995.0,15000.0,14997.5,7.198918e-06,3.599459e-05,0
15000.0,15005.0,15002.5,4.73846e-06,2.36923e-05,0
15005.0,15010.0,15007.5,5.97498e-06,2.98749e-05,0
15010.0,15015.0,15012.5,3.575532e-06,1.787766e-05,0
15015.0,15020.0,15017.5,4.704156e-06,2.352078e-05,0
15020.0,15025.0,15022.5,1.188566e-06,5.94283e-06,0
15025.0,15030.0,15027.5,8.309726e-06,4.154863e-05,0
15030.0,15035.0,15032.5,4.761134e-06,2.380567e-05,0
15035.0,15040.0,15037.5,2.396914e-06,1.198457e-05,0
15040.0,15045.0,15042.5,7.102708e-06,3.551354e-05,0
15045.0,15050.0,15047.5,4.754116e-06,2.377058e-05,0
15050.0,15055.0,15052.5,5.93259e-06,2.966295e-05,0
15055.0,15060.0,15057.5,3.544314e-06,1.772157e-05,0
15060.0,15065.0,15062.5,2.39114e-06,1.19557e-05,0
15065.0,15070.0,15067.5,4.720098e-06,2.360049e-05,0
15070.0,15075.0,15072.5,4.74088e-06,2.37044e-05,0
15075.0,15080.0,15077.5,5.92963e-06,2.964815e-05,0
15080.0,15085.0,15082.5,2.357202e-06,1.178601e-05,0
15085.0,15090.0,15087.5,4.76387e-06,2.381935e-05,0
15090.0,15095.0,15092.5,4.776588e-06,2.388294e-05,0
15095.0,15100.0,15097.5,2.401126e-06,1.200563e-05,0
15100.0,15105.0,15102.5,4.789566e-06,2.394783e-05,0
15105.0,15110.0,15107.5,8.305062e-06,4.152531e-05,0
15110.0,15115.0,15112.5,4.788084e-06,2.394042e-05,0
15115.0,15120.0,15117.5,5.908468e-06,2.954234e-05,0
15120.0,15125.0,15122.5,8.34372e-06,4.17186e-05,0
15125.0,15130.0,15127.5,5.949648e-06,2.974824e-05,0
15130.0,15135.0,15132.5,4.780992e-06,2.390496e-05,0
15135.0,15140.0,15137.5,2.39266e-06,1.19633e-05,0
15140.0,15145.0,15142.5,4.78661e-06,2.393305e-05,0
15145.0,15150.0,15147.5,5.946894e-06,2.973447e-05,0
15150.0,15155.0,15152.5,4.752596e-06,2.376298e-05,0
15155.0,15160.0,15157.5,4.775228e-06,2.387614e-05,0
15160.0,15165.0,15162.5,4.769564e-06,2.384782e-05,0
15165.0,15170.0,15167.5,5.986598e-06,2.993299e-05,0
15170.0,15175.0,15172.5,3.579714e-06,1.789857e-05,0
15175.0,15180.0,15177.5,5.9496e-06,2.9748e-05,0
15185.0,15190.0,15187.5,3.6037e-06,1.80185e-05,0
15190.0,15195.0,15192.5,4.772564e-06,2.386282e-05,0
15195.0,15200.0,15197.5,2.38564e-06,1.19282e-05,0
15200.0,15205.0,15202.5,7.146476e-06,3.573238e-05,0
15205.0,15210.0,15207.5,3.554306e-06,1.777153e-05,0
15210.0,15215.0,15212.5,7.130942e-06,3.565471e-05,0
15215.0,15220.0,15217.5,1.202574e-06,6.01287e-06,0
15220.0,15225.0,15222.5,1.185536e-06,5.92768e-06,0
15225.0,15230.0,15227.5,3.548432e-06,1.774216e-05,0
15230.0,15235.0,15232.5,7.194736e-06,3.597368e-05,0
15235.0,15240.0,15237.5,4.73694e-06,2.36847e-05,0
15240.0,15245.0,15242.5,2.36573e-06,1.182865e-05,0
15245.0,15250.0,15247.5,3.515402e-06,1.757701e-05,0
15250.0,15255.0,15252.5,8.346496e-06,4.173248e-05,0
15255.0,15260.0,15257.5,1.426779e-05,7.133895e-05,0
15260.0,15265.0,15262.5,4.744164e-06,2.372082e-05,0
15265.0,15270.0,15267.5,4.777748e-06,2.388874e-05,0
15270.0,15275.0,15272.5,1.0727722e-05,5.363861e-05,0
15275.0,15280.0,15277.5,1.0659524e-05,5.329762e-05,0
15280.0,15285.0,15282.5,9.525198e-06,4.762599e-05,0
15285.0,15290.0,15287.5,2.371362e-06,1.185681e-05,0
15290.0,15295.0,15292.5,5.962384e-06,2.981192e-05,0
15295.0,15300.0,15297.5,4.73829e-06,2.369145e-05,0
15300.0,15305.0,15302.5,3.54148e-06,1.77074e-05,0
15305.0,15310.0,15307.5,3.610754e-06,1.805377e-05,0
15310.0,15315.0,15312.5,3.590676e-06,1.795338e-05,0
15315.0,15320.0,15317.5,5.932728e-06,2.966364e-05,0
15320.0,15325.0,15322.5,7.10561e-06,3.552805e-05,0
15325.0,15330.0,15327.5,7.14106e-06,3.57053e-05,0
15330.0,15335.0,15332.5,3.583998e-06,1.791999e-05,0
15335.0,15340.0,15337.5,2.40818e-06,1.20409e-05,0
15340.0,15345.0,15342.5,4.712434e-06,2.356217e-05,0
15345.0,15350.0,15347.5,3.542502e-06,1.771251e-05,0
15350.0,15355.0,15352.5,7.084366e-06,3.542183e-05,0
15355.0,15360.0,15357.5,3.56261e-06,1.781305e-05,0
15360.0,15365.0,15362.5,8.343508e-06,4.171754e-05,0
15365.0,15370.0,15367.5,2.40818e-06,1.20409e-05,0
15370.0,15375.0,15372.5,4.734062e-06,2.367031e-05,0
15375.0,15380.0,15377.5,3.537226e-06,1.768613e-05,0
15380.0,15385.0,15382.5,4.74429e-06,2.372145e-05,0
15385.0,15390.0,15387.5,4.771016e-06,2.385508e-05,0
15390.0,15395.0,15392.5,3.591052e-06,1.795526e-05,0
15395.0,15400.0,15397.5,3.571244e-06,1.785622e-05,0
15400.0,15405.0,15402.5,3.571176e-06,1.785588e-05,0
15405.0,15410.0,15407.5,2.34866e-06,1.17433e-05,0
15410.0,15415.0,15412.5,7.127714e-06,3.563857e-05,0
15415.0,15420.0,15417.5,3.566922e-06,1.783461e-05,0
15420.0,15425.0,15422.5,4.73288e-06,2.36644e-05,0
15425.0,15430.0,15427.5,2.38963e-06,1.194815e-05,0
15430.0,15435.0,15432.5,3.574012e-06,1.787006e-05,0
15435.0,15440.0,15437.5,4.73977e-06,2.369885e-05,0
15440.0,15445.0,15442.5,4.748298e-06,2.374149e-05,0
15445.0,15450.0,15447.5,2.378424e-06,1.189212e-05,0
15450.0,15455.0,15452.5,4.77527e-06,2.387635e-05,0
15455.0,15460.0,15457.5,9.547296e-06,4.773648e-05,0
15460.0,15465.0,15462.5,4.756808e-06,2.378404e-05,0
15465.0,15470.0,15467.5,1.197032e-06,5.98516e-06,0
15470.0,15475.0,15472.5,4.761068e-06,2.380534e-05,0
15475.0,15480.0,15477.5,3.58396e-06,1.79198e-05,0
15480.0,15485.0,15482.5,3.583998e-06,1.791999e-05,0
15485.0,15490.0,15487.5,5.940864e-06,2.970432e-05,0
15490.0,15495.0,15492.5,8.303862e-06,4.151931e-05,0
15495.0,15500.0,15497.5,2.38811e-06,1.194055e-05,0
15500.0,15505.0,15502.5,7.0771e-06,3.53855e-05,0
15505.0,15510.0,15507.5,1.19282e-06,5.9641e-06,0
15510.0,15515.0,15512.5,3.550022e-06,1.775011e-05,0
15515.0,15520.0,15517.5,7.157974e-06,3.578987e-05,0
15520.0,15525.0,15522.5,4.73846e-06,2.36923e-05,0
15525.0,15530.0,15527.5,3.583998e-06,1.791999e-05,0
15530.0,15535.0,15532.5,5.924044e-06,2.962022e-05,0
15540.0,15545.0,15542.5,5.965078e-06,2.982539e-05,0
15545.0,15550.0,15547.5,7.135534e-06,3.567767e-05,0
15550.0,15555.0,15552.5,1.311932e-05,6.55966e-05,0
15555.0,15560.0,15557.5,4.772408e-06,2.386204e-05,0
15560.0,15565.0,15562.5,2.386966e-06,1.193483e-05,0
15565.0,15570.0,15567.5,4.731224e-06,2.365612e-05,0
15570.0,15575.0,15572.5,4.748266e-06,2.374133e-05,0
15575.0,15580.0,15577.5,5.993548e-06,2.996774e-05,0
15580.0,15585.0,15582.5,1.177164e-06,5.88582e-06,0
15585.0,15590.0,15587.5,4.76374e-06,2.38187e-05,0
15590.0,15595.0,15592.5,5.98376e-06,2.99188e-05,0
15595.0,15600.0,15597.5,3.56413e-06,1.782065e-05,0
15600.0,15605.0,15602.5,7.146768e-06,3.573384e-05,0
15605.0,15610.0,15607.5,7.135502e-06,3.567751e-05,0
15610.0,15615.0,15612.5,8.345122e-06,4.172561e-05,0
15615.0,15620.0,15617.5,2.37714e-06,1.18857e-05,0
15620.0,15625.0,15622.5,5.97362e-06,2.98681e-05,0
15625.0,15630.0,15627.5,8.349414e-06,4.174707e-05,0
15630.0,15635.0,15632.5,7.16375e-06,3.581875e-05,0
15635.0,15640.0,15637.5,3.556974e-06,1.778487e-05,0
15640.0,15645.0,15642.5,2.379738e-06,1.189869e-05,0
15645.0,15650.0,15647.5,3.522686e-06,1.761343e-05,0
15650.0,15655.0,15652.5,3.575456e-06,1.787728e-05,0
15655.0,15660.0,15657.5,8.297028e-06,4.148514e-05,0
15660.0,15665.0,15662.5,4.749718e-06,2.374859e-05,0
15665.0,15670.0,15667.5,3.575456e-06,1.787728e-05,0
15670.0,15675.0,15672.5,3.585344e-06,1.792672e-05,0
15675.0,15680.0,15677.5,6.002132e-06,3.001066e-05,0
15680.0,15685.0,15682.5,9.484832e-06,4.742416e-05,0
15685.0,15690.0,15687.5,5.918122e-06,2.959061e-05,0
15690.0,15695.0,15692.5,5.970926e-06,2.985463e-05,0
15695.0,15700.0,15697.5,7.148176e-06,3.574088e-05,0
15700.0,15705.0,15702.5,1.3100096e-05,6.550048e-05,0
15705.0,15710.0,15707.5,7.111204e-06,3.555602e-05,0
15710.0,15715.0,15712.5,4.771016e-06,2.385508e-05,0
15715.0,15720.0,15717.5,5.94544e-06,2.97272e-05,0
15720.0,15725.0,15722.5,1.0723356e-05,5.361678e-05,0
15725.0,15730.0,15727.5,2.378356e-06,1.189178e-05,0
15730.0,15735.0,15732.5,8.319626e-06,4.159813e-05,0
15735.0,15740.0,15737.5,5.939652e-06,2.969826e-05,0
15740.0,15745.0,15742.5,8.296926e-06,4.148463e-05,0
15745.0,15750.0,15747.5,2.374102e-06,1.187051e-05,0
15750.0,15755.0,15752.5,9.51929e-06,4.759645e-05,0
15755.0,15760.0,15757.5,7.134006e-06,3.567003e-05,0
15760.0,15765.0,15762.5,3.554234e-06,1.777117e-05,0
15765.0,15770.0,15767.5,2.386966e-06,1.193483e-05,0
15770.0,15775.0,15772.5,8.325306e-06,4.162653e-05,0
15775.0,15780.0,15777.5,7.05695e-06,3.528475e-05,0
15780.0,15785.0,15782.5,1.1903732e-05,5.951866e-05,0
15785.0,15790.0,15787.5,8.336674e-06,4.168337e-05,0
15790.0,15795.0,15792.5,7.135282e-06,3.567641e-05,0
15795.0,15800.0,15797.5,3.573654e-06,1.786827e-05,0
15800.0,15805.0,15802.5,3.58548e-06,1.79274e-05,0
15805.0,15810.0,15807.5,5.9382e-06,2.9691e-05,0
15810.0,15815.0,15812.5,5.93266e-06,2.96633e-05,0
15815.0,15820.0,15817.5,8.2969e-06,4.14845e-05,0
15820.0,15825.0,15822.5,5.98942e-06,2.99471e-05,0
15825.0,15830.0,15827.5,5.93262e-06,2.96631e-05,0
15830.0,15835.0,15832.5,7.137912e-06,3.568956e-05,0
15835.0,15840.0,15837.5,5.921034e-06,2.960517e-05,0
15840.0,15845.0,15842.5,4.7625e-06,2.38125e-05,0
15845.0,15850.0,15847.5,3.562204e-06,1.781102e-05,0
15850.0,15855.0,15852.5,8.302524e-06,4.151262e-05,0
15855.0,15860.0,15857.5,5.987894e-06,2.993947e-05,0
15860.0,15865.0,15862.5,4.75981e-06,2.379905e-05,0
15865.0,15870.0,15867.5,3.568304e-06,1.784152e-05,0
15870.0,15875.0,15872.5,4.715548e-06,2.357774e-05,0
15875.0,15880.0,15877.5,4.72844e-06,2.36422e-05,0
15880.0,15885.0,15882.5,5.939456e-06,2.969728e-05,0
15885.0,15890.0,15887.5,4.755328e-06,2.377664e-05,0
15890.0,15895.0,15892.5,3.571244e-06,1.785622e-05,0
15895.0,15900.0,15897.5,8.288368e-06,4.144184e-05,0
15900.0,15905.0,15902.5,4.739766e-06,2.369883e-05,0
15905.0,15910.0,15907.5,5.939652e-06,2.969826e-05,0
15910.0,15915.0,15912.5,1.0672504e-05,5.336252e-05,0
15915.0,15920.0,15917.5,9.452386e-06,4.726193e-05,0
15920.0,15925.0,15922.5,2.39266e-06,1.19633e-05,0
15925.0,15930.0,15927.5,4.768352e-06,2.384176e-05,0
15930.0,15935.0,15932.5,5.975102e-06,2.987551e-05,0
15935.0,15940.0,15937.5,1.1841452e-05,5.920726e-05,0
15945.0,15950.0,15947.5,3.596746e-06,1.798373e-05,0
15950.0,15955.0,15952.5,5.924192e-06,2.962096e-05,0
15955.0,15960.0,15957.5,4.7852e-06,2.3926e-05,0
15960.0,15965.0,15962.5,8.360426e-06,4.180213e-05,0
15965.0,15970.0,15967.5,5.95236e-06,2.97618e-05,0
15970.0,15975.0,15972.5,3.578418e-06,1.789209e-05,0
15975.0,15980.0,15977.5,4.752338e-06,2.376169e-05,0
15980.0,15985.0,15982.5,5.934166e-06,2.967083e-05,0
15985.0,15990.0,15987.5,1.0743648e-05,5.371824e-05,0
15990.0,15995.0,15992.5,2.39406e-06,1.19703e-05,0
15995.0,16000.0,15997.5,8.294176e-06,4.147088e-05,0
16000.0,16005.0,16002.5,5.898336e-06,2.949168e-05,0
16005.0,16010.0,16007.5,4.733976e-06,2.366988e-05,0
16010.0,16015.0,16012.5,7.153856e-06,3.576928e-05,0
16015.0,16020.0,16017.5,3.556974e-06,1.778487e-05,0
16020.0,16025.0,16022.5,5.948366e-06,2.974183e-05,0
16025.0,16030.0,16027.5,7.191906e-06,3.595953e-05,0
16030.0,16035.0,16032.5,8.331012e-06,4.165506e-05,0
16035.0,16040.0,16037.5,1.17433e-06,5.87165e-06,0
16040.0,16045.0,16042.5,4.729918e-06,2.364959e-05,0
16045.0,16050.0,16047.5,8.305298e-06,4.152649e-05,0
16050.0,16055.0,16052.5,3.591052e-06,1.795526e-05,0
16055.0,16060.0,16057.5,1.185256e-05,5.92628e-05,0
16060.0,16065.0,16062.5,4.780992e-06,2.390496e-05,0
16065.0,16070.0,16067.5,4.814854e-06,2.407427e-05,0
16070.0,16075.0,16072.5,1.307199e-05,6.535995e-05,0
16075.0,16080.0,16077.5,5.960854e-06,2.980427e-05,0
16080.0,16085.0,16082.5,7.118204e-06,3.559102e-05,0
16085.0,16090.0,16087.5,7.123902e-06,3.561951e-05,0
16090.0,16095.0,16092.5,4.754006e-06,2.377003e-05,0
16095.0,16100.0,16097.5,4.768352e-06,2.384176e-05,0
16100.0,16105.0,16102.5,8.342482e-06,4.171241e-05,0
16105.0,16110.0,16107.5,2.40514e-06,1.20257e-05,0
16110.0,16115.0,16112.5,4.719666e-06,2.359833e-05,0
16115.0,16120.0,16117.5,1.185536e-06,5.92768e-06,0
16120.0,16125.0,16122.5,2.385598e-06,1.192799e-05,0
16125.0,16130.0,16127.5,1.17433e-06,5.87165e-06,0
16130.0,16135.0,16132.5,7.145134e-06,3.572567e-05,0
16135.0,16140.0,16137.5,4.802054e-06,2.401027e-05,0
16140.0,16145.0,16142.5,9.510512e-06,4.755256e-05,0
16145.0,16150.0,16147.5,9.567416e-06,4.783708e-05,0
16150.0,16155.0,16152.5,3.579786e-06,1.789893e-05,0
16155.0,16160.0,16157.5,1.202574e-06,6.01287e-06,0
16160.0,16165.0,16162.5,5.960728e-06,2.980364e-05,0
16165.0,16170.0,16167.5,4.73846e-06,2.36923e-05,0
16170.0,16175.0,16172.5,4.74288e-06,2.37144e-05,0
16175.0,16180.0,16177.5,8.301028e-06,4.150514e-05,0
16180.0,16185.0,16182.5,5.949898e-06,2.974949e-05,0
16185.0,16190.0,16187.5,8.294134e-06,4.147067e-05,0
16190.0,16195.0,16192.5,4.719794e-06,2.359897e-05,0
16195.0,16200.0,16197.5,2.374196e-06,1.187098e-05,0
16200.0,16205.0,16202.5,4.795152e-06,2.397576e-05,0
16205.0,16210.0,16207.5,1.425635e-05,7.128175e-05,0
16210.0,16215.0,16212.5,7.114148e-06,3.557074e-05,0
16215.0,16220.0,16217.5,7.125576e-06,3.562788e-05,0
16220.0,16225.0,16222.5,3.559732e-06,1.779866e-05,0
16225.0,16230.0,16227.5,8.305114e-06,4.152557e-05,0
16230.0,16235.0,16232.5,8.353196e-06,4.176598e-05,0
16235.0,16240.0,16237.5,3.56413e-06,1.782065e-05,0
16240.0,16245.0,16242.5,4.754116e-06,2.377058e-05,0
16245.0,16250.0,16247.5,4.814854e-06,2.407427e-05,0
16250.0,16255.0,16252.5,3.588172e-06,1.794086e-05,0
16255.0,16260.0,16257.5,2.368408e-06,1.184204e-05,0
16260.0,16265.0,16262.5,4.749862e-06,2.374931e-05,0
16265.0,16270.0,16267.5,3.568304e-06,1.784152e-05,0
16270.0,16275.0,16272.5,4.72526e-06,2.36263e-05,0
16275.0,16280.0,16277.5,8.34051e-06,4.170255e-05,0
16280.0,16285.0,16282.5,4.756634e-06,2.378317e-05,0
16285.0,16290.0,16287.5,4.741124e-06,2.370562e-05,0
16290.0,16295.0,16292.5,7.131076e-06,3.565538e-05,0
16295.0,16300.0,16297.5,3.518236e-06,1.759118e-05,0
16300.0,16305.0,16302.5,5.941392e-06,2.970696e-05,0
16305.0,16310.0,16307.5,1.3015376e-05,6.507688e-05,0
16310.0,16315.0,16312.5,8.307018e-06,4.153509e-05,0
16315.0,16320.0,16317.5,5.943826e-06,2.971913e-05,0
16320.0,16325.0,16322.5,1.17433e-06,5.87165e-06,0
16325.0,16330.0,16327.5,1.17433e-06,5.87165e-06,0
16330.0,16335.0,16332.5,4.765336e-06,2.382668e-05,0
16335.0,16340.0,16337.5,3.56699e-06,1.783495e-05,0
16340.0,16345.0,16342.5,3.574206e-06,1.787103e-05,0
16345.0,16350.0,16347.5,7.132486e-06,3.566243e-05,0
16350.0,16355.0,16352.5,2.38963e-06,1.194815e-05,0
16355.0,16360.0,16357.5,5.933972e-06,2.966986e-05,0
16360.0,16365.0,16362.5,8.319542e-06,4.159771e-05,0
16365.0,16370.0,16367.5,4.731116e-06,2.365558e-05,0
16370.0,16375.0,16372.5,7.077286e-06,3.538643e-05,0
16375.0,16380.0,16377.5,3.556662e-06,1.778331e-05,0
16380.0,16385.0,16382.5,2.359866e-06,1.179933e-05,0
16385.0,16390.0,16387.5,4.74698e-06,2.37349e-05,0
16390.0,16395.0,16392.5,3.555716e-06,1.777858e-05,0
16395.0,16400.0,16397.5,5.964872e-06,2.982436e-05,0
16400.0,16405.0,16402.5,4.771044e-06,2.385522e-05,0
16405.0,16410.0,16407.5,9.51655e-06,4.758275e-05,0
16410.0,16415.0,16412.5,2.37714e-06,1.18857e-05,0
16415.0,16420.0,16417.5,9.537856e-06,4.768928e-05,0
16420.0,16425.0,16422.5,8.285296e-06,4.142648e-05,0
16425.0,16430.0,16427.5,8.283862e-06,4.141931e-05,0
16430.0,16435.0,16432.5,1.192213e-05,5.961065e-05,0
16435.0,16440.0,16437.5,5.943864e-06,2.971932e-05,0
16440.0,16445.0,16442.5,2.362896e-06,1.181448e-05,0
16445.0,16450.0,16447.5,2.381386e-06,1.190693e-05,0
16450.0,16455.0,16452.5,7.16367e-06,3.581835e-05,0
16455.0,16460.0,16457.5,4.761068e-06,2.380534e-05,0
16460.0,16465.0,16462.5,3.578418e-06,1.789209e-05,0
16465.0,16470.0,16467.5,5.980672e-06,2.990336e-05,0
16470.0,16475.0,16472.5,8.374708e-06,4.187354e-05,0
16475.0,16480.0,16477.5,7.154952e-06,3.577476e-05,0
16480.0,16485.0,16482.5,5.97814e-06,2.98907e-05,0
16485.0,16490.0,16487.5,5.972438e-06,2.986219e-05,0
16490.0,16495.0,16492.5,1.19282e-06,5.9641e-06,0
16495.0,16500.0,16497.5,4.773548e-06,2.386774e-05,0
16500.0,16505.0,16502.5,3.551266e-06,1.775633e-05,0
16505.0,16510.0,16507.5,4.78236e-06,2.39118e-05,0
16510.0,16515.0,16512.5,4.748298e-06,2.374149e-05,0
16515.0,16520.0,16517.5,5.94251e-06,2.971255e-05,0
16520.0,16525.0,16522.5,3.548432e-06,1.774216e-05,0
16525.0,16530.0,16527.5,1.3103384e-05,6.551692e-05,0
16530.0,16535.0,16532.5,4.748298e-06,2.374149e-05,0
16535.0,16540.0,16537.5,5.93958e-06,2.96979e-05,0
16540.0,16545.0,16542.5,4.73846e-06,2.36923e-05,0
16545.0,16550.0,16547.5,1.182872e-06,5.91436e-06,0
16550.0,16555.0,16552.5,3.56699e-06,1.783495e-05,0
16555.0,16560.0,16557.5,2.379738e-06,1.189869e-05,0
16560.0,16565.0,16562.5,8.336494e-06,4.168247e-05,0
16565.0,16570.0,16567.5,2.378424e-06,1.189212e-05,0
16570.0,16575.0,16572.5,1.0680948e-05,5.340474e-05,0
16575.0,16580.0,16577.5,1.204094e-06,6.02047e-06,0
16580.0,16585.0,16582.5,3.564258e-06,1.782129e-05,0
16585.0,16590.0,16587.5,1.185536e-06,5.92768e-06,0
16590.0,16595.0,16592.5,1.068832e-05,5.34416e-05,0
16595.0,16600.0,16597.5,3.579786e-06,1.789893e-05,0
16600.0,16605.0,16602.5,3.5911e-06,1.79555e-05,0
16605.0,16610.0,16607.5,9.465584e-06,4.732792e-05,0
16610.0,16615.0,16612.5,3.555716e-06,1.777858e-05,0
16615.0,16620.0,16617.5,8.328186e-06,4.164093e-05,0
16620.0,16625.0,16622.5,4.74003e-06,2.370015e-05,0
16625.0,16630.0,16627.5,5.938436e-06,2.969218e-05,0
16630.0,16635.0,16632.5,4.76129e-06,2.380645e-05,0
16635.0,16640.0,16637.5,3.579786e-06,1.789893e-05,0
16640.0,16645.0,16642.5,3.55552e-06,1.77776e-05,0
16645.0,16650.0,16647.5,9.418162e-06,4.709081e-05,0
16650.0,16655.0,16652.5,4.765322e-06,2.382661e-05,0
16655.0,16660.0,16657.5,4.79652e-06,2.39826e-05,0
16660.0,16665.0,16662.5,1.073369e-05,5.366845e-05,0
16665.0,16670.0,16667.5,8.35776e-06,4.17888e-05,0
16670.0,16675.0,16672.5,3.50703e-06,1.753515e-05,0
16675.0,16680.0,16677.5,3.564182e-06,1.782091e-05,0
16680.0,16685.0,16682.5,4.725758e-06,2.362879e-05,0
16685.0,16690.0,16687.5,1.3035258e-05,6.517629e-05,0
16690.0,16695.0,16692.5,4.73829e-06,2.369145e-05,0
16695.0,16700.0,16697.5,3.564258e-06,1.782129e-05,0
16700.0,16705.0,16702.5,8.35485e-06,4.177425e-05,0
16705.0,16710.0,16707.5,8.330756e-06,4.165378e-05,0
16710.0,16715.0,16712.5,5.963896e-06,2.981948e-05,0
16715.0,16720.0,16717.5,4.80224e-06,2.40112e-05,0
16720.0,16725.0,16722.5,5.950872e-06,2.975436e-05,0
16725.0,16730.0,16727.5,5.94403e-06,2.972015e-05,0
16730.0,16735.0,16732.5,3.579786e-06,1.789893e-05,0
16735.0,16740.0,16737.5,7.119846e-06,3.559923e-05,0
16740.0,16745.0,16742.5,9.51597e-06,4.757985e-05,0
16745.0,16750.0,16747.5,4.73823e-06,2.369115e-05,0
16750.0,16755.0,16752.5,8.305468e-06,4.152734e-05,0
16755.0,16760.0,16757.5,9.478386e-06,4.739193e-05,0
16760.0,16765.0,16762.5,4.798032e-06,2.399016e-05,0
16765.0,16770.0,16767.5,4.752526e-06,2.376263e-05,0
16770.0,16775.0,16772.5,3.593716e-06,1.796858e-05,0
16780.0,16785.0,16782.5,7.112648e-06,3.556324e-05,0
16785.0,16790.0,16787.5,5.927026e-06,2.963513e-05,0
16790.0,16795.0,16792.5,4.776578e-06,2.388289e-05,0
16795.0,16800.0,16797.5,4.786526e-06,2.393263e-05,0
16800.0,16805.0,16802.5,3.595234e-06,1.797617e-05,0
16805.0,16810.0,16807.5,8.35643e-06,4.178215e-05,0
16810.0,16815.0,16812.5,8.338008e-06,4.169004e-05,0
16815.0,16820.0,16817.5,4.775298e-06,2.387649e-05,0
16820.0,16825.0,16822.5,3.542886e-06,1.771443e-05,0
16825.0,16830.0,16827.5,1.177164e-06,5.88582e-06,0
16830.0,16835.0,16832.5,4.787708e-06,2.393854e-05,0
16835.0,16840.0,16837.5,4.771016e-06,2.385508e-05,0
16840.0,16845.0,16842.5,5.930612e-06,2.965306e-05,0
16845.0,16850.0,16847.5,5.956782e-06,2.978391e-05,0
16850.0,16855.0,16852.5,4.756878e-06,2.378439e-05,0
16855.0,16860.0,16857.5,8.372096e-06,4.186048e-05,0
16860.0,16865.0,16862.5,9.453542e-06,4.726771e-05,0
16865.0,16870.0,16867.5,1.3112604e-05,6.556302e-05,0
16870.0,16875.0,16872.5,5.928148e-06,2.964074e-05,0
16875.0,16880.0,16877.5,7.153722e-06,3.576861e-05,0
16880.0,16885.0,16882.5,9.532244e-06,4.766122e-05,0
16885.0,16890.0,16887.5,5.95959e-06,2.979795e-05,0
16890.0,16895.0,16892.5,4.76387e-06,2.381935e-05,0
16895.0,16900.0,16897.5,4.7783e-06,2.38915e-05,0
16900.0,16905.0,16902.5,9.478232e-06,4.739116e-05,0
16905.0,16910.0,16907.5,3.559732e-06,1.779866e-05,0
16910.0,16915.0,16912.5,3.568304e-06,1.784152e-05,0
16915.0,16920.0,16917.5,2.381258e-06,1.190629e-05,0
16920.0,16925.0,16922.5,7.11073e-06,3.555365e-05,0
16925.0,16930.0,16927.5,8.3363e-06,4.16815e-05,0
16930.0,16935.0,16932.5,3.534366e-06,1.767183e-05,0
16935.0,16940.0,16937.5,5.960974e-06,2.980487e-05,0
16940.0,16945.0,16942.5,1.204094e-06,6.02047e-06,0
16945.0,16950.0,16947.5,2.386966e-06,1.193483e-05,0
16950.0,16955.0,16952.5,4.745506e-06,2.372753e-05,0
16955.0,16960.0,16957.5,7.086746e-06,3.543373e-05,0
16960.0,16965.0,16962.5,7.120842e-06,3.560421e-05,0
16965.0,16970.0,16967.5,8.31061e-06,4.155305e-05,0
16970.0,16975.0,16972.5,3.564258e-06,1.782129e-05,0
16975.0,16980.0,16977.5,3.541134e-06,1.770567e-05,0
16980.0,16985.0,16982.5,4.763802e-06,2.381901e-05,0
16985.0,16990.0,16987.5,1.204094e-06,6.02047e-06,0
16990.0,16995.0,16992.5,8.298232e-06,4.149116e-05,0
17000.0,17005.0,17002.5,3.526974e-06,1.763487e-05,0
17005.0,17010.0,17007.5,2.379904e-06,1.189952e-05,0
17010.0,17015.0,17012.5,4.764022e-06,2.382011e-05,0
17015.0,17020.0,17017.5,4.737006e-06,2.368503e-05,0
17020.0,17025.0,17022.5,8.35929e-06,4.179645e-05,0
17025.0,17030.0,17027.5,3.545768e-06,1.772884e-05,0
17030.0,17035.0,17032.5,4.708222e-06,2.354111e-05,0
17035.0,17040.0,17037.5,2.338408e-06,1.169204e-05,0
17040.0,17045.0,17042.5,3.552856e-06,1.776428e-05,0
17045.0,17050.0,17047.5,4.745574e-06,2.372787e-05,0
17050.0,17055.0,17052.5,8.303844e-06,4.151922e-05,0
17055.0,17060.0,17057.5,5.932376e-06,2.966188e-05,0
17060.0,17065.0,17062.5,4.755582e-06,2.377791e-05,0
17065.0,17070.0,17067.5,3.592204e-06,1.796102e-05,0
17070.0,17075.0,17072.5,3.545572e-06,1.772786e-05,0
17075.0,17080.0,17077.5,2.368408e-06,1.184204e-05,0
17080.0,17085.0,17082.5,5.984856e-06,2.992428e-05,0
17090.0,17095.0,17092.5,2.351494e-06,1.175747e-05,0
17095.0,17100.0,17097.5,7.091506e-06,3.545753e-05,0
17100.0,17105.0,17102.5,2.329866e-06,1.164933e-05,0
17105.0,17110.0,17107.5,3.55147e-06,1.775735e-05,0
17110.0,17115.0,17112.5,1.202574e-06,6.01287e-06,0
17120.0,17125.0,17122.5,2.36715e-06,1.183575e-05,0
17125.0,17130.0,17127.5,2.37714e-06,1.18857e-05,0
17130.0,17135.0,17132.5,4.771044e-06,2.385522e-05,0
17135.0,17140.0,17137.5,1.17433e-06,5.87165e-06,0
17140.0,17145.0,17142.5,5.960974e-06,2.980487e-05,0
17145.0,17150.0,17147.5,8.268342e-06,4.134171e-05,0
17150.0,17155.0,17152.5,3.585344e-06,1.792672e-05,0
17155.0,17160.0,17157.5,7.132264e-06,3.566132e-05,0
17160.0,17165.0,17162.5,2.374102e-06,1.187051e-05,0
17165.0,17170.0,17167.5,3.542738e-06,1.771369e-05,0
17170.0,17175.0,17172.5,2.39266e-06,1.19633e-05,0
17175.0,17180.0,17177.5,1.155536e-06,5.77768e-06,0
17180.0,17185.0,17182.5,4.775318e-06,2.387659e-05,0
17185.0,17190.0,17187.5,1.202574e-06,6.01287e-06,0
17190.0,17195.0,17192.5,4.74144e-06,2.37072e-05,0
17195.0,17200.0,17197.5,5.92126e-06,2.96063e-05,0
17200.0,17205.0,17202.5,2.369984e-06,1.184992e-05,0
17205.0,17210.0,17207.5,2.39266e-06,1.19633e-05,0
17210.0,17215.0,17212.5,2.360036e-06,1.180018e-05,0
17215.0,17220.0,17217.5,3.572724e-06,1.786362e-05,0
17220.0,17225.0,17222.5,3.571134e-06,1.785567e-05,0
17230.0,17235.0,17232.5,2.386966e-06,1.193483e-05,0
17235.0,17240.0,17237.5,3.548526e-06,1.774263e-05,0
17240.0,17245.0,17242.5,1.17433e-06,5.87165e-06,0
17245.0,17250.0,17247.5,1.19282e-06,5.9641e-06,0
17250.0,17255.0,17252.5,3.586662e-06,1.793331e-05,0
17255.0,17260.0,17257.5,1.204094e-06,6.02047e-06,0
17260.0,17265.0,17262.5,8.38634e-06,4.19317e-05,0
17265.0,17270.0,17267.5,2.357202e-06,1.178601e-05,0
17270.0,17275.0,17272.5,2.378424e-06,1.189212e-05,0
17275.0,17280.0,17277.5,1.182872e-06,5.91436e-06,0
17280.0,17285.0,17282.5,2.371438e-06,1.185719e-05,0
17285.0,17290.0,17287.5,2.396914e-06,1.198457e-05,0
17290.0,17295.0,17292.5,2.357202e-06,1.178601e-05,0
17295.0,17300.0,17297.5,4.789566e-06,2.394783e-05,0
17300.0,17305.0,17302.5,1.17433e-06,5.87165e-06,0
17310.0,17315.0,17312.5,2.38963e-06,1.194815e-05,0
17315.0,17320.0,17317.5,2.39266e-06,1.19633e-05,0
17325.0,17330.0,17327.5,5.91279e-06,2.956395e-05,0
17330.0,17335.0,17332.5,2.381386e-06,1.190693e-05,0
17340.0,17345.0,17342.5,1.19282e-06,5.9641e-06,0
17345.0,17350.0,17347.5,2.386966e-06,1.193483e-05,0
17350.0,17355.0,17352.5,1.188566e-06,5.94283e-06,0
17355.0,17360.0,17357.5,2.381258e-06,1.190629e-05,0
17360.0,17365.0,17362.5,1.188566e-06,5.94283e-06,0
17365.0,17370.0,17367.5,1.204094e-06,6.02047e-06,0
17370.0,17375.0,17372.5,4.8051e-06,2.40255e-05,0
17380.0,17385.0,17382.5,2.38564e-06,1.19282e-05,0
17385.0,17390.0,17387.5,2.40818e-06,1.20409e-05,0
17390.0,17395.0,17392.5,1.185536e-06,5.92768e-06,0
17405.0,17410.0,17407.5,1.202574e-06,6.01287e-06,0
17410.0,17415.0,17412.5,2.401126e-06,1.200563e-05,0
17415.0,17420.0,17417.5,1.188566e-06,5.94283e-06,0
17425.0,17430.0,17427.5,1.197032e-06,5.98516e-06,0
17440.0,17445.0,17442.5,1.19282e-06,5.9641e-06,0
17445.0,17450.0,17447.5,2.36715e-06,1.183575e-05,0
17450.0,17455.0,17452.5,2.36715e-06,1.183575e-05,0
17455.0,17460.0,17457.5,2.401126e-06,1.200563e-05,0
17460.0,17465.0,17462.5,1.17433e-06,5.87165e-06,0
17465.0,17470.0,17467.5,2.36715e-06,1.183575e-05,0
17470.0,17475.0,17472.5,1.182872e-06,5.91436e-06,0
17475.0,17480.0,17477.5,1.197032e-06,5.98516e-06,0
17485.0,17490.0,17487.5,1.17433e-06,5.87165e-06,0
17495.0,17500.0,17497.5,2.385598e-06,1.192799e-05,0
17515.0,17520.0,17517.5,1.185536e-06,5.92768e-06,0
17520.0,17525.0,17522.5,1.188566e-06,5.94283e-06,0
17525.0,17530.0,17527.5,1.202574e-06,6.01287e-06,0
17530.0,17535.0,17532.5,1.185536e-06,5.92768e-06,0
17535.0,17540.0,17537.5,1.177164e-06,5.88582e-06,0
17540.0,17545.0,17542.5,1.19282e-06,5.9641e-06,0
17545.0,17550.0,17547.5,1.19282e-06,5.9641e-06,0
17570.0,17575.0,17572.5,1.202574e-06,6.01287e-06,0
17575.0,17580.0,17577.5,2.381386e-06,1.190693e-05,0
17580.0,17585.0,17582.5,1.17433e-06,5.87165e-06,0
17590.0,17595.0,17592.5,3.575174e-06,1.787587e-05,0
17595.0,17600.0,17597.5,1.204094e-06,6.02047e-06,0
17600.0,17605.0,17602.5,1.204094e-06,6.02047e-06,0
17605.0,17610.0,17607.5,1.197032e-06,5.98516e-06,0
17610.0,17615.0,17612.5,3.542886e-06,1.771443e-05,0
17630.0,17635.0,17632.5,1.204094e-06,6.02047e-06,0
17635.0,17640.0,17637.5,1.19282e-06,5.9641e-06,0
17640.0,17645.0,17642.5,1.204094e-06,6.02047e-06,0
17650.0,17655.0,17652.5,2.401126e-06,1.200563e-05,0
17655.0,17660.0,17657.5,2.34866e-06,1.17433e-05,0
17660.0,17665.0,17662.5,1.17433e-06,5.87165e-06,0
17665.0,17670.0,17667.5,1.188566e-06,5.94283e-06,0
17675.0,17680.0,17677.5,1.17433e-06,5.87165e-06,0
17710.0,17715.0,17712.5,1.19282e-06,5.9641e-06,0
17715.0,17720.0,17717.5,2.406668e-06,1.203334e-05,0
17740.0,17745.0,17742.5,3.56996e-06,1.78498e-05,0
17755.0,17760.0,17757.5,1.155536e-06,5.77768e-06,0
17760.0,17765.0,17762.5,2.376904e-06,1.188452e-05,0
17775.0,17780.0,17777.5,1.185536e-06,5.92768e-06,0
17800.0,17805.0,17802.5,2.395394e-06,1.197697e-05,0
17820.0,17825.0,17822.5,2.40818e-06,1.20409e-05,0
17830.0,17835.0,17832.5,1.17433e-06,5.87165e-06,0
17840.0,17845.0,17842.5,1.188566e-06,5.94283e-06,0
17850.0,17855.0,17852.5,1.197032e-06,5.98516e-06,0
17855.0,17860.0,17857.5,1.188566e-06,5.94283e-06,0
17865.0,17870.0,17867.5,1.177164e-06,5.88582e-06,0
17875.0,17880.0,17877.5,1.204094e-06,6.02047e-06,0
17885.0,17890.0,17887.5,2.38963e-06,1.194815e-05,0
17900.0,17905.0,17902.5,1.185536e-06,5.92768e-06,0
17910.0,17915.0,17912.5,1.188566e-06,5.94283e-06,0
17930.0,17935.0,17932.5,1.188566e-06,5.94283e-06,0
17935.0,17940.0,17937.5,2.362896e-06,1.181448e-05,0
17940.0,17945.0,17942.5,1.197032e-06,5.98516e-06,0
17945.0,17950.0,17947.5,1.185536e-06,5.92768e-06,0
17965.0,17970.0,17967.5,1.177164e-06,5.88582e-06,0
17970.0,17975.0,17972.5,1.182872e-06,5.91436e-06,0
17975.0,17980.0,17977.5,1.204094e-06,6.02047e-06,0
17980.0,17985.0,17982.5,1.19282e-06,5.9641e-06,0
17985.0,17990.0,17987.5,1.185536e-06,5.92768e-06,0
17990.0,17995.0,17992.5,1.197032e-06,5.98516e-06,0
18000.0,18005.0,18002.5,1.17433e-06,5.87165e-06,0
18015.0,18020.0,18017.5,1.188566e-06,5.94283e-06,0
18020.0,18025.0,18022.5,1.177164e-06,5.88582e-06,0
18030.0,18035.0,18032.5,1.177164e-06,5.88582e-06,0
18040.0,18045.0,18042.5,1.17433e-06,5.87165e-06,0
18050.0,18055.0,18052.5,1.19282e-06,5.9641e-06,0
18060.0,18065.0,18062.5,1.204094e-06,6.02047e-06,0
18065.0,18070.0,18067.5,1.185536e-06,5.92768e-06,0
18075.0,18080.0,18077.5,2.381386e-06,1.190693e-05,0
18080.0,18085.0,18082.5,1.17433e-06,5.87165e-06,0
18085.0,18090.0,18087.5,1.204094e-06,6.02047e-06,0
18125.0,18130.0,18127.5,1.17433e-06,5.87165e-06,0
18130.0,18135.0,18132.5,1.185536e-06,5.92768e-06,0
18160.0,18165.0,18162.5,1.185536e-06,5.92768e-06,0
18165.0,18170.0,18167.5,3.58251e-06,1.791255e-05,0
18185.0,18190.0,18187.5,1.197032e-06,5.98516e-06,0
18190.0,18195.0,18192.5,2.36573e-06,1.182865e-05,0
18195.0,18200.0,18197.5,1.188566e-06,5.94283e-06,0
18205.0,18210.0,18207.5,1.182872e-06,5.91436e-06,0
18245.0,18250.0,18247.5,1.202574e-06,6.01287e-06,0
18260.0,18265.0,18262.5,2.357202e-06,1.178601e-05,0
18285.0,18290.0,18287.5,1.182872e-06,5.91436e-06,0
18290.0,18295.0,18292.5,1.19282e-06,5.9641e-06,0
18300.0,18305.0,18302.5,1.177164e-06,5.88582e-06,0
18345.0,18350.0,18347.5,1.182872e-06,5.91436e-06,0
18350.0,18355.0,18352.5,1.204094e-06,6.02047e-06,0
18355.0,18360.0,18357.5,1.204094e-06,6.02047e-06,0
18375.0,18380.0,18377.5,1.17433e-06,5.87165e-06,0
18400.0,18405.0,18402.5,1.202574e-06,6.01287e-06,0
18410.0,18415.0,18412.5,2.389852e-06,1.194926e-05,0
18415.0,18420.0,18417.5,2.36573e-06,1.182865e-05,0
18430.0,18435.0,18432.5,1.182872e-06,5.91436e-06,0
18450.0,18455.0,18452.5,1.177164e-06,5.88582e-06,0
18480.0,18485.0,18482.5,3.54148e-06,1.77074e-05,0
18485.0,18490.0,18487.5,1.197032e-06,5.98516e-06,0
18495.0,18500.0,18497.5,1.188566e-06,5.94283e-06,0
18500.0,18505.0,18502.5,1.17433e-06,5.87165e-06,0
18515.0,18520.0,18517.5,1.19282e-06,5.9641e-06,0
18520.0,18525.0,18522.5,1.188566e-06,5.94283e-06,0
18525.0,18530.0,18527.5,1.19282e-06,5.9641e-06,0
18535.0,18540.0,18537.5,1.17433e-06,5.87165e-06,0
18540.0,18545.0,18542.5,2.376904e-06,1.188452e-05,0
18550.0,18555.0,18552.5,2.371438e-06,1.185719e-05,0
18565.0,18570.0,18567.5,1.19282e-06,5.9641e-06,0
18570.0,18575.0,18572.5,1.204094e-06,6.02047e-06,0
18575.0,18580.0,18577.5,1.17433e-06,5.87165e-06,0
18580.0,18585.0,18582.5,1.17433e-06,5.87165e-06,0
18585.0,18590.0,18587.5,1.17433e-06,5.87165e-06,0
18590.0,18595.0,18592.5,2.362896e-06,1.181448e-05,0
18600.0,18605.0,18602.5,1.202574e-06,6.01287e-06,0
18605.0,18610.0,18607.5,1.177164e-06,5.88582e-06,0
18610.0,18615.0,18612.5,1.204094e-06,6.02047e-06,0
18625.0,18630.0,18627.5,1.204094e-06,6.02047e-06,0
18630.0,18635.0,18632.5,2.378356e-06,1.189178e-05,0
18635.0,18640.0,18637.5,1.204094e-06,6.02047e-06,0
18640.0,18645.0,18642.5,1.185536e-06,5.92768e-06,0
18660.0,18665.0,18662.5,1.17433e-06,5.87165e-06,0
18670.0,18675.0,18672.5,1.17433e-06,5.87165e-06,0
18675.0,18680.0,18677.5,1.188566e-06,5.94283e-06,0
18680.0,18685.0,18682.5,1.17433e-06,5.87165e-06,0
18695.0,18700.0,18697.5,3.542738e-06,1.771369e-05,0
18710.0,18715.0,18712.5,1.197032e-06,5.98516e-06,0
18715.0,18720.0,18717.5,1.177164e-06,5.88582e-06,0
18725.0,18730.0,18727.5,2.401126e-06,1.200563e-05,0
18730.0,18735.0,18732.5,1.185536e-06,5.92768e-06,0
18745.0,18750.0,18747.5,1.188566e-06,5.94283e-06,0
18765.0,18770.0,18767.5,2.36715e-06,1.183575e-05,0
18780.0,18785.0,18782.5,1.204094e-06,6.02047e-06,0
18790.0,18795.0,18792.5,2.36715e-06,1.183575e-05,0
18795.0,18800.0,18797.5,1.204094e-06,6.02047e-06,0
18800.0,18805.0,18802.5,2.38963e-06,1.194815e-05,0
18810.0,18815.0,18812.5,2.359866e-06,1.179933e-05,0
18815.0,18820.0,18817.5,1.17433e-06,5.87165e-06,0
18835.0,18840.0,18837.5,1.17433e-06,5.87165e-06,0
18860.0,18865.0,18862.5,3.58396e-06,1.79198e-05,0
18865.0,18870.0,18867.5,1.185536e-06,5.92768e-06,0
18885.0,18890.0,18887.5,1.204094e-06,6.02047e-06,0
18895.0,18900.0,18897.5,1.177164e-06,5.88582e-06,0
18920.0,18925.0,18922.5,3.574012e-06,1.787006e-05,0
18930.0,18935.0,18932.5,1.188566e-06,5.94283e-06,0
18935.0,18940.0,18937.5,1.204094e-06,6.02047e-06,0
18950.0,18955.0,18952.5,3.55552e-06,1.77776e-05,0
18965.0,18970.0,18967.5,1.188566e-06,5.94283e-06,0
18970.0,18975.0,18972.5,1.204094e-06,6.02047e-06,0
18975.0,18980.0,18977.5,1.204094e-06,6.02047e-06,0
18980.0,18985.0,18982.5,1.182872e-06,5.91436e-06,0
18995.0,19000.0,18997.5,1.17433e-06,5.87165e-06,0
19000.0,19005.0,19002.5,1.188566e-06,5.94283e-06,0
19010.0,19015.0,19012.5,1.182872e-06,5.91436e-06,0
19025.0,19030.0,19027.5,1.202574e-06,6.01287e-06,0
19035.0,19040.0,19037.5,1.17433e-06,5.87165e-06,0
19050.0,19055.0,19052.5,1.185536e-06,5.92768e-06,0
19055.0,19060.0,19057.5,2.374102e-06,1.187051e-05,0
19060.0,19065.0,19062.5,2.381258e-06,1.190629e-05,0
19080.0,19085.0,19082.5,1.177164e-06,5.88582e-06,0
19085.0,19090.0,19087.5,1.185536e-06,5.92768e-06,0
19095.0,19100.0,19097.5,1.19282e-06,5.9641e-06,0
19105.0,19110.0,19107.5,1.17433e-06,5.87165e-06,0
19130.0,19135.0,19132.5,2.36715e-06,1.183575e-05,0
19145.0,19150.0,19147.5,2.359866e-06,1.179933e-05,0
19155.0,19160.0,19157.5,1.188566e-06,5.94283e-06,0
19160.0,19165.0,19162.5,1.182872e-06,5.91436e-06,0
19165.0,19170.0,19167.5,1.182872e-06,5.91436e-06,0
19190.0,19195.0,19192.5,1.188566e-06,5.94283e-06,0
19195.0,19200.0,19197.5,2.351494e-06,1.175747e-05,0
19200.0,19205.0,19202.5,1.204094e-06,6.02047e-06,0
19210.0,19215.0,19212.5,1.182872e-06,5.91436e-06,0
19220.0,19225.0,19222.5,1.182872e-06,5.91436e-06,0
19235.0,19240.0,19237.5,1.185536e-06,5.92768e-06,0
19245.0,19250.0,19247.5,2.385598e-06,1.192799e-05,0
19255.0,19260.0,19257.5,2.38564e-06,1.19282e-05,0
19265.0,19270.0,19267.5,4.749862e-06,2.374931e-05,0
19270.0,19275.0,19272.5,1.155536e-06,5.77768e-06,0
19285.0,19290.0,19287.5,1.204094e-06,6.02047e-06,0
19290.0,19295.0,19292.5,2.378356e-06,1.189178e-05,0
19305.0,19310.0,19307.5,1.177164e-06,5.88582e-06,0
19310.0,19315.0,19312.5,1.185536e-06,5.92768e-06,0
19320.0,19325.0,19322.5,3.595234e-06,1.797617e-05,0
19345.0,19350.0,19347.5,1.204094e-06,6.02047e-06,0
19365.0,19370.0,19367.5,3.592204e-06,1.796102e-05,0
19375.0,19380.0,19377.5,1.204094e-06,6.02047e-06,0
19385.0,19390.0,19387.5,3.562676e-06,1.781338e-05,0
19395.0,19400.0,19397.5,1.204094e-06,6.02047e-06,0
19405.0,19410.0,19407.5,1.197032e-06,5.98516e-06,0
19415.0,19420.0,19417.5,2.39266e-06,1.19633e-05,0
19465.0,19470.0,19467.5,1.204094e-06,6.02047e-06,0
19470.0,19475.0,19472.5,1.188566e-06,5.94283e-06,0
19475.0,19480.0,19477.5,1.185536e-06,5.92768e-06,0
19485.0,19490.0,19487.5,1.188566e-06,5.94283e-06,0
19490.0,19495.0,19492.5,1.202574e-06,6.01287e-06,0
19515.0,19520.0,19517.5,1.19282e-06,5.9641e-06,0
19520.0,19525.0,19522.5,1.185536e-06,5.92768e-06,0
19525.0,19530.0,19527.5,2.381386e-06,1.190693e-05,0
19535.0,19540.0,19537.5,2.375692e-06,1.187846e-05,0
19555.0,19560.0,19557.5,1.188566e-06,5.94283e-06,0
19565.0,19570.0,19567.5,1.185536e-06,5.92768e-06,0
19575.0,19580.0,19577.5,4.793626e-06,2.396813e-05,0
19590.0,19595.0,19592.5,3.5657e-06,1.78285e-05,0
19595.0,19600.0,19597.5,1.202574e-06,6.01287e-06,0
19600.0,19605.0,19602.5,1.204094e-06,6.02047e-06,0
19605.0,19610.0,19607.5,1.188566e-06,5.94283e-06,0
19625.0,19630.0,19627.5,1.204094e-06,6.02047e-06,0
19630.0,19635.0,19632.5,2.396914e-06,1.198457e-05,0
19640.0,19645.0,19642.5,1.182872e-06,5.91436e-06,0
19665.0,19670.0,19667.5,1.197032e-06,5.98516e-06,0
19675.0,19680.0,19677.5,1.204094e-06,6.02047e-06,0
19685.0,19690.0,19687.5,3.578418e-06,1.789209e-05,0
19690.0,19695.0,19692.5,1.185536e-06,5.92768e-06,0
19695.0,19700.0,19697.5,1.188566e-06,5.94283e-06,0
19725.0,19730.0,19727.5,1.185536e-06,5.92768e-06,0
19730.0,19735.0,19732.5,1.204094e-06,6.02047e-06,0
19760.0,19765.0,19762.5,1.204094e-06,6.02047e-06,0
19770.0,19775.0,19772.5,1.202574e-06,6.01287e-06,0
19780.0,19785.0,19782.5,1.177164e-06,5.88582e-06,0
19815.0,19820.0,19817.5,3.589692e-06,1.794846e-05,0
19835.0,19840.0,19837.5,2.396914e-06,1.198457e-05,0
19840.0,19845.0,19842.5,1.177164e-06,5.88582e-06,0
19865.0,19870.0,19867.5,1.19282e-06,5.9641e-06,0
19885.0,19890.0,19887.5,2.374102e-06,1.187051e-05,0
19895.0,19900.0,19897.5,1.204094e-06,6.02047e-06,0
19915.0,19920.0,19917.5,1.182872e-06,5.91436e-06,0
19925.0,19930.0,19927.5,1.204094e-06,6.02047e-06,0
19935.0,19940.0,19937.5,2.37714e-06,1.18857e-05,0
19940.0,19945.0,19942.5,1.177164e-06,5.88582e-06,0
19945.0,19950.0,19947.5,1.185536e-06,5.92768e-06,0
19960.0,19965.0,19962.5,1.204094e-06,6.02047e-06,0
19980.0,19985.0,19982.5,2.38963e-06,1.194815e-05,0
19985.0,19990.0,19987.5,1.188566e-06,5.94283e-06,0
19995.0,20000.0,19997.5,2.362896e-06,1.181448e-05,0
20010.0,20015.0,20012.5,2.39406e-06,1.19703e-05,0
20020.0,20025.0,20022.5,1.188566e-06,5.94283e-06,0
20030.0,20035.0,20032.5,1.19282e-06,5.9641e-06,0
20050.0,20055.0,20052.5,1.185536e-06,5.92768e-06,0
20055.0,20060.0,20057.5,1.185536e-06,5.92768e-06,0
20065.0,20070.0,20067.5,1.19282e-06,5.9641e-06,0
20070.0,20075.0,20072.5,2.39266e-06,1.19633e-05,0
20085.0,20090.0,20087.5,1.182872e-06,5.91436e-06,0
20130.0,20135.0,20132.5,1.17433e-06,5.87165e-06,0
20145.0,20150.0,20147.5,2.395394e-06,1.197697e-05,0
20155.0,20160.0,20157.5,2.38963e-06,1.194815e-05,0
20160.0,20165.0,20162.5,1.188566e-06,5.94283e-06,0
20165.0,20170.0,20167.5,2.386966e-06,1.193483e-05,0
20175.0,20180.0,20177.5,1.19282e-06,5.9641e-06,0
20180.0,20185.0,20182.5,1.17433e-06,5.87165e-06,0
20185.0,20190.0,20187.5,3.58251e-06,1.791255e-05,0
20200.0,20205.0,20202.5,1.204094e-06,6.02047e-06,0
20210.0,20215.0,20212.5,4.749714e-06,2.374857e-05,0
20230.0,20235.0,20232.5,1.17433e-06,5.87165e-06,0
20235.0,20240.0,20237.5,2.406668e-06,1.203334e-05,0
20240.0,20245.0,20242.5,1.17433e-06,5.87165e-06,0
20245.0,20250.0,20247.5,1.197032e-06,5.98516e-06,0
20265.0,20270.0,20267.5,2.371362e-06,1.185681e-05,0
20275.0,20280.0,20277.5,1.188566e-06,5.94283e-06,0
20280.0,20285.0,20282.5,2.379904e-06,1.189952e-05,0
20290.0,20295.0,20292.5,2.381386e-06,1.190693e-05,0
20300.0,20305.0,20302.5,2.40818e-06,1.20409e-05,0
20305.0,20310.0,20307.5,1.177164e-06,5.88582e-06,0
20310.0,20315.0,20312.5,1.204094e-06,6.02047e-06,0
20320.0,20325.0,20322.5,1.185536e-06,5.92768e-06,0
20325.0,20330.0,20327.5,2.381258e-06,1.190629e-05,0
20335.0,20340.0,20337.5,1.188566e-06,5.94283e-06,0
20345.0,20350.0,20347.5,1.204094e-06,6.02047e-06,0
20350.0,20355.0,20352.5,1.188566e-06,5.94283e-06,0
20355.0,20360.0,20357.5,1.182872e-06,5.91436e-06,0
20405.0,20410.0,20407.5,3.583998e-06,1.791999e-05,0
20410.0,20415.0,20412.5,2.381386e-06,1.190693e-05,0
20420.0,20425.0,20422.5,1.185536e-06,5.92768e-06,0
20425.0,20430.0,20427.5,1.17433e-06,5.87165e-06,0
20430.0,20435.0,20432.5,1.204094e-06,6.02047e-06,0
20435.0,20440.0,20437.5,1.188566e-06,5.94283e-06,0
20440.0,20445.0,20442.5,1.204094e-06,6.02047e-06,0
20445.0,20450.0,20447.5,1.17433e-06,5.87165e-06,0
20455.0,20460.0,20457.5,2.375692e-06,1.187846e-05,0
20460.0,20465.0,20462.5,1.19282e-06,5.9641e-06,0
20465.0,20470.0,20467.5,1.204094e-06,6.02047e-06,0
20475.0,20480.0,20477.5,1.197032e-06,5.98516e-06,0
20480.0,20485.0,20482.5,3.586662e-06,1.793331e-05,0
20485.0,20490.0,20487.5,2.39266e-06,1.19633e-05,0
20490.0,20495.0,20492.5,2.386966e-06,1.193483e-05,0
20500.0,20505.0,20502.5,1.204094e-06,6.02047e-06,0
20505.0,20510.0,20507.5,2.395394e-06,1.197697e-05,0
20510.0,20515.0,20512.5,4.746998e-06,2.373499e-05,0
20515.0,20520.0,20517.5,1.17433e-06,5.87165e-06,0
20535.0,20540.0,20537.5,1.202574e-06,6.01287e-06,0
20550.0,20555.0,20552.5,2.36715e-06,1.183575e-05,0
20555.0,20560.0,20557.5,2.38564e-06,1.19282e-05,0
20560.0,20565.0,20562.5,1.204094e-06,6.02047e-06,0
20570.0,20575.0,20572.5,1.188566e-06,5.94283e-06,0
20575.0,20580.0,20577.5,2.396914e-06,1.198457e-05,0
20580.0,20585.0,20582.5,2.381258e-06,1.190629e-05,0
20590.0,20595.0,20592.5,2.39266e-06,1.19633e-05,0
20595.0,20600.0,20597.5,1.185536e-06,5.92768e-06,0
20615.0,20620.0,20617.5,1.17433e-06,5.87165e-06,0
20630.0,20635.0,20632.5,2.36715e-06,1.183575e-05,0
20635.0,20640.0,20637.5,3.560012e-06,1.780006e-05,0
20655.0,20660.0,20657.5,1.19282e-06,5.9641e-06,0
20660.0,20665.0,20662.5,1.17433e-06,5.87165e-06,0
20665.0,20670.0,20667.5,2.38963e-06,1.194815e-05,0
20670.0,20675.0,20672.5,1.19282e-06,5.9641e-06,0
20680.0,20685.0,20682.5,3.58548e-06,1.79274e-05,0
20685.0,20690.0,20687.5,1.188566e-06,5.94283e-06,0
20700.0,20705.0,20702.5,2.379904e-06,1.189952e-05,0
20715.0,20720.0,20717.5,1.185536e-06,5.92768e-06,0
20720.0,20725.0,20722.5,1.197032e-06,5.98516e-06,0
20725.0,20730.0,20727.5,2.39266e-06,1.19633e-05,0
20755.0,20760.0,20757.5,1.188566e-06,5.94283e-06,0
20760.0,20765.0,20762.5,2.362896e-06,1.181448e-05,0
20770.0,20775.0,20772.5,1.182872e-06,5.91436e-06,0
20775.0,20780.0,20777.5,3.596746e-06,1.798373e-05,0
20785.0,20790.0,20787.5,2.36573e-06,1.182865e-05,0
20795.0,20800.0,20797.5,2.401126e-06,1.200563e-05,0
20800.0,20805.0,20802.5,1.204094e-06,6.02047e-06,0
20820.0,20825.0,20822.5,1.185536e-06,5.92768e-06,0
20825.0,20830.0,20827.5,2.39266e-06,1.19633e-05,0
20830.0,20835.0,20832.5,1.17433e-06,5.87165e-06,0
20840.0,20845.0,20842.5,2.376904e-06,1.188452e-05,0
20855.0,20860.0,20857.5,1.182872e-06,5.91436e-06,0
20860.0,20865.0,20862.5,1.177164e-06,5.88582e-06,0
20865.0,20870.0,20867.5,1.182872e-06,5.91436e-06,0
20870.0,20875.0,20872.5,1.188566e-06,5.94283e-06,0
20875.0,20880.0,20877.5,2.40818e-06,1.20409e-05,0
20885.0,20890.0,20887.5,1.17433e-06,5.87165e-06,0
20900.0,20905.0,20902.5,2.360036e-06,1.180018e-05,0
20920.0,20925.0,20922.5,1.204094e-06,6.02047e-06,0
20945.0,20950.0,20947.5,1.197032e-06,5.98516e-06,0
20965.0,20970.0,20967.5,1.204094e-06,6.02047e-06,0
20970.0,20975.0,20972.5,2.40818e-06,1.20409e-05,0
20995.0,21000.0,20997.5,1.204094e-06,6.02047e-06,0
21005.0,21010.0,21007.5,1.17433e-06,5.87165e-06,0
21010.0,21015.0,21012.5,1.197032e-06,5.98516e-06,0
21030.0,21035.0,21032.5,1.19282e-06,5.9641e-06,0
21035.0,21040.0,21037.5,1.188566e-06,5.94283e-06,0
21050.0,21055.0,21052.5,1.177164e-06,5.88582e-06,0
21075.0,21080.0,21077.5,2.3627e-06,1.18135e-05,0
21080.0,21085.0,21082.5,1.185536e-06,5.92768e-06,0
21095.0,21100.0,21097.5,1.204094e-06,6.02047e-06,0
21105.0,21110.0,21107.5,3.557068e-06,1.778534e-05,0
21110.0,21115.0,21112.5,1.19282e-06,5.9641e-06,0
21115.0,21120.0,21117.5,1.202574e-06,6.01287e-06,0
21120.0,21125.0,21122.5,1.188566e-06,5.94283e-06,0
21130.0,21135.0,21132.5,1.188566e-06,5.94283e-06,0
21135.0,21140.0,21137.5,1.188566e-06,5.94283e-06,0
21145.0,21150.0,21147.5,1.188566e-06,5.94283e-06,0
21160.0,21165.0,21162.5,1.17433e-06,5.87165e-06,0
21165.0,21170.0,21167.5,1.204094e-06,6.02047e-06,0
21185.0,21190.0,21187.5,1.177164e-06,5.88582e-06,0
21190.0,21195.0,21192.5,1.17433e-06,5.87165e-06,0
21200.0,21205.0,21202.5,1.188566e-06,5.94283e-06,0
21205.0,21210.0,21207.5,1.204094e-06,6.02047e-06,0
21210.0,21215.0,21212.5,1.177164e-06,5.88582e-06,0
21220.0,21225.0,21222.5,1.204094e-06,6.02047e-06,0
21230.0,21235.0,21232.5,3.555716e-06,1.777858e-05,0
21235.0,21240.0,21237.5,1.182872e-06,5.91436e-06,0
21240.0,21245.0,21242.5,1.182872e-06,5.91436e-06,0
21245.0,21250.0,21247.5,1.182872e-06,5.91436e-06,0
21250.0,21255.0,21252.5,1.204094e-06,6.02047e-06,0
21270.0,21275.0,21272.5,1.188566e-06,5.94283e-06,0
21275.0,21280.0,21277.5,1.19282e-06,5.9641e-06,0
21280.0,21285.0,21282.5,2.39266e-06,1.19633e-05,0
21290.0,21295.0,21292.5,1.185536e-06,5.92768e-06,0
21305.0,21310.0,21307.5,1.202574e-06,6.01287e-06,0
21310.0,21315.0,21312.5,4.76278e-06,2.38139e-05,0
21320.0,21325.0,21322.5,2.34866e-06,1.17433e-05,0
21330.0,21335.0,21332.5,2.360036e-06,1.180018e-05,0
21345.0,21350.0,21347.5,1.202574e-06,6.01287e-06,0
21355.0,21360.0,21357.5,2.357202e-06,1.178601e-05,0
21370.0,21375.0,21372.5,2.385446e-06,1.192723e-05,0
21375.0,21380.0,21377.5,1.19282e-06,5.9641e-06,0
21385.0,21390.0,21387.5,2.371362e-06,1.185681e-05,0
21390.0,21395.0,21392.5,2.360036e-06,1.180018e-05,0
21395.0,21400.0,21397.5,1.17433e-06,5.87165e-06,0
21400.0,21405.0,21402.5,2.40818e-06,1.20409e-05,0
21410.0,21415.0,21412.5,1.188566e-06,5.94283e-06,0
21425.0,21430.0,21427.5,3.556898e-06,1.778449e-05,0
21440.0,21445.0,21442.5,3.593946e-06,1.796973e-05,0
21445.0,21450.0,21447.5,1.204094e-06,6.02047e-06,0
21450.0,21455.0,21452.5,1.204094e-06,6.02047e-06,0
21485.0,21490.0,21487.5,2.396914e-06,1.198457e-05,0
21490.0,21495.0,21492.5,1.188566e-06,5.94283e-06,0
21500.0,21505.0,21502.5,2.38811e-06,1.194055e-05,0
21505.0,21510.0,21507.5,1.204094e-06,6.02047e-06,0
21515.0,21520.0,21517.5,1.177164e-06,5.88582e-06,0
21520.0,21525.0,21522.5,1.185536e-06,5.92768e-06,0
21525.0,21530.0,21527.5,3.534196e-06,1.767098e-05,0
21530.0,21535.0,21532.5,2.362896e-06,1.181448e-05,0
21545.0,21550.0,21547.5,1.19282e-06,5.9641e-06,0
21555.0,21560.0,21557.5,2.381258e-06,1.190629e-05,0
21560.0,21565.0,21562.5,1.204094e-06,6.02047e-06,0
21570.0,21575.0,21572.5,1.19282e-06,5.9641e-06,0
21580.0,21585.0,21582.5,1.182872e-06,5.91436e-06,0
21590.0,21595.0,21592.5,2.386966e-06,1.193483e-05,0
21595.0,21600.0,21597.5,1.197032e-06,5.98516e-06,0
21610.0,21615.0,21612.5,1.204094e-06,6.02047e-06,0
21625.0,21630.0,21627.5,1.197032e-06,5.98516e-06,0
21630.0,21635.0,21632.5,1.188566e-06,5.94283e-06,0
21650.0,21655.0,21652.5,1.204094e-06,6.02047e-06,0
21655.0,21660.0,21657.5,4.793778e-06,2.396889e-05,0
21660.0,21665.0,21662.5,1.19282e-06,5.9641e-06,0
21665.0,21670.0,21667.5,1.17433e-06,5.87165e-06,0
21685.0,21690.0,21687.5,2.374102e-06,1.187051e-05,0
21700.0,21705.0,21702.5,1.204094e-06,6.02047e-06,0
21725.0,21730.0,21727.5,1.204094e-06,6.02047e-06,0
21735.0,21740.0,21737.5,1.204094e-06,6.02047e-06,0
21745.0,21750.0,21747.5,1.202574e-06,6.01287e-06,0
21770.0,21775.0,21772.5,1.19282e-06,5.9641e-06,0
21790.0,21795.0,21792.5,1.185536e-06,5.92768e-06,0
21800.0,21805.0,21802.5,2.371362e-06,1.185681e-05,0
21805.0,21810.0,21807.5,2.362896e-06,1.181448e-05,0
21815.0,21820.0,21817.5,2.359866e-06,1.179933e-05,0
21820.0,21825.0,21822.5,2.357202e-06,1.178601e-05,0
21830.0,21835.0,21832.5,2.36715e-06,1.183575e-05,0
21835.0,21840.0,21837.5,1.185536e-06,5.92768e-06,0
21845.0,21850.0,21847.5,1.19282e-06,5.9641e-06,0
21850.0,21855.0,21852.5,1.17433e-06,5.87165e-06,0
21855.0,21860.0,21857.5,1.204094e-06,6.02047e-06,0
21870.0,21875.0,21872.5,1.188566e-06,5.94283e-06,0
21880.0,21885.0,21882.5,1.19282e-06,5.9641e-06,0
21885.0,21890.0,21887.5,1.19282e-06,5.9641e-06,0
21895.0,21900.0,21897.5,1.182872e-06,5.91436e-06,0
21915.0,21920.0,21917.5,1.155536e-06,5.77768e-06,0
21925.0,21930.0,21927.5,1.19282e-06,5.9641e-06,0
21935.0,21940.0,21937.5,1.17433e-06,5.87165e-06,0
21940.0,21945.0,21942.5,2.36573e-06,1.182865e-05,0
21950.0,21955.0,21952.5,1.19282e-06,5.9641e-06,0
21955.0,21960.0,21957.5,3.56413e-06,1.782065e-05,0
21965.0,21970.0,21967.5,1.197032e-06,5.98516e-06,0
21970.0,21975.0,21972.5,1.177164e-06,5.88582e-06,0
21980.0,21985.0,21982.5,2.3627e-06,1.18135e-05,0
21985.0,21990.0,21987.5,1.204094e-06,6.02047e-06,0
21990.0,21995.0,21992.5,1.188566e-06,5.94283e-06,0
22000.0,22005.0,22002.5,1.204094e-06,6.02047e-06,0
22005.0,22010.0,22007.5,1.182872e-06,5.91436e-06,0
22030.0,22035.0,22032.5,1.202574e-06,6.01287e-06,0
22045.0,22050.0,22047.5,2.371362e-06,1.185681e-05,0
22055.0,22060.0,22057.5,1.204094e-06,6.02047e-06,0
22060.0,22065.0,22062.5,3.573654e-06,1.786827e-05,0
22065.0,22070.0,22067.5,2.40818e-06,1.20409e-05,0
22080.0,22085.0,22082.5,1.17433e-06,5.87165e-06,0
22090.0,22095.0,22092.5,1.185536e-06,5.92768e-06,0
22095.0,22100.0,22097.5,2.357202e-06,1.178601e-05,0
22100.0,22105.0,22102.5,2.374102e-06,1.187051e-05,0
22105.0,22110.0,22107.5,1.197032e-06,5.98516e-06,0
22110.0,22115.0,22112.5,1.17433e-06,5.87165e-06,0
22125.0,22130.0,22127.5,2.396914e-06,1.198457e-05,0
22140.0,22145.0,22142.5,1.204094e-06,6.02047e-06,0
22145.0,22150.0,22147.5,2.396914e-06,1.198457e-05,0
22155.0,22160.0,22157.5,1.17433e-06,5.87165e-06,0
22170.0,22175.0,22172.5,1.177164e-06,5.88582e-06,0
22175.0,22180.0,22177.5,2.39266e-06,1.19633e-05,0
22185.0,22190.0,22187.5,1.204094e-06,6.02047e-06,0
22195.0,22200.0,22197.5,3.580998e-06,1.790499e-05,0
22200.0,22205.0,22202.5,2.359866e-06,1.179933e-05,0
22205.0,22210.0,22207.5,2.396914e-06,1.198457e-05,0
22210.0,22215.0,22212.5,1.204094e-06,6.02047e-06,0
22220.0,22225.0,22222.5,3.561296e-06,1.780648e-05,0
22230.0,22235.0,22232.5,1.182872e-06,5.91436e-06,0
22240.0,22245.0,22242.5,1.197032e-06,5.98516e-06,0
22245.0,22250.0,22247.5,1.185536e-06,5.92768e-06,0
22250.0,22255.0,22252.5,2.371438e-06,1.185719e-05,0
22255.0,22260.0,22257.5,2.36573e-06,1.182865e-05,0
22265.0,22270.0,22267.5,1.185536e-06,5.92768e-06,0
22285.0,22290.0,22287.5,3.55552e-06,1.77776e-05,0
22290.0,22295.0,22292.5,1.188566e-06,5.94283e-06,0
22295.0,22300.0,22297.5,1.17433e-06,5.87165e-06,0
22300.0,22305.0,22302.5,2.376904e-06,1.188452e-05,0
22305.0,22310.0,22307.5,2.371438e-06,1.185719e-05,0
22310.0,22315.0,22312.5,1.17433e-06,5.87165e-06,0
22330.0,22335.0,22332.5,1.17433e-06,5.87165e-06,0
22335.0,22340.0,22337.5,1.202574e-06,6.01287e-06,0
22340.0,22345.0,22342.5,3.56996e-06,1.78498e-05,0
22345.0,22350.0,22347.5,2.381386e-06,1.190693e-05,0
22375.0,22380.0,22377.5,1.17433e-06,5.87165e-06,0
22390.0,22395.0,22392.5,2.34866e-06,1.17433e-05,0
22395.0,22400.0,22397.5,3.56261e-06,1.781305e-05,0
22420.0,22425.0,22422.5,2.40514e-06,1.20257e-05,0
22425.0,22430.0,22427.5,2.395394e-06,1.197697e-05,0
22435.0,22440.0,22437.5,1.185536e-06,5.92768e-06,0
22440.0,22445.0,22442.5,1.185536e-06,5.92768e-06,0
22455.0,22460.0,22457.5,2.399606e-06,1.199803e-05,0
22460.0,22465.0,22462.5,1.177164e-06,5.88582e-06,0
22465.0,22470.0,22467.5,2.359866e-06,1.179933e-05,0
22470.0,22475.0,22472.5,2.385598e-06,1.192799e-05,0
22480.0,22485.0,22482.5,2.40514e-06,1.20257e-05,0
22485.0,22490.0,22487.5,1.17433e-06,5.87165e-06,0
22490.0,22495.0,22492.5,1.188566e-06,5.94283e-06,0
22500.0,22505.0,22502.5,5.92976e-06,2.96488e-05,0
22505.0,22510.0,22507.5,1.204094e-06,6.02047e-06,0
22510.0,22515.0,22512.5,2.371438e-06,1.185719e-05,0
22520.0,22525.0,22522.5,1.19282e-06,5.9641e-06,0
22535.0,22540.0,22537.5,1.204094e-06,6.02047e-06,0
22540.0,22545.0,22542.5,1.188566e-06,5.94283e-06,0
22550.0,22555.0,22552.5,1.17433e-06,5.87165e-06,0
22555.0,22560.0,22557.5,1.188566e-06,5.94283e-06,0
22560.0,22565.0,22562.5,1.155536e-06,5.77768e-06,0
22565.0,22570.0,22567.5,1.185536e-06,5.92768e-06,0
22570.0,22575.0,22572.5,1.204094e-06,6.02047e-06,0
22590.0,22595.0,22592.5,2.368408e-06,1.184204e-05,0
22595.0,22600.0,22597.5,1.202574e-06,6.01287e-06,0
22605.0,22610.0,22607.5,1.177164e-06,5.88582e-06,0
22610.0,22615.0,22612.5,1.188566e-06,5.94283e-06,0
22615.0,22620.0,22617.5,3.593946e-06,1.796973e-05,0
22625.0,22630.0,22627.5,1.182872e-06,5.91436e-06,0
22630.0,22635.0,22632.5,1.204094e-06,6.02047e-06,0
22645.0,22650.0,22647.5,1.188566e-06,5.94283e-06,0
22655.0,22660.0,22657.5,2.362896e-06,1.181448e-05,0
22660.0,22665.0,22662.5,1.17433e-06,5.87165e-06,0
22665.0,22670.0,22667.5,1.155536e-06,5.77768e-06,0
22670.0,22675.0,22672.5,2.399606e-06,1.199803e-05,0
22675.0,22680.0,22677.5,1.188566e-06,5.94283e-06,0
22680.0,22685.0,22682.5,2.376904e-06,1.188452e-05,0
22700.0,22705.0,22702.5,1.204094e-06,6.02047e-06,0
22705.0,22710.0,22707.5,1.204094e-06,6.02047e-06,0
22710.0,22715.0,22712.5,1.182872e-06,5.91436e-06,0
22755.0,22760.0,22757.5,1.177164e-06,5.88582e-06,0
22760.0,22765.0,22762.5,3.572502e-06,1.786251e-05,0
22765.0,22770.0,22767.5,1.188566e-06,5.94283e-06,0
22770.0,22775.0,22772.5,1.17433e-06,5.87165e-06,0
22775.0,22780.0,22777.5,2.406668e-06,1.203334e-05,0
22780.0,22785.0,22782.5,2.3627e-06,1.18135e-05,0
22795.0,22800.0,22797.5,1.202574e-06,6.01287e-06,0
22800.0,22805.0,22802.5,2.357202e-06,1.178601e-05,0
22810.0,22815.0,22812.5,1.188566e-06,5.94283e-06,0
22815.0,22820.0,22817.5,1.188566e-06,5.94283e-06,0
22820.0,22825.0,22822.5,4.735558e-06,2.367779e-05,0
22835.0,22840.0,22837.5,1.17433e-06,5.87165e-06,0
22855.0,22860.0,22857.5,1.202574e-06,6.01287e-06,0
22860.0,22865.0,22862.5,1.182872e-06,5.91436e-06,0
22865.0,22870.0,22867.5,2.38811e-06,1.194055e-05,0
22870.0,22875.0,22872.5,2.357202e-06,1.178601e-05,0
22885.0,22890.0,22887.5,2.38963e-06,1.194815e-05,0
22910.0,22915.0,22912.5,1.19282e-06,5.9641e-06,0
22915.0,22920.0,22917.5,7.146646e-06,3.573323e-05,0
22920.0,22925.0,22922.5,1.177164e-06,5.88582e-06,0
22925.0,22930.0,22927.5,2.36715e-06,1.183575e-05,0
22930.0,22935.0,22932.5,2.395394e-06,1.197697e-05,0
22935.0,22940.0,22937.5,3.593946e-06,1.796973e-05,0
22940.0,22945.0,22942.5,1.185536e-06,5.92768e-06,0
22945.0,22950.0,22947.5,1.204094e-06,6.02047e-06,0
22955.0,22960.0,22957.5,2.406668e-06,1.203334e-05,0
22960.0,22965.0,22962.5,3.534366e-06,1.767183e-05,0
22970.0,22975.0,22972.5,1.17433e-06,5.87165e-06,0
22975.0,22980.0,22977.5,1.182872e-06,5.91436e-06,0
22980.0,22985.0,22982.5,1.185536e-06,5.92768e-06,0
22990.0,22995.0,22992.5,2.362896e-06,1.181448e-05,0
22995.0,23000.0,22997.5,2.375692e-06,1.187846e-05,0
23000.0,23005.0,23002.5,1.19282e-06,5.9641e-06,0
23005.0,23010.0,23007.5,2.39266e-06,1.19633e-05,0
23010.0,23015.0,23012.5,1.204094e-06,6.02047e-06,0
23015.0,23020.0,23017.5,1.188566e-06,5.94283e-06,0
23040.0,23045.0,23042.5,1.202574e-06,6.01287e-06,0
23045.0,23050.0,23047.5,2.362896e-06,1.181448e-05,0
23050.0,23055.0,23052.5,1.177164e-06,5.88582e-06,0
23070.0,23075.0,23072.5,3.56699e-06,1.783495e-05,0
23075.0,23080.0,23077.5,1.182872e-06,5.91436e-06,0
23080.0,23085.0,23082.5,1.17433e-06,5.87165e-06,0
23085.0,23090.0,23087.5,3.554234e-06,1.777117e-05,0
23090.0,23095.0,23092.5,2.374102e-06,1.187051e-05,0
23095.0,23100.0,23097.5,2.401126e-06,1.200563e-05,0
23105.0,23110.0,23107.5,2.378356e-06,1.189178e-05,0
23110.0,23115.0,23112.5,2.39266e-06,1.19633e-05,0
23120.0,23125.0,23122.5,2.382568e-06,1.191284e-05,0
23130.0,23135.0,23132.5,1.19282e-06,5.9641e-06,0
23135.0,23140.0,23137.5,1.197032e-06,5.98516e-06,0
23145.0,23150.0,23147.5,1.188566e-06,5.94283e-06,0
23155.0,23160.0,23157.5,2.379738e-06,1.189869e-05,0
23160.0,23165.0,23162.5,1.204094e-06,6.02047e-06,0
23170.0,23175.0,23172.5,2.36574e-06,1.18287e-05,0
23175.0,23180.0,23177.5,1.185536e-06,5.92768e-06,0
23180.0,23185.0,23182.5,2.399606e-06,1.199803e-05,0
23205.0,23210.0,23207.5,1.185536e-06,5.92768e-06,0
23210.0,23215.0,23212.5,1.188566e-06,5.94283e-06,0
23220.0,23225.0,23222.5,1.197032e-06,5.98516e-06,0
23230.0,23235.0,23232.5,2.406668e-06,1.203334e-05,0
23235.0,23240.0,23237.5,1.182872e-06,5.91436e-06,0
23240.0,23245.0,23242.5,2.36574e-06,1.18287e-05,0
23250.0,23255.0,23252.5,2.396914e-06,1.198457e-05,0
23260.0,23265.0,23262.5,1.204094e-06,6.02047e-06,0
23265.0,23270.0,23267.5,1.202574e-06,6.01287e-06,0
23280.0,23285.0,23282.5,2.351494e-06,1.175747e-05,0
23290.0,23295.0,23292.5,1.155536e-06,5.77768e-06,0
23295.0,23300.0,23297.5,3.58251e-06,1.791255e-05,0
23300.0,23305.0,23302.5,1.17433e-06,5.87165e-06,0
23315.0,23320.0,23317.5,2.374102e-06,1.187051e-05,0
23320.0,23325.0,23322.5,1.188566e-06,5.94283e-06,0
23325.0,23330.0,23327.5,1.17433e-06,5.87165e-06,0
23330.0,23335.0,23332.5,1.188566e-06,5.94283e-06,0
23345.0,23350.0,23347.5,2.40818e-06,1.20409e-05,0
23350.0,23355.0,23352.5,1.202574e-06,6.01287e-06,0
23355.0,23360.0,23357.5,2.371438e-06,1.185719e-05,0
23370.0,23375.0,23372.5,1.185536e-06,5.92768e-06,0
23375.0,23380.0,23377.5,1.177164e-06,5.88582e-06,0
23380.0,23385.0,23382.5,2.351494e-06,1.175747e-05,0
23385.0,23390.0,23387.5,1.19282e-06,5.9641e-06,0
23390.0,23395.0,23392.5,3.574172e-06,1.787086e-05,0
23395.0,23400.0,23397.5,2.359866e-06,1.179933e-05,0
23400.0,23405.0,23402.5,2.39266e-06,1.19633e-05,0
23410.0,23415.0,23412.5,1.182872e-06,5.91436e-06,0
23415.0,23420.0,23417.5,1.188566e-06,5.94283e-06,0
23420.0,23425.0,23422.5,2.37108e-06,1.18554e-05,0
23425.0,23430.0,23427.5,1.185536e-06,5.92768e-06,0
23435.0,23440.0,23437.5,2.378424e-06,1.189212e-05,0
23445.0,23450.0,23447.5,1.204094e-06,6.02047e-06,0
23460.0,23465.0,23462.5,1.17433e-06,5.87165e-06,0
23465.0,23470.0,23467.5,3.572502e-06,1.786251e-05,0
23470.0,23475.0,23472.5,1.17433e-06,5.87165e-06,0
23475.0,23480.0,23477.5,1.17433e-06,5.87165e-06,0
23485.0,23490.0,23487.5,1.188566e-06,5.94283e-06,0
23495.0,23500.0,23497.5,1.182872e-06,5.91436e-06,0
23510.0,23515.0,23512.5,1.204094e-06,6.02047e-06,0
23515.0,23520.0,23517.5,1.204094e-06,6.02047e-06,0
23520.0,23525.0,23522.5,2.362896e-06,1.181448e-05,0
23525.0,23530.0,23527.5,1.197032e-06,5.98516e-06,0
23530.0,23535.0,23532.5,3.58245e-06,1.791225e-05,0
23550.0,23555.0,23552.5,3.575456e-06,1.787728e-05,0
23555.0,23560.0,23557.5,3.574172e-06,1.787086e-05,0
23565.0,23570.0,23567.5,1.17433e-06,5.87165e-06,0
23570.0,23575.0,23572.5,1.19282e-06,5.9641e-06,0
23585.0,23590.0,23587.5,1.182872e-06,5.91436e-06,0
23590.0,23595.0,23592.5,1.188566e-06,5.94283e-06,0
23600.0,23605.0,23602.5,2.396914e-06,1.198457e-05,0
23605.0,23610.0,23607.5,1.17433e-06,5.87165e-06,0
23620.0,23625.0,23622.5,2.39266e-06,1.19633e-05,0
23625.0,23630.0,23627.5,1.185536e-06,5.92768e-06,0
23640.0,23645.0,23642.5,1.185536e-06,5.92768e-06,0
23655.0,23660.0,23657.5,2.36573e-06,1.182865e-05,0
23660.0,23665.0,23662.5,1.177164e-06,5.88582e-06,0
23665.0,23670.0,23667.5,2.360036e-06,1.180018e-05,0
23670.0,23675.0,23672.5,1.17433e-06,5.87165e-06,0
23675.0,23680.0,23677.5,1.204094e-06,6.02047e-06,0
23680.0,23685.0,23682.5,1.202574e-06,6.01287e-06,0
23685.0,23690.0,23687.5,2.378424e-06,1.189212e-05,0
23690.0,23695.0,23692.5,1.204094e-06,6.02047e-06,0
23695.0,23700.0,23697.5,1.19282e-06,5.9641e-06,0
23700.0,23705.0,23702.5,1.17433e-06,5.87165e-06,0
23705.0,23710.0,23707.5,1.182872e-06,5.91436e-06,0
23720.0,23725.0,23722.5,2.37108e-06,1.18554e-05,0
23725.0,23730.0,23727.5,2.39266e-06,1.19633e-05,0
23735.0,23740.0,23737.5,3.552686e-06,1.776343e-05,0
23740.0,23745.0,23742.5,2.375692e-06,1.187846e-05,0
23750.0,23755.0,23752.5,3.545572e-06,1.772786e-05,0
23770.0,23775.0,23772.5,1.204094e-06,6.02047e-06,0
23775.0,23780.0,23777.5,1.204094e-06,6.02047e-06,0
23780.0,23785.0,23782.5,2.362896e-06,1.181448e-05,0
23795.0,23800.0,23797.5,2.34866e-06,1.17433e-05,0
23800.0,23805.0,23802.5,2.376904e-06,1.188452e-05,0
23820.0,23825.0,23822.5,4.77926e-06,2.38963e-05,0
23825.0,23830.0,23827.5,1.188566e-06,5.94283e-06,0
23830.0,23835.0,23832.5,2.360036e-06,1.180018e-05,0
23855.0,23860.0,23857.5,2.395394e-06,1.197697e-05,0
23865.0,23870.0,23867.5,1.182872e-06,5.91436e-06,0
23870.0,23875.0,23872.5,1.204094e-06,6.02047e-06,0
23875.0,23880.0,23877.5,1.202574e-06,6.01287e-06,0
23880.0,23885.0,23882.5,1.197032e-06,5.98516e-06,0
23885.0,23890.0,23887.5,2.401126e-06,1.200563e-05,0
23900.0,23905.0,23902.5,2.386966e-06,1.193483e-05,0
23910.0,23915.0,23912.5,2.36715e-06,1.183575e-05,0
23915.0,23920.0,23917.5,1.188566e-06,5.94283e-06,0
23925.0,23930.0,23927.5,2.381386e-06,1.190693e-05,0
23935.0,23940.0,23937.5,1.185536e-06,5.92768e-06,0
23950.0,23955.0,23952.5,2.378424e-06,1.189212e-05,0
23955.0,23960.0,23957.5,2.34866e-06,1.17433e-05,0
23960.0,23965.0,23962.5,1.188566e-06,5.94283e-06,0
23965.0,23970.0,23967.5,4.769794e-06,2.384897e-05,0
23985.0,23990.0,23987.5,2.36574e-06,1.18287e-05,0
23990.0,23995.0,23992.5,1.185536e-06,5.92768e-06,0
23995.0,24000.0,23997.5,1.188566e-06,5.94283e-06,0
24000.0,24005.0,24002.5,1.204094e-06,6.02047e-06,0
24015.0,24020.0,24017.5,2.389852e-06,1.194926e-05,0
24020.0,24025.0,24022.5,2.378424e-06,1.189212e-05,0
24025.0,24030.0,24027.5,1.204094e-06,6.02047e-06,0
24030.0,24035.0,24032.5,2.40818e-06,1.20409e-05,0
24050.0,24055.0,24052.5,1.188566e-06,5.94283e-06,0
24055.0,24060.0,24057.5,1.19282e-06,5.9641e-06,0
24085.0,24090.0,24087.5,1.204094e-06,6.02047e-06,0
24100.0,24105.0,24102.5,2.401126e-06,1.200563e-05,0
24105.0,24110.0,24107.5,1.185536e-06,5.92768e-06,0
24125.0,24130.0,24127.5,1.202574e-06,6.01287e-06,0
24130.0,24135.0,24132.5,1.182872e-06,5.91436e-06,0
24135.0,24140.0,24137.5,1.19282e-06,5.9641e-06,0
24140.0,24145.0,24142.5,1.177164e-06,5.88582e-06,0
24145.0,24150.0,24147.5,2.39266e-06,1.19633e-05,0
24150.0,24155.0,24152.5,3.576676e-06,1.788338e-05,0
24160.0,24165.0,24162.5,4.722574e-06,2.361287e-05,0
24165.0,24170.0,24167.5,5.967826e-06,2.983913e-05,0
24170.0,24175.0,24172.5,1.204094e-06,6.02047e-06,0
24175.0,24180.0,24177.5,1.155536e-06,5.77768e-06,0
24185.0,24190.0,24187.5,1.177164e-06,5.88582e-06,0
24195.0,24200.0,24197.5,3.561296e-06,1.780648e-05,0
24200.0,24205.0,24202.5,2.38963e-06,1.194815e-05,0
24205.0,24210.0,24207.5,1.177164e-06,5.88582e-06,0
24210.0,24215.0,24212.5,2.37714e-06,1.18857e-05,0
24215.0,24220.0,24217.5,4.78532e-06,2.39266e-05,0
24230.0,24235.0,24232.5,2.371438e-06,1.185719e-05,0
24240.0,24245.0,24242.5,1.182872e-06,5.91436e-06,0
24245.0,24250.0,24247.5,1.185536e-06,5.92768e-06,0
24250.0,24255.0,24252.5,1.185536e-06,5.92768e-06,0
24255.0,24260.0,24257.5,1.188566e-06,5.94283e-06,0
24260.0,24265.0,24262.5,3.578418e-06,1.789209e-05,0
24265.0,24270.0,24267.5,1.188566e-06,5.94283e-06,0
24270.0,24275.0,24272.5,2.35432e-06,1.17716e-05,0
24275.0,24280.0,24277.5,1.202574e-06,6.01287e-06,0
24280.0,24285.0,24282.5,2.399606e-06,1.199803e-05,0
24295.0,24300.0,24297.5,1.204094e-06,6.02047e-06,0
24300.0,24305.0,24302.5,1.202574e-06,6.01287e-06,0
24305.0,24310.0,24307.5,1.197032e-06,5.98516e-06,0
24310.0,24315.0,24312.5,2.368408e-06,1.184204e-05,0
24325.0,24330.0,24327.5,1.17433e-06,5.87165e-06,0
24330.0,24335.0,24332.5,3.605212e-06,1.802606e-05,0
24335.0,24340.0,24337.5,1.188566e-06,5.94283e-06,0
24345.0,24350.0,24347.5,2.378356e-06,1.189178e-05,0
24355.0,24360.0,24357.5,1.188566e-06,5.94283e-06,0
24360.0,24365.0,24362.5,2.378424e-06,1.189212e-05,0
24365.0,24370.0,24367.5,2.37714e-06,1.18857e-05,0
24375.0,24380.0,24377.5,3.599488e-06,1.799744e-05,0
24395.0,24400.0,24397.5,3.559776e-06,1.779888e-05,0
24400.0,24405.0,24402.5,1.204094e-06,6.02047e-06,0
24410.0,24415.0,24412.5,1.182872e-06,5.91436e-06,0
24425.0,24430.0,24427.5,1.177164e-06,5.88582e-06,0
24430.0,24435.0,24432.5,1.204094e-06,6.02047e-06,0
24435.0,24440.0,24437.5,2.396914e-06,1.198457e-05,0
24445.0,24450.0,24447.5,2.359866e-06,1.179933e-05,0
24480.0,24485.0,24482.5,2.371438e-06,1.185719e-05,0
24490.0,24495.0,24492.5,1.19282e-06,5.9641e-06,0
24495.0,24500.0,24497.5,1.185536e-06,5.92768e-06,0
24510.0,24515.0,24512.5,1.202574e-06,6.01287e-06,0
24515.0,24520.0,24517.5,2.371438e-06,1.185719e-05,0
24525.0,24530.0,24527.5,3.583832e-06,1.791916e-05,0
24530.0,24535.0,24532.5,1.17433e-06,5.87165e-06,0
24535.0,24540.0,24537.5,1.188566e-06,5.94283e-06,0
24540.0,24545.0,24542.5,2.362896e-06,1.181448e-05,0
24545.0,24550.0,24547.5,2.389852e-06,1.194926e-05,0
24560.0,24565.0,24562.5,3.554304e-06,1.777152e-05,0
24570.0,24575.0,24572.5,3.575456e-06,1.787728e-05,0
24575.0,24580.0,24577.5,1.182872e-06,5.91436e-06,0
24580.0,24585.0,24582.5,1.197032e-06,5.98516e-06,0
24590.0,24595.0,24592.5,1.197032e-06,5.98516e-06,0
24600.0,24605.0,24602.5,3.556974e-06,1.778487e-05,0
24615.0,24620.0,24617.5,1.188566e-06,5.94283e-06,0
24625.0,24630.0,24627.5,1.17433e-06,5.87165e-06,0
24630.0,24635.0,24632.5,2.389852e-06,1.194926e-05,0
24635.0,24640.0,24637.5,1.155536e-06,5.77768e-06,0
24645.0,24650.0,24647.5,1.185536e-06,5.92768e-06,0
24650.0,24655.0,24652.5,2.375692e-06,1.187846e-05,0
24660.0,24665.0,24662.5,1.188566e-06,5.94283e-06,0
24665.0,24670.0,24667.5,2.351494e-06,1.175747e-05,0
24690.0,24695.0,24692.5,1.17433e-06,5.87165e-06,0
24700.0,24705.0,24702.5,2.378424e-06,1.189212e-05,0
24715.0,24720.0,24717.5,2.378424e-06,1.189212e-05,0
24720.0,24725.0,24722.5,1.19282e-06,5.9641e-06,0
24725.0,24730.0,24727.5,1.188566e-06,5.94283e-06,0
24745.0,24750.0,24747.5,1.204094e-06,6.02047e-06,0
24750.0,24755.0,24752.5,1.17433e-06,5.87165e-06,0
24755.0,24760.0,24757.5,1.19282e-06,5.9641e-06,0
24760.0,24765.0,24762.5,1.177164e-06,5.88582e-06,0
24775.0,24780.0,24777.5,1.177164e-06,5.88582e-06,0
24785.0,24790.0,24787.5,1.177164e-06,5.88582e-06,0
24790.0,24795.0,24792.5,1.188566e-06,5.94283e-06,0
24795.0,24800.0,24797.5,1.204094e-06,6.02047e-06,0
24805.0,24810.0,24807.5,2.36715e-06,1.183575e-05,0
24820.0,24825.0,24822.5,1.188566e-06,5.94283e-06,0
24825.0,24830.0,24827.5,1.177164e-06,5.88582e-06,0
24835.0,24840.0,24837.5,3.571244e-06,1.785622e-05,0
24845.0,24850.0,24847.5,4.69985e-06,2.349925e-05,0
24850.0,24855.0,24852.5,2.386966e-06,1.193483e-05,0
24855.0,24860.0,24857.5,2.381386e-06,1.190693e-05,0
24860.0,24865.0,24862.5,3.54006e-06,1.77003e-05,0
24865.0,24870.0,24867.5,1.177164e-06,5.88582e-06,0
24870.0,24875.0,24872.5,3.571244e-06,1.785622e-05,0
24875.0,24880.0,24877.5,2.389852e-06,1.194926e-05,0
24880.0,24885.0,24882.5,3.595234e-06,1.797617e-05,0
24885.0,24890.0,24887.5,2.396914e-06,1.198457e-05,0
24890.0,24895.0,24892.5,2.351494e-06,1.175747e-05,0
24900.0,24905.0,24902.5,1.204094e-06,6.02047e-06,0
24905.0,24910.0,24907.5,1.182872e-06,5.91436e-06,0
24910.0,24915.0,24912.5,2.401126e-06,1.200563e-05,0
24915.0,24920.0,24917.5,1.182872e-06,5.91436e-06,0
24920.0,24925.0,24922.5,2.381386e-06,1.190693e-05,0
24940.0,24945.0,24942.5,3.588214e-06,1.794107e-05,0
24945.0,24950.0,24947.5,2.352568e-06,1.176284e-05,0
24960.0,24965.0,24962.5,2.381258e-06,1.190629e-05,0
24965.0,24970.0,24967.5,1.204094e-06,6.02047e-06,0
24970.0,24975.0,24972.5,1.204094e-06,6.02047e-06,0
24975.0,24980.0,24977.5,2.371362e-06,1.185681e-05,0
24990.0,24995.0,24992.5,1.185536e-06,5.92768e-06,0
24995.0,25000.0,24997.5,1.188566e-06,5.94283e-06,0
25005.0,25010.0,25007.5,2.378424e-06,1.189212e-05,0
25020.0,25025.0,25022.5,2.386966e-06,1.193483e-05,0
25025.0,25030.0,25027.5,1.188566e-06,5.94283e-06,0
25030.0,25035.0,25032.5,1.185536e-06,5.92768e-06,0
25035.0,25040.0,25037.5,1.204094e-06,6.02047e-06,0
25055.0,25060.0,25057.5,1.19282e-06,5.9641e-06,0
25075.0,25080.0,25077.5,1.182872e-06,5.91436e-06,0
25090.0,25095.0,25092.5,1.197032e-06,5.98516e-06,0
25095.0,25100.0,25097.5,1.177164e-06,5.88582e-06,0
25105.0,25110.0,25107.5,1.177164e-06,5.88582e-06,0
25115.0,25120.0,25117.5,1.17433e-06,5.87165e-06,0
25120.0,25125.0,25122.5,1.188566e-06,5.94283e-06,0
25125.0,25130.0,25127.5,1.204094e-06,6.02047e-06,0
25130.0,25135.0,25132.5,1.204094e-06,6.02047e-06,0
25135.0,25140.0,25137.5,3.596746e-06,1.798373e-05,0
25140.0,25145.0,25142.5,1.177164e-06,5.88582e-06,0
25150.0,25155.0,25152.5,2.357202e-06,1.178601e-05,0
25155.0,25160.0,25157.5,2.39114e-06,1.19557e-05,0
25160.0,25165.0,25162.5,1.188566e-06,5.94283e-06,0
25165.0,25170.0,25167.5,1.17433e-06,5.87165e-06,0
25175.0,25180.0,25177.5,2.381386e-06,1.190693e-05,0
25180.0,25185.0,25182.5,1.204094e-06,6.02047e-06,0
25185.0,25190.0,25187.5,1.188566e-06,5.94283e-06,0
25190.0,25195.0,25192.5,2.376904e-06,1.188452e-05,0
25195.0,25200.0,25197.5,1.17433e-06,5.87165e-06,0
25200.0,25205.0,25202.5,1.19282e-06,5.9641e-06,0
25205.0,25210.0,25207.5,2.378424e-06,1.189212e-05,0
25215.0,25220.0,25217.5,1.19282e-06,5.9641e-06,0
25240.0,25245.0,25242.5,1.17433e-06,5.87165e-06,0
25245.0,25250.0,25247.5,1.188566e-06,5.94283e-06,0
25260.0,25265.0,25262.5,1.202574e-06,6.01287e-06,0
25265.0,25270.0,25267.5,2.362896e-06,1.181448e-05,0
25270.0,25275.0,25272.5,2.396914e-06,1.198457e-05,0
25295.0,25300.0,25297.5,1.185536e-06,5.92768e-06,0
25300.0,25305.0,25302.5,2.39266e-06,1.19633e-05,0
25330.0,25335.0,25332.5,1.204094e-06,6.02047e-06,0
25335.0,25340.0,25337.5,1.185536e-06,5.92768e-06,0
25350.0,25355.0,25352.5,1.204094e-06,6.02047e-06,0
25370.0,25375.0,25372.5,1.19282e-06,5.9641e-06,0
25380.0,25385.0,25382.5,2.378424e-06,1.189212e-05,0
25395.0,25400.0,25397.5,1.17433e-06,5.87165e-06,0
25430.0,25435.0,25432.5,1.185536e-06,5.92768e-06,0
25450.0,25455.0,25452.5,1.19282e-06,5.9641e-06,0
25470.0,25475.0,25472.5,1.204094e-06,6.02047e-06,0
25480.0,25485.0,25482.5,2.381386e-06,1.190693e-05,0
25485.0,25490.0,25487.5,3.582478e-06,1.791239e-05,0
25510.0,25515.0,25512.5,1.188566e-06,5.94283e-06,0
25520.0,25525.0,25522.5,1.204094e-06,6.02047e-06,0
25525.0,25530.0,25527.5,1.17433e-06,5.87165e-06,0
25590.0,25595.0,25592.5,1.182872e-06,5.91436e-06,0
25595.0,25600.0,25597.5,1.17433e-06,5.87165e-06,0
25600.0,25605.0,25602.5,1.182872e-06,5.91436e-06,0
25630.0,25635.0,25632.5,1.204094e-06,6.02047e-06,0
25665.0,25670.0,25667.5,1.188566e-06,5.94283e-06,0
25700.0,25705.0,25702.5,1.17433e-06,5.87165e-06,0
25705.0,25710.0,25707.5,1.197032e-06,5.98516e-06,0
25740.0,25745.0,25742.5,1.204094e-06,6.02047e-06,0
25805.0,25810.0,25807.5,1.19282e-06,5.9641e-06,0
25820.0,25825.0,25822.5,1.204094e-06,6.02047e-06,0
25855.0,25860.0,25857.5,1.185536e-06,5.92768e-06,0
25880.0,25885.0,25882.5,1.188566e-06,5.94283e-06,0
25905.0,25910.0,25907.5,1.177164e-06,5.88582e-06,0
25920.0,25925.0,25922.5,1.188566e-06,5.94283e-06,0
25925.0,25930.0,25927.5,1.182872e-06,5.91436e-06,0
25995.0,26000.0,25997.5,1.17433e-06,5.87165e-06,0
26030.0,26035.0,26032.5,1.204094e-06,6.02047e-06,0
26060.0,26065.0,26062.5,1.197032e-06,5.98516e-06,0
26065.0,26070.0,26067.5,1.182872e-06,5.91436e-06,0
26075.0,26080.0,26077.5,1.177164e-06,5.88582e-06,0
26100.0,26105.0,26102.5,1.188566e-06,5.94283e-06,0
26110.0,26115.0,26112.5,1.17433e-06,5.87165e-06,0
26140.0,26145.0,26142.5,1.17433e-06,5.87165e-06,0
26145.0,26150.0,26147.5,1.204094e-06,6.02047e-06,0
26180.0,26185.0,26182.5,1.202574e-06,6.01287e-06,0
26205.0,26210.0,26207.5,1.17433e-06,5.87165e-06,0
26250.0,26255.0,26252.5,1.202574e-06,6.01287e-06,0
26255.0,26260.0,26257.5,1.204094e-06,6.02047e-06,0
26290.0,26295.0,26292.5,1.204094e-06,6.02047e-06,0
26340.0,26345.0,26342.5,1.19282e-06,5.9641e-06,0
26355.0,26360.0,26357.5,1.177164e-06,5.88582e-06,0
26360.0,26365.0,26362.5,1.155536e-06,5.77768e-06,0
26370.0,26375.0,26372.5,1.204094e-06,6.02047e-06,0
26380.0,26385.0,26382.5,1.204094e-06,6.02047e-06,0
26440.0,26445.0,26442.5,1.177164e-06,5.88582e-06,0
26500.0,26505.0,26502.5,1.19282e-06,5.9641e-06,0
26510.0,26515.0,26512.5,2.381386e-06,1.190693e-05,0
26515.0,26520.0,26517.5,1.17433e-06,5.87165e-06,0
26530.0,26535.0,26532.5,1.204094e-06,6.02047e-06,0
26555.0,26560.0,26557.5,1.204094e-06,6.02047e-06,0
26565.0,26570.0,26567.5,1.185536e-06,5.92768e-06,0
26570.0,26575.0,26572.5,1.202574e-06,6.01287e-06,0
26595.0,26600.0,26597.5,1.177164e-06,5.88582e-06,0
26600.0,26605.0,26602.5,1.204094e-06,6.02047e-06,0
26620.0,26625.0,26622.5,1.177164e-06,5.88582e-06,0
26625.0,26630.0,26627.5,1.204094e-06,6.02047e-06,0
26635.0,26640.0,26637.5,1.188566e-06,5.94283e-06,0
26645.0,26650.0,26647.5,1.185536e-06,5.92768e-06,0
26655.0,26660.0,26657.5,1.204094e-06,6.02047e-06,0
26680.0,26685.0,26682.5,1.182872e-06,5.91436e-06,0
26720.0,26725.0,26722.5,1.204094e-06,6.02047e-06,0
26745.0,26750.0,26747.5,1.204094e-06,6.02047e-06,0
26750.0,26755.0,26752.5,1.202574e-06,6.01287e-06,0
26760.0,26765.0,26762.5,1.204094e-06,6.02047e-06,0
26785.0,26790.0,26787.5,2.359866e-06,1.179933e-05,0
26820.0,26825.0,26822.5,1.204094e-06,6.02047e-06,0
26845.0,26850.0,26847.5,1.202574e-06,6.01287e-06,0
26915.0,26920.0,26917.5,1.204094e-06,6.02047e-06,0
26935.0,26940.0,26937.5,1.182872e-06,5.91436e-06,0
26940.0,26945.0,26942.5,1.17433e-06,5.87165e-06,0
26955.0,26960.0,26957.5,1.19282e-06,5.9641e-06,0
26965.0,26970.0,26967.5,1.188566e-06,5.94283e-06,0
27055.0,27060.0,27057.5,1.17433e-06,5.87165e-06,0
27085.0,27090.0,27087.5,1.17433e-06,5.87165e-06,0
27090.0,27095.0,27092.5,1.202574e-06,6.01287e-06,0
27095.0,27100.0,27097.5,1.202574e-06,6.01287e-06,0
27100.0,27105.0,27102.5,1.17433e-06,5.87165e-06,0
27120.0,27125.0,27122.5,1.188566e-06,5.94283e-06,0
27125.0,27130.0,27127.5,1.202574e-06,6.01287e-06,0
27170.0,27175.0,27172.5,1.177164e-06,5.88582e-06,0
27215.0,27220.0,27217.5,1.17433e-06,5.87165e-06,0
27240.0,27245.0,27242.5,1.197032e-06,5.98516e-06,0
27255.0,27260.0,27257.5,2.35963e-06,1.179815e-05,0
27265.0,27270.0,27267.5,1.17433e-06,5.87165e-06,0
27285.0,27290.0,27287.5,1.17433e-06,5.87165e-06,0
27310.0,27315.0,27312.5,1.204094e-06,6.02047e-06,0
27315.0,27320.0,27317.5,1.202574e-06,6.01287e-06,0
27340.0,27345.0,27342.5,1.182872e-06,5.91436e-06,0
27360.0,27365.0,27362.5,2.357202e-06,1.178601e-05,0
27365.0,27370.0,27367.5,1.202574e-06,6.01287e-06,0
27380.0,27385.0,27382.5,1.19282e-06,5.9641e-06,0
27395.0,27400.0,27397.5,1.182872e-06,5.91436e-06,0
27400.0,27405.0,27402.5,1.202574e-06,6.01287e-06,0
27425.0,27430.0,27427.5,1.17433e-06,5.87165e-06,0
27455.0,27460.0,27457.5,1.202574e-06,6.01287e-06,0
27460.0,27465.0,27462.5,1.177164e-06,5.88582e-06,0
27465.0,27470.0,27467.5,1.204094e-06,6.02047e-06,0
27540.0,27545.0,27542.5,1.185536e-06,5.92768e-06,0
27565.0,27570.0,27567.5,1.185536e-06,5.92768e-06,0
27580.0,27585.0,27582.5,1.188566e-06,5.94283e-06,0
27685.0,27690.0,27687.5,1.188566e-06,5.94283e-06,0
27715.0,27720.0,27717.5,1.17433e-06,5.87165e-06,0
27760.0,27765.0,27762.5,1.188566e-06,5.94283e-06,0
27765.0,27770.0,27767.5,1.188566e-06,5.94283e-06,0
27825.0,27830.0,27827.5,1.204094e-06,6.02047e-06,0
27840.0,27845.0,27842.5,1.197032e-06,5.98516e-06,0
27955.0,27960.0,27957.5,1.19282e-06,5.9641e-06,0
27960.0,27965.0,27962.5,1.204094e-06,6.02047e-06,0
27965.0,27970.0,27967.5,1.188566e-06,5.94283e-06,0
27975.0,27980.0,27977.5,1.17433e-06,5.87165e-06,0
28090.0,28095.0,28092.5,1.17433e-06,5.87165e-06,0
28230.0,28235.0,28232.5,1.17433e-06,5.87165e-06,0
28255.0,28260.0,28257.5,1.17433e-06,5.87165e-06,0
28260.0,28265.0,28262.5,1.182872e-06,5.91436e-06,0
28285.0,28290.0,28287.5,1.197032e-06,5.98516e-06,0
28300.0,28305.0,28302.5,1.204094e-06,6.02047e-06,0
28305.0,28310.0,28307.5,2.3627e-06,1.18135e-05,0
28330.0,28335.0,28332.5,1.177164e-06,5.88582e-06,0
28360.0,28365.0,28362.5,1.204094e-06,6.02047e-06,0
28385.0,28390.0,28387.5,1.204094e-06,6.02047e-06,0
28430.0,28435.0,28432.5,1.204094e-06,6.02047e-06,0
28445.0,28450.0,28447.5,1.202574e-06,6.01287e-06,0
28450.0,28455.0,28452.5,1.202574e-06,6.01287e-06,0
28470.0,28475.0,28472.5,1.17433e-06,5.87165e-06,0
28640.0,28645.0,28642.5,1.204094e-06,6.02047e-06,0
28650.0,28655.0,28652.5,1.188566e-06,5.94283e-06,0
28750.0,28755.0,28752.5,1.204094e-06,6.02047e-06,0
28845.0,28850.0,28847.5,1.177164e-06,5.88582e-06,0
28855.0,28860.0,28857.5,2.385446e-06,1.192723e-05,0
28875.0,28880.0,28877.5,1.204094e-06,6.02047e-06,0
28895.0,28900.0,28897.5,1.204094e-06,6.02047e-06,0
28900.0,28905.0,28902.5,1.188566e-06,5.94283e-06,0
28915.0,28920.0,28917.5,2.371438e-06,1.185719e-05,0
28935.0,28940.0,28937.5,1.17433e-06,5.87165e-06,0
28945.0,28950.0,28947.5,1.188566e-06,5.94283e-06,0
28960.0,28965.0,28962.5,1.188566e-06,5.94283e-06,0
29085.0,29090.0,29087.5,1.185536e-06,5.92768e-06,0
29105.0,29110.0,29107.5,1.204094e-06,6.02047e-06,0
29120.0,29125.0,29122.5,1.177164e-06,5.88582e-06,0
29190.0,29195.0,29192.5,1.17433e-06,5.87165e-06,0
29240.0,29245.0,29242.5,1.177164e-06,5.88582e-06,0
29250.0,29255.0,29252.5,1.185536e-06,5.92768e-06,0
29265.0,29270.0,29267.5,1.204094e-06,6.02047e-06,0
29275.0,29280.0,29277.5,1.204094e-06,6.02047e-06,0
29325.0,29330.0,29327.5,1.182872e-06,5.91436e-06,0
29335.0,29340.0,29337.5,1.204094e-06,6.02047e-06,0
29340.0,29345.0,29342.5,1.204094e-06,6.02047e-06,0
29365.0,29370.0,29367.5,1.188566e-06,5.94283e-06,0
29390.0,29395.0,29392.5,1.202574e-06,6.01287e-06,0
29395.0,29400.0,29397.5,1.17433e-06,5.87165e-06,0
29400.0,29405.0,29402.5,1.177164e-06,5.88582e-06,0
29410.0,29415.0,29412.5,2.378356e-06,1.189178e-05,0
29445.0,29450.0,29447.5,1.182872e-06,5.91436e-06,0
29455.0,29460.0,29457.5,1.188566e-06,5.94283e-06,0
29530.0,29535.0,29532.5,1.19282e-06,5.9641e-06,0
29550.0,29555.0,29552.5,1.204094e-06,6.02047e-06,0
29565.0,29570.0,29567.5,1.188566e-06,5.94283e-06,0
29575.0,29580.0,29577.5,1.19282e-06,5.9641e-06,0
29585.0,29590.0,29587.5,1.177164e-06,5.88582e-06,0
29595.0,29600.0,29597.5,1.204094e-06,6.02047e-06,0
29600.0,29605.0,29602.5,1.185536e-06,5.92768e-06,0
29630.0,29635.0,29632.5,1.182872e-06,5.91436e-06,0
29655.0,29660.0,29657.5,2.38963e-06,1.194815e-05,0
29675.0,29680.0,29677.5,1.204094e-06,6.02047e-06,0
29730.0,29735.0,29732.5,1.19282e-06,5.9641e-06,0
29770.0,29775.0,29772.5,1.19282e-06,5.9641e-06,0
29785.0,29790.0,29787.5,1.204094e-06,6.02047e-06,0
29805.0,29810.0,29807.5,1.204094e-06,6.02047e-06,0
29845.0,29850.0,29847.5,1.202574e-06,6.01287e-06,0
29850.0,29855.0,29852.5,1.204094e-06,6.02047e-06,0
29855.0,29860.0,29857.5,1.197032e-06,5.98516e-06,0
29910.0,29915.0,29912.5,1.19282e-06,5.9641e-06,0
29920.0,29925.0,29922.5,1.204094e-06,6.02047e-06,0
29945.0,29950.0,29947.5,1.197032e-06,5.98516e-06,0
29990.0,29995.0,29992.5,1.185536e-06,5.92768e-06,0
30150.0,30155.0,30152.5,1.197032e-06,5.98516e-06,0
30175.0,30180.0,30177.5,1.204094e-06,6.02047e-06,0
30195.0,30200.0,30197.5,1.17433e-06,5.87165e-06,0
30215.0,30220.0,30217.5,2.371438e-06,1.185719e-05,0
30235.0,30240.0,30237.5,2.381386e-06,1.190693e-05,0
30315.0,30320.0,30317.5,1.204094e-06,6.02047e-06,0
30325.0,30330.0,30327.5,1.177164e-06,5.88582e-06,0
30335.0,30340.0,30337.5,1.188566e-06,5.94283e-06,0
30355.0,30360.0,30357.5,1.188566e-06,5.94283e-06,0
30375.0,30380.0,30377.5,1.188566e-06,5.94283e-06,0
30395.0,30400.0,30397.5,1.17433e-06,5.87165e-06,0
30405.0,30410.0,30407.5,1.204094e-06,6.02047e-06,0
30450.0,30455.0,30452.5,1.204094e-06,6.02047e-06,0
30530.0,30535.0,30532.5,1.19282e-06,5.9641e-06,0
30565.0,30570.0,30567.5,1.177164e-06,5.88582e-06,0
30580.0,30585.0,30582.5,1.19282e-06,5.9641e-06,0
30590.0,30595.0,30592.5,1.188566e-06,5.94283e-06,0
30595.0,30600.0,30597.5,2.406668e-06,1.203334e-05,0
30600.0,30605.0,30602.5,1.17433e-06,5.87165e-06,0
30620.0,30625.0,30622.5,1.188566e-06,5.94283e-06,0
30640.0,30645.0,30642.5,1.182872e-06,5.91436e-06,0
30675.0,30680.0,30677.5,1.17433e-06,5.87165e-06,0
30690.0,30695.0,30692.5,1.204094e-06,6.02047e-06,0
30700.0,30705.0,30702.5,1.155536e-06,5.77768e-06,0
30715.0,30720.0,30717.5,1.188566e-06,5.94283e-06,0
30755.0,30760.0,30757.5,1.188566e-06,5.94283e-06,0
30770.0,30775.0,30772.5,1.185536e-06,5.92768e-06,0
30780.0,30785.0,30782.5,2.395394e-06,1.197697e-05,0
30785.0,30790.0,30787.5,1.17433e-06,5.87165e-06,0
30875.0,30880.0,30877.5,1.177164e-06,5.88582e-06,0
30890.0,30895.0,30892.5,1.204094e-06,6.02047e-06,0
30910.0,30915.0,30912.5,1.204094e-06,6.02047e-06,0
30925.0,30930.0,30927.5,1.197032e-06,5.98516e-06,0
30960.0,30965.0,30962.5,1.204094e-06,6.02047e-06,0
31000.0,31005.0,31002.5,1.202574e-06,6.01287e-06,0
31005.0,31010.0,31007.5,1.202574e-06,6.01287e-06,0
31115.0,31120.0,31117.5,1.177164e-06,5.88582e-06,0
31195.0,31200.0,31197.5,1.185536e-06,5.92768e-06,0
31200.0,31205.0,31202.5,1.202574e-06,6.01287e-06,0
31210.0,31215.0,31212.5,1.197032e-06,5.98516e-06,0
31215.0,31220.0,31217.5,2.379904e-06,1.189952e-05,0
31230.0,31235.0,31232.5,2.40818e-06,1.20409e-05,0
31260.0,31265.0,31262.5,1.204094e-06,6.02047e-06,0
31270.0,31275.0,31272.5,1.19282e-06,5.9641e-06,0
31295.0,31300.0,31297.5,1.188566e-06,5.94283e-06,0
31300.0,31305.0,31302.5,1.17433e-06,5.87165e-06,0
31325.0,31330.0,31327.5,1.204094e-06,6.02047e-06,0
31330.0,31335.0,31332.5,1.188566e-06,5.94283e-06,0
31445.0,31450.0,31447.5,1.17433e-06,5.87165e-06,0
31460.0,31465.0,31462.5,1.19282e-06,5.9641e-06,0
31475.0,31480.0,31477.5,1.204094e-06,6.02047e-06,0
31500.0,31505.0,31502.5,2.406668e-06,1.203334e-05,0
31535.0,31540.0,31537.5,1.19282e-06,5.9641e-06,0
31585.0,31590.0,31587.5,1.202574e-06,6.01287e-06,0
31625.0,31630.0,31627.5,2.38963e-06,1.194815e-05,0
31655.0,31660.0,31657.5,1.204094e-06,6.02047e-06,0
31675.0,31680.0,31677.5,1.204094e-06,6.02047e-06,0
31685.0,31690.0,31687.5,1.188566e-06,5.94283e-06,0
31695.0,31700.0,31697.5,1.204094e-06,6.02047e-06,0
31740.0,31745.0,31742.5,1.204094e-06,6.02047e-06,0
31775.0,31780.0,31777.5,1.17433e-06,5.87165e-06,0
31780.0,31785.0,31782.5,1.197032e-06,5.98516e-06,0
31795.0,31800.0,31797.5,1.19282e-06,5.9641e-06,0
31800.0,31805.0,31802.5,1.19282e-06,5.9641e-06,0
31855.0,31860.0,31857.5,1.204094e-06,6.02047e-06,0
31860.0,31865.0,31862.5,1.19282e-06,5.9641e-06,0
31880.0,31885.0,31882.5,1.182872e-06,5.91436e-06,0
31895.0,31900.0,31897.5,1.185536e-06,5.92768e-06,0
31910.0,31915.0,31912.5,1.17433e-06,5.87165e-06,0
31930.0,31935.0,31932.5,1.197032e-06,5.98516e-06,0
31935.0,31940.0,31937.5,1.188566e-06,5.94283e-06,0
31995.0,32000.0,31997.5,1.17433e-06,5.87165e-06,0
32035.0,32040.0,32037.5,1.188566e-06,5.94283e-06,0
32050.0,32055.0,32052.5,1.204094e-06,6.02047e-06,0
32090.0,32095.0,32092.5,1.17433e-06,5.87165e-06,0
32095.0,32100.0,32097.5,1.17433e-06,5.87165e-06,0
32115.0,32120.0,32117.5,1.182872e-06,5.91436e-06,0
32140.0,32145.0,32142.5,1.188566e-06,5.94283e-06,0
32165.0,32170.0,32167.5,1.202574e-06,6.01287e-06,0
32170.0,32175.0,32172.5,1.17433e-06,5.87165e-06,0
32210.0,32215.0,32212.5,1.19282e-06,5.9641e-06,0
32225.0,32230.0,32227.5,1.177164e-06,5.88582e-06,0
32285.0,32290.0,32287.5,1.19282e-06,5.9641e-06,0
32295.0,32300.0,32297.5,1.19282e-06,5.9641e-06,0
32365.0,32370.0,32367.5,1.188566e-06,5.94283e-06,0
32380.0,32385.0,32382.5,2.39266e-06,1.19633e-05,0
32395.0,32400.0,32397.5,1.188566e-06,5.94283e-06,0
32425.0,32430.0,32427.5,1.188566e-06,5.94283e-06,0
32540.0,32545.0,32542.5,1.188566e-06,5.94283e-06,0
32550.0,32555.0,32552.5,1.204094e-06,6.02047e-06,0
32575.0,32580.0,32577.5,1.185536e-06,5.92768e-06,0
32605.0,32610.0,32607.5,1.185536e-06,5.92768e-06,0
32610.0,32615.0,32612.5,1.188566e-06,5.94283e-06,0
32695.0,32700.0,32697.5,1.204094e-06,6.02047e-06,0
32715.0,32720.0,32717.5,1.182872e-06,5.91436e-06,0
32725.0,32730.0,32727.5,1.182872e-06,5.91436e-06,0
32800.0,32805.0,32802.5,2.375692e-06,1.187846e-05,0
32810.0,32815.0,32812.5,1.17433e-06,5.87165e-06,0
32835.0,32840.0,32837.5,2.351494e-06,1.175747e-05,0
32905.0,32910.0,32907.5,1.204094e-06,6.02047e-06,0
32910.0,32915.0,32912.5,1.17433e-06,5.87165e-06,0
32920.0,32925.0,32922.5,1.17433e-06,5.87165e-06,0
32925.0,32930.0,32927.5,1.185536e-06,5.92768e-06,0
32935.0,32940.0,32937.5,1.19282e-06,5.9641e-06,0
32965.0,32970.0,32967.5,1.17433e-06,5.87165e-06,0
33020.0,33025.0,33022.5,1.188566e-06,5.94283e-06,0
33040.0,33045.0,33042.5,1.204094e-06,6.02047e-06,0
33160.0,33165.0,33162.5,1.204094e-06,6.02047e-06,0
33165.0,33170.0,33167.5,2.39266e-06,1.19633e-05,0
33240.0,33245.0,33242.5,1.177164e-06,5.88582e-06,0
33295.0,33300.0,33297.5,2.39266e-06,1.19633e-05,0
33345.0,33350.0,33347.5,1.177164e-06,5.88582e-06,0
33350.0,33355.0,33352.5,2.362896e-06,1.181448e-05,0
33355.0,33360.0,33357.5,1.17433e-06,5.87165e-06,0
33425.0,33430.0,33427.5,1.188566e-06,5.94283e-06,0
33445.0,33450.0,33447.5,1.204094e-06,6.02047e-06,0
33455.0,33460.0,33457.5,1.17433e-06,5.87165e-06,0
33535.0,33540.0,33537.5,1.17433e-06,5.87165e-06,0
33545.0,33550.0,33547.5,1.188566e-06,5.94283e-06,0
33560.0,33565.0,33562.5,1.202574e-06,6.01287e-06,0
33600.0,33605.0,33602.5,1.204094e-06,6.02047e-06,0
33615.0,33620.0,33617.5,1.204094e-06,6.02047e-06,0
33825.0,33830.0,33827.5,1.185536e-06,5.92768e-06,0
33870.0,33875.0,33872.5,1.17433e-06,5.87165e-06,0
33890.0,33895.0,33892.5,1.204094e-06,6.02047e-06,0
33960.0,33965.0,33962.5,2.37714e-06,1.18857e-05,0
34055.0,34060.0,34057.5,1.17433e-06,5.87165e-06,0
34065.0,34070.0,34067.5,1.188566e-06,5.94283e-06,0
34095.0,34100.0,34097.5,1.17433e-06,5.87165e-06,0
34100.0,34105.0,34102.5,1.204094e-06,6.02047e-06,0
34150.0,34155.0,34152.5,1.17433e-06,5.87165e-06,0
34200.0,34205.0,34202.5,1.188566e-06,5.94283e-06,0
34210.0,34215.0,34212.5,1.204094e-06,6.02047e-06,0
34335.0,34340.0,34337.5,1.188566e-06,5.94283e-06,0
34505.0,34510.0,34507.5,1.182872e-06,5.91436e-06,0
34585.0,34590.0,34587.5,1.188566e-06,5.94283e-06,0
34685.0,34690.0,34687.5,1.197032e-06,5.98516e-06,0
34765.0,34770.0,34767.5,1.17433e-06,5.87165e-06,0
34790.0,34795.0,34792.5,1.182872e-06,5.91436e-06,0
34840.0,34845.0,34842.5,1.177164e-06,5.88582e-06,0
34905.0,34910.0,34907.5,1.204094e-06,6.02047e-06,0
34935.0,34940.0,34937.5,1.19282e-06,5.9641e-06,0
35005.0,35010.0,35007.5,2.39266e-06,1.19633e-05,0
35210.0,35215.0,35212.5,1.204094e-06,6.02047e-06,0
35345.0,35350.0,35347.5,1.182872e-06,5.91436e-06,0
35525.0,35530.0,35527.5,1.197032e-06,5.98516e-06,0
35680.0,35685.0,35682.5,1.204094e-06,6.02047e-06,0
35700.0,35705.0,35702.5,1.185536e-06,5.92768e-06,0
35775.0,35780.0,35777.5,1.204094e-06,6.02047e-06,0
35795.0,35800.0,35797.5,1.17433e-06,5.87165e-06,0
35820.0,35825.0,35822.5,1.182872e-06,5.91436e-06,0
35970.0,35975.0,35972.5,1.182872e-06,5.91436e-06,0
36035.0,36040.0,36037.5,1.202574e-06,6.01287e-06,0
36085.0,36090.0,36087.5,1.202574e-06,6.01287e-06,0
36090.0,36095.0,36092.5,1.17433e-06,5.87165e-06,0
36235.0,36240.0,36237.5,1.197032e-06,5.98516e-06,0
36255.0,36260.0,36257.5,1.204094e-06,6.02047e-06,0
36300.0,36305.0,36302.5,1.185536e-06,5.92768e-06,0
36320.0,36325.0,36322.5,1.204094e-06,6.02047e-06,0
36325.0,36330.0,36327.5,1.204094e-06,6.02047e-06,0
36355.0,36360.0,36357.5,1.204094e-06,6.02047e-06,0
36385.0,36390.0,36387.5,1.204094e-06,6.02047e-06,0
36515.0,36520.0,36517.5,1.17433e-06,5.87165e-06,0
36565.0,36570.0,36567.5,1.197032e-06,5.98516e-06,0
36620.0,36625.0,36622.5,1.17433e-06,5.87165e-06,0
36710.0,36715.0,36712.5,1.188566e-06,5.94283e-06,0
36765.0,36770.0,36767.5,1.188566e-06,5.94283e-06,0
36795.0,36800.0,36797.5,1.182872e-06,5.91436e-06,0
36825.0,36830.0,36827.5,1.204094e-06,6.02047e-06,0
36950.0,36955.0,36952.5,1.17433e-06,5.87165e-06,0
37150.0,37155.0,37152.5,1.204094e-06,6.02047e-06,0
37195.0,37200.0,37197.5,1.204094e-06,6.02047e-06,0
37270.0,37275.0,37272.5,1.17433e-06,5.87165e-06,0
37405.0,37410.0,37407.5,1.204094e-06,6.02047e-06,0
37440.0,37445.0,37442.5,1.185536e-06,5.92768e-06,0
37625.0,37630.0,37627.5,1.185536e-06,5.92768e-06,0
37645.0,37650.0,37647.5,1.19282e-06,5.9641e-06,0
37770.0,37775.0,37772.5,1.188566e-06,5.94283e-06,0
37800.0,37805.0,37802.5,1.185536e-06,5.92768e-06,0
37955.0,37960.0,37957.5,1.19282e-06,5.9641e-06,0
38005.0,38010.0,38007.5,1.17433e-06,5.87165e-06,0
38100.0,38105.0,38102.5,1.182872e-06,5.91436e-06,0
38225.0,38230.0,38227.5,1.188566e-06,5.94283e-06,0
38235.0,38240.0,38237.5,1.202574e-06,6.01287e-06,0
38260.0,38265.0,38262.5,1.17433e-06,5.87165e-06,0
38400.0,38405.0,38402.5,1.17433e-06,5.87165e-06,0
38480.0,38485.0,38482.5,1.204094e-06,6.02047e-06,0
38580.0,38585.0,38582.5,1.17433e-06,5.87165e-06,0
38735.0,38740.0,38737.5,1.19282e-06,5.9641e-06,0
38780.0,38785.0,38782.5,1.17433e-06,5.87165e-06,0
38850.0,38855.0,38852.5,1.202574e-06,6.01287e-06,0
38905.0,38910.0,38907.5,1.188566e-06,5.94283e-06,0
38950.0,38955.0,38952.5,1.185536e-06,5.92768e-06,0
39060.0,39065.0,39062.5,1.17433e-06,5.87165e-06,0
39115.0,39120.0,39117.5,1.197032e-06,5.98516e-06,0
39325.0,39330.0,39327.5,1.204094e-06,6.02047e-06,0
39330.0,39335.0,39332.5,1.19282e-06,5.9641e-06,0
39365.0,39370.0,39367.5,1.188566e-06,5.94283e-06,0
39390.0,39395.0,39392.5,1.204094e-06,6.02047e-06,0
39510.0,39515.0,39512.5,1.204094e-06,6.02047e-06,0
39720.0,39725.0,39722.5,1.204094e-06,6.02047e-06,0
39765.0,39770.0,39767.5,1.204094e-06,6.02047e-06,0
39795.0,39800.0,39797.5,1.204094e-06,6.02047e-06,0
39815.0,39820.0,39817.5,1.188566e-06,5.94283e-06,0
39830.0,39835.0,39832.5,1.185536e-06,5.92768e-06,0
39975.0,39980.0,39977.5,1.188566e-06,5.94283e-06,0
40070.0,40075.0,40072.5,1.185536e-06,5.92768e-06,0
40215.0,40220.0,40217.5,1.17433e-06,5.87165e-06,0
40235.0,40240.0,40237.5,1.177164e-06,5.88582e-06,0
40270.0,40275.0,40272.5,1.177164e-06,5.88582e-06,0
40280.0,40285.0,40282.5,1.188566e-06,5.94283e-06,0
40365.0,40370.0,40367.5,1.204094e-06,6.02047e-06,0
40520.0,40525.0,40522.5,1.185536e-06,5.92768e-06,0
40540.0,40545.0,40542.5,1.17433e-06,5.87165e-06,0
40545.0,40550.0,40547.5,1.204094e-06,6.02047e-06,0
40570.0,40575.0,40572.5,1.188566e-06,5.94283e-06,0
40775.0,40780.0,40777.5,1.177164e-06,5.88582e-06,0
40785.0,40790.0,40787.5,1.204094e-06,6.02047e-06,0
40850.0,40855.0,40852.5,1.182872e-06,5.91436e-06,0
41195.0,41200.0,41197.5,1.204094e-06,6.02047e-06,0
41925.0,41930.0,41927.5,1.204094e-06,6.02047e-06,0
41950.0,41955.0,41952.5,1.204094e-06,6.02047e-06,0
42085.0,42090.0,42087.5,1.204094e-06,6.02047e-06,0
42235.0,42240.0,42237.5,1.204094e-06,6.02047e-06,0
42510.0,42515.0,42512.5,1.204094e-06,6.02047e-06,0
42730.0,42735.0,42732.5,1.17433e-06,5.87165e-06,0
42930.0,42935.0,42932.5,1.188566e-06,5.94283e-06,0
42945.0,42950.0,42947.5,1.204094e-06,6.02047e-06,0
42995.0,43000.0,42997.5,1.182872e-06,5.91436e-06,0
43520.0,43525.0,43522.5,1.202574e-06,6.01287e-06,0
43945.0,43950.0,43947.5,1.19282e-06,5.9641e-06,0
43985.0,43990.0,43987.5,1.188566e-06,5.94283e-06,0
44770.0,44775.0,44772.5,1.19282e-06,5.9641e-06,0
44815.0,44820.0,44817.5,1.177164e-06,5.88582e-06,0
45455.0,45460.0,45457.5,1.19282e-06,5.9641e-06,0
45950.0,45955.0,45952.5,1.204094e-06,6.02047e-06,0
45955.0,45960.0,45957.5,1.204094e-06,6.02047e-06,0
46995.0,47000.0,46997.5,1.17433e-06,5.87165e-06,0
48720.0,48725.0,48722.5,1.177164e-06,5.88582e-06,0
51665.0,51670.0,51667.5,1.204094e-06,6.02047e-06,0
51840.0,51845.0,51842.5,1.17433e-06,5.87165e-06,0
52820.0,52825.0,52822.5,1.17433e-06,5.87165e-06,0
53810.0,53815.0,53812.5,1.17433e-06,5.87165e-06,0
56330.0,56335.0,56332.5,1.17433e-06,5.87165e-06,0
173960.0,173965.0,173962.5,1.17433e-06,5.87165e-06,0
